107.15403746394855 49.306560302800094 0.0
145.23946078026796 48.7403359783614 0.0
99.57599913043708 29.60134485753032 0.0
89.5852936846075 109.13147749900641 0.0
31.84973106443225 195.64389778080965 0.0
92.8958886631994 10.68816011520839 0.0
160.3948605564698 161.02615903496545 0.0
179.0057102544624 153.15580790981343 0.0
194.60475739245027 24.943736303550313 0.0
112.91847594410108 131.62453451837982 0.0
63.61882301034532 57.811857757536856 0.0
104.87963083540312 127.19203707045794 0.0
170.48967413844957 94.30342736575534 0.0
194.25400540182272 178.4403223337377 0.0
15.098986297568938 41.57890645225055 0.0
19.660109032766027 26.749862867103058 0.0
93.9335782771521 20.048117951074794 0.0
86.69517903232963 41.17025268949854 0.0
17.841108811614916 19.8243968289336 0.0
155.71818267222773 97.51160611481167 0.0
28.142613575181063 178.1017497148134 0.0
189.54048131810728 11.516371331677488 0.0
136.9868495070638 61.00613691646466 0.0
24.50689534742758 7.416444124753774 0.0
169.58930855511218 68.0420993734297 0.0
158.33265785482845 140.87586917194957 0.0
44.006492320057575 68.07648463464344 0.0
184.19450904042614 189.26465494291224 0.0
88.35395148139351 22.871177973023073 0.0
42.95705110471986 72.40457456892283 0.0
65.88428993858683 57.49712224704897 0.0
14.048279597067847 173.37315696369424 0.0
55.09925736235084 196.53222102735833 0.0
20.381038771354977 191.6473333239982 0.0
15.077773186439725 0.7660383306359098 0.0
183.84989340300848 179.81355784134036 0.0
155.45961549010897 11.204472458713454 0.0
35.31584487751653 190.26652794014092 0.0
126.03223593901767 35.48797868241249 0.0
156.623962374449 89.76394226824208 0.0
142.62610247718857 96.40710013034442 0.0
112.08199139259696 187.39999141717652 0.0
74.03160921451257 103.01958064488504 0.0
112.96069796107855 165.50573026223302 0.0
28.908571663349836 1.9433877893239249 0.0
150.95954277200698 3.1795805429812196 0.0
102.16704909759125 119.72050144444391 0.0
135.21411508166824 138.59677741743644 0.0
67.05603812411441 16.716560580057795 0.0
72.30454685562744 28.941623721044518 0.0
132.20444766873422 38.84170585054492 0.0
139.85695970550867 135.75198766597282 0.0
22.11659117838185 75.44841427920987 0.0
21.712781274407035 188.66052766528358 0.0
185.1320887783621 10.082258022531088 0.0
96.27361712281693 161.9627128231228 0.0
84.61815346435218 185.33202941641687 0.0
199.5121357964514 136.13676545316787 0.0
87.16975767667626 93.84578434206503 0.0
120.27226465276387 110.3861632696495 0.0
25.851242485248882 54.64983132860739 0.0
127.86484257971806 82.4705287779167 0.0
87.02052484823146 37.227917825346445 0.0
80.59752732236365 118.53609361306205 0.0
46.03507008533112 55.388207276849144 0.0
18.76085347022476 98.35225347978442 0.0
60.14644302670946 68.76593412645191 0.0
6.724833209650272 140.30599215187397 0.0
16.14817301059246 101.87997892644121 0.0
156.18354204021432 185.70130268731097 0.0
25.849426912742814 118.98185247306891 0.0
36.21780894077082 53.35606033637885 0.0
64.20483401871269 77.50594876975632 0.0
55.72903695576456 63.184039000294476 0.0
152.93855904060658 123.75023091747073 0.0
89.92987478151602 71.39520061918445 0.0
106.75859845136952 91.48677259895011 0.0
14.960422482815039 60.14254769362226 0.0
79.76507194511773 117.52195457597811 0.0
113.331324678622 80.88928249775076 0.0
176.41403397476694 97.7964228016419 0.0
117.77803076471227 163.46524088360047 0.0
24.406251564675507 73.43517322406434 0.0
172.24319523262758 171.72690961252098 0.0
46.128084595087394 58.22848117563923 0.0
6.087143636632231 111.9306299678929 0.0
10.779525442828275 97.34474801511095 0.0
141.25904951519567 81.37397707440093 0.0
101.08219794716288 81.64651560499776 0.0
182.0442436733626 82.5554620080382 0.0
186.46796129279022 32.80138604171212 0.0
173.13605570860554 122.04823145436272 0.0
58.90653374970458 21.44976886267549 0.0
54.16317842940328 163.47851779646922 0.0
58.038458858802876 184.01171670929054 0.0
187.43654459485327 10.445121118812107 0.0
189.03742795503766 63.28547199660215 0.0
190.56242078123563 57.91132539153212 0.0
119.63386212888128 113.81060039963194 0.0
66.70126642964208 69.54614487314717 0.0
131.98946071981655 85.03894052896499 0.0
92.63469545340257 113.68695722232664 0.0
0.620228639239806 123.67688018073359 0.0
98.4357055722861 122.0409761663348 0.0
69.32327739269266 21.132797217969966 0.0
52.42020679231467 22.938300147432166 0.0
108.07056190109188 72.82384468883194 0.0
51.19054972717121 44.8946170125323 0.0
45.0904942541331 113.16649302292501 0.0
106.96474830023767 186.43690249434755 0.0
189.86618557558987 43.395650191907656 0.0
123.01773028232516 4.590806728516483 0.0
89.53689333865846 178.9274238283045 0.0
152.9439155823303 187.12375021080675 0.0
94.1970609572512 8.80093270763087 0.0
50.58313209085674 42.582967955153684 0.0
45.84515015784716 81.80487864263483 0.0
134.83468682791167 67.3631968542036 0.0
51.24226364453983 112.21490735887618 0.0
117.21734298721655 130.48389569016382 0.0
50.69839849215474 32.63808255518932 0.0
69.915599929407 154.45124606832738 0.0
52.81192244806525 12.28115156709948 0.0
48.18560545903247 64.52549415215351 0.0
69.44581497513416 6.029535893661775 0.0
123.37681867235747 28.909520052119795 0.0
155.73178724123625 3.0443469149647795 0.0
31.458279671710887 18.819771673519515 0.0
136.6515201875255 3.1549829012645914 0.0
196.82130070866597 80.09610819930597 0.0
184.75175413580556 65.1452433337382 0.0
152.26303242062153 26.952340327669244 0.0
2.8080311388649637 143.10115922235627 0.0
143.43832547379282 143.66455341768838 0.0
160.759554920278 55.30905935207653 0.0
179.70001501445722 111.43970946431403 0.0
137.9954918186238 14.762688767947306 0.0
173.13063201297737 165.40223140171724 0.0
30.08087506862498 91.15860739370135 0.0
93.70129383841797 30.58159750653944 0.0
93.26799567068183 171.32923007635782 0.0
60.876435308011764 85.97940569910001 0.0
120.64714749041323 38.383365311166926 0.0
190.61574146651446 62.23948412818348 0.0
70.54816855861719 99.39428595374251 0.0
21.6075397772042 191.14012890844506 0.0
0.8122788792100932 57.2957667519355 0.0
55.70069528500823 94.0727091216137 0.0
1.811327565733234 44.716786940569975 0.0
164.88483195110342 21.86631904230163 0.0
66.59952453793443 15.805921113155286 0.0
140.8015900061669 139.76334454478192 0.0
88.34042443043944 126.66677745215272 0.0
92.65236056580856 189.0462424873523 0.0
33.159829632776884 25.846084855186735 0.0
135.50081888028762 50.76106152102897 0.0
0.8330606487007008 23.386450739881592 0.0
53.35132332933945 87.17858507462375 0.0
156.22281848168748 10.276039795976178 0.0
170.0171179020187 43.079276395046826 0.0
191.14177559359192 159.6977318811594 0.0
115.67510750813021 151.64349915366512 0.0
59.321709595919046 57.30071952783169 0.0
138.1366399020809 108.67384977253501 0.0
16.4289200156456 179.78771305921498 0.0
75.24675872341781 154.07172026670867 0.0
92.57342301724331 169.43127385137095 0.0
78.45704411285708 30.935487546391194 0.0
26.51728200135899 136.70317461346403 0.0
57.50000275284697 80.34312194525184 0.0
198.7951084954964 64.0208393525066 0.0
2.2258440948740743 173.82722621545003 0.0
15.217823947148057 80.68543502683694 0.0
30.045193236946254 185.74590802332068 0.0
112.73832081593514 132.4062820131605 0.0
6.054204012078146 64.19815010849392 0.0
86.41566633367638 178.37676482085573 0.0
87.80128773405558 71.82768134975126 0.0
169.22217661930517 114.68710100541817 0.0
157.7874812772245 36.80464384339535 0.0
35.69564854564011 144.9296566987125 0.0
24.175301019281868 79.46968217106377 0.0
45.94663408748425 97.17287727898803 0.0
93.81379645236558 61.57040064980428 0.0
198.28870235971675 21.0501675356223 0.0
151.57024717397965 142.71540079459615 0.0
16.767228347484675 89.53033539227184 0.0
116.0917809042628 122.6164794544277 0.0
164.12023572542438 177.00659624449568 0.0
184.50305065377196 97.8848533331232 0.0
141.21247102190415 88.66140964749074 0.0
27.17886505609286 168.59258516371503 0.0
10.741862299379612 75.63472652724963 0.0
48.613501956601525 92.50572067027944 0.0
66.02517674315138 186.34352454120457 0.0
191.54126816608616 103.84091421682776 0.0
154.9276460454937 176.37092983224065 0.0
128.8456114189574 188.59268564161172 0.0
164.50898019383192 127.66330922731596 0.0
161.42700628086902 139.92374133382432 0.0
