140.83852404461052 163.8072570804811 0.0
62.35134904994866 53.04270668238096 0.0
5.137826324493888 129.35644756721229 0.0
37.93069008123633 2.3563514972102517 0.0
7.478349047069499 8.635332933360385 0.0
10.221836351835822 180.43550852345044 0.0
191.28890663157483 8.286835615131526 0.0
129.11622704020905 96.26958288315541 0.0
6.4948923915795875 129.16556953596913 0.0
8.840737778962193 187.43550168241936 0.0
22.745705498791047 4.978432096360441 0.0
92.72142401739669 2.9084297071608756 0.0
107.47774920857269 127.6617254649117 0.0
70.6886595348334 141.78927616011455 0.0
122.21264055622119 169.58387448954988 0.0
137.00541256691378 186.65137034600434 0.0
78.9668184966057 102.70191298341975 0.0
129.8018869773903 50.87278534138851 0.0
168.3754027806964 36.08897294563385 0.0
129.35136390593513 71.2348019914605 0.0
122.10957019199743 145.7890890769177 0.0
108.62360769243399 20.23110689186889 0.0
4.39342348645444 154.74467308042117 0.0
127.50374100729078 186.94637620916305 0.0
140.90278014806285 135.58109618457962 0.0
141.1661970170551 181.02690928854778 0.0
88.0549380030682 155.32180997745382 0.0
153.44466080154564 151.18015358872654 0.0
121.67499374579545 58.64665090507377 0.0
187.64076880665397 77.8038555556649 0.0
81.25090415479657 95.09483747513492 0.0
170.06568290350543 98.75982433027359 0.0
144.46596172151368 135.65341743931018 0.0
125.71026352953871 57.97120036425491 0.0
26.424016519169967 95.4608337862453 0.0
70.79126751734208 28.43625427849883 0.0
198.95927466065203 81.89447315130435 0.0
53.52231075535854 54.41582845809179 0.0
7.649058187681512 121.09999583605808 0.0
142.31013995912502 181.96555109535018 0.0
27.624527660063137 81.05941178844982 0.0
189.67816047310083 2.6479860940510136 0.0
44.00087719999581 5.583889094498962 0.0
110.5708089213004 22.174036742329626 0.0
68.7251358097672 101.15630978592498 0.0
5.293871131077776 183.88694004857757 0.0
12.86616529955289 77.33772340309064 0.0
130.1974893289495 26.4161823826949 0.0
21.848169249418348 31.49083844943077 0.0
73.3100324433536 35.49285313118426 0.0
50.855390256972875 189.8628306750458 0.0
127.48271118503929 161.8319380681634 0.0
8.612419347507183 169.6087250892426 0.0
170.2062868509602 20.15108542469315 0.0
129.9710221562356 10.12571778725928 0.0
157.11280415973553 158.80959229655485 0.0
151.21088445451886 37.107898053837204 0.0
15.276881488752636 195.21518188093935 0.0
156.68840041969244 69.01980646757033 0.0
82.78257657389389 149.06046118463897 0.0
41.44402833909724 153.22644274015565 0.0
82.62350709567161 173.61481062594595 0.0
191.60541623955544 127.80622604546575 0.0
141.85537108121983 84.71163025947544 0.0
22.89999528808608 45.11274078166636 0.0
171.02166018961287 17.734893231779637 0.0
37.3173258994824 64.4398260038906 0.0
4.224814209095551 4.82302328053934 0.0
58.9380470626468 23.683962704656803 0.0
66.81680133594794 57.67217491781882 0.0
92.17285922309031 133.6867131055766 0.0
185.53444057244906 65.73504940812447 0.0
9.131460825620286 103.97919237660204 0.0
85.00655924194082 75.27548338922416 0.0
17.567999727776318 104.93953814608352 0.0
124.91151339101253 101.6530301146286 0.0
186.8261666433771 98.91343251319333 0.0
123.66518943111262 145.37591682476287 0.0
16.433536645685965 31.63678197266744 0.0
87.37122063422807 131.8747271896706 0.0
120.47137112790436 165.33873827543627 0.0
116.86659534432702 75.61327081653744 0.0
170.5727668803238 56.19229413337719 0.0
101.04756395380001 81.06718664668828 0.0
91.3783519450581 131.31874163444672 0.0
21.262128072228826 36.26483599529351 0.0
134.50553497749686 104.34135614723456 0.0
189.40713611942948 28.999117063954927 0.0
70.56377257274168 183.52277032198702 0.0
121.4694084908161 21.482946179315277 0.0
133.4748416575909 172.80945272444274 0.0
8.602051963665636 156.13511998567554 0.0
127.33372438668069 143.64589706005987 0.0
89.42845804023511 33.3474341125569 0.0
63.27232968727499 164.21010488386398 0.0
50.11832838918975 1.4979536631976265 0.0
32.26467409420106 12.761061792841755 0.0
82.88133870521148 130.13930757479315 0.0
139.5388701870539 73.07790806357657 0.0
18.875869665989686 99.20515819281061 0.0
27.237739660518656 112.50962496601574 0.0
18.131592907554996 130.24181932071517 0.0
194.19647917661004 176.9431038397779 0.0
46.93641168626941 110.08620097842685 0.0
185.18233416714753 2.036507987829239 0.0
2.239727082518761 13.075292804586148 0.0
166.66782470725653 136.35389838530105 0.0
52.975600776060936 14.786457164573008 0.0
32.18559925681912 199.57623570357043 0.0
159.81095067329642 108.47183095378337 0.0
187.53961547820467 157.75277432662554 0.0
7.675469834299964 184.764268904604 0.0
154.62379724462176 187.5961100334782 0.0
139.53148733112707 15.896250576331838 0.0
102.32605230981287 23.11307022541009 0.0
115.19363491982824 197.58729529155568 0.0
163.97189728523819 30.402741688927804 0.0
35.60964770355073 44.9194456616782 0.0
132.98865274202984 40.24204901145443 0.0
170.86530965419493 112.93446089154193 0.0
41.947678157950754 183.11822425120457 0.0
109.27793738491592 18.35044914411985 0.0
24.86865248294119 17.656745984395172 0.0
5.294572319428914 175.70967745420887 0.0
138.6465279249951 120.93220285968118 0.0
145.512450506443 129.43341575964774 0.0
76.68827460412182 17.938792379068435 0.0
174.9909636471444 162.67368101282307 0.0
146.32319894993927 67.53603089662748 0.0
130.1258240300619 194.51584473945007 0.0
101.27706275712389 93.47450064149652 0.0
109.70781590548174 39.00014553746125 0.0
21.476846053164998 151.64535185208737 0.0
182.38993616810123 92.59416513305487 0.0
14.679621461865967 58.48647744588842 0.0
176.63843449361238 41.16239002190407 0.0
77.89545876963166 170.5172744240782 0.0
128.3446731668801 33.143108302603274 0.0
1.3008926860280434 1.2629507618314717 0.0
171.62647453578214 152.55688040083714 0.0
123.31608552145809 189.36844972533987 0.0
149.94896426755722 143.6349263062384 0.0
52.745307295870056 90.49112319566414 0.0
197.54671266077543 188.2698089052909 0.0
162.35698004201174 55.60025888502502 0.0
195.2303450072944 118.15488220221795 0.0
128.00604341558997 79.60079304950303 0.0
140.0124804628524 155.39300738721874 0.0
38.37800378904712 156.73740352528046 0.0
84.5893425514056 118.51913208649592 0.0
32.660600635537705 163.02444356320538 0.0
0.5660149643388568 5.295377383365385 0.0
36.925487699273596 0.9860820691361516 0.0
98.41483742130394 169.3013101564407 0.0
164.7290279046447 88.28012373912716 0.0
197.5079642637137 144.25619626733683 0.0
123.41779910504258 49.31811141487841 0.0
81.1667742850716 138.17406327330502 0.0
124.85091718983784 77.78329588298321 0.0
194.5222962387938 118.86644798735321 0.0
137.72793190447587 77.98711285832968 0.0
147.0823597841882 42.97178224112168 0.0
38.437588654648636 164.29396879032154 0.0
67.25288276153182 142.6044826042998 0.0
118.3192629877128 0.383102426702453 0.0
122.66205896848182 76.88074498220234 0.0
87.45553324618673 193.9053289648216 0.0
67.98798494228429 179.99225594556884 0.0
178.59080046117887 127.13172520485519 0.0
111.09164901224351 193.16298588213837 0.0
199.49752801187577 0.4800979008447337 0.0
98.60889844902118 154.7383537515287 0.0
8.088184391726227 93.34435907867658 0.0
13.756512143467114 140.8200811525073 0.0
91.79755411011354 105.44093063445916 0.0
51.95900975130856 98.27411868533747 0.0
121.23661511082113 131.92531406538114 0.0
94.00452331670348 92.60313915220956 0.0
117.84581809731374 146.82105230292925 0.0
31.7895059432572 105.08906819165998 0.0
26.25202791515764 21.8424673943834 0.0
118.31366240742602 56.77524064993571 0.0
14.260139075825439 91.48139278259477 0.0
111.43802624817243 11.271884322103753 0.0
136.88673837770403 90.26748749284393 0.0
60.02071390897794 114.0325360123021 0.0
95.56992330903364 134.40047425965884 0.0
141.39640994224712 162.6632365286213 0.0
99.66581303056844 97.49195276688374 0.0
0.7672032815071672 170.99032327630962 0.0
94.5689724968594 38.94332819508737 0.0
165.92393757850937 89.0266455270047 0.0
59.270400064502724 83.52558836801813 0.0
114.81891356244995 171.6402917389216 0.0
95.89342331388507 122.01562352244892 0.0
58.86215021290961 150.64367456369467 0.0
34.72430013840562 105.28289852359983 0.0
71.41515970017547 158.18522372997694 0.0
60.48098542716907 138.00934959512315 0.0
38.80764202364233 73.73969046070002 0.0
29.039986611669644 43.26441315047427 0.0
40.304100145359214 22.65737645413781 0.0
88.56783967096835 165.44619846880383 0.0
173.7989721203479 141.1464464991791 0.0
144.9803746642425 106.6388188800565 0.0
135.62034809831624 40.72679931518475 0.0
18.87932336229836 50.22500344676948 0.0
35.67401791860028 54.60771312520221 0.0
29.592553087596052 115.63220662507759 0.0
183.26109489163682 129.10587268335166 0.0
11.670745063038556 9.37937996396412 0.0
114.25396505015762 135.13423088998792 0.0
20.16972605740912 90.1307430691124 0.0
146.91705111972303 17.956250503323833 0.0
13.274558590525775 49.25192424724458 0.0
51.510212971014326 177.8142518412676 0.0
14.29764572638259 123.40289241089314 0.0
197.91438372189768 179.70450909486846 0.0
49.81009106084788 101.99112029818565 0.0
5.870443391795654 127.48587076238162 0.0
136.64174569509026 169.84760452299668 0.0
64.02397102196227 5.672757559411212 0.0
147.71217844641754 34.277276363128564 0.0
106.82010238032711 191.67741992634154 0.0
125.13128749172253 25.674558604006627 0.0
142.39417330238402 171.93040038581896 0.0
128.73482445588428 132.18370849208927 0.0
9.955544751035994 57.22221965854539 0.0
9.196674984329366 31.422841230836298 0.0
111.76340664331843 185.77338366462394 0.0
177.0862943324937 116.07941933552269 0.0
12.645072219507657 126.95384065620688 0.0
102.71629803025222 75.22420004437677 0.0
29.10871909476349 154.23709315220893 0.0
126.3517221260485 189.47955087531975 0.0
40.45414522929238 142.8882284727143 0.0
184.32904091484156 125.71724452457602 0.0
145.886697145187 66.04921920290985 0.0
63.859623663070984 75.74982496636295 0.0
64.4910073798661 12.29885952602503 0.0
187.7688153940334 173.51870379567472 0.0
129.02286728225266 128.42881194485267 0.0
100.14847870694045 46.57123697397205 0.0
159.82895914947326 103.0912537073372 0.0
174.87728518532026 110.15810248689168 0.0
21.80591315840561 150.137762741327 0.0
1.1896866157538932 196.07126853762992 0.0
65.1615511341937 124.88300251833193 0.0
13.951071686232087 123.38207634799396 0.0
129.84289550868496 12.19099044780867 0.0
31.023075380961075 64.52783259225588 0.0
153.8469290266135 162.19565718473683 0.0
36.07968972124942 37.73452622238702 0.0
67.23179682363995 117.63156701631831 0.0
2.461302627192774 165.55223604892615 0.0
176.49759906532523 76.16466994717538 0.0
192.13043306080638 79.31893787540483 0.0
48.107555572975635 161.77703562525411 0.0
183.51934782784315 20.657413499443923 0.0
185.27184170828977 141.17363015904039 0.0
83.03652556853163 193.649076711248 0.0
158.71794327524327 14.343151416037102 0.0
157.22530765695458 155.1176115484143 0.0
100.02305269209744 32.819106111529315 0.0
86.04468768492646 95.49427013730866 0.0
195.1854089760661 154.85134420830715 0.0
182.468853174391 159.0258888959354 0.0
26.463219858651343 133.61226418012276 0.0
49.57847731699652 79.62563115059366 0.0
102.11126082149275 152.7260990023372 0.0
53.54349668985474 167.45558644258708 0.0
86.49683130258792 172.8235926039206 0.0
79.37357123331327 71.36937182999186 0.0
97.17836144303334 133.48856109098435 0.0
106.03896292773962 163.63203866251303 0.0
170.88143663200253 66.87690000200091 0.0
188.5412789787959 45.87349027363929 0.0
16.90862488458398 22.452509435781344 0.0
66.73989131453007 159.02084293893398 0.0
74.37111070219564 76.6989084876362 0.0
34.21654630577387 194.9941242063918 0.0
68.73151413953661 7.329119868428369 0.0
95.18719232294515 154.23881058639327 0.0
123.49909376907145 48.43067853975689 0.0
13.446637317607934 70.70773409725297 0.0
24.519858320718015 111.14658875659838 0.0
14.558166975363363 34.69398032906488 0.0
57.15583208993045 153.90704393146527 0.0
40.97684917897795 183.95546116583094 0.0
140.74919598203576 16.89098952148427 0.0
179.52181227850764 4.860867133256552 0.0
170.11866460608164 197.31041755462803 0.0
181.58938451412183 187.82583652871799 0.0
140.43689357901755 135.2745652663361 0.0
78.72540232041689 15.097188582640397 0.0
179.68944977047337 4.405136009537736 0.0
159.6517606791085 23.98211682940765 0.0
42.017297741185565 157.03770026331347 0.0
19.5687007464576 84.90839219607057 0.0
125.59634090186562 60.75863674344559 0.0
18.5308884800091 61.24053138112067 0.0
70.30920759635538 181.19084061312708 0.0
92.92202994596914 76.56615286083075 0.0
63.31594303398165 15.355684780788259 0.0
52.52915034921819 105.20560440744546 0.0
134.73182896225308 160.60261129514316 0.0
65.44441110526502 122.98713546896518 0.0
160.97218928126452 116.01192643763365 0.0
183.9987074093363 7.868913406086353 0.0
9.925545819372616 56.34035968928921 0.0
97.15807347427318 163.7782560045287 0.0
59.96805495073514 92.99300941490995 0.0
8.290253678156656 56.07744573050939 0.0
3.9337319752275057 142.16941600080233 0.0
31.935548492654075 93.35471083743563 0.0
9.506511496569804 57.24551537050482 0.0
179.19250793892903 167.77782053746307 0.0
149.10182061474535 150.61726937671986 0.0
58.55561285000866 75.03698213976892 0.0
135.15680725445665 29.645954795611207 0.0
57.518692821881025 174.9426737957313 0.0
0.849948524275268 2.0089426945734568 0.0
189.98434529984692 25.033141334293795 0.0
51.62247556223185 167.67409860761356 0.0
195.49620668455177 122.08540942910201 0.0
179.47533158919552 107.87981398601805 0.0
58.537497226936374 120.21260335674032 0.0
79.86723021954494 5.916841150594387 0.0
79.61578403051759 159.26956213484502 0.0
40.14073752642335 90.17212724272132 0.0
174.580508842926 33.577675993341586 0.0
178.75499839132664 76.80891818958638 0.0
4.596390287200047 58.51905690706927 0.0
106.20518711984049 7.621456958522921 0.0
46.42232779649773 51.33909432809469 0.0
151.36040140953583 128.01667011930223 0.0
1.1220587654846792 32.535606335904376 0.0
151.0532335286587 30.73931998135675 0.0
9.059339721199411 75.50181154554099 0.0
136.10586056227007 2.871106918241928 0.0
190.00697969683418 184.62944875548996 0.0
63.578997130338855 156.79829886672564 0.0
59.425664364758866 165.86730913922307 0.0
42.88165769622485 100.25658278808278 0.0
185.44504172004378 168.7697621890336 0.0
82.48125629425599 6.225782389371037 0.0
45.806038906182025 125.35861581522842 0.0
44.305093448916026 180.36124015170452 0.0
20.000116341812692 88.66093183194666 0.0
34.525814761090714 191.81270081597143 0.0
9.067519752692931 82.57440095898917 0.0
82.27512509071472 132.6955562817285 0.0
113.99329021362803 114.7509419463254 0.0
61.9313968503083 2.14344653213141 0.0
123.36633618152761 75.4782529785936 0.0
199.97860146113447 172.78519246605885 0.0
61.94334916018005 148.07815484440613 0.0
174.0353373643051 190.6531952038383 0.0
133.98604814248506 90.12950988289515 0.0
159.50446058814342 183.94438212475657 0.0
58.716687509366736 109.86273144298386 0.0
8.395304000538228 111.71896260791105 0.0
39.96331923450598 58.36180754197065 0.0
55.22204174761172 170.53619934576582 0.0
38.04300775386713 85.74890689259136 0.0
36.48331466987065 95.19060188080624 0.0
19.157539128568636 168.3156697748467 0.0
83.07984923946026 39.125838455579334 0.0
46.052943861206664 3.604398115170193 0.0
99.12826816093722 0.7679436999709521 0.0
43.420536414715016 91.73131316262571 0.0
75.98094794982796 173.93321181969063 0.0
22.493903226835954 173.78322976972038 0.0
6.863275880738251 143.63044656976422 0.0
81.52263849723873 181.90799222204703 0.0
65.39126986129472 122.99116487204218 0.0
12.28041704933891 70.75811391862868 0.0
190.33402950254356 32.72548373021515 0.0
37.49134186758909 146.23606528819568 0.0
179.33710843802447 161.41544420496317 0.0
80.03519726474404 185.02879359380003 0.0
35.92444307748119 13.121596607736175 0.0
22.018803185423486 147.20808736988369 0.0
36.947986170551125 148.19276987287026 0.0
50.27713468475801 24.21244232192523 0.0
191.75584169379727 153.8329352033748 0.0
4.5944785723556425 135.81515652001698 0.0
49.70120051927689 142.89322373714708 0.0
45.912581017159425 192.22249553533817 0.0
179.21593076981256 172.52114232203292 0.0
144.01903959244504 71.23474100831832 0.0
89.52429463616735 98.71317536537335 0.0
47.686049575391486 125.44207298302095 0.0
95.1737897523558 38.48092140974653 0.0
144.95594845827173 130.7162868544087 0.0
33.911652305468266 198.25506907102834 0.0
147.24667884570778 114.79832187461088 0.0
40.0371794409961 145.31554937280296 0.0
38.17685520931258 63.57082555803759 0.0
148.21153947885023 48.45022953184681 0.0
16.486619050883732 92.64382646092253 0.0
156.8083485953256 194.7085994777628 0.0
32.15708466252172 93.17081154900677 0.0
115.23978141499371 1.0310200037643158 0.0
165.80770823059007 113.35146891813513 0.0
16.29465735782103 182.69805374977685 0.0
133.67749956146955 20.866494130196678 0.0
172.37636054611733 114.95855378199803 0.0
13.972551783840936 106.52885892695207 0.0
133.63020463965137 129.85918768743903 0.0
85.08891682685949 35.72502810426597 0.0
66.30117027506168 127.21221395004551 0.0
42.196385404657846 131.75868850167703 0.0
51.264778492076516 46.802297933088475 0.0
15.895421449305358 183.99859060453068 0.0
185.52518747368993 48.34725806406925 0.0
155.13586068833675 13.77117565411272 0.0
73.5763121404561 76.3917257522595 0.0
56.312741516144094 102.22774259326405 0.0
80.87328845540436 49.22671661985048 0.0
21.4310841656268 86.9549161943239 0.0
188.2631214901449 4.092224609450956 0.0
10.457994640495304 67.88632489966524 0.0
34.074996524514425 155.3338902619857 0.0
16.45713099859516 28.112356427002716 0.0
159.672218540004 177.84909340147524 0.0
36.82700355701336 71.47406020551263 0.0
184.61937544444248 115.07161136914215 0.0
39.94124339608041 6.366127069323646 0.0
29.2198438924691 128.90821453264144 0.0
133.71548668219526 63.963200024581866 0.0
175.03031967459958 58.45463606980674 0.0
131.1020646226115 29.122542046109402 0.0
108.06061561391726 34.98228577269846 0.0
77.24034971589617 183.50541639605103 0.0
124.71855853593046 12.601309970602625 0.0
53.967030741843814 12.998435432969302 0.0
197.16137653951287 17.169499820734014 0.0
109.61728126390351 15.30518644088903 0.0
192.5664865741599 190.43079169522153 0.0
75.52427245850521 158.6176655352063 0.0
19.9361626082476 112.03092028281942 0.0
125.35101415878846 188.56592165551413 0.0
38.40224009875281 18.9721458991674 0.0
9.365234136522371 58.18346980396638 0.0
102.59837581247223 10.232779674390668 0.0
152.99434966064152 64.41513926555113 0.0
143.51912471603916 123.69144531709608 0.0
47.47427444046952 14.732956364059158 0.0
187.38655603542773 103.16000328945158 0.0
180.13238519106469 118.71485449828366 0.0
0.39672293743278075 135.2432158596882 0.0
152.82145418789383 101.97998291014886 0.0
113.81989645583515 28.90712941329321 0.0
19.247972746569996 73.66348364604931 0.0
31.779925261994645 35.05244627322641 0.0
35.41482503349087 143.6526565916804 0.0
153.13982377736158 159.05296101325388 0.0
162.12486801626605 82.09550383440032 0.0
149.27208715439892 6.1334263433570735 0.0
184.46846480582036 41.23170713335562 0.0
31.093846076550257 117.62513279525903 0.0
20.444691227297994 118.3851250946062 0.0
111.59863429370722 5.551612804465167 0.0
79.34241367511052 128.99601300512455 0.0
124.21791949157488 73.66089448799464 0.0
0.23397347840770077 179.86019830257888 0.0
92.69729914249965 124.9348629320649 0.0
151.91091343503368 85.28147179374533 0.0
164.7736602250436 198.77029275233696 0.0
107.81757200773644 152.63263395530728 0.0
119.79130078095517 55.44017984533849 0.0
123.015060863634 178.85952588231615 0.0
39.49650556171746 131.10810175172466 0.0
34.93466110001155 45.75159558001629 0.0
91.60162274322357 23.582337809431266 0.0
185.65621039106514 79.34155694157555 0.0
117.31125319238033 137.16064454796077 0.0
120.67362231237458 147.585663770983 0.0
136.85478871753284 14.33050623266241 0.0
157.586348798027 110.5154141457735 0.0
191.17104231159058 112.75384492731757 0.0
37.881943866444765 108.34026892189598 0.0
123.24221783168423 147.87924213837508 0.0
175.9516862754758 75.52031196865221 0.0
169.176201310203 14.688680133637932 0.0
101.70756166435189 2.6166318620580498 0.0
176.9875340534045 126.50002494088137 0.0
156.64571488170452 32.766369922919395 0.0
100.12908066468702 164.41037262319065 0.0
147.92772644435829 75.9184553300214 0.0
123.17802318591721 117.87960942791118 0.0
91.02800405934019 51.50501668770784 0.0
168.68118706565383 115.11747194646347 0.0
178.7217594983466 129.01262486446535 0.0
7.0165181108866825 91.35145869587076 0.0
102.66496189661368 25.956532477520412 0.0
145.22885510679166 23.71717530246378 0.0
23.54389918596651 144.05014267439668 0.0
106.14989830851553 73.42646588509467 0.0
