177.2782661297337 106.44997742132279 0.0
168.06213212412646 44.49560646654294 0.0
141.34760868705888 140.20277094457697 0.0
113.04343812160691 79.51011090681004 0.0
133.64794950408904 42.61212187398353 0.0
94.21078173656655 80.54158749940885 0.0
29.080810333866026 145.89448082736536 0.0
177.0447497016614 53.30808568382128 0.0
3.5869467035654523 146.7626494548789 0.0
176.57697511109706 70.70556596950746 0.0
197.7875833202043 47.77794207132049 0.0
198.45681585921432 153.06398456399947 0.0
36.9551557100547 16.917009832361597 0.0
21.94636102658325 87.29975252412876 0.0
109.80994897800853 118.09367198039493 0.0
178.21894605821907 29.990204451853142 0.0
199.45925659813582 101.5092038217788 0.0
71.28178839433679 103.65348557424797 0.0
6.866008514655353 185.08705480868844 0.0
139.03855105717594 166.02521690974686 0.0
110.55419980046837 6.880979308662516 0.0
58.45307344455337 108.88086584599806 0.0
165.8286323883248 83.22829143358578 0.0
161.4707262168651 25.96084578980895 0.0
62.60692489359161 168.55278513700037 0.0
147.29923215899012 178.81295945599675 0.0
133.03199629217468 80.1046635243032 0.0
51.846010485703985 84.87469646271606 0.0
128.35351171982802 24.55768338130042 0.0
66.5545505701413 53.87579023207467 0.0
169.13718530706512 43.266424755795626 0.0
186.57751077123237 106.64902777288698 0.0
13.68104091185318 79.11954335574525 0.0
12.16960701202392 24.695408311118495 0.0
186.58812727064668 160.30756977815835 0.0
127.37868645941764 99.35729302956828 0.0
162.76543865132012 94.95668052624566 0.0
136.55861149225126 176.21120954197585 0.0
111.68913801731037 75.46268471299886 0.0
51.92302998388425 23.299612851138395 0.0
72.59649183101773 102.49225026764432 0.0
94.30424034549907 91.07886574082585 0.0
53.335236718800935 156.00120886306635 0.0
94.47688009222999 177.46841660292498 0.0
23.921348685085707 164.2526505289632 0.0
163.851249381656 163.14400903452346 0.0
110.4266227584684 51.700253292086494 0.0
141.03663798420413 40.22552269644337 0.0
85.6376985073468 82.7351286100032 0.0
114.72010180329156 121.76798116548973 0.0
99.99842319512706 160.67733427329463 0.0
73.50163041949142 189.97186617814438 0.0
99.66794701239459 90.02589826625511 0.0
39.77186877375895 17.786905732597003 0.0
138.09703817450395 64.86417471419625 0.0
107.41385867743747 181.59118708894667 0.0
3.3455586077557387 7.449981716938825 0.0
22.05565828207621 171.8852735422157 0.0
55.434334905277694 48.40292112523483 0.0
117.79589981820173 104.44887461159678 0.0
96.34488660211392 13.534057441156389 0.0
155.76978697253477 36.16535119793607 0.0
79.85091771990875 62.24590986838579 0.0
97.61819763755778 197.72723429353297 0.0
109.18568198942307 8.563532807324247 0.0
90.86800869970817 169.69364333626632 0.0
67.61969950528908 148.24034664463488 0.0
143.42699933401377 148.87844339775302 0.0
180.34359140308482 14.015088148199272 0.0
120.84197722390675 178.805642640899 0.0
15.621113782120633 185.97909703135244 0.0
12.664191671750146 150.97643633738767 0.0
98.99783338990163 95.14602308537303 0.0
83.21125233740257 122.95013529574943 0.0
36.42109288027044 75.69879556632895 0.0
147.21027030630614 44.74892713195238 0.0
20.44734720670307 145.02149227312412 0.0
192.25206110914158 136.8543183611002 0.0
28.283179801218683 120.50662467144429 0.0
107.68172436871808 121.07091365899052 0.0
111.22664948295639 118.26108504514094 0.0
173.4960952260605 69.79094457899149 0.0
122.14595136891091 21.21692173890395 0.0
13.014026761673158 9.700824445480949 0.0
30.952640798194842 152.7858018613336 0.0
119.53055760884197 192.72879430555813 0.0
37.59702340258373 147.07890457825326 0.0
29.861576338375894 130.04058273726585 0.0
7.933613908851989 67.84682690395165 0.0
136.63073480987677 74.14768262587333 0.0
129.8748766076356 195.67677636511584 0.0
6.345724303161182 29.700881211206088 0.0
115.57174888670315 176.6172883010251 0.0
101.7563635055633 175.2992551553995 0.0
159.92980819078275 5.2834153532480554 0.0
194.6822414353646 186.65283925030803 0.0
6.590261966883282 1.6281982002041895 0.0
99.44296775293293 165.69487744115438 0.0
69.57514507756008 132.9489656251522 0.0
57.21939870861905 100.7473942610574 0.0
12.116569363604546 131.32996831692475 0.0
158.1195172791182 9.601768648680764 0.0
93.76010569479311 61.605499870169545 0.0
0.41796575302401884 150.38353487821118 0.0
162.65263136142676 106.06058440149762 0.0
155.38356410214283 124.32873660199151 0.0
191.99546854784288 149.46907493564433 0.0
131.3043459259563 140.10679459150865 0.0
137.96372916172712 71.7018188577708 0.0
11.765176459111771 161.08268721432066 0.0
30.963292994218538 85.02039435344693 0.0
180.92807942327883 114.91913003082952 0.0
2.9169992346476104 189.3046647957442 0.0
142.51088247457716 9.177171499536518 0.0
0.34204564857103215 60.845325571758124 0.0
189.3550509158896 67.08146386346132 0.0
36.30088973931489 38.965256011843444 0.0
186.9188784701648 74.37428178284652 0.0
193.87821241777365 129.61653228800185 0.0
196.7275273451228 11.190187903357863 0.0
9.656826509708338 106.2325262146902 0.0
84.7567516011404 132.14103364078 0.0
137.73582857725683 55.49749196457006 0.0
34.922378753222375 153.3088035680386 0.0
123.15436194744802 89.32885559879912 0.0
19.293008973902957 106.60161820476792 0.0
98.15504414020589 24.250082927305662 0.0
164.3386867585526 129.93603849637807 0.0
55.54098256016871 15.464983416011947 0.0
196.47356905276885 175.96663602633208 0.0
50.45103623138414 25.3270752033796 0.0
150.3459907337554 142.59156728910344 0.0
35.19793640360327 4.530346730247903 0.0
79.77457456525987 55.2207016085513 0.0
41.38449151543377 169.2307258898056 0.0
23.92442845058298 63.80074224047447 0.0
89.33319805151281 168.44022980362604 0.0
150.2626871846067 156.84951937100394 0.0
126.93494803967526 53.41871635168112 0.0
21.028040621123623 40.25942477006153 0.0
78.34296066379285 184.42083512570622 0.0
111.39418296554607 180.38785144529282 0.0
117.50817036742609 140.03871995824863 0.0
45.20242606369311 168.96028617019223 0.0
172.372780227474 130.51365308332365 0.0
108.08403116386451 131.56944975614587 0.0
12.608917397317022 158.772848086679 0.0
47.98809887949589 72.06178013669158 0.0
77.10969746595286 21.580272575202653 0.0
179.5762828663482 21.86034447299219 0.0
57.01023949172359 198.07317518481983 0.0
171.6406971154249 46.28102009791979 0.0
165.83658021034512 134.0889514542958 0.0
15.646947591243032 149.15667602594766 0.0
0.45065089874609665 198.06963979664246 0.0
148.69933916480815 112.59186066727958 0.0
124.77989698935572 57.964191920045934 0.0
135.67066193414226 110.42830034845359 0.0
192.89033346236528 8.431589396855976 0.0
102.9344129820379 142.00937004059807 0.0
168.78220784492507 63.78050116271845 0.0
60.08235971184537 147.08946629921073 0.0
197.3577310162519 24.464136298319673 0.0
146.20595876232352 83.24202097576115 0.0
134.3306323038785 23.581697120942714 0.0
93.76521042620145 73.87779939600082 0.0
52.4176800250451 64.7206625141795 0.0
15.763979336335886 167.99276780449563 0.0
6.972486635521902 173.60692326333216 0.0
190.8961025557068 92.02282673904494 0.0
166.2923956354417 3.4126810714953715 0.0
46.52187618388719 19.69032668286479 0.0
90.14940843994013 57.2046711605616 0.0
20.77987144164446 37.485290667535494 0.0
74.66652873636959 120.89830970189868 0.0
22.834305083279194 41.431866763507294 0.0
72.48116814752117 36.21598816981611 0.0
4.203555727115815 65.04854712175279 0.0
144.2075580562909 185.5305986787169 0.0
104.31065079057937 108.91837734212109 0.0
100.53046908318525 9.108265855537368 0.0
139.84192830935208 19.043220258480154 0.0
153.83277909050727 130.14698213715036 0.0
70.19539539394913 44.163973795518906 0.0
14.079901403171856 24.140671729441543 0.0
90.24552466889442 191.4864435647994 0.0
135.75409577198496 36.48108719635721 0.0
176.84666765413382 195.76036415038917 0.0
150.95240967239155 125.84263632501134 0.0
46.9424786110241 18.416899251116515 0.0
108.33190797101004 190.77817171014766 0.0
172.8441302570659 101.47775251113427 0.0
178.40643491984787 23.086534185358044 0.0
144.18533910919916 115.20687142955737 0.0
182.7693499110238 23.89539665293734 0.0
66.25757424607708 58.98341161673262 0.0
58.137011963981664 17.035897763967213 0.0
40.87417977599539 101.6326574789182 0.0
175.67808466909727 199.16823526009952 0.0
88.60734030676835 80.45917542302273 0.0
101.91409460415215 77.25031920850051 0.0
140.18722680537186 117.48448008662106 0.0
109.54693518036905 161.32424728110772 0.0
150.0479525633107 156.89913613441948 0.0
124.8893224148815 4.228380517283603 0.0
166.45024389606942 179.49722499734918 0.0
33.1446001282731 109.72542658729279 0.0
130.30609499003768 7.868714625074569 0.0
153.60248534780004 66.66980429155565 0.0
68.77594619356205 180.38323189543135 0.0
43.88772768929954 9.220483112940748 0.0
199.90426096280777 142.50647361011025 0.0
195.71898779477013 151.73809255742046 0.0
71.00468325048502 180.74836361287007 0.0
44.20550759726461 101.88816753377563 0.0
16.20127906968596 107.54978737264129 0.0
28.529453578184103 116.60491293580026 0.0
137.47764069121885 94.67265410577279 0.0
13.932169234773806 32.95300413190168 0.0
88.78100547228797 48.1657508182602 0.0
13.242858458533814 79.55745344073226 0.0
174.1738080311329 119.73674698003572 0.0
30.75851790464803 154.1546162471712 0.0
58.720387427452955 157.36846103420945 0.0
192.1043062932725 38.95005137790888 0.0
134.74196680651616 112.27536391427834 0.0
120.77378821052005 17.851921847201723 0.0
86.26818379023892 39.80401389178092 0.0
175.36881308532492 58.28126546973746 0.0
50.958956896512156 158.63910565796203 0.0
71.12915084527963 125.1434417305374 0.0
191.46558138057824 65.68439804299824 0.0
175.16227018956337 105.67772797125905 0.0
57.14544986111121 43.24579366025172 0.0
186.853959491595 41.284975543435934 0.0
42.23995280145185 40.65158563675462 0.0
193.2608570382893 86.06595335378249 0.0
128.07050654802651 164.2026058337227 0.0
23.85615310934355 41.685877693963704 0.0
134.5030020415001 167.3530393583649 0.0
19.82020131390845 54.31340306767034 0.0
99.8761343814624 97.28024878114195 0.0
180.1379435275469 101.76520473515782 0.0
158.7845717621356 124.50989786480136 0.0
150.08544517113086 47.62003213496519 0.0
193.5531171152528 59.0204781039541 0.0
77.25812165925625 93.94899163291099 0.0
197.93332432940431 139.25908157131417 0.0
176.11355865025038 25.441585790854006 0.0
110.49940845930024 169.75812120385206 0.0
114.07215845058343 105.08985845488121 0.0
50.41558092147411 178.55057043089252 0.0
60.53908719604153 55.22584957291738 0.0
19.692208879833316 67.33892164664121 0.0
24.781423451510378 37.590257050145894 0.0
23.743553123738394 35.381135895403084 0.0
149.4146133290679 132.24319111261897 0.0
6.00515556321195 72.3144325154679 0.0
123.32270457025325 107.51056670648302 0.0
192.5642200499752 135.6457146248688 0.0
31.157171538003368 71.7925448739179 0.0
199.20171355135975 155.3952167278605 0.0
166.1293384877685 102.94331110209617 0.0
165.940098812595 141.38771954476894 0.0
198.6318889891804 162.06415276148516 0.0
53.136119062398635 7.943577273304547 0.0
15.295139764525878 115.93474279156881 0.0
58.35314200890767 76.22952797188849 0.0
121.40405982952768 115.94029379979361 0.0
94.6930807237386 166.2871215394009 0.0
134.1724574876451 111.23502432949724 0.0
8.963071141202938 148.76440813592671 0.0
185.19092418899538 110.01526067126603 0.0
111.99751373527533 190.63433946996017 0.0
197.43550725738552 145.15827760356171 0.0
43.65130960211718 99.69109848541878 0.0
5.544429694088482 149.1157880025445 0.0
1.4255111998325187 149.3735071736635 0.0
147.6403416337573 97.83376773338837 0.0
124.38183755412575 148.47232047668996 0.0
72.79617656314774 44.60327214345226 0.0
142.9478917134951 109.53613894001009 0.0
80.31261131259055 32.129426051735145 0.0
80.41019342939481 65.2984794675316 0.0
135.2958434665092 144.73894113411177 0.0
23.337451457047642 184.2062352061884 0.0
189.59441905707078 142.5289829947038 0.0
165.87183560035513 144.1377792800221 0.0
177.97428181113665 5.393271391422272 0.0
76.77127925267399 137.65656880310152 0.0
56.48153041278614 107.24398545296859 0.0
38.28120368617272 102.6540214454587 0.0
103.26261288576002 39.38089772721174 0.0
162.35933584282228 198.99330023755027 0.0
11.6821255131208 106.84193215781987 0.0
2.472620029789452 184.7733042650114 0.0
71.39849913483822 32.70226107520271 0.0
148.1305262152886 185.0901241056697 0.0
155.12841113733703 22.671722677859997 0.0
14.514369320591891 191.68093889266396 0.0
107.1508718433143 65.97324202922246 0.0
121.00758395059749 83.59320908241664 0.0
64.17231458108277 178.3677802600192 0.0
190.1271728933038 17.029760321150512 0.0
29.99441018011928 29.324026059913578 0.0
192.301932340739 96.77822745951889 0.0
72.49648760458433 37.7140098180585 0.0
12.138274978755014 112.14112812571074 0.0
14.764906360897223 169.04847980481358 0.0
118.25985168615327 197.040624917975 0.0
51.7719120537184 122.1488604051436 0.0
81.50247217606301 156.9798440202042 0.0
139.8269087354554 154.2852321449956 0.0
5.191127950835583 94.8004965429729 0.0
78.09334585003592 61.192774173062794 0.0
106.42123338642257 62.68425276820098 0.0
129.78476414936705 2.01177373580963 0.0
18.711510692336365 169.60323615859355 0.0
15.223813028081 139.07922707968004 0.0
74.09127575071044 81.43275797393648 0.0
149.76840221139858 48.632779135728896 0.0
66.63016885757429 165.19723409308463 0.0
96.67946145269633 150.8706478175435 0.0
199.6137214793585 49.4280416474903 0.0
158.32506775280783 6.443916027009289 0.0
75.01340530601175 99.36989923054736 0.0
38.68601126616738 31.3404395967515 0.0
96.59519962658658 38.78016691501285 0.0
175.9482621537981 193.2524037866948 0.0
126.95592742958715 89.3232044638986 0.0
66.03797911709826 169.90237784395046 0.0
63.97206389104782 144.0698900212617 0.0
76.2751251551491 73.43555162900608 0.0
183.59084383387042 43.370035875300836 0.0
82.89203980167048 174.86860696045056 0.0
33.58901151882336 179.37339228771071 0.0
156.9835580634446 98.71853708752936 0.0
156.86970680157785 19.73263267577252 0.0
70.52571185929331 100.31750771121804 0.0
173.0633593274384 111.52966429617837 0.0
197.42025887315725 86.95266846928745 0.0
153.64382861744136 103.22424772844303 0.0
44.09259017249829 198.85267775923893 0.0
188.46619189137834 105.43185875948214 0.0
159.9910074669126 27.175408440387592 0.0
160.57809759825236 100.59546320866161 0.0
150.40545367411775 113.53428052573626 0.0
21.35167516068044 107.1237743136085 0.0
142.34437886777417 49.23332637940603 0.0
89.42857108090799 5.326209269036841 0.0
138.77842203776783 72.26398551922554 0.0
84.66574310249892 140.48280010395015 0.0
37.38018843220077 146.24938629830584 0.0
152.21510846518248 32.64489195041036 0.0
86.95947604363094 97.90480448772301 0.0
32.06545808779955 143.27050575184163 0.0
8.113851427865693 88.2156172676428 0.0
185.82023364720007 75.55580486671154 0.0
114.1845169856745 97.41702418534916 0.0
105.18023622180425 18.33219018266796 0.0
134.42800707858953 14.992601458061937 0.0
195.5455450746292 82.65609232389738 0.0
63.384314084970896 143.29149093381034 0.0
153.34623386999357 25.726578372125665 0.0
38.742555247904534 46.99691465169029 0.0
37.156897032245006 108.52351439684678 0.0
184.57547206188883 110.56151780545875 0.0
70.34512979165508 91.56695714016911 0.0
147.63441561036782 101.85779489300437 0.0
6.94959737318972 37.45624735174247 0.0
101.46679018356252 82.6746830194581 0.0
42.678532077559694 59.35498524282099 0.0
96.43824241876007 155.32433953566635 0.0
159.364843814462 31.34603401280298 0.0
193.3121553702216 189.50568457951152 0.0
53.909314339212244 159.58842269778052 0.0
33.85935852268669 34.704400556663614 0.0
21.688740869513047 2.4658086824213887 0.0
174.04129746342082 190.79160766152953 0.0
139.6010671328904 23.424048866678614 0.0
33.630119394977 83.11649478552268 0.0
25.365022678931815 61.95318720949483 0.0
100.69960437404882 168.27078915120416 0.0
137.38694373394432 16.17699485840438 0.0
70.2410050940689 82.83593319260285 0.0
23.45284318360761 144.77099002836934 0.0
93.22830584164561 139.80652110092655 0.0
126.69917118119012 116.43775232577111 0.0
65.7776732705162 76.01644565110588 0.0
113.76081105541608 61.926038261456284 0.0
97.61618328977282 58.77692800774099 0.0
2.690447592340428 16.58812445308191 0.0
164.8951951498844 171.06856045110257 0.0
37.18853695250148 80.72755015036883 0.0
74.4541607025657 112.01212706143917 0.0
78.87847431856399 170.49731117140524 0.0
44.960780615861374 72.9759389842912 0.0
70.80698823337472 183.86628105108764 0.0
44.923965299649794 79.56008226040943 0.0
63.04489013271679 164.17949125666803 0.0
118.39616813224953 125.83098001208491 0.0
185.2088218393522 8.095777471371669 0.0
76.25209223514571 169.56225111353126 0.0
0.9198426082916544 35.19399350959724 0.0
134.25102586080112 105.87088946539444 0.0
85.66000687083258 113.29687497487772 0.0
138.6604036589758 191.52039757282805 0.0
32.18347729467401 16.569465866216703 0.0
136.03850842112428 53.29550783696184 0.0
6.583959720999788 82.70677913776676 0.0
15.844499508648813 181.23574293085693 0.0
53.315545573079895 31.033189772226734 0.0
182.86430521880908 81.14810452565627 0.0
178.9094600790833 5.093935378182213 0.0
101.0112216621746 40.701731470002024 0.0
31.824407328415806 111.32680412870972 0.0
90.88037098160086 149.5404386441684 0.0
139.8135781173434 139.659959789153 0.0
160.50646011272354 6.231661573803593 0.0
166.38670531735804 172.389742604682 0.0
102.09464611756374 43.50326733730823 0.0
104.39085286170678 14.449862127280767 0.0
197.0645617009219 8.102436735747688 0.0
137.42889647080844 11.191569647780275 0.0
37.56794412401627 42.74364731594229 0.0
68.78003699683886 59.05181073602223 0.0
194.7105353973719 34.99567078437198 0.0
142.68196320462337 59.994508557790624 0.0
142.02932409199548 21.590161479943436 0.0
164.27956614919154 122.36772569022219 0.0
177.34639192419021 66.51741219092455 0.0
62.240494447121634 68.82737228628237 0.0
76.94115384723708 167.4074476276274 0.0
31.98306342846471 76.23589182617975 0.0
63.052765514554785 187.07772028831542 0.0
147.65742220436488 142.9521977776349 0.0
169.0451564404543 155.7611536744689 0.0
37.466128168103 155.68690029564522 0.0
46.13715112870462 144.411383599572 0.0
79.60564956531584 11.104781103675144 0.0
71.42063509709034 70.61468594775884 0.0
195.05560788655765 136.61411179814598 0.0
88.95996005967899 66.0209549900091 0.0
88.63782467543015 50.29041867756226 0.0
44.086146987584684 7.838906272433377 0.0
121.21268734655342 101.63995460038751 0.0
155.5696572117836 96.82345493608568 0.0
83.57550701159869 42.91604136832381 0.0
111.17593864750236 150.31609822113688 0.0
186.56095946141994 194.95923112561786 0.0
69.17822619843686 171.28188335248856 0.0
182.05897899688102 92.0400333906354 0.0
1.7222718475345733 152.91938357572405 0.0
86.09077765305646 16.940777514140958 0.0
125.50823597319724 183.30289276053085 0.0
87.78896269899208 170.5210077278668 0.0
31.074998936319396 125.64891980407555 0.0
97.07113040651174 159.2686186454279 0.0
44.04272384818617 67.18178857137973 0.0
8.991454417846478 29.84670330311612 0.0
129.98959245201357 153.20605512908398 0.0
144.2002884519157 31.403970473592267 0.0
89.20915222242982 152.8761690340662 0.0
62.63698011949093 44.4243576126419 0.0
78.41484646453239 139.2867347407821 0.0
41.52646084839664 179.14926345911763 0.0
43.52872092956011 8.889404894461993 0.0
158.94548899207737 17.113718546298507 0.0
51.011593025187786 13.875389862765953 0.0
130.66972977223003 146.09548083407415 0.0
164.76224335356616 36.04525194366624 0.0
10.708135927142548 21.784017816946076 0.0
31.433566249022824 191.82057491167916 0.0
184.87649879373643 178.7340406180089 0.0
109.08385481099128 125.43482183396218 0.0
161.95720447451814 8.676080154253206 0.0
102.40176485715358 20.97357701032978 0.0
98.4377169945941 126.01448382930836 0.0
52.31381648256321 143.81714622625714 0.0
180.51544044564633 148.35088919474785 0.0
68.60350679917717 8.171279484483506 0.0
131.00211221996787 134.1292112202633 0.0
91.24163719905329 59.75465352448146 0.0
8.956007480489635 140.00581253574046 0.0
119.44744482657042 61.34450509402127 0.0
126.31570922816447 187.30651756958835 0.0
57.07079871609366 173.76468746261565 0.0
118.50437200571311 159.9397666518399 0.0
88.70576792957662 36.03310125699486 0.0
174.91885560140344 195.39318821236913 0.0
123.01627251007746 165.76846279574306 0.0
160.41328866619236 175.94854053296328 0.0
118.07489774164002 124.5890004678492 0.0
40.33201776936872 179.00787554875052 0.0
38.08615992347133 123.11857692998503 0.0
59.342210048802734 3.431554272212023 0.0
181.68587353144665 76.34854350031917 0.0
118.26160428180057 153.04654554331282 0.0
69.0786422015484 162.48641760841863 0.0
143.2723409543754 128.99129977472168 0.0
178.59567379187072 87.05528220499261 0.0
148.35704142889014 159.3212223872625 0.0
182.82552903550396 108.89067936515029 0.0
154.48857311992435 177.3066995827222 0.0
150.29077086389734 45.81449137751794 0.0
148.05040155910362 149.11327514178416 0.0
50.71360854523934 145.1482141257039 0.0
36.159566840629424 147.06162949780034 0.0
30.234159154239883 77.86071826615762 0.0
88.00976001936655 66.42250582711932 0.0
107.51511860921453 195.0285553257664 0.0
39.047237745421896 191.7098991101299 0.0
182.48702672485283 171.4195351196725 0.0
78.73760043874462 132.69330214722797 0.0
146.55852310314552 53.393235128205774 0.0
142.87687494252236 170.85787780113185 0.0
36.43645833455409 126.94478907156766 0.0
87.8454785532224 183.7990681209989 0.0
183.27086974157993 126.60126540284236 0.0
36.899174120750814 48.046052878750366 0.0
174.66028755689408 117.01259373783914 0.0
57.53621213865201 160.06623306276774 0.0
169.1230069614414 96.46196612388177 0.0
154.17538649098518 60.71078042749649 0.0
80.96044880158158 195.15331361088423 0.0
141.8248266209829 100.11904175229587 0.0
188.00884564449393 71.01640009078139 0.0
104.11688354486581 38.10744549698728 0.0
5.595999017668163 141.90276625520596 0.0
33.029543302354014 39.32638600383371 0.0
17.08998335095182 35.42867362338076 0.0
97.81035788663087 92.97628774078454 0.0
54.7471315935957 86.35393958117355 0.0
197.06400251925697 63.631977331969814 0.0
184.13688729199848 66.26837256788053 0.0
10.659931802974508 162.73219704611168 0.0
61.24136862358507 191.49042387049573 0.0
87.06204890448646 19.549024066340827 0.0
103.39793732216339 22.46531428834637 0.0
176.87737147507116 125.959626487776 0.0
43.57322872349678 141.58286030001682 0.0
54.866248717344334 31.100740925110635 0.0
122.0275177287391 76.21796693670866 0.0
60.35176045404358 69.99397334047468 0.0
110.24858189761626 19.92958030551859 0.0
129.91145896323405 24.487891652196513 0.0
159.10446356953662 97.13668836372807 0.0
196.42974834763197 135.3706276368763 0.0
116.48499609007419 15.222798626898859 0.0
85.03462869792378 111.26463759385375 0.0
69.27208460883121 152.903116592389 0.0
49.137750691083745 12.922924266714553 0.0
30.299246689220215 44.82147924211295 0.0
58.742156707963254 130.8039509341262 0.0
113.03102044873283 39.72687762723501 0.0
78.37725022269173 19.310300922298353 0.0
15.013330871562914 33.2122385213657 0.0
53.46599639334648 102.83380138978005 0.0
165.7161662971113 5.880955932153964 0.0
161.62452934340047 126.75786659323651 0.0
85.21013272162044 33.939453982771454 0.0
79.33978287007231 190.82541233713192 0.0
147.18896022221247 81.59689186001096 0.0
164.6660003721862 172.78864864311046 0.0
43.17011230673356 33.285896787370596 0.0
163.02624613438522 27.014820503362547 0.0
4.276213220567104 78.60110815326875 0.0
105.90050360976522 125.7297634040285 0.0
52.82012142981727 123.98504592390682 0.0
91.1271152708911 99.83897708019782 0.0
27.986816161696538 172.57359983445198 0.0
8.739663826413956 131.77375597005297 0.0
58.225768412935565 187.24645139508573 0.0
7.706811819000681 154.56764376405917 0.0
137.53747066354586 31.810228510833593 0.0
186.6377064788942 119.37638839810472 0.0
103.65840632246861 71.37531776676434 0.0
35.46117155256609 7.912352873002626 0.0
13.218818195283744 105.36988968487069 0.0
155.2818883472596 186.77208772466597 0.0
62.268135696318595 105.26753383076016 0.0
140.0624018900803 27.393683554432723 0.0
10.133098070122525 133.98778664418745 0.0
16.474823197131805 48.388304694678716 0.0
130.39398410077482 35.06150898747706 0.0
107.2115991269236 176.2480263763629 0.0
34.83466839166254 197.0360780325165 0.0
8.239971897163056 65.9400795475795 0.0
94.54254479900699 122.22793928102429 0.0
151.93000439482006 174.65523285747196 0.0
16.904590651871754 58.81311628411894 0.0
165.68150458158362 39.98602850396418 0.0
28.066339676820085 191.37885028198062 0.0
129.62029422778286 178.06824921303865 0.0
57.490568830837255 27.442584256229342 0.0
87.12981173813215 187.7269623612048 0.0
124.57313059311093 66.07711276616979 0.0
168.4291278530782 23.426084678404102 0.0
186.8434302853545 189.6637070089112 0.0
50.103926945563224 182.82849836300855 0.0
25.097427909382297 80.92768748751624 0.0
192.4422455963705 144.03131352482396 0.0
112.88148845032315 134.79385053721714 0.0
171.62207108580483 183.04880671578198 0.0
46.065466559354704 8.231879929965945 0.0
55.24328538528251 103.8734059950638 0.0
192.8139642092023 131.1447335788715 0.0
157.3916060869342 21.45277990110237 0.0
165.0848820217542 187.4858181231737 0.0
53.3676758155262 152.17906194162586 0.0
109.8547150604104 168.17349724714416 0.0
34.409621433089875 186.99388983679597 0.0
71.59035804743243 96.00442099589685 0.0
39.18275339232829 48.97089454902408 0.0
187.05758453649003 127.64986904294598 0.0
111.50543404690785 70.24498378302233 0.0
39.376468073084794 48.95211356516433 0.0
2.7254162177064334 62.41563643288017 0.0
120.30458971048425 197.12073901150467 0.0
62.35621434978638 0.05922891156864285 0.0
28.048965781445045 167.06151322179315 0.0
42.02855263340386 88.74315440249647 0.0
162.4781176853129 88.95329966103264 0.0
75.50700867475517 46.94248772719101 0.0
70.42581081521575 0.32136278183108047 0.0
91.46749301504454 95.51750627443909 0.0
40.84856794766556 78.23806889886184 0.0
65.92642001108497 18.918410255129146 0.0
52.91911804938747 45.91497777786526 0.0
27.657706836039743 139.041321553439 0.0
139.70846098047141 122.83303253907579 0.0
192.62916510134917 125.66738064236749 0.0
45.92934474141239 48.69037488129821 0.0
22.4350364101759 56.67470509547348 0.0
130.2844753474366 178.83014368072722 0.0
176.89680414274451 36.720692003620755 0.0
191.2829084342334 22.44344578707935 0.0
62.449720723852465 184.8499649408456 0.0
79.95849771870249 74.72543190194907 0.0
165.62781491978228 109.49114527414525 0.0
3.744533540357309 180.29533302118034 0.0
4.905380067494147 103.56336194200789 0.0
122.82904225287112 157.5739789405568 0.0
134.34836871491837 12.921283477696676 0.0
193.63553289301817 12.445310907541373 0.0
188.97434153697688 58.12520472568892 0.0
23.644247484089085 174.4110123163332 0.0
74.4149664131885 22.530616614161183 0.0
167.58932964319993 199.58040117046696 0.0
72.42042396052726 158.9494444007027 0.0
17.1376774893335 102.22035121385227 0.0
58.940225092191454 112.64294873740009 0.0
14.475388535661482 100.22297127490138 0.0
12.960534009728564 110.1641119225087 0.0
154.79825618399727 89.7314784327754 0.0
131.97306143033757 21.575187759808756 0.0
33.52289621540405 0.2975762730015319 0.0
163.89625910531856 67.8237808381079 0.0
41.1054855249952 124.3264593134306 0.0
15.464524971802707 115.56880766865913 0.0
111.67538492969804 163.19829971001724 0.0
103.54673884095465 78.50533722758288 0.0
91.26126603867522 87.33800677658263 0.0
78.55051715029175 127.24523789248181 0.0
107.20756030095484 168.63779922360075 0.0
68.0140497094634 199.0683096013247 0.0
92.44955240914273 111.01986123114038 0.0
63.68265060016831 94.3664254984792 0.0
46.635570748928345 78.55937944478086 0.0
106.81236548324051 48.360988415189674 0.0
100.65509250882498 0.47081280091560984 0.0
114.13852489018954 74.68184048887727 0.0
191.95202245089905 18.393281443445897 0.0
130.89213846413114 191.65359839344262 0.0
155.07246919583838 133.7936046596373 0.0
97.4426270148033 62.64312964407228 0.0
85.21691930379696 11.938471093435933 0.0
72.59053266201792 8.57977865370323 0.0
142.13678713730084 103.7699093247683 0.0
69.22913426836273 183.7677174926863 0.0
127.5358302867996 158.15114689252675 0.0
27.039409251743287 145.36759955108104 0.0
191.20710626397909 14.332686734786604 0.0
172.07783826802788 92.4325732674327 0.0
99.45647709940701 88.12126004321928 0.0
94.56205215422588 102.14139954792287 0.0
33.93403713110257 195.11716811454193 0.0
113.85452586523886 148.87941113446746 0.0
79.81508470666519 90.51825987903557 0.0
93.58992664081698 156.0756546350801 0.0
9.342628102940264 147.37168355626682 0.0
20.086923952820456 1.2125619266364795 0.0
70.0636504136363 143.78732018933283 0.0
163.63070202012418 71.18216510123574 0.0
46.66181807494083 184.50960563305892 0.0
104.90760202213167 48.17076727701757 0.0
81.10941598625898 143.37732956279413 0.0
127.81879107321323 95.51176770585106 0.0
7.931785816707992 80.58368210671021 0.0
55.09497971045556 108.45414183374831 0.0
89.69782212033499 62.28184020784562 0.0
134.57968349001484 196.55188636447733 0.0
22.42029232579421 89.96393020892009 0.0
71.74376017735244 72.38760064613751 0.0
121.37016272055989 33.174271781204865 0.0
147.93925891762183 135.60110108978606 0.0
94.87943519243491 151.50044751415408 0.0
164.09598274377205 161.701897565272 0.0
167.0271810384311 190.41861087640964 0.0
106.00940008667108 31.902022965090083 0.0
119.67394563787717 140.45231039306955 0.0
140.0639753995124 73.213659665967 0.0
90.1298772850153 160.2368147866803 0.0
17.181113978237605 117.31373983032687 0.0
82.81231162585867 81.46383310838345 0.0
187.97647064827808 132.18553820129853 0.0
131.5688070203114 137.31425407128074 0.0
113.55642934337067 32.305044461354406 0.0
83.91201417208298 85.86944943918635 0.0
194.0790893000043 31.147820863430088 0.0
69.23301327532097 136.12434740543532 0.0
31.15029194874448 64.04971141264785 0.0
60.130057433234605 26.608452642675307 0.0
190.3204899523699 179.96271079859113 0.0
139.31001326959367 55.25370089122394 0.0
36.39376609368876 177.40508049784617 0.0
144.0901139730511 14.030851168961455 0.0
176.95538430081697 142.9125292330691 0.0
76.34789178327628 43.00901110775788 0.0
168.46973247963305 139.5552205288178 0.0
37.83748813873722 185.87558934896953 0.0
14.495753271903911 88.59309037143896 0.0
79.11093247724565 102.58690847749143 0.0
17.012338823165884 89.09981356852161 0.0
34.853151890012725 174.70237407980812 0.0
129.5413762024579 28.3935098942411 0.0
159.25991521627628 125.0880792031261 0.0
104.70151995361279 150.37018680029163 0.0
172.15813499023378 66.05837013867335 0.0
29.02109001574058 69.34368230528646 0.0
179.88836316732738 188.65684980254355 0.0
94.28372904739342 143.75358607522287 0.0
44.5394747280472 110.66100962001224 0.0
67.37587124558331 157.11069292614772 0.0
140.94603611102082 12.027535243320253 0.0
89.55023995342866 92.80700052111301 0.0
62.92900558890129 103.87816769619636 0.0
161.21511166610586 34.92539829789942 0.0
118.58083899945446 100.75874811530616 0.0
149.80417567290348 78.94181555891977 0.0
188.9662551396337 195.78693976561914 0.0
195.97727425529075 194.22043333708555 0.0
115.43046156993148 174.43695345154202 0.0
187.3475976156824 44.46050089217679 0.0
27.776617766983193 145.09228857974423 0.0
119.12617060992451 42.760895397254494 0.0
128.89497318204627 113.13053369122346 0.0
67.51982410772781 194.72660634497922 0.0
10.996163430329165 80.18681578452839 0.0
164.41416425935154 166.04895017199465 0.0
194.42162163248284 111.37556643860016 0.0
180.8182963805418 100.24928254479507 0.0
52.07426350031837 80.63287133344966 0.0
101.74350374264873 7.783625982088438 0.0
10.833067565546205 177.97459590279513 0.0
6.633209690812536 49.463648499544945 0.0
105.88526418381264 142.34829842093163 0.0
57.15706158446079 145.15701605074358 0.0
4.7303792297054725 169.88964984626443 0.0
38.127142864667604 52.98816793091028 0.0
114.68055202947438 139.7770437846721 0.0
97.48969644514864 184.76817468102888 0.0
141.00191936038848 198.51074567397967 0.0
87.79100673272787 150.1403489627317 0.0
72.41214515687555 48.32585800997713 0.0
24.211525011304413 154.93591650866094 0.0
36.46949811313891 96.58112109977593 0.0
43.20743597188659 118.49198714098657 0.0
189.45916811449192 140.34837975960156 0.0
70.99434623425923 120.19182113554588 0.0
183.7029282977242 84.06045835392145 0.0
192.5530267763951 137.24521124991085 0.0
189.78835146004894 117.9578181313844 0.0
49.53243146694706 193.73463592594553 0.0
142.0343434262599 21.20736866079089 0.0
89.37055530499181 5.2105831931927415 0.0
22.579915458697798 195.9495166363675 0.0
138.14900506313808 173.6273718200915 0.0
2.803428236984029 87.16233293500784 0.0
176.1424616074825 164.16848011236488 0.0
120.35000432446081 198.11462045026624 0.0
157.71955001324994 78.5183132593227 0.0
85.86487005268266 172.31239075691266 0.0
36.196869578076 28.395068125851086 0.0
185.60096632543255 180.2261021187743 0.0
29.443348117369506 108.66722366652479 0.0
74.38927749294851 122.71883765071485 0.0
193.477369524354 171.13401688464012 0.0
138.0307191938656 142.97840164224226 0.0
158.9943341353967 8.057942243973093 0.0
