1 3 86.0
1 18 7.0
1 63 60.0
1 76 52.0
1 140 94.0
1 178 88.0
1 184 28.0
1 39 39.0
1 51 97.0
1 107 61.0
1 126 47.0
1 143 46.0
1 156 33.0
2 23 1.0
2 39 64.0
2 51 67.0
2 118 57.0
2 126 85.0
2 132 21.0
2 135 93.0
2 143 48.0
2 156 58.0
2 160 12.0
2 180 2.0
3 6 58.0
3 17 18.0
3 18 9.0
3 29 69.0
3 50 57.0
3 63 65.0
3 115 15.0
3 140 14.0
3 168 50.0
3 1 49.0
3 39 13.0
3 126 73.0
3 143 71.0
4 59 99.0
4 145 84.0
4 77 54.0
4 89 72.0
4 43 8.0
4 64 43.0
4 79 14.0
4 102 3.0
4 104 22.0
4 153 50.0
4 12 61.0
4 47 58.0
4 188 54.0
5 21 63.0
5 32 6.0
5 33 76.0
5 34 33.0
5 38 89.0
5 54 75.0
5 95 50.0
5 146 74.0
5 165 13.0
5 174 56.0
5 192 17.0
6 3 77.0
6 17 85.0
6 29 3.0
6 49 4.0
6 50 85.0
6 63 78.0
6 105 89.0
6 115 89.0
6 125 37.0
6 140 17.0
6 151 28.0
6 168 73.0
7 8 1.0
7 26 31.0
7 70 24.0
7 84 22.0
7 114 59.0
7 134 97.0
7 138 84.0
7 152 21.0
7 186 13.0
7 189 54.0
7 197 6.0
7 200 29.0
8 7 96.0
8 14 9.0
8 26 1.0
8 36 83.0
8 58 91.0
8 84 18.0
8 138 71.0
8 161 18.0
8 186 63.0
8 189 89.0
8 199 99.0
8 200 78.0
9 22 12.0
9 55 89.0
9 91 83.0
9 96 50.0
9 111 41.0
9 150 86.0
9 185 36.0
10 102 53.0
10 104 44.0
10 153 81.0
10 12 54.0
10 47 78.0
10 48 81.0
10 52 82.0
10 60 66.0
10 99 97.0
10 120 92.0
10 152 58.0
10 162 82.0
10 175 99.0
10 188 92.0
11 18 35.0
11 27 96.0
11 30 72.0
11 31 50.0
11 65 86.0
11 67 34.0
11 72 75.0
11 73 95.0
11 74 13.0
11 76 76.0
11 85 25.0
11 100 99.0
11 108 75.0
11 116 52.0
11 117 26.0
11 121 5.0
11 124 10.0
11 142 97.0
11 163 7.0
11 170 99.0
11 178 43.0
12 4 91.0
12 64 90.0
12 79 61.0
12 102 62.0
12 104 44.0
12 153 93.0
12 10 19.0
12 47 24.0
12 60 97.0
12 99 7.0
12 120 16.0
12 162 10.0
12 175 86.0
12 188 84.0
13 20 11.0
13 25 76.0
13 40 74.0
13 41 63.0
13 81 49.0
13 90 78.0
13 130 18.0
13 190 39.0
13 191 48.0
13 92 83.0
13 136 25.0
13 179 23.0
13 196 80.0
14 8 61.0
14 28 92.0
14 36 51.0
14 84 49.0
14 138 30.0
14 161 45.0
15 16 18.0
15 19 83.0
15 61 42.0
15 72 88.0
15 78 7.0
15 128 79.0
15 147 15.0
15 149 5.0
15 155 60.0
15 157 30.0
15 176 74.0
16 15 19.0
16 19 43.0
16 24 91.0
16 35 36.0
16 45 67.0
16 61 35.0
16 128 28.0
16 149 19.0
16 155 64.0
16 157 13.0
17 3 51.0
17 6 39.0
17 18 98.0
17 29 54.0
17 49 5.0
17 50 8.0
17 63 4.0
17 105 40.0
17 115 68.0
17 125 29.0
17 140 91.0
17 151 96.0
17 168 79.0
18 3 60.0
18 11 48.0
18 17 93.0
18 29 5.0
18 31 83.0
18 50 8.0
18 63 55.0
18 105 9.0
18 140 9.0
18 168 26.0
18 184 37.0
18 1 54.0
19 15 24.0
19 16 85.0
19 24 75.0
19 35 5.0
19 45 83.0
19 128 68.0
19 149 13.0
19 155 6.0
19 157 19.0
20 13 98.0
20 40 50.0
20 41 51.0
20 81 62.0
20 88 82.0
20 101 88.0
20 190 36.0
20 191 35.0
20 75 49.0
20 136 3.0
20 164 84.0
20 179 4.0
21 5 25.0
21 32 57.0
21 34 84.0
21 38 59.0
21 54 31.0
21 94 89.0
21 146 98.0
21 165 6.0
21 172 3.0
21 174 74.0
21 192 26.0
22 9 61.0
22 55 87.0
22 91 73.0
22 96 98.0
22 150 55.0
22 185 79.0
23 2 82.0
23 39 29.0
23 51 58.0
23 62 72.0
23 88 83.0
23 101 12.0
23 118 68.0
23 135 42.0
23 143 38.0
23 156 61.0
23 191 11.0
24 16 67.0
24 19 37.0
24 35 22.0
24 45 44.0
24 123 68.0
24 128 59.0
24 155 2.0
24 157 63.0
25 13 20.0
25 40 1.0
25 90 7.0
25 97 61.0
25 98 9.0
25 130 49.0
25 131 41.0
25 135 97.0
25 144 21.0
25 160 20.0
25 171 65.0
26 7 6.0
26 8 55.0
26 48 64.0
26 52 10.0
26 75 74.0
26 92 99.0
26 134 28.0
26 138 90.0
26 152 4.0
26 179 71.0
26 186 36.0
26 199 46.0
26 200 70.0
27 11 47.0
27 30 36.0
27 31 15.0
27 53 95.0
27 61 4.0
27 65 64.0
27 67 95.0
27 72 49.0
27 73 73.0
27 74 42.0
27 83 21.0
27 85 93.0
27 100 98.0
27 108 39.0
27 116 10.0
27 117 14.0
27 124 53.0
27 139 30.0
27 142 25.0
27 148 70.0
27 158 97.0
27 163 57.0
27 170 84.0
27 182 24.0
27 183 32.0
27 194 37.0
28 14 42.0
28 36 13.0
28 70 79.0
28 84 43.0
28 138 58.0
28 189 89.0
29 3 90.0
29 6 7.0
29 17 13.0
29 18 13.0
29 49 74.0
29 50 98.0
29 63 48.0
29 93 71.0
29 105 88.0
29 115 66.0
29 125 47.0
29 140 86.0
29 151 75.0
29 168 23.0
30 11 10.0
30 27 40.0
30 31 34.0
30 53 93.0
30 61 1.0
30 65 47.0
30 67 11.0
30 72 88.0
30 73 34.0
30 74 79.0
30 83 55.0
30 85 45.0
30 100 15.0
30 108 63.0
30 117 57.0
30 124 68.0
30 139 40.0
30 142 39.0
30 148 62.0
30 158 89.0
30 163 58.0
30 170 94.0
30 173 17.0
30 182 42.0
30 183 98.0
30 194 71.0
31 11 36.0
31 18 51.0
31 27 72.0
31 30 62.0
31 50 69.0
31 63 28.0
31 65 6.0
31 67 4.0
31 72 72.0
31 73 48.0
31 74 96.0
31 76 21.0
31 85 88.0
31 100 19.0
31 108 12.0
31 116 34.0
31 121 79.0
31 124 4.0
31 142 32.0
31 163 29.0
31 168 76.0
31 170 25.0
31 178 40.0
31 184 47.0
32 5 93.0
32 21 45.0
32 34 64.0
32 38 24.0
32 54 60.0
32 146 42.0
32 165 73.0
32 172 97.0
32 174 65.0
32 192 34.0
33 5 57.0
33 38 69.0
33 95 45.0
33 174 99.0
33 195 93.0
34 5 2.0
34 21 46.0
34 32 79.0
34 38 90.0
34 54 15.0
34 146 24.0
34 165 67.0
34 172 87.0
34 174 26.0
34 192 49.0
35 16 31.0
35 19 96.0
35 24 89.0
35 45 99.0
35 128 16.0
35 157 65.0
36 8 79.0
36 14 91.0
36 28 62.0
36 70 28.0
36 84 33.0
36 138 45.0
36 161 52.0
36 189 55.0
36 197 45.0
37 46 29.0
37 55 83.0
37 127 51.0
37 129 7.0
37 132 24.0
37 137 97.0
37 150 65.0
37 159 97.0
37 180 32.0
38 5 39.0
38 21 54.0
38 32 65.0
38 33 44.0
38 34 64.0
38 54 27.0
38 95 95.0
38 146 85.0
38 165 92.0
38 174 14.0
38 192 72.0
39 3 24.0
39 1 37.0
39 2 67.0
39 23 51.0
39 51 94.0
39 126 96.0
39 132 60.0
39 137 88.0
39 143 75.0
39 156 96.0
40 13 67.0
40 20 19.0
40 25 33.0
40 41 90.0
40 62 31.0
40 81 65.0
40 88 44.0
40 90 17.0
40 101 3.0
40 190 43.0
40 191 68.0
40 164 1.0
40 179 3.0
41 13 22.0
41 20 71.0
41 40 25.0
41 62 86.0
41 88 62.0
41 101 47.0
41 191 11.0
41 60 47.0
41 75 98.0
41 99 48.0
41 164 16.0
42 56 41.0
42 57 62.0
42 113 32.0
42 141 29.0
42 154 47.0
42 167 4.0
42 177 87.0
42 44 60.0
42 82 82.0
42 110 27.0
42 198 10.0
43 59 86.0
43 73 66.0
43 142 94.0
43 145 39.0
43 148 30.0
43 158 99.0
43 170 25.0
43 183 28.0
43 194 28.0
43 4 64.0
43 64 72.0
43 79 8.0
43 102 54.0
43 119 42.0
43 153 28.0
44 56 20.0
44 113 87.0
44 141 94.0
44 167 71.0
44 177 63.0
44 42 66.0
44 82 60.0
44 110 56.0
44 162 27.0
44 198 56.0
45 16 31.0
45 19 77.0
45 24 51.0
45 35 99.0
45 123 64.0
45 128 96.0
45 155 27.0
46 37 84.0
46 112 8.0
46 127 2.0
46 129 38.0
46 132 61.0
46 137 99.0
46 150 38.0
46 159 36.0
47 59 73.0
47 77 74.0
47 4 92.0
47 64 44.0
47 79 74.0
47 102 36.0
47 104 4.0
47 153 30.0
47 10 62.0
47 12 90.0
47 60 80.0
47 99 69.0
47 120 71.0
47 175 31.0
47 188 2.0
48 10 9.0
48 26 97.0
48 52 23.0
48 75 58.0
48 99 89.0
48 120 87.0
48 134 27.0
48 152 14.0
48 162 4.0
48 175 47.0
48 186 7.0
48 188 65.0
48 200 95.0
49 6 80.0
49 17 66.0
49 29 80.0
49 50 91.0
49 63 8.0
49 93 1.0
49 105 23.0
49 106 99.0
49 115 71.0
49 121 49.0
49 123 65.0
49 125 81.0
49 151 93.0
49 168 36.0
50 3 30.0
50 6 17.0
50 17 90.0
50 18 74.0
50 29 7.0
50 31 65.0
50 49 31.0
50 63 32.0
50 93 27.0
50 105 29.0
50 106 70.0
50 108 22.0
50 115 88.0
50 116 68.0
50 121 79.0
50 123 49.0
50 125 82.0
50 140 50.0
50 151 23.0
50 168 76.0
51 1 77.0
51 2 34.0
51 23 59.0
51 39 85.0
51 118 66.0
51 126 74.0
51 132 77.0
51 137 6.0
51 143 31.0
51 156 19.0
51 180 62.0
52 10 46.0
52 26 1.0
52 48 74.0
52 75 96.0
52 99 29.0
52 120 51.0
52 134 5.0
52 152 57.0
52 162 29.0
52 164 14.0
52 175 70.0
52 186 65.0
52 188 49.0
52 199 45.0
52 200 32.0
53 27 44.0
53 30 26.0
53 61 37.0
53 66 98.0
53 72 33.0
53 78 39.0
53 83 27.0
53 85 18.0
53 87 96.0
53 117 22.0
53 124 15.0
53 139 45.0
53 147 69.0
53 173 92.0
53 176 63.0
53 182 20.0
53 187 98.0
53 193 31.0
53 69 29.0
54 5 19.0
54 21 28.0
54 32 81.0
54 34 45.0
54 38 57.0
54 146 83.0
54 165 24.0
54 172 36.0
54 174 87.0
54 192 65.0
55 9 94.0
55 22 41.0
55 37 89.0
55 91 6.0
55 96 18.0
55 150 90.0
55 159 2.0
55 185 42.0
56 57 36.0
56 113 72.0
56 122 24.0
56 141 19.0
56 154 42.0
56 166 98.0
56 167 65.0
56 177 94.0
56 42 11.0
56 44 97.0
56 82 3.0
56 110 44.0
56 162 99.0
57 56 9.0
57 95 51.0
57 113 75.0
57 141 27.0
57 154 13.0
57 167 88.0
57 177 36.0
57 195 81.0
57 42 57.0
57 110 51.0
58 8 86.0
58 92 93.0
58 161 6.0
59 73 45.0
59 76 97.0
59 142 16.0
59 145 8.0
59 178 11.0
59 77 54.0
59 80 91.0
59 89 98.0
59 107 92.0
59 4 85.0
59 43 47.0
59 64 62.0
59 79 7.0
59 102 27.0
59 47 49.0
60 41 95.0
60 62 70.0
60 77 22.0
60 101 82.0
60 102 31.0
60 104 40.0
60 10 90.0
60 12 44.0
60 47 7.0
60 99 48.0
60 120 94.0
60 164 49.0
60 175 76.0
60 188 73.0
61 15 27.0
61 16 15.0
61 27 4.0
61 30 63.0
61 53 14.0
61 65 56.0
61 72 91.0
61 78 28.0
61 83 72.0
61 85 66.0
61 108 56.0
61 116 75.0
61 124 63.0
61 147 48.0
61 149 65.0
61 155 18.0
61 173 38.0
61 176 86.0
61 182 26.0
61 193 69.0
62 23 50.0
62 40 87.0
62 41 33.0
62 77 87.0
62 80 15.0
62 88 3.0
62 89 36.0
62 101 39.0
62 107 53.0
62 118 18.0
62 191 43.0
62 60 84.0
62 164 60.0
63 3 73.0
63 6 30.0
63 17 46.0
63 18 27.0
63 29 88.0
63 31 60.0
63 49 78.0
63 50 42.0
63 105 74.0
63 115 5.0
63 140 23.0
63 151 97.0
63 168 39.0
63 184 3.0
63 1 8.0
64 59 3.0
64 145 10.0
64 4 64.0
64 43 80.0
64 79 66.0
64 102 79.0
64 104 84.0
64 153 19.0
64 12 40.0
64 47 95.0
65 11 29.0
65 27 10.0
65 30 9.0
65 31 9.0
65 61 90.0
65 67 27.0
65 72 43.0
65 73 70.0
65 74 24.0
65 83 30.0
65 85 28.0
65 100 63.0
65 108 35.0
65 116 18.0
65 117 25.0
65 121 24.0
65 124 88.0
65 163 90.0
65 170 12.0
66 53 91.0
66 83 63.0
66 87 59.0
66 139 25.0
66 173 69.0
66 182 21.0
66 183 30.0
66 187 84.0
66 193 75.0
66 69 89.0
66 71 1.0
66 86 92.0
67 11 92.0
67 27 20.0
67 30 78.0
67 31 69.0
67 65 75.0
67 72 2.0
67 73 80.0
67 74 63.0
67 76 49.0
67 85 6.0
67 100 19.0
67 108 98.0
67 116 50.0
67 117 64.0
67 124 59.0
67 142 87.0
67 148 89.0
67 158 32.0
67 163 66.0
67 170 33.0
67 178 76.0
67 194 97.0
68 71 61.0
68 86 88.0
68 103 50.0
68 133 96.0
68 169 33.0
68 181 73.0
69 53 78.0
69 66 24.0
69 83 84.0
69 87 39.0
69 139 21.0
69 173 54.0
69 182 71.0
69 187 91.0
69 193 43.0
69 71 95.0
69 86 10.0
69 103 94.0
70 7 84.0
70 28 52.0
70 36 26.0
70 84 98.0
70 114 74.0
70 138 60.0
70 189 32.0
70 197 28.0
70 198 5.0
71 66 60.0
71 87 34.0
71 139 39.0
71 183 13.0
71 68 20.0
71 69 72.0
71 86 33.0
71 103 73.0
71 109 61.0
71 119 50.0
71 169 65.0
71 181 30.0
72 11 84.0
72 15 68.0
72 27 18.0
72 30 70.0
72 31 23.0
72 53 98.0
72 61 42.0
72 65 66.0
72 67 40.0
72 74 37.0
72 78 94.0
72 83 98.0
72 85 75.0
72 108 59.0
72 116 86.0
72 121 84.0
72 124 77.0
72 155 53.0
72 163 18.0
72 182 76.0
73 11 47.0
73 27 52.0
73 30 31.0
73 31 36.0
73 59 35.0
73 65 2.0
73 67 57.0
73 74 18.0
73 76 53.0
73 85 81.0
73 100 79.0
73 117 81.0
73 124 75.0
73 142 92.0
73 145 3.0
73 148 28.0
73 158 28.0
73 163 44.0
73 170 81.0
73 178 10.0
73 183 89.0
73 194 38.0
73 43 12.0
74 11 90.0
74 27 48.0
74 30 14.0
74 31 57.0
74 65 38.0
74 67 97.0
74 72 38.0
74 73 74.0
74 85 30.0
74 100 90.0
74 108 61.0
74 116 32.0
74 117 92.0
74 124 88.0
74 142 23.0
74 158 47.0
74 163 70.0
74 170 12.0
75 20 77.0
75 41 80.0
75 26 3.0
75 48 13.0
75 52 53.0
75 92 78.0
75 134 27.0
75 136 59.0
75 152 88.0
75 164 79.0
75 179 60.0
75 186 47.0
75 199 67.0
75 200 29.0
76 11 5.0
76 31 39.0
76 59 3.0
76 67 16.0
76 73 24.0
76 100 54.0
76 178 25.0
76 184 55.0
76 1 80.0
76 77 3.0
76 80 18.0
76 89 15.0
76 107 68.0
77 59 37.0
77 76 8.0
77 178 24.0
77 62 2.0
77 80 28.0
77 89 75.0
77 101 60.0
77 107 9.0
77 4 58.0
77 102 46.0
77 47 55.0
77 60 33.0
77 99 9.0
78 15 51.0
78 53 45.0
78 61 59.0
78 72 51.0
78 83 4.0
78 147 26.0
78 149 12.0
78 173 80.0
78 176 6.0
78 182 66.0
78 187 94.0
78 193 72.0
79 59 34.0
79 145 79.0
79 4 19.0
79 43 38.0
79 64 47.0
79 102 43.0
79 104 24.0
79 119 56.0
79 153 86.0
79 12 23.0
79 47 65.0
80 59 23.0
80 76 67.0
80 178 38.0
80 184 8.0
80 62 70.0
80 77 32.0
80 88 96.0
80 89 47.0
80 101 4.0
80 107 61.0
80 118 91.0
80 191 60.0
81 13 91.0
81 20 25.0
81 40 67.0
81 90 27.0
81 130 60.0
81 190 48.0
81 92 26.0
81 136 35.0
81 179 41.0
81 196 40.0
82 56 71.0
82 141 37.0
82 167 36.0
82 42 31.0
82 44 52.0
82 110 77.0
82 162 58.0
82 198 35.0
83 27 92.0
83 30 18.0
83 53 52.0
83 61 84.0
83 65 92.0
83 66 83.0
83 72 90.0
83 78 28.0
83 85 79.0
83 87 35.0
83 117 66.0
83 124 54.0
83 139 25.0
83 147 15.0
83 173 43.0
83 176 6.0
83 182 22.0
83 187 41.0
83 193 32.0
83 69 97.0
84 7 75.0
84 8 53.0
84 14 7.0
84 28 80.0
84 36 33.0
84 70 68.0
84 114 97.0
84 138 12.0
84 161 42.0
84 189 92.0
84 197 46.0
85 11 79.0
85 27 28.0
85 30 75.0
85 31 33.0
85 53 14.0
85 61 19.0
85 65 95.0
85 67 47.0
85 72 25.0
85 73 80.0
85 74 87.0
85 83 97.0
85 100 86.0
85 108 46.0
85 116 79.0
85 117 32.0
85 121 37.0
85 124 93.0
85 158 84.0
85 163 64.0
85 170 92.0
86 66 16.0
86 87 91.0
86 187 87.0
86 68 85.0
86 69 36.0
86 71 51.0
86 103 76.0
87 53 23.0
87 66 4.0
87 83 1.0
87 139 88.0
87 173 40.0
87 182 13.0
87 187 81.0
87 193 97.0
87 69 33.0
87 71 4.0
87 86 8.0
87 103 88.0
88 20 27.0
88 23 74.0
88 40 93.0
88 41 86.0
88 62 84.0
88 80 97.0
88 101 50.0
88 118 18.0
88 191 79.0
88 164 93.0
89 59 16.0
89 76 1.0
89 178 92.0
89 184 72.0
89 62 72.0
89 77 25.0
89 80 26.0
89 107 48.0
89 4 31.0
90 13 7.0
90 25 50.0
90 40 67.0
90 81 52.0
90 97 19.0
90 98 83.0
90 130 5.0
90 131 11.0
90 144 73.0
90 171 77.0
90 190 34.0
90 136 37.0
90 196 37.0
91 9 22.0
91 22 78.0
91 55 55.0
91 96 47.0
91 98 13.0
91 111 18.0
91 144 22.0
91 150 14.0
91 160 30.0
91 180 24.0
91 185 29.0
92 13 49.0
92 81 54.0
92 190 2.0
92 26 55.0
92 58 43.0
92 75 2.0
92 136 72.0
92 179 70.0
92 186 45.0
92 196 11.0
92 199 76.0
92 200 81.0
93 29 62.0
93 49 14.0
93 50 30.0
93 105 88.0
93 106 82.0
93 108 25.0
93 116 24.0
93 121 38.0
93 123 72.0
93 125 68.0
93 128 3.0
93 151 9.0
93 155 75.0
93 168 67.0
94 21 27.0
94 95 70.0
94 122 18.0
94 166 24.0
94 181 94.0
94 192 97.0
94 195 4.0
95 5 31.0
95 33 39.0
95 38 36.0
95 57 54.0
95 94 36.0
95 174 22.0
95 177 94.0
95 195 48.0
96 9 61.0
96 22 83.0
96 55 8.0
96 91 80.0
96 150 77.0
96 185 18.0
97 25 47.0
97 90 71.0
97 98 13.0
97 111 73.0
97 130 97.0
97 131 37.0
97 135 14.0
97 144 35.0
97 160 87.0
97 171 33.0
98 25 99.0
98 90 43.0
98 91 60.0
98 97 78.0
98 111 55.0
98 130 63.0
98 131 28.0
98 135 79.0
98 144 1.0
98 160 65.0
98 171 52.0
99 41 64.0
99 77 11.0
99 102 11.0
99 104 64.0
99 10 62.0
99 12 31.0
99 47 79.0
99 48 52.0
99 52 53.0
99 60 3.0
99 120 43.0
99 164 93.0
99 175 66.0
99 188 71.0
100 11 42.0
100 27 67.0
100 30 68.0
100 31 37.0
100 65 49.0
100 67 96.0
100 73 59.0
100 74 54.0
100 76 14.0
100 85 83.0
100 108 79.0
100 117 28.0
100 124 94.0
100 142 52.0
100 148 81.0
100 158 17.0
100 163 1.0
100 170 32.0
100 178 30.0
100 184 20.0
100 194 81.0
101 20 59.0
101 23 52.0
101 40 75.0
101 41 33.0
101 62 88.0
101 77 76.0
101 80 60.0
101 88 10.0
101 107 11.0
101 118 50.0
101 191 93.0
101 60 60.0
101 164 16.0
102 59 54.0
102 145 15.0
102 77 38.0
102 4 26.0
102 43 6.0
102 64 46.0
102 79 77.0
102 104 12.0
102 153 59.0
102 10 23.0
102 12 57.0
102 47 38.0
102 60 95.0
102 99 82.0
102 120 16.0
102 175 52.0
102 188 16.0
103 87 44.0
103 68 42.0
103 69 7.0
103 71 44.0
103 86 62.0
103 133 73.0
103 169 11.0
104 4 85.0
104 64 45.0
104 79 51.0
104 102 84.0
104 153 64.0
104 10 20.0
104 12 55.0
104 47 2.0
104 60 14.0
104 99 12.0
104 120 70.0
104 175 71.0
104 188 91.0
105 6 48.0
105 17 50.0
105 18 84.0
105 29 39.0
105 49 1.0
105 50 29.0
105 63 24.0
105 93 2.0
105 106 50.0
105 108 82.0
105 115 32.0
105 116 97.0
105 121 60.0
105 123 42.0
105 125 15.0
105 140 99.0
105 151 79.0
105 168 84.0
106 49 31.0
106 50 6.0
106 93 87.0
106 105 54.0
106 108 50.0
106 116 38.0
106 121 48.0
106 123 6.0
106 125 81.0
106 128 6.0
106 151 98.0
106 155 75.0
106 168 98.0
107 59 93.0
107 76 16.0
107 178 39.0
107 184 18.0
107 1 91.0
107 62 24.0
107 77 43.0
107 80 86.0
107 89 17.0
107 101 53.0
107 118 33.0
108 11 46.0
108 27 74.0
108 30 68.0
108 31 67.0
108 50 48.0
108 61 12.0
108 65 61.0
108 67 29.0
108 72 98.0
108 74 30.0
108 85 91.0
108 93 14.0
108 100 66.0
108 105 41.0
108 106 81.0
108 116 25.0
108 121 35.0
108 124 57.0
108 155 90.0
108 163 49.0
109 139 20.0
109 145 53.0
109 148 30.0
109 158 74.0
109 183 33.0
109 194 30.0
109 71 99.0
109 119 51.0
109 169 19.0
110 56 59.0
110 57 50.0
110 113 59.0
110 141 65.0
110 154 16.0
110 167 43.0
110 177 57.0
110 42 18.0
110 44 26.0
110 82 50.0
110 198 94.0
111 9 51.0
111 91 16.0
111 97 90.0
111 98 8.0
111 131 18.0
111 144 64.0
111 160 80.0
111 171 60.0
111 185 17.0
112 115 22.0
112 46 19.0
112 126 87.0
112 129 97.0
112 137 8.0
113 56 66.0
113 57 73.0
113 141 23.0
113 154 13.0
113 166 61.0
113 167 8.0
113 177 49.0
113 195 40.0
113 42 6.0
113 44 27.0
113 110 24.0
114 7 31.0
114 70 17.0
114 84 55.0
114 138 99.0
114 189 91.0
114 197 80.0
114 198 72.0
115 3 79.0
115 6 13.0
115 17 38.0
115 29 97.0
115 49 36.0
115 50 19.0
115 63 60.0
115 105 29.0
115 125 35.0
115 140 62.0
115 151 17.0
115 168 46.0
115 112 80.0
116 11 57.0
116 27 91.0
116 31 23.0
116 50 29.0
116 61 90.0
116 65 58.0
116 67 90.0
116 72 76.0
116 74 80.0
116 85 86.0
116 93 15.0
116 105 4.0
116 106 60.0
116 108 80.0
116 121 74.0
116 124 75.0
116 155 26.0
116 163 79.0
117 11 52.0
117 27 28.0
117 30 10.0
117 53 11.0
117 65 61.0
117 67 49.0
117 73 67.0
117 74 1.0
117 83 67.0
117 85 51.0
117 100 53.0
117 124 41.0
117 139 21.0
117 142 53.0
117 148 40.0
117 158 79.0
117 163 96.0
117 170 52.0
117 182 63.0
117 183 80.0
117 194 36.0
118 2 28.0
118 23 48.0
118 51 92.0
118 62 87.0
118 80 54.0
118 88 95.0
118 101 16.0
118 107 93.0
118 135 5.0
118 156 19.0
118 191 6.0
119 139 47.0
119 142 15.0
119 145 14.0
119 148 51.0
119 158 35.0
119 183 58.0
119 194 78.0
119 43 82.0
119 71 16.0
119 79 12.0
119 109 14.0
120 102 10.0
120 104 57.0
120 153 23.0
120 10 50.0
120 12 61.0
120 47 83.0
120 48 89.0
120 52 68.0
120 60 11.0
120 99 4.0
120 134 52.0
120 152 27.0
120 162 5.0
120 175 84.0
120 188 32.0
121 11 25.0
121 31 45.0
121 49 83.0
121 50 16.0
121 65 51.0
121 72 2.0
121 85 39.0
121 93 78.0
121 105 47.0
121 106 23.0
121 108 98.0
121 116 37.0
121 123 98.0
121 128 55.0
121 151 17.0
121 155 98.0
121 163 67.0
121 168 71.0
122 56 81.0
122 94 18.0
122 141 68.0
122 166 87.0
122 167 54.0
122 177 87.0
123 24 93.0
123 45 91.0
123 49 66.0
123 50 26.0
123 93 8.0
123 105 61.0
123 106 40.0
123 121 61.0
123 125 99.0
123 128 13.0
123 151 42.0
123 155 23.0
124 11 42.0
124 27 79.0
124 30 58.0
124 31 47.0
124 53 73.0
124 61 97.0
124 65 71.0
124 67 50.0
124 72 64.0
124 73 21.0
124 74 54.0
124 83 4.0
124 85 17.0
124 100 93.0
124 108 61.0
124 116 24.0
124 117 19.0
124 142 30.0
124 158 46.0
124 163 32.0
124 170 17.0
124 182 28.0
124 194 24.0
125 6 95.0
125 17 2.0
125 29 58.0
125 49 21.0
125 50 31.0
125 93 29.0
125 105 91.0
125 106 75.0
125 115 72.0
125 123 21.0
125 151 24.0
125 168 77.0
126 3 37.0
126 140 49.0
126 1 67.0
126 2 44.0
126 39 12.0
126 51 21.0
126 112 52.0
126 129 98.0
126 132 38.0
126 137 57.0
126 143 82.0
126 156 85.0
127 37 38.0
127 46 60.0
127 129 98.0
127 132 72.0
127 137 50.0
127 150 65.0
127 159 4.0
128 15 42.0
128 16 33.0
128 19 79.0
128 24 77.0
128 35 97.0
128 45 4.0
128 93 98.0
128 106 7.0
128 121 85.0
128 123 5.0
128 155 24.0
129 37 29.0
129 46 34.0
129 112 72.0
129 126 94.0
129 127 75.0
129 132 25.0
129 137 53.0
129 159 84.0
130 13 25.0
130 25 91.0
130 81 53.0
130 90 2.0
130 97 23.0
130 98 76.0
130 131 48.0
130 144 88.0
130 171 85.0
130 190 60.0
130 196 49.0
131 25 5.0
131 90 37.0
131 97 18.0
131 98 27.0
131 111 44.0
131 130 33.0
131 135 36.0
131 144 56.0
131 160 15.0
131 171 91.0
132 2 93.0
132 37 57.0
132 39 17.0
132 46 52.0
132 51 85.0
132 126 34.0
132 127 99.0
132 129 78.0
132 135 21.0
132 137 22.0
132 150 15.0
132 156 89.0
132 159 51.0
132 160 93.0
132 180 43.0
133 68 43.0
133 103 17.0
133 169 40.0
134 7 76.0
134 26 32.0
134 48 12.0
134 52 72.0
134 75 54.0
134 120 47.0
134 152 67.0
134 162 93.0
134 186 13.0
134 199 54.0
134 200 14.0
135 2 49.0
135 23 75.0
135 25 71.0
135 97 86.0
135 98 71.0
135 118 44.0
135 131 96.0
135 132 73.0
135 156 24.0
135 160 45.0
135 180 34.0
136 13 35.0
136 20 13.0
136 81 19.0
136 90 51.0
136 190 2.0
136 75 80.0
136 92 29.0
136 179 12.0
136 196 13.0
136 199 25.0
137 37 30.0
137 39 31.0
137 46 86.0
137 51 86.0
137 112 18.0
137 126 56.0
137 127 41.0
137 129 15.0
137 132 41.0
137 143 77.0
137 150 62.0
137 159 12.0
137 180 57.0
138 7 57.0
138 8 85.0
138 14 44.0
138 26 94.0
138 28 21.0
138 36 31.0
138 70 71.0
138 84 52.0
138 114 8.0
138 161 97.0
138 189 9.0
138 197 81.0
138 200 86.0
139 27 25.0
139 30 7.0
139 53 73.0
139 66 47.0
139 83 74.0
139 87 99.0
139 117 74.0
139 148 39.0
139 158 19.0
139 170 83.0
139 173 55.0
139 182 8.0
139 183 59.0
139 187 95.0
139 193 56.0
139 194 81.0
139 69 35.0
139 71 59.0
139 109 42.0
139 119 87.0
140 3 40.0
140 6 90.0
140 17 6.0
140 18 67.0
140 29 99.0
140 50 45.0
140 63 60.0
140 105 10.0
140 115 15.0
140 168 59.0
140 1 17.0
140 126 85.0
140 143 43.0
141 56 69.0
141 57 86.0
141 113 63.0
141 122 24.0
141 154 24.0
141 166 61.0
141 167 23.0
141 177 48.0
141 42 22.0
141 44 60.0
141 82 19.0
141 110 82.0
141 162 57.0
142 11 27.0
142 27 30.0
142 30 1.0
142 31 33.0
142 59 59.0
142 67 70.0
142 73 54.0
142 74 41.0
142 100 79.0
142 117 21.0
142 124 83.0
142 145 4.0
142 148 27.0
142 158 57.0
142 163 47.0
142 170 82.0
142 183 45.0
142 194 8.0
142 43 23.0
142 119 19.0
143 3 31.0
143 140 37.0
143 1 31.0
143 2 27.0
143 23 8.0
143 39 34.0
143 51 82.0
143 126 80.0
143 137 81.0
143 156 49.0
144 25 97.0
144 90 42.0
144 91 55.0
144 97 52.0
144 98 56.0
144 111 62.0
144 130 48.0
144 131 71.0
144 160 26.0
144 171 57.0
145 59 35.0
145 73 93.0
145 142 17.0
145 148 69.0
145 158 49.0
145 170 53.0
145 183 10.0
145 194 84.0
145 4 2.0
145 43 78.0
145 64 6.0
145 79 39.0
145 102 2.0
145 109 95.0
145 119 64.0
146 5 38.0
146 21 50.0
146 32 93.0
146 34 84.0
146 38 44.0
146 54 56.0
146 165 2.0
146 172 29.0
146 174 55.0
146 192 86.0
147 15 45.0
147 53 75.0
147 61 60.0
147 78 61.0
147 83 11.0
147 149 19.0
147 173 75.0
147 176 76.0
147 193 27.0
148 27 68.0
148 30 17.0
148 67 19.0
148 73 4.0
148 100 98.0
148 117 9.0
148 139 58.0
148 142 93.0
148 145 63.0
148 158 48.0
148 170 34.0
148 183 38.0
148 194 82.0
148 43 41.0
148 109 34.0
148 119 23.0
149 15 82.0
149 16 12.0
149 19 73.0
149 61 44.0
149 78 83.0
149 147 28.0
149 157 58.0
149 176 94.0
150 9 71.0
150 22 33.0
150 37 76.0
150 46 99.0
150 55 60.0
150 91 72.0
150 96 88.0
150 127 29.0
150 132 59.0
150 137 1.0
150 159 94.0
150 160 51.0
150 180 44.0
151 6 16.0
151 17 78.0
151 29 67.0
151 49 73.0
151 50 26.0
151 63 35.0
151 93 72.0
151 105 36.0
151 106 58.0
151 115 19.0
151 121 80.0
151 123 7.0
151 125 29.0
151 168 59.0
152 7 57.0
152 10 9.0
152 26 96.0
152 48 58.0
152 52 28.0
152 75 89.0
152 120 22.0
152 134 43.0
152 162 85.0
152 175 59.0
152 186 64.0
152 199 65.0
152 200 26.0
153 4 17.0
153 43 99.0
153 64 1.0
153 79 31.0
153 102 87.0
153 104 77.0
153 10 98.0
153 12 88.0
153 47 28.0
153 120 68.0
153 175 40.0
153 188 84.0
154 56 4.0
154 57 50.0
154 113 15.0
154 141 34.0
154 167 48.0
154 177 51.0
154 195 95.0
154 42 5.0
154 110 87.0
155 15 24.0
155 16 21.0
155 19 92.0
155 24 28.0
155 45 69.0
155 61 52.0
155 72 39.0
155 93 51.0
155 106 18.0
155 108 50.0
155 116 50.0
155 121 46.0
155 123 88.0
155 128 55.0
156 1 62.0
156 2 79.0
156 23 2.0
156 39 30.0
156 51 10.0
156 118 65.0
156 126 60.0
156 132 91.0
156 135 28.0
156 143 47.0
156 180 52.0
157 15 43.0
157 16 54.0
157 19 48.0
157 24 20.0
157 35 50.0
157 149 36.0
158 27 49.0
158 30 29.0
158 67 38.0
158 73 53.0
158 74 74.0
158 85 8.0
158 100 25.0
158 117 54.0
158 124 72.0
158 139 97.0
158 142 13.0
158 145 45.0
158 148 25.0
158 170 32.0
158 183 21.0
158 194 54.0
158 43 11.0
158 109 85.0
158 119 82.0
159 37 65.0
159 46 18.0
159 55 85.0
159 127 49.0
159 129 43.0
159 132 98.0
159 137 26.0
159 150 20.0
159 180 37.0
160 2 6.0
160 25 78.0
160 91 44.0
160 97 4.0
160 98 8.0
160 111 51.0
160 131 4.0
160 132 22.0
160 135 78.0
160 144 74.0
160 150 40.0
160 180 76.0
161 8 51.0
161 14 35.0
161 36 40.0
161 58 92.0
161 84 35.0
161 138 9.0
162 56 75.0
162 141 42.0
162 167 63.0
162 10 85.0
162 12 25.0
162 44 6.0
162 48 99.0
162 52 44.0
162 82 18.0
162 120 97.0
162 134 62.0
162 152 42.0
162 175 63.0
162 188 47.0
163 11 18.0
163 27 3.0
163 30 40.0
163 31 18.0
163 65 29.0
163 67 39.0
163 72 80.0
163 73 3.0
163 74 43.0
163 85 51.0
163 100 71.0
163 108 60.0
163 116 30.0
163 117 16.0
163 121 67.0
163 124 79.0
163 142 1.0
163 170 55.0
164 20 15.0
164 40 49.0
164 41 82.0
164 62 17.0
164 88 57.0
164 101 61.0
164 191 5.0
164 52 17.0
164 60 7.0
164 75 50.0
164 99 55.0
164 188 86.0
165 5 31.0
165 21 83.0
165 32 35.0
165 34 58.0
165 38 49.0
165 54 11.0
165 146 18.0
165 172 58.0
165 174 83.0
165 192 73.0
166 56 38.0
166 94 30.0
166 113 56.0
166 122 43.0
166 141 9.0
166 167 6.0
166 177 15.0
167 56 71.0
167 57 73.0
167 113 38.0
167 122 78.0
167 141 70.0
167 154 85.0
167 166 81.0
167 177 19.0
167 42 30.0
167 44 40.0
167 82 30.0
167 110 8.0
167 162 45.0
168 3 58.0
168 6 86.0
168 17 78.0
168 18 81.0
168 29 54.0
168 31 87.0
168 49 76.0
168 50 41.0
168 63 33.0
168 93 33.0
168 105 5.0
168 106 85.0
168 115 46.0
168 121 4.0
168 125 94.0
168 140 56.0
168 151 22.0
169 68 86.0
169 71 68.0
169 103 24.0
169 109 21.0
169 133 52.0
169 181 1.0
170 11 82.0
170 27 83.0
170 30 14.0
170 31 13.0
170 65 96.0
170 67 82.0
170 73 69.0
170 74 7.0
170 85 29.0
170 100 1.0
170 117 72.0
170 124 44.0
170 139 25.0
170 142 24.0
170 145 16.0
170 148 76.0
170 158 14.0
170 163 24.0
170 183 4.0
170 194 48.0
170 43 84.0
171 25 31.0
171 90 78.0
171 97 63.0
171 98 47.0
171 111 24.0
171 130 29.0
171 131 71.0
171 144 13.0
172 21 56.0
172 32 37.0
172 34 79.0
172 54 80.0
172 146 32.0
172 165 57.0
172 192 59.0
173 30 61.0
173 53 52.0
173 61 98.0
173 66 7.0
173 78 91.0
173 83 71.0
173 87 52.0
173 139 56.0
173 147 96.0
173 176 80.0
173 182 84.0
173 187 46.0
173 193 28.0
173 69 1.0
174 5 14.0
174 21 96.0
174 32 70.0
174 33 24.0
174 34 17.0
174 38 59.0
174 54 36.0
174 95 18.0
174 146 82.0
174 165 47.0
174 192 93.0
175 102 82.0
175 104 27.0
175 153 85.0
175 10 36.0
175 12 14.0
175 47 63.0
175 48 77.0
175 52 10.0
175 60 25.0
175 99 18.0
175 120 94.0
175 152 29.0
175 162 49.0
175 188 23.0
176 15 71.0
176 53 45.0
176 61 15.0
176 78 15.0
176 83 32.0
176 147 51.0
176 149 16.0
176 173 28.0
176 182 5.0
176 187 63.0
176 193 48.0
177 56 97.0
177 57 75.0
177 95 97.0
177 113 98.0
177 122 97.0
177 141 49.0
177 154 81.0
177 166 71.0
177 167 22.0
177 195 80.0
177 42 85.0
177 44 33.0
177 110 12.0
178 11 85.0
178 31 4.0
178 59 56.0
178 67 38.0
178 73 12.0
178 76 42.0
178 100 59.0
178 184 96.0
178 1 32.0
178 77 79.0
178 80 52.0
178 89 83.0
178 107 73.0
179 13 15.0
179 20 84.0
179 40 58.0
179 81 11.0
179 190 14.0
179 26 57.0
179 75 15.0
179 92 83.0
179 136 58.0
179 196 19.0
179 199 62.0
179 200 28.0
180 2 60.0
180 37 56.0
180 51 82.0
180 91 70.0
180 132 38.0
180 135 49.0
180 137 68.0
180 150 29.0
180 156 84.0
180 159 37.0
180 160 82.0
181 68 70.0
181 71 45.0
181 94 60.0
181 169 58.0
181 192 48.0
182 27 88.0
182 30 66.0
182 53 39.0
182 61 62.0
182 66 39.0
182 72 21.0
182 78 37.0
182 83 81.0
182 87 21.0
182 117 1.0
182 124 81.0
182 139 63.0
182 173 34.0
182 176 91.0
182 183 78.0
182 187 34.0
182 193 12.0
182 194 60.0
182 69 50.0
183 27 78.0
183 30 10.0
183 66 22.0
183 73 50.0
183 117 35.0
183 139 23.0
183 142 76.0
183 145 19.0
183 148 77.0
183 158 14.0
183 170 47.0
183 182 45.0
183 194 13.0
183 43 88.0
183 71 16.0
183 109 30.0
183 119 30.0
184 18 78.0
184 31 2.0
184 63 94.0
184 76 74.0
184 100 86.0
184 178 23.0
184 1 79.0
184 80 41.0
184 89 76.0
184 107 6.0
185 9 46.0
185 22 35.0
185 55 75.0
185 91 41.0
185 96 96.0
185 111 49.0
186 7 88.0
186 8 92.0
186 26 31.0
186 48 90.0
186 52 73.0
186 75 4.0
186 92 8.0
186 134 94.0
186 152 49.0
186 199 88.0
186 200 53.0
187 53 32.0
187 66 88.0
187 78 2.0
187 83 66.0
187 87 62.0
187 139 96.0
187 173 57.0
187 176 77.0
187 182 31.0
187 193 94.0
187 69 71.0
187 86 17.0
188 4 58.0
188 102 57.0
188 104 73.0
188 153 88.0
188 10 63.0
188 12 29.0
188 47 67.0
188 48 91.0
188 52 67.0
188 60 15.0
188 99 84.0
188 120 62.0
188 162 45.0
188 164 69.0
188 175 1.0
189 7 78.0
189 8 17.0
189 28 68.0
189 36 82.0
189 70 68.0
189 84 83.0
189 114 87.0
189 138 58.0
189 197 4.0
190 13 35.0
190 20 65.0
190 40 84.0
190 81 82.0
190 90 90.0
190 130 4.0
190 92 46.0
190 136 24.0
190 179 67.0
190 196 68.0
191 13 97.0
191 20 93.0
191 23 91.0
191 40 98.0
191 41 15.0
191 62 3.0
191 80 15.0
191 88 92.0
191 101 28.0
191 118 27.0
191 164 38.0
192 5 32.0
192 21 51.0
192 32 37.0
192 34 84.0
192 38 20.0
192 54 39.0
192 94 20.0
192 146 7.0
192 165 92.0
192 172 60.0
192 174 51.0
192 181 76.0
193 53 81.0
193 61 86.0
193 66 17.0
193 78 32.0
193 83 81.0
193 87 65.0
193 139 62.0
193 147 51.0
193 173 53.0
193 176 73.0
193 182 76.0
193 187 25.0
193 69 85.0
194 27 92.0
194 30 13.0
194 67 40.0
194 73 27.0
194 100 14.0
194 117 6.0
194 124 54.0
194 139 9.0
194 142 28.0
194 145 90.0
194 148 7.0
194 158 32.0
194 170 89.0
194 182 62.0
194 183 6.0
194 43 66.0
194 109 62.0
194 119 2.0
195 33 56.0
195 57 20.0
195 94 35.0
195 95 89.0
195 113 41.0
195 154 50.0
195 177 55.0
196 13 70.0
196 81 62.0
196 90 60.0
196 130 2.0
196 190 82.0
196 92 28.0
196 136 28.0
196 179 88.0
197 7 68.0
197 36 62.0
197 70 81.0
197 84 70.0
197 114 85.0
197 138 2.0
197 189 42.0
197 198 91.0
198 42 97.0
198 44 25.0
198 70 68.0
198 82 19.0
198 110 80.0
198 114 87.0
198 197 93.0
199 8 55.0
199 26 96.0
199 52 97.0
199 75 8.0
199 92 65.0
199 134 19.0
199 136 96.0
199 152 63.0
199 179 69.0
199 186 25.0
199 200 97.0
200 7 24.0
200 8 40.0
200 26 96.0
200 48 64.0
200 52 82.0
200 75 46.0
200 92 49.0
200 134 93.0
200 138 67.0
200 152 63.0
200 179 77.0
200 186 11.0
200 199 49.0
