2 633
4 825
5 370
6 24
8 650
9 224
10 66
14 801
17 444
16 533
19 166
20 732
23 348
22 740
25 514
27 796
28 54
30 640
34 956
39 982
36 996
37 637
43 488
41 695
46 705
47 911
48 101
53 328
62 836
61 722
60 36
71 415
64 728
65 583
76 881
77 203
78 112
72 303
73 154
75 267
85 112
87 695
86 837
81 876
95 790
101 441
99 727
110 502
108 72
107 899
105 118
119 481
117 807
115 277
113 287
112 345
127 456
126 124
125 796
123 347
122 132
120 303
137 805
139 227
138 805
143 690
142 951
129 476
128 745
131 599
130 539
133 363
134 491
152 477
153 533
157 320
159 708
145 986
147 388
148 737
171 217
173 389
172 945
167 669
166 30
165 329
186 673
187 570
191 656
178 63
176 765
183 412
197 800
196 883
199 385
198 139
193 540
192 544
195 665
194 663
