90.77734099268429 183.17992521374293 0.0
45.099302301833546 98.76490334184214 0.0
2.228797564644025 145.542575736893 0.0
46.55229079376741 101.4256103677382 0.0
65.0966171133602 20.78706862840203 0.0
30.366543366893218 39.818469532361746 0.0
32.32659330210779 45.278969267863744 0.0
191.42597654002492 16.76960475252742 0.0
159.72783641826288 60.745389579342344 0.0
47.11505104092093 167.40295482895132 0.0
54.556088368138504 76.26661047881902 0.0
132.5021017512368 10.280346558942078 0.0
51.252492508252054 99.66105292974648 0.0
28.7970062822162 174.4687049463507 0.0
33.069592160801456 58.21601360477975 0.0
98.20925407710294 83.91258800269819 0.0
72.41773318492793 9.38054221035034 0.0
168.05937273506083 1.7793351820100334 0.0
198.1167374198666 153.95110713651906 0.0
57.97288886578229 89.98303833946149 0.0
14.339176620913374 7.444484485936331 0.0
76.21290619984822 22.88277696902965 0.0
193.88325770910916 59.76663791264809 0.0
24.683600010211748 9.189500370813985 0.0
47.5147260914115 158.95019296285946 0.0
46.863801209886404 22.405059201218403 0.0
31.468939269352592 91.64737064736876 0.0
28.906168785969765 17.65590742695611 0.0
196.80569036875391 1.229117185809403 0.0
21.364167263914435 121.57313655426016 0.0
7.160968289764291 183.75538934368294 0.0
87.48553889876895 21.909460173838458 0.0
55.541446101139805 32.745516586824095 0.0
103.73758165260803 54.87292876042391 0.0
196.15894903415082 65.59167963691928 0.0
139.20604253842163 190.69615870490586 0.0
73.90386434066166 57.62255766557078 0.0
122.73605298914521 51.74889647185237 0.0
181.90782430057553 134.23830298871576 0.0
170.16009569282045 62.54095459712139 0.0
6.7477896958825 27.20208648891651 0.0
188.68450380130986 27.251348962302792 0.0
131.1949632202335 188.08737306875796 0.0
1.482602582159176 57.958813921105424 0.0
156.01378980371172 70.04439450797794 0.0
42.769155469034814 35.537763108775366 0.0
175.16764638378987 38.46310203104299 0.0
62.1073366407678 75.22284286936684 0.0
92.8894710464248 51.77411464173112 0.0
46.42599986078459 190.13436403719933 0.0
106.42723267262608 65.54317023533692 0.0
119.20157813992193 98.59586086977727 0.0
194.87552009404607 56.178611818970396 0.0
108.48559343118434 104.8641947195478 0.0
52.356224372155346 34.98564986769295 0.0
188.93514921913092 197.93156539768512 0.0
182.91284915432573 28.96500939804614 0.0
97.7304937338611 159.34795917922258 0.0
34.83446577081955 141.66776432290385 0.0
100.24026201983145 148.55157947650417 0.0
93.72697619832404 75.5822141660539 0.0
138.52150109621454 142.9838442403377 0.0
176.50082146203155 96.94267356962104 0.0
34.218262574461924 150.30464677957968 0.0
172.5459748304668 154.51410070841425 0.0
37.149009018806 81.31261788878817 0.0
163.71643395210833 125.8206373964715 0.0
11.84965187217446 174.71417740631563 0.0
21.348174244916905 157.45012695343274 0.0
136.56572886409484 98.67422259177809 0.0
26.38594106412897 190.4806886453759 0.0
152.6635487105455 119.12043457733981 0.0
187.79592754584823 17.73968026357833 0.0
147.15698063850255 21.062112469862427 0.0
144.79284959831173 6.519157899586636 0.0
177.02287889699494 196.72362939668395 0.0
30.01163632404804 138.5363260402898 0.0
151.20484076450708 73.08162270363385 0.0
43.60530119758004 68.34123984717766 0.0
74.68154630635723 41.434081305420435 0.0
142.35235423778192 82.03827162509327 0.0
28.702390800812474 72.91855301388415 0.0
183.2085118155302 150.10189659390508 0.0
112.26983608564424 56.435817172977764 0.0
77.33910533628357 111.23126067720818 0.0
2.174317774160728 179.22429979097117 0.0
8.520110304658335 198.60231943860904 0.0
2.364250378146937 185.36976814069232 0.0
148.897309909261 25.540146735431456 0.0
48.160090709321615 93.82369040001441 0.0
165.44465603194328 184.54820713217276 0.0
106.79811477476586 135.04285818766377 0.0
152.06445211066517 181.79545502179278 0.0
173.016022135356 74.15188254985617 0.0
45.12354762859723 128.576104484951 0.0
196.86912755251242 128.56921654916255 0.0
84.32130018372632 41.921075396526454 0.0
0.6923899808561673 159.3264599006703 0.0
66.13660725142975 168.45406977449676 0.0
143.1001466947026 117.84974984312697 0.0
3.7028984721225955 38.749435754987616 0.0
170.14193608684 63.76106444641352 0.0
154.81154501205648 183.8628924667567 0.0
157.20942996615295 34.29639991231455 0.0
8.845610751848065 1.3703598708194376 0.0
90.01593314127885 42.22678476385151 0.0
133.7976341449971 145.16415205430604 0.0
58.94662154778414 106.70720551847175 0.0
176.1264355587603 31.419856157986835 0.0
48.304125833123955 80.26751698471793 0.0
179.05975239706285 2.5613141928187755 0.0
90.45069901382602 125.19855201061489 0.0
139.05086261556232 171.7151084112085 0.0
124.57476038155278 13.875623380982693 0.0
155.44909785733597 182.06015642946062 0.0
50.78613988335894 180.1007703171544 0.0
45.04551934540493 58.64189860612568 0.0
2.470953104003226 32.334056245955445 0.0
91.00681964675978 4.634780799161775 0.0
173.31356772298403 54.72338146710387 0.0
74.81183634272939 199.7007313286234 0.0
30.119676253711127 68.13126451062016 0.0
100.15681059188147 195.00539084351465 0.0
18.551117660848803 100.89619418370566 0.0
159.39700910074254 167.61790332568737 0.0
126.10955963625403 27.855082070365356 0.0
115.94388591048894 96.43420208696345 0.0
105.18277979870419 76.19257112722431 0.0
180.13851615858246 52.427732612916046 0.0
178.69383540964904 67.9718869492997 0.0
41.473671029605484 57.94559945003754 0.0
51.86995293163821 71.74103407733664 0.0
186.63836516932327 162.93227258745776 0.0
35.87457838390775 169.39724666859442 0.0
180.7103316665006 110.37693000580455 0.0
52.52248941390523 109.53152214175307 0.0
17.923432850120548 18.94469726928598 0.0
34.024591576337926 114.76434341639093 0.0
58.78853932863821 97.66604306917965 0.0
157.68543228805675 38.1225224553317 0.0
161.94806584529815 125.72261606435711 0.0
62.703108710004884 22.296372033973434 0.0
191.99578301147935 79.78196453515048 0.0
84.6977746896249 5.655320401093777 0.0
138.59520564566594 71.9975950696474 0.0
13.321596356416254 40.189217826789545 0.0
17.581371076227615 73.70483384683126 0.0
129.27938154980342 39.08165587262786 0.0
141.3323282745065 143.0071299025683 0.0
109.3159272476233 55.410626586528736 0.0
43.548354785840935 48.86142643441313 0.0
1.2024378810486347 108.5109774749946 0.0
122.6783739666695 89.9352740590668 0.0
65.48113146288064 120.82213061947384 0.0
128.5845789005988 143.42250772509706 0.0
56.703583039554076 105.58359459466458 0.0
158.6380156657409 147.16825271952905 0.0
74.12498360401212 154.529962538845 0.0
52.289175748166784 117.86822980636748 0.0
50.29303415476054 14.775941587343123 0.0
177.25943411514453 38.77123173412289 0.0
65.69672356170817 115.37126680995131 0.0
185.85067985724174 112.22786303629306 0.0
178.6169251750814 6.544243583401266 0.0
186.47186343152435 165.59254935495608 0.0
141.54709001074806 108.441764809947 0.0
123.33310788192571 23.4000662326318 0.0
39.02913640779717 31.212793689419073 0.0
186.35919861590347 14.401635580981932 0.0
126.47598062764959 124.5712057427496 0.0
183.7261466332408 68.96002796756231 0.0
175.5288216307909 142.51311767451475 0.0
1.0258767369034194 80.46686260803637 0.0
38.72391667862354 167.65279940405182 0.0
143.91577755365623 153.8595946829672 0.0
134.71991212442634 29.68026721240453 0.0
115.2113068502428 44.97959148307298 0.0
125.06367514516741 173.73293482477854 0.0
12.731556446961644 106.42680606994179 0.0
4.44886281576895 87.01247455449959 0.0
50.809052938218066 198.73068378695416 0.0
158.64819003925373 175.7673643966434 0.0
106.2268097441325 100.07090723385403 0.0
57.77685580845857 199.8004678195131 0.0
68.4470911269852 153.4456585082465 0.0
147.27112034811813 17.950176879665513 0.0
134.34796760763788 27.09925063804843 0.0
174.9427220200857 75.53263954174886 0.0
29.285311192674545 132.18483296783577 0.0
49.69619073095082 173.521734424953 0.0
59.149341348436145 41.05221844228086 0.0
165.9728513346767 199.28236319319615 0.0
102.18659702520236 180.2146234864614 0.0
147.71172773947052 69.96191936435523 0.0
134.70952820520583 133.9624843516613 0.0
166.5943117590039 142.18365777218258 0.0
51.41766649162434 87.75631336254696 0.0
171.56644851085306 175.47482268692318 0.0
188.90575841063762 64.94483350904261 0.0
130.1074524606752 1.901520505684129 0.0
