3 210
4 295
5 322
6 152
11 907
13 664
14 208
15 918
16 113
19 885
18 341
23 71
27 496
26 9
29 214
28 259
31 635
34 470
35 145
32 69
38 25
39 832
36 452
37 192
43 903
40 724
47 557
45 730
49 607
48 413
53 568
59 87
58 454
60 27
68 703
69 557
70 779
71 807
65 619
67 776
78 899
79 232
73 17
75 705
86 881
80 379
82 600
93 255
102 426
98 739
110 383
111 90
108 887
106 413
107 180
104 832
105 469
117 414
114 862
113 783
127 550
126 923
123 364
121 70
120 58
136 853
138 710
141 928
140 424
142 407
131 833
134 357
152 805
154 757
155 9
159 670
145 552
148 939
149 542
150 981
151 740
169 159
168 593
174 503
173 948
160 452
167 360
166 959
165 566
187 524
190 597
191 745
188 398
189 208
178 117
179 535
182 875
183 103
205 612
207 755
198 590
195 698
220 733
221 642
222 982
223 592
217 47
218 633
219 553
212 315
211 524
239 279
236 45
235 829
228 227
227 279
226 173
225 888
224 853
254 264
253 71
251 729
248 540
246 314
240 170
241 424
275 72
273 31
278 700
276 663
282 571
281 876
256 290
257 765
261 772
266 35
267 473
270 653
271 377
269 31
305 577
304 912
307 269
308 426
311 793
310 395
317 33
318 662
291 77
293 126
295 535
296 286
298 76
299 955
300 81
302 57
303 806
341 575
340 664
338 731
351 931
350 456
348 377
347 271
326 438
327 635
323 489
334 324
335 249
331 945
328 417
329 243
369 602
368 501
380 861
357 658
358 675
359 877
355 951
364 385
366 280
360 602
361 913
363 663
410 841
411 893
409 247
414 871
415 22
412 464
402 346
403 717
407 946
405 239
395 960
393 30
399 649
397 601
387 681
386 865
385 355
384 335
391 381
389 89
440 722
443 335
445 209
447 684
435 464
436 701
439 249
424 723
429 938
428 503
431 711
430 693
416 585
418 779
423 545
422 922
478 799
479 600
474 129
475 226
472 790
473 166
470 198
468 912
469 996
466 139
463 207
462 390
460 691
459 554
457 792
454 430
453 341
451 602
498 69
499 857
492 228
495 88
494 259
488 288
490 175
486 282
481 598
480 854
483 73
482 194
