47.332726054105436 146.21395119475633 0.0
12.125185383839 44.30732393430012 0.0
36.287694265348456 42.79735627688861 0.0
137.09426848220366 83.84428224748532 0.0
31.66714660403931 64.13141529240667 0.0
29.68690978983941 133.60125895745907 0.0
113.16993512522411 47.22485032773696 0.0
18.56887302369241 126.4713342997783 0.0
138.73545856706454 72.61305436019394 0.0
35.283720249643366 115.82960107834606 0.0
23.92608069687425 155.89509289100283 0.0
197.87035785009226 153.8042754180592 0.0
171.9322150661728 148.89767579179411 0.0
50.330985649354055 10.891701881688265 0.0
85.01688516425132 176.83937598662285 0.0
42.770035339043 83.69864074266363 0.0
135.28659134402926 80.25119630644339 0.0
87.21993383291957 8.103190969124597 0.0
75.99585283399266 179.04241624891475 0.0
30.614872501063715 71.88334460367412 0.0
134.16295355629552 30.983429829013588 0.0
49.06911795998601 103.87009170491905 0.0
41.09483317268436 118.01013640470815 0.0
86.56161521678176 105.93977069761988 0.0
129.4892767814689 161.1372222755217 0.0
136.32404624791565 89.66815971159497 0.0
54.10303886700378 38.40049416970803 0.0
194.67473506697004 181.22664219635197 0.0
177.54460102441996 60.13125771495478 0.0
104.73618864833405 66.10859815434075 0.0
3.5708146372504856 41.99852396407624 0.0
51.41930986027159 59.531931997717265 0.0
37.33686672771306 8.63765846755764 0.0
169.2526283978063 108.87151023411957 0.0
105.36931242636503 59.31686190140335 0.0
181.0802656131666 61.233106855268396 0.0
77.60230813707922 131.9757498040643 0.0
198.34761818660533 162.28821461612702 0.0
99.63740814552568 113.10302823053327 0.0
182.63905681439084 191.74689854140706 0.0
65.45767301943606 158.3031579996198 0.0
93.32727461250265 86.35377378271684 0.0
139.14707073271884 12.0346616884901 0.0
27.63918143592128 153.04986150852707 0.0
68.73655287806845 144.88553343071993 0.0
97.13866023273062 32.95095789498621 0.0
26.118424828058195 62.88405593989241 0.0
178.5716566965705 41.05102494149653 0.0
154.04100126628157 185.72614346483664 0.0
27.214533074647097 177.06682576901895 0.0
104.51578487747307 39.43310762448531 0.0
147.31182670833135 179.5978167096579 0.0
12.539785438900775 163.83656573629634 0.0
76.88496076418707 78.78331691433249 0.0
164.85588259703187 96.42006642131055 0.0
163.1386295016295 191.89652091808637 0.0
95.544423610956 61.42974592958832 0.0
79.88709254367706 1.8229453434433163 0.0
168.55957902056647 166.79922794358401 0.0
69.86768114858037 60.1285821668518 0.0
91.8943366716479 191.31668493634123 0.0
182.5043533933225 164.43095780765796 0.0
48.87823090879828 30.594901758271664 0.0
21.629344713543407 174.0439303011739 0.0
29.18230387583609 162.78795543215165 0.0
117.8662209076092 148.37515594648153 0.0
95.42607277809043 93.63083557756893 0.0
196.82309555647038 19.312598528080493 0.0
130.8515468907986 45.26137979472773 0.0
126.93994897870925 141.84464814820285 0.0
79.34977985667813 164.41639960406803 0.0
199.77938499101117 6.415920441167167 0.0
11.195576586206668 42.977026196165546 0.0
20.745421289873644 142.0287857433444 0.0
126.1664674282568 167.4707612506503 0.0
69.66028551066816 190.85850581337914 0.0
40.2921940002888 44.0208533007038 0.0
128.3243988331228 93.15749121400762 0.0
193.3014423725087 181.36625437910828 0.0
66.1301657785616 85.48227324883231 0.0
160.90276347885143 56.95818275251685 0.0
124.99539660828103 185.7843060564919 0.0
59.35688040606064 39.772320800029746 0.0
51.32759067724639 15.663788727426486 0.0
89.36811812769136 198.35831349361453 0.0
185.42548501010452 193.09333170754687 0.0
182.14270460031844 183.78110151807888 0.0
137.6698063728517 118.17615386059718 0.0
82.53225580820265 144.491488388847 0.0
156.0502108274139 170.01137180012608 0.0
32.5009414976829 103.79606589601977 0.0
121.0209416149905 134.49667650068133 0.0
102.72514260334553 10.479486964948004 0.0
91.37291398947134 90.90648045144178 0.0
160.9547931496901 159.26488288148676 0.0
68.7552539342722 199.34161669607556 0.0
62.83584009830865 70.18104729003392 0.0
148.67471693989978 51.65418461605211 0.0
104.21361944219414 14.53774216579713 0.0
82.24663093501943 75.20923914454613 0.0
83.50721528850391 180.09343997432424 0.0
85.6663659158363 111.85265524223853 0.0
88.56518973054071 179.13245607868078 0.0
103.31563511188718 133.71237423978585 0.0
144.48347479119877 20.551389867920356 0.0
55.61325614691426 102.96802820918009 0.0
137.18632513415972 190.68752177601536 0.0
84.16528897694022 34.481818701357206 0.0
162.1418015449353 117.50460734164672 0.0
44.46481876164932 178.19117511515535 0.0
38.4033158454999 28.884437271539355 0.0
90.3368993567 102.42178235346503 0.0
175.23930438060174 58.15517688085621 0.0
144.51957906408254 129.78711744369855 0.0
81.93323331261688 198.62048812253443 0.0
156.2171370172261 54.09862114561537 0.0
170.9065571581902 163.73608126948082 0.0
109.15708631999763 149.7184095099149 0.0
120.13750227882821 170.71330279079743 0.0
162.62766600639534 174.0441330160606 0.0
132.91895424438388 132.71207482155845 0.0
83.16802322544936 159.32365242144283 0.0
161.31888085095335 118.41836219645518 0.0
56.02848373714746 91.75464029981082 0.0
144.2771962779094 17.68416158577555 0.0
53.213649003320015 83.83247190684877 0.0
152.09319718827493 138.04076595629095 0.0
178.86635709794314 160.1671457129242 0.0
26.12803614025072 149.27895307501709 0.0
12.945954336099085 97.49814757791637 0.0
55.8669984343191 191.92247807703848 0.0
130.5994574996751 86.3937573026497 0.0
45.05667507458209 70.30413015402515 0.0
87.31967463002255 115.1291773047837 0.0
184.45244111208268 62.08633820403513 0.0
28.92956375400082 115.4957155887354 0.0
70.78193738040046 193.4512761865769 0.0
110.62744296121846 55.80101344422257 0.0
189.8506069170105 52.81801500209047 0.0
90.77300870802665 118.07815123024929 0.0
16.285567433114934 145.82730756539954 0.0
2.7893647995629545 54.52922926803887 0.0
173.234559717306 30.46722800209698 0.0
102.50166253439095 182.48695263682652 0.0
42.40683557060212 13.595791077974773 0.0
138.4281990033448 47.68536276270159 0.0
18.16334110692339 38.749469624535806 0.0
198.98515691388155 162.38891209182484 0.0
58.93372954076044 150.00934591924383 0.0
153.26148231473974 7.936673795437188 0.0
105.05815326559878 177.82941513260485 0.0
20.965683242770304 80.51641804759275 0.0
104.2219851072967 60.11443321541097 0.0
82.34174459628933 154.49109311033567 0.0
13.972050150907211 85.4673937871536 0.0
170.29648416538174 139.3579530574163 0.0
35.37319227464326 125.4097472611339 0.0
174.67616842966288 114.42858573865983 0.0
72.68428593892227 8.510015078836553 0.0
132.57543563907117 139.57564563283876 0.0
11.00323519958728 181.73948302209232 0.0
178.7568567081748 60.900196856091405 0.0
57.15064322858174 103.00636652303706 0.0
86.70486416410404 156.9311220798744 0.0
98.63231566155551 13.702686654642715 0.0
143.53300671003893 103.97602800307928 0.0
1.3409629420255254 51.230878383089305 0.0
70.90887270597284 178.5008961719976 0.0
188.7278077283234 78.86000382768614 0.0
29.35624220068398 59.92336252719195 0.0
123.4951462819456 133.8942285939833 0.0
24.739476404837113 48.96258890702845 0.0
47.43118901874346 25.019025147875794 0.0
73.43031711449241 174.69624925840003 0.0
125.82883428693638 145.82344732707338 0.0
76.60270686068087 127.73316405173156 0.0
190.00032153123547 13.879491319227455 0.0
104.2964736567253 27.4177558256103 0.0
174.7200755790209 193.39254529414285 0.0
96.33604122316943 107.74049407299107 0.0
106.9982842262666 114.31961843302061 0.0
49.88571158936315 89.63612164922323 0.0
118.40816549259903 61.98485652378458 0.0
182.36829252305895 96.6094466297275 0.0
25.260067584466682 78.60478664754318 0.0
133.66917256547092 66.13612483604712 0.0
149.23599549119973 91.7683615939211 0.0
2.9933189642556535 111.04381963546375 0.0
35.66834275941917 64.7998452029877 0.0
103.43792160779128 193.08684383750924 0.0
167.4670439072192 150.0652908319003 0.0
161.28872586628177 185.185250990713 0.0
69.76953955085172 118.66626063977424 0.0
87.24342347348954 119.3071087259875 0.0
153.70838118369772 138.59715574681755 0.0
3.210841980323087 143.73052785264397 0.0
57.261542674814024 78.32541033943986 0.0
121.02983059786541 46.42988404496386 0.0
106.97084598529112 123.88658420142211 0.0
138.39722582500136 140.58835150573813 0.0
