2 146
6 279
9 378
11 683
12 743
14 447
19 811
18 319
21 328
23 20
22 501
26 607
29 731
36 344
37 559
40 901
41 32
45 733
51 835
54 544
53 660
52 41
59 822
57 567
61 552
60 886
68 972
69 46
65 558
77 462
79 641
73 977
75 320
85 563
84 94
81 149
80 620
82 100
93 518
92 366
95 448
89 372
91 155
103 307
100 14
101 381
97 530
110 766
108 684
104 258
105 728
115 79
114 459
124 778
122 751
121 424
120 169
136 95
141 826
140 539
143 837
129 982
128 129
135 456
153 255
155 730
156 936
157 3
146 313
151 425
171 482
169 50
168 646
175 672
163 134
160 211
167 774
166 850
165 835
164 404
186 35
187 763
184 70
188 69
189 667
178 540
179 812
176 39
183 810
180 887
205 862
204 800
202 875
196 665
193 681
192 654
216 114
219 175
214 934
208 233
210 778
211 385
239 5
238 462
235 950
232 548
230 656
229 965
226 302
225 692
224 39
250 180
244 608
243 134
240 912
275 708
274 616
273 51
279 865
278 161
276 806
283 216
286 668
285 392
284 915
258 290
259 421
257 497
263 879
266 192
264 315
270 179
271 737
269 249
304 641
307 854
309 4
308 940
313 71
315 860
314 635
318 318
288 770
289 537
291 921
293 725
294 12
295 314
296 7
297 123
300 617
343 338
342 411
341 207
339 944
338 14
337 873
349 630
345 363
326 978
327 225
324 751
322 331
323 989
320 388
334 739
333 322
328 0
329 404
373 243
374 750
368 276
381 936
377 212
379 535
358 432
354 296
355 677
365 806
367 522
360 243
362 225
410 617
409 5
415 59
413 256
402 367
403 128
400 826
401 840
404 93
405 992
395 147
393 392
398 538
386 963
385 463
389 941
388 149
441 533
442 762
443 310
444 553
445 409
447 241
433 458
435 803
437 541
427 43
429 2
428 272
431 175
430 817
420 600
422 125
478 638
476 739
477 662
472 452
471 297
468 585
469 580
466 159
464 372
465 490
457 673
456 61
455 258
453 917
449 218
508 990
510 132
511 10
504 521
505 189
500 926
501 35
502 373
503 505
499 67
492 148
495 735
489 343
491 415
490 156
484 669
487 944
483 962
549 935
547 79
545 523
559 613
554 18
566 910
565 623
564 221
563 515
562 420
561 774
572 588
571 866
570 831
516 569
517 614
518 23
512 64
513 900
514 617
515 537
524 8
526 494
527 918
520 280
532 457
535 792
529 637
531 873
530 386
541 655
540 685
536 844
538 837
610 864
609 968
614 882
613 675
617 415
622 556
623 536
621 439
624 291
630 182
629 611
628 679
635 953
634 770
633 191
632 878
636 532
581 205
586 528
587 223
589 326
590 947
593 364
592 988
595 126
597 413
596 307
599 813
598 678
600 106
603 347
602 557
605 679
607 926
687 213
686 197
685 219
684 672
683 550
681 836
679 935
677 493
675 667
672 686
700 11
701 34
698 356
695 864
692 904
690 214
691 827
688 518
689 517
653 742
652 402
654 396
649 853
648 578
650 694
644 193
647 344
641 381
640 27
642 818
669 348
670 739
671 285
660 819
661 400
662 987
663 705
657 631
745 630
744 99
739 14
737 664
742 11
741 18
740 300
760 346
766 932
764 56
752 719
753 434
758 478
759 834
756 935
717 421
719 105
705 226
704 815
709 875
711 82
710 12
728 687
729 818
731 564
732 555
734 321
724 910
725 506
791 9
788 501
787 398
784 244
798 965
792 353
774 818
775 444
772 247
773 945
768 208
769 764
782 759
783 974
781 118
778 869
779 868
