168.70288706542553 44.41883920050742 0.0
154.945827414002 162.77081268261838 0.0
197.89409534219175 153.39965975170088 0.0
126.53906303951652 74.87994642550426 0.0
15.277027785443842 133.29439629715185 0.0
95.68426242613282 139.00073532254592 0.0
138.17532857577632 120.89380603793627 0.0
27.351367217927745 143.3126287644087 0.0
154.88261301508223 170.37054005266842 0.0
63.58455580393261 180.03728429996823 0.0
49.260445227356776 44.40800245781023 0.0
119.33981800877895 90.01295931771125 0.0
28.913167419038864 37.63677097269065 0.0
178.14262270077054 127.93401438273071 0.0
26.037509640827782 78.28326091410051 0.0
23.167556706679203 27.070325335358447 0.0
12.115112053779086 121.31783127869924 0.0
14.537034970181374 37.78904701872219 0.0
95.93658878188644 120.02263801142543 0.0
155.0814575483142 115.95910457677397 0.0
59.01587999881033 42.782112257092784 0.0
74.49866781924344 45.326460288877854 0.0
123.27410710481766 88.03190124213572 0.0
105.79565510878896 92.20623477017517 0.0
142.94235375374063 42.6848901899213 0.0
128.09096637664123 11.345304682706026 0.0
65.95316926205655 27.985671367545105 0.0
106.30141117100051 48.56705324846109 0.0
19.660883213760115 81.62772874920832 0.0
70.93214854378745 18.817593940400947 0.0
141.55110537134894 136.10035093674895 0.0
50.13441280140994 177.49070124396593 0.0
97.67016166263718 170.61517488535767 0.0
191.39048838896747 48.41643617626276 0.0
109.82545257713691 37.5949648559389 0.0
191.6309100152595 23.656319524089998 0.0
47.17813067901775 94.59013228517065 0.0
192.28406350810738 8.25561727458346 0.0
128.6696469924994 108.62131980801131 0.0
89.70383989890117 47.36130451812741 0.0
29.7942703712738 142.32906774217574 0.0
161.61609720108234 143.62183008492613 0.0
90.54969191233957 79.94459800456436 0.0
16.67022189264391 149.5428680085799 0.0
80.96844732680574 105.97832275608788 0.0
136.8772118319418 102.48086289807254 0.0
196.45298846729779 10.65571011369466 0.0
101.6610918011919 59.21412334367686 0.0
27.207591754425643 63.51281236396935 0.0
157.44583300044513 182.53893327898595 0.0
174.38069146662946 170.19663460439781 0.0
128.14515939730094 134.09601426008007 0.0
170.10145220164824 107.39832242514844 0.0
149.617981917129 135.64048222818008 0.0
199.4147006036046 16.979983414364554 0.0
155.0975629839699 175.22624519750056 0.0
19.18872167725865 32.738673951423046 0.0
38.79771796104296 155.28359537633165 0.0
22.390666162945916 111.88407631627327 0.0
181.34480594301422 106.32655750641233 0.0
5.694683723203409 48.188985076114754 0.0
133.37944646063204 123.03440343643042 0.0
64.20815367653255 54.90473557716478 0.0
122.617279927777 18.709523841635423 0.0
159.17174230163158 22.916342466867956 0.0
74.85342371236044 39.62162712818787 0.0
82.80931239421594 183.2450907365802 0.0
20.840520822585518 132.50615894937292 0.0
179.07400937310663 32.88901889844426 0.0
98.66562212349142 16.492530882147793 0.0
69.85720840725224 19.124582746306153 0.0
55.19650526916091 74.99558917593279 0.0
183.29722909519657 19.77561584563208 0.0
0.3632293790885477 53.61161892134112 0.0
84.14515089992005 105.58850349100804 0.0
174.48618901688548 126.817985028403 0.0
65.71528553315366 25.735281223566297 0.0
51.55707117952333 79.2831785855033 0.0
178.76819471857007 118.59923758085354 0.0
20.324608308179904 136.85210491375548 0.0
44.744532578755326 117.38030811988882 0.0
160.23216737356148 177.77904174860004 0.0
29.088122401701334 193.69051114296897 0.0
60.69969638206374 56.53858435118981 0.0
34.9672361823852 162.19233170126972 0.0
19.93767378041007 180.55277201269178 0.0
118.52312015274909 55.46587559759119 0.0
103.42618250075046 94.43029643245025 0.0
123.84530053920074 70.67341076721003 0.0
42.38748360079061 46.821527829476594 0.0
189.19341364627581 188.22267601146106 0.0
9.025700250376346 141.7510266034041 0.0
85.55562942922705 167.51320666329852 0.0
118.00270643774948 109.29681072265858 0.0
114.45412434285063 135.98274840559924 0.0
72.56443824804457 169.7436757829055 0.0
113.97826902024957 5.053523675100524 0.0
98.92730627785187 110.84547244211937 0.0
0.34655408877937166 70.211135843145 0.0
193.97958964638525 149.589284066065 0.0
6.868660981602925 182.33147278868393 0.0
149.0481298645152 7.862048662007948 0.0
172.99920784980284 13.504009559870056 0.0
6.425777105620734 95.67808753783262 0.0
83.24525205550928 182.9825035674504 0.0
155.55057850192233 166.13384818802302 0.0
159.0097489438805 157.5270983740935 0.0
182.17276773886545 83.01387809227336 0.0
166.02361161024493 95.28451685744541 0.0
46.54116813231508 24.979935321461298 0.0
15.839183211131736 163.48584989151271 0.0
185.5857068547138 139.53293987820334 0.0
11.928459783980848 127.62439098766566 0.0
109.26824711638609 155.44527490288033 0.0
19.2494679761684 183.4085716073801 0.0
192.71911794762 164.11874434971455 0.0
20.714732411602288 82.66807308277704 0.0
53.472097188060275 88.33133712537442 0.0
164.81588247402576 190.52382757560417 0.0
147.05592607232967 71.09373565678527 0.0
105.72899146603743 3.515572625109886 0.0
14.39568552326682 137.84434670369373 0.0
190.5452855594681 57.01331937569576 0.0
170.92275056275093 11.969386864387864 0.0
57.84241598487678 55.1220312350863 0.0
139.98730680503903 96.64246901885612 0.0
77.63164058424339 67.42148681400262 0.0
2.112713800711874 175.2358214823881 0.0
184.78663005974926 154.2661983563663 0.0
56.82637577396186 128.06319084017213 0.0
36.37996753473423 6.003112224449536 0.0
175.2470164653409 114.97224486964066 0.0
57.92359838888854 111.34747042358921 0.0
159.30361063642053 31.312091386784815 0.0
34.32999353610266 6.2901891372009855 0.0
117.40654235979342 9.059398038188649 0.0
48.48086832209682 97.29284853097226 0.0
116.58685142839329 105.39431646494126 0.0
173.61080337640732 1.1592035798970723 0.0
177.56472983501706 97.77534547619699 0.0
185.2833814479595 98.8549528081324 0.0
41.90379692060837 87.56996187391013 0.0
74.55764045738493 61.680251202536326 0.0
59.35294757530451 3.5557782230891677 0.0
116.01315004379514 75.58244405104514 0.0
18.672860949441294 92.11465646502049 0.0
72.62220899920663 163.02905057380548 0.0
176.68966689962232 82.70016914749094 0.0
4.027960343432979 181.7440489290357 0.0
128.01344219018551 125.16653465545899 0.0
85.60765919833958 165.74326540911667 0.0
101.80464003125915 9.80490950738664 0.0
42.77045009736711 66.48742457677388 0.0
172.16681868788473 1.440911133042233 0.0
58.259542090830976 50.60428399500334 0.0
125.18933029618138 45.70480993669117 0.0
119.79876261351426 115.51416171018116 0.0
138.35896265247675 138.59389076696888 0.0
141.24396797420954 95.42573296956833 0.0
197.00488863925884 89.70411132892076 0.0
12.47000703395107 147.55214568394408 0.0
97.63647044215938 155.01611172182754 0.0
11.544217887418306 132.02997356141557 0.0
169.47890304723904 66.87833064763677 0.0
147.30785071549602 128.90653141617423 0.0
83.20691963300577 46.8379635683412 0.0
191.307055413019 71.69387979850073 0.0
109.8221303310136 51.22810948608751 0.0
5.085370651499188 119.37056500895467 0.0
142.8148376679269 169.92744411545345 0.0
72.17001959352007 137.34505291201617 0.0
103.1965396740674 175.46641871792875 0.0
103.65457473932386 112.77755418391253 0.0
9.68458355219548 102.66196248456734 0.0
2.1009089731660824 90.789802739185 0.0
15.265840146751653 28.22027663063469 0.0
140.5536676768195 85.47515032610016 0.0
86.56138520315804 115.2553192057664 0.0
41.78070924483415 193.25409952391053 0.0
133.8598141426905 89.42826980848744 0.0
127.42346484168874 16.00330236985281 0.0
87.38173706380155 21.42108592021048 0.0
47.561256469761304 87.51879264648584 0.0
59.2836453282396 4.715145915465158 0.0
198.26411685389957 89.25703190886081 0.0
131.10447062325875 38.15370040515498 0.0
188.02884513638156 39.930277329567865 0.0
62.803507927009925 149.5247035699242 0.0
23.563394693084973 148.41533761005942 0.0
132.23371884519605 129.40845331218554 0.0
51.205020871932085 30.567946084755548 0.0
182.83970874838775 183.79219034686673 0.0
12.327836651879686 107.91744834903231 0.0
182.56500519078173 159.46166892407257 0.0
149.41588181204847 29.849577634770785 0.0
178.39856980590935 147.93756970025578 0.0
134.0479697442344 90.7677256959512 0.0
68.68575423310006 31.73231443536597 0.0
78.86102562399621 49.85602242732294 0.0
109.2743354838408 100.96079482547947 0.0
