62.55582346355695 41.78486568839601 0.0
79.1070575427062 178.88737593669077 0.0
33.36543207459992 189.0521363340731 0.0
64.16723446881494 0.17865988697527424 0.0
0.612728400150031 42.88966366682487 0.0
32.07373778292562 14.079146293174283 0.0
66.4938933772528 134.15280212604856 0.0
122.65589993345478 20.161512752044942 0.0
121.10035889344869 159.11113467446495 0.0
88.70192085799606 71.72326286641844 0.0
58.8922434231248 168.73581798573102 0.0
134.14225271686547 122.00808925331789 0.0
146.1798834483973 194.39682925929066 0.0
184.75040469301877 129.38665367739065 0.0
115.37627614051522 118.20381229057378 0.0
134.0186746452141 3.6561694283204993 0.0
40.88505747581061 1.888242950545127 0.0
101.59281469185444 21.907277452373087 0.0
11.839963718587555 25.038649397042345 0.0
17.626200026458427 19.94579039098865 0.0
58.5134988149693 51.66470167691048 0.0
103.64074210588907 174.04585710710086 0.0
112.06394806367197 43.48014378379179 0.0
58.95816051750016 127.85030827864041 0.0
181.39149080490637 68.9584091627716 0.0
181.49197585372798 190.52282688527978 0.0
16.22573933901601 119.12904441495158 0.0
52.66705315126667 134.7958254018422 0.0
92.16857977296434 134.24695194902162 0.0
198.46006951468908 157.34681282605322 0.0
1.2677666395705778 169.88061216458598 0.0
102.03091534237183 28.975251980319317 0.0
60.79820773217088 86.62951372643064 0.0
88.1415455686685 158.34083883006005 0.0
163.27963521471375 134.59501554079014 0.0
125.53536626531083 20.563260672190943 0.0
182.3606218240399 121.89300671117516 0.0
100.6768757872371 160.77257650853804 0.0
22.05077850386694 105.91076473247709 0.0
4.727656538369085 172.7383451651524 0.0
50.8843147093901 126.6743970825234 0.0
145.36165458748238 73.99479681244354 0.0
197.94975657989366 13.607497134167467 0.0
145.99894372172844 151.41827232932303 0.0
4.322280657155475 140.125481386106 0.0
127.2640312377646 35.00237887894433 0.0
21.28649208324751 174.9243209607916 0.0
78.95101486354501 72.61517943351731 0.0
125.83926851809049 184.48635068963267 0.0
25.50478643446288 24.812032602141045 0.0
184.3136311667665 78.23993921073273 0.0
164.00374959840414 76.31650608687832 0.0
36.56634166531767 155.97380088459937 0.0
110.85626666037602 169.57105311247088 0.0
196.02336076721593 16.520902150152274 0.0
131.8995644034362 105.798103304714 0.0
164.97896632175642 117.39090654933759 0.0
150.31636067817757 130.30129794431951 0.0
49.89582949034141 36.94411669951043 0.0
27.76105552057686 21.275687008733392 0.0
28.054892162780163 183.8640927628729 0.0
96.31389995271158 35.184706566411236 0.0
164.75554365866927 123.0999683459037 0.0
182.35813330431944 26.800938127388505 0.0
109.36805108448972 43.11382840762774 0.0
8.201582418909691 58.29654262369035 0.0
108.89184855591343 176.18223015573213 0.0
83.24086401332713 39.308483661744134 0.0
169.2747603776916 1.6653364451972186 0.0
3.692796918767516 198.69264429259317 0.0
67.59990068989654 11.57103553516352 0.0
68.39430733490404 78.71998190642688 0.0
72.34845768808482 98.40541639102666 0.0
87.89852968054772 63.75696591643567 0.0
64.29822769679905 37.215212992545574 0.0
15.071549269415785 8.011625167230129 0.0
67.21920780914613 76.89176702163853 0.0
157.62059754331287 110.71554582108848 0.0
195.37925339643826 130.22012096943408 0.0
46.46122909447157 2.1512310108620536 0.0
103.97425786204823 57.82098351639253 0.0
128.55751297959378 50.223325038695286 0.0
188.9489427359194 78.04733910891639 0.0
128.8457794074673 174.8112517796907 0.0
24.27587047828861 3.061487427323528 0.0
183.07917346523172 165.92988180414855 0.0
47.61188601683231 0.7324419447497066 0.0
81.90663177270277 41.76387489708946 0.0
109.35270110855053 112.65765159589236 0.0
186.2266578974589 153.93048122010524 0.0
185.45801737647054 20.527034056175175 0.0
174.8326710466655 149.86453624565604 0.0
121.02094758335788 146.21138288054254 0.0
167.5933717840873 136.00859287210687 0.0
119.4072824478987 95.37139635156502 0.0
130.88811789200375 50.53002957472146 0.0
20.891545499625796 110.0473696796016 0.0
16.74376877057375 150.57618787273577 0.0
25.068412916441464 182.60395083797027 0.0
13.096186628775119 46.617532729305864 0.0
2.919639048784739 1.5682705244650208 0.0
189.8259662237538 75.21801430997171 0.0
117.26815418985875 149.3137489984625 0.0
113.69468154221587 191.61072620635719 0.0
124.45260533092899 152.20614758514904 0.0
75.03440346285734 184.7461551280998 0.0
65.40714115268345 95.742326734904 0.0
20.019814720623728 70.01930545891966 0.0
70.93283345846018 160.37626788119053 0.0
114.57888568857331 198.67105400528922 0.0
103.79866838420601 8.141084804440247 0.0
79.47452030130886 137.89813844999074 0.0
39.41157970704454 55.83962521381187 0.0
30.816226275768965 121.9953356079352 0.0
147.14665262859504 107.4905242963041 0.0
136.23745730112228 52.39227301916538 0.0
176.03005978421956 186.88044717336015 0.0
154.20069189983195 33.23659833530317 0.0
71.31896386117975 110.48751544873471 0.0
62.369031043812505 69.21408579696107 0.0
52.62411288451363 171.70480032924377 0.0
100.70961068373718 23.585477622361207 0.0
169.57245999228735 69.20690104039473 0.0
55.9705970485141 36.958826403755566 0.0
117.60865075547811 105.46673826042591 0.0
96.40028078058054 141.10521006840426 0.0
44.38589410207994 105.84365288922379 0.0
129.05313715848305 167.16475777114638 0.0
106.2981087243227 64.32805635986637 0.0
96.75448444438528 43.878935364595016 0.0
45.05701285650694 8.941860341370278 0.0
57.771704394717375 9.024195496496423 0.0
45.819214727565495 197.95805485760337 0.0
98.46686868356143 116.01103632348241 0.0
11.220040329791669 107.51678269418431 0.0
117.68178177231485 107.65169028184232 0.0
139.77228882303982 151.87943807086032 0.0
91.33340963297243 50.38869586909447 0.0
132.4398286306649 89.47619824231394 0.0
176.67390371826983 74.81555354991724 0.0
67.79730130981876 11.066693211340217 0.0
147.89621428840908 152.109984701711 0.0
184.03894555368657 80.74734596588131 0.0
168.24272854192864 51.03903436345853 0.0
85.20101369410847 6.203155734246857 0.0
198.5009467748827 66.48468680811943 0.0
49.31386889415885 151.51567317827067 0.0
17.74685546250929 187.97738201322196 0.0
157.80135165051624 74.00298684002291 0.0
89.42308063847292 85.51415119948535 0.0
88.29664556482354 65.98163299844089 0.0
144.3155940164144 29.977011503789907 0.0
17.145350608022024 13.004375911587474 0.0
171.71924496163317 36.75634575520219 0.0
163.21816280110443 142.04183884261016 0.0
111.05895103653691 123.72307633805333 0.0
71.25688122458872 26.240171146321977 0.0
118.45995668877194 8.482489471702937 0.0
180.82937916227544 137.30074082407097 0.0
46.237130943138304 34.881655398641385 0.0
156.07038362102972 92.19220795221952 0.0
117.99988626260742 15.031383860301828 0.0
61.73668198682434 127.81913870656356 0.0
108.04569979955798 0.6428180940435846 0.0
162.70692641654648 55.43555475872359 0.0
40.942033894732724 156.2677497575913 0.0
96.90764301347079 196.005769315656 0.0
115.67276698686209 97.07081480083353 0.0
25.748767282490736 178.37899200527139 0.0
28.451971021469234 75.0508527151191 0.0
101.50347740690793 194.05820407740492 0.0
119.2843781640577 50.16767018078432 0.0
7.668726586415109 145.5078947842352 0.0
199.57842741089814 166.61961445339415 0.0
26.194389982874554 99.35929607886058 0.0
131.59437054996874 69.55637126998812 0.0
64.57056127377957 161.53581851000024 0.0
25.236487250624194 43.80045629404319 0.0
136.11405277686714 128.23546745398716 0.0
93.67496018932144 133.6899592112085 0.0
128.3966729111199 34.87104302749078 0.0
166.50963146879388 11.944171892946631 0.0
117.60956613421942 24.483060098284692 0.0
197.66430180832293 5.492738878319869 0.0
190.75928786421335 187.80428363480016 0.0
24.926882167342423 157.4980677375951 0.0
122.94298504320199 189.06897346045804 0.0
139.02726261007433 107.33986907046283 0.0
123.55148972864689 184.82384976521018 0.0
102.37126704848114 104.11955995301855 0.0
13.100847825488815 167.41192715336027 0.0
121.02568488777314 34.2815877579052 0.0
21.494231555511313 20.464508977087426 0.0
118.27592378839348 140.23756571730905 0.0
108.86780231668777 60.6504693145439 0.0
84.05435645430401 134.418306745031 0.0
101.77567371695515 58.09627888241356 0.0
81.76402498624813 71.96788528167004 0.0
10.320657872805562 77.30410273131827 0.0
82.4989533353599 35.33284364349243 0.0
45.93902412815367 161.05941807348202 0.0
166.3887974488973 5.288842860555643 0.0
94.89912075800098 91.73371671587134 0.0
181.77222289852514 45.48601807036636 0.0
119.17519239775656 7.551837188402333 0.0
85.12990733645265 111.38341963973535 0.0
154.2093967082335 125.80757008548457 0.0
98.18461673116543 9.481911256789077 0.0
52.176451014646496 30.675244388311395 0.0
113.30242979481004 79.05414269749981 0.0
79.71700912324454 120.1790981700176 0.0
54.305660811065984 46.108951906917575 0.0
120.70741067272405 75.04618529217271 0.0
157.03467907066414 8.117000339745628 0.0
157.48496452741364 11.582802612736653 0.0
172.47230655533386 48.06317964675513 0.0
108.04951029213161 111.37831101357185 0.0
114.97111326473537 147.68058356916202 0.0
182.11363014320503 182.55442685120582 0.0
179.10045939442216 72.25985337303811 0.0
85.47529754619315 0.4420507366670323 0.0
30.856615050724766 133.21672865960556 0.0
50.03849545088117 199.9817281983791 0.0
42.45605213642991 199.63972752951545 0.0
195.90873770538602 147.80802992628315 0.0
184.65833718374495 26.32896039366579 0.0
142.3420976415806 8.892038979799732 0.0
16.541777812149185 93.37615020977228 0.0
75.92784001866615 140.7803584552444 0.0
119.88143945771664 111.12487533394098 0.0
57.236370754287826 197.8829231766963 0.0
13.755823934038848 134.38934336683272 0.0
1.265763447540702 108.9261818979976 0.0
54.734877623272915 51.098813859859035 0.0
102.37162538810169 2.6021135803013573 0.0
78.9788256776089 63.07403840020251 0.0
90.96676100866767 199.60762474397004 0.0
174.80357539600902 60.431051237645896 0.0
7.128476894859914 163.68306123915642 0.0
187.74529796200824 106.14673948373527 0.0
155.35312305026002 9.92243980355989 0.0
154.88315943812913 193.6096970128515 0.0
165.04888573015808 5.542253892522431 0.0
41.15577138888034 17.518869861370213 0.0
22.95943550470625 66.45961027937533 0.0
107.6335899334443 107.28164773197744 0.0
166.56268002188483 152.4446396420082 0.0
180.1859143680214 112.10205112238276 0.0
31.590338774659422 94.27611893784163 0.0
6.707835346334612 98.23875397040935 0.0
32.165651018622185 148.24332894581323 0.0
192.04888874064753 21.451748331454358 0.0
18.6580988246579 66.50119790901734 0.0
82.01193739567452 71.44550644006347 0.0
6.2056197892387255 96.19991565804547 0.0
31.26714523288323 150.15555933740922 0.0
195.95621338843267 75.97421245497766 0.0
134.75264314654058 142.01449305103358 0.0
21.432650772643136 85.29154698414314 0.0
128.10997012527073 61.8723826260402 0.0
144.02527694711404 120.32254736890265 0.0
169.92891299779814 25.035825902403232 0.0
194.46966898799505 19.411123307996725 0.0
7.053011822654542 73.92869584727202 0.0
11.26740636464616 141.885641894648 0.0
193.923497859663 17.16685713173469 0.0
162.35972653979798 115.86677415307707 0.0
187.91598695153155 189.37822557568384 0.0
52.96546126643551 113.89148371440727 0.0
74.85088684875407 23.888363226890206 0.0
120.34621248107409 189.5869182174759 0.0
192.33490940816262 145.43125086545203 0.0
95.36325226906509 14.291792830861972 0.0
13.317835186010551 136.33351523958103 0.0
71.04218759405283 89.43713272131947 0.0
128.22499877116786 7.159795826760962 0.0
159.96308588604114 178.66213585597075 0.0
21.25276319417675 111.59583089557654 0.0
45.14514560215363 103.05508785239704 0.0
174.89060405132173 185.38490163067905 0.0
133.19680792496652 173.57325964732306 0.0
56.46021074825387 160.4223977287632 0.0
103.85344346745546 196.6098177420645 0.0
141.43830664285028 7.652335987559544 0.0
16.626671849364595 181.83983265014422 0.0
110.55670215061528 96.19858856595953 0.0
183.14061735081478 5.891513721807917 0.0
121.14953099836592 21.202899213525008 0.0
142.83218646996812 141.05289033645752 0.0
197.94414468942355 149.13052123677372 0.0
90.0438820231211 145.13818728844868 0.0
114.46885818418104 56.843626815566495 0.0
192.13930371136775 126.80224313494826 0.0
43.47711138169728 199.5315568511001 0.0
11.123031794967764 50.005360216168725 0.0
143.26432166430374 132.62609688364785 0.0
95.34810826941431 121.99503446455884 0.0
116.48021609628518 34.11901550285121 0.0
143.2459975398598 21.08508602997108 0.0
29.01592070299199 126.23814073023065 0.0
157.615302850045 163.67677730081687 0.0
108.77182874008287 79.22740523263758 0.0
106.85731215090668 184.3805422351395 0.0
57.58859944173105 195.01516655572567 0.0
188.6477268008494 108.76106135827392 0.0
4.350405757975229 114.84442506437887 0.0
51.88576135786474 135.14242748185526 0.0
3.2459732341104663 172.47737222854516 0.0
74.36316457314265 110.0742190849222 0.0
138.39962849554365 123.37595003170732 0.0
16.4473962485538 81.47342839150953 0.0
34.56099516016886 20.299082290235493 0.0
75.17468033574511 144.1211470223143 0.0
93.26870067094288 77.04627540042428 0.0
148.50026041743553 154.10702151630707 0.0
74.87987559612112 64.61645994239058 0.0
186.05474560904923 181.97861990108572 0.0
129.08392150906442 117.8398622755417 0.0
50.60698275340387 198.76679916277783 0.0
39.9954462709204 195.57986339849626 0.0
143.5354096516179 44.7222627331672 0.0
96.6479319779917 33.890851368356635 0.0
157.96156047736883 17.512660546714475 0.0
25.686268274524405 59.057057124271076 0.0
114.80072731383024 34.793454195392215 0.0
30.282734289585854 186.22655879988392 0.0
109.83654155621281 75.48003465841062 0.0
167.77771270222118 119.39356672116286 0.0
154.02774028442 84.71246216635468 0.0
68.2728746536271 89.77125498876643 0.0
124.60685212754557 139.4184360725822 0.0
147.3812374039622 122.13642522946971 0.0
161.13226369732416 14.54398785367439 0.0
198.5649267002536 102.51640324708472 0.0
38.50656299845725 164.43559011730486 0.0
163.96817942014036 135.62751168889403 0.0
128.07566226597888 139.52140000201462 0.0
177.3795985048971 126.76370234555274 0.0
118.27479763932702 195.35334667996273 0.0
48.93422547800108 0.3728116893838562 0.0
107.8889588095635 119.23594141725518 0.0
18.392664705450755 76.34710222094134 0.0
7.8470533841451084 99.08169804069632 0.0
42.310881620239414 65.09376945763286 0.0
191.57043400635513 189.79708647915248 0.0
100.14103919528759 113.74007897268723 0.0
19.248190412470233 194.4170887189063 0.0
5.280171395196254 138.36704780104733 0.0
28.013046827650466 170.37037509125727 0.0
189.31013772780085 110.95441133721917 0.0
27.84330807041606 95.6713044110938 0.0
91.1487808621957 34.75889674699009 0.0
72.1178627996228 85.49891217123474 0.0
127.55888018875557 38.13672541544915 0.0
82.10280929938804 136.53716823873026 0.0
147.4379439164286 144.36041888690383 0.0
196.24980613552597 94.61483279838336 0.0
179.5385280657221 33.76902749021895 0.0
88.0378772003129 190.5973030722311 0.0
171.74530257820217 104.62993971370409 0.0
150.1918915931751 70.14692361161372 0.0
89.76161895403017 160.3794991597304 0.0
178.4625616840699 154.8822224223966 0.0
194.03498061666437 103.44877543239268 0.0
4.754289353018382 15.630731867121606 0.0
145.97724578257797 99.66978505456223 0.0
27.238850737593957 12.88397141249078 0.0
8.01212750456406 192.29664080495266 0.0
164.1944011234717 165.22732443681068 0.0
196.7089351483548 90.96506375557935 0.0
18.66084229997349 43.43159373336793 0.0
24.238202366595107 38.452892651927904 0.0
182.604230733373 56.05701176542184 0.0
20.611376913359702 66.89307406580906 0.0
32.13435402510987 191.8346684465589 0.0
167.64321468474964 195.1299514095283 0.0
69.42127957229185 114.75425420172061 0.0
95.30225796265839 190.19844536811814 0.0
52.30818080257693 69.70116124528775 0.0
192.0911809924156 18.445071032689754 0.0
19.219251628667866 149.6500165478681 0.0
63.3254209848231 45.59850571188178 0.0
64.8132791987188 99.83581764705404 0.0
34.65508733633433 10.136750469097588 0.0
150.93474335221637 189.98780761383614 0.0
42.901647367096544 190.58683142385965 0.0
147.76609315997285 172.62542468413824 0.0
82.25753180153394 14.93202404982863 0.0
91.68628802719417 163.57965124948282 0.0
181.1232597345509 19.09084152657199 0.0
119.19231057126873 30.317083629045992 0.0
73.33337115102503 151.47085398616258 0.0
90.34188368936407 154.30828375567756 0.0
97.24886259709295 141.88960390184366 0.0
150.52724265974877 45.59583671252654 0.0
7.170577167813397 5.693956195533301 0.0
195.99130721802572 30.88175709186649 0.0
113.75437342021795 137.69817585431832 0.0
6.349167990724647 110.86784848570959 0.0
83.58556863648718 65.60020963048095 0.0
86.47949711791136 88.24674129135136 0.0
22.7967117571962 178.82466538412052 0.0
20.501786852515913 4.655381965983563 0.0
145.58926180483633 26.279957981833956 0.0
182.1571988438376 193.0667755371301 0.0
185.74630322894288 85.30634327404823 0.0
168.76211138580817 51.50989091756539 0.0
147.70010079241342 44.130429925903854 0.0
130.0051477323312 174.671715115973 0.0
13.444666151474749 11.430958027802717 0.0
48.210013250098484 141.84938943023025 0.0
22.560300355680795 69.159582316573 0.0
193.28802064602309 52.8846132727693 0.0
124.84339405939761 18.54960611638066 0.0
23.455681167175648 28.126376933784147 0.0
168.51157886793058 34.284504575207976 0.0
131.89447162816356 144.13228071246982 0.0
131.68068122592163 38.087296158089636 0.0
49.88122652548084 63.732639254172256 0.0
30.78659455211268 130.53074679380705 0.0
8.519391775969476 137.24581392572514 0.0
46.851744660984295 178.65757290035737 0.0
134.05271769750203 1.04704142614922 0.0
98.97235835440932 47.038776859539524 0.0
5.844751843524487 80.35729783264154 0.0
164.12930607925503 181.1873709212345 0.0
41.45886188253818 115.03268502246841 0.0
93.40188567052279 104.78379947598353 0.0
189.8752080160777 70.29893964808326 0.0
106.89044112600183 75.9583730216772 0.0
111.73260171594195 168.78963661159926 0.0
163.13029921775436 62.91520646421274 0.0
4.584738469378902 85.91092439956267 0.0
193.5060264078189 145.47110432127147 0.0
91.51186780891818 187.46942278011204 0.0
168.1516676165827 26.621919531245197 0.0
133.0305731122821 56.664190886617845 0.0
117.04902158073824 147.03807428138768 0.0
145.09575595010332 56.95765479393145 0.0
168.51280836609712 135.42983677447583 0.0
10.090679655907175 108.00440212144198 0.0
186.97786621655678 199.01213657366588 0.0
53.05233884056446 13.730923200301802 0.0
92.98033232641333 160.83769924390242 0.0
121.98098943143731 174.82334629256707 0.0
30.45119740746214 184.55636858700885 0.0
58.93440344518497 142.29428223129815 0.0
9.917130080220593 192.19753965693457 0.0
77.70869017483489 24.464058682643454 0.0
100.93021104315707 176.86168668458214 0.0
74.25937300590726 46.60553136595098 0.0
73.0246026185625 39.74603703817585 0.0
87.6177975127597 180.66585736875066 0.0
191.72482056650145 39.71848857318538 0.0
1.909572179465302 111.89259156007742 0.0
64.60686503520606 33.69299451326573 0.0
134.18326531274707 89.85558164616447 0.0
2.1399435924517984 7.348549327307374 0.0
188.1092269654116 23.270170089841557 0.0
109.01316457994045 148.27320293440977 0.0
170.2098660034392 121.19127219761565 0.0
53.8781193701501 97.40338047384196 0.0
63.13432957486531 57.562007047788 0.0
178.9147700673667 29.66792693819471 0.0
129.592123379669 41.76453873559773 0.0
105.35474425957365 61.035420240809344 0.0
80.91167496916736 114.73493767050694 0.0
67.07259336302889 156.7022537615751 0.0
185.79152452784137 58.367867550804405 0.0
61.58214757410734 23.94813175572481 0.0
117.66330501711369 105.35100542214606 0.0
146.2517716312421 13.224605491621034 0.0
143.18725911374065 167.23313406576355 0.0
27.278727905225274 22.331444352184505 0.0
139.75262676681734 160.4439270681529 0.0
89.93949341820931 1.074602920849821 0.0
96.45676482227317 3.147538554077256 0.0
0.8595168219062366 87.58864308251742 0.0
0.8884303500573232 180.22607462800534 0.0
176.52226894257618 72.54556529245333 0.0
143.1422690767451 29.3532375749161 0.0
156.96425148017087 183.76101493520233 0.0
78.8430387424947 88.03231865468138 0.0
49.578935117596856 111.24789818223744 0.0
184.55967288240984 159.63694143724092 0.0
115.17936922896486 151.55654609964614 0.0
111.84093857725162 5.906914120903317 0.0
56.94565379158809 140.27959568705657 0.0
100.2059028468919 154.01565338585232 0.0
42.61004598091112 62.888807413668914 0.0
44.77400055559555 18.23970034421718 0.0
141.20908495236796 86.61013449853343 0.0
30.821117455356983 179.42489979989602 0.0
87.95860351730447 39.83239237174958 0.0
145.39963418187637 39.857890108258665 0.0
104.2840932201367 80.58398156149906 0.0
155.26188322222225 176.8156226255755 0.0
94.7655281952772 41.90109102297694 0.0
100.67813586818653 154.97964341634386 0.0
118.73212616112892 119.45000630698817 0.0
196.3416963664636 126.06602521917142 0.0
191.46932042826447 175.5550672792126 0.0
53.40537695044807 43.43574722833592 0.0
8.476579533126083 173.82299084701836 0.0
140.79497904335904 150.1146068971129 0.0
105.94142783851126 129.84328405717136 0.0
189.29722328173136 160.56555638379075 0.0
71.57141465502974 65.98353657156932 0.0
108.52091832914452 49.72062819536751 0.0
102.15256638936812 192.08745718597046 0.0
134.68183145439306 187.19356027570018 0.0
67.67919250985612 98.9226037483577 0.0
156.263299343163 110.2582972691916 0.0
86.62660640019537 147.51373333002147 0.0
74.95608367673626 116.09272898771985 0.0
42.91488961113201 65.03691253036601 0.0
50.88264258945414 71.95085536051545 0.0
82.33830838011392 16.738389250093434 0.0
153.9624866598299 191.34093044351008 0.0
114.71164087054366 113.38150008625047 0.0
97.37687587852055 4.950891997139051 0.0
117.71117350027292 35.013781925092125 0.0
164.44268478148237 166.97669000025067 0.0
189.3647312834508 4.385619045218059 0.0
156.80677789552726 80.67307232136187 0.0
28.371629565879488 127.14079172308705 0.0
189.72389947196092 1.3604603553199368 0.0
34.910048725343025 130.93830624416876 0.0
39.28247592973475 80.78559082094526 0.0
119.31581581754446 181.9540492388924 0.0
106.79453300530257 153.64777601621086 0.0
181.9932645415541 134.74979057741604 0.0
107.16721247968101 135.26652044898523 0.0
85.14522467609267 80.28612391174038 0.0
110.92518456581544 98.78043189046888 0.0
175.38598551575018 196.8950644664328 0.0
173.65465579833156 30.9313937573368 0.0
36.027411606327206 80.31700229325578 0.0
71.99130634280316 127.40197530910524 0.0
148.8051245279975 131.44581904237498 0.0
31.876003365384076 81.83820142144415 0.0
127.03810422958621 14.215050470548052 0.0
182.65378775624666 147.10378962106915 0.0
145.69174987920331 61.09698858267487 0.0
199.69308927595327 2.976095607386431 0.0
138.54085778558857 199.9757363605652 0.0
8.553711957753007 51.407982676311036 0.0
58.60565612238724 103.69422201363045 0.0
115.3338175485126 78.64402081189627 0.0
5.26058062282615 22.36436151482224 0.0
100.67747585195801 72.89333002281377 0.0
109.89190892699571 148.5684361231995 0.0
69.02611296980913 166.92556111627684 0.0
141.70717069531483 186.86902897681662 0.0
180.04863550186576 186.8705502101171 0.0
46.275587445207655 51.58376084534353 0.0
5.7866354837055045 131.66618625183935 0.0
61.605469025788295 100.5701489853075 0.0
154.90259216738974 82.0131486136674 0.0
70.04105866283051 27.805140038607902 0.0
184.5205644806067 143.35924353231562 0.0
38.987841148604765 83.83265095124295 0.0
80.50049723185575 64.35006097891795 0.0
179.45191034618682 70.69177444064458 0.0
128.58865876129087 140.34683781773245 0.0
8.605579081405024 166.72723479394986 0.0
21.738543419795818 111.02637035241494 0.0
41.067893458868035 76.72271641496387 0.0
152.99783445680808 191.74195103555007 0.0
153.3154244079796 74.08688221843518 0.0
28.708896881154967 140.23835393076868 0.0
166.61507367544544 4.360825523363321 0.0
3.3715396939563824 153.47795385436535 0.0
76.09741843242826 53.10483435954323 0.0
85.36857910627185 13.749078360448497 0.0
17.065457929396 46.26138112927529 0.0
191.85616977811523 58.89186550632965 0.0
104.36037551672128 47.380353232365295 0.0
141.4724742706005 38.39081939081033 0.0
106.58235969732641 43.63154169397148 0.0
65.11977635097166 135.247489021608 0.0
124.19117513093336 171.31848682569125 0.0
187.92677246365034 182.96054080457318 0.0
28.98769594106321 21.646945480749746 0.0
89.59926810131913 187.60480320300383 0.0
192.2041672381425 88.79006736104841 0.0
185.71905271331818 76.91470703803694 0.0
179.40756136607848 174.83171534473186 0.0
89.15244440331614 141.44175499535316 0.0
22.646929756633007 149.95823258957532 0.0
108.58128794788273 107.26964504374818 0.0
193.75222374398754 81.30805056468806 0.0
20.271052009803526 185.43475162142568 0.0
97.41861460686624 190.1776981591589 0.0
9.542004119041803 180.11372831779093 0.0
178.68688744770412 174.82170862765264 0.0
120.01110931751968 5.804090016252195 0.0
196.65713449690287 144.87302771071583 0.0
71.52386221721787 163.1376209961498 0.0
54.749379377801844 153.44964783959708 0.0
111.79677624866416 53.6306065403392 0.0
197.55147910780477 84.30215704825255 0.0
52.142879011234534 75.588865373136 0.0
185.27111783971344 53.89600999328743 0.0
4.254024696460923 36.54972042869578 0.0
39.03533087631379 122.1114235119329 0.0
182.86557461509918 142.05698965156307 0.0
113.75749023810933 170.2827512194954 0.0
68.23031158325054 76.2292180311275 0.0
0.018318210167289628 101.58836732960137 0.0
32.68027612503952 76.4954744119581 0.0
82.38401057890034 46.3411375055923 0.0
27.15656759329075 23.036931929213168 0.0
88.8111106060184 13.51849200099695 0.0
96.43883711732302 12.88675908084449 0.0
54.26440797718044 19.910396616418957 0.0
145.90771405960714 69.30464559414095 0.0
191.40057578614784 149.552338406957 0.0
118.02499479942634 148.95658665224704 0.0
12.14695904702474 48.649723529950336 0.0
153.31794209092007 52.594429824884536 0.0
76.23135084543055 44.98900158331778 0.0
8.505664838218907 19.34389029419641 0.0
156.19530030807843 195.86991473137095 0.0
183.50705731507196 90.37366861520594 0.0
3.1499298055708724 114.88244634192655 0.0
69.42137926645049 164.63251860426786 0.0
73.50991576567796 5.39089851353769 0.0
171.17409601277504 37.50502092210064 0.0
134.1676806628304 137.37682071393002 0.0
81.3721481196974 12.651010596512569 0.0
2.046677360471416 44.33138149314924 0.0
186.01447280473658 107.95757747428777 0.0
193.69888687568155 188.17699077741904 0.0
68.05496957656678 38.446685891376944 0.0
161.58852466580302 142.7368829609475 0.0
41.41692676074196 52.14546654394206 0.0
75.93019806640467 80.06062250446489 0.0
195.90923796187477 119.34033718689096 0.0
174.42667493987335 108.95238174561817 0.0
162.5964799001536 131.30015440922446 0.0
146.97762809642927 11.337990976259205 0.0
119.52636230244936 51.46768170424423 0.0
48.407543788256135 149.64585764052921 0.0
149.31971816577314 180.28266015813816 0.0
39.48744207607 177.16579342756086 0.0
132.979721115636 44.21392276102334 0.0
45.00160214089388 73.3889684642512 0.0
118.37855072599584 100.24198569556285 0.0
187.33710176089582 147.62123438601375 0.0
137.2313480765429 58.94761243790085 0.0
5.050509241577594 6.70107476854076 0.0
160.9688277226634 172.5259880545745 0.0
198.09260940526735 66.44259827277672 0.0
83.77148467491698 108.46007857519764 0.0
154.84868923950458 1.4629322408857837 0.0
100.12991718524675 35.25093675937547 0.0
10.878382272378007 174.3425762399141 0.0
4.64729168967537 83.51667710056698 0.0
65.21563296639117 162.60622358215798 0.0
183.40162569911328 13.935999732218708 0.0
37.31603810446848 10.800620725517106 0.0
189.0370120541762 122.92609567131909 0.0
86.21516848465554 174.98525437682002 0.0
195.8546276235041 147.60894966548327 0.0
133.1882431240604 98.2405006246881 0.0
116.52574431991826 193.5339979448405 0.0
30.177968579103307 158.3370219891357 0.0
128.65068462896267 101.78928219722066 0.0
98.48391793325959 162.49942443467415 0.0
7.2391505841922 196.54719720772448 0.0
125.68351046542455 29.235876204586077 0.0
188.28889038529852 9.755045261910023 0.0
53.4810288778969 193.49488192054022 0.0
98.99132812483063 166.59469189043384 0.0
115.15780208153413 198.9491132702744 0.0
181.6942206797112 133.49960522741185 0.0
88.52325875344087 99.99548672304898 0.0
11.603083670960523 179.93173530683507 0.0
18.743002318213755 86.09965201806547 0.0
162.30460144441588 85.7846000160269 0.0
35.14672630492155 162.40208519407923 0.0
8.546867865112073 38.19321701112939 0.0
137.09534045217032 173.04213521435798 0.0
72.3127794437449 4.6953301526238 0.0
56.21311545302539 137.4453647074181 0.0
16.07461629616751 44.1026577516213 0.0
115.76747852924647 184.85860929058424 0.0
166.21919766925356 122.10485730925139 0.0
2.7053315445357606 118.70622524014254 0.0
109.98476210908478 35.54294491212215 0.0
143.8315893405633 19.880121127987294 0.0
50.85218254454582 17.453024036296625 0.0
134.8420679110215 106.86512810091564 0.0
30.18465614006718 94.39521323844215 0.0
9.399411458504737 110.64042230367257 0.0
27.011679261019438 98.24669256181026 0.0
55.16742238568917 93.58672881378138 0.0
133.20461934997792 196.55198134949063 0.0
184.69553460381357 144.1680762581171 0.0
67.89270972591146 98.68738207639012 0.0
151.27191576986343 112.94601250413115 0.0
42.81996334245115 119.51089071590928 0.0
163.34015147873498 120.5231632614816 0.0
19.44495782696507 37.83263963814745 0.0
95.80103252750156 164.30214491811 0.0
108.93711284241527 173.95525148307382 0.0
122.49753678805814 178.4848741685598 0.0
57.824544736389605 128.69734050642364 0.0
1.4076848730379732 160.52637216107792 0.0
34.900173372059996 175.72764198360892 0.0
32.546482132410844 67.29626085540055 0.0
89.09440938924789 179.70115320100228 0.0
78.30472202108167 105.49016589511592 0.0
83.37413909472471 124.60284529240589 0.0
186.9289877287932 193.37233150942475 0.0
26.329450736258032 79.86849473558655 0.0
92.07381870803668 154.71983830271597 0.0
120.9610229689782 106.2663294361528 0.0
174.8333934491056 20.877778037582218 0.0
129.28268448348666 9.187126385668165 0.0
169.38693478962585 63.123956176979256 0.0
11.705159317663693 183.9045739818764 0.0
169.3682397008443 55.080599760292316 0.0
41.76872738111352 65.53173183083516 0.0
149.2966546924143 173.69973225186166 0.0
119.64387303732858 95.81343024499576 0.0
53.88311663664138 87.38785254118515 0.0
11.920776837125802 49.55865634385073 0.0
127.75159107273252 151.1246828996563 0.0
130.55986241036018 25.430825291967253 0.0
159.09272516159794 30.969759208181102 0.0
30.477397428005414 198.97811757411222 0.0
92.99315997097868 114.1397675621546 0.0
53.09144951211173 160.19999846813747 0.0
33.66040971520252 125.87846853045332 0.0
72.2553372165643 113.6100680879385 0.0
199.48993714667452 70.63031543395304 0.0
109.35701686313406 5.669605957857415 0.0
120.8974116287581 142.56768817599894 0.0
75.96463031469492 162.63004852550108 0.0
78.06588649097736 9.310941353302237 0.0
75.24984243332536 71.23685081503623 0.0
64.23409558452924 62.719426760299136 0.0
147.52223691339665 115.41118322464095 0.0
29.878641889815817 51.92068936374001 0.0
80.5596024742826 193.93992479735564 0.0
14.119417349041562 166.28416428810922 0.0
122.02045784633621 187.36864078010888 0.0
1.9041945291127682 119.8347355420073 0.0
129.07677067794472 16.706052062658006 0.0
159.00483017244966 103.6405803006148 0.0
69.50639130057965 142.21281122625203 0.0
91.5841297623605 18.998785737476688 0.0
48.836196548855696 187.46131824271737 0.0
153.06895018046907 181.78124098638096 0.0
179.72868215179955 142.01736882972315 0.0
178.29173125934057 97.09252217033391 0.0
32.65607509686064 95.5085913441831 0.0
163.33915579904678 143.43033135496407 0.0
111.0078002451565 86.50856903778383 0.0
129.273193413801 76.8282866878063 0.0
179.12858924744697 11.579719482021966 0.0
108.86644600861462 167.99984714265764 0.0
138.38609362880953 32.9819649600553 0.0
77.72014498994231 119.29125478789886 0.0
94.21846836898182 147.96835212838343 0.0
114.60975780007352 73.29035490098332 0.0
86.2138932943904 138.2528427554555 0.0
120.62982482330496 21.227382087246973 0.0
63.625671298368424 5.14952070838206 0.0
52.68599461366361 146.84265596124513 0.0
80.32789605988664 14.04655683182896 0.0
34.109051461148866 100.18536691173385 0.0
156.06853710215256 21.292323735605677 0.0
93.64203616832529 85.8465893856271 0.0
4.978076817294297 37.23509850267761 0.0
53.77832606780131 171.41881382893413 0.0
67.6435478796083 191.07190745313957 0.0
40.404979972590446 174.51318889874753 0.0
199.65939701362038 6.326062617222528 0.0
17.932265614360364 70.45497144113384 0.0
167.41801555239604 170.1870350188512 0.0
67.56684469147378 77.81648404444583 0.0
181.00454419631865 185.61036517971422 0.0
21.112641603237247 25.236165182994917 0.0
54.41193380486944 31.98943669084191 0.0
138.65999609121587 80.51117993322525 0.0
24.893950120229324 28.37483028062122 0.0
175.75026158005943 31.74027013040872 0.0
186.12524602486386 92.63127428494538 0.0
24.07955702878697 50.332465591992026 0.0
93.9393505593126 120.5860336282861 0.0
129.53196123283794 36.98642056052832 0.0
188.76675997822966 71.13686914681139 0.0
92.30901303417063 54.284189751862314 0.0
45.49713879059478 136.45153441472328 0.0
36.14890707801728 183.33223421429884 0.0
109.34097049775578 100.80504628196492 0.0
97.10533604709757 6.921685378116482 0.0
105.36772671978498 47.264851511709274 0.0
127.08255650946576 17.96877035321738 0.0
119.74906413311474 158.34824835672703 0.0
33.29977378125546 179.53546240656223 0.0
42.337229690974645 74.94032020118809 0.0
82.08441709549636 21.519518933151495 0.0
33.06030892794567 127.17477072327125 0.0
183.87066453054814 49.1420127374832 0.0
128.71763977604542 131.64419884718777 0.0
46.00590272614349 59.64963253636692 0.0
42.110113701519225 161.22023988926412 0.0
130.94445320263617 16.188037848517787 0.0
22.041837858868753 136.92818108478022 0.0
189.6345819777463 11.59164921076159 0.0
140.5810151353975 65.73473575919489 0.0
153.3811506751586 169.87425814102616 0.0
153.069601859342 53.77160991759003 0.0
162.19298069649705 79.49398789291466 0.0
136.72278614544965 61.43168751842381 0.0
83.60057468252535 130.00512481210288 0.0
55.26090031758346 134.93862827553932 0.0
33.156247579050536 132.49843923197298 0.0
19.867990894861354 148.40481682718402 0.0
146.30551449089978 44.27066638248298 0.0
120.87275236296927 121.05653411212805 0.0
171.04491478730998 89.45290517877784 0.0
89.89918439884777 136.21946830193932 0.0
151.7581560791444 69.86669083471901 0.0
118.8358315296252 181.82155820165895 0.0
156.84901916211845 194.16565635085394 0.0
109.82402098194659 56.58441170658519 0.0
66.26592945485979 118.35964850756675 0.0
59.56714957735338 41.738358047681224 0.0
79.73979670146183 87.10733818592182 0.0
191.61453063336197 125.01055864890813 0.0
32.53313717503028 92.70233944805395 0.0
41.87498138832888 181.79940881015867 0.0
12.725244180118246 27.466963602116977 0.0
175.4667932485655 67.86265883328116 0.0
162.5345122893622 95.3067748375183 0.0
167.1123566677337 58.51066065855872 0.0
115.90577994786946 69.46819023280241 0.0
112.63728023343742 81.21036949117799 0.0
75.56701858222878 136.08041046575968 0.0
55.73532273203106 131.66954660082033 0.0
64.98623072798428 46.85207376055806 0.0
112.01212475159288 137.88488373989009 0.0
4.136117327228428 119.3320037550644 0.0
151.42224301828563 142.3017563889966 0.0
152.70044052808234 69.43259988858219 0.0
60.56550515455768 9.147334167210452 0.0
140.33277021690412 138.45335552161356 0.0
47.91038477206546 132.16290972536254 0.0
60.804715074042946 85.63119094443685 0.0
177.86349377252162 17.375322795357672 0.0
145.3573833101206 157.28317754522078 0.0
123.70604415605324 146.2114385715387 0.0
150.29635764593272 114.89649710495262 0.0
14.76952133266305 186.17371772598244 0.0
194.84701083347943 7.059336704098551 0.0
19.82444882585799 9.458902681505087 0.0
167.51357976207382 3.915669727340987 0.0
156.50777192986982 104.31604824801981 0.0
182.66199834729375 77.86574505780439 0.0
145.71569962620006 19.60400792792023 0.0
113.7729695745368 10.523398463123733 0.0
140.24075269416568 69.92270874568749 0.0
155.78839156308425 133.48009746123464 0.0
48.53298996384374 46.85654111180724 0.0
76.20083867508309 169.21494987306232 0.0
147.31723238026163 131.28220633084558 0.0
103.01225008998283 128.52876632595175 0.0
130.8993898424249 182.3575370186218 0.0
67.41465848704713 42.169457927258435 0.0
80.34687796016044 90.7217593945656 0.0
70.02226541269461 156.85506256229382 0.0
52.32936009985816 126.60183627646676 0.0
171.71083392649317 109.68972646035053 0.0
85.25779685527843 187.93344474922176 0.0
23.596785125502695 110.00712910518511 0.0
199.461362809625 159.26938703237175 0.0
145.4151015040595 103.96476863400324 0.0
28.493202130303818 29.16215138211975 0.0
137.5315995115985 74.75170734953385 0.0
60.25771699535021 181.8714445320542 0.0
69.05173547583125 40.06136880858882 0.0
89.50354686605519 178.6616323692918 0.0
22.964671468376153 148.5200473684851 0.0
187.3280045252073 174.617987346409 0.0
98.98788050709344 148.0508963466057 0.0
78.69026903763714 78.82482803385473 0.0
75.75412563483879 1.6921709479767788 0.0
85.5322453710175 58.912559464440115 0.0
16.209234690440667 160.17760161543688 0.0
140.95747076341465 15.394807031855628 0.0
163.56566133047815 165.62579854400104 0.0
9.02013964800279 6.880828683674833 0.0
119.88330452454687 56.97469970791526 0.0
155.0277552074901 94.16247609826056 0.0
125.32574241467785 75.33611194311638 0.0
102.86256432761883 89.33904816603189 0.0
63.36653169099462 26.23442595469929 0.0
188.67846304481765 45.55739172496571 0.0
5.696727185885853 145.732698005284 0.0
174.43161458884774 3.6087548035524497 0.0
80.31151174535003 38.738367256809504 0.0
20.05458988616782 123.5378677168536 0.0
197.23020351275545 10.319825898063462 0.0
29.685435814905347 72.58385996952579 0.0
98.53054942558725 94.65429056523236 0.0
185.21458037847725 15.186641862316552 0.0
112.8548517589251 101.26635998787397 0.0
159.51408702691037 156.45646778953528 0.0
89.2718288085771 44.5057174016459 0.0
62.065326571395715 127.418410403211 0.0
61.35497701399826 199.751590437459 0.0
11.302689212051597 168.50763760271727 0.0
49.56441470553694 138.6205179012374 0.0
150.84253795335988 67.20534601916906 0.0
48.49605554413581 35.49314509446102 0.0
130.8681157290775 136.36929908788835 0.0
65.28835607657683 108.96474495946148 0.0
161.29278541603125 181.7270108292431 0.0
76.45345336609914 64.36330197314757 0.0
109.92543503527617 0.16364848354257777 0.0
152.6261540488378 37.26798047359259 0.0
166.7134714870469 74.85078757639066 0.0
164.20068719013057 2.999935949652288 0.0
124.24045381485458 188.92622394556102 0.0
25.551807203828858 113.34643065219781 0.0
135.00691733121124 66.34913767976258 0.0
161.5133245407484 149.31832509545742 0.0
97.62447687556863 66.71890353501708 0.0
187.01369820857516 37.53002301187443 0.0
196.90492465832213 10.259944920869302 0.0
79.2449424746754 167.8301024235452 0.0
176.92763338362926 189.83913265839584 0.0
191.46761343233774 71.09977332681613 0.0
61.519933002301855 138.79615361080772 0.0
108.53124021486116 68.67558890275731 0.0
53.18700948337414 166.5315484566893 0.0
176.41607468689872 188.64163193718565 0.0
39.37912305924558 48.210961494739735 0.0
151.57866402505712 159.27573540026157 0.0
114.08576252814441 160.60834521858885 0.0
10.610276222288295 36.223105994063395 0.0
183.0976804263738 193.024887999514 0.0
136.69373650145226 197.50997348265787 0.0
62.879568727564525 130.38451702179762 0.0
56.57088807233415 49.29886555683398 0.0
105.84744973009488 105.0208245986614 0.0
40.20936366920856 25.32615654202295 0.0
88.94659284870971 144.33437681198154 0.0
195.0839428859876 134.25162863066407 0.0
87.77727246131933 3.4134847582041328 0.0
187.96437613539868 11.688910548935505 0.0
125.117220017651 164.8754240483878 0.0
9.328053927761726 167.47452560935267 0.0
130.54121615448983 112.5993468264631 0.0
58.99251063095885 83.77261315168425 0.0
176.9398500175702 141.68597651692676 0.0
76.28927228031934 15.901224800162694 0.0
70.09096885695895 53.89347007840093 0.0
64.0771612088493 175.30523548708163 0.0
159.03897475842575 105.96269953450789 0.0
163.11974301569495 32.89007463021074 0.0
107.88865271877835 127.65935029337506 0.0
21.828060237435466 170.96931459591778 0.0
123.72177523936885 7.024351287876862 0.0
176.096511581556 33.36848609649561 0.0
170.69629041639635 152.23808331812947 0.0
104.93620206500545 75.76631614045128 0.0
16.98951083295439 82.66797140806057 0.0
159.83662675794238 2.14381850972305 0.0
159.09817376997935 176.08313263400171 0.0
79.26324251012645 188.25062700476533 0.0
147.1099536036242 4.68373168588716 0.0
94.42487205938008 39.28703828760693 0.0
194.91241148122097 29.506863581928954 0.0
108.42160807760112 106.5394032027148 0.0
0.9070883354422854 90.93474904537737 0.0
88.11033601280126 96.49534083211448 0.0
27.647865118219595 132.4451775171335 0.0
46.50159126809452 46.00457972951848 0.0
92.92437717515946 125.40810203221639 0.0
13.22808017047623 108.34007528179346 0.0
10.162775606262153 24.646466661599508 0.0
191.60165545037947 197.55323648928322 0.0
182.61776039175538 177.64326897771573 0.0
83.00217340291883 172.30613982190687 0.0
103.68124911795968 134.6910932861192 0.0
122.81823013461934 105.4025986223082 0.0
44.73475325329586 62.94424250651971 0.0
116.88627235481607 81.5291500906105 0.0
22.323974657029733 154.24775555105177 0.0
93.35119776389458 93.2559234789847 0.0
28.03578519027956 134.78165328740675 0.0
92.09811048625917 164.13659157726607 0.0
77.30927219371388 33.97283485909601 0.0
102.38140501645572 17.7854974298427 0.0
87.51408313178382 150.79098931231906 0.0
29.00404727012056 33.0992451400802 0.0
130.9808808990285 67.45913622305278 0.0
18.376320759755128 78.329037971928 0.0
25.27034502136285 3.7733285395896043 0.0
108.00997887309285 100.49910696997499 0.0
120.81857590502383 179.64014183385137 0.0
176.48025858535917 61.705698989086514 0.0
125.19845324494416 159.1047352614926 0.0
165.614837887157 160.1200578552095 0.0
63.58801568766912 186.05611929635884 0.0
122.6452458326576 51.05797909668783 0.0
16.638460566632073 89.96061733268161 0.0
167.28295810702105 192.26754926725772 0.0
99.78596661406772 39.38826581300716 0.0
27.15888997524636 77.62573539871349 0.0
52.15312065640487 51.761231872543824 0.0
104.79150956855514 194.72354175095273 0.0
188.5371890314461 129.66717762869285 0.0
140.22549266102254 44.35859215692864 0.0
134.58420027596355 187.24468277163427 0.0
15.70929623504156 93.74292588649975 0.0
113.09921935647186 154.56189605244208 0.0
112.2565998572103 100.27297799250144 0.0
178.54481987474452 3.573575263477391 0.0
72.66317668056178 38.99772538136075 0.0
107.13135787431902 126.15577913616013 0.0
51.52729352565289 94.46002598549245 0.0
41.50410585595361 112.88163363899591 0.0
140.04827349746918 36.3752872276393 0.0
61.88402071011292 130.6153981718942 0.0
41.854453512725144 188.65062840710675 0.0
9.620328248944542 177.66648759799023 0.0
45.83833757551395 122.53674507192346 0.0
124.46477015252206 107.15878110361845 0.0
92.95324292513708 157.24384319722833 0.0
173.47888602395295 52.43493182481218 0.0
66.15242254875572 135.14193540124134 0.0
147.33726374851557 162.72923926787306 0.0
146.12805312656366 153.7049483924776 0.0
78.8912735523738 163.00683895068173 0.0
170.23418340376688 182.64714656940217 0.0
99.2093365112732 188.78095501800283 0.0
7.954204839738899 172.23937588998263 0.0
87.91136213638792 14.884040920604026 0.0
23.50000669932557 167.58180427145604 0.0
197.4665326561892 196.5827052271259 0.0
134.60657145349174 83.64875369687938 0.0
135.22520908727878 172.0904021407024 0.0
196.3122312568052 167.2104421981065 0.0
172.30725501335718 37.44584607051416 0.0
39.491479133890174 174.2753551059567 0.0
15.070649300091187 97.88930852684166 0.0
76.13373978714971 125.4861732365178 0.0
122.73585598205743 24.282870007522874 0.0
146.83803344769458 166.94114669455874 0.0
183.84292203710902 98.78488076697597 0.0
30.720131139808714 160.20190415110676 0.0
74.56988138900185 20.90283768756891 0.0
163.90520474554413 152.78774997843811 0.0
113.54259829861539 63.21310760588934 0.0
20.00574618894191 39.24556722528971 0.0
0.6177151199356246 15.44977963345826 0.0
94.46085628574797 112.92349818685862 0.0
81.22200337888421 136.32917617232465 0.0
104.33978535447257 29.865607327426225 0.0
113.18287909971816 44.390500066664316 0.0
66.18901605366739 158.78389255982881 0.0
129.58648492248562 122.29723837053663 0.0
146.7287952436481 174.85294274763314 0.0
89.05127970385011 183.457906040064 0.0
194.68161947092736 70.11168880759739 0.0
183.90665104339624 55.48889184638093 0.0
56.74169833569462 99.5457321460268 0.0
137.11756725971776 171.95615268170158 0.0
156.6709568942184 159.46283915713656 0.0
160.3979511737384 31.99656835637461 0.0
173.73376091439644 103.56309890384144 0.0
68.8069339931923 86.83387225635157 0.0
195.15911121245588 142.14459364143482 0.0
151.22374357614942 42.868127421350465 0.0
37.045552471782074 141.1741258464715 0.0
181.44856625268767 132.93170185252768 0.0
129.10062689263856 140.49196668481537 0.0
21.278193874398642 0.46891216813294 0.0
40.833349902276254 144.20836848743454 0.0
14.757006330856282 65.81039379298643 0.0
190.2946138267867 1.3888294267343726 0.0
1.9051589670652014 199.377462422846 0.0
121.1870680227058 191.41408502336074 0.0
90.57766802823272 13.565722086257615 0.0
160.14260928668784 155.93986512971406 0.0
116.70940812947627 103.22119411334533 0.0
73.19207287997118 78.17052212608884 0.0
196.0527836307471 114.0364794480613 0.0
128.9284117696439 100.19971218885726 0.0
124.61632523790539 198.85825643566204 0.0
145.59109498233826 90.46040260791057 0.0
20.363971311120622 33.81177672002853 0.0
50.27611020416742 25.86541436942551 0.0
