1 25 22.0
1 34 52.0
1 65 60.0
1 69 20.0
1 73 21.0
1 123 5.0
1 134 81.0
1 164 75.0
1 187 17.0
1 195 56.0
2 9 15.0
2 31 50.0
2 42 41.0
2 50 48.0
2 51 97.0
2 54 91.0
2 56 11.0
2 82 16.0
2 106 75.0
2 107 5.0
2 119 30.0
2 158 89.0
2 170 55.0
2 194 10.0
2 196 77.0
3 51 96.0
3 100 98.0
3 112 39.0
3 116 96.0
3 129 16.0
3 194 22.0
3 196 23.0
4 12 88.0
4 23 51.0
4 24 80.0
4 48 91.0
4 87 48.0
4 89 21.0
4 120 82.0
4 126 57.0
4 145 17.0
4 156 77.0
4 159 39.0
4 168 55.0
4 177 34.0
4 180 27.0
4 197 90.0
4 46 26.0
5 8 65.0
5 17 6.0
5 41 70.0
5 44 60.0
5 59 17.0
5 68 64.0
5 80 29.0
5 92 56.0
5 113 39.0
5 122 3.0
5 161 57.0
5 163 43.0
5 169 92.0
5 189 76.0
5 193 51.0
6 19 93.0
6 98 85.0
6 151 4.0
6 162 8.0
6 171 39.0
6 178 32.0
6 95 3.0
6 114 38.0
6 173 99.0
7 126 89.0
7 159 87.0
7 20 74.0
7 31 5.0
7 39 95.0
7 46 48.0
7 52 82.0
7 54 5.0
7 62 3.0
7 94 70.0
7 95 74.0
7 138 61.0
7 150 50.0
7 157 36.0
7 158 67.0
7 165 85.0
7 190 16.0
8 5 86.0
8 17 2.0
8 41 36.0
8 44 97.0
8 58 24.0
8 68 33.0
8 80 62.0
8 85 41.0
8 92 71.0
8 111 21.0
8 113 4.0
8 122 86.0
8 161 10.0
8 163 27.0
8 189 60.0
9 2 39.0
9 42 72.0
9 50 60.0
9 51 88.0
9 56 62.0
9 82 62.0
9 106 83.0
9 107 56.0
9 119 99.0
9 170 45.0
9 194 64.0
10 32 65.0
10 67 80.0
10 93 53.0
10 96 84.0
10 105 14.0
10 147 96.0
10 151 21.0
10 179 62.0
11 13 71.0
11 21 6.0
11 22 86.0
11 27 94.0
11 49 94.0
11 63 37.0
11 66 50.0
11 77 68.0
11 84 24.0
11 90 41.0
11 110 37.0
11 125 69.0
11 153 66.0
11 155 93.0
11 191 46.0
11 198 15.0
12 4 82.0
12 23 77.0
12 24 45.0
12 88 84.0
12 89 67.0
12 126 99.0
12 145 2.0
12 159 81.0
12 177 37.0
12 180 61.0
12 197 41.0
12 98 35.0
12 39 6.0
12 46 16.0
12 94 41.0
12 138 92.0
12 157 82.0
12 173 10.0
12 200 84.0
13 11 91.0
13 16 71.0
13 18 35.0
13 49 31.0
13 57 60.0
13 61 18.0
13 90 23.0
13 110 51.0
13 176 30.0
13 191 23.0
14 141 56.0
14 20 69.0
14 42 31.0
14 53 90.0
14 54 87.0
14 60 90.0
14 76 60.0
14 79 62.0
14 100 48.0
14 112 22.0
14 129 39.0
14 132 53.0
14 196 50.0
15 29 52.0
15 37 23.0
15 49 94.0
15 72 5.0
15 78 66.0
15 99 83.0
15 104 33.0
15 117 9.0
15 118 41.0
15 137 23.0
15 142 77.0
15 146 35.0
15 153 82.0
15 175 92.0
15 183 2.0
15 174 71.0
16 13 58.0
16 18 37.0
16 57 59.0
16 61 54.0
16 90 86.0
16 110 8.0
16 131 9.0
16 135 52.0
16 176 31.0
16 191 96.0
17 104 87.0
17 146 67.0
17 5 89.0
17 8 48.0
17 41 27.0
17 44 23.0
17 59 40.0
17 68 38.0
17 80 43.0
17 92 63.0
17 113 57.0
17 122 6.0
17 161 2.0
17 163 34.0
17 169 9.0
17 174 75.0
17 189 7.0
17 193 54.0
18 13 64.0
18 16 84.0
18 49 19.0
18 57 64.0
18 61 87.0
18 74 33.0
18 90 85.0
18 176 36.0
19 24 91.0
19 88 99.0
19 6 21.0
19 45 83.0
19 75 78.0
19 98 46.0
19 171 42.0
19 178 47.0
19 94 21.0
19 95 81.0
19 138 49.0
19 157 26.0
19 173 63.0
19 200 19.0
20 109 11.0
20 126 62.0
20 140 92.0
20 159 65.0
20 7 83.0
20 14 97.0
20 31 25.0
20 39 88.0
20 42 97.0
20 46 33.0
20 53 55.0
20 54 56.0
20 60 6.0
20 62 81.0
20 76 4.0
20 79 45.0
20 132 89.0
20 150 74.0
20 158 22.0
20 165 90.0
20 190 16.0
21 11 16.0
21 22 95.0
21 27 7.0
21 30 17.0
21 63 61.0
21 66 1.0
21 71 52.0
21 77 69.0
21 84 45.0
21 90 4.0
21 110 31.0
21 125 61.0
21 143 65.0
21 153 70.0
21 155 99.0
21 166 18.0
21 191 75.0
21 198 2.0
21 199 44.0
22 11 87.0
22 21 65.0
22 27 19.0
22 30 17.0
22 40 73.0
22 63 88.0
22 66 47.0
22 71 85.0
22 77 43.0
22 84 13.0
22 125 72.0
22 127 98.0
22 143 27.0
22 155 89.0
22 166 88.0
22 182 25.0
22 191 68.0
22 198 14.0
22 199 64.0
23 4 24.0
23 12 92.0
23 24 99.0
23 88 24.0
23 89 86.0
23 120 89.0
23 126 79.0
23 145 40.0
23 159 87.0
23 177 50.0
23 180 5.0
23 197 20.0
23 39 85.0
23 46 97.0
23 94 55.0
23 138 84.0
23 157 89.0
23 200 23.0
24 43 42.0
24 4 94.0
24 12 70.0
24 23 49.0
24 88 16.0
24 89 34.0
24 145 97.0
24 180 2.0
24 197 73.0
24 19 26.0
24 45 27.0
24 75 12.0
24 98 3.0
24 39 90.0
24 94 38.0
24 138 97.0
24 157 67.0
24 173 38.0
24 200 71.0
25 1 69.0
25 65 30.0
25 87 53.0
25 120 86.0
25 134 4.0
25 156 15.0
25 186 71.0
25 195 58.0
26 70 43.0
26 64 97.0
26 97 59.0
26 102 51.0
26 121 79.0
26 136 26.0
26 152 48.0
26 181 72.0
26 186 97.0
26 195 68.0
27 11 63.0
27 21 69.0
27 22 93.0
27 30 95.0
27 63 84.0
27 66 69.0
27 71 42.0
27 77 19.0
27 84 20.0
27 110 74.0
27 125 94.0
27 144 30.0
27 155 13.0
27 166 10.0
27 182 32.0
27 184 59.0
27 191 43.0
27 198 98.0
27 199 90.0
28 40 79.0
28 166 9.0
28 199 78.0
28 35 62.0
28 48 79.0
28 87 58.0
28 89 6.0
28 145 51.0
28 156 12.0
28 168 44.0
28 186 88.0
29 15 63.0
29 49 75.0
29 99 70.0
29 104 81.0
29 117 77.0
29 142 17.0
29 146 14.0
29 153 22.0
29 175 79.0
29 183 57.0
29 174 9.0
29 193 34.0
30 21 90.0
30 22 42.0
30 27 91.0
30 66 48.0
30 70 71.0
30 71 49.0
30 77 26.0
30 110 56.0
30 144 37.0
30 182 92.0
30 184 29.0
30 191 19.0
30 198 73.0
31 2 17.0
31 7 68.0
31 20 75.0
31 42 21.0
31 52 37.0
31 54 97.0
31 62 41.0
31 95 13.0
31 107 8.0
31 150 36.0
31 157 87.0
31 158 96.0
31 165 15.0
31 190 35.0
32 10 69.0
32 58 40.0
32 83 67.0
32 85 95.0
32 96 43.0
32 147 91.0
32 179 28.0
33 67 47.0
33 93 65.0
33 96 63.0
33 105 72.0
33 147 31.0
33 151 38.0
33 162 41.0
33 114 69.0
33 172 79.0
34 1 32.0
34 36 65.0
34 69 8.0
34 73 31.0
34 123 25.0
34 164 49.0
34 167 20.0
34 187 57.0
35 40 1.0
35 70 47.0
35 166 61.0
35 182 50.0
35 28 51.0
35 48 24.0
35 64 3.0
35 87 55.0
35 136 39.0
35 152 33.0
35 156 15.0
35 168 2.0
35 181 89.0
35 186 27.0
36 34 6.0
36 38 54.0
36 47 9.0
36 55 24.0
36 69 67.0
36 73 53.0
36 103 7.0
36 124 50.0
36 139 79.0
36 154 90.0
36 187 86.0
37 15 95.0
37 72 11.0
37 78 51.0
37 117 2.0
37 118 20.0
37 137 86.0
37 142 98.0
37 146 32.0
37 153 65.0
37 183 40.0
37 81 82.0
37 133 97.0
38 36 59.0
38 47 67.0
38 55 15.0
38 69 59.0
38 73 75.0
38 103 78.0
38 124 50.0
38 139 72.0
38 154 95.0
39 12 30.0
39 23 91.0
39 24 54.0
39 88 83.0
39 126 36.0
39 159 31.0
39 177 70.0
39 180 70.0
39 197 93.0
39 98 29.0
39 7 37.0
39 20 31.0
39 46 53.0
39 52 33.0
39 62 8.0
39 94 91.0
39 138 38.0
39 150 34.0
39 157 66.0
39 165 53.0
39 173 75.0
39 190 66.0
39 200 90.0
40 22 44.0
40 63 33.0
40 66 54.0
40 127 33.0
40 143 46.0
40 166 66.0
40 182 15.0
40 198 95.0
40 199 41.0
40 28 64.0
40 35 64.0
40 48 89.0
40 87 87.0
40 168 69.0
41 5 51.0
41 8 73.0
41 17 90.0
41 44 64.0
41 58 83.0
41 68 14.0
41 80 1.0
41 81 60.0
41 85 37.0
41 92 94.0
41 111 90.0
41 113 26.0
41 122 50.0
41 161 3.0
41 163 98.0
41 189 54.0
42 2 22.0
42 9 34.0
42 14 3.0
42 20 55.0
42 31 10.0
42 51 47.0
42 54 48.0
42 76 59.0
42 106 91.0
42 107 63.0
42 112 49.0
42 129 76.0
42 158 58.0
42 165 29.0
42 194 24.0
42 196 93.0
43 127 73.0
43 143 9.0
43 24 38.0
43 48 25.0
43 88 65.0
43 145 39.0
43 45 80.0
43 75 12.0
43 200 70.0
44 5 80.0
44 8 20.0
44 17 65.0
44 41 73.0
44 58 27.0
44 68 30.0
44 80 88.0
44 85 89.0
44 92 93.0
44 111 15.0
44 113 30.0
44 122 29.0
44 128 96.0
44 161 7.0
44 163 80.0
44 189 96.0
45 43 19.0
45 24 72.0
45 88 62.0
45 19 9.0
45 75 42.0
45 98 78.0
45 133 51.0
45 178 87.0
45 173 55.0
45 200 64.0
46 4 22.0
46 12 45.0
46 23 72.0
46 126 5.0
46 159 21.0
46 177 87.0
46 180 99.0
46 197 93.0
46 7 69.0
46 20 53.0
46 39 60.0
46 62 79.0
46 94 96.0
46 138 3.0
46 150 53.0
46 157 99.0
46 165 39.0
46 190 18.0
46 200 42.0
47 36 93.0
47 38 86.0
47 55 85.0
47 69 2.0
47 73 78.0
47 103 90.0
47 124 10.0
47 139 21.0
47 154 2.0
48 40 92.0
48 43 90.0
48 127 43.0
48 143 40.0
48 166 63.0
48 199 9.0
48 4 69.0
48 28 89.0
48 35 41.0
48 87 31.0
48 89 64.0
48 145 1.0
48 156 2.0
48 168 78.0
49 11 35.0
49 13 72.0
49 15 19.0
49 18 71.0
49 29 87.0
49 61 42.0
49 74 13.0
49 78 10.0
49 90 87.0
49 99 67.0
49 117 86.0
49 142 2.0
49 146 27.0
49 153 22.0
50 2 70.0
50 9 28.0
50 51 60.0
50 56 24.0
50 82 4.0
50 106 87.0
50 107 42.0
50 119 95.0
50 170 98.0
50 192 33.0
51 2 80.0
51 3 4.0
51 9 98.0
51 42 90.0
51 50 69.0
51 56 86.0
51 82 70.0
51 91 11.0
51 100 86.0
51 106 43.0
51 107 52.0
51 116 5.0
51 119 62.0
51 129 28.0
51 192 20.0
51 194 56.0
51 196 82.0
52 7 44.0
52 31 84.0
52 39 51.0
52 54 93.0
52 62 45.0
52 94 56.0
52 95 64.0
52 114 71.0
52 150 68.0
52 157 58.0
52 158 24.0
52 165 73.0
52 190 66.0
53 108 20.0
53 109 98.0
53 140 65.0
53 141 39.0
53 148 43.0
53 14 84.0
53 20 2.0
53 60 70.0
53 76 28.0
53 79 54.0
53 132 83.0
54 2 73.0
54 7 12.0
54 14 46.0
54 20 63.0
54 31 14.0
54 42 81.0
54 52 48.0
54 62 56.0
54 76 97.0
54 107 48.0
54 150 93.0
54 158 16.0
54 165 2.0
54 190 57.0
55 36 18.0
55 38 13.0
55 47 13.0
55 69 86.0
55 73 35.0
55 103 47.0
55 124 79.0
55 187 88.0
56 2 19.0
56 9 33.0
56 50 26.0
56 51 32.0
56 82 72.0
56 106 93.0
56 107 76.0
56 119 7.0
56 170 35.0
56 192 68.0
57 13 55.0
57 16 20.0
57 18 42.0
57 61 45.0
57 74 22.0
57 90 15.0
57 110 60.0
57 176 64.0
58 8 74.0
58 32 1.0
58 41 70.0
58 44 84.0
58 68 2.0
58 80 96.0
58 85 96.0
58 111 55.0
58 122 63.0
58 161 78.0
58 188 27.0
58 189 31.0
59 104 53.0
59 117 90.0
59 137 94.0
59 146 10.0
59 175 66.0
59 5 36.0
59 17 87.0
59 68 86.0
59 80 97.0
59 81 81.0
59 113 18.0
59 122 35.0
59 163 81.0
59 169 16.0
59 174 34.0
59 193 6.0
60 108 52.0
60 109 91.0
60 140 16.0
60 141 74.0
60 148 42.0
60 160 41.0
60 185 47.0
60 14 41.0
60 20 89.0
60 53 70.0
60 76 35.0
60 79 64.0
60 132 54.0
61 13 8.0
61 16 76.0
61 18 31.0
61 49 32.0
61 57 10.0
61 74 98.0
61 99 29.0
61 176 85.0
62 126 67.0
62 159 96.0
62 7 28.0
62 20 78.0
62 31 49.0
62 39 45.0
62 46 24.0
62 52 58.0
62 54 92.0
62 94 69.0
62 95 90.0
62 138 28.0
62 150 36.0
62 157 85.0
62 158 67.0
62 165 59.0
62 190 85.0
63 11 87.0
63 21 93.0
63 22 42.0
63 27 52.0
63 40 45.0
63 66 13.0
63 72 73.0
63 77 78.0
63 78 64.0
63 84 12.0
63 90 36.0
63 125 35.0
63 127 79.0
63 143 49.0
63 153 23.0
63 155 38.0
63 166 84.0
63 191 90.0
63 198 29.0
63 199 39.0
64 70 96.0
64 26 46.0
64 35 48.0
64 97 60.0
64 102 46.0
64 121 16.0
64 136 64.0
64 152 32.0
64 156 6.0
64 181 65.0
64 186 70.0
64 195 35.0
65 1 51.0
65 25 42.0
65 69 85.0
65 73 12.0
65 102 95.0
65 103 12.0
65 124 21.0
65 134 3.0
65 139 24.0
65 154 31.0
65 195 46.0
66 11 83.0
66 21 94.0
66 22 95.0
66 27 35.0
66 30 37.0
66 40 66.0
66 63 18.0
66 71 61.0
66 77 46.0
66 84 76.0
66 125 31.0
66 127 30.0
66 143 32.0
66 155 79.0
66 166 22.0
66 182 57.0
66 191 68.0
66 198 19.0
66 199 88.0
67 10 25.0
67 33 70.0
67 93 15.0
67 96 40.0
67 105 55.0
67 147 59.0
67 151 8.0
67 172 76.0
68 5 77.0
68 8 97.0
68 17 22.0
68 41 3.0
68 44 3.0
68 58 56.0
68 59 63.0
68 80 27.0
68 81 27.0
68 92 40.0
68 113 16.0
68 122 92.0
68 161 47.0
68 163 89.0
68 169 29.0
68 189 98.0
68 193 88.0
69 1 36.0
69 34 88.0
69 36 46.0
69 38 3.0
69 47 2.0
69 55 44.0
69 65 29.0
69 73 28.0
69 103 69.0
69 123 17.0
69 124 73.0
69 134 59.0
69 187 20.0
69 195 82.0
70 30 6.0
70 71 12.0
70 182 11.0
70 26 58.0
70 35 87.0
70 64 42.0
70 97 14.0
70 121 54.0
70 136 24.0
70 152 17.0
70 181 37.0
71 21 30.0
71 22 33.0
71 27 8.0
71 30 99.0
71 66 76.0
71 70 56.0
71 77 31.0
71 110 53.0
71 144 14.0
71 182 26.0
71 184 37.0
71 191 48.0
71 198 72.0
72 15 62.0
72 37 4.0
72 63 47.0
72 78 34.0
72 84 69.0
72 118 82.0
72 125 26.0
72 127 51.0
72 137 98.0
72 142 6.0
72 143 70.0
72 153 2.0
72 155 7.0
72 183 47.0
73 1 78.0
73 34 85.0
73 36 10.0
73 38 12.0
73 47 88.0
73 55 13.0
73 65 9.0
73 69 21.0
73 103 19.0
73 124 77.0
73 134 25.0
73 139 25.0
73 154 74.0
73 187 58.0
74 18 23.0
74 49 9.0
74 57 93.0
74 61 82.0
74 99 70.0
74 176 94.0
75 43 30.0
75 24 73.0
75 88 30.0
75 19 7.0
75 45 43.0
75 98 48.0
75 133 82.0
75 178 2.0
75 173 57.0
75 200 32.0
76 140 77.0
76 141 26.0
76 14 63.0
76 20 59.0
76 42 90.0
76 53 20.0
76 54 7.0
76 60 83.0
76 79 89.0
76 100 61.0
76 112 43.0
76 129 17.0
76 132 83.0
76 165 63.0
76 196 94.0
77 11 56.0
77 21 75.0
77 22 65.0
77 27 40.0
77 30 90.0
77 63 97.0
77 66 82.0
77 71 43.0
77 110 98.0
77 144 85.0
77 155 63.0
77 166 13.0
77 182 14.0
77 184 80.0
77 191 88.0
77 198 4.0
77 199 31.0
78 15 78.0
78 37 20.0
78 49 24.0
78 63 18.0
78 72 19.0
78 84 83.0
78 118 61.0
78 125 11.0
78 127 14.0
78 137 58.0
78 142 77.0
78 143 20.0
78 153 42.0
78 155 50.0
78 183 19.0
79 109 57.0
79 140 76.0
79 141 74.0
79 14 65.0
79 20 10.0
79 53 29.0
79 60 33.0
79 76 32.0
79 112 75.0
79 132 78.0
79 196 3.0
80 5 23.0
80 8 16.0
80 17 89.0
80 41 92.0
80 44 23.0
80 58 73.0
80 59 37.0
80 68 34.0
80 85 34.0
80 92 25.0
80 111 88.0
80 113 32.0
80 122 8.0
80 161 72.0
80 163 82.0
80 169 84.0
80 189 21.0
81 37 87.0
81 137 40.0
81 142 19.0
81 183 3.0
81 41 46.0
81 59 66.0
81 68 63.0
81 130 17.0
81 133 54.0
82 2 97.0
82 9 64.0
82 50 3.0
82 51 41.0
82 56 73.0
82 106 93.0
82 107 9.0
82 119 5.0
82 170 98.0
82 192 14.0
82 194 53.0
83 32 64.0
83 86 43.0
83 101 86.0
83 115 91.0
83 149 70.0
83 179 50.0
84 11 71.0
84 21 46.0
84 22 42.0
84 27 78.0
84 63 63.0
84 66 71.0
84 72 60.0
84 78 70.0
84 90 71.0
84 125 11.0
84 127 84.0
84 143 69.0
84 153 89.0
84 155 23.0
84 166 49.0
84 191 8.0
84 198 45.0
84 199 91.0
85 8 5.0
85 32 84.0
85 41 51.0
85 44 69.0
85 58 83.0
85 80 17.0
85 86 69.0
85 111 33.0
85 115 86.0
85 161 90.0
85 189 93.0
86 83 42.0
86 85 4.0
86 101 54.0
86 111 88.0
86 115 98.0
86 128 95.0
86 149 12.0
86 179 9.0
87 40 65.0
87 4 6.0
87 25 26.0
87 28 38.0
87 35 7.0
87 48 74.0
87 89 37.0
87 145 30.0
87 156 37.0
87 168 82.0
87 186 93.0
88 43 13.0
88 12 61.0
88 23 69.0
88 24 34.0
88 145 79.0
88 19 13.0
88 45 11.0
88 75 36.0
88 98 76.0
88 178 4.0
88 39 84.0
88 94 33.0
88 138 74.0
88 157 34.0
88 173 89.0
88 200 14.0
89 4 85.0
89 12 19.0
89 23 48.0
89 24 88.0
89 28 84.0
89 48 31.0
89 87 31.0
89 120 70.0
89 145 70.0
89 156 63.0
89 168 49.0
89 177 26.0
89 180 98.0
89 197 96.0
90 11 66.0
90 13 97.0
90 16 21.0
90 18 11.0
90 21 76.0
90 49 37.0
90 57 46.0
90 63 36.0
90 84 27.0
90 110 20.0
90 125 50.0
90 153 28.0
90 155 60.0
90 191 81.0
91 51 74.0
91 116 97.0
91 119 89.0
91 192 99.0
91 194 33.0
92 5 17.0
92 8 10.0
92 17 9.0
92 41 89.0
92 44 74.0
92 68 18.0
92 80 42.0
92 111 55.0
92 113 98.0
92 122 88.0
92 161 2.0
92 163 91.0
92 169 21.0
92 189 36.0
93 10 71.0
93 33 10.0
93 67 28.0
93 96 77.0
93 105 6.0
93 147 84.0
93 151 9.0
93 162 98.0
93 188 9.0
93 114 33.0
93 172 45.0
94 12 8.0
94 23 10.0
94 24 30.0
94 88 41.0
94 126 66.0
94 159 53.0
94 180 62.0
94 197 20.0
94 19 75.0
94 98 81.0
94 7 70.0
94 39 90.0
94 46 91.0
94 52 67.0
94 62 52.0
94 95 40.0
94 138 64.0
94 150 58.0
94 157 51.0
94 173 20.0
94 190 67.0
94 200 9.0
95 6 98.0
95 19 50.0
95 98 36.0
95 162 81.0
95 7 15.0
95 31 5.0
95 52 2.0
95 62 56.0
95 94 44.0
95 114 43.0
95 150 63.0
95 157 98.0
95 158 40.0
95 173 84.0
95 190 19.0
96 10 33.0
96 32 64.0
96 33 51.0
96 67 29.0
96 93 70.0
96 105 57.0
96 147 91.0
96 151 2.0
96 162 19.0
96 188 59.0
97 70 9.0
97 26 98.0
97 64 77.0
97 121 60.0
97 136 34.0
97 152 20.0
97 181 97.0
98 12 9.0
98 24 61.0
98 88 42.0
98 6 96.0
98 19 90.0
98 45 42.0
98 75 16.0
98 178 90.0
98 39 57.0
98 94 54.0
98 95 86.0
98 138 95.0
98 157 73.0
98 173 10.0
98 200 36.0
99 15 75.0
99 29 26.0
99 49 36.0
99 61 83.0
99 74 65.0
99 104 23.0
99 117 71.0
99 146 38.0
99 175 78.0
100 3 1.0
100 14 34.0
100 51 59.0
100 76 95.0
100 112 58.0
100 116 4.0
100 129 7.0
100 194 98.0
100 196 10.0
101 83 9.0
101 86 68.0
101 111 47.0
101 115 77.0
101 128 58.0
101 149 50.0
102 26 3.0
102 64 99.0
102 65 86.0
102 103 57.0
102 124 5.0
102 134 99.0
102 139 36.0
102 154 77.0
102 181 92.0
102 195 90.0
103 36 29.0
103 38 33.0
103 47 78.0
103 55 72.0
103 65 82.0
103 69 69.0
103 73 43.0
103 102 43.0
103 124 87.0
103 134 74.0
103 139 11.0
103 154 82.0
103 195 57.0
104 15 87.0
104 29 50.0
104 99 86.0
104 117 47.0
104 146 31.0
104 175 11.0
104 17 45.0
104 59 4.0
104 169 96.0
104 174 48.0
104 193 85.0
105 10 68.0
105 33 11.0
105 67 99.0
105 93 44.0
105 96 28.0
105 147 82.0
105 151 82.0
105 172 36.0
106 2 75.0
106 9 46.0
106 42 57.0
106 50 50.0
106 51 52.0
106 56 2.0
106 82 42.0
106 107 31.0
106 119 46.0
106 170 74.0
106 194 9.0
106 196 40.0
107 2 23.0
107 9 87.0
107 31 98.0
107 42 39.0
107 50 4.0
107 51 97.0
107 54 72.0
107 56 97.0
107 82 63.0
107 106 99.0
107 129 92.0
107 158 60.0
107 170 22.0
107 194 88.0
107 196 62.0
108 109 66.0
108 123 15.0
108 140 99.0
108 141 74.0
108 148 85.0
108 160 86.0
108 164 66.0
108 167 36.0
108 185 77.0
108 53 12.0
108 60 70.0
109 108 87.0
109 126 56.0
109 140 80.0
109 141 55.0
109 148 10.0
109 159 93.0
109 164 73.0
109 177 42.0
109 20 47.0
109 53 96.0
109 60 76.0
109 79 1.0
109 132 80.0
110 11 17.0
110 13 4.0
110 16 64.0
110 21 63.0
110 27 80.0
110 30 65.0
110 57 15.0
110 71 46.0
110 77 63.0
110 90 50.0
110 131 42.0
110 135 94.0
110 144 40.0
110 155 47.0
110 184 53.0
110 191 3.0
110 198 17.0
111 8 56.0
111 41 52.0
111 44 46.0
111 58 42.0
111 80 61.0
111 85 70.0
111 86 46.0
111 92 85.0
111 101 86.0
111 115 65.0
111 122 42.0
111 128 71.0
111 149 47.0
111 161 91.0
111 189 33.0
112 3 38.0
112 14 43.0
112 42 70.0
112 76 41.0
112 79 16.0
112 100 38.0
112 116 2.0
112 129 65.0
112 132 5.0
112 194 87.0
112 196 72.0
113 5 58.0
113 8 38.0
113 17 48.0
113 41 41.0
113 44 91.0
113 59 52.0
113 68 26.0
113 80 98.0
113 92 37.0
113 122 60.0
113 161 6.0
113 163 47.0
113 169 65.0
113 174 72.0
113 189 38.0
113 193 42.0
114 6 71.0
114 33 21.0
114 93 27.0
114 151 6.0
114 162 85.0
114 52 48.0
114 95 49.0
114 172 33.0
115 83 63.0
115 85 75.0
115 86 44.0
115 101 76.0
115 111 6.0
115 128 80.0
115 149 79.0
115 179 6.0
116 3 83.0
116 51 33.0
116 91 38.0
116 100 18.0
116 112 8.0
116 129 4.0
116 192 21.0
116 194 4.0
116 196 55.0
117 15 69.0
117 29 29.0
117 37 27.0
117 49 53.0
117 99 1.0
117 104 18.0
117 142 51.0
117 146 95.0
117 153 50.0
117 175 24.0
117 183 64.0
117 59 75.0
117 174 10.0
117 193 59.0
118 15 73.0
118 37 69.0
118 72 59.0
118 78 34.0
118 137 36.0
118 142 65.0
118 153 87.0
118 183 9.0
118 133 42.0
119 2 36.0
119 9 9.0
119 50 8.0
119 51 43.0
119 56 66.0
119 82 63.0
119 91 27.0
119 106 88.0
119 192 19.0
120 4 79.0
120 23 37.0
120 25 31.0
120 89 86.0
120 126 92.0
120 159 64.0
120 164 4.0
120 177 3.0
120 180 27.0
120 197 36.0
121 70 96.0
121 182 89.0
121 26 8.0
121 64 25.0
121 97 15.0
121 136 50.0
121 152 33.0
121 181 98.0
122 5 23.0
122 8 19.0
122 17 30.0
122 41 38.0
122 44 22.0
122 58 95.0
122 59 4.0
122 68 92.0
122 80 75.0
122 92 66.0
122 111 54.0
122 113 80.0
122 161 15.0
122 163 40.0
122 169 40.0
122 189 39.0
122 193 51.0
123 1 8.0
123 34 64.0
123 69 35.0
123 108 15.0
123 148 83.0
123 164 29.0
123 167 69.0
123 187 80.0
124 36 39.0
124 38 28.0
124 47 88.0
124 55 17.0
124 65 40.0
124 69 34.0
124 73 94.0
124 102 32.0
124 103 2.0
124 134 49.0
124 139 92.0
124 154 11.0
124 195 43.0
125 11 78.0
125 21 6.0
125 22 34.0
125 27 83.0
125 63 19.0
125 66 50.0
125 72 24.0
125 78 29.0
125 84 56.0
125 90 77.0
125 127 63.0
125 143 25.0
125 153 74.0
125 155 94.0
125 166 1.0
125 191 41.0
125 198 17.0
125 199 81.0
126 4 25.0
126 12 67.0
126 23 47.0
126 109 71.0
126 120 17.0
126 159 25.0
126 177 94.0
126 180 97.0
126 197 33.0
126 7 27.0
126 20 81.0
126 39 54.0
126 46 1.0
126 62 83.0
126 94 89.0
126 138 90.0
126 157 86.0
127 22 90.0
127 40 30.0
127 43 45.0
127 63 94.0
127 66 6.0
127 72 25.0
127 78 1.0
127 84 73.0
127 125 42.0
127 143 81.0
127 155 28.0
127 166 89.0
127 199 15.0
127 48 24.0
128 44 49.0
128 86 56.0
128 101 85.0
128 111 65.0
128 115 2.0
128 149 10.0
128 161 78.0
129 3 93.0
129 14 70.0
129 42 31.0
129 51 25.0
129 76 35.0
129 100 96.0
129 107 46.0
129 112 81.0
129 116 6.0
129 192 4.0
129 194 54.0
129 196 99.0
130 81 24.0
130 133 47.0
130 171 38.0
130 188 61.0
131 16 3.0
131 110 38.0
131 135 78.0
131 144 4.0
131 184 43.0
131 191 83.0
132 109 72.0
132 140 39.0
132 141 82.0
132 14 62.0
132 20 48.0
132 53 27.0
132 60 49.0
132 76 58.0
132 79 48.0
132 112 21.0
133 37 36.0
133 118 65.0
133 137 39.0
133 142 1.0
133 183 95.0
133 45 34.0
133 75 16.0
133 81 33.0
133 130 33.0
133 171 22.0
133 178 46.0
134 1 35.0
134 25 65.0
134 65 74.0
134 69 4.0
134 73 18.0
134 102 90.0
134 103 23.0
134 124 58.0
134 186 75.0
134 187 31.0
134 195 35.0
135 16 69.0
135 110 18.0
135 131 65.0
135 144 38.0
135 176 63.0
135 184 30.0
135 191 5.0
136 70 42.0
136 26 64.0
136 35 6.0
136 64 50.0
136 97 50.0
136 121 82.0
136 152 30.0
136 181 57.0
137 15 97.0
137 37 79.0
137 72 52.0
137 78 78.0
137 118 68.0
137 142 23.0
137 183 26.0
137 59 30.0
137 81 59.0
137 133 20.0
138 12 36.0
138 23 53.0
138 24 18.0
138 88 92.0
138 126 43.0
138 145 75.0
138 159 73.0
138 180 25.0
138 197 31.0
138 19 57.0
138 98 70.0
138 7 30.0
138 39 45.0
138 46 81.0
138 62 70.0
138 94 23.0
138 150 28.0
138 157 19.0
138 173 55.0
138 190 31.0
138 200 66.0
139 36 75.0
139 38 41.0
139 47 9.0
139 65 91.0
139 73 30.0
139 102 72.0
139 103 78.0
139 124 27.0
139 154 19.0
140 108 60.0
140 109 57.0
140 141 32.0
140 148 54.0
140 160 87.0
140 167 1.0
140 185 40.0
140 20 29.0
140 53 22.0
140 60 22.0
140 76 61.0
140 79 53.0
140 132 92.0
141 108 34.0
141 109 66.0
141 140 90.0
141 148 2.0
141 160 96.0
141 167 62.0
141 185 28.0
141 14 47.0
141 53 46.0
141 60 82.0
141 76 48.0
141 79 67.0
141 132 13.0
142 15 80.0
142 29 66.0
142 37 45.0
142 49 47.0
142 72 61.0
142 78 90.0
142 117 96.0
142 118 13.0
142 137 28.0
142 146 22.0
142 153 79.0
142 183 7.0
142 81 94.0
142 133 59.0
143 21 74.0
143 22 33.0
143 40 54.0
143 43 73.0
143 63 74.0
143 66 44.0
143 72 90.0
143 78 54.0
143 84 78.0
143 125 64.0
143 127 22.0
143 155 45.0
143 166 30.0
143 199 62.0
143 48 34.0
144 27 21.0
144 30 77.0
144 71 91.0
144 77 94.0
144 110 87.0
144 131 91.0
144 135 44.0
144 184 93.0
144 191 27.0
144 198 4.0
145 43 29.0
145 4 23.0
145 12 37.0
145 23 35.0
145 24 34.0
145 28 10.0
145 48 70.0
145 87 62.0
145 88 82.0
145 89 87.0
145 168 11.0
145 177 37.0
145 180 60.0
145 197 95.0
145 138 82.0
145 200 1.0
146 15 35.0
146 29 42.0
146 37 19.0
146 49 70.0
146 99 91.0
146 104 45.0
146 117 15.0
146 142 54.0
146 175 20.0
146 183 45.0
146 17 74.0
146 59 37.0
146 174 21.0
146 193 21.0
147 10 15.0
147 32 19.0
147 33 23.0
147 67 91.0
147 93 48.0
147 96 29.0
147 105 13.0
147 151 62.0
147 162 41.0
147 171 41.0
147 188 45.0
148 108 84.0
148 109 7.0
148 123 96.0
148 140 79.0
148 141 53.0
148 160 68.0
148 164 22.0
148 167 3.0
148 185 93.0
148 53 10.0
148 60 43.0
149 83 48.0
149 86 27.0
149 101 81.0
149 111 58.0
149 115 50.0
149 128 96.0
150 7 72.0
150 20 81.0
150 31 47.0
150 39 93.0
150 46 58.0
150 52 89.0
150 54 54.0
150 62 9.0
150 94 13.0
150 95 32.0
150 138 31.0
150 157 28.0
150 158 91.0
150 165 10.0
150 173 61.0
150 190 37.0
151 6 37.0
151 10 35.0
151 33 1.0
151 67 55.0
151 93 13.0
151 96 66.0
151 105 17.0
151 147 15.0
151 162 35.0
151 188 9.0
151 114 5.0
151 172 10.0
152 70 85.0
152 182 60.0
152 26 47.0
152 35 7.0
152 64 96.0
152 97 84.0
152 121 27.0
152 136 60.0
152 181 16.0
153 11 9.0
153 15 15.0
153 21 93.0
153 29 57.0
153 37 94.0
153 49 91.0
153 63 35.0
153 72 81.0
153 78 49.0
153 84 84.0
153 90 61.0
153 117 39.0
153 118 88.0
153 125 40.0
153 142 74.0
153 155 71.0
153 183 83.0
154 36 84.0
154 38 74.0
154 47 52.0
154 65 10.0
154 73 70.0
154 102 11.0
154 103 8.0
154 124 90.0
154 139 45.0
155 11 96.0
155 21 67.0
155 22 67.0
155 27 29.0
155 63 39.0
155 66 62.0
155 72 70.0
155 77 34.0
155 78 84.0
155 84 68.0
155 90 61.0
155 110 8.0
155 125 37.0
155 127 19.0
155 143 84.0
155 153 47.0
155 166 77.0
155 191 55.0
155 198 71.0
155 199 83.0
156 4 46.0
156 25 33.0
156 28 10.0
156 35 96.0
156 48 55.0
156 64 58.0
156 87 2.0
156 89 91.0
156 168 21.0
156 181 72.0
156 186 18.0
156 195 23.0
157 12 37.0
157 23 67.0
157 24 43.0
157 88 46.0
157 126 9.0
157 159 70.0
157 180 55.0
157 197 24.0
157 19 37.0
157 98 8.0
157 7 4.0
157 31 18.0
157 39 14.0
157 46 10.0
157 52 78.0
157 62 54.0
157 94 14.0
157 95 5.0
157 138 12.0
157 150 51.0
157 158 73.0
157 173 10.0
157 190 71.0
157 200 74.0
158 2 67.0
158 7 14.0
158 20 92.0
158 31 83.0
158 42 18.0
158 52 6.0
158 54 53.0
158 62 19.0
158 95 69.0
158 107 24.0
158 150 76.0
158 157 80.0
158 165 30.0
158 190 28.0
159 4 40.0
159 12 36.0
159 23 47.0
159 109 51.0
159 120 89.0
159 126 26.0
159 177 3.0
159 180 21.0
159 197 44.0
159 7 8.0
159 20 35.0
159 39 75.0
159 46 27.0
159 62 5.0
159 94 61.0
159 138 70.0
159 157 4.0
160 108 47.0
160 140 76.0
160 141 98.0
160 148 25.0
160 167 79.0
160 185 6.0
160 60 16.0
161 5 71.0
161 8 55.0
161 17 44.0
161 41 18.0
161 44 59.0
161 58 53.0
161 68 90.0
161 80 68.0
161 85 28.0
161 92 52.0
161 111 94.0
161 113 50.0
161 122 60.0
161 128 66.0
161 163 41.0
161 169 74.0
161 189 86.0
162 6 41.0
162 33 94.0
162 93 48.0
162 96 14.0
162 147 60.0
162 151 73.0
162 95 81.0
162 114 95.0
162 172 53.0
163 5 72.0
163 8 84.0
163 17 72.0
163 41 13.0
163 44 78.0
163 59 92.0
163 68 72.0
163 80 97.0
163 92 89.0
163 113 14.0
163 122 20.0
163 161 40.0
163 169 76.0
163 174 34.0
163 189 13.0
163 193 97.0
164 1 22.0
164 34 24.0
164 108 51.0
164 109 96.0
164 120 48.0
164 123 64.0
164 148 65.0
164 167 95.0
165 7 17.0
165 20 39.0
165 31 63.0
165 39 39.0
165 42 14.0
165 46 82.0
165 52 62.0
165 54 63.0
165 62 50.0
165 76 43.0
165 150 63.0
165 158 19.0
165 190 7.0
166 21 43.0
166 22 50.0
166 27 36.0
166 40 2.0
166 63 25.0
166 66 51.0
166 77 26.0
166 84 62.0
166 125 65.0
166 127 57.0
166 143 76.0
166 155 30.0
166 182 74.0
166 198 24.0
166 199 12.0
166 28 25.0
166 35 98.0
166 48 86.0
166 168 13.0
167 34 99.0
167 108 73.0
167 123 9.0
167 140 41.0
167 141 33.0
167 148 88.0
167 160 43.0
167 164 30.0
167 185 20.0
168 40 63.0
168 166 33.0
168 4 62.0
168 28 49.0
168 35 43.0
168 48 3.0
168 87 91.0
168 89 63.0
168 145 85.0
168 156 68.0
168 186 95.0
169 104 33.0
169 175 4.0
169 5 4.0
169 17 33.0
169 59 96.0
169 68 20.0
169 80 28.0
169 92 83.0
169 113 77.0
169 122 66.0
169 161 20.0
169 163 51.0
169 174 44.0
169 193 76.0
170 2 92.0
170 9 37.0
170 50 64.0
170 56 8.0
170 82 18.0
170 106 63.0
170 107 42.0
171 6 12.0
171 19 93.0
171 130 90.0
171 133 99.0
171 147 20.0
171 178 52.0
171 188 46.0
172 33 79.0
172 67 68.0
172 93 87.0
172 105 42.0
172 151 30.0
172 162 38.0
172 114 11.0
173 12 46.0
173 24 31.0
173 88 65.0
173 6 88.0
173 19 30.0
173 45 70.0
173 75 30.0
173 98 31.0
173 178 30.0
173 39 6.0
173 94 98.0
173 95 55.0
173 138 95.0
173 150 74.0
173 157 94.0
173 200 60.0
174 15 35.0
174 29 89.0
174 104 5.0
174 117 36.0
174 146 14.0
174 175 39.0
174 17 52.0
174 59 3.0
174 113 1.0
174 163 53.0
174 169 12.0
174 193 31.0
175 15 95.0
175 29 21.0
175 99 55.0
175 104 5.0
175 117 32.0
175 146 42.0
175 59 90.0
175 169 20.0
175 174 4.0
175 193 3.0
176 13 45.0
176 16 55.0
176 18 3.0
176 57 77.0
176 61 58.0
176 74 59.0
176 135 29.0
177 4 51.0
177 12 19.0
177 23 1.0
177 89 95.0
177 109 33.0
177 120 10.0
177 126 55.0
177 145 6.0
177 159 32.0
177 180 4.0
177 197 17.0
177 39 56.0
177 46 68.0
178 88 80.0
178 6 60.0
178 19 88.0
178 45 88.0
178 75 36.0
178 98 72.0
178 133 90.0
178 171 38.0
178 173 59.0
178 200 60.0
179 10 8.0
179 32 8.0
179 83 98.0
179 86 81.0
179 115 43.0
180 4 91.0
180 12 12.0
180 23 30.0
180 24 61.0
180 89 9.0
180 120 70.0
180 126 29.0
180 145 31.0
180 159 47.0
180 177 75.0
180 197 98.0
180 39 33.0
180 46 37.0
180 94 77.0
180 138 15.0
180 157 18.0
180 200 11.0
181 70 48.0
181 26 31.0
181 35 41.0
181 64 59.0
181 97 57.0
181 102 63.0
181 121 63.0
181 136 46.0
181 152 65.0
181 156 32.0
181 186 36.0
181 195 78.0
182 22 78.0
182 27 72.0
182 30 72.0
182 40 47.0
182 66 49.0
182 70 22.0
182 71 30.0
182 77 18.0
182 166 77.0
182 198 14.0
182 199 36.0
182 35 53.0
182 121 80.0
182 152 37.0
183 15 10.0
183 29 45.0
183 37 95.0
183 72 7.0
183 78 31.0
183 117 9.0
183 118 3.0
183 137 71.0
183 142 63.0
183 146 41.0
183 153 34.0
183 81 23.0
183 133 22.0
184 27 66.0
184 30 91.0
184 71 33.0
184 77 40.0
184 110 20.0
184 131 65.0
184 135 95.0
184 144 97.0
184 191 67.0
184 198 18.0
185 108 14.0
185 140 7.0
185 141 65.0
185 148 55.0
185 160 46.0
185 167 14.0
185 60 69.0
186 25 9.0
186 26 72.0
186 28 72.0
186 35 44.0
186 64 2.0
186 87 42.0
186 134 32.0
186 156 99.0
186 168 84.0
186 181 88.0
186 195 96.0
187 1 95.0
187 34 80.0
187 36 58.0
187 55 80.0
187 69 38.0
187 73 1.0
187 123 45.0
187 134 19.0
188 58 24.0
188 93 50.0
188 96 1.0
188 130 80.0
188 147 77.0
188 151 62.0
188 171 25.0
189 5 43.0
189 8 37.0
189 17 84.0
189 41 15.0
189 44 98.0
189 58 7.0
189 68 56.0
189 80 51.0
189 85 85.0
189 92 5.0
189 111 94.0
189 113 86.0
189 122 33.0
189 161 22.0
189 163 36.0
190 7 2.0
190 20 72.0
190 31 31.0
190 39 89.0
190 46 13.0
190 52 35.0
190 54 42.0
190 62 51.0
190 94 71.0
190 95 36.0
190 138 69.0
190 150 77.0
190 157 98.0
190 158 35.0
190 165 6.0
191 11 97.0
191 13 61.0
191 16 44.0
191 21 22.0
191 22 4.0
191 27 98.0
191 30 13.0
191 63 71.0
191 66 53.0
191 71 22.0
191 77 70.0
191 84 97.0
191 90 80.0
191 110 27.0
191 125 28.0
191 131 28.0
191 135 95.0
191 144 94.0
191 155 93.0
191 184 27.0
191 198 51.0
192 50 81.0
192 51 24.0
192 56 20.0
192 82 34.0
192 91 99.0
192 116 56.0
192 119 51.0
192 129 10.0
192 194 81.0
193 29 43.0
193 104 19.0
193 117 8.0
193 146 79.0
193 175 61.0
193 5 46.0
193 17 37.0
193 59 91.0
193 68 33.0
193 113 3.0
193 122 18.0
193 163 8.0
193 169 57.0
193 174 28.0
194 2 51.0
194 3 96.0
194 9 24.0
194 42 33.0
194 51 94.0
194 82 96.0
194 91 43.0
194 100 70.0
194 106 87.0
194 107 43.0
194 112 16.0
194 116 25.0
194 129 37.0
194 192 85.0
194 196 19.0
195 1 29.0
195 25 23.0
195 26 62.0
195 64 1.0
195 65 68.0
195 69 60.0
195 102 85.0
195 103 22.0
195 124 29.0
195 134 40.0
195 156 46.0
195 181 96.0
195 186 35.0
196 2 31.0
196 3 4.0
196 14 61.0
196 42 2.0
196 51 95.0
196 76 29.0
196 79 95.0
196 100 72.0
196 106 97.0
196 107 90.0
196 112 26.0
196 116 34.0
196 129 8.0
196 194 17.0
197 4 23.0
197 12 91.0
197 23 37.0
197 24 69.0
197 89 20.0
197 120 99.0
197 126 21.0
197 145 40.0
197 159 82.0
197 177 75.0
197 180 53.0
197 39 44.0
197 46 69.0
197 94 68.0
197 138 77.0
197 157 44.0
197 200 27.0
198 11 79.0
198 21 39.0
198 22 1.0
198 27 90.0
198 30 11.0
198 40 20.0
198 63 36.0
198 66 69.0
198 71 4.0
198 77 59.0
198 84 39.0
198 110 19.0
198 125 66.0
198 144 2.0
198 155 47.0
198 166 39.0
198 182 37.0
198 184 8.0
198 191 9.0
198 199 33.0
199 21 6.0
199 22 79.0
199 27 87.0
199 40 41.0
199 63 32.0
199 66 90.0
199 77 33.0
199 84 38.0
199 125 42.0
199 127 17.0
199 143 94.0
199 155 78.0
199 166 38.0
199 182 84.0
199 198 40.0
199 28 71.0
199 48 52.0
200 43 11.0
200 12 6.0
200 23 27.0
200 24 11.0
200 88 2.0
200 145 46.0
200 180 62.0
200 197 10.0
200 19 47.0
200 45 13.0
200 75 99.0
200 98 81.0
200 178 68.0
200 39 42.0
200 46 51.0
200 94 55.0
200 138 15.0
200 157 69.0
200 173 24.0
