65.27424805235995 107.405606358051 0.0
105.55965620644099 177.40989942503535 0.0
45.244790728926446 29.46467768522867 0.0
130.16575011740986 77.68123389012749 0.0
198.63251829212786 131.522050145206 0.0
51.40256053789567 172.0386286707475 0.0
156.38486816105015 28.316162124513333 0.0
198.26708373689246 117.74523949278637 0.0
20.98808245305108 163.2441673674712 0.0
137.34335882290068 63.01046938124084 0.0
22.549579667014697 55.38826796003573 0.0
85.47253142870042 0.2263545978871795 0.0
181.22742766965808 61.52101410275974 0.0
141.40734874556762 112.66494886217502 0.0
143.32253495440787 149.36036606864516 0.0
98.0049948846823 55.92707805588761 0.0
129.63840013543745 63.69677496324384 0.0
58.42634009605856 116.40921245352733 0.0
137.25206847337896 33.6162036199259 0.0
72.97363787513164 171.2819472586677 0.0
169.62931940040724 16.894495703053813 0.0
137.61282998296474 137.95000642802188 0.0
135.05589717095495 6.740143641886687 0.0
150.89069036070018 145.6903348122095 0.0
149.64581118922342 136.41393184936078 0.0
12.871019069592094 188.141364887525 0.0
108.72672952573892 8.855707036578163 0.0
167.87825495561933 122.54310070919034 0.0
149.19165010219214 51.29982679155154 0.0
142.2508977979052 170.1042740452451 0.0
15.444914942091504 148.96265336683803 0.0
8.971207987826935 141.59932607814224 0.0
162.859889405446 147.23684708152774 0.0
22.951635289170724 63.274567165007255 0.0
85.20456009419672 28.428834500189225 0.0
113.92264577452372 110.36942983669178 0.0
36.280448573242865 66.9274272850773 0.0
98.28053415772347 169.03528629253805 0.0
31.059208749693813 45.79307978283287 0.0
176.91794302678255 142.1608511121653 0.0
157.89048198224728 78.10878939025292 0.0
122.97383012049498 90.58977150061136 0.0
10.893438647586828 118.03539898382542 0.0
131.6037950255805 58.442582365796646 0.0
60.43374859458501 69.36533695864169 0.0
3.285520662573904 169.73170633241023 0.0
19.626559876963846 103.47067972599507 0.0
162.8384371427471 103.18481505997643 0.0
136.09523897430512 183.89274713998932 0.0
178.25051207225115 153.16840251669709 0.0
40.75472213763871 61.42218799542884 0.0
136.56930159048946 166.82992767048378 0.0
119.17727500369229 151.36994732501782 0.0
58.52838086452729 111.05356903042498 0.0
136.13762277982724 133.831118481543 0.0
89.24438096891045 67.55106447209447 0.0
40.22342060044988 28.095277205158055 0.0
89.23388840480797 80.38576066553091 0.0
102.9361215138549 83.95839158085887 0.0
68.16351826204459 87.4545542710159 0.0
5.496345786506618 105.54302152392057 0.0
53.16060286629274 155.92885101332377 0.0
176.60694325619494 177.335025772884 0.0
64.17589434194426 11.382466686374727 0.0
5.715957077493905 197.49664558106412 0.0
80.80382842754462 1.310687770305341 0.0
108.86080629527268 140.11727773087185 0.0
28.129952002850956 165.97146723735662 0.0
7.964057243051337 165.9149232446337 0.0
83.5890870652684 2.9562380259337884 0.0
199.49016171368302 180.0028058601698 0.0
12.482026094867017 6.624294170197964 0.0
34.66172372737055 195.68720757564117 0.0
176.71243778540446 139.51146041232218 0.0
110.97278141247695 104.8641494647099 0.0
129.46989046695734 50.05008235662211 0.0
183.52571497373415 178.43414259893663 0.0
107.99884437489493 89.41414472115625 0.0
144.75752521542825 24.255709198893083 0.0
67.25753450206338 0.02978120199792489 0.0
192.4101162942014 15.510017151212141 0.0
159.18487204688068 149.26796927886912 0.0
108.1384633041741 168.95053143623485 0.0
155.45732183963023 164.0629231872519 0.0
2.9395002555273386 100.36303698794372 0.0
36.03195535412469 185.6760330766343 0.0
150.6236144266844 13.663134366087416 0.0
21.435905163090506 108.55198551246255 0.0
26.839829613743916 90.40972949125864 0.0
113.67644472773013 93.19011443633116 0.0
198.70458788866188 138.1145994736517 0.0
128.81004219702453 150.18061189698238 0.0
68.8733822388379 128.57982123552696 0.0
53.62278279442583 81.03190575846307 0.0
67.93332867556651 111.59621240819398 0.0
139.53861377585147 131.14189677087978 0.0
110.28391265090977 124.68769993465183 0.0
58.785935873100236 161.24245974190532 0.0
181.21227606660918 136.18788434526098 0.0
91.01708300608564 175.87307490846862 0.0
6.658316198202741 156.78684424122542 0.0
82.98942435327668 60.91611599297304 0.0
72.2041157168976 33.78760953560247 0.0
29.580647210181276 176.9527576439575 0.0
4.111074573379336 102.66338805582112 0.0
161.3251712335261 31.175150864265987 0.0
102.76742811849917 12.108203557639596 0.0
191.8223321048128 7.817027427547152 0.0
27.697654821119364 61.62507913695099 0.0
77.78140076380133 75.5413941088069 0.0
73.32447451136493 94.79758243653669 0.0
75.13226649056806 109.95067044280738 0.0
145.96321950957082 176.74195811238405 0.0
36.54486756444981 170.36107158120765 0.0
55.06732629733078 150.83883459729557 0.0
188.86442415880583 152.2096787396118 0.0
65.53280680768248 117.6948642003939 0.0
53.38363475484373 99.93912502196025 0.0
22.908675885688858 108.38631154225887 0.0
127.53702509905422 109.93144614472503 0.0
159.649262145028 134.38818165848215 0.0
33.516700835894376 179.03924580484525 0.0
118.0834858497128 188.19399965125444 0.0
57.47290208421134 161.48871936886295 0.0
184.56519493509091 41.482925817566226 0.0
152.37664766578953 185.40588411436732 0.0
19.307768129029725 41.7924571092964 0.0
158.2860411082021 49.94370920081168 0.0
87.69516306246618 144.00654546627433 0.0
5.671646526124063 74.96449874541722 0.0
151.40077383686125 129.5705023641521 0.0
10.620588342307457 7.458520064972829 0.0
161.43439586785132 164.19560749856157 0.0
45.153002068342765 102.35623299614724 0.0
110.27677960878171 123.91796643089722 0.0
171.54851271331043 190.11820895560564 0.0
46.55023001907532 79.72763777127842 0.0
66.49453984522734 19.463372743343086 0.0
133.21277638398948 172.58569991611702 0.0
29.03225104234586 20.822636494482126 0.0
139.0525853933167 33.49839584361376 0.0
165.69003062839187 74.58172895791164 0.0
93.29825102608854 107.41915154922327 0.0
76.85849057492746 87.90346135836069 0.0
4.449671750035766 125.1007755886574 0.0
30.37493784500849 184.8962724375613 0.0
146.97340094704654 133.62168674180418 0.0
1.4494650148713095 97.12248701659382 0.0
53.29521010640508 144.16165256237184 0.0
82.47876329111472 104.91622708928752 0.0
13.561925947726937 184.7039942549147 0.0
21.957875679221694 24.707558543315656 0.0
181.93339982789828 155.69286863010208 0.0
38.614162715782776 63.52588248351489 0.0
115.70474190900985 178.27572714348307 0.0
175.0517885549242 69.08235702532383 0.0
132.34789895454404 97.61262854231312 0.0
104.60916156779871 192.3074050281981 0.0
59.6007709777119 57.83571562692784 0.0
85.79571573190039 48.946272938823896 0.0
175.02105622608616 0.5935689951421796 0.0
70.58865889040919 117.79182652834666 0.0
183.9611841737583 155.71694424876108 0.0
16.034135135720383 145.36060915860332 0.0
168.7096459352788 90.39371377269426 0.0
23.011542205202893 140.29455355426893 0.0
156.58318996805664 62.34258180044048 0.0
31.68370024789575 135.49741865244084 0.0
101.04334258244192 82.82662766073152 0.0
40.06956411778142 71.99155999272288 0.0
47.44978201042844 36.94927574375457 0.0
180.34041012826611 115.70715152839664 0.0
63.852235634338214 31.526930574621947 0.0
86.85431987756438 56.892595773456314 0.0
157.26153210646737 44.93398917619218 0.0
20.60794225366982 161.5614298988337 0.0
67.12954834480615 138.66752780456477 0.0
176.6985377191439 145.36755477381448 0.0
130.306849073261 156.98063826717913 0.0
94.5534289181852 22.527156521254433 0.0
145.5359130942748 188.78469844944837 0.0
115.09792734021784 45.882387047962105 0.0
130.57680298388962 95.12274711487277 0.0
184.69697656668035 198.9282175652746 0.0
61.35135081431833 115.86737559061659 0.0
192.6198445371172 126.60067901188783 0.0
110.03084453355636 160.89838838221024 0.0
46.94104042383638 198.8510406001145 0.0
157.78130844449097 63.86682733212466 0.0
43.205033744233454 189.50723457667436 0.0
47.91966953898938 30.753672855500504 0.0
160.846062568859 22.650251760652694 0.0
166.5228796358592 150.78300222330284 0.0
134.2686781861555 189.7098777187497 0.0
90.07144654526226 153.85100413019208 0.0
88.658520090714 172.7106738149122 0.0
23.49761182230392 196.48377054195066 0.0
5.007008958009407 122.57569474066203 0.0
167.04768884411132 137.43838689908057 0.0
84.49766183399919 136.12192548230198 0.0
196.65699656180254 124.4133532661866 0.0
19.315751916641922 151.35806635119528 0.0
120.07496652615413 154.93601845863282 0.0
45.10721001039044 137.92185925513542 0.0
79.76700305539708 197.34613296037259 0.0
49.726614524309376 97.97059009919533 0.0
13.658797985617245 61.89638783369873 0.0
143.57822918985286 12.565129365186788 0.0
56.07784860360518 97.34212797232561 0.0
158.76811983971933 69.56430140445218 0.0
163.78590308893166 154.99421197406755 0.0
137.44943447620602 91.27305413211788 0.0
85.78530183298747 110.06040910385468 0.0
194.15697042657675 43.56430713105264 0.0
60.62105460779199 159.20236040745 0.0
192.5912233376206 52.9211164895997 0.0
121.18968116018989 123.5866313733583 0.0
64.22625980529489 83.82217587155677 0.0
14.604848708837181 78.31006949013648 0.0
114.27961497978498 136.1203250404903 0.0
103.4589233023278 1.9310092063532958 0.0
109.99674253022931 110.54031064612062 0.0
4.858602788342359 193.9397392009443 0.0
126.86638620266693 160.14859615261076 0.0
144.90186790975426 143.352924063947 0.0
40.297404522172855 196.62448874249426 0.0
58.80258372490606 148.21843927611815 0.0
193.45167256522797 52.38858955285339 0.0
150.6580392527632 83.6684794340783 0.0
146.3416237146242 13.120950863210012 0.0
141.89393130071508 95.26052938950542 0.0
116.9652329019323 29.928058093384102 0.0
183.7102185597657 54.69718176472769 0.0
162.16512241043276 96.39414532973542 0.0
186.39042174984263 156.61749484369722 0.0
114.06267432761403 32.97908305291202 0.0
127.12598512047808 58.004033951714604 0.0
187.3320148183777 59.70148417793231 0.0
138.0463572080077 65.85136820378534 0.0
3.2428491855896135 57.77239422758751 0.0
47.43453018247254 64.0933287387592 0.0
138.3151407354711 121.82131375214362 0.0
149.64685566235335 137.38791433534828 0.0
198.59271958546344 86.58305825765082 0.0
113.04496496799695 197.21028708139562 0.0
44.95699331489076 175.39034785377302 0.0
100.28675117975037 144.8058404998399 0.0
150.56589353493254 162.54372997404369 0.0
171.61238362604666 15.906922709729688 0.0
158.4174363556818 67.60684502783323 0.0
69.30038646276398 143.71832370793518 0.0
125.20109999983224 6.901787464009335 0.0
140.25794267973043 49.52826155035002 0.0
87.0145116035516 15.955716948567256 0.0
43.74853284376448 124.40304098808434 0.0
63.186867991489514 26.37653222884864 0.0
12.549183511242322 0.7752659499473458 0.0
26.364553850639115 131.61191952307593 0.0
188.36866165179075 29.336990300481247 0.0
110.17865168365202 8.272761721811728 0.0
136.14685199390124 74.50064153478368 0.0
0.22786216951871108 73.1782615199917 0.0
56.89489892019506 120.79237865078112 0.0
59.77462940515645 51.006932892196645 0.0
65.02447906647329 142.893803632875 0.0
78.46620318384826 103.4139659508551 0.0
173.65380541329202 133.6497503948322 0.0
0.5564498030427245 127.70216590910562 0.0
140.16697784935386 107.21127795057761 0.0
188.5183663987161 71.61019202692339 0.0
64.34232139062017 98.58467252189114 0.0
108.6011753740194 130.50834990429757 0.0
2.6544838449225283 66.20872749382313 0.0
186.8000638843727 94.26879778477144 0.0
64.8940672608711 170.7842110023481 0.0
176.8706594060839 93.30360139770386 0.0
93.03767445013769 151.4309266192916 0.0
106.43434814280262 156.7405437528338 0.0
87.34027844933419 49.34943005081247 0.0
122.88463484040919 140.4333119130719 0.0
40.91089714169613 139.51586675518712 0.0
147.71889260488697 108.47905500515107 0.0
171.5716475872979 22.540179683023666 0.0
166.08370788193318 159.14305779904518 0.0
98.58925166474172 1.6692714635384354 0.0
27.73631901842446 174.56671366226306 0.0
101.90723462808226 124.01842874941174 0.0
16.288566161200645 43.36157449047393 0.0
22.795951115099513 0.46580820170054604 0.0
155.5138371986067 156.16883047795054 0.0
17.376829756852928 135.2463656104051 0.0
64.66164344972599 6.490132300257767 0.0
58.26617430124485 194.13315375557434 0.0
149.1384544169062 142.57223031886497 0.0
194.62288052505892 19.19553704735508 0.0
18.57744493318263 110.85445190152141 0.0
127.17368808238456 58.4752826586072 0.0
61.234012449392104 7.464604646096462 0.0
32.32834572490304 20.523299728238698 0.0
71.80782123828644 11.47550106077382 0.0
178.2864654799044 186.5910953359559 0.0
129.20628124822522 12.11079709815779 0.0
116.07663064805449 117.37276094469394 0.0
151.42845333220794 161.81540465916638 0.0
99.75754100565699 76.54478061984904 0.0
116.66235086607068 88.0823708140864 0.0
92.54996475389625 159.952549994774 0.0
32.852754533993945 179.15464117937955 0.0
49.4574020200345 67.144030865646 0.0
162.41064149426305 22.196577402542506 0.0
131.97234211884648 81.05257755646605 0.0
164.39948602950452 117.25690819698183 0.0
106.75410838946785 131.98244023963738 0.0
103.4476614857529 16.321089606650197 0.0
7.70338122169778 13.652134857172783 0.0
92.80028765899702 43.97778982065479 0.0
199.64742584525212 91.90232212725692 0.0
88.33789729866297 144.70071442800776 0.0
71.88930341266797 0.7764825336223025 0.0
31.053424839211786 171.47353560443835 0.0
111.16321150693965 56.034167454272364 0.0
147.39296970183148 81.46229527765338 0.0
56.07729870425526 32.75824075426941 0.0
160.02996680013658 36.666183714170316 0.0
18.914314620457983 151.56901712252957 0.0
36.05638206364181 120.95412869588931 0.0
75.6994916426366 197.05981841550454 0.0
105.23865080470374 79.62129465790628 0.0
71.7341967015245 52.420007605719746 0.0
117.90009192306402 163.5760490744545 0.0
67.33282209130162 175.81312592850836 0.0
80.15569968566241 17.494517931681706 0.0
157.28961013043624 66.92931969337626 0.0
103.63911394503383 189.75654715608363 0.0
137.64103431415137 176.23282281911332 0.0
37.52581607544067 61.7032504398215 0.0
64.57847829404582 194.7767849582231 0.0
112.57047933641013 194.7330682943623 0.0
152.90504299615486 29.059346147626066 0.0
20.040637054517084 75.97967311615163 0.0
95.21930290995735 13.246387385661752 0.0
172.84273747289527 6.791786213458306 0.0
148.04794856494667 40.18796948085595 0.0
151.8008532226077 22.96133966869991 0.0
27.43833550606847 103.00697285504754 0.0
126.9622786195585 61.62314279190247 0.0
184.06091233693002 30.6401667355102 0.0
161.9683131710902 96.97567390969772 0.0
186.66073289224806 173.56329811329715 0.0
158.94273353080553 55.449281226877844 0.0
132.7361504402235 50.033496352529674 0.0
182.0142622266752 190.67448849870897 0.0
26.611970850178302 98.53381686709764 0.0
9.503676658369642 49.579798703757305 0.0
117.61334793509933 98.70626969071321 0.0
7.970061776720572 193.1749247740656 0.0
74.83577909151902 120.91131228251693 0.0
195.72488726305147 49.05187291165818 0.0
190.0456552267031 43.65325933233974 0.0
69.08659914095922 67.36294289171335 0.0
146.53480167496446 138.462727324686 0.0
1.5624711547053138 128.01120194079957 0.0
69.29159948314204 163.42868883739442 0.0
194.30861956109533 104.01567402979543 0.0
180.64028914571804 29.424384182739626 0.0
55.632979637024604 24.489843194869245 0.0
25.53909848570537 7.172764109456042 0.0
117.970269249194 0.398875636787821 0.0
102.01701019667873 28.648880137692533 0.0
162.67191331824466 177.23731783849607 0.0
34.76786343070379 102.91798939996839 0.0
116.11805573434467 60.99572846582313 0.0
163.70972636776656 14.359894331805556 0.0
105.07274289396591 27.261184132208083 0.0
184.35644516491797 100.33150278197873 0.0
14.867533820033385 68.02322978406197 0.0
73.13734456699133 15.671122761661028 0.0
180.912773468455 56.733313554637355 0.0
158.34013437821991 183.0497173334333 0.0
62.19989209926564 19.39243789102656 0.0
56.14113414306017 101.02567579128161 0.0
94.8720664770138 87.91815800097137 0.0
81.22599854756432 35.76149541053284 0.0
4.60477367184855 181.768811903942 0.0
62.793163526262276 57.71207951158992 0.0
68.4516787205487 14.779228546366241 0.0
49.271318309977154 101.19608711694103 0.0
159.9755015405262 156.38890343411657 0.0
168.87126419127253 122.61324057451763 0.0
85.89745790690301 189.92005767204404 0.0
128.13161516165567 112.17213038480718 0.0
128.16301699840272 105.28963964205794 0.0
76.90673507314148 74.34453519957025 0.0
42.23568848275669 139.51586991313886 0.0
45.78460021603286 133.8639214216537 0.0
30.594756618642947 135.60645876570484 0.0
70.71104601628055 46.93730896546664 0.0
9.826748174501931 128.89224325682576 0.0
59.636207605713246 1.4412216466513028 0.0
20.364700162964077 89.59653611935548 0.0
27.28779660107805 75.2240658038333 0.0
89.84313309689098 151.40697581898493 0.0
126.71505269194697 88.23884414300338 0.0
54.2009088972228 38.04337208848438 0.0
140.03621425992878 32.08153595002412 0.0
165.07803419960766 163.29143565758653 0.0
155.8614771764322 189.61230214123975 0.0
167.71668977306368 24.698969687216653 0.0
57.15234222906802 67.6879176593234 0.0
120.49069327045568 37.10762464232597 0.0
170.81749892737136 157.6357014653802 0.0
145.3517511575336 59.41984489144494 0.0
189.13427724391528 110.95052863720231 0.0
147.89489262866954 156.4772357288117 0.0
63.12388970933218 171.7982116108324 0.0
126.40953772369157 7.653164369583143 0.0
189.29766563884678 43.26011579828686 0.0
1.1967068892609012 24.738894323699046 0.0
63.730616672452015 180.8552809947071 0.0
138.59698948471308 73.9292076303431 0.0
61.20765831667756 4.728090595146228 0.0
118.58784261969957 110.18992120360176 0.0
112.22692592483341 100.99091763637014 0.0
0.47301838276327945 27.01643181825024 0.0
196.93367779003577 143.0628744565663 0.0
178.1007881471584 0.5687704212711253 0.0
152.5973055337853 5.447229121120789 0.0
84.2118982413059 164.39540323151044 0.0
100.03313368491658 165.24172737466182 0.0
102.93203824285956 189.4344751915265 0.0
34.40956604662233 190.77754161469923 0.0
80.08787788339917 63.70777991562812 0.0
197.1704413987149 102.13418010549856 0.0
182.9396263725644 67.09929542356218 0.0
148.3413012086513 54.879242607681334 0.0
154.08720875429785 18.8367062649357 0.0
192.27750265476558 146.2334027894441 0.0
28.72122774962882 138.77085965897876 0.0
174.9510101824239 171.96271633129498 0.0
140.05387151893842 108.27474289067374 0.0
67.16197135325237 72.65171539253727 0.0
124.67907929071072 142.55999359204873 0.0
175.60003218717623 199.61251801383276 0.0
57.77525406738755 93.43568821743338 0.0
82.4695126343456 3.5365325419594917 0.0
197.47796033904226 190.0105651844664 0.0
104.4316836410115 103.09712462675623 0.0
98.41400728430159 194.56648510205775 0.0
182.9062995772761 126.06294964701436 0.0
66.30249664663104 101.8075102388864 0.0
70.31372339277122 32.08343362164086 0.0
68.69235634745208 41.91544823740892 0.0
60.62803740759155 24.159240526956882 0.0
91.3200359506507 161.31937291384904 0.0
127.65046907092672 34.91232197508314 0.0
135.23508348055208 149.8131471961278 0.0
180.70174026479327 134.12152857137502 0.0
186.75531740225014 158.63153547520926 0.0
24.970781033519486 45.59148621655 0.0
160.47747631671476 111.3220750785493 0.0
122.54648930783914 84.27385844109763 0.0
14.983226396409721 47.7264196126036 0.0
190.19818479241772 28.661802740603193 0.0
171.54444736696743 161.11144805071328 0.0
41.25947618686403 128.82991394405408 0.0
28.04587047211782 189.46695133524528 0.0
81.50937372789203 17.093496133703677 0.0
153.507099378642 4.213365574413075 0.0
102.73350850454051 136.11267912951732 0.0
73.00020375650382 3.0394480959440973 0.0
82.68732571387412 28.368314583893262 0.0
8.423009133290726 58.31651717279769 0.0
196.47232748902994 41.28823310085894 0.0
127.502478835568 98.51225443031151 0.0
171.8753216635016 93.90402245530069 0.0
171.56638973000724 107.25380709450076 0.0
80.00987128857955 123.76996515943569 0.0
182.03576693618928 13.166357775737868 0.0
42.63805640194522 86.9774076056532 0.0
26.254521622974792 13.33999778319348 0.0
158.839823678903 119.4494350524063 0.0
135.18678506891652 124.25419601816093 0.0
6.236182030185478 84.3020792560698 0.0
108.6765632852901 186.21578672890215 0.0
155.76166951025095 27.91018132837566 0.0
18.37829634819803 160.84297932829566 0.0
54.020433953600055 46.41728230352384 0.0
144.1310855742846 155.85439227601344 0.0
173.54948790683204 124.7806414789042 0.0
116.46332362967118 187.39870058244165 0.0
108.85163950589384 52.04404411838625 0.0
6.07854348840422 47.38707041488854 0.0
104.84974477862647 139.3825211424499 0.0
0.5874382108185472 181.76712563709972 0.0
144.45290090326407 171.56480968197923 0.0
139.41492657285693 5.403660483751382 0.0
193.2143856937103 7.830801380755759 0.0
139.72535330379947 180.20801970890065 0.0
101.60009003667523 114.7828825966682 0.0
39.37285977861793 65.38452071301086 0.0
199.17534911010088 61.74164828855946 0.0
7.2980884971117765 12.138845994780546 0.0
180.05703177375563 38.117888918182416 0.0
27.45640348258238 19.920051376462446 0.0
75.26693363557635 162.70453166581146 0.0
49.276945345705656 97.24415255077139 0.0
135.16151774853824 146.39355601071827 0.0
15.815778279855607 77.37406068328458 0.0
103.90207225925425 142.67468737317657 0.0
130.18057371724927 27.606989362585786 0.0
57.968498998351194 174.3739861216124 0.0
1.4682885879450325 160.64722332933948 0.0
102.00894275303393 160.44228523430104 0.0
123.37131091963957 107.51848668974453 0.0
167.8566009161973 83.20473624764833 0.0
81.7716930255854 143.69690621320316 0.0
146.3340163605197 34.334492239916734 0.0
162.05712539152185 73.6219649286336 0.0
196.50432526920477 156.9149480647773 0.0
32.556267293755226 173.4695680220669 0.0
123.31791287676823 61.306696059717055 0.0
117.40536337218921 68.0477145268191 0.0
192.14207530090803 134.13672475437488 0.0
140.32178516987432 74.90202656444478 0.0
57.450222351006076 82.57913971183648 0.0
120.1745602971674 187.19479086203273 0.0
22.98636717782503 60.198083434433805 0.0
29.905724437501235 86.64781694610613 0.0
22.00959446043569 5.975221965055955 0.0
192.2705734503853 178.81599093036286 0.0
108.76235038704421 194.74565469683995 0.0
79.02889207008188 25.184876351639772 0.0
86.09533774366173 45.11768899159199 0.0
104.63326930703005 110.06235824717979 0.0
159.22103759819106 160.0534594492482 0.0
61.12474717886198 24.96088134608052 0.0
1.8567626866312414 185.63901505895876 0.0
27.8600414694963 79.1433455524271 0.0
148.55735020520999 165.17392711212491 0.0
107.85866819757884 52.232355739831384 0.0
185.82654512228987 38.562172446787635 0.0
191.97239114041318 93.2589951348529 0.0
4.63531896657039 191.0874838793567 0.0
132.74340556114177 40.253953907466666 0.0
198.26430370371273 91.00805410442221 0.0
21.731814742719436 85.46033044180625 0.0
141.92665771804167 72.0069004249674 0.0
107.2569738014979 143.4740331333006 0.0
174.41673496713744 14.385852053185477 0.0
63.911285765066864 93.09421597115985 0.0
17.068970600491905 57.99269945213554 0.0
30.869255610330537 58.392849838849536 0.0
111.60046845221902 140.22251944857095 0.0
72.92849348613595 70.48894020674543 0.0
135.9498420692933 94.035822897868 0.0
86.38351069702614 8.739616944709816 0.0
166.01393026163856 63.78772510449806 0.0
71.2472314543883 58.536777103746964 0.0
191.22303883535042 100.7638606796378 0.0
121.99912010608615 42.62460970048376 0.0
163.18446842446775 185.67040902337456 0.0
50.95302536114998 83.82976449416046 0.0
59.16310429677325 191.92704228745768 0.0
51.5017245497483 139.32268091491392 0.0
175.95696437042852 51.463277698648604 0.0
32.909382752737585 10.004953428649642 0.0
34.764576101326995 13.820258835027088 0.0
13.987097850806872 73.34432672625788 0.0
73.93023305328221 199.7114416109088 0.0
49.90081829451385 13.955392156880198 0.0
133.99209994809996 41.797416711203915 0.0
184.52493640313838 33.450632552625834 0.0
198.24738685665432 78.28147854991808 0.0
70.16897891805658 9.563070450455413 0.0
142.0876389760831 119.03425484487202 0.0
177.1688386896966 44.26827165475136 0.0
165.64648519204016 39.30715051561411 0.0
127.74805683699822 191.61007753972368 0.0
136.84108612077318 172.6960265622354 0.0
31.71874368233445 88.16092320382045 0.0
55.677661313574475 72.86803547872056 0.0
176.00579241097762 122.5242813249665 0.0
65.73051305916402 92.66612887577872 0.0
25.642050009152605 75.01320927114004 0.0
84.99303186803198 189.55729430342052 0.0
30.796277195003952 34.615646532670794 0.0
5.83826030622554 7.992108496130923 0.0
2.5596653422228277 57.58353998401202 0.0
122.61557623429486 12.094892227265719 0.0
19.63083680193176 70.45961719656833 0.0
185.44921086171146 46.20511995549106 0.0
158.70327196637862 140.08201543842665 0.0
50.093313522495684 186.14244900717298 0.0
3.2732083856958916 34.083646861474115 0.0
96.23738491517054 110.66923682164686 0.0
78.75002072901884 177.6297035774832 0.0
20.444921073703437 70.47599391331399 0.0
86.16532068521153 75.6132556960077 0.0
74.94720247835008 61.11674950577408 0.0
62.44089909848118 14.255506701145348 0.0
119.80319236581974 16.6729144186911 0.0
182.08984524298802 182.03377092791894 0.0
183.47562744878888 132.5257746471245 0.0
33.38908834894352 57.086856840084366 0.0
185.66240515086287 198.46927790865743 0.0
51.47585803080086 196.72406273287658 0.0
66.26140437322184 77.49639153417773 0.0
171.484440860469 34.39054951676566 0.0
185.63602008104797 0.9438286692191822 0.0
76.75377860635389 140.4184960654345 0.0
113.88770423260456 167.28155454944238 0.0
60.3004834492358 35.119874170145394 0.0
10.630838763370477 29.68492143476471 0.0
92.1659156024631 56.25336138920216 0.0
111.80440690865892 36.62906713293908 0.0
190.91003450320034 177.6243969607316 0.0
186.343926761159 50.0965462325629 0.0
34.43878120234649 51.55401224551434 0.0
3.0762189345735047 7.590817077719736 0.0
113.51581550626075 105.17854082133246 0.0
56.9885571421759 16.99985332617071 0.0
30.723522774060296 59.018989008904235 0.0
44.062977869397876 177.45554524140948 0.0
178.3022266825557 155.98529313827137 0.0
45.1553713132544 4.686259979402951 0.0
190.2106298473176 89.95736123902358 0.0
81.93827782377198 5.961417522584034 0.0
56.914570486417745 105.31126192431397 0.0
41.715088736972476 97.57851059010115 0.0
15.825227352827342 2.235554566268272 0.0
132.95277790734195 186.94461407144004 0.0
85.97197760623574 27.409305069842162 0.0
29.66893395814678 151.6558866542954 0.0
2.4091893033109546 55.58986322831521 0.0
90.34834749701344 39.5802338957771 0.0
124.02025513275112 74.88504443060341 0.0
95.85308720367205 186.79982337105525 0.0
37.7962959194843 176.96099019075035 0.0
40.8293639027939 104.37167667768547 0.0
63.33093987224962 23.16343420427436 0.0
34.40337615732159 20.216190443384452 0.0
73.18674139585173 108.50675785446562 0.0
118.49738338560046 79.04488489857644 0.0
187.95279284645093 77.71171770590833 0.0
195.886486860828 1.0904774941778772 0.0
179.22717507646445 60.94932979288809 0.0
75.15542510786257 79.50355593388527 0.0
19.421971765957146 91.67494944508663 0.0
86.00392475390485 156.63215506364085 0.0
154.20257578490993 144.9131267548546 0.0
195.8881679474506 61.0016669819488 0.0
141.53716073243075 191.58039128286936 0.0
67.7749546306962 109.66441733451857 0.0
100.74619125251607 102.90973714305973 0.0
38.82425058192733 84.68954914825734 0.0
145.6058924662466 58.76699086380357 0.0
171.10484142239832 177.91562076490283 0.0
37.47379619543747 114.62603649632908 0.0
127.98694348121529 164.6897179490163 0.0
87.56829314095656 164.1961989470211 0.0
63.64454458761839 115.16859348252572 0.0
61.94850545495554 98.17179383390389 0.0
178.13948305345667 80.85876063021047 0.0
98.40452833467927 104.30040684737305 0.0
86.84820441149164 4.424151972049084 0.0
31.38241810340179 179.94296597894365 0.0
80.53124866530801 192.39148607598966 0.0
39.232208491959256 35.525235278659565 0.0
111.13461620848919 63.23497457728531 0.0
177.48132445968773 55.757030735122925 0.0
128.4511010936523 137.4236511136146 0.0
142.49994746958924 55.221867893050856 0.0
14.058957714248432 171.366175800439 0.0
121.83870870348316 15.916451255052323 0.0
11.494061639854692 153.78940789402026 0.0
30.683408555862712 26.545811310486034 0.0
35.40102973635124 180.93877711390468 0.0
8.28535204771621 56.85670741101818 0.0
157.4476608943575 6.089859170925371 0.0
153.89000024431093 195.018189995527 0.0
113.07622915578197 119.2123333300914 0.0
118.60073488576583 152.0349879968874 0.0
50.70413191239209 154.22884082557167 0.0
137.77853379965026 194.4059086016219 0.0
153.77555458212592 44.162989220963446 0.0
187.99249071895653 4.715867812963248 0.0
6.10476635779067 48.57226630595692 0.0
183.20007791268415 89.57693766175143 0.0
42.240847362963116 163.0131494368463 0.0
86.75021905920228 55.31021098413389 0.0
127.12260688555925 86.88726408635483 0.0
108.96623456503394 153.98689580298745 0.0
43.08154291854343 73.86911837257355 0.0
184.4798072943972 165.92357836949995 0.0
27.289819652168966 18.217316156115192 0.0
79.15113547543623 129.453278241253 0.0
99.03917235510164 40.622861738084914 0.0
163.32461788523221 54.77028653650755 0.0
143.77589191202088 28.84971358015651 0.0
106.33333109441698 165.8735062239288 0.0
179.60586697615625 61.27418836702314 0.0
96.57971919324109 3.109510896713963 0.0
122.02300305938945 195.53155055118935 0.0
72.18394453476992 88.54307416090637 0.0
83.90312203642758 139.82958299659384 0.0
59.105440312833466 7.359567065167627 0.0
0.34475132720321877 41.09047015807064 0.0
56.8071923691913 90.73006000881512 0.0
151.72707384783627 21.933984081887647 0.0
185.94647142048515 199.0466870446073 0.0
173.39451744674219 177.61646822694556 0.0
18.239640212150942 199.1622205147277 0.0
186.66648846768783 104.39166138200682 0.0
145.56283322721123 5.2445122133130795 0.0
163.40969665344235 72.36099677178407 0.0
113.51438591443453 110.08293539395495 0.0
145.1998188965168 78.7325752980467 0.0
44.07883124924788 172.16054074166027 0.0
78.13806991207453 21.509561652259368 0.0
2.69645037058579 43.53224738020833 0.0
195.67746494070408 118.98032054621 0.0
26.956415340615592 24.525839333059096 0.0
84.3525591575323 66.98413793196185 0.0
127.2955762182648 113.50927265355428 0.0
1.0955464737399945 73.778046576917 0.0
94.49903785074841 183.44418091840967 0.0
75.86059719136153 41.431628827334755 0.0
4.462751682653376 161.67216450944517 0.0
129.56746283204623 173.02850649702168 0.0
97.59235783517192 15.356934591032555 0.0
164.91438236224013 176.55455315952565 0.0
28.376652394343548 52.23197182947694 0.0
146.39940453796595 9.204515147288017 0.0
130.088014322517 134.77992752573263 0.0
75.92827102228219 159.9403496221969 0.0
120.22630204256272 75.69655882588016 0.0
191.67616310152465 3.4860589893194183 0.0
184.2367013269108 133.46851427187354 0.0
170.40952573331123 175.54539486063848 0.0
18.196134261358466 159.12089930818894 0.0
97.26341552438409 16.880363786070095 0.0
185.5768257235604 158.66711339725583 0.0
82.00872138880841 112.99009834325221 0.0
48.85978492280325 30.519940256300583 0.0
147.13279498492108 16.481053951654133 0.0
173.68495236436507 13.099513927901008 0.0
190.5960138146355 180.82126787829827 0.0
71.38880766565443 135.1003494384861 0.0
34.91591389704056 157.02277660980656 0.0
45.194369705436046 99.35609086112926 0.0
14.269529800870927 8.898005938961129 0.0
135.9825688178402 150.96732546728765 0.0
22.593699995486727 87.8874436082219 0.0
125.48790730766994 181.33427839063276 0.0
48.20215912378076 175.05740962577983 0.0
47.92562033945123 1.962780561514621 0.0
154.2271982292167 145.71844217638258 0.0
85.4713608339971 185.38852505755082 0.0
29.232952375966747 141.2162733347392 0.0
78.67871604752554 115.29110569971262 0.0
28.636135040607336 142.79893320143196 0.0
169.83372593990782 113.84594386568254 0.0
55.10942155499021 34.06512209436314 0.0
115.40981892313815 121.58878223971752 0.0
84.93148572891027 111.35060718121383 0.0
153.20049684309848 193.54394266960338 0.0
37.28693381746919 155.51073738720328 0.0
190.37125731150232 45.0941197251266 0.0
4.808307203055673 13.90909580518751 0.0
90.58627120197515 32.046105988350334 0.0
16.191523661153774 158.0234840475551 0.0
181.52935248362004 81.57329305621563 0.0
85.5050544704778 79.93228554270276 0.0
178.55294242083113 4.1924928540368445 0.0
117.85230947162843 70.04568200718144 0.0
125.85271858355644 111.65902282112677 0.0
87.33567743973329 78.79777738294291 0.0
93.47968673876514 141.64072764630563 0.0
180.8097994630115 6.617255484952711 0.0
36.665508256043154 147.25806749450797 0.0
109.70068807137952 89.34579126008468 0.0
23.351027710272444 48.05399040745295 0.0
132.20632212313222 50.37491084276486 0.0
166.47186607324628 158.68385490815174 0.0
99.48351680662515 176.1236922527581 0.0
59.46921970724692 12.592299980409138 0.0
41.96482595942055 38.08110401585083 0.0
106.65779898041157 180.17040828976826 0.0
45.73834085764019 32.488468383792934 0.0
64.49719281719078 144.36319795452513 0.0
33.96233282982164 37.83905321019441 0.0
165.47674823096335 41.423916626182745 0.0
164.57569583845682 100.72332071805832 0.0
183.2383111981827 0.4882401723953267 0.0
83.10425240206764 152.15001754202726 0.0
115.7251092836735 122.86812103837002 0.0
28.152060770928756 129.32471197565886 0.0
12.559206636911036 30.44136652976295 0.0
177.20582563434144 131.96913158478898 0.0
53.51394389934136 182.23983265194434 0.0
