3 905
5 488
7 999
8 8
9 446
12 812
13 605
15 450
19 967
23 760
24 402
26 293
29 239
28 434
31 865
30 508
32 684
33 147
37 709
41 469
46 353
47 397
44 458
45 459
50 396
49 182
59 523
58 676
57 750
63 253
60 109
66 870
77 328
78 408
72 251
75 930
87 869
81 880
80 523
94 221
90 434
102 961
101 94
99 367
96 737
110 826
111 660
106 754
107 781
119 157
118 461
117 801
115 424
114 628
112 685
126 322
125 880
121 209
120 599
137 602
136 113
141 463
140 738
143 867
129 388
128 506
131 801
130 308
132 572
134 704
152 731
153 37
155 473
156 115
157 595
158 158
159 622
145 220
147 51
149 763
151 796
171 973
170 993
169 510
168 930
175 386
173 732
163 369
160 100
164 885
184 71
185 926
190 120
191 981
188 875
178 333
179 832
183 819
205 604
206 769
196 737
199 913
220 546
221 103
222 874
223 863
212 719
213 676
214 736
209 275
210 592
211 538
238 254
231 668
230 157
229 743
255 554
252 396
250 42
248 235
246 307
244 71
243 464
240 923
275 622
273 572
272 86
279 175
276 800
258 31
259 152
256 812
257 174
263 48
260 386
266 574
267 272
271 276
269 830
305 46
304 452
308 909
310 689
313 788
318 486
289 993
292 819
296 506
297 93
300 284
301 213
339 156
336 721
351 491
350 981
349 367
348 657
345 790
327 661
324 429
322 761
333 353
331 370
329 794
375 24
369 360
370 944
381 183
382 359
377 268
379 755
378 896
357 813
358 534
359 24
364 420
365 280
366 910
360 890
361 185
362 927
363 960
411 392
409 185
415 826
412 636
413 411
402 973
406 979
407 81
404 302
405 636
394 621
393 958
398 926
397 208
387 682
386 749
385 569
388 381
440 372
442 83
445 307
447 847
432 329
433 288
434 243
424 487
429 305
428 480
430 908
417 865
416 579
419 611
418 919
421 837
423 787
474 991
475 166
472 448
473 385
469 312
467 547
464 391
460 51
459 474
456 95
453 192
450 634
449 179
448 799
510 12
504 185
506 543
502 721
503 805
496 866
497 568
498 476
492 104
495 796
488 858
491 861
485 262
484 559
487 873
486 862
480 941
482 919
550 528
551 297
548 206
549 822
546 391
547 858
545 859
558 732
559 104
556 746
554 343
567 514
566 214
565 344
562 617
571 509
569 474
568 578
517 726
513 549
514 491
527 657
521 763
522 245
523 209
533 922
532 92
535 229
534 383
528 721
543 564
537 410
611 819
608 888
609 81
615 288
613 210
616 614
617 571
627 958
624 573
630 634
635 49
633 783
639 106
638 686
576 375
577 217
579 673
581 361
582 112
583 54
585 876
586 549
587 973
589 56
590 33
591 111
592 655
595 610
596 311
601 324
600 790
603 969
602 419
604 888
687 902
685 865
682 134
678 874
677 835
676 564
675 748
672 596
702 122
700 925
692 596
690 487
688 51
653 491
652 751
655 19
651 150
650 553
644 407
647 691
641 993
640 922
643 237
668 935
669 499
670 209
671 711
666 667
667 96
662 719
656 108
657 205
658 530
745 198
744 517
751 836
749 80
739 258
736 34
743 868
740 13
760 959
764 950
754 77
752 800
753 38
758 401
757 107
712 356
715 1
714 88
717 121
719 547
718 446
705 258
704 143
707 820
708 192
711 713
728 930
730 349
734 208
735 868
726 354
727 983
800 995
791 605
790 455
789 509
788 589
785 91
784 709
799 384
797 131
796 494
794 638
793 35
775 286
773 307
770 638
771 805
781 651
778 915
779 762
776 520
