2 563
3 436
5 750
10 315
12 60
13 592
14 186
15 919
19 160
18 926
20 316
24 97
27 293
34 993
33 831
38 154
36 168
47 777
44 725
51 448
49 239
48 153
55 642
54 715
53 802
52 633
59 325
57 518
63 983
62 331
61 651
68 897
69 672
70 810
67 794
77 211
78 42
79 951
72 735
73 901
74 989
75 886
85 812
87 170
86 555
80 485
82 289
95 986
88 775
91 132
90 310
102 678
103 996
100 759
101 291
96 422
109 967
107 577
104 525
105 45
115 937
113 779
127 397
126 70
124 93
123 498
121 237
120 496
137 435
138 471
143 282
128 837
131 966
130 791
132 737
135 120
152 72
153 419
156 160
145 525
146 184
147 458
148 834
149 10
150 869
151 570
170 781
169 43
168 442
175 693
174 68
162 220
161 942
166 824
165 876
164 415
186 575
187 95
185 630
190 485
191 402
189 44
178 528
179 1
177 761
182 847
180 120
181 472
205 921
201 279
200 758
203 413
197 551
198 791
192 596
194 481
216 391
218 67
212 997
214 895
235 633
234 73
231 439
229 182
227 440
226 461
255 454
252 511
253 664
250 653
249 446
246 590
242 796
243 483
240 85
275 974
279 89
277 393
276 483
283 165
280 890
287 614
284 440
259 319
257 80
262 759
261 176
267 758
265 590
271 609
269 325
304 174
311 303
310 802
313 569
314 567
317 996
316 783
288 525
290 260
292 238
293 808
297 243
300 584
342 100
341 688
340 861
339 672
336 946
350 721
321 761
334 419
333 334
331 788
328 762
329 446
372 488
375 270
374 307
371 701
381 997
377 374
376 562
379 588
378 432
356 938
357 462
352 451
353 990
355 953
364 855
366 848
360 52
363 20
410 825
408 390
409 151
414 302
415 668
413 35
401 792
407 923
404 723
394 455
392 514
397 508
396 863
386 936
385 217
384 224
391 896
390 418
389 249
388 294
441 208
443 796
445 304
447 575
432 11
437 599
427 633
426 672
428 102
431 615
479 678
477 325
464 699
465 380
463 585
457 610
454 654
451 842
450 511
449 890
508 944
511 892
504 698
505 459
500 69
501 15
502 545
497 185
498 268
499 682
493 366
492 262
488 498
490 60
481 971
482 531
548 195
549 878
558 794
559 912
556 127
567 543
564 224
563 495
562 141
561 662
575 597
574 215
572 31
571 482
568 27
516 124
517 793
518 710
512 801
513 172
515 471
524 912
526 675
521 301
522 202
523 248
535 735
534 849
529 814
531 750
530 710
538 307
608 643
609 572
618 196
616 492
617 374
622 634
623 439
620 894
621 844
631 889
630 600
633 554
632 274
639 367
637 345
579 620
584 860
585 297
588 372
591 540
592 968
597 647
596 651
603 256
602 654
607 128
687 609
686 308
684 415
683 847
682 515
680 436
678 462
676 917
703 541
701 576
698 87
696 390
697 597
695 910
690 283
688 984
653 782
649 6
648 789
650 133
644 892
647 862
646 404
641 410
640 830
643 622
642 478
669 695
670 741
664 526
667 869
660 415
661 7
662 603
657 848
747 226
745 632
750 736
749 617
748 534
736 479
742 953
762 774
763 61
766 776
767 27
764 150
765 743
754 155
752 24
759 283
757 135
714 992
717 782
716 934
719 51
718 756
705 687
707 819
706 590
711 637
710 835
730 58
732 704
733 895
734 145
722 335
723 765
724 600
725 973
727 263
800 730
791 974
789 403
788 927
787 291
786 907
784 826
796 674
794 426
774 914
772 915
770 903
768 955
769 641
782 232
783 117
780 139
781 66
778 714
776 772
777 574
