68.87230586291251 144.0785459026745 0.0
99.92870550467536 118.02390692162446 0.0
62.57587775579054 195.0027127322568 0.0
106.38295374506667 155.62223594606817 0.0
65.76851797172958 135.51511731908943 0.0
133.91797812480556 120.9950096786951 0.0
100.36315824278861 198.252196151423 0.0
116.2379942751462 153.16004362502807 0.0
81.24516635894095 124.47387283796185 0.0
65.12231933605773 92.11993488681485 0.0
87.9847192170284 165.0579773567658 0.0
108.07068336161353 91.1454207920513 0.0
87.47785173553429 6.44833224365029 0.0
127.42960164789898 176.0735432971264 0.0
51.05262217662363 146.0010628703032 0.0
45.805749799394114 159.36597886676662 0.0
107.42822951457482 15.587768019506143 0.0
16.04869339519397 31.71197748406922 0.0
152.01666609300028 57.978300387819594 0.0
168.8121686238148 100.24934609546085 0.0
193.40793029079543 197.4398547593064 0.0
146.67938786666897 120.01610619688617 0.0
59.48144206618855 114.15327057053726 0.0
11.06456224407195 74.0343636598402 0.0
108.437836809155 31.461383024974964 0.0
46.57938362649443 97.46711156266241 0.0
94.1469208373442 155.62839455219347 0.0
107.27971672744339 112.57764305479891 0.0
120.55903756259683 69.70330312218952 0.0
50.1843934665543 43.76046393713167 0.0
86.52882214568601 76.24445148007572 0.0
83.68444303618688 15.701503406309204 0.0
170.25167657640023 108.07632328727628 0.0
121.93780885920067 102.76451802361417 0.0
131.61504248418385 181.91383228384325 0.0
81.07103164551756 193.98977604206578 0.0
121.11799716761521 56.60333520756986 0.0
78.98602566026838 165.6299705859727 0.0
75.61432914642386 175.8937046191759 0.0
107.79657057774152 11.937526278438092 0.0
53.98575006314126 125.06488689829303 0.0
136.39578491645824 74.95647447071244 0.0
19.953526292816704 111.4053511050867 0.0
170.3823290873389 35.36108585904747 0.0
14.588309858539695 190.4439892691777 0.0
147.54970158208923 78.9226298926012 0.0
177.67958837915623 103.00600332343481 0.0
79.36952620590539 36.97456074746353 0.0
74.97765380986401 62.576489814927584 0.0
162.3763007266567 114.2855836239425 0.0
67.42261664023694 38.11932492099781 0.0
78.0876670102361 64.0390959506287 0.0
18.826533529551746 14.413244628447552 0.0
176.07074744924302 147.15651515640704 0.0
80.07622573024645 180.1308349902025 0.0
91.99175241141522 121.99115297258768 0.0
10.776060633888074 193.30038624593254 0.0
190.96256474924326 50.458265807528704 0.0
103.35137253300326 4.454557689206773 0.0
46.2245587392409 77.95604730246043 0.0
59.98490727298247 179.68386934891 0.0
164.18656282235474 146.9713347064746 0.0
139.3600540815364 58.97707751872385 0.0
149.06028844950043 38.05294640193908 0.0
138.03647819133496 9.6446201445346 0.0
63.8132665807138 196.87449614107894 0.0
100.38496934717406 90.28530260755775 0.0
88.88580759993438 102.3977052363494 0.0
61.36020905633415 27.67048486027377 0.0
106.09503059345651 58.68631733504639 0.0
17.991514584734645 127.08416459807368 0.0
142.3757282090375 51.70960719422315 0.0
98.32326574637658 186.07123909929055 0.0
96.4841446378645 102.51378196348364 0.0
150.6382800096776 62.21051725043731 0.0
41.517597337134916 169.42842469232446 0.0
111.14892301558781 57.442917567655186 0.0
47.079168231205216 104.51431486694112 0.0
124.94235639904616 124.64946384696212 0.0
97.143437592836 53.24797906978562 0.0
92.81785699369954 76.58772740980734 0.0
93.15572431773676 1.4774088017756926 0.0
95.75567750658828 82.9593919066765 0.0
126.62385471070495 119.9724188630839 0.0
9.108577783998362 178.29574654887267 0.0
181.43803667458698 134.43216805852626 0.0
160.20860108564335 71.51192591993993 0.0
183.3810448201016 157.60153464631384 0.0
105.93328877196578 47.394731363016284 0.0
52.76739799760981 60.186926572744625 0.0
110.87710789214118 180.95310492542683 0.0
135.87683509464458 128.55132207790604 0.0
92.12539741740795 47.47417101944311 0.0
91.82391134545638 59.70731347450315 0.0
63.2297007618952 4.291970307332305 0.0
193.7321395760828 77.91603236209264 0.0
57.83493285025671 144.690006674544 0.0
66.55766955122256 122.23887452718922 0.0
142.5103965455817 180.02285722407441 0.0
128.6339623719106 50.67799776219219 0.0
38.688156137601396 193.0560589844817 0.0
29.98567206654328 34.080647733781944 0.0
65.21398985313434 23.687636141107582 0.0
187.68626594552012 171.77144604204068 0.0
185.86751870435236 197.62862534808278 0.0
107.01070792248785 50.91578516994395 0.0
100.30982790898577 189.28412784366367 0.0
146.8609365360058 92.90657508136384 0.0
152.26833971171553 21.990297776910705 0.0
138.9184729796883 82.60563869363354 0.0
145.37039318905914 151.92696969447493 0.0
2.205112272350229 60.06013283385576 0.0
154.88836234622622 56.439431521947505 0.0
8.209130780545593 169.35340308068555 0.0
102.76093165082492 153.16718482450085 0.0
46.461071746436055 105.5387485417854 0.0
23.606483827600265 13.291361545358459 0.0
116.41964329047441 78.1436850622348 0.0
191.04633233024245 100.37666794672 0.0
128.75500970437358 118.5212648462438 0.0
196.50688614337537 65.69773587200689 0.0
137.59302868696682 98.36417973028122 0.0
76.77157807328871 161.6038767339123 0.0
145.01089017000854 197.9863330981315 0.0
71.90483102616281 196.39014486558017 0.0
20.050865032855135 165.51572890995513 0.0
161.7719448636873 47.306967782466344 0.0
56.74564554557051 141.93149915725687 0.0
177.2303625727596 72.75429774481992 0.0
59.12525510708322 91.91701598047177 0.0
11.169273984887784 20.37062288977014 0.0
185.9019820387846 176.79005837592186 0.0
64.92618251105678 14.64105502482047 0.0
113.50653993692752 133.3101195892687 0.0
157.2105049087221 125.8128031771037 0.0
183.375025688736 80.95189960378599 0.0
95.51591618202096 71.32049220296632 0.0
87.86294799277117 170.2732299151482 0.0
164.10473503425942 181.58770509779777 0.0
118.88908275085477 106.29461840050067 0.0
117.99905361419327 73.98531678551761 0.0
54.38849888181081 33.34671565224656 0.0
89.01511188845903 121.89117225385506 0.0
189.88070848017554 151.63111482255644 0.0
107.72878524809965 180.20979758313723 0.0
35.935341051218984 150.77882301891123 0.0
124.3616942720407 134.37476702533993 0.0
197.04442810869725 91.97996938188035 0.0
71.92902115836486 76.77057456496823 0.0
123.3868676691156 147.7972620185325 0.0
56.591649056932965 82.6748051095656 0.0
184.19725786239732 17.564799131580934 0.0
183.0068029001109 57.23548286758082 0.0
49.92775890143295 76.31292698374075 0.0
26.572969292550685 155.66258528659029 0.0
90.11835044221652 186.4488830060298 0.0
149.81637745592343 40.72671901526292 0.0
194.86725451989267 3.9619812990411285 0.0
126.7679566476241 134.82204151213006 0.0
110.01997986979401 144.71128370265097 0.0
87.0311766826371 48.264573845056645 0.0
39.67192575858438 141.39257866527086 0.0
20.342777524469202 121.16110180846347 0.0
114.30612306704306 118.07073884133015 0.0
192.77997918480358 103.09795737500203 0.0
148.86413859565602 136.70245825153256 0.0
17.369271797428198 13.062979564319633 0.0
122.27489032325055 28.86351441614392 0.0
194.70346374142352 171.42803994677095 0.0
198.44249972934685 15.933681627638796 0.0
93.27530414086019 76.48366830328015 0.0
78.42105158797762 142.28157523170765 0.0
174.58740588083168 9.931152924765762 0.0
24.480538519634344 98.53072945121309 0.0
184.69991885479766 198.90186106133766 0.0
28.994924154489677 195.7772072243137 0.0
31.728838489024657 36.48728073344623 0.0
114.55983718857172 66.6682481542238 0.0
147.9095061972625 68.42757884418687 0.0
46.47383141908998 115.54039718632691 0.0
95.19131032714844 190.52039331320344 0.0
14.693914704651135 17.354657152515607 0.0
14.931260502865907 169.47572483454235 0.0
99.6024295735238 73.95527615736172 0.0
45.105594635872826 199.35679729458465 0.0
174.399045351831 176.2178904318374 0.0
32.560187270518966 136.41083540901406 0.0
116.65812830710458 91.94171295363947 0.0
153.17205471805954 117.0078339473414 0.0
2.5683367800722 1.8795351879960842 0.0
19.395872444652106 56.569290828433964 0.0
139.59785916236137 40.088517581010265 0.0
102.52089201758206 51.783160318633925 0.0
156.8052530083695 59.823559418248266 0.0
26.065305345440713 164.06517172454684 0.0
116.74243103190474 142.48432759199233 0.0
97.08659236417942 49.1407821744392 0.0
138.8728788649172 94.6659581967842 0.0
133.7879848637138 15.78610918357677 0.0
131.65475773274807 137.15252835383717 0.0
