1 5 11.0
1 9 73.0
1 11 59.0
1 15 89.0
1 16 38.0
1 27 46.0
1 38 58.0
1 41 49.0
1 97 28.0
1 98 32.0
1 123 80.0
1 128 37.0
1 143 11.0
1 162 3.0
1 172 71.0
2 12 82.0
2 67 12.0
2 9 28.0
2 56 37.0
2 68 78.0
2 74 47.0
2 143 92.0
2 28 27.0
2 34 54.0
2 79 73.0
2 84 36.0
2 120 77.0
2 134 98.0
2 140 40.0
2 147 39.0
2 160 99.0
2 164 23.0
2 196 12.0
3 36 35.0
3 39 78.0
3 55 91.0
3 61 97.0
3 66 36.0
3 101 90.0
3 125 71.0
3 156 83.0
3 185 58.0
4 11 26.0
4 27 3.0
4 38 26.0
4 138 38.0
4 8 14.0
4 14 76.0
4 91 23.0
4 115 11.0
4 134 95.0
4 145 61.0
4 147 4.0
4 150 17.0
4 159 14.0
4 160 40.0
4 196 28.0
5 1 28.0
5 9 89.0
5 15 30.0
5 23 70.0
5 41 23.0
5 56 77.0
5 97 65.0
5 98 31.0
5 123 79.0
5 128 66.0
5 143 11.0
5 162 60.0
5 172 27.0
5 180 86.0
6 122 80.0
6 198 22.0
6 22 70.0
6 28 69.0
6 34 67.0
6 50 64.0
6 79 28.0
6 84 46.0
6 92 34.0
6 120 85.0
6 134 70.0
6 135 57.0
6 140 57.0
6 147 97.0
6 150 65.0
6 159 72.0
6 164 16.0
6 166 88.0
6 189 82.0
6 196 68.0
6 200 81.0
7 36 1.0
7 55 62.0
7 73 33.0
7 125 77.0
7 156 99.0
7 181 37.0
7 91 93.0
7 107 7.0
7 145 12.0
8 27 79.0
8 4 64.0
8 14 61.0
8 79 58.0
8 91 55.0
8 111 26.0
8 115 4.0
8 134 83.0
8 145 82.0
8 147 15.0
8 150 54.0
8 159 11.0
8 160 42.0
8 196 18.0
8 200 8.0
9 1 25.0
9 2 25.0
9 5 94.0
9 23 27.0
9 41 66.0
9 56 82.0
9 68 67.0
9 74 7.0
9 98 99.0
9 143 15.0
9 172 16.0
9 28 35.0
10 26 69.0
10 31 60.0
10 60 1.0
10 130 99.0
10 149 17.0
10 151 17.0
10 154 61.0
10 23 76.0
10 68 75.0
10 78 21.0
10 116 37.0
10 180 89.0
11 1 80.0
11 27 90.0
11 36 26.0
11 38 41.0
11 39 74.0
11 55 50.0
11 73 46.0
11 123 4.0
11 138 90.0
11 156 3.0
11 172 3.0
11 181 2.0
11 4 3.0
11 91 37.0
11 107 37.0
11 115 44.0
11 145 23.0
11 160 26.0
12 31 9.0
12 81 16.0
12 83 38.0
12 137 42.0
12 171 38.0
12 184 25.0
12 29 9.0
12 67 24.0
12 118 90.0
12 141 57.0
12 178 74.0
12 188 96.0
12 2 48.0
12 68 43.0
12 74 11.0
12 28 13.0
12 34 33.0
12 140 82.0
12 164 5.0
13 32 92.0
13 82 88.0
13 95 90.0
13 103 60.0
13 133 98.0
13 17 71.0
13 40 5.0
13 59 77.0
14 4 48.0
14 8 65.0
14 35 4.0
14 91 89.0
14 99 69.0
14 124 89.0
14 145 39.0
14 150 92.0
15 1 58.0
15 5 30.0
15 16 1.0
15 41 2.0
15 76 86.0
15 97 25.0
15 98 22.0
15 128 51.0
15 146 52.0
15 155 5.0
15 162 73.0
15 172 36.0
15 187 85.0
16 1 49.0
16 15 40.0
16 61 91.0
16 76 38.0
16 97 98.0
16 126 13.0
16 128 30.0
16 146 93.0
16 155 74.0
16 162 16.0
16 187 56.0
16 195 94.0
17 13 35.0
17 32 90.0
17 82 90.0
17 25 31.0
17 40 96.0
17 59 16.0
17 168 81.0
17 199 31.0
18 53 70.0
18 102 35.0
18 117 25.0
18 131 42.0
18 167 6.0
18 177 9.0
18 182 3.0
18 191 50.0
19 42 74.0
19 44 65.0
19 46 84.0
19 63 66.0
19 64 93.0
19 72 73.0
19 75 17.0
19 87 61.0
19 100 89.0
19 110 67.0
19 113 29.0
19 127 77.0
19 129 50.0
19 157 27.0
19 179 50.0
19 192 38.0
19 194 12.0
20 87 42.0
20 108 20.0
20 129 8.0
20 136 37.0
20 148 39.0
20 22 15.0
20 33 22.0
20 47 40.0
20 50 40.0
20 119 89.0
20 135 61.0
20 165 69.0
20 189 48.0
21 104 55.0
21 105 14.0
21 132 96.0
21 169 78.0
21 175 52.0
21 186 95.0
22 108 44.0
22 122 84.0
22 198 20.0
22 6 89.0
22 20 18.0
22 33 98.0
22 50 45.0
22 79 84.0
22 84 2.0
22 92 73.0
22 120 9.0
22 135 61.0
22 147 52.0
22 159 1.0
22 166 28.0
22 189 27.0
22 200 14.0
23 10 87.0
23 26 78.0
23 130 48.0
23 5 44.0
23 9 89.0
23 41 72.0
23 78 62.0
23 98 14.0
23 116 45.0
23 128 12.0
23 180 25.0
24 112 56.0
24 174 84.0
24 191 17.0
25 32 81.0
25 48 35.0
25 80 86.0
25 93 75.0
25 161 88.0
25 197 81.0
25 17 1.0
25 37 72.0
25 40 67.0
25 59 14.0
25 70 85.0
25 77 36.0
25 89 29.0
25 100 44.0
25 106 6.0
25 168 6.0
25 193 7.0
25 199 69.0
26 10 61.0
26 60 88.0
26 130 21.0
26 151 83.0
26 154 88.0
26 174 29.0
26 23 33.0
26 41 72.0
26 78 97.0
26 116 34.0
26 180 50.0
27 1 80.0
27 11 18.0
27 38 83.0
27 39 15.0
27 55 67.0
27 123 6.0
27 138 6.0
27 172 58.0
27 4 54.0
27 8 63.0
27 115 88.0
27 134 91.0
27 145 98.0
27 160 66.0
27 196 28.0
28 12 70.0
28 67 59.0
28 188 6.0
28 2 88.0
28 9 23.0
28 56 70.0
28 68 38.0
28 74 58.0
28 143 15.0
28 6 44.0
28 34 71.0
28 79 30.0
28 84 93.0
28 120 28.0
28 134 35.0
28 140 46.0
28 147 83.0
28 159 62.0
28 164 56.0
29 80 50.0
29 81 8.0
29 83 46.0
29 137 94.0
29 171 15.0
29 184 70.0
29 12 41.0
29 37 25.0
29 42 50.0
29 46 53.0
29 63 66.0
29 67 87.0
29 70 42.0
29 72 87.0
29 77 48.0
29 89 9.0
29 100 87.0
29 106 13.0
29 110 5.0
29 118 59.0
29 141 95.0
29 178 58.0
29 179 15.0
29 188 29.0
29 193 28.0
30 48 76.0
30 51 42.0
30 69 85.0
30 90 59.0
30 102 22.0
30 103 8.0
30 142 26.0
30 177 7.0
31 10 57.0
31 49 48.0
31 52 83.0
31 80 46.0
31 81 14.0
31 83 51.0
31 93 64.0
31 94 21.0
31 137 22.0
31 149 18.0
31 161 26.0
31 171 82.0
31 184 94.0
31 197 44.0
31 12 44.0
31 67 48.0
31 70 3.0
31 118 8.0
31 178 36.0
31 193 26.0
31 68 47.0
31 74 31.0
32 13 56.0
32 48 36.0
32 51 34.0
32 69 11.0
32 82 59.0
32 95 27.0
32 103 59.0
32 133 13.0
32 17 35.0
32 25 46.0
32 40 29.0
32 59 8.0
33 108 48.0
33 20 66.0
33 22 77.0
33 47 9.0
33 50 9.0
33 86 23.0
33 119 14.0
33 135 68.0
33 165 10.0
33 189 20.0
34 12 75.0
34 67 1.0
34 108 58.0
34 110 26.0
34 118 56.0
34 122 16.0
34 141 84.0
34 188 36.0
34 198 88.0
34 2 36.0
34 74 24.0
34 6 49.0
34 28 67.0
34 79 53.0
34 84 69.0
34 92 21.0
34 120 15.0
34 140 56.0
34 164 24.0
35 14 14.0
35 91 76.0
35 99 29.0
35 124 9.0
35 145 76.0
36 3 53.0
36 11 78.0
36 38 75.0
36 39 5.0
36 55 82.0
36 61 89.0
36 66 95.0
36 73 30.0
36 125 66.0
36 138 54.0
36 156 33.0
36 181 95.0
36 7 47.0
36 107 38.0
37 80 80.0
37 94 49.0
37 137 68.0
37 184 79.0
37 197 81.0
37 25 75.0
37 29 87.0
37 42 13.0
37 63 69.0
37 70 37.0
37 72 73.0
37 77 26.0
37 89 47.0
37 100 74.0
37 106 74.0
37 118 30.0
37 141 45.0
37 168 46.0
37 178 65.0
37 179 22.0
37 192 26.0
37 193 50.0
38 1 40.0
38 11 80.0
38 27 71.0
38 36 59.0
38 39 70.0
38 55 8.0
38 61 25.0
38 73 83.0
38 97 66.0
38 123 65.0
38 138 48.0
38 156 19.0
38 172 36.0
38 181 31.0
38 4 77.0
38 115 1.0
39 3 94.0
39 11 92.0
39 27 15.0
39 36 19.0
39 38 61.0
39 55 66.0
39 61 81.0
39 66 3.0
39 73 82.0
39 123 2.0
39 125 49.0
39 138 69.0
39 156 22.0
39 181 76.0
39 107 57.0
40 13 93.0
40 32 1.0
40 82 64.0
40 17 86.0
40 25 13.0
40 59 88.0
40 168 40.0
40 199 34.0
41 26 21.0
41 1 41.0
41 5 87.0
41 9 62.0
41 15 53.0
41 23 28.0
41 78 21.0
41 97 10.0
41 98 73.0
41 116 83.0
41 128 14.0
41 162 58.0
41 172 15.0
41 180 45.0
41 187 53.0
42 19 52.0
42 29 6.0
42 37 35.0
42 46 98.0
42 63 90.0
42 72 52.0
42 75 96.0
42 87 60.0
42 100 14.0
42 108 76.0
42 110 50.0
42 113 6.0
42 118 98.0
42 122 74.0
42 141 81.0
42 178 46.0
42 179 99.0
42 188 25.0
42 194 90.0
42 198 51.0
43 174 88.0
43 71 57.0
43 78 5.0
43 116 12.0
43 163 2.0
43 180 21.0
43 187 78.0
44 19 96.0
44 58 57.0
44 64 51.0
44 109 51.0
44 113 87.0
44 127 88.0
44 152 65.0
44 153 51.0
44 157 52.0
44 173 16.0
44 194 19.0
45 57 27.0
45 85 99.0
45 101 20.0
45 114 21.0
45 126 38.0
45 176 55.0
45 183 53.0
45 195 42.0
46 19 53.0
46 29 92.0
46 42 14.0
46 63 7.0
46 72 96.0
46 75 33.0
46 87 33.0
46 108 8.0
46 110 17.0
46 113 83.0
46 122 96.0
46 141 83.0
46 179 87.0
46 194 68.0
46 198 22.0
47 96 41.0
47 136 14.0
47 148 24.0
47 20 8.0
47 33 3.0
47 50 78.0
47 119 12.0
47 165 68.0
47 189 47.0
48 30 50.0
48 32 84.0
48 49 46.0
48 51 26.0
48 52 2.0
48 69 24.0
48 80 86.0
48 93 97.0
48 94 63.0
48 103 6.0
48 133 68.0
48 142 2.0
48 161 8.0
48 197 43.0
48 25 35.0
48 89 51.0
48 193 97.0
49 31 56.0
49 48 84.0
49 51 76.0
49 52 85.0
49 80 93.0
49 81 72.0
49 83 7.0
49 90 50.0
49 93 14.0
49 94 15.0
49 137 80.0
49 149 48.0
49 151 2.0
49 154 30.0
49 161 31.0
49 171 51.0
49 184 51.0
49 197 89.0
49 193 95.0
50 108 6.0
50 122 74.0
50 6 51.0
50 20 93.0
50 22 58.0
50 33 82.0
50 47 17.0
50 86 23.0
50 135 63.0
50 166 48.0
50 189 68.0
51 30 20.0
51 32 79.0
51 48 31.0
51 49 53.0
51 52 80.0
51 69 19.0
51 90 37.0
51 93 31.0
51 103 35.0
51 133 53.0
51 142 83.0
51 161 39.0
52 31 10.0
52 48 68.0
52 49 21.0
52 51 1.0
52 80 56.0
52 81 43.0
52 83 79.0
52 90 92.0
52 93 88.0
52 94 14.0
52 137 40.0
52 149 69.0
52 151 70.0
52 161 33.0
52 171 27.0
52 184 72.0
52 197 46.0
52 70 43.0
52 193 25.0
53 18 77.0
53 102 84.0
53 117 32.0
53 131 52.0
53 167 55.0
53 177 48.0
53 182 42.0
53 190 42.0
54 62 38.0
54 86 54.0
54 88 16.0
54 104 29.0
54 135 81.0
54 144 4.0
54 166 37.0
54 186 44.0
55 3 85.0
55 11 19.0
55 27 70.0
55 36 28.0
55 38 73.0
55 39 89.0
55 61 81.0
55 66 76.0
55 73 8.0
55 123 95.0
55 125 18.0
55 138 7.0
55 156 24.0
55 181 11.0
55 7 45.0
55 107 38.0
55 145 35.0
56 2 23.0
56 5 33.0
56 9 5.0
56 68 15.0
56 74 49.0
56 98 68.0
56 143 37.0
56 172 88.0
56 28 39.0
56 134 80.0
56 160 37.0
56 164 2.0
57 45 41.0
57 85 76.0
57 101 72.0
57 114 20.0
57 126 52.0
57 176 39.0
57 183 88.0
58 44 89.0
58 96 13.0
58 121 75.0
58 127 21.0
58 129 82.0
58 153 31.0
59 13 85.0
59 32 43.0
59 82 77.0
59 17 57.0
59 25 84.0
59 40 36.0
60 10 26.0
60 26 15.0
60 90 55.0
60 130 30.0
60 149 46.0
60 151 24.0
60 154 55.0
60 174 73.0
60 78 1.0
60 116 34.0
61 3 10.0
61 16 41.0
61 36 21.0
61 38 59.0
61 39 99.0
61 55 88.0
61 66 16.0
61 76 89.0
61 101 69.0
61 123 60.0
61 125 25.0
61 138 26.0
61 185 22.0
62 54 98.0
62 86 85.0
62 88 21.0
62 111 85.0
62 135 21.0
62 144 25.0
62 166 78.0
63 19 19.0
63 29 84.0
63 37 55.0
63 42 67.0
63 46 83.0
63 64 65.0
63 72 6.0
63 75 76.0
63 77 10.0
63 87 75.0
63 100 2.0
63 110 13.0
63 113 83.0
63 118 86.0
63 127 49.0
63 141 76.0
63 157 97.0
63 178 49.0
63 179 29.0
63 192 48.0
63 194 71.0
64 19 61.0
64 44 2.0
64 63 96.0
64 72 67.0
64 75 34.0
64 100 33.0
64 109 8.0
64 113 7.0
64 127 22.0
64 157 36.0
64 168 98.0
64 192 98.0
64 194 12.0
64 199 82.0
65 109 59.0
65 168 57.0
65 199 14.0
66 3 63.0
66 36 86.0
66 39 22.0
66 55 32.0
66 61 44.0
66 101 48.0
66 125 19.0
66 156 31.0
66 185 46.0
67 31 29.0
67 81 50.0
67 83 98.0
67 137 60.0
67 171 36.0
67 184 56.0
67 12 52.0
67 29 14.0
67 118 74.0
67 141 82.0
67 178 1.0
67 188 48.0
67 2 74.0
67 68 62.0
67 74 88.0
67 28 77.0
67 34 87.0
67 140 46.0
68 10 86.0
68 31 76.0
68 81 13.0
68 83 37.0
68 171 32.0
68 12 3.0
68 67 43.0
68 188 20.0
68 2 93.0
68 9 44.0
68 56 23.0
68 74 24.0
68 98 71.0
68 143 96.0
68 28 46.0
68 164 67.0
69 30 7.0
69 32 70.0
69 48 88.0
69 51 54.0
69 95 91.0
69 103 90.0
69 133 80.0
69 142 74.0
70 31 91.0
70 52 58.0
70 80 9.0
70 81 94.0
70 83 6.0
70 93 53.0
70 94 82.0
70 137 48.0
70 161 21.0
70 171 3.0
70 184 91.0
70 197 92.0
70 25 53.0
70 29 47.0
70 37 9.0
70 77 50.0
70 89 16.0
70 100 49.0
70 106 51.0
70 118 64.0
70 141 85.0
70 178 16.0
70 193 41.0
71 174 50.0
71 43 35.0
71 146 31.0
71 155 26.0
71 162 79.0
71 163 20.0
71 187 84.0
72 19 40.0
72 29 32.0
72 37 8.0
72 42 26.0
72 46 89.0
72 63 17.0
72 64 15.0
72 75 76.0
72 87 49.0
72 100 90.0
72 113 95.0
72 127 30.0
72 157 19.0
72 179 21.0
72 192 23.0
72 194 4.0
73 11 8.0
73 36 88.0
73 38 7.0
73 39 25.0
73 55 35.0
73 125 63.0
73 138 12.0
73 156 84.0
73 181 28.0
73 7 78.0
73 91 21.0
73 107 90.0
73 145 40.0
74 31 98.0
74 81 57.0
74 83 78.0
74 171 30.0
74 184 98.0
74 12 88.0
74 67 97.0
74 188 11.0
74 2 69.0
74 9 48.0
74 56 56.0
74 68 62.0
74 143 2.0
74 28 11.0
74 34 62.0
74 140 29.0
74 164 87.0
75 19 69.0
75 42 43.0
75 46 39.0
75 63 68.0
75 64 18.0
75 72 67.0
75 87 41.0
75 100 23.0
75 110 43.0
75 113 98.0
75 127 66.0
75 129 25.0
75 157 95.0
75 179 74.0
75 192 97.0
75 194 42.0
76 15 38.0
76 16 27.0
76 61 52.0
76 97 64.0
76 101 48.0
76 126 82.0
76 146 14.0
76 155 2.0
76 162 90.0
76 176 20.0
76 183 10.0
76 195 34.0
77 80 63.0
77 81 1.0
77 83 34.0
77 93 94.0
77 94 95.0
77 137 92.0
77 161 9.0
77 171 40.0
77 184 44.0
77 197 48.0
77 25 2.0
77 29 72.0
77 37 50.0
77 63 52.0
77 70 32.0
77 89 93.0
77 100 22.0
77 106 5.0
77 118 80.0
77 141 28.0
77 178 60.0
77 193 14.0
78 10 35.0
78 26 83.0
78 60 48.0
78 130 55.0
78 151 56.0
78 154 90.0
78 174 62.0
78 23 55.0
78 41 25.0
78 43 57.0
78 98 46.0
78 116 24.0
78 180 23.0
79 122 65.0
79 2 94.0
79 6 63.0
79 8 96.0
79 22 50.0
79 28 63.0
79 34 77.0
79 84 48.0
79 92 40.0
79 120 32.0
79 134 41.0
79 140 5.0
79 147 80.0
79 150 56.0
79 159 42.0
79 160 42.0
79 164 19.0
79 166 73.0
79 189 41.0
79 196 58.0
79 200 21.0
80 31 93.0
80 48 79.0
80 49 1.0
80 52 66.0
80 81 33.0
80 83 74.0
80 93 43.0
80 94 90.0
80 137 77.0
80 161 95.0
80 171 84.0
80 184 68.0
80 197 90.0
80 25 2.0
80 29 42.0
80 37 47.0
80 70 89.0
80 77 87.0
80 89 56.0
80 106 49.0
80 141 86.0
80 178 93.0
80 193 94.0
81 31 63.0
81 49 39.0
81 52 63.0
81 80 92.0
81 83 96.0
81 93 70.0
81 94 38.0
81 137 98.0
81 149 20.0
81 161 54.0
81 171 65.0
81 184 34.0
81 197 76.0
81 12 55.0
81 29 11.0
81 67 80.0
81 70 50.0
81 77 48.0
81 106 1.0
81 118 51.0
81 141 52.0
81 178 10.0
81 188 56.0
81 193 58.0
81 68 19.0
81 74 56.0
82 13 57.0
82 32 29.0
82 17 44.0
82 40 11.0
82 59 29.0
83 31 76.0
83 49 16.0
83 52 8.0
83 80 51.0
83 81 4.0
83 94 70.0
83 137 30.0
83 149 1.0
83 171 11.0
83 184 98.0
83 12 5.0
83 29 41.0
83 67 2.0
83 70 71.0
83 77 25.0
83 118 37.0
83 141 42.0
83 178 25.0
83 188 4.0
83 68 2.0
83 74 71.0
84 122 17.0
84 188 68.0
84 198 82.0
84 2 63.0
84 6 44.0
84 22 25.0
84 28 43.0
84 34 99.0
84 79 34.0
84 92 24.0
84 120 31.0
84 134 66.0
84 140 41.0
84 147 38.0
84 150 19.0
84 159 49.0
84 160 2.0
84 164 62.0
84 166 51.0
84 189 22.0
84 196 66.0
84 200 99.0
85 45 60.0
85 57 78.0
85 114 13.0
85 126 69.0
85 155 3.0
85 176 52.0
85 183 75.0
85 195 38.0
86 33 24.0
86 50 7.0
86 54 1.0
86 62 89.0
86 88 66.0
86 135 51.0
86 144 74.0
87 19 15.0
87 42 48.0
87 46 55.0
87 63 66.0
87 72 12.0
87 75 58.0
87 108 12.0
87 110 41.0
87 113 3.0
87 127 53.0
87 129 60.0
87 136 59.0
87 153 91.0
87 179 23.0
87 194 61.0
87 20 71.0
88 54 65.0
88 62 23.0
88 86 54.0
88 104 9.0
88 132 56.0
88 144 7.0
88 169 10.0
88 186 64.0
89 48 27.0
89 80 59.0
89 93 54.0
89 94 98.0
89 137 50.0
89 161 68.0
89 184 71.0
89 197 43.0
89 25 65.0
89 29 12.0
89 37 93.0
89 70 25.0
89 77 6.0
89 100 74.0
89 106 9.0
89 141 98.0
89 168 65.0
89 178 89.0
89 193 11.0
90 30 99.0
90 49 58.0
90 51 75.0
90 52 3.0
90 60 66.0
90 142 22.0
90 149 33.0
90 151 55.0
90 154 75.0
91 11 27.0
91 73 89.0
91 138 68.0
91 156 99.0
91 181 75.0
91 4 7.0
91 7 91.0
91 8 2.0
91 14 40.0
91 35 5.0
91 107 44.0
91 115 98.0
91 145 14.0
92 6 21.0
92 22 2.0
92 34 51.0
92 79 77.0
92 84 98.0
92 111 45.0
92 120 93.0
92 134 91.0
92 135 1.0
92 140 24.0
92 147 66.0
92 150 54.0
92 159 29.0
92 164 48.0
92 166 5.0
92 189 28.0
92 196 72.0
92 200 77.0
93 31 17.0
93 48 63.0
93 49 47.0
93 51 45.0
93 52 16.0
93 80 92.0
93 81 24.0
93 94 47.0
93 137 65.0
93 161 60.0
93 171 41.0
93 184 99.0
93 197 54.0
93 25 6.0
93 70 52.0
93 77 52.0
93 89 92.0
93 106 61.0
93 178 90.0
93 193 74.0
94 31 41.0
94 48 87.0
94 49 25.0
94 52 11.0
94 80 24.0
94 81 69.0
94 83 24.0
94 93 20.0
94 137 59.0
94 149 47.0
94 161 5.0
94 171 55.0
94 184 40.0
94 197 66.0
94 37 78.0
94 70 50.0
94 77 74.0
94 89 97.0
94 106 13.0
94 141 1.0
94 178 98.0
94 193 39.0
95 13 15.0
95 32 37.0
95 69 78.0
95 103 25.0
95 133 37.0
96 58 41.0
96 121 75.0
96 129 5.0
96 136 56.0
96 148 3.0
96 153 52.0
96 47 64.0
96 119 8.0
96 165 24.0
97 1 6.0
97 5 75.0
97 15 13.0
97 16 90.0
97 38 67.0
97 41 51.0
97 76 1.0
97 98 54.0
97 123 89.0
97 128 72.0
97 146 50.0
97 162 41.0
97 172 85.0
97 187 43.0
98 1 31.0
98 5 4.0
98 9 81.0
98 15 69.0
98 23 92.0
98 41 12.0
98 56 95.0
98 68 56.0
98 78 49.0
98 97 30.0
98 116 99.0
98 128 41.0
98 143 70.0
98 172 10.0
98 180 23.0
99 14 29.0
99 35 74.0
99 111 47.0
99 124 98.0
99 139 32.0
100 19 65.0
100 25 28.0
100 29 99.0
100 37 29.0
100 42 91.0
100 63 82.0
100 64 4.0
100 70 85.0
100 72 89.0
100 75 6.0
100 77 59.0
100 89 66.0
100 106 19.0
100 113 22.0
100 141 7.0
100 157 80.0
100 168 35.0
100 178 49.0
100 179 19.0
100 192 60.0
100 193 21.0
100 194 33.0
101 3 64.0
101 45 84.0
101 57 43.0
101 61 92.0
101 66 50.0
101 76 93.0
101 176 23.0
101 185 1.0
102 18 41.0
102 30 11.0
102 53 8.0
102 117 75.0
102 131 53.0
102 142 42.0
102 167 45.0
102 177 32.0
102 182 2.0
102 191 38.0
103 13 5.0
103 30 68.0
103 32 85.0
103 48 65.0
103 51 63.0
103 69 14.0
103 95 43.0
103 133 28.0
103 142 98.0
104 21 83.0
104 54 10.0
104 88 86.0
104 105 81.0
104 132 14.0
104 139 12.0
104 144 58.0
104 169 89.0
104 175 35.0
104 186 65.0
105 21 17.0
105 104 48.0
105 132 75.0
105 139 55.0
105 169 55.0
105 175 86.0
105 186 45.0
106 80 72.0
106 81 88.0
106 93 67.0
106 94 46.0
106 137 93.0
106 161 78.0
106 171 24.0
106 184 19.0
106 197 30.0
106 25 2.0
106 29 79.0
106 37 20.0
106 70 28.0
106 77 10.0
106 89 64.0
106 100 16.0
106 118 57.0
106 141 7.0
106 168 22.0
106 178 15.0
106 193 4.0
107 11 39.0
107 36 42.0
107 39 97.0
107 55 98.0
107 73 69.0
107 125 87.0
107 138 95.0
107 156 98.0
107 181 55.0
107 7 49.0
107 91 50.0
107 145 92.0
108 42 98.0
108 46 32.0
108 87 6.0
108 110 16.0
108 122 82.0
108 179 63.0
108 198 71.0
108 20 59.0
108 22 25.0
108 33 18.0
108 34 89.0
108 50 84.0
108 189 12.0
109 44 77.0
109 64 3.0
109 65 83.0
109 127 65.0
109 157 85.0
109 173 13.0
109 192 15.0
109 199 32.0
110 19 77.0
110 29 42.0
110 42 68.0
110 46 19.0
110 63 88.0
110 75 98.0
110 87 45.0
110 108 55.0
110 118 61.0
110 122 46.0
110 141 7.0
110 178 56.0
110 179 30.0
110 188 49.0
110 194 88.0
110 198 83.0
110 34 23.0
111 8 42.0
111 62 96.0
111 92 25.0
111 99 97.0
111 135 27.0
111 147 63.0
111 150 69.0
111 159 31.0
111 166 71.0
111 200 79.0
112 24 72.0
112 191 80.0
113 19 91.0
113 42 58.0
113 44 68.0
113 46 72.0
113 63 66.0
113 64 93.0
113 72 46.0
113 75 7.0
113 87 44.0
113 100 87.0
113 127 82.0
113 129 40.0
113 153 14.0
113 157 66.0
113 179 44.0
113 192 47.0
113 194 11.0
114 45 4.0
114 57 40.0
114 85 2.0
114 126 56.0
114 155 91.0
114 183 9.0
114 195 67.0
115 11 59.0
115 27 4.0
115 38 63.0
115 123 58.0
115 138 53.0
115 172 59.0
115 4 2.0
115 8 21.0
115 91 49.0
115 134 31.0
115 145 28.0
115 147 82.0
115 150 81.0
115 160 30.0
115 196 84.0
116 10 28.0
116 26 53.0
116 60 62.0
116 130 1.0
116 151 17.0
116 154 51.0
116 174 92.0
116 23 13.0
116 41 68.0
116 43 84.0
116 78 33.0
116 98 16.0
116 180 41.0
117 18 80.0
117 53 23.0
117 102 2.0
117 131 85.0
117 167 37.0
117 177 31.0
117 182 35.0
117 190 57.0
118 31 48.0
118 81 39.0
118 83 27.0
118 137 92.0
118 171 26.0
118 184 87.0
118 12 87.0
118 29 51.0
118 37 99.0
118 42 37.0
118 63 81.0
118 67 13.0
118 70 61.0
118 77 11.0
118 106 88.0
118 110 22.0
118 122 5.0
118 141 28.0
118 178 75.0
118 188 1.0
118 193 15.0
118 198 60.0
118 34 93.0
118 140 92.0
119 96 79.0
119 136 25.0
119 148 69.0
119 20 31.0
119 33 54.0
119 47 70.0
119 165 30.0
120 122 45.0
120 188 10.0
120 198 51.0
120 2 81.0
120 6 39.0
120 22 52.0
120 28 36.0
120 34 94.0
120 79 37.0
120 84 54.0
120 92 60.0
120 134 88.0
120 135 64.0
120 140 8.0
120 147 50.0
120 150 47.0
120 159 96.0
120 164 16.0
120 166 97.0
120 189 28.0
120 196 29.0
120 200 17.0
121 58 49.0
121 96 12.0
121 129 9.0
121 136 92.0
121 148 35.0
121 153 77.0
122 42 33.0
122 46 93.0
122 108 84.0
122 110 60.0
122 118 23.0
122 188 59.0
122 198 67.0
122 6 37.0
122 22 77.0
122 34 31.0
122 50 60.0
122 79 65.0
122 84 67.0
122 120 45.0
122 140 51.0
122 189 73.0
123 1 30.0
123 5 38.0
123 11 83.0
123 27 28.0
123 38 32.0
123 39 95.0
123 55 13.0
123 61 97.0
123 97 89.0
123 128 9.0
123 138 18.0
123 156 21.0
123 172 64.0
123 115 44.0
124 14 74.0
124 35 60.0
124 99 35.0
124 139 3.0
125 3 45.0
125 36 4.0
125 39 84.0
125 55 24.0
125 61 63.0
125 66 14.0
125 73 42.0
125 156 41.0
125 181 69.0
125 185 9.0
125 7 23.0
125 107 4.0
126 16 96.0
126 45 64.0
126 57 17.0
126 76 46.0
126 85 24.0
126 114 86.0
126 146 28.0
126 155 26.0
126 183 80.0
126 195 5.0
127 19 76.0
127 44 82.0
127 58 58.0
127 63 71.0
127 64 94.0
127 72 71.0
127 75 43.0
127 87 25.0
127 109 71.0
127 113 84.0
127 129 22.0
127 153 15.0
127 157 33.0
127 179 94.0
127 192 92.0
127 194 12.0
128 1 43.0
128 5 61.0
128 15 69.0
128 16 71.0
128 23 39.0
128 41 87.0
128 97 91.0
128 98 6.0
128 123 42.0
128 146 27.0
128 162 49.0
128 172 61.0
128 180 77.0
128 187 80.0
129 19 56.0
129 58 67.0
129 75 65.0
129 87 92.0
129 96 63.0
129 113 27.0
129 121 69.0
129 127 84.0
129 136 47.0
129 148 78.0
129 153 82.0
129 179 21.0
129 194 96.0
129 20 67.0
130 10 32.0
130 26 19.0
130 60 3.0
130 149 69.0
130 151 58.0
130 154 25.0
130 23 57.0
130 78 14.0
130 116 38.0
130 180 2.0
131 18 19.0
131 53 53.0
131 102 99.0
131 117 63.0
131 167 82.0
131 177 79.0
131 182 84.0
131 190 81.0
132 21 9.0
132 88 15.0
132 104 65.0
132 105 72.0
132 139 92.0
132 144 94.0
132 169 78.0
132 175 42.0
132 186 52.0
133 13 77.0
133 32 41.0
133 48 24.0
133 51 8.0
133 69 24.0
133 95 80.0
133 103 9.0
133 142 55.0
134 2 44.0
134 27 50.0
134 56 98.0
134 143 49.0
134 4 9.0
134 6 83.0
134 8 38.0
134 28 68.0
134 79 84.0
134 84 58.0
134 92 35.0
134 115 92.0
134 120 86.0
134 140 94.0
134 147 67.0
134 150 12.0
134 159 35.0
134 160 99.0
134 164 73.0
134 196 53.0
134 200 91.0
135 6 52.0
135 20 61.0
135 22 54.0
135 33 7.0
135 50 16.0
135 54 99.0
135 62 14.0
135 86 27.0
135 92 13.0
135 111 80.0
135 120 95.0
135 166 20.0
135 189 99.0
135 200 84.0
136 87 23.0
136 96 61.0
136 121 61.0
136 129 45.0
136 148 68.0
136 153 39.0
136 20 81.0
136 47 53.0
136 119 25.0
136 165 99.0
137 31 58.0
137 49 94.0
137 52 71.0
137 80 44.0
137 81 3.0
137 83 30.0
137 93 12.0
137 94 26.0
137 149 9.0
137 161 48.0
137 171 83.0
137 184 75.0
137 197 53.0
137 12 51.0
137 29 85.0
137 37 13.0
137 67 18.0
137 70 14.0
137 77 23.0
137 89 45.0
137 106 77.0
137 118 48.0
137 141 91.0
137 178 61.0
137 188 83.0
137 193 24.0
138 11 54.0
138 27 81.0
138 36 74.0
138 38 17.0
138 39 56.0
138 55 87.0
138 61 17.0
138 73 66.0
138 123 61.0
138 156 81.0
138 172 51.0
138 181 50.0
138 4 29.0
138 91 9.0
138 107 12.0
138 115 50.0
138 145 27.0
139 99 51.0
139 104 85.0
139 105 98.0
139 124 22.0
139 132 59.0
139 175 92.0
139 186 44.0
140 12 5.0
140 67 80.0
140 118 29.0
140 122 71.0
140 188 3.0
140 198 50.0
140 2 19.0
140 74 43.0
140 6 57.0
140 28 91.0
140 34 55.0
140 79 1.0
140 84 69.0
140 92 76.0
140 120 17.0
140 134 74.0
140 147 98.0
140 159 30.0
140 164 13.0
141 80 33.0
141 81 18.0
141 83 91.0
141 94 73.0
141 137 42.0
141 171 83.0
141 184 3.0
141 12 61.0
141 29 21.0
141 37 92.0
141 42 45.0
141 46 16.0
141 63 67.0
141 67 6.0
141 70 91.0
141 77 90.0
141 89 28.0
141 100 58.0
141 106 28.0
141 110 49.0
141 118 83.0
141 178 9.0
141 188 76.0
141 193 46.0
141 198 60.0
141 34 59.0
142 30 73.0
142 48 42.0
142 51 83.0
142 69 34.0
142 90 61.0
142 102 27.0
142 103 6.0
142 133 33.0
142 177 25.0
143 1 66.0
143 2 31.0
143 5 33.0
143 9 84.0
143 56 12.0
143 68 36.0
143 74 1.0
143 98 49.0
143 172 42.0
143 28 86.0
143 134 43.0
143 164 48.0
144 54 29.0
144 62 90.0
144 86 64.0
144 88 69.0
144 104 48.0
144 132 8.0
144 169 90.0
144 186 8.0
145 11 2.0
145 27 70.0
145 55 62.0
145 73 30.0
145 138 77.0
145 156 21.0
145 181 74.0
145 4 4.0
145 7 5.0
145 8 91.0
145 14 74.0
145 35 44.0
145 91 65.0
145 107 81.0
145 115 44.0
146 15 31.0
146 16 23.0
146 71 88.0
146 76 78.0
146 97 62.0
146 126 33.0
146 128 64.0
146 155 71.0
146 162 63.0
146 183 5.0
146 187 55.0
146 195 2.0
147 2 71.0
147 4 87.0
147 6 51.0
147 8 86.0
147 22 90.0
147 28 47.0
147 79 79.0
147 84 9.0
147 92 14.0
147 111 94.0
147 115 10.0
147 120 23.0
147 134 42.0
147 140 55.0
147 150 99.0
147 159 26.0
147 160 80.0
147 164 22.0
147 166 81.0
147 196 93.0
147 200 87.0
148 96 54.0
148 121 77.0
148 129 97.0
148 136 32.0
148 20 1.0
148 47 19.0
148 119 88.0
148 165 45.0
149 10 64.0
149 31 96.0
149 49 22.0
149 52 35.0
149 60 66.0
149 81 44.0
149 83 79.0
149 90 48.0
149 94 55.0
149 130 99.0
149 137 99.0
149 151 17.0
149 154 64.0
149 171 13.0
149 184 53.0
150 4 31.0
150 6 37.0
150 8 38.0
150 14 15.0
150 79 97.0
150 84 46.0
150 92 13.0
150 111 18.0
150 115 58.0
150 120 64.0
150 134 3.0
150 147 18.0
150 159 27.0
150 160 82.0
150 166 29.0
150 196 64.0
150 200 84.0
151 10 51.0
151 26 43.0
151 49 73.0
151 52 51.0
151 60 66.0
151 90 52.0
151 130 57.0
151 149 35.0
151 154 39.0
151 78 8.0
151 116 16.0
152 44 85.0
152 158 93.0
152 170 12.0
152 173 98.0
153 44 47.0
153 58 41.0
153 87 56.0
153 96 97.0
153 113 50.0
153 121 37.0
153 127 65.0
153 129 93.0
153 136 84.0
153 194 74.0
154 10 32.0
154 26 45.0
154 49 32.0
154 60 42.0
154 90 75.0
154 130 3.0
154 149 58.0
154 151 49.0
154 78 82.0
154 116 47.0
155 15 35.0
155 16 32.0
155 71 44.0
155 76 55.0
155 85 81.0
155 114 71.0
155 126 87.0
155 146 40.0
155 162 70.0
155 183 83.0
155 187 2.0
155 195 74.0
156 3 52.0
156 11 84.0
156 36 12.0
156 38 67.0
156 39 73.0
156 55 13.0
156 66 64.0
156 73 32.0
156 123 47.0
156 125 48.0
156 138 99.0
156 181 29.0
156 7 60.0
156 91 92.0
156 107 3.0
156 145 18.0
157 19 63.0
157 44 44.0
157 63 87.0
157 64 48.0
157 72 67.0
157 75 77.0
157 100 90.0
157 109 18.0
157 113 48.0
157 127 35.0
157 168 83.0
157 179 15.0
157 192 10.0
157 194 19.0
157 199 22.0
158 152 24.0
158 170 92.0
158 173 43.0
159 4 57.0
159 6 88.0
159 8 87.0
159 22 87.0
159 28 26.0
159 79 6.0
159 84 89.0
159 92 4.0
159 111 33.0
159 120 74.0
159 134 3.0
159 140 43.0
159 147 5.0
159 150 44.0
159 160 77.0
159 164 13.0
159 166 70.0
159 196 92.0
159 200 70.0
160 2 14.0
160 11 74.0
160 27 86.0
160 56 25.0
160 4 89.0
160 8 86.0
160 79 20.0
160 84 35.0
160 115 79.0
160 134 1.0
160 147 81.0
160 150 21.0
160 159 2.0
160 164 58.0
160 196 62.0
160 200 40.0
161 31 60.0
161 48 40.0
161 49 4.0
161 51 70.0
161 52 42.0
161 80 91.0
161 81 85.0
161 93 87.0
161 94 76.0
161 137 38.0
161 171 68.0
161 184 35.0
161 197 42.0
161 25 59.0
161 70 32.0
161 77 3.0
161 89 8.0
161 106 42.0
161 193 13.0
162 1 36.0
162 5 67.0
162 15 44.0
162 16 75.0
162 41 95.0
162 71 74.0
162 76 31.0
162 97 73.0
162 128 33.0
162 146 31.0
162 155 31.0
162 163 2.0
162 180 59.0
162 187 34.0
162 195 73.0
163 174 99.0
163 43 43.0
163 71 8.0
163 162 41.0
163 180 32.0
163 187 73.0
164 12 46.0
164 188 58.0
164 2 84.0
164 56 40.0
164 68 63.0
164 74 2.0
164 143 1.0
164 6 88.0
164 28 57.0
164 34 66.0
164 79 95.0
164 84 83.0
164 92 99.0
164 120 91.0
164 134 71.0
164 140 17.0
164 147 6.0
164 159 73.0
164 160 32.0
164 196 49.0
164 200 89.0
165 96 11.0
165 136 52.0
165 148 49.0
165 20 54.0
165 33 5.0
165 47 58.0
165 119 51.0
166 6 75.0
166 22 52.0
166 50 37.0
166 54 71.0
166 62 98.0
166 79 84.0
166 84 77.0
166 92 97.0
166 111 20.0
166 120 92.0
166 135 83.0
166 147 60.0
166 150 1.0
166 159 43.0
166 189 46.0
166 200 12.0
167 18 52.0
167 53 16.0
167 102 20.0
167 117 77.0
167 131 54.0
167 177 75.0
167 182 44.0
167 190 97.0
168 17 53.0
168 25 42.0
168 37 19.0
168 40 90.0
168 64 84.0
168 65 76.0
168 89 57.0
168 100 57.0
168 106 52.0
168 157 23.0
168 192 96.0
168 199 80.0
169 21 26.0
169 88 84.0
169 104 26.0
169 105 70.0
169 132 55.0
169 144 27.0
169 175 22.0
169 186 33.0
170 152 45.0
170 158 9.0
170 173 72.0
171 31 91.0
171 49 9.0
171 52 34.0
171 80 35.0
171 81 17.0
171 83 90.0
171 93 27.0
171 94 18.0
171 137 44.0
171 149 62.0
171 161 89.0
171 184 29.0
171 197 83.0
171 12 89.0
171 29 78.0
171 67 42.0
171 70 97.0
171 77 15.0
171 106 18.0
171 118 19.0
171 141 59.0
171 178 37.0
171 188 86.0
171 193 40.0
171 68 60.0
171 74 29.0
172 1 78.0
172 5 26.0
172 9 5.0
172 11 23.0
172 15 83.0
172 27 96.0
172 38 39.0
172 41 54.0
172 56 5.0
172 97 37.0
172 98 58.0
172 123 11.0
172 128 32.0
172 138 77.0
172 143 32.0
172 115 4.0
173 44 84.0
173 109 17.0
173 152 4.0
173 158 62.0
173 170 54.0
174 24 94.0
174 26 51.0
174 60 67.0
174 43 50.0
174 71 92.0
174 78 16.0
174 116 56.0
174 163 17.0
174 180 13.0
175 21 18.0
175 104 55.0
175 105 1.0
175 132 31.0
175 139 77.0
175 169 69.0
175 186 38.0
176 45 89.0
176 57 52.0
176 76 6.0
176 85 66.0
176 101 78.0
176 183 71.0
176 185 1.0
177 18 5.0
177 30 80.0
177 53 51.0
177 102 12.0
177 117 85.0
177 131 33.0
177 142 90.0
177 167 58.0
177 182 28.0
177 191 40.0
178 31 49.0
178 80 24.0
178 81 69.0
178 83 73.0
178 93 23.0
178 94 49.0
178 137 65.0
178 171 5.0
178 184 75.0
178 197 66.0
178 12 55.0
178 29 64.0
178 37 7.0
178 42 30.0
178 63 92.0
178 67 36.0
178 70 72.0
178 77 53.0
178 89 87.0
178 100 1.0
178 106 47.0
178 110 18.0
178 118 4.0
178 141 66.0
178 188 39.0
178 193 89.0
179 19 71.0
179 29 81.0
179 37 57.0
179 42 71.0
179 46 65.0
179 63 70.0
179 72 94.0
179 75 17.0
179 87 86.0
179 100 7.0
179 108 64.0
179 110 71.0
179 113 66.0
179 127 50.0
179 129 2.0
179 157 5.0
179 192 65.0
179 194 43.0
179 198 71.0
180 10 90.0
180 26 28.0
180 130 22.0
180 174 78.0
180 5 29.0
180 23 59.0
180 41 10.0
180 43 1.0
180 78 8.0
180 98 71.0
180 116 23.0
180 128 92.0
180 162 71.0
180 163 55.0
180 187 75.0
181 11 27.0
181 36 18.0
181 38 52.0
181 39 91.0
181 55 17.0
181 73 31.0
181 125 24.0
181 138 62.0
181 156 95.0
181 7 42.0
181 91 16.0
181 107 88.0
181 145 85.0
182 18 37.0
182 53 95.0
182 102 98.0
182 117 77.0
182 131 32.0
182 167 35.0
182 177 45.0
182 190 95.0
183 45 9.0
183 57 98.0
183 76 82.0
183 85 4.0
183 114 37.0
183 126 15.0
183 146 79.0
183 155 21.0
183 176 91.0
183 195 25.0
184 31 27.0
184 49 92.0
184 52 61.0
184 80 99.0
184 81 5.0
184 83 48.0
184 93 59.0
184 94 80.0
184 137 5.0
184 149 42.0
184 161 39.0
184 171 9.0
184 197 20.0
184 12 46.0
184 29 90.0
184 37 49.0
184 67 25.0
184 70 75.0
184 77 9.0
184 89 80.0
184 106 57.0
184 118 36.0
184 141 28.0
184 178 88.0
184 188 93.0
184 193 38.0
184 74 55.0
185 3 6.0
185 61 28.0
185 66 10.0
185 101 87.0
185 125 10.0
185 176 51.0
186 21 1.0
186 54 51.0
186 88 77.0
186 104 3.0
186 105 22.0
186 132 91.0
186 139 31.0
186 144 82.0
186 169 14.0
186 175 31.0
187 15 96.0
187 16 90.0
187 41 62.0
187 43 23.0
187 71 1.0
187 97 46.0
187 128 14.0
187 146 59.0
187 155 99.0
187 162 24.0
187 163 63.0
187 180 29.0
187 195 28.0
188 81 70.0
188 83 75.0
188 137 82.0
188 171 1.0
188 184 69.0
188 12 19.0
188 29 31.0
188 42 68.0
188 67 7.0
188 110 65.0
188 118 93.0
188 122 68.0
188 141 97.0
188 178 3.0
188 198 18.0
188 68 50.0
188 74 45.0
188 28 44.0
188 34 19.0
188 84 80.0
188 120 94.0
188 140 29.0
188 164 7.0
189 108 49.0
189 122 17.0
189 198 7.0
189 6 28.0
189 20 18.0
189 22 16.0
189 33 80.0
189 47 31.0
189 50 26.0
189 79 68.0
189 84 80.0
189 92 21.0
189 120 94.0
189 135 77.0
189 166 2.0
189 200 77.0
190 53 6.0
190 117 53.0
190 131 5.0
190 167 39.0
190 182 49.0
191 18 67.0
191 24 36.0
191 102 61.0
191 112 56.0
191 177 82.0
192 19 61.0
192 37 14.0
192 63 18.0
192 64 11.0
192 72 43.0
192 75 47.0
192 100 91.0
192 109 47.0
192 113 37.0
192 127 28.0
192 157 88.0
192 168 16.0
192 179 43.0
192 194 30.0
192 199 4.0
193 31 79.0
193 48 41.0
193 49 89.0
193 52 94.0
193 80 96.0
193 81 51.0
193 93 41.0
193 94 13.0
193 137 34.0
193 161 96.0
193 171 7.0
193 184 95.0
193 197 37.0
193 25 23.0
193 29 41.0
193 37 83.0
193 70 94.0
193 77 76.0
193 89 32.0
193 100 64.0
193 106 54.0
193 118 12.0
193 141 20.0
193 178 29.0
194 19 45.0
194 42 76.0
194 44 18.0
194 46 69.0
194 63 63.0
194 64 98.0
194 72 14.0
194 75 32.0
194 87 58.0
194 100 24.0
194 110 85.0
194 113 19.0
194 127 60.0
194 129 68.0
194 153 1.0
194 157 35.0
194 179 90.0
194 192 67.0
195 16 21.0
195 45 16.0
195 76 76.0
195 85 25.0
195 114 52.0
195 126 78.0
195 146 78.0
195 155 5.0
195 162 26.0
195 183 33.0
195 187 62.0
196 2 80.0
196 27 38.0
196 4 94.0
196 6 90.0
196 8 34.0
196 79 7.0
196 84 9.0
196 92 14.0
196 115 53.0
196 120 10.0
196 134 88.0
196 147 74.0
196 150 50.0
196 159 75.0
196 160 24.0
196 164 35.0
196 200 57.0
197 31 24.0
197 48 55.0
197 49 92.0
197 52 4.0
197 80 82.0
197 81 6.0
197 93 23.0
197 94 84.0
197 137 74.0
197 161 21.0
197 171 46.0
197 184 3.0
197 25 25.0
197 37 83.0
197 70 1.0
197 77 91.0
197 89 39.0
197 106 5.0
197 178 35.0
197 193 32.0
198 42 84.0
198 46 67.0
198 108 27.0
198 110 53.0
198 118 58.0
198 122 44.0
198 141 93.0
198 179 5.0
198 188 97.0
198 6 48.0
198 22 91.0
198 34 49.0
198 84 22.0
198 120 18.0
198 140 2.0
198 189 84.0
199 17 61.0
199 25 28.0
199 40 38.0
199 64 85.0
199 65 7.0
199 109 73.0
199 157 67.0
199 168 38.0
199 192 16.0
200 6 32.0
200 8 91.0
200 22 71.0
200 79 98.0
200 84 39.0
200 92 21.0
200 111 97.0
200 120 79.0
200 134 63.0
200 135 82.0
200 147 6.0
200 150 6.0
200 159 68.0
200 160 78.0
200 164 61.0
200 166 9.0
200 189 94.0
200 196 96.0
