35.096906831239096 73.93188725878713 0.0
195.7286845993154 32.650021722679966 0.0
34.20318097781128 6.915898181078783 0.0
46.720658995560704 60.711837686821625 0.0
163.09070967573086 70.33835151609888 0.0
89.05316701419818 185.7563442154961 0.0
81.23852059944471 195.09107093280932 0.0
117.05131306551341 177.48662133834415 0.0
87.42217840573514 19.753107130349747 0.0
65.81455555633151 170.42448515650446 0.0
45.410398335303384 9.576032235464549 0.0
144.48101356969812 150.7944259833788 0.0
167.14477591416508 167.93308221725857 0.0
85.71815503038249 186.72896431138463 0.0
147.50048458328558 111.13671348761886 0.0
172.04170935524277 105.61010883444118 0.0
116.79622264339964 44.91195749246653 0.0
174.75983933279 117.8694551334381 0.0
105.54189889883632 54.44569399016086 0.0
172.7851180720965 88.3272208724909 0.0
0.4828487240230217 99.81481953443026 0.0
6.251939269219586 164.15838207365854 0.0
111.8198553859058 194.7291551417878 0.0
63.82251596760427 82.83180787770277 0.0
68.55428054533425 38.907637413570995 0.0
2.759771893386964 103.87622194442258 0.0
12.22822899202789 73.03925793071649 0.0
57.290823195685526 135.0845032434928 0.0
168.89971460980257 130.1629184509996 0.0
3.480077071676435 56.7757304308764 0.0
45.013324244428745 168.43331922996927 0.0
17.776189622812243 86.99218917470068 0.0
114.89702034777274 187.6226671570807 0.0
191.59258003932362 76.01631856938444 0.0
145.9361406300631 155.3409217498398 0.0
145.7263494429162 70.3504380507779 0.0
42.04593815564137 198.8399956625757 0.0
26.115944162473447 144.30988820396652 0.0
76.88429247685175 54.400292921762514 0.0
156.38301365841357 161.63802396592837 0.0
35.31657410067292 8.680576747852387 0.0
172.79941164803648 0.05932590811521532 0.0
84.96492373261664 115.04517548404142 0.0
173.7655076447167 48.444717717166874 0.0
159.24452759113373 122.76522072767624 0.0
78.5812757162493 69.27092414978524 0.0
49.10982467281912 118.12341626518518 0.0
9.236963088555283 8.31364482142889 0.0
72.80380428108137 143.83480753020632 0.0
84.14553711215791 29.021975380546007 0.0
121.22398811558612 36.82855106960075 0.0
144.18422234364576 150.77944218443957 0.0
61.08884305790681 4.318844796897481 0.0
19.107964466852746 178.2647944156439 0.0
118.90888519081875 44.22564047359858 0.0
186.34283154925632 123.38345872980439 0.0
165.8368466348697 8.388878871584126 0.0
74.36275194224886 41.74844011793994 0.0
176.79170867268155 105.65257334170137 0.0
19.29824926276702 132.44725796277083 0.0
146.82172820544673 146.77801609440155 0.0
196.12113821150336 82.83929787515328 0.0
13.49179090657695 44.278124163646936 0.0
114.69459479770978 179.38569310909804 0.0
56.150859211385566 197.6478155414914 0.0
96.17308633154893 51.021923523479 0.0
21.25550841489623 18.098000393587288 0.0
126.68217775732747 63.34074276802588 0.0
57.49591727023857 176.78379125463738 0.0
22.90344965459541 139.86124911224985 0.0
35.29090554462548 196.65010181688172 0.0
138.1350301371252 150.91742689361237 0.0
172.289065507869 150.40079553259045 0.0
87.59370694380186 181.20748410748436 0.0
89.83320768006651 75.73031008237156 0.0
178.16969887773072 163.80302829633422 0.0
84.91569528647844 73.8394602334692 0.0
190.54063968590614 151.42495697025535 0.0
117.97263072733739 118.38997529123895 0.0
80.4965872967619 85.05083070074203 0.0
188.93503062887325 169.4350853791678 0.0
41.52312864333052 115.4261070280831 0.0
2.2755873584549446 60.49641629022069 0.0
2.1350511269538686 134.80970136907771 0.0
106.35978609638386 6.8400551536094145 0.0
19.14834578100222 184.29190882818955 0.0
33.230608804812434 69.137659674808 0.0
172.02350927703816 16.280683133046068 0.0
162.026180891503 99.08118995728725 0.0
63.60862142841977 112.26000296581202 0.0
82.55025405120895 192.15265517404967 0.0
89.05581825599364 82.68192831399584 0.0
145.0855113734695 77.63315782329813 0.0
47.380154033727685 8.861703817703193 0.0
48.36018067898 187.06822371502702 0.0
39.075192728902806 126.00313788358643 0.0
139.6485773072829 159.7892838218537 0.0
118.39490942555501 91.98921926877668 0.0
179.30671030414658 67.72401309152163 0.0
50.35687197120209 138.33084877600857 0.0
56.614180425653494 71.61094483346726 0.0
160.21690227135488 57.67427521376711 0.0
134.61409415157092 156.86668922273827 0.0
57.11081915990781 46.525728233486575 0.0
148.71294443077238 39.73686000559429 0.0
163.75410084975587 92.35943372826401 0.0
87.12270293255946 82.99459769346802 0.0
90.5356666796513 71.03319872462083 0.0
40.797748031096944 115.33345980257738 0.0
155.03725362390702 3.4433200427304467 0.0
26.33948514770006 9.734178695850805 0.0
166.95521673384684 9.608613412059363 0.0
57.41194712434605 143.46765439448578 0.0
173.59685042112068 193.88103678305262 0.0
68.53180920389772 36.029374534471145 0.0
192.5686851068519 196.73820587127673 0.0
79.66672093526745 141.18317684411983 0.0
45.9694794528922 56.62099998274122 0.0
30.896076680763084 155.4252487399525 0.0
54.34597799593366 139.53711897356814 0.0
13.458716729256338 97.56182332788661 0.0
148.86481831257507 14.65944701812425 0.0
176.83225938822068 12.72714088940301 0.0
116.59922403157212 80.90572024375999 0.0
1.0592966179487462 59.05078224109448 0.0
6.524536576067108 82.49389120478743 0.0
89.35564473247967 146.3165001829561 0.0
192.761840974101 190.72546539237644 0.0
158.10661025170026 13.337340150702204 0.0
16.804331751509416 74.75670317114422 0.0
79.67705379094213 54.404759127661784 0.0
111.90636069533268 135.87559034845395 0.0
68.03176264240349 135.0522026396694 0.0
50.510362792308804 37.810184644474965 0.0
187.98273465680566 73.50642167041046 0.0
49.532287462820214 29.851799615427545 0.0
115.95027259934854 6.582665851880765 0.0
118.52132825145894 130.08425665078843 0.0
83.44526548939307 107.41263623406152 0.0
42.155205684821986 12.768316212899201 0.0
194.05016701750142 77.27691701492535 0.0
151.227436900194 26.938120313264726 0.0
20.496611716436597 94.94650697461341 0.0
155.2284315051315 162.52443569473863 0.0
160.50786924800235 74.32068037819388 0.0
184.81752831976272 175.82706738492928 0.0
58.39466437376946 154.78143308509695 0.0
23.92840503432867 87.91691821388812 0.0
83.9631895373555 128.5674913139242 0.0
98.94558383877623 77.55570780323346 0.0
1.114491945502949 195.6036087646223 0.0
136.33513101765956 4.479386456295598 0.0
155.58463984010544 28.60382544947011 0.0
100.3078778743367 19.398918062061888 0.0
164.59552689189744 29.900079476506324 0.0
78.53886919644985 143.8300798056251 0.0
0.7563198967106999 66.3303581278433 0.0
196.662032401142 135.87164804873936 0.0
128.37598926346328 79.6535154261175 0.0
11.204350870820502 197.3091072291947 0.0
172.41766393663534 187.34054083166848 0.0
155.8192111957287 122.92897805840872 0.0
78.64574027629321 12.224965262029208 0.0
97.12377507467438 144.68653285551378 0.0
58.087233803608115 9.37786970538157 0.0
94.14071807016443 181.37754426184313 0.0
199.74884887565335 94.70584182820274 0.0
49.28979977596229 68.72250974955942 0.0
82.60188213574058 122.15292105210153 0.0
89.0702104103776 15.279651323373722 0.0
21.167131218059442 105.02043724346197 0.0
19.0198217463319 6.360690057919638 0.0
138.60245798640867 131.80158705453496 0.0
60.2328533281971 161.1313439269568 0.0
77.01587904363988 88.06011631796756 0.0
93.66277988467753 137.3362238874907 0.0
26.797385969169852 163.26562086901447 0.0
13.632567627760949 173.59561136579802 0.0
85.08305624052204 95.13053773701785 0.0
123.41969964277253 60.979519955559766 0.0
138.03527492134336 183.87681854378567 0.0
193.47871328664343 43.572046127389655 0.0
102.44319298408828 94.99311907710948 0.0
46.80930721481737 161.99709974647018 0.0
59.217924422427814 161.4260467484235 0.0
136.17340784596024 74.38415894158415 0.0
164.67724334179346 94.78195352355294 0.0
134.30985216293115 116.01070182142263 0.0
35.084853869545874 119.99841247305429 0.0
70.99070965109146 91.86563993112212 0.0
165.72965509789933 159.07751207375057 0.0
19.708504393322436 35.63598440788716 0.0
67.90069711411616 6.855758352290864 0.0
161.97899795761705 114.1267698223541 0.0
185.4338774556827 65.4182780006703 0.0
38.68946862551561 7.881996326224661 0.0
87.07667229856027 133.64779914406557 0.0
135.617688947021 56.782296187547885 0.0
121.73760454530505 184.53167567282964 0.0
44.192183759484635 23.652715206160234 0.0
70.75737005946617 5.2331172909400925 0.0
88.759656919662 99.421929502689 0.0
134.65893718153217 23.5654568966001 0.0
118.07072197086414 150.13188414546818 0.0
51.40414871216925 199.39127199931585 0.0
121.39049225898621 189.10482614623044 0.0
59.00480401285968 120.60082492076008 0.0
48.58575642920626 46.83238764898281 0.0
187.40634829073392 10.707244234471913 0.0
88.73594904320257 6.65919971165394 0.0
192.88278129286545 28.728550166190004 0.0
93.26027058398103 176.0914471741261 0.0
132.75156288446567 21.909542102312287 0.0
17.248757111763744 171.56838156569938 0.0
119.0376688066217 177.9693414293599 0.0
196.6303138382964 108.7928547693248 0.0
186.78630384434157 15.943139841917354 0.0
179.00610526927358 111.2245480210466 0.0
66.04399247542668 53.31968042890387 0.0
82.4219929463125 176.0975117204634 0.0
156.0981815417802 92.05853168641356 0.0
69.04898384520874 70.33138290124185 0.0
166.38572411746324 177.204402815441 0.0
89.6860203456036 167.96350708302222 0.0
110.55096358511354 99.19814385171432 0.0
180.1947126635857 186.23690925793102 0.0
18.454461903333975 34.61727672730497 0.0
72.42098938893324 29.237022386556767 0.0
65.50368336978083 149.96139336122653 0.0
119.8538322101474 5.97773964668169 0.0
9.497306849783849 129.23081581874163 0.0
132.21672003843705 154.0952601362652 0.0
72.24511067400765 28.42956395038565 0.0
63.382643818065446 70.81601895459175 0.0
106.54571912369535 8.756561451960021 0.0
3.4488256151699037 129.62268984887965 0.0
48.67478350796428 155.13182501201698 0.0
188.502679477745 44.05027491329583 0.0
72.35654032583496 147.83713803482127 0.0
160.5558247955018 29.301831599370875 0.0
132.26188163572772 22.43360703975359 0.0
185.31824553069617 107.8814696620766 0.0
113.3965355618936 26.751258081021987 0.0
166.93002544324162 7.199863365121062 0.0
187.313166310016 63.62859545551514 0.0
186.46343559200082 5.115445142950836 0.0
16.901556533681237 194.21300630653113 0.0
34.95340761142545 193.63224085161556 0.0
148.5812830302958 169.0155577683943 0.0
111.90974653052533 151.48306314301755 0.0
84.0417524737079 152.54658082925252 0.0
16.709805318337658 143.08466824037313 0.0
133.2446086508653 112.24134194687724 0.0
72.96559003339618 94.35927001884103 0.0
16.22392866589546 153.5177745920726 0.0
94.90458611949609 135.17457129026172 0.0
103.2899590210222 0.1911700546614492 0.0
129.9989691844561 43.66234370478903 0.0
161.56237357740756 43.103465973348975 0.0
93.523096787731 79.43339782187486 0.0
110.32938169728665 109.70761122559685 0.0
148.41452466636585 50.71454260928559 0.0
178.54941378676722 143.48033166954124 0.0
177.75914415854598 24.690978972502187 0.0
4.882238151079976 124.41935653789788 0.0
147.41624832827625 60.84545125380218 0.0
23.956897033843738 10.514046343691952 0.0
162.74475114068457 123.84314363103432 0.0
142.15392667169888 34.96115453117825 0.0
186.0870672386194 115.51925566959152 0.0
21.999899829780944 155.03023129829074 0.0
100.61239883456277 154.78395504090255 0.0
66.34238631299351 15.866082080519694 0.0
81.31660341552367 29.7671793319944 0.0
21.793900185584427 66.14837941332638 0.0
65.4210677741801 148.2836740635427 0.0
5.5037226527754335 42.41145125659869 0.0
102.10829596312499 120.70633499906612 0.0
100.13662696082051 124.960029038873 0.0
105.47730562644706 123.59383448176067 0.0
59.00813594649949 60.69954923782377 0.0
34.79718633593008 12.926296250042402 0.0
116.64589940683427 46.83242153359546 0.0
182.58251962460065 182.56057804885683 0.0
9.617455191342895 174.25451935408762 0.0
63.70959965310383 196.524550213076 0.0
78.28464605419812 140.61889874724324 0.0
167.73784772951586 63.02756164719654 0.0
142.2154780537345 160.41660267982925 0.0
161.79595870984377 63.57213378764752 0.0
120.30440608798496 123.05727066816901 0.0
12.837751661288133 102.30965131730929 0.0
101.22241868634188 79.81495735892645 0.0
135.76799191991964 198.79072660979105 0.0
160.63852471231948 76.63747360893458 0.0
67.883651522224 11.518684228765984 0.0
68.72467083814988 192.20039875875202 0.0
120.27160908944403 150.22238236613202 0.0
134.7762934937374 189.2196344120993 0.0
163.24883009023432 111.52251782426434 0.0
195.35115699119908 41.91921058068857 0.0
165.6266421809596 155.6732029973166 0.0
168.14932616096013 163.68396088703355 0.0
126.52584454737983 131.3186278366626 0.0
65.92752010145053 26.30932681106779 0.0
13.664756260346467 150.71218955089438 0.0
93.06136571631905 35.89355160811025 0.0
53.487725876628176 119.60352656445616 0.0
31.93937056281633 10.300143418305986 0.0
6.196720335055073 34.00651312947227 0.0
167.19280886608786 189.25149015082135 0.0
102.69417835959803 70.31920201067574 0.0
92.83590606658292 0.49716580288594603 0.0
120.6403686081424 15.774462045943661 0.0
100.71119875925383 4.1333869316293015 0.0
33.274063878697646 112.95788354337306 0.0
58.205064821203045 142.0328060402536 0.0
177.34041950487466 125.13733396358462 0.0
149.01889306583195 30.476711376358455 0.0
155.41540580817565 168.4063540541819 0.0
172.8515581168891 151.46450165060853 0.0
113.11144872370372 2.1514561171313007 0.0
78.16923736040744 21.808049270730944 0.0
13.094136102730003 21.11104423766259 0.0
36.80894717033243 149.0014893071667 0.0
65.53527456546367 150.30169328971346 0.0
59.98238080655296 18.989662290521814 0.0
168.57289636411517 8.345190062679464 0.0
102.31707894154256 103.34139776629358 0.0
62.543960895511574 75.2375804481589 0.0
3.892125202566299 121.9664771143582 0.0
108.20109712288432 177.35932035095715 0.0
79.79608311103424 152.39800982236324 0.0
161.81973026532958 185.53341139933727 0.0
82.55490713127259 37.79485578466266 0.0
139.04749396164183 11.196222913730903 0.0
34.84821659714967 113.20131435737464 0.0
134.54301788028627 181.2534844450512 0.0
58.25229682375615 143.23435071568773 0.0
195.89651898961398 73.95180070290048 0.0
8.318792074414706 144.2512564027088 0.0
38.01993062786813 106.10379616500785 0.0
67.1181596733653 50.18364849264625 0.0
128.13965758735142 176.26289341191267 0.0
41.447406837258825 173.60626604992325 0.0
71.72031652110545 88.95137983503068 0.0
168.22181185579123 112.24208914516677 0.0
86.0930865796298 111.80346555196942 0.0
138.14080234731307 155.98797263785093 0.0
161.25777880696074 50.49259898155414 0.0
14.538341323538727 160.67783241874443 0.0
76.27281458153008 65.57031243470848 0.0
146.39851865455168 72.18323720696446 0.0
164.8427998612687 100.85159406967696 0.0
52.8374360614019 8.084080079157907 0.0
5.158619651918861 44.739573328244894 0.0
190.9226486985174 34.024812790725264 0.0
46.74025994616413 3.890188355468438 0.0
109.52187746021835 108.0044958089809 0.0
180.97798178594343 132.8752941148033 0.0
138.9429118141931 108.23185941219337 0.0
12.262618769598843 134.01041662713277 0.0
69.44700344261163 8.809140834075336 0.0
93.0412979301808 18.27129742439071 0.0
31.28832015632046 122.3916039841086 0.0
48.829977867658926 1.2310380000222665 0.0
4.752390095078485 90.102124953723 0.0
138.15963516658445 97.20759810239193 0.0
60.73668567893484 166.36331088595756 0.0
167.62828727893466 70.31916221743353 0.0
160.73697746397698 119.94225683961277 0.0
13.676183088997384 102.9026175151883 0.0
129.6731683682281 152.38592047146275 0.0
90.3969637054866 49.75837893438397 0.0
55.80890168081658 21.157948411635942 0.0
146.6428353619617 60.94244796272732 0.0
69.08922214398383 47.17050786896302 0.0
175.87712849536368 76.33448218339961 0.0
2.5412963273092393 85.03756327839167 0.0
178.6729288652585 21.968434113189026 0.0
50.95305121084659 39.258864193825296 0.0
30.451752012726296 71.12018098962753 0.0
6.865293913144677 120.67656090790264 0.0
176.0015897854176 72.4042854757733 0.0
175.98295264617906 154.929479195227 0.0
97.50894700320126 192.63995240929742 0.0
52.431473985671005 78.2625684019142 0.0
84.28479403378574 174.00398533663832 0.0
68.85472804122593 85.93208291518543 0.0
170.05965728738596 162.99633408152974 0.0
27.171040898507993 134.5797538910192 0.0
197.66847363321884 33.00178020947149 0.0
162.8743894806111 42.332083496702296 0.0
21.14097693954824 92.73888856343714 0.0
199.08792858444258 79.01363491409772 0.0
61.65888821169614 49.645442210033664 0.0
6.147520000704199 93.74609895203479 0.0
196.53636565594908 80.25709928561382 0.0
198.3131496323047 88.33764364524943 0.0
79.3255053280707 48.894095856738296 0.0
171.2763960927107 112.24988575529056 0.0
64.34403868320162 111.47842294737838 0.0
112.4525577009663 28.562703031114054 0.0
140.36766092231855 143.06183299904473 0.0
0.6162189799757911 80.23982481745536 0.0
65.92470611401049 35.65280140223302 0.0
152.25937484283273 72.13099712095816 0.0
42.576248085848746 127.18839694491493 0.0
69.12170379638735 176.52933476327567 0.0
162.7599950550017 43.00481761976896 0.0
194.66260657636968 68.7352775692748 0.0
125.22164732970835 57.91815501876396 0.0
96.81520799248035 103.9613536965957 0.0
123.75273394433503 120.03478834366803 0.0
160.1827067108474 158.04485532060372 0.0
183.89920168054118 116.66860634848307 0.0
92.90771515135192 171.81819231834567 0.0
147.50041315229984 8.250042107023848 0.0
31.76571460062563 162.61964776852463 0.0
186.36345425248226 107.86975289144235 0.0
163.60389577412496 96.3100173029544 0.0
164.07301455363114 42.10761114963893 0.0
172.06704950834288 149.29338420493173 0.0
158.88240245101522 193.05541807539464 0.0
65.62250012230948 132.4231798805319 0.0
10.82651079370185 91.94959930956654 0.0
46.21630247350659 197.3073771044451 0.0
62.64302072964503 111.58797666475499 0.0
37.46333894946907 0.409661941639583 0.0
126.78321352628315 87.71248572599215 0.0
107.09420887573167 61.47597249087961 0.0
129.73930754552975 188.79754595550605 0.0
90.45208485780087 120.19890080559466 0.0
60.11033243978958 49.19159215305227 0.0
50.15311377691827 68.6650228556342 0.0
178.27409800411073 82.31704975513946 0.0
191.5941635230812 117.0131979138999 0.0
133.22786921540444 198.64198415249857 0.0
94.81209386010589 35.86458379177295 0.0
76.10590230923306 67.3942603851811 0.0
20.268974974165268 11.46801580311314 0.0
60.077179921795754 181.4970473758504 0.0
199.45808232196615 48.13710777820324 0.0
172.77200107798333 111.9622107911993 0.0
30.79570075944902 157.43838202979288 0.0
160.0814536694564 70.98598387196886 0.0
167.0841799081804 184.72236757016134 0.0
169.11907700824565 42.249113290282935 0.0
2.901932716132638 40.97264628730568 0.0
63.32929350788299 82.43149198243798 0.0
48.59641351204602 131.58037219959706 0.0
144.17259756692573 149.7090921042704 0.0
112.12639556597081 103.53487048189255 0.0
51.51271146361977 173.00886134964102 0.0
100.82023132380174 68.65351251201702 0.0
108.77623861765717 40.05497200695978 0.0
2.1870005434661444 2.857048833947995 0.0
29.15078181691124 152.7477629911943 0.0
6.237913994629429 70.12922457535157 0.0
105.53256216582324 175.17436019812405 0.0
191.3454590668226 174.68249588643766 0.0
169.63017063767418 182.55794063365298 0.0
111.48824593711946 105.98434381241215 0.0
124.57619790657294 8.710277143606838 0.0
194.79976965353788 8.68152945095073 0.0
130.59381399073862 185.0600996504287 0.0
91.65958599302098 183.09249034656824 0.0
154.71084755190992 66.08759882629668 0.0
195.13575195665535 1.8208236262159172 0.0
183.20898816304305 144.00319830671643 0.0
97.40769500111026 14.175671823255342 0.0
139.44125284405536 169.76654081528068 0.0
142.86892473227658 102.46760213294456 0.0
49.846039852384784 118.04944808718443 0.0
91.92946992681061 52.88138012195105 0.0
57.431459642208814 60.50444510785999 0.0
19.107965689348404 108.5099293806564 0.0
94.69898241750761 44.708196516785456 0.0
134.8239525172101 183.26641739506135 0.0
196.9206009462952 115.40711356277296 0.0
42.371000858494256 32.77441107138277 0.0
161.87927232272773 60.20003650334629 0.0
19.87172190997546 1.9687263582385928 0.0
143.62743736750556 113.55096229035324 0.0
51.58598974310913 199.02244999719392 0.0
5.513946544905912 111.03229326055204 0.0
123.76404363015658 81.34844089706439 0.0
51.67492708305228 49.95719760460147 0.0
147.30641067612055 81.8064090695803 0.0
106.37943060561807 83.06721346847232 0.0
172.81295443883772 51.879448305895 0.0
17.066080176223597 48.6993013139426 0.0
123.17357672062872 153.4668644905378 0.0
119.60221438761052 123.86408074593646 0.0
84.673573511243 192.0726628325259 0.0
23.242287442771325 75.92509301087343 0.0
69.65673140353125 51.552240008625375 0.0
47.957703908274965 84.07649417505266 0.0
92.10983281929789 64.2123033345893 0.0
178.2554724420324 3.5745572994915875 0.0
