196.27334597466313 126.02463789945449 0.0
22.38476436189658 53.56017426896602 0.0
95.96938627337641 156.99244834421745 0.0
109.1269507405346 170.82853144053956 0.0
127.2782849418872 103.09867950756033 0.0
139.47759150855805 139.1148123685018 0.0
130.63452011117954 78.46939224259783 0.0
33.10125186947743 23.652573106569562 0.0
134.79203773459616 171.32324896654225 0.0
53.56857350585247 45.84749163699835 0.0
48.0838357727043 38.318030306325056 0.0
29.293165013823263 167.61688264054663 0.0
10.703958159940473 123.53187255903191 0.0
26.05791213083024 161.4631819562616 0.0
28.061913590248167 135.45939554219973 0.0
29.16898602409914 138.4310848054236 0.0
64.04859677824754 188.25435963997793 0.0
42.68996917698604 194.57455371638642 0.0
163.091956873063 67.55219039818401 0.0
193.87258079677093 106.28645223821727 0.0
191.16960427846652 16.557048798399542 0.0
142.81445226980117 55.820192417483995 0.0
38.484651754970244 54.67998153673796 0.0
140.53860583356015 0.5592870970661412 0.0
10.300178473676525 138.86596450153468 0.0
53.10321074009814 113.06725715288395 0.0
47.466709172037945 56.84940024748288 0.0
175.01439401520003 113.67694987324597 0.0
164.4662233444429 1.9291402866215002 0.0
92.12880718902343 93.35487945844906 0.0
70.33523392877447 120.4556257985845 0.0
22.396811666892134 181.8026981148594 0.0
146.61853235401057 146.0743533896801 0.0
162.21118311537705 154.2345520739832 0.0
196.54427815284166 138.87142679107535 0.0
196.79027452849212 189.99563266442507 0.0
50.90021661718291 132.9184955840946 0.0
94.93863639316935 97.1636953228931 0.0
18.629725586858026 162.3159618195864 0.0
1.6922391374979417 199.50201995532657 0.0
103.95565587420472 83.6848891933557 0.0
66.76934999396924 145.60874453340077 0.0
76.87882676439173 42.15963685544928 0.0
2.412364688450608 144.83415236877977 0.0
80.1871734799882 138.28474175832554 0.0
51.119759777381965 160.51392385572484 0.0
83.65061347510043 44.82123108645235 0.0
61.93161568322048 198.29312099452372 0.0
154.86573869197437 195.31900511001726 0.0
123.34596647154972 15.79201562585688 0.0
6.253451471357008 120.41356329723727 0.0
81.60756749101459 149.59164342538352 0.0
199.00191683847837 143.15691428463742 0.0
85.0244781768971 106.49333980418353 0.0
137.2859374695766 161.29395969845186 0.0
38.13213893897893 98.23325089345335 0.0
169.88331551651495 42.24743179874937 0.0
123.938513846989 12.30921240644438 0.0
131.34745751311218 35.67572823342022 0.0
158.14803938420445 6.304083176292119 0.0
101.18480849571334 168.81983844863376 0.0
76.17613768844531 189.06611980701902 0.0
37.02462020051516 31.45692262218782 0.0
121.93012905603689 109.33351064426131 0.0
46.55771544185983 80.1297393650726 0.0
106.74642960180623 10.86687038145222 0.0
3.0598118105701566 195.42268014785668 0.0
37.53798757008009 32.87987509076486 0.0
180.60429811283208 111.4067488393749 0.0
75.11999587796305 135.53498271995227 0.0
187.60811514010734 102.97729872589507 0.0
176.84592069523117 112.49757020663675 0.0
111.14370792709597 164.66005559664413 0.0
102.10004166332578 16.018513764243302 0.0
49.4888972005296 43.56235365261434 0.0
114.85666004200199 64.74170416660436 0.0
106.67571724532255 99.49817524547373 0.0
104.43026321474258 30.409632293105982 0.0
50.33823457336788 56.917134312437945 0.0
163.7049991645102 6.866644165227442 0.0
192.94844824145005 86.1190871097224 0.0
113.5457889079232 153.2361694211935 0.0
46.56849498184812 105.33758650121479 0.0
42.75762223451112 72.8746212952477 0.0
122.53633484620134 130.6270606814391 0.0
44.873461293051875 140.6813785207678 0.0
100.0412781514527 117.0900331946207 0.0
176.21539411182664 123.57071199702601 0.0
71.33463743762583 32.832361450008875 0.0
34.0876697898324 52.3881675233814 0.0
86.36001514495064 86.13596819737732 0.0
59.62429197362133 98.28039980397651 0.0
165.87664890412833 86.69014283670595 0.0
106.72799204298032 182.50407028382014 0.0
129.6883979524414 63.324080763391024 0.0
186.70133524373267 5.885990399307084 0.0
195.37995794815401 83.53473634146657 0.0
197.5849384670233 122.62316780926841 0.0
143.00099365618223 124.20588161846271 0.0
77.88167461299548 2.838123942110493 0.0
112.42793656819809 28.265588516539395 0.0
186.25996114387752 129.28124540752165 0.0
2.6721985594673425 48.6310452623044 0.0
1.993129836543095 55.79864128683858 0.0
176.1927386111547 28.641144790677252 0.0
65.30607673635657 18.660430829878337 0.0
136.30982848479945 97.27884047162902 0.0
32.464410114714305 136.57103762339094 0.0
42.10605828906038 67.83685276260594 0.0
7.355275011894702 61.15953538754306 0.0
152.7396034486347 120.2818130548815 0.0
129.47330525343313 146.97476463219866 0.0
151.8838804179508 20.423601378710778 0.0
147.63899856464718 198.48637738984402 0.0
193.04674692201945 83.0980316856166 0.0
189.44102329616132 21.319640013508877 0.0
27.811499585091326 121.92281480727675 0.0
148.30795324710022 155.92832925460567 0.0
131.58096533498002 144.7880832168332 0.0
53.27901497735521 104.13660015327639 0.0
125.1950295714879 152.09445334922975 0.0
60.957479765057585 72.45734528723801 0.0
5.831065286887638 73.8531387340839 0.0
114.79444727848143 150.82103839359098 0.0
146.88567874582267 42.11416552968841 0.0
53.7647235953943 121.32568316667765 0.0
104.0754309072915 36.79029314094624 0.0
20.66066494640717 148.84500788341396 0.0
173.7830112666048 65.79587798294536 0.0
19.643894775205407 43.80863424926995 0.0
189.7146590625777 44.52141459805592 0.0
3.3587918244067483 7.194518066507749 0.0
15.223486199957637 25.016021081587226 0.0
131.82583535023028 168.7504623176829 0.0
191.19254654074095 191.85182730869425 0.0
38.496821286412676 11.688181430590161 0.0
33.160483959020446 89.49565457063065 0.0
63.26815175851046 140.56980181094846 0.0
136.41171647881336 75.11498201574318 0.0
67.91235805556613 193.83342616355188 0.0
144.04208982064418 1.096799935860271 0.0
36.302158249367224 28.380782217947885 0.0
160.55012435883768 23.159442173348666 0.0
179.9653383459531 10.876628198316762 0.0
152.2928841584939 2.7891260480725766 0.0
118.92290500493425 138.88616394310716 0.0
66.18469954449007 26.834401252866847 0.0
88.42690998009084 184.7032426916167 0.0
19.305980836032056 102.44334994670794 0.0
34.128502791661134 105.6986316272132 0.0
164.62835225342732 102.12996228888571 0.0
101.37076812861181 197.24437931534382 0.0
121.85158277000396 131.60749781445858 0.0
198.7150163189065 77.7466121885042 0.0
177.3866123682766 72.12849198244457 0.0
21.47318941947156 190.04591779702886 0.0
3.808270775926159 109.42234777319977 0.0
157.93319624656553 79.42080081984719 0.0
26.64015531331603 2.923219372483432 0.0
69.12798406720502 65.65647546777438 0.0
175.12332003817303 71.83230237084386 0.0
32.41324006246407 65.11763256705385 0.0
193.6594501073264 178.66039288276002 0.0
169.7826758247828 38.49049759777714 0.0
161.90824690511675 176.24788870982698 0.0
43.763915846457046 40.836030245643684 0.0
174.05779823070705 150.86123281049262 0.0
196.90208321499316 132.82267051905953 0.0
61.5758758815683 141.8161802804275 0.0
35.252198908828206 75.48357840425453 0.0
8.788973085362128 47.17987832502519 0.0
11.965622274713095 175.56994470682187 0.0
106.92516081141261 135.45538762345765 0.0
153.96977767167073 74.54843174026738 0.0
119.79576891858544 174.75366886078447 0.0
192.90453556143342 81.51740805217034 0.0
193.07999796862168 63.80985079076742 0.0
110.89258325119424 38.79321943455491 0.0
129.21566153887 3.301915759458973 0.0
192.38531252110468 78.64424434356836 0.0
171.1882933617447 81.28169711937856 0.0
85.23965887650232 180.6271331115149 0.0
191.04986436289582 63.12950255555301 0.0
117.34556110096466 171.20605146243707 0.0
162.78756220319474 174.29539281733966 0.0
189.53759959870808 120.81252098605847 0.0
14.201980631506238 143.19148913175513 0.0
171.18857037444127 188.22974983990423 0.0
198.74323493157934 131.9514921102559 0.0
61.796772627687815 38.162189314759765 0.0
5.79256960659722 24.374994063281274 0.0
50.0427897891202 15.077345249314078 0.0
136.66601181338814 63.225739430894 0.0
1.205672429977711 94.88367261807609 0.0
13.655832057077767 33.15465405726958 0.0
34.49253782056092 55.73477499138186 0.0
60.71444498263361 70.86989247580892 0.0
113.74950916640505 110.22674680653498 0.0
196.92465684990458 150.77782900814307 0.0
168.18613137027984 23.482129858811685 0.0
