1 20 9.0
1 28 71.0
1 35 92.0
1 53 53.0
1 69 2.0
1 71 32.0
1 72 82.0
1 88 4.0
1 98 96.0
1 102 83.0
1 168 21.0
1 186 95.0
1 189 42.0
1 199 93.0
2 11 67.0
2 23 7.0
2 27 41.0
2 63 21.0
2 68 15.0
2 75 60.0
2 79 10.0
2 84 77.0
2 90 36.0
2 103 13.0
2 104 29.0
2 109 36.0
2 110 30.0
2 123 45.0
2 130 96.0
2 133 50.0
2 142 47.0
2 162 43.0
2 166 95.0
2 170 68.0
2 171 77.0
2 195 91.0
2 196 93.0
3 45 60.0
3 52 40.0
3 70 72.0
3 148 14.0
3 182 52.0
3 4 21.0
3 61 83.0
3 73 61.0
3 82 78.0
3 94 92.0
3 121 34.0
3 124 36.0
3 146 50.0
3 173 15.0
3 175 70.0
3 184 24.0
4 3 90.0
4 148 93.0
4 182 33.0
4 9 93.0
4 55 96.0
4 61 13.0
4 73 1.0
4 82 31.0
4 94 3.0
4 121 28.0
4 124 11.0
4 134 83.0
4 152 95.0
4 175 4.0
4 184 90.0
5 7 96.0
5 77 67.0
5 107 83.0
5 139 42.0
5 64 82.0
5 85 16.0
5 99 62.0
5 153 48.0
5 198 23.0
6 33 27.0
6 34 45.0
6 55 58.0
6 82 85.0
6 85 81.0
6 99 15.0
6 111 24.0
6 112 40.0
6 118 39.0
6 119 22.0
6 121 19.0
6 124 44.0
6 146 38.0
6 153 61.0
7 22 71.0
7 41 37.0
7 76 31.0
7 95 26.0
7 107 88.0
7 139 63.0
7 158 53.0
7 174 14.0
7 193 28.0
7 5 76.0
8 11 92.0
8 63 11.0
8 68 84.0
8 75 75.0
8 90 74.0
8 130 18.0
8 133 54.0
8 136 82.0
8 142 15.0
8 159 16.0
8 166 95.0
8 191 98.0
8 192 60.0
8 195 92.0
9 4 94.0
9 33 83.0
9 55 19.0
9 73 91.0
9 82 2.0
9 112 56.0
9 118 52.0
9 119 90.0
9 121 38.0
9 124 29.0
9 134 48.0
9 165 2.0
9 175 38.0
9 184 5.0
9 185 55.0
10 11 65.0
10 23 2.0
10 27 3.0
10 43 6.0
10 63 16.0
10 68 73.0
10 75 8.0
10 79 44.0
10 84 9.0
10 89 60.0
10 90 34.0
10 106 67.0
10 109 47.0
10 122 15.0
10 142 39.0
10 147 11.0
10 160 77.0
10 162 1.0
10 166 44.0
10 190 4.0
10 196 3.0
10 197 47.0
11 2 17.0
11 8 30.0
11 10 39.0
11 23 63.0
11 27 96.0
11 43 79.0
11 63 35.0
11 68 66.0
11 75 94.0
11 79 93.0
11 89 89.0
11 90 10.0
11 106 44.0
11 130 28.0
11 136 28.0
11 142 79.0
11 147 63.0
11 166 53.0
11 190 41.0
11 192 25.0
11 196 76.0
12 14 14.0
12 16 56.0
12 32 61.0
12 39 35.0
12 46 61.0
12 128 70.0
12 156 45.0
12 172 20.0
12 187 27.0
13 15 85.0
13 16 9.0
13 25 19.0
13 44 13.0
13 51 70.0
13 108 61.0
13 117 45.0
13 128 78.0
13 149 16.0
13 150 18.0
13 157 11.0
13 187 17.0
14 12 66.0
14 15 52.0
14 16 74.0
14 25 85.0
14 32 86.0
14 39 85.0
14 44 49.0
14 46 50.0
14 86 68.0
14 108 44.0
14 128 7.0
14 156 68.0
14 172 84.0
14 187 8.0
15 13 14.0
15 14 83.0
15 16 81.0
15 25 83.0
15 37 95.0
15 39 99.0
15 44 34.0
15 51 14.0
15 86 77.0
15 108 70.0
15 117 97.0
15 126 97.0
15 128 44.0
15 187 72.0
16 12 58.0
16 13 88.0
16 14 19.0
16 15 41.0
16 25 29.0
16 37 64.0
16 39 11.0
16 44 81.0
16 51 31.0
16 86 41.0
16 108 69.0
16 117 53.0
16 126 71.0
16 128 10.0
16 187 38.0
17 18 36.0
17 48 74.0
17 62 30.0
17 140 58.0
17 148 73.0
17 182 98.0
18 17 17.0
18 32 37.0
18 48 42.0
18 140 63.0
18 156 70.0
19 22 64.0
19 57 7.0
19 93 24.0
19 129 14.0
19 139 10.0
19 155 27.0
19 158 34.0
19 161 62.0
19 164 89.0
19 174 87.0
19 181 92.0
19 183 66.0
19 193 76.0
20 81 96.0
20 97 21.0
20 115 21.0
20 154 30.0
20 176 7.0
20 180 73.0
20 1 96.0
20 28 40.0
20 69 45.0
20 71 71.0
20 72 13.0
20 88 90.0
20 98 40.0
20 102 77.0
20 151 6.0
20 168 18.0
20 186 52.0
20 189 90.0
21 80 99.0
21 96 74.0
21 105 82.0
21 116 24.0
21 131 72.0
21 144 9.0
21 200 45.0
22 7 40.0
22 19 76.0
22 59 49.0
22 76 35.0
22 95 7.0
22 125 46.0
22 139 82.0
22 158 16.0
22 174 83.0
22 193 31.0
23 2 65.0
23 10 79.0
23 11 69.0
23 27 75.0
23 63 10.0
23 65 2.0
23 68 45.0
23 75 68.0
23 79 81.0
23 84 30.0
23 90 58.0
23 109 18.0
23 122 68.0
23 130 87.0
23 142 42.0
23 162 93.0
23 166 17.0
23 170 73.0
23 190 31.0
23 196 32.0
23 197 90.0
24 29 81.0
24 50 85.0
24 58 11.0
24 60 45.0
24 80 10.0
24 113 38.0
24 141 63.0
24 145 45.0
24 179 73.0
25 13 77.0
25 14 19.0
25 15 87.0
25 16 71.0
25 39 91.0
25 44 44.0
25 51 63.0
25 108 69.0
25 117 45.0
25 128 96.0
25 187 81.0
26 56 75.0
26 92 7.0
26 31 85.0
26 37 48.0
26 83 79.0
26 86 84.0
26 117 94.0
26 120 30.0
26 126 44.0
26 138 69.0
26 150 46.0
26 169 41.0
27 2 88.0
27 10 2.0
27 11 99.0
27 23 47.0
27 63 93.0
27 65 67.0
27 68 77.0
27 75 19.0
27 79 32.0
27 84 90.0
27 90 27.0
27 109 67.0
27 122 62.0
27 160 89.0
27 162 89.0
27 166 51.0
27 170 79.0
27 190 73.0
27 196 53.0
27 197 82.0
28 93 63.0
28 1 78.0
28 20 8.0
28 69 47.0
28 71 71.0
28 72 82.0
28 88 10.0
28 98 17.0
28 102 54.0
28 111 93.0
28 151 85.0
28 168 63.0
28 186 80.0
28 189 85.0
29 24 73.0
29 60 64.0
29 80 52.0
29 96 25.0
29 105 2.0
29 113 58.0
29 141 80.0
29 143 61.0
29 144 56.0
29 145 34.0
29 200 71.0
30 38 44.0
30 91 77.0
30 41 4.0
30 77 56.0
30 54 83.0
30 87 57.0
30 198 97.0
31 92 34.0
31 26 14.0
31 37 60.0
31 42 6.0
31 45 79.0
31 54 80.0
31 70 34.0
31 83 14.0
31 120 81.0
31 126 67.0
31 138 83.0
31 169 82.0
31 87 32.0
32 12 56.0
32 14 19.0
32 18 90.0
32 39 5.0
32 40 37.0
32 67 85.0
32 156 5.0
32 172 59.0
33 6 15.0
33 9 64.0
33 34 4.0
33 55 52.0
33 85 97.0
33 99 56.0
33 111 99.0
33 112 78.0
33 118 10.0
33 119 12.0
33 121 71.0
33 134 2.0
33 146 49.0
33 153 41.0
33 167 69.0
34 6 80.0
34 33 7.0
34 55 18.0
34 118 78.0
34 165 80.0
34 167 55.0
34 185 15.0
35 1 75.0
35 53 95.0
35 88 49.0
35 98 71.0
35 102 80.0
35 167 96.0
35 168 13.0
35 186 17.0
35 189 97.0
35 199 10.0
36 135 43.0
36 163 85.0
36 188 29.0
37 15 4.0
37 16 20.0
37 26 98.0
37 31 54.0
37 42 56.0
37 45 15.0
37 46 59.0
37 70 13.0
37 83 98.0
37 86 63.0
37 108 34.0
37 117 55.0
37 120 24.0
37 126 11.0
37 138 41.0
37 169 5.0
38 30 56.0
38 91 49.0
38 41 89.0
38 77 28.0
38 54 42.0
38 64 24.0
38 87 26.0
38 198 37.0
39 12 19.0
39 14 41.0
39 15 50.0
39 16 11.0
39 25 48.0
39 32 88.0
39 44 75.0
39 108 77.0
39 128 12.0
39 156 86.0
39 172 58.0
39 187 40.0
40 32 39.0
40 67 66.0
40 156 59.0
40 172 54.0
41 30 53.0
41 38 39.0
41 91 5.0
41 7 60.0
41 76 67.0
41 77 13.0
41 54 27.0
41 198 60.0
42 31 67.0
42 37 13.0
42 45 76.0
42 46 11.0
42 52 32.0
42 70 6.0
42 86 75.0
42 126 41.0
42 138 32.0
42 169 22.0
43 10 64.0
43 11 14.0
43 47 66.0
43 75 72.0
43 89 80.0
43 106 36.0
43 147 16.0
43 160 91.0
43 190 57.0
43 78 32.0
43 127 47.0
44 13 38.0
44 14 82.0
44 15 33.0
44 16 79.0
44 25 56.0
44 39 13.0
44 51 74.0
44 128 44.0
44 187 91.0
45 3 68.0
45 31 54.0
45 37 56.0
45 42 56.0
45 52 55.0
45 70 91.0
45 138 7.0
45 169 48.0
45 87 80.0
45 173 90.0
46 12 36.0
46 14 19.0
46 37 38.0
46 42 61.0
46 86 57.0
46 138 32.0
46 169 33.0
47 43 34.0
47 89 98.0
47 147 86.0
47 160 97.0
47 190 69.0
47 78 24.0
47 127 32.0
47 178 45.0
48 17 1.0
48 18 3.0
48 62 10.0
48 140 59.0
48 148 40.0
48 182 43.0
49 114 87.0
49 165 92.0
49 185 27.0
49 188 1.0
50 24 34.0
50 58 82.0
50 59 57.0
50 66 9.0
50 74 17.0
50 78 48.0
50 101 73.0
50 113 44.0
50 127 41.0
50 141 58.0
50 178 97.0
50 179 62.0
51 194 94.0
51 13 72.0
51 15 97.0
51 16 2.0
51 25 33.0
51 44 94.0
51 117 53.0
51 149 22.0
51 157 35.0
51 187 55.0
52 3 58.0
52 42 6.0
52 45 46.0
52 70 49.0
52 138 17.0
52 169 26.0
52 61 37.0
52 173 37.0
53 1 60.0
53 35 90.0
53 98 61.0
53 102 96.0
53 167 75.0
53 168 27.0
53 186 10.0
53 189 56.0
53 199 65.0
54 30 98.0
54 38 43.0
54 91 46.0
54 92 1.0
54 41 47.0
54 77 69.0
54 31 88.0
54 87 26.0
54 198 65.0
55 4 90.0
55 6 38.0
55 9 60.0
55 33 6.0
55 34 88.0
55 73 89.0
55 82 10.0
55 112 98.0
55 118 33.0
55 119 82.0
55 121 89.0
55 124 64.0
55 134 28.0
55 146 62.0
55 165 20.0
55 175 32.0
55 184 72.0
55 185 37.0
56 65 71.0
56 84 60.0
56 92 88.0
56 137 84.0
56 170 48.0
56 26 4.0
56 83 52.0
56 117 15.0
56 120 38.0
56 126 3.0
56 149 67.0
56 150 92.0
57 19 94.0
57 105 93.0
57 113 29.0
57 116 79.0
57 125 90.0
57 129 82.0
57 131 90.0
57 143 98.0
57 164 50.0
57 183 17.0
57 200 50.0
58 24 78.0
58 50 81.0
58 59 99.0
58 66 79.0
58 74 79.0
58 78 22.0
58 101 74.0
58 113 79.0
58 141 94.0
58 145 32.0
58 178 13.0
58 179 45.0
59 22 81.0
59 50 55.0
59 58 82.0
59 78 28.0
59 95 43.0
59 101 56.0
59 113 69.0
59 125 43.0
59 127 13.0
59 178 80.0
59 193 44.0
60 24 60.0
60 29 42.0
60 80 29.0
60 96 60.0
60 105 24.0
60 113 26.0
60 141 70.0
60 143 44.0
60 144 4.0
60 145 8.0
60 179 15.0
60 200 32.0
61 3 52.0
61 52 11.0
61 148 18.0
61 182 65.0
61 4 83.0
61 73 81.0
61 82 42.0
61 94 16.0
61 121 89.0
61 124 51.0
61 152 46.0
61 175 63.0
61 184 36.0
62 17 88.0
62 48 92.0
62 140 82.0
62 148 70.0
62 182 13.0
62 152 15.0
63 2 46.0
63 8 98.0
63 10 54.0
63 11 44.0
63 23 27.0
63 27 4.0
63 68 66.0
63 75 95.0
63 79 54.0
63 90 70.0
63 130 65.0
63 133 75.0
63 136 29.0
63 142 77.0
63 147 74.0
63 166 14.0
63 190 24.0
63 192 85.0
63 195 36.0
63 196 31.0
64 38 66.0
64 77 60.0
64 107 72.0
64 5 97.0
64 85 85.0
64 87 52.0
64 99 8.0
64 146 9.0
64 153 56.0
64 198 30.0
65 23 37.0
65 27 61.0
65 56 39.0
65 79 47.0
65 84 14.0
65 92 1.0
65 109 57.0
65 122 54.0
65 137 39.0
65 160 36.0
65 162 89.0
65 170 59.0
65 196 61.0
65 197 15.0
65 83 70.0
65 120 16.0
65 150 86.0
66 100 7.0
66 50 49.0
66 58 41.0
66 74 35.0
66 78 59.0
66 101 99.0
66 127 67.0
66 178 29.0
66 179 26.0
67 32 40.0
67 40 94.0
67 156 18.0
67 172 53.0
68 2 72.0
68 8 31.0
68 10 84.0
68 11 17.0
68 23 36.0
68 27 6.0
68 63 70.0
68 75 5.0
68 79 44.0
68 90 7.0
68 130 88.0
68 133 75.0
68 136 49.0
68 142 7.0
68 147 38.0
68 166 78.0
68 190 3.0
68 192 38.0
68 195 97.0
68 196 49.0
69 81 44.0
69 93 29.0
69 1 54.0
69 20 23.0
69 28 77.0
69 71 48.0
69 72 82.0
69 88 35.0
69 98 21.0
69 102 72.0
69 111 70.0
69 151 50.0
69 168 15.0
69 186 56.0
69 189 95.0
70 3 38.0
70 31 18.0
70 37 7.0
70 42 40.0
70 45 72.0
70 52 51.0
70 126 30.0
70 138 11.0
70 169 79.0
71 81 20.0
71 93 91.0
71 97 11.0
71 115 46.0
71 154 30.0
71 176 31.0
71 180 48.0
71 181 41.0
71 1 69.0
71 20 50.0
71 28 32.0
71 69 80.0
71 72 15.0
71 88 61.0
71 98 53.0
71 102 84.0
71 151 13.0
71 186 65.0
72 93 61.0
72 1 9.0
72 20 12.0
72 28 31.0
72 69 81.0
72 71 96.0
72 88 44.0
72 98 76.0
72 102 34.0
72 111 21.0
72 151 99.0
72 168 76.0
72 186 6.0
72 189 28.0
73 3 15.0
73 4 74.0
73 9 35.0
73 55 13.0
73 61 25.0
73 82 30.0
73 94 52.0
73 112 42.0
73 119 21.0
73 121 50.0
73 124 71.0
73 134 11.0
73 146 13.0
73 173 99.0
73 175 39.0
73 184 87.0
74 100 3.0
74 50 33.0
74 58 55.0
74 66 59.0
74 78 15.0
74 101 15.0
74 127 63.0
74 178 50.0
74 179 99.0
75 2 16.0
75 8 28.0
75 10 84.0
75 11 70.0
75 23 60.0
75 27 53.0
75 43 70.0
75 63 49.0
75 68 65.0
75 79 98.0
75 89 84.0
75 90 67.0
75 106 76.0
75 109 5.0
75 130 14.0
75 142 35.0
75 147 66.0
75 160 64.0
75 162 91.0
75 166 38.0
75 190 22.0
75 192 52.0
75 196 29.0
75 197 10.0
76 7 36.0
76 22 42.0
76 41 14.0
76 95 96.0
76 127 26.0
76 139 41.0
76 178 52.0
76 193 53.0
77 30 14.0
77 38 42.0
77 91 62.0
77 41 32.0
77 107 56.0
77 54 14.0
77 5 15.0
77 64 36.0
77 87 15.0
77 198 40.0
78 43 6.0
78 47 6.0
78 50 97.0
78 58 14.0
78 59 78.0
78 66 12.0
78 74 97.0
78 101 36.0
78 127 8.0
78 178 7.0
79 2 25.0
79 10 83.0
79 11 15.0
79 23 45.0
79 27 93.0
79 63 17.0
79 65 56.0
79 68 77.0
79 75 79.0
79 84 95.0
79 90 72.0
79 109 50.0
79 122 83.0
79 160 51.0
79 162 80.0
79 166 6.0
79 170 24.0
79 190 55.0
79 196 30.0
79 197 8.0
80 21 31.0
80 24 87.0
80 29 99.0
80 60 43.0
80 96 17.0
80 105 59.0
80 113 17.0
80 116 73.0
80 141 8.0
80 143 23.0
80 144 76.0
80 145 10.0
80 200 23.0
81 93 90.0
81 97 38.0
81 115 98.0
81 129 60.0
81 154 84.0
81 155 51.0
81 161 74.0
81 176 61.0
81 177 2.0
81 180 51.0
81 181 31.0
81 183 16.0
81 20 26.0
81 69 88.0
81 71 38.0
82 3 63.0
82 4 6.0
82 6 85.0
82 9 62.0
82 55 17.0
82 61 27.0
82 73 55.0
82 85 52.0
82 112 81.0
82 119 73.0
82 121 77.0
82 124 36.0
82 134 40.0
82 146 66.0
82 153 8.0
82 173 51.0
82 175 65.0
82 184 12.0
83 56 79.0
83 65 44.0
83 92 32.0
83 137 86.0
83 26 79.0
83 31 72.0
83 37 20.0
83 117 75.0
83 120 79.0
83 126 67.0
83 149 71.0
83 150 85.0
84 2 75.0
84 10 9.0
84 23 85.0
84 27 24.0
84 56 4.0
84 65 35.0
84 79 43.0
84 90 95.0
84 109 13.0
84 122 11.0
84 137 20.0
84 160 49.0
84 162 15.0
84 170 18.0
84 196 72.0
84 197 38.0
85 5 80.0
85 6 21.0
85 33 76.0
85 64 8.0
85 82 27.0
85 87 77.0
85 99 73.0
85 112 58.0
85 119 2.0
85 121 30.0
85 124 86.0
85 146 44.0
85 153 96.0
85 173 29.0
85 198 86.0
86 14 89.0
86 15 12.0
86 16 64.0
86 26 14.0
86 37 9.0
86 42 47.0
86 46 94.0
86 108 30.0
86 117 97.0
86 126 96.0
86 128 61.0
86 138 27.0
86 169 74.0
87 30 58.0
87 38 64.0
87 77 84.0
87 31 87.0
87 45 50.0
87 54 86.0
87 64 12.0
87 85 19.0
87 146 19.0
87 153 73.0
87 173 69.0
87 198 7.0
88 1 42.0
88 20 1.0
88 28 20.0
88 35 44.0
88 69 17.0
88 71 74.0
88 72 9.0
88 98 48.0
88 102 20.0
88 111 73.0
88 151 11.0
88 167 19.0
88 168 24.0
88 186 68.0
88 189 74.0
89 10 44.0
89 11 63.0
89 43 3.0
89 47 66.0
89 75 84.0
89 106 99.0
89 147 1.0
89 166 56.0
89 190 18.0
89 192 77.0
90 2 10.0
90 8 54.0
90 10 61.0
90 11 18.0
90 23 68.0
90 27 8.0
90 63 18.0
90 68 5.0
90 75 82.0
90 79 72.0
90 84 36.0
90 109 86.0
90 110 67.0
90 130 56.0
90 142 54.0
90 162 63.0
90 166 4.0
90 170 30.0
90 171 28.0
90 195 24.0
90 196 81.0
91 30 79.0
91 38 24.0
91 92 69.0
91 122 3.0
91 160 6.0
91 197 52.0
91 41 8.0
91 77 12.0
91 54 90.0
92 56 78.0
92 65 85.0
92 91 93.0
92 122 18.0
92 137 34.0
92 197 6.0
92 26 73.0
92 31 79.0
92 54 79.0
92 83 4.0
92 120 91.0
92 126 89.0
92 150 52.0
93 19 57.0
93 81 13.0
93 97 5.0
93 115 47.0
93 129 68.0
93 155 32.0
93 158 86.0
93 161 98.0
93 174 76.0
93 176 35.0
93 180 31.0
93 181 92.0
93 28 78.0
93 69 30.0
93 71 71.0
93 72 88.0
93 151 67.0
94 3 43.0
94 148 62.0
94 182 93.0
94 4 36.0
94 61 48.0
94 73 95.0
94 134 64.0
94 152 2.0
94 175 4.0
94 184 11.0
95 7 42.0
95 22 28.0
95 59 67.0
95 76 25.0
95 125 67.0
95 139 89.0
95 174 27.0
95 193 94.0
96 21 95.0
96 29 61.0
96 60 76.0
96 80 61.0
96 105 85.0
96 116 30.0
96 144 3.0
96 200 82.0
97 81 89.0
97 93 79.0
97 115 20.0
97 129 30.0
97 154 80.0
97 155 44.0
97 161 28.0
97 176 88.0
97 177 6.0
97 180 40.0
97 181 83.0
97 183 16.0
97 20 64.0
97 71 14.0
98 1 42.0
98 20 10.0
98 28 96.0
98 35 31.0
98 53 89.0
98 69 84.0
98 71 92.0
98 72 76.0
98 88 27.0
98 102 68.0
98 168 11.0
98 186 42.0
98 189 46.0
98 199 28.0
99 107 59.0
99 5 65.0
99 6 45.0
99 33 71.0
99 64 81.0
99 85 36.0
99 111 63.0
99 112 96.0
99 119 42.0
99 146 75.0
99 153 43.0
100 106 25.0
100 147 54.0
100 66 82.0
100 74 31.0
101 50 31.0
101 58 28.0
101 59 3.0
101 66 20.0
101 74 55.0
101 78 76.0
101 127 33.0
101 178 35.0
102 1 1.0
102 20 94.0
102 28 2.0
102 35 42.0
102 53 28.0
102 69 82.0
102 71 71.0
102 72 29.0
102 88 98.0
102 98 60.0
102 167 27.0
102 168 65.0
102 186 64.0
102 189 28.0
102 199 65.0
103 2 14.0
103 104 65.0
103 110 6.0
103 123 82.0
103 130 83.0
103 133 91.0
103 171 67.0
103 191 82.0
103 195 85.0
104 2 33.0
104 103 36.0
104 110 85.0
104 123 27.0
104 130 91.0
104 171 90.0
104 195 67.0
105 21 46.0
105 29 19.0
105 57 44.0
105 60 11.0
105 80 59.0
105 96 22.0
105 113 37.0
105 116 95.0
105 131 92.0
105 143 3.0
105 144 73.0
105 164 80.0
105 200 74.0
106 10 17.0
106 11 72.0
106 43 31.0
106 75 29.0
106 89 66.0
106 100 21.0
106 136 12.0
106 147 69.0
106 190 17.0
106 192 90.0
107 7 68.0
107 77 72.0
107 139 90.0
107 158 3.0
107 174 49.0
107 5 45.0
107 64 62.0
107 99 72.0
107 111 36.0
107 151 37.0
107 198 25.0
108 13 79.0
108 14 17.0
108 15 86.0
108 16 53.0
108 25 25.0
108 37 79.0
108 39 20.0
108 86 87.0
108 117 30.0
108 126 95.0
108 128 92.0
108 169 72.0
108 187 63.0
109 2 69.0
109 10 34.0
109 23 49.0
109 27 91.0
109 65 1.0
109 75 68.0
109 79 14.0
109 84 33.0
109 90 88.0
109 122 43.0
109 137 9.0
109 160 33.0
109 162 99.0
109 166 11.0
109 170 60.0
109 196 67.0
109 197 97.0
110 2 11.0
110 90 82.0
110 103 11.0
110 104 27.0
110 123 42.0
110 130 15.0
110 162 29.0
110 171 83.0
110 195 60.0
110 196 42.0
111 107 34.0
111 6 59.0
111 28 65.0
111 33 70.0
111 69 89.0
111 72 39.0
111 88 1.0
111 99 85.0
111 151 35.0
112 6 62.0
112 9 51.0
112 33 71.0
112 55 38.0
112 73 37.0
112 82 91.0
112 85 23.0
112 99 16.0
112 118 33.0
112 119 93.0
112 121 10.0
112 124 29.0
112 134 79.0
112 146 17.0
112 153 5.0
112 173 31.0
112 175 92.0
112 184 70.0
113 24 52.0
113 29 6.0
113 50 50.0
113 57 13.0
113 58 48.0
113 59 13.0
113 60 2.0
113 80 15.0
113 105 94.0
113 125 53.0
113 141 94.0
113 143 71.0
113 144 7.0
113 145 59.0
113 164 6.0
113 179 73.0
113 200 83.0
114 49 84.0
114 165 10.0
114 185 99.0
114 188 7.0
115 81 37.0
115 93 30.0
115 97 10.0
115 129 67.0
115 154 54.0
115 155 13.0
115 161 21.0
115 176 53.0
115 177 66.0
115 180 86.0
115 181 83.0
115 183 43.0
115 20 38.0
115 71 25.0
116 21 34.0
116 57 56.0
116 80 93.0
116 96 58.0
116 105 9.0
116 131 32.0
116 143 58.0
116 144 84.0
116 164 86.0
116 200 53.0
117 56 75.0
117 13 71.0
117 15 70.0
117 16 93.0
117 25 11.0
117 26 85.0
117 37 6.0
117 51 12.0
117 83 17.0
117 86 79.0
117 108 53.0
117 126 52.0
117 128 33.0
117 149 94.0
117 150 5.0
117 157 47.0
117 187 44.0
118 6 10.0
118 9 26.0
118 33 13.0
118 34 28.0
118 55 96.0
118 112 66.0
118 119 86.0
118 121 5.0
118 134 55.0
118 165 59.0
118 167 71.0
118 185 29.0
119 6 77.0
119 9 50.0
119 33 64.0
119 55 26.0
119 73 98.0
119 82 89.0
119 85 64.0
119 99 59.0
119 112 32.0
119 118 93.0
119 121 33.0
119 124 73.0
119 134 19.0
119 146 57.0
119 153 99.0
119 173 32.0
120 56 75.0
120 65 92.0
120 92 18.0
120 137 88.0
120 26 13.0
120 31 61.0
120 37 63.0
120 83 4.0
120 126 68.0
120 150 93.0
121 3 52.0
121 4 3.0
121 6 13.0
121 9 40.0
121 33 14.0
121 55 49.0
121 61 7.0
121 73 20.0
121 82 77.0
121 85 46.0
121 112 12.0
121 118 46.0
121 119 79.0
121 124 50.0
121 134 35.0
121 146 17.0
121 153 91.0
121 173 13.0
121 175 12.0
121 184 76.0
122 10 36.0
122 23 97.0
122 27 68.0
122 65 1.0
122 79 70.0
122 84 42.0
122 91 48.0
122 92 96.0
122 109 39.0
122 160 54.0
122 162 46.0
122 170 23.0
122 197 13.0
123 2 23.0
123 103 83.0
123 104 40.0
123 110 16.0
123 162 34.0
123 170 49.0
123 171 14.0
123 194 66.0
124 3 46.0
124 4 40.0
124 6 93.0
124 9 63.0
124 55 83.0
124 61 50.0
124 73 42.0
124 82 52.0
124 85 44.0
124 112 37.0
124 119 98.0
124 121 89.0
124 134 83.0
124 146 86.0
124 153 11.0
124 173 84.0
124 175 7.0
124 184 53.0
125 22 13.0
125 57 7.0
125 59 93.0
125 95 59.0
125 113 94.0
125 143 47.0
125 164 55.0
125 193 6.0
125 200 28.0
126 56 56.0
126 92 16.0
126 15 21.0
126 16 53.0
126 26 92.0
126 31 14.0
126 37 50.0
126 42 34.0
126 70 29.0
126 83 59.0
126 86 91.0
126 108 11.0
126 117 59.0
126 120 14.0
126 138 16.0
126 150 75.0
126 169 14.0
127 43 8.0
127 47 6.0
127 50 72.0
127 59 26.0
127 66 17.0
127 74 44.0
127 76 36.0
127 78 68.0
127 101 43.0
127 178 3.0
128 12 4.0
128 13 56.0
128 14 46.0
128 15 91.0
128 16 52.0
128 25 25.0
128 39 65.0
128 44 4.0
128 86 19.0
128 108 90.0
128 117 54.0
128 172 17.0
128 187 39.0
129 19 51.0
129 57 23.0
129 81 28.0
129 93 40.0
129 97 99.0
129 115 74.0
129 131 52.0
129 154 81.0
129 155 39.0
129 158 30.0
129 161 49.0
129 164 23.0
129 174 97.0
129 176 36.0
129 177 48.0
129 180 26.0
129 181 95.0
129 183 44.0
130 2 5.0
130 8 66.0
130 11 86.0
130 23 25.0
130 63 33.0
130 68 63.0
130 75 41.0
130 90 34.0
130 103 91.0
130 104 45.0
130 110 74.0
130 133 41.0
130 142 9.0
130 162 10.0
130 166 62.0
130 171 44.0
130 191 18.0
130 195 37.0
130 196 92.0
131 21 70.0
131 57 7.0
131 105 4.0
131 116 59.0
131 129 57.0
131 164 99.0
131 177 43.0
131 183 7.0
132 133 70.0
132 159 56.0
132 191 89.0
132 195 89.0
133 2 94.0
133 8 18.0
133 63 93.0
133 68 81.0
133 103 54.0
133 130 33.0
133 132 58.0
133 136 96.0
133 142 18.0
133 159 64.0
133 171 25.0
133 191 66.0
133 195 4.0
134 4 6.0
134 9 47.0
134 33 76.0
134 55 13.0
134 73 63.0
134 82 45.0
134 94 2.0
134 112 51.0
134 118 93.0
134 119 43.0
134 121 27.0
134 124 71.0
134 175 37.0
134 184 25.0
135 36 57.0
135 163 21.0
135 188 96.0
136 8 27.0
136 11 62.0
136 63 5.0
136 68 38.0
136 106 2.0
136 133 57.0
136 142 8.0
136 159 68.0
136 166 54.0
136 192 14.0
137 56 49.0
137 65 88.0
137 84 53.0
137 92 56.0
137 109 31.0
137 162 36.0
137 170 63.0
137 83 36.0
137 120 60.0
137 149 91.0
137 150 9.0
138 26 69.0
138 31 15.0
138 37 95.0
138 42 55.0
138 45 86.0
138 46 88.0
138 52 96.0
138 70 79.0
138 86 70.0
138 126 51.0
138 169 38.0
139 7 90.0
139 19 53.0
139 22 88.0
139 76 49.0
139 95 38.0
139 107 3.0
139 158 68.0
139 174 69.0
139 193 81.0
139 5 46.0
140 17 18.0
140 18 43.0
140 48 85.0
140 62 83.0
140 148 7.0
140 182 41.0
141 24 99.0
141 29 83.0
141 50 9.0
141 58 57.0
141 60 70.0
141 80 87.0
141 113 63.0
141 143 18.0
141 145 5.0
141 179 28.0
142 2 31.0
142 8 58.0
142 10 54.0
142 11 30.0
142 23 79.0
142 63 19.0
142 68 77.0
142 75 59.0
142 90 71.0
142 130 87.0
142 133 43.0
142 136 6.0
142 147 61.0
142 159 29.0
142 166 12.0
142 190 89.0
142 192 8.0
142 195 63.0
142 196 26.0
143 29 43.0
143 57 66.0
143 60 68.0
143 80 88.0
143 105 59.0
143 113 45.0
143 116 76.0
143 125 87.0
143 141 76.0
143 144 2.0
143 145 52.0
143 164 52.0
143 200 63.0
144 21 36.0
144 29 57.0
144 60 87.0
144 80 48.0
144 96 2.0
144 105 96.0
144 113 46.0
144 116 94.0
144 143 26.0
144 145 34.0
144 164 28.0
144 200 1.0
145 24 94.0
145 29 39.0
145 58 95.0
145 60 24.0
145 80 69.0
145 113 16.0
145 141 39.0
145 143 17.0
145 144 77.0
145 179 79.0
145 200 25.0
146 3 25.0
146 6 19.0
146 33 77.0
146 55 75.0
146 64 7.0
146 73 42.0
146 82 75.0
146 85 60.0
146 87 30.0
146 99 88.0
146 112 21.0
146 119 81.0
146 121 66.0
146 124 35.0
146 153 25.0
146 173 57.0
146 198 78.0
147 10 34.0
147 11 37.0
147 43 79.0
147 47 50.0
147 63 47.0
147 68 43.0
147 75 44.0
147 89 77.0
147 100 7.0
147 106 4.0
147 142 88.0
147 166 30.0
147 190 51.0
147 192 98.0
148 3 74.0
148 17 8.0
148 48 64.0
148 62 85.0
148 140 75.0
148 182 29.0
148 4 50.0
148 61 71.0
148 94 33.0
148 152 24.0
149 56 67.0
149 137 28.0
149 194 1.0
149 13 65.0
149 51 91.0
149 83 59.0
149 117 35.0
149 150 42.0
149 157 70.0
150 56 48.0
150 65 92.0
150 92 38.0
150 137 60.0
150 13 24.0
150 26 16.0
150 83 24.0
150 117 94.0
150 120 80.0
150 126 97.0
150 149 34.0
151 93 70.0
151 107 66.0
151 158 94.0
151 174 77.0
151 181 49.0
151 20 25.0
151 28 53.0
151 69 44.0
151 71 4.0
151 72 74.0
151 88 68.0
151 111 46.0
152 62 31.0
152 148 98.0
152 182 98.0
152 4 18.0
152 61 67.0
152 94 79.0
152 175 62.0
153 5 65.0
153 6 15.0
153 33 96.0
153 64 30.0
153 82 1.0
153 85 70.0
153 87 12.0
153 99 45.0
153 112 91.0
153 119 25.0
153 121 8.0
153 124 38.0
153 146 13.0
153 173 51.0
153 198 39.0
154 81 95.0
154 97 40.0
154 115 50.0
154 129 49.0
154 155 8.0
154 161 84.0
154 176 83.0
154 177 41.0
154 180 47.0
154 181 89.0
154 183 19.0
154 20 2.0
154 71 67.0
155 19 53.0
155 81 65.0
155 93 44.0
155 97 90.0
155 115 37.0
155 129 85.0
155 154 75.0
155 158 93.0
155 161 73.0
155 174 57.0
155 176 14.0
155 177 87.0
155 180 9.0
155 181 70.0
155 183 24.0
156 12 39.0
156 14 16.0
156 18 21.0
156 32 98.0
156 39 9.0
156 40 60.0
156 67 45.0
156 172 97.0
157 194 26.0
157 13 35.0
157 51 87.0
157 117 47.0
157 149 40.0
158 7 34.0
158 19 83.0
158 22 96.0
158 93 12.0
158 107 53.0
158 129 43.0
158 139 66.0
158 155 88.0
158 161 37.0
158 174 6.0
158 181 64.0
158 193 41.0
158 151 70.0
159 8 22.0
159 132 78.0
159 133 87.0
159 136 67.0
159 142 74.0
159 191 46.0
159 192 31.0
160 10 11.0
160 27 32.0
160 43 90.0
160 47 1.0
160 65 13.0
160 75 42.0
160 79 75.0
160 84 41.0
160 91 62.0
160 109 68.0
160 122 7.0
160 190 43.0
160 197 82.0
161 19 42.0
161 81 87.0
161 93 47.0
161 97 68.0
161 115 78.0
161 129 18.0
161 154 96.0
161 155 48.0
161 158 79.0
161 174 71.0
161 176 10.0
161 177 80.0
161 180 84.0
161 181 71.0
161 183 80.0
162 2 16.0
162 10 73.0
162 23 91.0
162 27 98.0
162 65 69.0
162 75 87.0
162 79 93.0
162 84 89.0
162 90 49.0
162 109 26.0
162 110 58.0
162 122 34.0
162 123 84.0
162 130 97.0
162 137 17.0
162 166 34.0
162 170 10.0
162 171 56.0
162 196 17.0
162 197 29.0
163 36 68.0
163 135 65.0
163 188 55.0
163 199 27.0
164 19 92.0
164 57 14.0
164 105 96.0
164 113 74.0
164 116 94.0
164 125 15.0
164 129 91.0
164 131 9.0
164 143 76.0
164 144 32.0
164 200 29.0
165 9 77.0
165 34 73.0
165 49 5.0
165 55 4.0
165 114 7.0
165 118 98.0
165 167 29.0
165 185 22.0
165 188 45.0
166 2 54.0
166 8 57.0
166 10 34.0
166 11 59.0
166 23 41.0
166 27 40.0
166 63 73.0
166 68 97.0
166 75 6.0
166 79 38.0
166 89 69.0
166 90 74.0
166 109 88.0
166 130 43.0
166 136 31.0
166 142 31.0
166 147 57.0
166 162 82.0
166 190 98.0
166 192 75.0
166 196 82.0
167 33 17.0
167 34 49.0
167 35 57.0
167 53 46.0
167 88 92.0
167 102 53.0
167 118 69.0
167 165 90.0
167 168 32.0
167 185 98.0
167 199 23.0
168 1 76.0
168 20 46.0
168 28 62.0
168 35 42.0
168 53 60.0
168 69 83.0
168 72 27.0
168 88 56.0
168 98 11.0
168 102 9.0
168 167 67.0
168 186 55.0
168 189 36.0
168 199 99.0
169 26 68.0
169 31 96.0
169 37 43.0
169 42 31.0
169 45 73.0
169 46 8.0
169 52 47.0
169 70 83.0
169 86 67.0
169 108 28.0
169 126 7.0
169 138 62.0
170 2 47.0
170 23 86.0
170 27 99.0
170 56 86.0
170 65 58.0
170 79 91.0
170 84 42.0
170 90 27.0
170 109 80.0
170 122 17.0
170 123 34.0
170 137 12.0
170 162 92.0
170 196 67.0
170 197 14.0
171 2 45.0
171 90 69.0
171 103 75.0
171 104 28.0
171 110 91.0
171 123 52.0
171 130 47.0
171 133 51.0
171 162 80.0
171 191 2.0
171 195 59.0
171 196 53.0
172 12 95.0
172 14 47.0
172 32 34.0
172 39 55.0
172 40 59.0
172 67 31.0
172 128 85.0
172 156 19.0
173 3 63.0
173 45 8.0
173 52 40.0
173 73 93.0
173 82 86.0
173 85 82.0
173 87 85.0
173 112 66.0
173 119 63.0
173 121 18.0
173 124 81.0
173 146 87.0
173 153 60.0
173 198 41.0
174 7 22.0
174 19 84.0
174 22 18.0
174 93 41.0
174 95 69.0
174 107 39.0
174 129 56.0
174 139 82.0
174 155 29.0
174 158 71.0
174 161 65.0
174 181 46.0
174 193 66.0
174 151 78.0
175 3 21.0
175 4 74.0
175 9 63.0
175 55 60.0
175 61 23.0
175 73 30.0
175 82 48.0
175 94 14.0
175 112 24.0
175 121 54.0
175 124 6.0
175 134 78.0
175 152 90.0
175 184 91.0
176 81 83.0
176 93 14.0
176 97 36.0
176 115 39.0
176 129 73.0
176 154 12.0
176 155 4.0
176 161 2.0
176 177 43.0
176 180 66.0
176 181 34.0
176 183 58.0
176 20 11.0
176 71 99.0
177 81 22.0
177 97 92.0
177 115 74.0
177 129 80.0
177 131 57.0
177 154 94.0
177 155 66.0
177 161 73.0
177 176 19.0
177 180 32.0
177 181 21.0
177 183 35.0
178 47 64.0
178 50 63.0
178 58 98.0
178 59 11.0
178 66 96.0
178 74 79.0
178 76 69.0
178 78 83.0
178 101 64.0
178 127 95.0
179 24 45.0
179 50 88.0
179 58 59.0
179 60 29.0
179 66 44.0
179 74 73.0
179 113 24.0
179 141 80.0
179 145 60.0
180 81 29.0
180 93 3.0
180 97 83.0
180 115 1.0
180 129 41.0
180 154 61.0
180 155 86.0
180 161 94.0
180 176 91.0
180 177 15.0
180 181 30.0
180 183 66.0
180 20 79.0
180 71 98.0
181 19 85.0
181 81 80.0
181 93 54.0
181 97 83.0
181 115 90.0
181 129 45.0
181 154 10.0
181 155 21.0
181 158 15.0
181 161 52.0
181 174 75.0
181 176 65.0
181 177 83.0
181 180 82.0
181 183 81.0
181 71 65.0
181 151 82.0
182 3 95.0
182 17 36.0
182 48 70.0
182 62 8.0
182 140 45.0
182 148 94.0
182 4 40.0
182 61 95.0
182 94 26.0
182 152 10.0
183 19 38.0
183 57 48.0
183 81 81.0
183 97 25.0
183 115 48.0
183 129 44.0
183 131 26.0
183 154 1.0
183 155 33.0
183 161 59.0
183 176 51.0
183 177 78.0
183 180 57.0
183 181 1.0
184 3 98.0
184 4 48.0
184 9 87.0
184 55 64.0
184 61 49.0
184 73 19.0
184 82 55.0
184 94 97.0
184 112 17.0
184 121 97.0
184 124 53.0
184 134 97.0
184 175 51.0
185 9 42.0
185 34 71.0
185 49 99.0
185 55 70.0
185 114 76.0
185 118 49.0
185 165 56.0
185 167 73.0
185 188 86.0
186 1 50.0
186 20 87.0
186 28 47.0
186 35 21.0
186 53 14.0
186 69 56.0
186 71 14.0
186 72 11.0
186 88 25.0
186 98 13.0
186 102 95.0
186 168 59.0
186 189 8.0
187 12 99.0
187 13 4.0
187 14 69.0
187 15 3.0
187 16 87.0
187 25 53.0
187 39 34.0
187 44 16.0
187 51 99.0
187 108 20.0
187 117 77.0
187 128 88.0
188 36 30.0
188 49 50.0
188 114 20.0
188 135 41.0
188 163 21.0
188 165 6.0
188 185 36.0
189 1 76.0
189 20 81.0
189 28 10.0
189 35 75.0
189 53 7.0
189 69 28.0
189 72 16.0
189 88 61.0
189 98 13.0
189 102 38.0
189 168 1.0
189 186 24.0
189 199 85.0
190 10 63.0
190 11 78.0
190 23 49.0
190 27 99.0
190 43 99.0
190 47 35.0
190 63 72.0
190 68 45.0
190 75 75.0
190 79 44.0
190 89 46.0
190 106 83.0
190 142 9.0
190 147 99.0
190 160 93.0
190 166 64.0
190 192 84.0
191 8 62.0
191 103 34.0
191 130 67.0
191 132 28.0
191 133 57.0
191 159 32.0
191 171 62.0
191 195 58.0
192 8 2.0
192 11 39.0
192 63 28.0
192 68 97.0
192 75 81.0
192 89 26.0
192 106 47.0
192 136 20.0
192 142 9.0
192 147 7.0
192 159 27.0
192 166 55.0
192 190 90.0
193 7 39.0
193 19 72.0
193 22 25.0
193 59 73.0
193 76 28.0
193 95 45.0
193 125 11.0
193 139 92.0
193 158 46.0
193 174 71.0
194 123 75.0
194 51 44.0
194 149 99.0
194 157 97.0
195 2 15.0
195 8 80.0
195 63 29.0
195 68 78.0
195 90 51.0
195 103 97.0
195 104 47.0
195 110 80.0
195 130 70.0
195 132 10.0
195 133 57.0
195 142 91.0
195 171 90.0
195 191 88.0
196 2 49.0
196 10 75.0
196 11 52.0
196 23 64.0
196 27 76.0
196 63 16.0
196 65 36.0
196 68 1.0
196 75 42.0
196 79 15.0
196 84 56.0
196 90 99.0
196 109 26.0
196 110 92.0
196 130 31.0
196 142 83.0
196 162 90.0
196 166 66.0
196 170 86.0
196 171 93.0
197 10 49.0
197 23 6.0
197 27 45.0
197 65 65.0
197 75 53.0
197 79 10.0
197 84 46.0
197 91 71.0
197 92 74.0
197 109 29.0
197 122 46.0
197 160 54.0
197 162 93.0
197 170 4.0
198 30 3.0
198 38 69.0
198 41 83.0
198 77 42.0
198 107 56.0
198 54 72.0
198 5 82.0
198 64 64.0
198 85 25.0
198 87 60.0
198 146 96.0
198 153 33.0
198 173 59.0
199 1 92.0
199 35 23.0
199 53 7.0
199 98 35.0
199 102 48.0
199 163 24.0
199 167 77.0
199 168 49.0
199 189 71.0
200 21 88.0
200 29 26.0
200 57 4.0
200 60 11.0
200 80 84.0
200 96 41.0
200 105 26.0
200 113 84.0
200 116 38.0
200 125 10.0
200 143 86.0
200 144 55.0
200 145 81.0
200 164 60.0
