1100 544
5 432
1092 154
1093 908
1094 211
13 211
1089 603
15 163
19 590
18 157
21 264
20 955
31 669
34 634
33 563
36 939
37 5
42 261
43 355
40 980
41 884
47 532
44 39
51 87
55 10
58 200
57 255
56 903
61 558
60 344
68 311
70 521
1034 127
1036 796
1039 209
77 184
79 592
1028 15
1029 30
74 885
1031 766
85 830
1049 625
1048 603
1051 289
1055 198
82 287
1041 872
95 540
1045 610
88 342
1044 272
90 715
1046 145
1066 625
102 140
103 353
1067 550
101 662
1065 160
98 571
1070 425
99 685
1058 498
1059 605
108 891
109 765
106 5
107 246
105 543
1083 620
1082 949
1081 770
116 691
1080 434
1087 430
1086 996
113 694
112 43
1075 933
1074 582
126 467
125 111
1073 656
124 463
123 852
122 56
1076 633
139 263
138 594
141 856
140 93
143 594
133 184
154 356
156 763
158 278
159 840
144 584
146 784
150 779
171 589
170 128
169 712
175 743
173 352
163 433
161 407
166 531
164 390
186 242
187 877
184 429
185 85
191 370
189 559
182 466
181 471
206 191
201 18
202 304
196 304
199 688
198 451
192 221
195 266
221 376
223 546
216 32
217 752
218 815
219 341
212 898
213 551
214 319
215 281
208 888
210 536
239 816
238 539
237 736
236 873
235 928
234 996
232 462
231 916
230 179
228 259
227 578
226 504
255 426
248 692
249 831
247 491
245 979
243 126
240 370
275 489
278 398
276 75
282 445
280 214
287 311
285 912
256 343
262 719
263 556
267 676
264 58
271 319
268 620
269 254
305 385
304 389
306 330
309 110
308 548
311 83
310 437
312 518
314 778
292 25
294 350
295 434
298 353
300 112
342 374
341 962
339 420
337 43
336 449
350 816
348 202
346 199
345 858
344 397
326 935
327 603
324 323
320 358
321 449
334 10
332 258
330 251
331 585
328 989
369 787
368 904
370 28
381 470
380 566
382 421
379 45
357 816
359 814
355 72
365 953
366 402
361 483
362 618
363 743
410 882
414 885
415 383
400 914
407 30
405 885
395 7
394 788
397 77
396 73
389 425
440 457
441 940
444 732
445 320
447 44
433 933
435 176
438 685
439 66
425 194
424 793
429 235
430 905
417 304
418 599
421 842
420 101
423 558
478 679
479 571
477 223
472 404
471 31
468 531
469 242
466 576
467 780
462 27
460 524
459 99
458 226
455 707
454 293
452 842
449 287
448 143
509 959
510 441
511 820
504 729
505 113
506 451
507 505
501 414
502 410
503 668
497 268
498 197
493 167
494 783
491 302
490 2
485 681
484 619
487 642
481 601
482 782
550 560
551 739
548 805
546 10
547 80
544 32
556 224
557 57
555 784
553 31
567 373
566 308
565 341
564 955
563 977
561 798
560 860
575 155
573 496
572 850
568 706
512 433
514 84
525 387
526 346
521 740
533 448
534 303
531 549
541 947
540 51
543 193
542 931
539 469
538 856
610 914
611 159
608 2
609 370
614 499
618 745
616 119
622 509
623 761
621 533
625 922
630 328
629 389
635 609
634 875
633 278
632 207
639 797
636 211
576 843
577 774
579 762
581 812
584 780
586 263
599 636
598 973
600 15
602 800
605 164
604 888
607 722
606 792
686 918
682 185
681 647
679 301
677 698
675 493
702 581
700 225
701 294
697 965
692 922
690 345
691 968
688 941
652 884
651 731
641 576
640 270
643 575
642 988
668 60
669 620
667 928
661 876
659 622
746 748
744 664
751 79
750 752
738 798
737 61
736 688
742 576
741 563
763 699
761 355
767 438
764 764
755 39
752 599
753 522
758 350
715 795
714 839
704 186
706 357
709 973
708 268
710 177
729 996
730 603
732 233
733 580
734 863
721 105
722 946
723 269
724 29
725 355
727 321
820 259
822 141
817 910
816 214
831 617
824 811
827 544
826 139
806 106
807 543
800 48
801 346
802 222
812 155
813 928
815 435
808 661
809 935
811 631
790 597
789 467
788 979
786 579
785 336
784 77
799 512
797 379
793 653
792 887
772 363
768 51
769 539
783 335
778 407
779 585
777 327
880 916
883 702
885 476
884 199
887 513
888 444
890 396
894 27
864 998
866 72
867 132
873 88
877 413
851 735
849 444
855 570
854 802
852 127
859 387
858 94
857 139
862 309
834 970
833 681
838 423
839 627
836 300
842 729
840 659
846 626
844 521
845 974
957 703
952 295
955 202
950 859
951 864
945 757
946 798
941 543
940 374
942 120
937 699
936 123
939 301
938 225
932 81
934 680
928 538
931 691
924 576
922 446
923 555
920 312
921 962
918 891
916 465
917 248
915 10
913 838
910 641
909 216
908 452
907 47
906 245
905 707
904 190
902 685
897 282
1018 47
1021 716
1022 227
1008 411
1010 439
1011 522
1012 824
1013 154
1014 520
1015 834
1001 9
1006 590
995 283
999 477
986 269
984 161
985 574
991 198
976 413
983 464
980 495
981 18
971 151
975 486
974 766
973 180
967 670
965 682
