2 18
1096 941
5 780
1099 857
8 561
1094 299
12 822
13 233
1089 483
15 730
1091 376
19 327
18 890
25 981
24 320
27 973
26 12
28 104
35 948
32 64
33 139
38 572
36 501
37 562
42 788
43 390
40 154
47 266
45 573
51 514
49 297
55 674
53 606
52 65
57 536
63 437
62 706
60 524
1032 298
69 331
64 176
1036 388
65 477
66 66
1039 505
76 104
1028 528
1029 602
1030 214
75 306
85 329
84 805
1050 850
1052 967
1055 436
82 26
1054 282
1041 744
95 232
1042 613
1045 54
88 177
1047 676
1046 276
1066 711
1065 654
96 399
1068 152
111 72
1056 69
1063 261
119 902
1082 425
1080 940
116 629
1087 785
114 598
1085 832
112 183
1075 326
126 470
1074 759
1078 43
122 68
121 343
1076 610
120 413
136 222
139 791
141 691
131 260
132 118
153 214
155 711
157 313
145 215
146 463
150 775
151 461
170 655
169 669
168 713
175 780
173 487
163 362
162 862
167 573
186 761
185 611
182 904
183 467
180 621
205 311
204 346
203 390
202 736
196 646
199 844
192 626
194 577
220 902
222 201
216 842
217 337
219 89
212 503
213 413
208 311
210 539
239 498
234 254
233 485
232 687
230 381
227 601
225 666
254 912
252 910
253 129
249 629
244 149
242 45
243 463
241 971
273 566
279 521
278 982
276 717
283 475
280 207
287 809
285 849
259 452
257 15
260 957
265 538
269 83
305 877
304 355
311 239
313 214
312 841
315 5
314 38
318 848
288 876
289 922
291 43
293 623
294 0
296 413
297 601
302 144
343 626
342 328
338 35
351 310
350 598
349 286
348 471
347 690
346 583
345 949
327 511
324 84
325 914
322 898
321 238
335 544
332 29
333 63
330 276
331 540
329 530
372 704
374 694
369 830
368 938
371 683
383 157
382 338
377 632
378 117
356 9
359 184
353 859
355 369
364 361
360 60
361 174
362 723
363 314
410 607
411 208
412 915
400 346
406 619
404 924
405 493
395 255
392 540
399 292
398 213
397 737
385 842
390 55
441 256
442 281
443 979
445 780
447 510
432 837
433 957
435 145
438 300
439 577
427 601
429 413
428 246
431 595
430 155
417 542
419 697
423 138
478 286
479 735
474 174
472 372
473 13
471 850
469 666
466 483
467 124
464 494
465 866
463 404
461 204
458 725
455 980
452 164
449 629
448 661
508 433
509 350
511 702
505 353
500 375
502 949
503 16
497 795
493 915
494 579
488 568
491 576
490 883
485 740
484 731
482 344
551 658
548 370
546 901
545 808
558 892
556 341
554 850
555 590
552 417
566 990
565 997
563 80
561 15
575 313
574 119
572 762
571 647
568 405
517 742
518 466
519 754
512 74
513 935
515 921
524 85
525 125
526 607
523 737
533 695
532 618
535 491
534 317
529 483
528 767
530 439
540 490
542 569
536 481
539 379
610 96
609 902
614 678
618 274
617 52
620 124
631 950
628 60
635 502
637 941
636 430
579 172
581 289
582 185
584 786
587 219
590 932
595 79
594 215
598 747
601 837
602 519
605 738
604 744
606 557
687 702
685 760
684 544
683 659
679 571
673 531
702 740
703 89
700 398
701 966
697 790
694 565
692 832
689 870
652 426
654 525
649 582
650 53
645 745
647 355
646 735
641 179
642 897
664 768
665 621
666 803
667 360
662 455
663 152
656 351
747 87
745 369
744 613
751 377
750 668
749 929
736 910
743 16
742 23
740 60
762 124
763 235
761 598
766 511
764 831
765 933
755 4
752 468
758 622
759 381
757 316
714 194
717 353
705 648
707 139
709 231
711 435
710 229
728 219
729 589
731 934
732 245
733 932
720 791
721 871
722 958
725 806
726 215
727 160
822 810
819 281
831 341
830 220
825 112
824 213
827 701
826 725
806 759
807 845
801 926
803 441
812 610
813 166
814 275
809 667
810 669
811 646
791 296
790 766
789 531
788 544
786 2
785 428
784 297
799 588
797 778
796 381
795 818
793 674
792 544
775 803
771 575
769 671
783 921
781 242
778 659
779 56
776 85
777 509
881 120
880 675
885 855
887 523
886 194
888 726
890 242
893 641
892 70
894 191
868 932
869 601
871 183
872 234
873 289
875 584
876 797
879 25
849 743
854 949
858 849
863 301
861 898
834 709
832 202
838 683
837 643
843 91
840 117
847 818
845 513
956 276
958 373
959 233
955 412
948 825
951 279
944 662
945 522
946 431
947 328
940 568
942 145
937 576
936 213
934 182
931 464
927 956
924 31
925 792
923 202
917 882
914 601
913 27
911 567
910 823
908 127
907 35
906 152
903 826
901 965
899 696
896 551
1017 654
1019 273
1022 803
1023 449
1008 670
1009 822
1010 834
1011 73
1013 24
1015 6
1001 599
1000 107
1003 288
1002 506
1005 879
1007 249
995 357
996 385
999 910
986 173
987 928
984 124
988 791
989 676
978 864
976 882
982 641
980 755
970 99
969 989
968 310
975 297
974 175
973 15
972 397
960 985
