3 966
5 269
7 571
9 302
10 379
12 428
13 265
14 523
17 339
18 52
25 106
27 771
31 388
30 808
32 966
39 719
36 774
42 438
43 212
40 982
41 769
44 506
45 351
51 942
50 575
49 926
54 88
58 829
62 3
68 979
69 375
70 69
67 925
78 105
79 903
75 534
85 444
84 666
86 926
81 774
80 822
83 93
93 77
94 571
89 399
91 191
102 706
103 105
100 779
98 483
108 128
109 839
106 106
107 882
118 960
115 284
112 679
127 142
125 726
122 527
139 164
141 816
143 602
129 44
131 326
130 218
154 657
158 146
147 857
148 654
149 111
150 161
170 552
168 901
174 907
173 657
163 707
162 171
160 288
166 261
165 805
164 192
187 324
190 359
191 464
178 602
179 735
176 133
177 7
180 181
205 713
204 65
207 456
201 213
203 455
197 382
198 397
192 539
221 212
222 222
223 862
216 170
219 105
212 336
214 788
208 493
235 465
228 23
226 748
225 74
252 827
250 142
251 70
248 390
249 180
247 376
245 753
241 180
274 488
273 148
272 941
279 561
283 309
282 245
280 564
287 86
286 124
285 807
284 693
259 8
256 733
263 349
261 815
267 868
270 351
271 24
268 959
269 588
305 161
306 66
309 454
308 542
311 615
312 993
314 570
316 156
319 820
318 47
288 903
289 230
291 32
293 549
295 90
296 467
297 414
299 64
301 538
302 943
343 5
342 52
341 571
350 86
346 769
345 396
344 464
326 823
324 653
323 564
320 781
321 579
335 375
330 646
331 86
328 269
372 561
374 88
371 591
370 108
381 751
380 935
382 416
377 603
379 354
378 173
356 517
357 841
359 616
353 629
355 456
365 108
366 941
362 64
363 219
409 401
414 730
415 367
403 446
406 22
407 496
394 808
396 625
387 601
385 113
384 911
388 951
440 337
442 28
443 641
447 887
436 698
438 371
425 798
429 368
431 846
430 66
416 479
419 120
420 623
478 158
477 10
475 833
473 65
471 888
468 527
469 312
466 668
465 813
463 162
462 28
459 487
457 251
454 289
451 88
449 880
509 138
504 848
506 76
507 376
500 732
492 376
495 94
494 387
489 266
488 14
490 353
484 685
487 597
483 279
551 423
548 568
547 158
559 873
557 369
552 394
553 843
567 245
566 639
564 100
563 630
562 897
560 181
575 325
571 99
568 850
519 861
512 60
514 917
524 190
522 955
533 973
532 94
543 431
542 850
537 162
610 346
608 420
609 728
614 515
615 7
612 898
618 0
619 401
616 35
622 703
623 140
620 771
626 321
625 431
624 940
628 676
634 857
633 591
576 439
577 716
580 315
581 903
584 749
585 698
586 640
587 917
593 592
595 363
594 589
596 884
599 981
598 356
601 581
600 844
604 898
607 220
687 658
686 50
685 821
684 773
683 504
680 640
679 782
676 801
674 734
673 96
672 306
700 16
701 778
698 121
697 430
695 832
689 439
655 740
654 932
649 846
651 221
644 185
647 85
641 976
669 502
670 242
671 155
664 749
665 689
666 633
667 306
660 820
662 348
663 861
656 418
658 617
659 474
744 64
751 995
750 966
739 151
736 980
743 78
741 174
762 84
763 483
760 660
767 740
764 276
754 6
753 190
758 163
756 258
757 21
713 407
714 247
717 900
716 613
719 138
705 616
704 440
707 352
708 307
711 919
728 697
733 303
734 749
724 248
725 150
800 802
791 280
789 527
788 599
786 247
784 668
798 96
797 149
796 857
793 462
792 190
775 141
773 208
770 558
782 285
783 913
780 798
781 11
778 292
779 436
777 146
