57.02713114033631 120.42270618842701 0.0
190.6432339985312 153.8273143081807 0.0
143.2862820756322 167.79393527802628 0.0
90.86425902741932 149.97016723396985 0.0
46.56760162003803 125.36317539593998 0.0
88.95073052928275 74.5434227098318 0.0
65.11171914155507 182.03571607356486 0.0
186.80780536207885 52.53549348102635 0.0
124.64083632417935 77.21498097120589 0.0
35.38213552371232 110.37213547617269 0.0
96.6825114923509 121.18975431996408 0.0
54.05652956945419 50.201259802797836 0.0
154.99254478896603 149.6180742553231 0.0
117.79765382779898 185.99961024599932 0.0
87.44146041725524 188.50560129955122 0.0
111.94077769822759 132.44992462650947 0.0
41.08065327447375 142.99013044639725 0.0
130.47220404366254 115.07602173700606 0.0
19.705827340256675 91.40817345206156 0.0
150.89647997362985 178.91252010557193 0.0
176.086920016052 165.53339235858573 0.0
57.25218728495054 13.024754146816232 0.0
145.13525640240087 128.5409534148923 0.0
102.56651414221334 79.48375672051135 0.0
149.6302400503118 24.165754971457186 0.0
103.01550926700496 137.9399650898995 0.0
176.72949779435848 63.686601376711 0.0
38.28341628388196 90.72861687789435 0.0
171.33785321262573 41.78250897816387 0.0
96.0910292818668 138.47874873027595 0.0
121.51218157150277 27.97130293824681 0.0
143.58966367771336 132.48668938153406 0.0
121.43070243068243 67.2548165790446 0.0
134.29375936484632 137.65423976378946 0.0
189.05682090322443 141.75900160521638 0.0
66.45184744036601 178.58052719764507 0.0
188.4792110453203 94.57131537741432 0.0
197.23204233701398 131.4357830918383 0.0
61.01140922767128 197.64189128104442 0.0
86.82489842884567 145.53424909579482 0.0
104.48571585236945 157.52899365961522 0.0
97.54292623209525 31.062518290925677 0.0
56.77778281305994 195.93329155235696 0.0
5.222700517701262 133.2086601367386 0.0
37.44982608684311 16.379671821324916 0.0
193.7120397880465 127.97658567630543 0.0
180.50199845780529 174.0692260006105 0.0
97.95126815346929 121.25910115817274 0.0
51.57291077053656 2.8382525937060032 0.0
137.1341701205178 10.282215147234064 0.0
84.53203045094986 21.324985775260295 0.0
136.6607910039986 75.32231862077059 0.0
95.2580278577426 39.85910016336649 0.0
176.0708189462737 9.636918023149121 0.0
34.49896946991344 20.252809417083895 0.0
119.87278668046821 66.83859923820685 0.0
127.06149611002493 102.5866706065804 0.0
189.16099956853824 107.48111011351146 0.0
11.178037967858302 106.24708782693264 0.0
14.138552591019904 60.41536687621887 0.0
39.75237694115914 36.886755221853875 0.0
71.14145413478803 79.5123012940116 0.0
134.2856181387346 86.64317917492812 0.0
52.48529052415416 72.63858598219066 0.0
92.63612825794385 101.86452623651172 0.0
143.43267109813297 107.31021708478117 0.0
43.36856379893459 110.75623221456345 0.0
187.80600114349505 56.238134757637795 0.0
12.298663265320187 52.77562875221622 0.0
112.24681235735056 136.01900687481918 0.0
120.94207423000654 132.2661579310225 0.0
148.84952646242067 113.51343720078214 0.0
171.92705390976099 30.73662314403407 0.0
146.87387189218512 106.99287597606768 0.0
93.03232532543481 155.35507497248733 0.0
196.4669402981777 92.92561408914226 0.0
109.3631730241287 175.64098452506076 0.0
100.80234673233105 44.31128870076619 0.0
192.28013459582107 106.00340306641745 0.0
127.77049341062245 72.76236305317482 0.0
94.04646865436331 128.6868785545991 0.0
148.33058263428745 24.070122858886812 0.0
118.76194329232379 19.850943280616605 0.0
125.86146382693535 85.78187102425932 0.0
103.00218102247707 40.923082624558326 0.0
159.32512745856675 105.35487965591162 0.0
83.68429832537596 88.02913274211545 0.0
102.78304902199318 88.74195281678475 0.0
16.0311643137786 154.21913908173585 0.0
184.78227995341877 151.80231895694206 0.0
71.10813362981511 152.37072475683482 0.0
33.35465492609473 30.72072061774682 0.0
90.25769973872511 71.06613783285445 0.0
75.84913266488242 122.65671181425255 0.0
102.85909772843888 91.40318178083827 0.0
27.543746741930562 124.13498559419449 0.0
24.191386061403474 79.61427310454543 0.0
108.96032201130058 62.22697442603358 0.0
141.7801451887336 188.53199791346728 0.0
139.03156438842797 72.3626621192636 0.0
171.45949851538717 150.35350464992536 0.0
139.7467648706001 66.65091267633944 0.0
118.48267597769191 23.820233892820085 0.0
157.62893162835522 57.87545778352347 0.0
114.36597233442731 70.84349946639541 0.0
58.37261110975041 156.87289059781813 0.0
16.75245382051258 80.77045295166066 0.0
83.19841848394861 144.78803177552294 0.0
57.433328803035245 34.899156004104334 0.0
168.9566541517999 36.741055049690544 0.0
2.7665681965883815 109.51537776712223 0.0
28.739090467794924 199.7299092686099 0.0
151.08372836662068 52.63795398493001 0.0
165.73450202559246 165.1305178694074 0.0
33.277684489620206 137.823497095427 0.0
150.29011168381322 84.94643721592313 0.0
105.615452314966 197.79535879573032 0.0
28.617672017409923 20.998611399174226 0.0
27.92180371189645 71.32583354650946 0.0
51.30944575638141 127.53494551099287 0.0
105.63104973276496 158.714542947228 0.0
10.805957563242208 90.2785486103145 0.0
140.80583145387183 74.37018006591947 0.0
159.18390823140678 118.72244212921608 0.0
85.0733752350836 9.416666973325194 0.0
141.10922603058233 153.51771250513877 0.0
116.53118492966507 172.90900614807998 0.0
21.526803976572495 147.09105836170679 0.0
73.02580335530445 167.15800759418642 0.0
113.63497069647437 103.16680320127706 0.0
165.8096647539202 170.82732197676555 0.0
119.91942259606945 19.657478879472755 0.0
170.4328495737596 152.88009356149954 0.0
87.49779792245317 169.42613741360012 0.0
45.827878435179414 21.116726848850554 0.0
48.75263879809006 74.71265767603671 0.0
167.8974525621753 20.959248767961558 0.0
169.20719518484563 83.55531830787409 0.0
80.5164437113283 43.301901764987406 0.0
156.8248415565617 40.328011413086664 0.0
64.71114912225013 174.661585320226 0.0
0.38970880700832655 157.55253020813888 0.0
105.88022145935822 28.525788934540653 0.0
199.35246135713805 42.43438078646027 0.0
199.2734396068565 133.70992215328076 0.0
123.5018874827841 109.10972232555463 0.0
175.54584355791013 123.69971360808903 0.0
198.04938344391937 116.37998570971865 0.0
151.0565350690522 70.36870615816366 0.0
48.190172591816435 110.74990469826771 0.0
111.68277500403134 36.12470439586626 0.0
156.9313926772817 25.873642580873103 0.0
24.27179733843714 180.4532638794891 0.0
190.9540332814758 192.05284286178275 0.0
36.454150330635436 149.9902481139434 0.0
131.50203179660184 43.219479860332164 0.0
173.39404091830048 5.669629137814169 0.0
110.76856158870712 173.87536996904373 0.0
69.153654918536 196.15672786594277 0.0
198.97601124767763 194.7494187355174 0.0
80.70004813622764 73.69116585484115 0.0
113.32278236318574 163.47257456750427 0.0
24.184695719891902 166.62783255615017 0.0
127.19649723433332 125.35964168916951 0.0
145.97745303056791 72.37829849171011 0.0
146.52995435985142 89.42612298552544 0.0
195.0380917538 15.119116506358532 0.0
189.90246830807465 186.05732021714175 0.0
198.5603141129938 24.54750828361769 0.0
159.966082989537 5.285970065032797 0.0
159.42455720307936 135.12903462521197 0.0
26.002447783772876 198.42385282490866 0.0
191.84757172268772 179.69592109206056 0.0
150.89290768471656 140.83167993986808 0.0
190.71823280495667 56.918654154125356 0.0
90.51081272605617 199.90086219684503 0.0
190.46069670134185 189.08773297479092 0.0
169.52161268129555 129.85962996827686 0.0
110.8674802501683 54.80630138332354 0.0
94.8029644426452 123.80516541460022 0.0
10.19670673299804 180.60864879305464 0.0
6.173504801958596 93.40236571256702 0.0
69.92922657562724 6.183420357996394 0.0
83.84559550198209 17.97904211454515 0.0
120.93290625174484 199.79469171490805 0.0
132.99392045304202 107.286298117993 0.0
187.3830807157511 93.65784981405072 0.0
48.058283077093655 55.98196528678463 0.0
72.6394502653763 133.44153956267434 0.0
122.87561287102797 32.93405399726828 0.0
40.381516648179996 191.73080281403514 0.0
17.4627136684949 44.730118115596355 0.0
154.6561461125592 82.20070861043311 0.0
18.24783861725916 140.31771120589602 0.0
34.092287184451294 29.413798536086478 0.0
35.77574069586842 182.48989285622835 0.0
48.389636714979844 198.56876909180986 0.0
172.38744353080335 1.9691357374047591 0.0
139.28942989658614 70.19176363124875 0.0
62.10251295609939 71.13166683570884 0.0
83.58722586005709 56.675914514075075 0.0
135.90814478632504 186.9537340800659 0.0
132.34901879934182 100.73858687468369 0.0
97.88601103796904 36.550038161556266 0.0
158.34364255765345 70.28007350916843 0.0
11.084319697705759 133.71378591011558 0.0
122.80596516455564 169.7913668778658 0.0
86.76912091260989 61.15687434057151 0.0
32.99694391160956 125.37283714382536 0.0
146.66546960206443 30.687710696192873 0.0
3.6281239053471026 168.5895933739137 0.0
185.02558029990894 82.35332509916155 0.0
158.06985205941768 43.80346641534392 0.0
95.83770969805457 183.61141987897184 0.0
109.363882246734 194.2855301553561 0.0
50.2160477293681 60.88709747308065 0.0
46.41272313074389 144.32721262203378 0.0
9.988445722509054 198.40807392802867 0.0
17.319589938441027 87.73203570613717 0.0
45.725455552021984 73.00123535512088 0.0
49.70443632753367 17.48419000291164 0.0
90.93052724454829 158.5724480939856 0.0
76.92299431541174 187.05406427518474 0.0
108.83803540272163 130.28065537503912 0.0
49.46746813163592 80.71508250951611 0.0
174.24213531877038 25.95620678646309 0.0
102.4289604856482 188.41012068624875 0.0
80.00613713624875 81.10268577060017 0.0
22.753330964203535 130.11991367359414 0.0
166.37863616211024 143.86025910344412 0.0
114.12374276890095 55.34991312145061 0.0
140.96915970111178 197.5978675746038 0.0
92.65470835803089 155.26611523993233 0.0
108.21266306633494 171.34055355710979 0.0
63.18402657107356 168.17442501918583 0.0
59.37884163435818 102.02723944480158 0.0
123.8005002397571 133.45219952400683 0.0
87.658656720646 27.633444288615294 0.0
125.34701426844383 154.70469651742056 0.0
187.5871536453323 136.48238185284836 0.0
172.98998074299297 169.83319218757106 0.0
74.03814850809741 75.60698532674988 0.0
198.54778769761222 93.8655440336048 0.0
13.252982857184792 129.81450007372308 0.0
155.12244457195763 199.81419744708074 0.0
196.8419916183266 23.14430753469059 0.0
89.68020741423362 33.490468179108476 0.0
109.42401955718397 165.6986950318936 0.0
134.57843555820602 120.11822707610098 0.0
41.545846892048544 71.3654094678202 0.0
125.63761260888175 13.753992010446915 0.0
181.7498765822108 5.739807243904593 0.0
102.208943860846 64.93461306253032 0.0
185.13510588806827 88.59357192111528 0.0
173.7895326692708 37.63772004833821 0.0
160.48288348292587 71.52596056192142 0.0
148.08872356735475 193.55425300096104 0.0
43.99556553884327 38.97262755129469 0.0
107.05069960915694 79.83632281395572 0.0
134.92271225286072 139.5361447643095 0.0
190.19005307040055 5.897896322300977 0.0
156.82606221732428 144.64138922955019 0.0
198.6985917246543 75.50968217912151 0.0
177.96106963978107 152.8080367134719 0.0
69.13313021091466 52.34376067411104 0.0
75.22932444681007 110.37144615830745 0.0
182.0957544849206 80.28754384083572 0.0
158.38278716915997 3.272326111334456 0.0
69.16938134945126 154.26071188575852 0.0
84.6373101910733 189.57457329331064 0.0
160.47318415224314 42.93280045817831 0.0
88.57945896049024 188.65979772676587 0.0
175.55394639153894 101.65326255916922 0.0
28.227256664053968 120.58605102132994 0.0
1.9309411623264605 82.06975027186247 0.0
5.331968897086603 97.8874167538124 0.0
28.46355485406784 44.324630169858814 0.0
156.48470710626242 12.130079540024186 0.0
104.81237263712745 8.383536700862383 0.0
31.318082562080974 128.82966470468554 0.0
183.61608629085438 42.964129090536616 0.0
175.06976481892957 106.87360128153524 0.0
68.6080559267429 83.69702283931149 0.0
115.00140824835839 92.38139186789299 0.0
139.74800185222168 96.56510016905877 0.0
113.64281357107208 1.974732217623787 0.0
55.545808280024936 58.33136744285474 0.0
196.55795758943358 6.7184143639411165 0.0
43.105986490337344 12.579677604998118 0.0
88.30594721993022 155.53209601641336 0.0
78.02297735844088 178.15655483753517 0.0
197.4965281626288 35.66209351679284 0.0
29.10893941131476 136.21663400951098 0.0
80.31641471517102 157.84124251704316 0.0
97.03726977600272 102.73806934447572 0.0
81.6292086470108 175.05421647059265 0.0
11.336704439883306 5.288491634058823 0.0
103.72823243023134 96.36449664636014 0.0
66.77235473152368 125.98606351098458 0.0
85.04822739733129 141.04835765531402 0.0
178.00162574357003 47.01427625323211 0.0
184.61831916502553 193.3204028526738 0.0
110.49450736660835 140.71320329076477 0.0
62.765383921667976 164.22396403491902 0.0
106.05932207231423 83.18400482968649 0.0
24.553307253507796 144.79906796733707 0.0
62.916545306910976 38.5074277051467 0.0
149.67035713970037 43.42949126318059 0.0
53.1148618180048 60.09130579818047 0.0
70.9533776697344 40.30961376277571 0.0
64.18528576716514 86.32592980766259 0.0
183.4640717947885 63.26077854646155 0.0
37.280563666740754 69.64032419148563 0.0
167.00925915486994 191.66601082529175 0.0
140.64880498972593 71.21656817167523 0.0
187.22344818922792 29.080901421749573 0.0
165.14175266980052 178.0331927259849 0.0
3.8087675709891133 50.11758398741737 0.0
157.55971100585066 54.57297847047713 0.0
59.25373300712544 123.48783181027312 0.0
117.98665925321734 28.444326867974624 0.0
47.328994211680175 40.630313416648974 0.0
178.87073086096856 27.32960480038504 0.0
67.88467529950925 138.13604173698587 0.0
156.4567030750951 34.087793706047464 0.0
62.95053864681079 192.22534528497604 0.0
119.27878902049456 7.502951608684483 0.0
198.8668064908779 84.81840540821854 0.0
53.77348783136162 28.08397241743652 0.0
10.149896321578522 93.28084654684676 0.0
23.67393919219898 171.48524756474336 0.0
53.024072090524534 39.71458521161723 0.0
17.698661002242222 86.53181724845858 0.0
130.02638307616147 150.70347916918652 0.0
159.1492413450692 60.49682074603262 0.0
41.81904565563526 124.71217437428118 0.0
111.3829542093377 91.19289460333724 0.0
98.3197291578338 181.87576394167795 0.0
154.7280191763648 153.6034226709733 0.0
78.48701292263243 179.70683995774712 0.0
133.2606341715122 48.19352751328581 0.0
166.57467571802871 18.285592819640883 0.0
73.96456745506075 148.70470965326405 0.0
12.395128341556006 129.78774339608205 0.0
166.14560393355222 29.151223550478722 0.0
64.10879428306535 49.74407797133515 0.0
155.57471320094146 142.90019798576333 0.0
104.28293342006975 101.2144271214348 0.0
55.68542756917023 51.131694126817465 0.0
83.43975341254546 88.0980694977136 0.0
7.2523642025333235 153.63889397799954 0.0
90.04047934502066 190.0914817362112 0.0
128.32950760150138 61.842669554326136 0.0
21.828343931219063 179.3435314865648 0.0
87.8283638965202 72.05888406294454 0.0
30.68028219337706 37.64720760819764 0.0
108.96766599092453 46.470801415805376 0.0
101.59344969542249 43.046050254544376 0.0
162.92788594960885 189.92308450700827 0.0
196.15939045337768 16.022533193733125 0.0
48.395395186259506 122.56786109292786 0.0
41.855241007217224 67.974716593098 0.0
69.28259666840573 91.5574642510958 0.0
80.70777379620682 78.47644717862264 0.0
120.76202263859095 139.39250960912688 0.0
104.36287151464808 42.85566332235613 0.0
172.8538647718723 152.19793892656816 0.0
97.31935305216324 177.91415160759482 0.0
1.1580180208675905 148.113902768758 0.0
186.0628588537017 51.15143589401019 0.0
155.92325410250018 134.15221530127818 0.0
149.0618341380385 7.64426014722277 0.0
183.49773572635985 159.2833396946593 0.0
81.06445222212584 8.772526521082069 0.0
18.306559439263914 22.182824432657732 0.0
124.8616614193238 68.27122034090452 0.0
48.85378463622085 53.98023215663572 0.0
84.65824611684421 173.62729278896444 0.0
27.847607577448088 89.5176034115172 0.0
17.420323289418604 114.6292556886155 0.0
144.39935200190487 165.0386489865926 0.0
162.04421676525772 5.916464565773305 0.0
5.348100229683306 35.89384758225766 0.0
10.918243493073776 86.66405856409396 0.0
183.11463617978538 94.76068168040545 0.0
154.42553435948213 8.07858384602822 0.0
179.08976710688762 89.04243335629086 0.0
136.1625192884486 78.1684776481074 0.0
124.41374337593287 185.52283928865128 0.0
145.12431123253592 23.292514290476607 0.0
94.10501483636489 11.018108172393525 0.0
140.8347712674528 147.27847708406068 0.0
145.8481807866528 109.68181257360395 0.0
158.37559289192816 121.44338744781888 0.0
111.35239521005266 0.7822313295143601 0.0
72.49532569561804 22.635582722387724 0.0
166.04333258518233 95.18577828171624 0.0
13.455804203724831 51.45813881242838 0.0
81.95307394982316 134.44422334052027 0.0
122.00000164175032 9.122082229174456 0.0
29.024043689565815 153.29750453283643 0.0
6.8019382710341025 88.91693364859734 0.0
31.644627953178016 34.56790471438873 0.0
124.98574909058198 47.0752495597512 0.0
110.08563070688207 124.83554887478768 0.0
144.77770477033621 157.84673557318322 0.0
140.60834177542725 109.94909953450602 0.0
169.08137603600386 128.886802458174 0.0
153.36654184639121 11.339766791191131 0.0
99.74289995762568 155.60322394987068 0.0
153.82628809832656 157.270611724888 0.0
4.4996271393737075 126.89386795368107 0.0
1.2789539043359 107.56737005709627 0.0
112.08225534092631 59.74736226075545 0.0
7.124483640668089 166.0409449016353 0.0
5.666862381293991 136.46770772841123 0.0
125.95350278099005 101.72583468668586 0.0
110.85001382010114 45.822860761368965 0.0
104.05829350209042 18.22291989503921 0.0
81.54657593961394 88.20644703503224 0.0
122.85444606350337 159.84883081239448 0.0
175.68645899807998 94.94072084590819 0.0
128.79636198455762 23.958529547211384 0.0
182.31303799471922 33.13805158798551 0.0
176.72144668455414 60.721499571681356 0.0
112.66269265802624 20.077204266569602 0.0
130.15936954264322 84.79619232123447 0.0
100.03123860010324 154.83980951803946 0.0
159.99432238395755 97.76131043555733 0.0
166.70986077859106 89.99140122270694 0.0
61.96980002975372 125.82672197496491 0.0
110.99946549311568 12.380567284206911 0.0
73.87691869080446 114.2606765336112 0.0
143.28912755212576 79.66870023057642 0.0
14.86898361875635 88.13423295001364 0.0
57.410729256552884 167.99198706353184 0.0
192.1963890585165 88.39771191136316 0.0
61.958590327419486 26.19635912136278 0.0
24.757693441461548 22.96823763427509 0.0
115.98926190774108 3.375025338968185 0.0
118.21414864886903 134.42124717992988 0.0
114.49345133311004 18.977496469527377 0.0
193.01652705275382 79.04318048050436 0.0
151.25838428216366 178.54792851806286 0.0
14.544757085161875 36.41641745837079 0.0
150.21563761321946 3.1896625660365885 0.0
103.66230457022203 24.37166662942889 0.0
1.0959548772387917 37.142012357891005 0.0
116.3389087537382 81.0571193727513 0.0
161.18914777805892 25.394325629788717 0.0
172.5967697293792 194.03764343093954 0.0
92.2336970134141 112.05139436908529 0.0
87.88688879204358 5.7514647477771685 0.0
89.9373810769475 0.20346664446873053 0.0
14.103821234974045 5.3157463182479825 0.0
33.35657972528221 135.34301004940045 0.0
32.798645030219475 128.5865948102608 0.0
132.33869312331882 126.90958126124589 0.0
159.75152935604652 31.543107661690218 0.0
83.45857457185768 6.333140234183765 0.0
17.916817633145875 176.47904065480333 0.0
158.35638758506056 134.985262783034 0.0
114.85518451673869 76.14985942857302 0.0
43.11101295255102 21.73666865548334 0.0
21.11886329888213 177.93690885433344 0.0
123.25948800844057 187.3587108643291 0.0
187.65762836016467 138.25455824028523 0.0
166.29977820112958 121.79535511169388 0.0
63.16466493425275 36.84015098157709 0.0
191.99043501347168 120.37135335338971 0.0
176.3831393693258 11.230818787367047 0.0
140.48758833663905 156.2913627109813 0.0
133.74573833155318 53.64509012585481 0.0
149.3360127959334 149.32381415206467 0.0
49.32107136830965 105.651388664108 0.0
32.557664838336756 24.352308199108275 0.0
171.89238653398715 110.41959877184712 0.0
118.55778279423774 18.516585883388224 0.0
3.095563181359351 138.01588948860544 0.0
148.29493454513317 191.95400379944488 0.0
10.895004310893563 86.11501916833856 0.0
61.13820179648655 24.691498681216007 0.0
134.27749840154195 176.66853634600886 0.0
3.061147963444477 141.02729219612073 0.0
47.89578061236281 118.48118628090994 0.0
180.29873363834653 192.78036624376261 0.0
9.49502311578967 186.31202912844316 0.0
51.320050653139695 154.07505815148417 0.0
48.30708338068672 179.03076813622724 0.0
0.9461570990637158 132.86699732286314 0.0
69.19885567233935 62.52387863550426 0.0
72.66892094002688 88.2057930568507 0.0
145.21273137487435 77.45915699202668 0.0
148.70339255728751 157.26885395303856 0.0
50.238593519330934 197.6814399849747 0.0
162.03268662048492 42.48988084432517 0.0
143.90845079672366 61.926190215437614 0.0
100.68100680065963 86.6445401218396 0.0
62.406351038371376 69.70187298428503 0.0
121.67692645610428 72.54491450345444 0.0
