129.14789712326885 188.05511994151155 0.0
113.65402455575564 48.28932321759123 0.0
89.40174416234508 194.55224806059314 0.0
183.6917160093601 18.497941453891322 0.0
192.53043697552116 79.62570166227567 0.0
168.11829808221773 135.51939208978203 0.0
140.65149784724483 12.338672403491891 0.0
155.09681043318977 71.69133575171014 0.0
7.557063394870811 180.46557536701516 0.0
13.419769663733838 176.55099950116042 0.0
62.89828943356599 129.41761397795304 0.0
16.685669237088984 194.66599060023324 0.0
178.72238439677156 70.94931091609075 0.0
133.63242526508773 91.7621973954193 0.0
47.93381636433589 169.78189499679297 0.0
67.0313371436394 194.6481938541022 0.0
70.2278002288856 43.81867682341778 0.0
115.14670620893763 68.59932399497724 0.0
168.2706906342826 172.41650581550886 0.0
2.6178037935542298 105.27899382946599 0.0
185.37852907949448 197.21642369635583 0.0
181.72141122548686 74.93853879039838 0.0
85.67153224225859 21.325830909900812 0.0
140.3247846629882 108.55120439222252 0.0
128.65882870465347 165.18343953744844 0.0
169.44039473550404 118.69984192987792 0.0
122.4344078291815 21.227326924748667 0.0
41.14540212556162 142.45194196610856 0.0
173.14170375320376 64.52557907371796 0.0
126.73032003963465 95.11971644799004 0.0
43.0908688903487 122.81798811433285 0.0
45.29303762549803 160.7170001653691 0.0
105.8893356696365 86.95631803243573 0.0
174.59567616805523 113.08878881792602 0.0
144.1728238344167 151.51981305112497 0.0
78.85361177217224 61.103308897150654 0.0
74.00049068125296 15.4215688017435 0.0
112.22733047445696 41.96061795421344 0.0
99.70454149126957 43.610514046121686 0.0
142.13946944515192 148.58566293894515 0.0
3.9611263583370304 193.5128516084136 0.0
103.1408868231708 70.23797089724131 0.0
60.075950305609574 143.64573233097997 0.0
139.9012354985063 49.8840547530794 0.0
16.954513348545362 126.87514424007895 0.0
27.001039497034206 117.5427564013422 0.0
151.9535978737198 67.07901087623995 0.0
163.5537958017241 45.72781293485373 0.0
112.78703167947053 145.51551950760125 0.0
132.28827165096638 191.2759225036929 0.0
176.88540078756103 81.98578044521253 0.0
185.57269619032382 37.262793139474404 0.0
45.08597462185981 5.919023115011179 0.0
74.96403032432295 29.373529528919697 0.0
156.25553007214347 13.797570524683266 0.0
176.2172139012782 13.007922722163157 0.0
160.42555974058007 161.87783705769556 0.0
78.29071044571987 20.56527331423068 0.0
20.245626255327977 126.95276778723475 0.0
102.7363150901825 132.76726398020168 0.0
24.037427971747327 82.94012608196908 0.0
198.9626916021065 43.54171630356163 0.0
188.45860739961154 87.3700845525072 0.0
121.21378429772638 194.90392256326868 0.0
104.76182886299534 49.38473898657563 0.0
134.70462142497837 116.43641337870649 0.0
39.86135801236708 159.6510584120831 0.0
121.20878565599851 103.38203299605266 0.0
41.89582794959803 102.62804756031541 0.0
58.49327430212872 198.02928395323465 0.0
119.70247126700863 42.91778571845124 0.0
33.34804186440445 0.9830092986989669 0.0
66.59469715051738 79.96916795203323 0.0
14.559162876551524 132.0773799442628 0.0
181.06136374399088 199.19219967192294 0.0
160.02596076118382 185.10244315080215 0.0
0.48279882511743644 112.57980405379615 0.0
61.324211669385775 176.17937879614195 0.0
8.684990258410297 178.22304951235583 0.0
39.368894030191456 172.53373476648997 0.0
104.13018248914463 15.644959183612217 0.0
196.4316836995592 6.579991404262864 0.0
22.76839304649807 92.66690496060374 0.0
2.6198265764901807 129.64483743619454 0.0
98.05116757781221 49.56081674327972 0.0
149.02468284806548 140.32059176129823 0.0
110.33534715044324 47.529439274095076 0.0
35.099721343554876 134.35432458229383 0.0
128.88112678424056 181.09593928017014 0.0
174.42939750755974 166.1422507235044 0.0
181.87539140813195 177.77317648065963 0.0
0.9017629713393482 186.3129889208659 0.0
103.38776273260089 23.422150703528153 0.0
36.39942167625121 25.547491150214107 0.0
0.8933921483004426 197.99801426953476 0.0
141.47478020230167 131.69728539475167 0.0
62.97309400432991 83.92127641606544 0.0
12.077326487358263 35.426978106581174 0.0
84.02800499360974 18.100757277502623 0.0
8.252056161969223 119.02082598005177 0.0
121.32242688548595 198.6740003131872 0.0
4.829795981363594 193.6573853867866 0.0
119.39522508550724 28.81987241130961 0.0
39.48181387171943 52.37020673881489 0.0
137.85653630419458 82.53711920887297 0.0
100.1125045826821 159.0767191029925 0.0
0.8132644735127537 111.07179482163512 0.0
41.41562337326037 158.47137671015986 0.0
149.6433159349769 173.71541936787926 0.0
149.52109926181205 147.24332916644067 0.0
25.565058741503123 72.98494103546444 0.0
84.01093884633315 33.9928513643301 0.0
34.42518799413374 1.7344333515445731 0.0
18.18439082889183 33.384867054239756 0.0
53.35458349910493 68.53776829294567 0.0
171.30405829271967 189.49197276134205 0.0
127.41842392450302 157.72032122837325 0.0
180.65613969147455 3.943413237657789 0.0
74.11330516251029 1.7070440461658842 0.0
96.60975738144553 156.41049082652054 0.0
164.54074845014893 195.89312690609822 0.0
0.4615867160429721 148.12307289859945 0.0
82.31295708363864 170.03266019557856 0.0
142.70382893349998 73.52571705841409 0.0
174.72337074871993 45.179693869534844 0.0
78.45503554992221 30.846252879271407 0.0
5.440922238592161 51.50518135349118 0.0
137.14475728922196 119.26347888778344 0.0
193.96376902843565 159.85240614430646 0.0
105.14474284135741 138.52487229811567 0.0
84.29445376746256 188.68239167488704 0.0
22.89083205236333 6.279169216523983 0.0
123.77542739173431 88.10010582597943 0.0
102.14129009407915 139.0527838520075 0.0
152.7500071258565 173.94109958044882 0.0
154.36891108246874 4.713082102312494 0.0
106.69081401963898 187.43737832666244 0.0
187.88578747143922 147.4256001232692 0.0
114.66391663031364 189.7704634219408 0.0
179.1511029569127 10.526324647490126 0.0
41.47380998968684 65.8584389594344 0.0
52.814093717252696 38.39426598648912 0.0
165.5606469446165 8.013063142147203 0.0
15.395583244581701 25.323563113197565 0.0
110.6978792515957 177.64194165275782 0.0
179.1133324729709 97.55850735870457 0.0
156.7649402060181 1.959931805691073 0.0
85.20785206544497 64.06879943995902 0.0
43.3462054647894 52.71287039955257 0.0
90.2269174705277 152.3065435815373 0.0
149.63401036223166 175.2059255348919 0.0
14.078630886723808 157.10050623118835 0.0
85.09004896905348 88.4678595650607 0.0
165.26438625199313 174.00717132709852 0.0
57.54610690832418 61.17152800781296 0.0
56.554686658394516 162.85228806860752 0.0
98.90156598371978 82.97009918782865 0.0
3.4722832075833265 192.86058496451037 0.0
123.30169645190674 197.19743079975325 0.0
158.29879166954703 157.68540168639967 0.0
68.65738652001896 138.42014904619623 0.0
173.92227684421943 16.814129195711924 0.0
29.59343677426689 127.11812132590205 0.0
14.695126599843732 19.239286481809014 0.0
128.3891200863099 13.808857857753587 0.0
35.5728697953575 95.949228197991 0.0
90.20132145593851 136.22073174955997 0.0
136.1563157760916 69.7064751419131 0.0
89.83711398303087 55.65868307194937 0.0
162.86085221161198 123.74577797899285 0.0
19.569111619825954 172.4953701828319 0.0
180.28837379596533 95.43801947300274 0.0
90.96367648044938 85.75962401458841 0.0
161.9788078690626 16.630205948511968 0.0
28.41838964701038 58.08322181686585 0.0
61.06983150504928 109.28576395939118 0.0
38.082010699900714 74.80604447289312 0.0
112.99490559115348 163.2135067645601 0.0
43.05646019683156 144.8286606800532 0.0
195.20127131540355 72.08767217354641 0.0
164.2571474875147 80.84061983160812 0.0
122.97123614724288 84.62542418534555 0.0
96.03435142998693 17.841577704877665 0.0
95.78148769775838 39.70245660798126 0.0
76.63506796682394 181.411653556384 0.0
125.23688699057685 97.35111033639892 0.0
185.8111581575182 100.97627160007292 0.0
173.46659969308956 51.999816888574934 0.0
115.35633237145927 178.35004432851977 0.0
109.97213271791853 19.976463416918765 0.0
153.08098130454326 68.13304115355061 0.0
55.268308923937326 130.21245498337427 0.0
96.71041031467456 104.07211435462835 0.0
21.259824835130114 15.248399258650247 0.0
171.4187188226491 14.288803111017279 0.0
181.1475569355315 199.05615895550363 0.0
163.18696800214488 8.31456376402826 0.0
5.760378082448359 108.85634567822149 0.0
99.90095200899079 190.1629800539862 0.0
88.55984538254329 0.02422371201102891 0.0
113.08043420465113 154.2078286726509 0.0
148.16652184036965 176.34112115893467 0.0
195.35819875728865 154.4248438413036 0.0
45.108498223500334 112.26244218275107 0.0
32.3039768174568 2.5940437512728565 0.0
78.59406336815715 39.5375717395561 0.0
131.91470468307998 47.348685697765426 0.0
139.46203556136948 47.43086534567529 0.0
101.06923417473175 13.495876446050637 0.0
87.06498487784691 163.95709039319874 0.0
125.47217030828708 139.8229046366283 0.0
190.69197554524771 34.95869417273163 0.0
98.08802682314426 143.64253054671482 0.0
30.239045199842842 98.51637042209983 0.0
10.793509251535305 61.61942851295892 0.0
86.18732784898049 164.09843783775136 0.0
174.95225534217724 168.95909237308507 0.0
165.55014396798458 49.01858122638028 0.0
168.8429596133619 162.8295817463669 0.0
8.301950600384856 199.18566102739015 0.0
123.34831571353442 10.925506844450549 0.0
97.903781502835 26.793227075505133 0.0
52.03884168819239 112.3727469548399 0.0
59.89108643096019 34.510548573816195 0.0
7.762197594056497 95.71145654025719 0.0
74.0917456612014 63.90097409807956 0.0
105.07509494747862 87.48398967252254 0.0
48.89331955522218 5.207519353129619 0.0
86.33158656370131 24.993349060259696 0.0
110.0803782021466 36.309636083241934 0.0
128.96796938226117 158.08698892280978 0.0
42.114178652459344 120.56917876296687 0.0
192.50117295591002 87.35969622339246 0.0
86.3285862101746 86.44763858195942 0.0
185.98403544198942 119.95842940855105 0.0
148.36765577225373 136.19082831222872 0.0
0.13743022738543775 189.21109190363353 0.0
196.29191983340894 86.54113849044238 0.0
193.10579080031403 80.59014295643914 0.0
41.13188540807495 31.3517694823219 0.0
44.75912358913252 34.061136117109015 0.0
183.26892509081532 34.14110221270581 0.0
1.6911399433936714 151.65531143957313 0.0
180.87522266785075 108.0397321515621 0.0
23.539798444742498 29.144394439538466 0.0
50.746019990597006 121.2465747187905 0.0
10.982936894580275 51.98484745191523 0.0
147.209001938726 178.024544042722 0.0
146.73846912463563 48.237831265351886 0.0
181.3971816899692 68.43040236253684 0.0
13.124904323927232 74.9603379743211 0.0
141.02320156386816 154.38742661966893 0.0
163.21480663607514 29.601789596301753 0.0
49.89463482391186 165.37360750275337 0.0
17.34012084650127 124.22971051923055 0.0
166.76124079423522 13.91208604714025 0.0
132.68502356592654 37.94691265753325 0.0
164.6868719464747 109.2147597480594 0.0
50.92840316898703 171.6519160966149 0.0
54.99022841047905 146.7438549994981 0.0
67.37475634609042 69.33316198532245 0.0
123.90014703840187 182.12048971517967 0.0
184.7387227345015 141.37686150395842 0.0
135.4228371238364 159.72318059238202 0.0
15.72514748893128 127.90720956527231 0.0
120.51981325778551 159.48346776922875 0.0
80.77303269893872 73.96684206950168 0.0
20.5471127203674 49.79966206903717 0.0
10.80841459158577 153.38448532504663 0.0
82.00765631832839 190.15407857238162 0.0
9.577643398646153 74.46573864396353 0.0
10.020429310297185 113.93289030186855 0.0
156.10915192984004 28.18208454474145 0.0
79.51153655739587 140.11202003215297 0.0
135.078472968921 198.32221059845975 0.0
75.98385941368464 11.886398539244091 0.0
171.32756650384093 143.1088120186261 0.0
91.82355515343114 140.98410664951336 0.0
114.51639322951456 79.07314415348633 0.0
39.45320153661274 48.32087662031679 0.0
170.86097631271696 50.51858988309525 0.0
59.24300242061693 134.81451628887754 0.0
111.138912560014 151.69360716819563 0.0
197.94292055807986 190.59298640009453 0.0
97.6197712302582 183.83351339514428 0.0
12.500343873493257 56.49370821612942 0.0
167.30445611442474 175.51954736309128 0.0
114.47924209166959 188.6659887220575 0.0
84.83407336164773 72.34278604655795 0.0
111.89851242022715 145.2523035807824 0.0
135.65551042979746 10.649516397808423 0.0
128.15868147415273 13.538413882306276 0.0
68.50741199233408 130.18375422313204 0.0
81.82769532201857 126.62616363902059 0.0
16.016855525318952 51.73161952420231 0.0
196.40818148987398 80.5970887405532 0.0
23.173576993348654 148.41137263189697 0.0
175.80993941163476 56.29886301640439 0.0
195.6751291949699 173.04200154861837 0.0
129.10322739992785 174.30069430741167 0.0
43.61297920520184 69.06224172950924 0.0
57.22976767890564 67.22793188778435 0.0
140.69602854655506 88.76104945205674 0.0
124.70006123091181 40.60014461155392 0.0
145.1847159373329 70.11955880559304 0.0
30.907120285359845 111.46095261449824 0.0
135.9353025931254 82.35363283291753 0.0
168.538344520752 63.50206647443613 0.0
105.43060006978959 40.28519696988673 0.0
110.66876692223397 38.04792494953071 0.0
121.39990204435915 108.95957891231704 0.0
103.47046747231154 92.18153837582739 0.0
119.60745967258943 172.46515087896495 0.0
58.07457658972497 198.45600770245167 0.0
122.61544159403668 124.7006511125973 0.0
32.973768775658115 135.05045595469215 0.0
92.80382506840714 54.87460964499071 0.0
177.4547633995113 20.893010741677976 0.0
22.656255914558066 146.81030692517263 0.0
166.90191024330008 87.18766593738509 0.0
41.297439894142315 88.66893003493873 0.0
102.41444828481374 44.94577949854535 0.0
73.49432237381141 198.49241020102107 0.0
70.0316779698488 107.53718686387646 0.0
125.80965199225172 111.0067093079836 0.0
58.96175207756884 157.93979667690274 0.0
194.3232914522053 142.4152406351894 0.0
123.56143478890691 112.28075526151456 0.0
89.3131013158899 152.45125911170047 0.0
140.41567192013503 24.42621932863853 0.0
154.51380697809063 56.747015811754345 0.0
59.71746742643369 100.79091579926329 0.0
122.04881879327141 107.61670511674555 0.0
179.24998180307844 150.20262086455435 0.0
188.85650766111277 57.639100197488055 0.0
79.62452017861273 80.57094920621776 0.0
26.409107141698883 147.96494973567124 0.0
51.02943750866438 72.27363976971827 0.0
42.74880114463673 122.06329377448782 0.0
114.59672722103467 7.587852016987795 0.0
4.342330987715193 155.65978370030405 0.0
95.59450141962796 16.15785078631353 0.0
94.98178566550803 114.90934042734797 0.0
41.00519216385261 8.404639576010297 0.0
39.93600069486867 107.38436447183024 0.0
190.65085704203665 11.947082684855292 0.0
55.78348355798255 74.24892807572809 0.0
108.8785059358774 0.5182146755868144 0.0
99.83425490380846 187.02832490627614 0.0
62.91997489541829 110.52438364785134 0.0
187.77471847672032 58.67248011031998 0.0
94.39240243843822 77.30904792773299 0.0
24.146127676314567 56.15077634312744 0.0
72.00692660327685 191.34698802688143 0.0
47.493781204166964 110.6049073050556 0.0
136.40482070023424 74.00892863591373 0.0
30.50073952065069 161.1254114252455 0.0
152.14176993193115 103.20041248148073 0.0
195.14623826895945 139.5066450955325 0.0
67.19265791062136 181.0930397173312 0.0
3.9057579567091105 5.873999130031637 0.0
46.95070012068223 129.33006059277693 0.0
170.23607145404765 178.86618562963375 0.0
97.54638818524421 121.50258414940123 0.0
195.06529521054185 169.09453841475857 0.0
22.41324107741267 18.356453529453056 0.0
80.73442344501383 120.8903505041651 0.0
166.37889253621861 58.104226921897784 0.0
199.81353356245143 94.89022735545223 0.0
93.1617269169202 72.38044350724392 0.0
3.4421779304165234 82.79860151033706 0.0
115.00464956880019 47.79263808293 0.0
142.32034577601465 135.70562594095273 0.0
47.27931314341778 33.684603615460595 0.0
43.202638973828655 8.627565266457026 0.0
96.24561002500307 108.64229208175453 0.0
34.72510427466573 176.47615003002832 0.0
4.752760503922393 161.43707177559605 0.0
148.6205752222988 160.4520824717045 0.0
78.51999559318739 16.514887972742144 0.0
135.85499864727612 18.897234400035302 0.0
94.73628892849288 139.80406475724843 0.0
31.943838636609613 2.9290068331862207 0.0
155.07023036513806 197.52855015384958 0.0
181.68404471854421 154.71933070720436 0.0
86.78267454858182 108.87735342746028 0.0
190.76385758073226 35.070021186776756 0.0
18.486300493950413 132.79513993124496 0.0
10.189085394123133 6.975070836465602 0.0
61.197921482132344 159.82291366859357 0.0
79.19119160410992 173.14968543312875 0.0
10.680757884825809 141.8318062909992 0.0
153.25900376920268 168.04479871379593 0.0
53.675670945872 85.65703371002684 0.0
126.16247010591049 138.65499722040335 0.0
8.471650061047065 61.053197066574995 0.0
18.313423378499415 13.466710161917339 0.0
59.367707695641144 29.05610571983852 0.0
148.53490966546218 155.1827083073112 0.0
54.929614388979275 183.75040970919397 0.0
132.28712054671956 120.39791563103901 0.0
31.54670102323354 118.6063540895569 0.0
156.62467709371614 108.19066412696954 0.0
96.64535770960485 77.96305665621364 0.0
170.6363894447777 169.63258342908549 0.0
160.01749113675487 34.899762530811614 0.0
199.8453570649421 171.50933646947578 0.0
37.07380575403778 148.65060944121396 0.0
144.02367868815185 60.083491694148236 0.0
164.43317587215049 97.88243900592188 0.0
150.10277201199264 154.51994048334151 0.0
166.11118958412584 60.569353327557195 0.0
165.3366611065032 14.633216769060864 0.0
187.67223256698563 116.86167614090812 0.0
170.6023818519028 73.90525375962238 0.0
76.06126253850243 188.2611121387729 0.0
69.69802422850242 106.26115062026855 0.0
124.43289279122655 94.57793571214906 0.0
67.72556039899268 103.87944078203724 0.0
24.146916415313015 109.56007655764766 0.0
10.122269770862014 83.35271652192317 0.0
70.20110162365405 126.7480729697001 0.0
173.63092983864075 108.80315696910469 0.0
151.72349915045424 9.023923879577778 0.0
1.4757038772706954 23.09691753284582 0.0
25.748218073896155 88.48591464955358 0.0
57.23708439156503 12.090132773577622 0.0
20.350014805700155 107.69551927869682 0.0
35.39589894564956 191.87851695183087 0.0
42.31478088813117 149.006639058191 0.0
11.242874110968181 105.311522496017 0.0
174.87447385288218 85.601426805472 0.0
38.82689372604491 141.57111491903555 0.0
42.636545512280264 6.021002046251067 0.0
112.84156951157027 51.40426447138555 0.0
93.68969228767132 113.39348590160982 0.0
198.82637527467392 120.63734435300721 0.0
2.9690464152824614 181.2258021203664 0.0
105.78510628509133 185.88966725004437 0.0
136.31571070158137 159.53971592363624 0.0
26.301042391213247 128.94244294051146 0.0
31.26697250265813 168.29677901172118 0.0
1.4546726866795368 170.00854144772325 0.0
148.4651482370185 89.47075528715986 0.0
181.3264939626263 195.18746460184852 0.0
126.67455468865738 74.79021229051253 0.0
146.59390888230405 99.67904569224831 0.0
34.747696826667166 123.088161798176 0.0
132.7077956470198 105.86836181684754 0.0
55.48324292638678 49.35942775591269 0.0
155.36094060847327 24.183561871248592 0.0
59.17005425076043 67.04075545144683 0.0
174.43704000861914 64.66718882318021 0.0
28.712932858971385 35.69254524594039 0.0
153.35552686511073 78.4908083417615 0.0
83.58748800247918 188.17526618732157 0.0
171.70413251350726 11.181694325087133 0.0
116.47294041499127 44.5776145020774 0.0
31.2775305819039 83.1194690530549 0.0
4.263321044447976 44.567561764348284 0.0
59.11704846175927 177.89956117473872 0.0
184.25906944786868 185.50149508478074 0.0
55.873014330700045 115.44957555579217 0.0
96.69259254133318 40.54071376869217 0.0
163.78779177550103 114.32348566840172 0.0
186.34291560814796 149.18863740553897 0.0
35.82417449461295 6.387888556420007 0.0
28.84609971489165 122.07607409969987 0.0
75.94036479351733 57.15340607369759 0.0
101.4097083349777 82.48606275709467 0.0
90.23935189142126 166.29352046025318 0.0
152.99111115937913 79.02372873110166 0.0
39.696927837873645 175.43211624349127 0.0
45.600984657464316 47.0008141464227 0.0
117.39941719854126 194.07009771620014 0.0
136.24501587819532 170.51847575521677 0.0
86.69842939097083 69.56050985770335 0.0
148.1182342695505 102.8960580929128 0.0
111.41675874634159 173.33063735137864 0.0
40.01809258142983 40.007636395125054 0.0
185.21600634790235 153.0886687968423 0.0
24.543879604544937 109.25214048878476 0.0
124.46307714976794 9.541452899842561 0.0
8.501703738321552 136.29693986948587 0.0
127.40928468080534 196.18914102633005 0.0
133.03575570493035 182.39887056150002 0.0
122.22232312352143 12.05131030726847 0.0
176.35817492021795 107.02070585834853 0.0
127.38797385739078 159.71853059833393 0.0
148.55141338044183 3.6251646718445274 0.0
30.224957618784476 174.91206705943677 0.0
55.76853428794384 80.94259376684138 0.0
152.73288087999546 98.77377346238501 0.0
140.25840895992573 17.672486410103527 0.0
118.7198214529064 60.39710005297485 0.0
112.99445769578531 5.493206610077261 0.0
62.13267023211593 164.64925894439827 0.0
187.2869354224101 13.418132767616363 0.0
123.73983678341001 39.12371224282965 0.0
94.61060767704362 55.950709937685275 0.0
71.79259841677914 184.101082668524 0.0
117.9809328809224 28.15477453392623 0.0
152.01782610761492 90.68579825296243 0.0
113.56362982697779 182.6707789532811 0.0
123.27147039755566 144.8246965796902 0.0
107.80402277367307 166.87239159389568 0.0
67.40867262935508 18.70302007949509 0.0
155.2140499823872 112.77216090715561 0.0
175.40304513645415 166.05216584534327 0.0
121.05646781113376 177.94896508140337 0.0
106.47405850025477 184.1927298594325 0.0
113.51734912469821 172.68397965297913 0.0
92.95820459472837 183.17532660645338 0.0
31.55940815631293 76.65602385062549 0.0
120.88608077296199 111.17089530453872 0.0
117.50045493545764 147.96115438342022 0.0
54.70406719723548 25.301046905710113 0.0
107.46263996175107 157.8854563953491 0.0
94.30595922206201 168.3882901054662 0.0
158.18986285610384 46.77412053023653 0.0
53.516319893242034 14.644886253092547 0.0
195.3321792899577 189.50373783138508 0.0
31.394056893915923 181.1081855342054 0.0
76.14768965591155 83.47913096642199 0.0
111.2010556125606 66.66939042940886 0.0
188.6738581693027 27.739814689406384 0.0
166.60756016148102 76.83176233658682 0.0
19.771888751258395 48.67535380817356 0.0
80.6822784912044 119.87322907113874 0.0
16.049215183593525 146.01301021988462 0.0
90.4419393075783 118.87760282254128 0.0
134.51686024465187 82.1550345234488 0.0
158.21145754275898 174.13750949472214 0.0
33.93989009444842 18.60703649525761 0.0
40.772567705102404 131.72134366505048 0.0
93.1907430411931 115.15300271987144 0.0
78.25522111420004 66.5354370507238 0.0
159.51686685108314 150.59649836274326 0.0
56.95264296938074 172.00191041025522 0.0
127.48558773824539 98.30171532283299 0.0
13.717580252937257 163.51160033172133 0.0
128.4706716686091 195.43207537071214 0.0
144.32371811571988 149.10046338348494 0.0
70.8967170174936 181.698132907826 0.0
54.152861240664365 198.3371692435192 0.0
113.05891970329331 51.59064602262837 0.0
46.79510679675136 149.19834337334134 0.0
173.18748564620762 63.488664111223784 0.0
184.62560876092527 132.7472023071504 0.0
185.5273691599408 79.69661051692903 0.0
75.14835293344169 66.72031814195381 0.0
96.55570062329566 173.37839888762016 0.0
137.87368316934354 171.66630202743548 0.0
162.0607586406773 31.52061821232288 0.0
88.72304818588839 197.06926764181077 0.0
153.65794188916763 7.470953454795448 0.0
142.43089528981204 109.92897115775399 0.0
12.419698329002138 132.26205283442644 0.0
178.1402844353142 94.55867902274287 0.0
97.64806052627111 180.8450985205899 0.0
39.36529938757754 39.900761175302016 0.0
70.41982078293047 7.5214026870638495 0.0
46.719904023975964 49.44911464143582 0.0
24.386087418739578 14.274456379848166 0.0
90.28949221286533 98.90663881217993 0.0
130.4094872630698 196.3688316312455 0.0
138.24788409823242 187.9949422006622 0.0
196.97377416371964 121.4965263925668 0.0
49.29913860375934 185.37264556530798 0.0
164.90227474095886 41.915231577112365 0.0
8.750061014854094 49.40756622653246 0.0
52.773081159202626 113.43728121804102 0.0
121.49593892164725 22.587262619467886 0.0
48.52049331991459 0.7919008885071577 0.0
89.92843429827273 143.64141871851558 0.0
103.06379442779263 185.7975501027753 0.0
80.75135566549434 198.98859037913908 0.0
123.40597560499216 62.94521438207801 0.0
41.91633806523958 43.908955631110324 0.0
85.49658163088777 6.4075016324114165 0.0
69.3672862260493 63.88370884982819 0.0
91.25445778976142 23.152490415336736 0.0
143.00870897377678 17.83088870971148 0.0
179.4976852239842 168.75542585416176 0.0
52.28997081403961 7.506374258159654 0.0
167.1296464750095 195.6652315008302 0.0
14.02368943905994 51.12795447384795 0.0
144.78152893490875 128.09708496663325 0.0
148.53338063798788 104.3193838787559 0.0
80.21343254810327 13.386157027452095 0.0
24.9518354062509 167.76040069650583 0.0
93.12749959068304 186.55189059805878 0.0
112.46829936978493 148.46778084845198 0.0
156.64830292475503 2.9860748859508845 0.0
181.54917785373172 0.4215026035255587 0.0
53.57711639983174 143.59212471575788 0.0
87.63341598934133 160.2892264655247 0.0
169.62834144646658 77.36702995117118 0.0
139.53037602432036 15.291320434225097 0.0
141.20789292920492 78.33149646051308 0.0
5.72459585285261 92.78771324459736 0.0
91.89497255340777 136.87783731284495 0.0
44.01821304803531 44.95696439363848 0.0
189.640066629225 180.01927132019415 0.0
53.41868234867102 116.97694175455173 0.0
135.79378985217295 20.68833240922543 0.0
141.9056943057312 33.40562483112124 0.0
157.43252647860155 193.14617999969755 0.0
79.68796171264869 114.9995509013858 0.0
116.04861276735787 99.72856069432123 0.0
164.786997707057 146.9965725809516 0.0
68.52412403323731 93.56844621954552 0.0
66.26163591636379 59.9284933909102 0.0
20.409129787678214 52.59915405640496 0.0
130.11352580124546 55.318454354903615 0.0
96.87666417769867 62.056088646148176 0.0
33.89051219601684 11.15676838496389 0.0
123.32829980777893 15.859135990063233 0.0
58.231271641282476 35.8380776916088 0.0
55.47579811687591 71.67181085409855 0.0
7.071157277861584 104.2818224575514 0.0
27.82578215960385 150.0974578737585 0.0
152.95583623681665 6.2469224358316255 0.0
199.84606573237537 55.38668667756854 0.0
109.88578000225309 164.39078467098247 0.0
70.69368157341611 113.19442937901594 0.0
43.34125736229291 38.41170289257691 0.0
106.23638285695822 70.33894740059507 0.0
115.61409189229398 21.65285730922939 0.0
176.20079670595268 182.1793617544827 0.0
134.298929441142 157.83514163323326 0.0
34.632120753788165 125.14205281135011 0.0
22.77337211625905 58.12508620311141 0.0
93.45166294615137 15.090674927823633 0.0
163.72290093238 82.53328654925099 0.0
36.75019405320845 186.6483331986746 0.0
80.24303556360996 164.677738307206 0.0
2.5566541318560843 94.24464858790202 0.0
113.77776188522432 5.2355425613710205 0.0
119.17320757626257 132.57447521305315 0.0
134.1298813099494 136.94558347878635 0.0
124.76932808969406 142.3191441861316 0.0
74.00534401308664 172.8137302083944 0.0
21.779082768027802 66.39503585229716 0.0
19.030363404093343 189.21129172740723 0.0
21.74735364722067 52.65853017351223 0.0
103.90656963218802 66.84640361826919 0.0
21.622325928684205 60.9102917667842 0.0
166.34604188110106 115.12721755346487 0.0
119.09316081615809 125.20600777213315 0.0
192.6546226423243 39.2246581290981 0.0
22.42318164157089 46.89466923928194 0.0
52.30852166177142 74.1817930751659 0.0
39.330703949887734 49.46966943543663 0.0
63.595701899104505 106.70568241458547 0.0
39.820984087879616 13.23195027549582 0.0
158.3701370802244 32.81683285466905 0.0
179.4744512618163 125.92848282567701 0.0
21.19365681506129 58.320346476287654 0.0
42.54790047340564 134.94359403768402 0.0
166.6165511192779 139.10193188969987 0.0
18.346920472317805 67.28445348671397 0.0
88.07470444419474 79.54101926242465 0.0
159.67932114247762 95.51634372550504 0.0
162.85765971557282 159.87227905291167 0.0
88.80101553190269 170.96724695742606 0.0
129.82847573328448 147.11589684480418 0.0
114.11719044226606 119.93539406144818 0.0
70.05287633684136 159.23605999471204 0.0
0.0033932912333334286 104.29749817190886 0.0
115.22169003231164 98.47608110721578 0.0
192.4624718178315 84.82941018441794 0.0
184.72722146594222 47.35777626217688 0.0
144.93510761505624 193.71505759930616 0.0
109.48066233395777 129.62165858440747 0.0
111.43303971099536 122.133561350114 0.0
139.03432646672812 78.42366210035163 0.0
178.265794083341 159.4784273014117 0.0
48.29891104208392 125.39307155906695 0.0
190.9832140951373 182.67692729700246 0.0
61.12270345067983 26.69551823798111 0.0
199.7576353261158 87.24165275216743 0.0
190.22610203159584 76.03391035651413 0.0
94.2812227684205 76.10044216663682 0.0
156.4614427734361 19.55911879199388 0.0
28.355368645173474 77.91488336406107 0.0
195.09461915133969 83.95155454509349 0.0
44.700817668361914 153.51163399934416 0.0
182.78167636910865 56.47355380614949 0.0
2.1185744790213956 67.21489885798677 0.0
26.139944778370207 114.5817606895354 0.0
79.9833049982751 49.28247519576268 0.0
141.28999090325325 92.72766206805872 0.0
189.15250289390153 156.31180101052692 0.0
123.47116292697812 95.26350366586831 0.0
153.72621095815393 148.39652000886022 0.0
156.81005295646443 16.909873506617945 0.0
144.69367814736944 44.978172385567206 0.0
146.54781173418547 16.03035842989837 0.0
144.35489800482156 95.75161912494524 0.0
169.50874793863767 100.99764114604126 0.0
199.50654297760707 8.646912015015907 0.0
33.31931288847674 136.2245847065754 0.0
81.73331916124187 113.82443359189975 0.0
110.86298914762264 151.97278936911226 0.0
114.74740501670027 110.7840123826364 0.0
173.68328081939742 50.8402804684152 0.0
151.57016420505704 145.10306050488794 0.0
86.52354486591062 43.868977837348936 0.0
188.4518650246686 191.9825368495957 0.0
144.91889004095535 20.501717496465833 0.0
87.77670893588645 85.69390181068582 0.0
138.732053320125 159.1575377852458 0.0
148.80210706165272 27.1840127019064 0.0
106.75161687750132 18.98323234256809 0.0
12.932548335760696 26.509182518201868 0.0
10.947539124287475 118.37793815081514 0.0
19.330166220052945 92.4335689938222 0.0
3.705577178392261 2.1768619823200552 0.0
37.01547564839372 68.44120944319879 0.0
187.33862934383444 26.919139749707767 0.0
191.21348697879915 32.57495539121018 0.0
172.39970621465574 152.41395591646477 0.0
174.55180889107285 127.92976038350832 0.0
129.79775150891834 117.85808154409041 0.0
187.8190561846676 171.29177863954035 0.0
1.4440396168618586 102.04708365021273 0.0
190.34334486848297 199.32873806611758 0.0
85.13357280872884 119.76151996065671 0.0
56.65226726063146 54.90120461922503 0.0
141.5923251561442 190.1984141739226 0.0
33.92724965282541 190.4784176676573 0.0
85.0978569971247 128.35752938394228 0.0
173.8668607409224 71.30630019029121 0.0
13.80726148047875 56.5808491217483 0.0
172.92507305012805 97.88952208745086 0.0
11.9031219209486 10.982856467114367 0.0
96.49213498569209 35.513365607130766 0.0
12.894565295956294 126.29820097061703 0.0
185.43722432931384 137.94533307524864 0.0
51.88719820539396 22.712428935826257 0.0
147.53368127786848 83.12042127449908 0.0
54.36214075341537 189.5305593753479 0.0
21.63905650078881 100.52811858640614 0.0
109.98105859675078 163.0772070569585 0.0
69.10393103241097 63.18315641213892 0.0
162.16058978307427 130.01122491912602 0.0
194.73489791123305 41.476184304410864 0.0
7.636091512589593 52.27670377981091 0.0
128.73871120603013 71.86457939512299 0.0
44.96133564741296 106.20136082572273 0.0
11.426221654722802 80.2776493994654 0.0
136.8671152840206 155.79235427098695 0.0
114.05610308815798 18.27456557858238 0.0
58.628579083434 139.06864505512908 0.0
2.050233452339034 119.40737814266993 0.0
93.06735283368666 36.3080295580962 0.0
100.91381397227805 163.9056481721591 0.0
2.5413607946694228 110.37619700863092 0.0
160.54513853584803 151.71315105323427 0.0
59.25162900145682 161.84393013781272 0.0
130.22137327967945 27.071228601340437 0.0
47.42196903557212 25.388009110928778 0.0
54.398271330061256 72.25747888605638 0.0
164.38406241554264 49.010084227957115 0.0
178.56331942137672 93.75245506346536 0.0
142.3269377364526 43.89710236103419 0.0
114.7334244653828 161.0211505876779 0.0
88.44644706577935 170.28576847552722 0.0
57.78969642083993 26.26008727659228 0.0
98.45690818426999 33.48272105616476 0.0
66.69358624712495 52.87492597853456 0.0
36.90362676923202 104.23101768581617 0.0
128.73009065827 111.1175290737926 0.0
197.44158033592936 48.902751507698916 0.0
110.27532923578536 61.22549260171783 0.0
57.222097918004145 57.53652201303352 0.0
164.18743288174826 137.57127978583463 0.0
21.755992506722666 191.52767548306363 0.0
111.77109333753667 171.74200063861846 0.0
120.09804982209363 137.8181929165089 0.0
146.36785098029188 148.13513656655 0.0
54.924443427416826 152.72225362342962 0.0
115.97565523295404 72.56942795200246 0.0
38.05118681564985 6.062524959540694 0.0
33.90280015425991 152.5742689637443 0.0
49.16822239693672 195.08121529841657 0.0
139.31299923102526 37.434998259806896 0.0
144.04045352262597 187.62917929623265 0.0
183.61973958686423 146.73554408354488 0.0
8.153436192171725 175.42521124244323 0.0
54.03985008403056 128.05392983218056 0.0
102.75805960424427 170.7168905914063 0.0
162.2175658609535 27.63024898302062 0.0
82.49522512172453 63.4632771217188 0.0
23.682093281149253 32.240721323778956 0.0
77.2578881313658 71.19899357883071 0.0
133.0031243788876 46.175539465134904 0.0
125.67453618572489 60.028018182911325 0.0
199.8604014709092 104.13228938674197 0.0
