1 13 99.0
1 14 92.0
1 21 35.0
1 22 49.0
1 23 13.0
1 26 7.0
1 36 16.0
1 69 44.0
1 79 65.0
1 80 8.0
1 84 67.0
1 100 18.0
1 119 59.0
1 128 96.0
1 146 53.0
1 153 40.0
1 168 43.0
1 171 17.0
1 174 87.0
1 175 94.0
1 176 39.0
2 27 70.0
2 37 89.0
2 41 43.0
2 60 30.0
2 116 87.0
2 188 96.0
2 19 40.0
2 34 52.0
2 57 33.0
2 105 88.0
2 124 66.0
2 132 99.0
2 149 40.0
2 196 67.0
2 198 78.0
3 8 83.0
3 9 46.0
3 11 99.0
3 34 30.0
3 53 42.0
3 57 7.0
3 62 97.0
3 63 14.0
3 65 42.0
3 96 43.0
3 105 14.0
3 143 31.0
3 144 39.0
3 167 98.0
3 180 37.0
3 196 45.0
3 198 90.0
4 47 61.0
4 68 72.0
4 127 66.0
4 133 54.0
4 182 34.0
4 52 28.0
4 59 40.0
4 90 26.0
4 108 29.0
4 118 65.0
4 170 67.0
4 191 41.0
4 200 86.0
5 43 27.0
5 72 26.0
5 75 48.0
5 78 7.0
5 104 84.0
5 115 34.0
5 151 3.0
5 157 59.0
5 193 78.0
5 20 23.0
5 38 46.0
5 44 69.0
5 48 47.0
5 98 90.0
5 148 49.0
5 189 97.0
6 12 59.0
6 25 21.0
6 33 68.0
6 54 81.0
6 91 1.0
6 107 75.0
6 150 32.0
6 162 83.0
6 163 25.0
6 185 67.0
6 194 84.0
7 14 7.0
7 31 49.0
7 39 68.0
7 46 74.0
7 92 78.0
7 94 21.0
7 112 31.0
7 114 23.0
7 123 39.0
7 128 91.0
7 135 96.0
7 137 94.0
7 138 24.0
7 141 42.0
7 168 51.0
8 3 58.0
8 9 66.0
8 57 58.0
8 61 72.0
8 63 11.0
8 65 99.0
8 77 46.0
8 82 86.0
8 83 95.0
8 96 88.0
8 105 60.0
8 143 75.0
8 144 79.0
8 167 88.0
8 173 65.0
8 180 25.0
8 196 45.0
8 198 55.0
9 3 22.0
9 8 56.0
9 61 87.0
9 63 36.0
9 65 60.0
9 77 24.0
9 82 6.0
9 83 99.0
9 86 41.0
9 105 36.0
9 143 13.0
9 173 61.0
9 180 25.0
9 196 79.0
9 198 2.0
10 40 82.0
10 56 96.0
10 71 31.0
10 145 26.0
10 177 79.0
10 192 22.0
11 3 59.0
11 28 29.0
11 64 60.0
11 65 16.0
11 66 26.0
11 90 85.0
11 96 54.0
11 144 13.0
11 183 35.0
11 191 14.0
11 197 63.0
12 6 45.0
12 16 67.0
12 29 55.0
12 54 47.0
12 91 25.0
12 97 8.0
12 106 89.0
12 110 35.0
12 111 7.0
12 120 59.0
12 154 55.0
12 162 83.0
12 163 36.0
12 179 5.0
12 185 41.0
13 1 55.0
13 21 28.0
13 36 81.0
13 79 13.0
13 84 23.0
13 119 12.0
13 171 1.0
13 176 71.0
13 32 83.0
13 89 77.0
13 117 61.0
13 134 76.0
13 157 1.0
13 158 95.0
13 161 80.0
14 1 96.0
14 7 62.0
14 23 39.0
14 31 63.0
14 46 12.0
14 58 98.0
14 69 39.0
14 76 54.0
14 80 76.0
14 84 77.0
14 103 13.0
14 112 86.0
14 114 1.0
14 128 45.0
14 135 49.0
14 146 90.0
14 153 14.0
14 168 76.0
14 172 30.0
14 174 82.0
15 32 94.0
15 49 54.0
15 70 48.0
15 97 27.0
15 104 12.0
15 110 72.0
15 111 9.0
15 117 31.0
15 129 8.0
15 140 63.0
15 154 8.0
15 158 78.0
15 161 51.0
15 166 97.0
15 179 90.0
16 12 31.0
16 25 46.0
16 45 23.0
16 54 93.0
16 91 35.0
16 110 30.0
16 111 82.0
16 159 42.0
16 162 12.0
16 163 9.0
16 179 41.0
17 74 13.0
17 195 54.0
17 42 86.0
17 87 72.0
17 145 9.0
18 35 52.0
18 88 5.0
18 101 5.0
18 102 83.0
18 113 52.0
18 131 85.0
18 139 8.0
18 155 49.0
18 160 63.0
19 27 76.0
19 30 8.0
19 37 42.0
19 41 71.0
19 116 48.0
19 2 26.0
19 57 87.0
19 61 2.0
19 63 22.0
19 83 71.0
19 105 69.0
19 122 71.0
19 124 52.0
19 132 71.0
19 143 77.0
19 149 77.0
19 196 50.0
19 198 45.0
20 5 1.0
20 43 72.0
20 75 33.0
20 104 12.0
20 193 46.0
20 34 97.0
20 44 24.0
20 48 1.0
20 52 46.0
20 53 50.0
20 59 58.0
20 62 2.0
20 81 63.0
20 109 65.0
20 118 64.0
20 121 75.0
20 148 43.0
20 170 54.0
20 189 66.0
20 200 42.0
21 1 73.0
21 13 2.0
21 36 25.0
21 79 19.0
21 84 8.0
21 100 12.0
21 119 78.0
21 146 21.0
21 171 64.0
21 175 78.0
21 176 57.0
21 89 57.0
21 134 73.0
21 157 16.0
21 161 42.0
22 1 47.0
22 26 68.0
22 69 83.0
22 80 36.0
22 84 71.0
22 95 10.0
22 128 41.0
22 176 43.0
23 1 90.0
23 14 23.0
23 31 34.0
23 36 99.0
23 58 51.0
23 69 82.0
23 76 15.0
23 80 11.0
23 84 17.0
23 100 30.0
23 103 27.0
23 112 33.0
23 114 87.0
23 128 88.0
23 135 30.0
23 146 7.0
23 153 57.0
23 168 95.0
23 169 99.0
23 172 3.0
23 174 95.0
23 175 67.0
23 176 7.0
24 102 47.0
24 113 65.0
24 155 39.0
24 160 13.0
24 184 13.0
25 6 90.0
25 16 89.0
25 107 13.0
25 162 32.0
25 194 50.0
26 1 99.0
26 22 98.0
26 69 48.0
26 79 58.0
26 80 70.0
26 84 4.0
26 95 58.0
26 128 76.0
26 176 84.0
26 89 41.0
27 30 14.0
27 37 93.0
27 41 45.0
27 60 58.0
27 116 40.0
27 186 88.0
27 188 31.0
27 2 61.0
27 19 99.0
27 61 95.0
27 83 17.0
27 105 2.0
27 122 82.0
27 132 79.0
27 149 82.0
28 11 39.0
28 64 24.0
28 65 39.0
28 66 68.0
28 108 53.0
28 144 62.0
28 183 34.0
28 191 98.0
28 197 94.0
29 12 30.0
29 33 78.0
29 50 75.0
29 54 35.0
29 91 21.0
29 93 97.0
29 97 43.0
29 99 98.0
29 106 46.0
29 120 28.0
29 140 94.0
29 154 33.0
29 163 69.0
29 164 56.0
29 166 31.0
29 181 6.0
29 185 33.0
30 27 41.0
30 73 94.0
30 186 98.0
30 19 62.0
30 122 35.0
30 132 25.0
30 149 5.0
31 7 67.0
31 14 89.0
31 23 40.0
31 39 16.0
31 46 99.0
31 55 43.0
31 76 3.0
31 80 45.0
31 103 55.0
31 112 89.0
31 114 85.0
31 123 98.0
31 126 42.0
31 128 29.0
31 135 45.0
31 137 92.0
31 138 65.0
31 152 49.0
31 153 5.0
31 168 74.0
31 172 65.0
31 174 18.0
32 13 23.0
32 15 97.0
32 49 8.0
32 70 27.0
32 89 73.0
32 104 69.0
32 111 89.0
32 117 44.0
32 129 67.0
32 134 97.0
32 140 31.0
32 154 23.0
32 157 89.0
32 158 13.0
32 161 53.0
32 166 13.0
33 6 54.0
33 29 88.0
33 50 94.0
33 54 44.0
33 106 85.0
33 107 15.0
33 120 15.0
33 150 36.0
33 164 49.0
33 181 29.0
33 185 32.0
34 37 17.0
34 2 72.0
34 3 87.0
34 20 7.0
34 38 42.0
34 44 87.0
34 48 55.0
34 53 29.0
34 57 33.0
34 62 22.0
34 63 22.0
34 81 81.0
34 96 46.0
34 98 75.0
34 109 41.0
34 121 76.0
34 124 60.0
34 148 81.0
34 167 25.0
35 18 9.0
35 40 31.0
35 71 50.0
35 101 16.0
35 102 64.0
35 113 54.0
35 131 58.0
35 136 96.0
35 139 22.0
35 155 77.0
36 1 37.0
36 13 26.0
36 21 33.0
36 23 34.0
36 79 38.0
36 84 89.0
36 100 30.0
36 119 45.0
36 146 72.0
36 169 9.0
36 171 5.0
36 175 35.0
36 176 23.0
36 134 76.0
37 27 31.0
37 41 92.0
37 60 5.0
37 116 4.0
37 147 45.0
37 188 34.0
37 2 90.0
37 19 43.0
37 34 93.0
37 57 78.0
37 109 75.0
37 121 37.0
37 124 43.0
37 132 17.0
37 149 18.0
38 147 52.0
38 5 8.0
38 43 98.0
38 72 46.0
38 75 37.0
38 78 99.0
38 115 30.0
38 151 21.0
38 34 59.0
38 44 1.0
38 48 39.0
38 81 31.0
38 98 73.0
38 109 70.0
38 121 35.0
38 124 9.0
38 148 78.0
39 7 80.0
39 31 53.0
39 46 40.0
39 92 36.0
39 94 94.0
39 114 66.0
39 123 44.0
39 137 28.0
39 138 63.0
39 141 93.0
39 190 43.0
40 10 75.0
40 35 13.0
40 56 52.0
40 71 59.0
40 131 96.0
40 136 69.0
40 139 54.0
41 27 28.0
41 37 96.0
41 60 56.0
41 116 52.0
41 188 76.0
41 2 16.0
41 19 15.0
41 57 12.0
41 61 87.0
41 83 60.0
41 105 45.0
41 124 17.0
41 132 33.0
41 149 31.0
41 196 36.0
41 198 55.0
42 74 69.0
42 130 28.0
42 195 56.0
42 17 88.0
42 87 98.0
42 145 9.0
43 5 12.0
43 49 64.0
43 70 82.0
43 72 85.0
43 75 24.0
43 78 78.0
43 104 41.0
43 115 8.0
43 151 74.0
43 157 58.0
43 193 30.0
43 20 1.0
43 38 85.0
43 44 96.0
43 48 85.0
43 98 20.0
43 148 23.0
43 189 29.0
44 5 22.0
44 43 1.0
44 75 6.0
44 78 28.0
44 151 59.0
44 193 50.0
44 20 88.0
44 34 40.0
44 38 76.0
44 48 99.0
44 53 18.0
44 59 74.0
44 62 34.0
44 81 85.0
44 98 9.0
44 109 43.0
44 118 30.0
44 121 92.0
44 148 80.0
44 170 99.0
44 189 87.0
45 16 88.0
45 91 5.0
45 110 51.0
45 159 3.0
45 162 95.0
45 179 33.0
46 7 57.0
46 14 59.0
46 31 2.0
46 39 79.0
46 80 64.0
46 94 85.0
46 103 7.0
46 112 90.0
46 114 86.0
46 123 80.0
46 128 50.0
46 135 76.0
46 137 47.0
46 138 60.0
46 141 11.0
46 153 34.0
46 168 6.0
46 174 80.0
46 190 76.0
47 68 60.0
47 93 86.0
47 99 60.0
47 127 63.0
47 133 63.0
47 182 29.0
47 187 18.0
47 193 65.0
47 4 24.0
47 52 98.0
47 59 29.0
47 118 12.0
47 170 22.0
47 189 99.0
47 200 81.0
48 5 10.0
48 43 18.0
48 72 52.0
48 75 38.0
48 78 46.0
48 115 29.0
48 151 12.0
48 193 55.0
48 20 49.0
48 34 63.0
48 38 26.0
48 44 80.0
48 53 94.0
48 62 60.0
48 81 58.0
48 98 62.0
48 109 81.0
48 118 1.0
48 121 26.0
48 124 37.0
48 148 93.0
48 170 61.0
48 189 32.0
49 15 1.0
49 32 8.0
49 43 71.0
49 68 17.0
49 70 86.0
49 97 3.0
49 104 2.0
49 106 63.0
49 120 61.0
49 140 88.0
49 154 46.0
49 166 64.0
50 29 15.0
50 33 51.0
50 68 89.0
50 93 80.0
50 97 81.0
50 99 7.0
50 106 42.0
50 120 69.0
50 127 26.0
50 142 23.0
50 164 8.0
50 181 15.0
50 182 71.0
50 187 67.0
50 199 96.0
51 156 49.0
51 169 85.0
51 175 32.0
51 147 43.0
51 165 91.0
51 78 33.0
51 98 76.0
52 47 78.0
52 68 14.0
52 127 27.0
52 133 27.0
52 193 20.0
52 4 83.0
52 20 25.0
52 53 80.0
52 59 76.0
52 90 14.0
52 118 9.0
52 170 43.0
52 189 61.0
52 191 8.0
52 200 80.0
53 193 75.0
53 3 71.0
53 20 69.0
53 34 12.0
53 44 88.0
53 48 33.0
53 52 2.0
53 57 69.0
53 59 84.0
53 62 89.0
53 81 27.0
53 96 96.0
53 109 16.0
53 118 43.0
53 121 8.0
53 167 42.0
53 170 88.0
53 189 16.0
53 200 67.0
54 6 81.0
54 12 41.0
54 16 17.0
54 29 45.0
54 33 21.0
54 91 55.0
54 97 71.0
54 99 83.0
54 106 89.0
54 111 94.0
54 120 55.0
54 140 56.0
54 154 20.0
54 162 87.0
54 163 22.0
54 164 10.0
54 179 94.0
54 185 18.0
55 31 41.0
55 94 54.0
55 103 4.0
55 112 7.0
55 126 58.0
55 135 44.0
55 137 52.0
55 152 43.0
55 190 78.0
56 10 12.0
56 40 19.0
56 71 20.0
56 85 54.0
56 131 14.0
56 177 94.0
56 192 25.0
57 37 48.0
57 41 54.0
57 116 59.0
57 2 57.0
57 3 18.0
57 8 80.0
57 19 39.0
57 34 2.0
57 53 28.0
57 61 62.0
57 62 51.0
57 63 64.0
57 83 66.0
57 96 68.0
57 105 23.0
57 109 6.0
57 121 25.0
57 124 2.0
57 132 59.0
57 143 92.0
57 149 98.0
57 167 72.0
57 196 75.0
57 198 61.0
58 14 88.0
58 23 13.0
58 76 67.0
58 80 18.0
58 84 65.0
58 100 81.0
58 103 83.0
58 112 30.0
58 130 29.0
58 135 40.0
58 146 70.0
58 153 81.0
58 156 29.0
58 168 13.0
58 169 15.0
58 172 92.0
58 174 41.0
58 175 98.0
58 178 76.0
59 47 45.0
59 68 77.0
59 193 54.0
59 4 1.0
59 20 78.0
59 44 16.0
59 52 80.0
59 53 31.0
59 81 79.0
59 118 45.0
59 170 57.0
59 189 6.0
59 200 87.0
60 27 99.0
60 37 63.0
60 41 87.0
60 85 53.0
60 116 35.0
60 177 27.0
60 188 17.0
60 2 53.0
60 149 9.0
61 27 81.0
61 41 86.0
61 73 83.0
61 8 66.0
61 9 91.0
61 19 38.0
61 57 57.0
61 63 33.0
61 82 50.0
61 83 42.0
61 86 46.0
61 105 65.0
61 122 65.0
61 132 87.0
61 143 79.0
61 149 76.0
61 173 71.0
61 196 22.0
61 198 90.0
62 3 98.0
62 20 34.0
62 34 1.0
62 44 48.0
62 48 12.0
62 53 59.0
62 57 75.0
62 63 86.0
62 81 8.0
62 96 13.0
62 109 21.0
62 118 37.0
62 121 62.0
62 124 54.0
62 148 60.0
62 167 94.0
62 170 87.0
62 189 62.0
63 3 12.0
63 8 4.0
63 9 24.0
63 19 24.0
63 34 54.0
63 57 46.0
63 61 27.0
63 62 77.0
63 82 13.0
63 83 79.0
63 96 4.0
63 105 64.0
63 132 63.0
63 143 82.0
63 149 94.0
63 167 70.0
63 180 64.0
63 196 49.0
63 198 22.0
64 11 51.0
64 28 55.0
64 66 65.0
64 90 55.0
64 108 2.0
64 191 19.0
64 197 87.0
65 3 15.0
65 8 7.0
65 9 90.0
65 11 81.0
65 28 27.0
65 66 55.0
65 77 50.0
65 96 32.0
65 144 42.0
65 180 77.0
65 183 19.0
66 11 93.0
66 28 30.0
66 64 50.0
66 65 27.0
66 108 10.0
66 144 62.0
66 183 42.0
66 191 64.0
66 197 2.0
67 88 87.0
67 101 31.0
67 102 91.0
67 155 66.0
67 160 54.0
68 47 93.0
68 49 33.0
68 50 44.0
68 93 66.0
68 99 82.0
68 104 77.0
68 106 31.0
68 120 89.0
68 127 61.0
68 133 90.0
68 140 22.0
68 142 86.0
68 164 65.0
68 182 50.0
68 187 46.0
68 193 78.0
68 4 79.0
68 52 9.0
68 59 34.0
69 1 18.0
69 14 59.0
69 22 64.0
69 23 32.0
69 26 48.0
69 80 98.0
69 84 86.0
69 114 78.0
69 128 61.0
69 146 65.0
69 153 51.0
69 168 61.0
69 176 33.0
70 15 12.0
70 32 74.0
70 43 30.0
70 49 72.0
70 97 13.0
70 104 97.0
70 111 80.0
70 117 73.0
70 140 40.0
70 154 68.0
70 157 2.0
70 158 66.0
70 161 56.0
70 166 77.0
71 10 78.0
71 35 59.0
71 40 85.0
71 56 59.0
71 136 77.0
71 139 41.0
71 145 62.0
72 147 42.0
72 5 13.0
72 43 66.0
72 75 69.0
72 78 39.0
72 115 41.0
72 151 69.0
72 157 30.0
72 38 83.0
72 48 28.0
72 98 66.0
72 148 96.0
73 30 9.0
73 186 51.0
73 61 81.0
73 122 93.0
73 132 18.0
74 76 38.0
74 126 18.0
74 130 11.0
74 156 39.0
74 178 48.0
74 195 14.0
74 17 84.0
74 42 76.0
74 87 49.0
74 145 54.0
75 5 49.0
75 43 77.0
75 72 73.0
75 78 10.0
75 104 77.0
75 115 78.0
75 151 43.0
75 157 42.0
75 193 2.0
75 20 1.0
75 38 50.0
75 44 94.0
75 48 24.0
75 81 24.0
75 98 55.0
75 109 65.0
75 121 22.0
75 148 58.0
75 189 56.0
76 14 51.0
76 23 62.0
76 31 47.0
76 58 17.0
76 74 57.0
76 103 67.0
76 112 58.0
76 126 75.0
76 130 93.0
76 135 58.0
76 146 15.0
76 153 42.0
76 156 2.0
76 169 52.0
76 172 88.0
76 174 22.0
76 175 78.0
76 178 95.0
77 8 38.0
77 9 71.0
77 65 58.0
77 82 34.0
77 86 69.0
77 125 69.0
77 144 34.0
77 173 56.0
77 180 58.0
77 183 23.0
78 51 82.0
78 147 88.0
78 5 92.0
78 43 32.0
78 72 83.0
78 75 23.0
78 115 23.0
78 151 90.0
78 157 57.0
78 38 26.0
78 44 85.0
78 48 66.0
78 98 89.0
78 148 9.0
79 1 39.0
79 13 10.0
79 21 60.0
79 26 57.0
79 36 2.0
79 84 7.0
79 95 48.0
79 119 16.0
79 171 98.0
79 176 66.0
79 89 7.0
79 117 16.0
79 129 37.0
79 134 50.0
79 158 15.0
79 161 36.0
80 1 96.0
80 14 16.0
80 22 76.0
80 23 94.0
80 26 9.0
80 31 48.0
80 46 38.0
80 58 82.0
80 69 90.0
80 84 66.0
80 100 86.0
80 103 53.0
80 112 66.0
80 114 70.0
80 128 30.0
80 135 3.0
80 146 71.0
80 153 7.0
80 168 84.0
80 172 95.0
80 174 2.0
80 176 52.0
81 75 99.0
81 193 1.0
81 20 51.0
81 34 96.0
81 38 78.0
81 44 43.0
81 48 81.0
81 53 47.0
81 59 29.0
81 62 89.0
81 96 74.0
81 109 69.0
81 118 2.0
81 121 30.0
81 124 33.0
81 148 29.0
81 167 79.0
81 170 33.0
81 189 13.0
81 200 83.0
82 8 8.0
82 9 13.0
82 61 45.0
82 63 31.0
82 77 37.0
82 83 61.0
82 86 18.0
82 105 39.0
82 122 33.0
82 132 69.0
82 143 64.0
82 173 8.0
82 180 46.0
82 196 66.0
82 198 16.0
83 27 52.0
83 41 67.0
83 8 18.0
83 9 94.0
83 19 56.0
83 57 94.0
83 61 98.0
83 63 75.0
83 82 34.0
83 86 25.0
83 105 89.0
83 122 49.0
83 132 50.0
83 143 40.0
83 149 40.0
83 173 1.0
83 196 37.0
83 198 6.0
84 1 42.0
84 13 97.0
84 14 40.0
84 21 96.0
84 22 20.0
84 23 6.0
84 26 51.0
84 36 90.0
84 58 81.0
84 69 96.0
84 79 52.0
84 80 17.0
84 100 87.0
84 119 83.0
84 128 72.0
84 146 9.0
84 153 38.0
84 168 28.0
84 171 82.0
84 172 45.0
84 174 69.0
84 175 89.0
84 176 70.0
85 56 64.0
85 60 26.0
85 116 57.0
85 177 55.0
85 188 22.0
85 192 70.0
86 9 74.0
86 61 26.0
86 77 30.0
86 82 55.0
86 83 92.0
86 173 12.0
86 180 64.0
87 74 2.0
87 195 51.0
87 17 23.0
87 42 25.0
87 145 96.0
88 18 8.0
88 67 33.0
88 101 60.0
88 102 33.0
88 155 94.0
88 160 9.0
88 186 33.0
89 13 13.0
89 21 65.0
89 26 25.0
89 79 36.0
89 95 20.0
89 119 81.0
89 171 62.0
89 176 53.0
89 32 11.0
89 117 48.0
89 129 6.0
89 134 3.0
89 158 38.0
89 161 38.0
90 133 27.0
90 4 65.0
90 11 63.0
90 52 78.0
90 64 83.0
90 108 85.0
90 191 24.0
90 200 45.0
91 6 4.0
91 12 58.0
91 16 18.0
91 29 96.0
91 45 18.0
91 54 76.0
91 97 28.0
91 110 24.0
91 111 13.0
91 154 53.0
91 162 95.0
91 163 21.0
91 179 92.0
91 185 89.0
92 7 99.0
92 39 95.0
92 94 63.0
92 123 31.0
92 138 32.0
92 141 8.0
93 29 47.0
93 47 92.0
93 50 72.0
93 68 93.0
93 97 93.0
93 99 30.0
93 106 28.0
93 120 91.0
93 127 45.0
93 133 44.0
93 140 26.0
93 142 67.0
93 164 67.0
93 181 74.0
93 182 97.0
93 187 70.0
93 199 79.0
94 7 70.0
94 39 34.0
94 46 6.0
94 55 45.0
94 92 73.0
94 123 47.0
94 137 61.0
94 141 44.0
94 190 47.0
95 22 25.0
95 26 80.0
95 79 62.0
95 89 59.0
95 129 12.0
95 159 48.0
96 3 8.0
96 8 88.0
96 11 20.0
96 34 70.0
96 53 78.0
96 57 93.0
96 62 34.0
96 63 91.0
96 65 88.0
96 81 40.0
96 105 21.0
96 109 23.0
96 121 90.0
96 143 48.0
96 144 65.0
96 167 85.0
96 196 6.0
96 198 35.0
97 12 61.0
97 15 78.0
97 29 14.0
97 49 19.0
97 50 28.0
97 54 56.0
97 70 49.0
97 91 66.0
97 93 50.0
97 99 41.0
97 106 75.0
97 111 59.0
97 120 51.0
97 140 60.0
97 154 18.0
97 162 79.0
97 163 65.0
97 164 80.0
97 166 84.0
97 185 30.0
98 51 90.0
98 147 24.0
98 5 87.0
98 43 87.0
98 72 75.0
98 75 9.0
98 78 59.0
98 115 91.0
98 151 85.0
98 34 11.0
98 38 30.0
98 44 55.0
98 48 4.0
98 109 51.0
98 121 32.0
98 124 99.0
98 148 4.0
99 29 45.0
99 47 83.0
99 50 22.0
99 54 54.0
99 68 12.0
99 93 63.0
99 97 80.0
99 106 98.0
99 120 94.0
99 127 53.0
99 140 55.0
99 142 74.0
99 154 5.0
99 164 33.0
99 181 80.0
99 182 59.0
99 187 1.0
99 199 95.0
100 1 37.0
100 21 12.0
100 23 1.0
100 36 95.0
100 58 34.0
100 80 38.0
100 84 28.0
100 119 89.0
100 146 39.0
100 153 95.0
100 169 1.0
100 171 9.0
100 172 90.0
100 175 89.0
100 176 43.0
101 18 35.0
101 35 53.0
101 67 60.0
101 88 61.0
101 102 75.0
101 113 84.0
101 131 43.0
101 139 61.0
101 155 10.0
101 160 55.0
101 184 71.0
102 18 97.0
102 24 69.0
102 35 54.0
102 67 97.0
102 88 15.0
102 101 73.0
102 113 26.0
102 131 35.0
102 139 63.0
102 155 16.0
102 160 27.0
102 184 27.0
103 14 36.0
103 23 12.0
103 31 73.0
103 46 98.0
103 55 92.0
103 58 53.0
103 76 40.0
103 80 10.0
103 112 56.0
103 114 52.0
103 126 18.0
103 130 71.0
103 135 15.0
103 137 14.0
103 152 68.0
103 153 33.0
103 168 64.0
103 172 95.0
103 174 34.0
103 178 34.0
104 5 18.0
104 15 81.0
104 32 50.0
104 43 40.0
104 49 76.0
104 68 43.0
104 70 55.0
104 75 91.0
104 140 96.0
104 157 7.0
104 166 68.0
104 193 6.0
104 20 4.0
104 189 16.0
105 27 4.0
105 41 10.0
105 116 19.0
105 2 17.0
105 3 8.0
105 8 81.0
105 9 33.0
105 19 98.0
105 57 82.0
105 61 42.0
105 63 8.0
105 82 29.0
105 83 94.0
105 96 22.0
105 122 51.0
105 132 51.0
105 143 54.0
105 149 13.0
105 167 88.0
105 196 48.0
105 198 2.0
106 12 95.0
106 29 66.0
106 33 60.0
106 49 86.0
106 50 39.0
106 54 89.0
106 68 35.0
106 93 57.0
106 97 44.0
106 99 29.0
106 120 50.0
106 140 40.0
106 154 97.0
106 163 78.0
106 164 54.0
106 166 19.0
106 181 36.0
106 185 38.0
107 6 50.0
107 25 34.0
107 33 63.0
107 150 59.0
107 185 34.0
107 194 67.0
108 4 36.0
108 28 93.0
108 64 96.0
108 66 6.0
108 90 81.0
108 191 77.0
108 197 17.0
109 37 46.0
109 75 73.0
109 20 29.0
109 34 23.0
109 38 66.0
109 44 57.0
109 48 17.0
109 53 73.0
109 57 70.0
109 62 97.0
109 81 33.0
109 96 50.0
109 98 88.0
109 121 60.0
109 124 62.0
109 148 4.0
109 167 50.0
109 170 49.0
109 189 46.0
110 12 5.0
110 15 15.0
110 16 82.0
110 45 74.0
110 91 48.0
110 111 11.0
110 129 65.0
110 159 91.0
110 162 3.0
110 163 50.0
110 179 9.0
111 12 6.0
111 15 97.0
111 16 25.0
111 32 32.0
111 54 79.0
111 70 88.0
111 91 73.0
111 97 72.0
111 110 46.0
111 129 55.0
111 140 63.0
111 154 24.0
111 158 78.0
111 159 18.0
111 162 6.0
111 163 10.0
111 166 76.0
111 179 3.0
112 7 35.0
112 14 6.0
112 23 69.0
112 31 21.0
112 46 87.0
112 55 43.0
112 58 69.0
112 76 67.0
112 80 94.0
112 103 89.0
112 114 4.0
112 126 82.0
112 128 83.0
112 135 53.0
112 137 78.0
112 152 89.0
112 153 3.0
112 168 55.0
112 172 35.0
112 174 35.0
113 18 99.0
113 24 10.0
113 35 81.0
113 101 58.0
113 102 99.0
113 131 7.0
113 136 6.0
113 139 36.0
113 155 78.0
113 160 80.0
113 184 89.0
114 7 24.0
114 14 5.0
114 23 88.0
114 31 1.0
114 39 85.0
114 46 19.0
114 69 49.0
114 80 26.0
114 103 49.0
114 112 64.0
114 123 13.0
114 128 98.0
114 135 17.0
114 137 36.0
114 138 87.0
114 153 41.0
114 168 29.0
114 174 13.0
115 171 53.0
115 147 84.0
115 5 30.0
115 43 42.0
115 72 74.0
115 75 22.0
115 78 3.0
115 134 2.0
115 151 16.0
115 157 7.0
115 38 92.0
115 48 32.0
115 98 69.0
115 148 96.0
116 27 36.0
116 37 39.0
116 41 91.0
116 60 90.0
116 85 3.0
116 188 94.0
116 2 56.0
116 19 59.0
116 57 37.0
116 105 15.0
116 124 41.0
116 132 34.0
116 149 94.0
117 13 84.0
117 79 41.0
117 119 64.0
117 171 62.0
117 15 29.0
117 32 85.0
117 70 63.0
117 89 39.0
117 129 32.0
117 134 53.0
117 157 53.0
117 158 89.0
117 161 32.0
117 166 89.0
118 47 10.0
118 193 45.0
118 4 58.0
118 20 86.0
118 44 19.0
118 48 85.0
118 52 54.0
118 53 52.0
118 59 41.0
118 62 2.0
118 81 53.0
118 170 89.0
118 189 28.0
118 200 99.0
119 1 74.0
119 13 69.0
119 21 64.0
119 36 87.0
119 79 2.0
119 84 79.0
119 100 50.0
119 171 42.0
119 176 61.0
119 89 13.0
119 117 71.0
119 134 46.0
119 157 80.0
119 158 43.0
119 161 60.0
120 12 47.0
120 29 90.0
120 33 37.0
120 49 98.0
120 50 4.0
120 54 73.0
120 68 47.0
120 93 21.0
120 97 16.0
120 99 12.0
120 106 22.0
120 140 31.0
120 154 85.0
120 163 49.0
120 164 81.0
120 166 52.0
120 181 97.0
120 185 23.0
121 37 6.0
121 75 65.0
121 20 43.0
121 34 15.0
121 38 95.0
121 44 60.0
121 48 57.0
121 53 79.0
121 57 70.0
121 62 4.0
121 81 8.0
121 96 57.0
121 98 4.0
121 109 64.0
121 124 16.0
121 148 45.0
121 167 73.0
121 170 55.0
121 189 34.0
122 27 96.0
122 30 77.0
122 73 55.0
122 186 94.0
122 19 49.0
122 61 46.0
122 82 63.0
122 83 86.0
122 105 39.0
122 132 38.0
122 149 72.0
122 196 78.0
122 198 29.0
123 7 12.0
123 31 91.0
123 39 6.0
123 46 11.0
123 92 31.0
123 94 80.0
123 114 73.0
123 137 56.0
123 138 70.0
123 141 15.0
123 190 34.0
124 37 85.0
124 41 37.0
124 116 89.0
124 147 53.0
124 188 82.0
124 2 74.0
124 19 25.0
124 34 93.0
124 38 54.0
124 48 49.0
124 57 32.0
124 62 82.0
124 81 42.0
124 98 84.0
124 109 38.0
124 121 61.0
124 148 94.0
124 149 32.0
125 77 16.0
125 183 88.0
126 31 17.0
126 55 71.0
126 74 51.0
126 76 61.0
126 103 43.0
126 112 28.0
126 130 96.0
126 135 15.0
126 137 41.0
126 152 24.0
126 172 98.0
126 174 80.0
126 178 69.0
126 195 89.0
127 47 47.0
127 50 59.0
127 68 87.0
127 93 57.0
127 99 9.0
127 133 91.0
127 142 16.0
127 182 42.0
127 187 17.0
127 199 14.0
127 4 86.0
127 52 39.0
128 1 49.0
128 7 3.0
128 14 40.0
128 22 17.0
128 23 8.0
128 26 23.0
128 31 57.0
128 46 87.0
128 69 15.0
128 80 9.0
128 84 81.0
128 112 97.0
128 114 5.0
128 135 54.0
128 138 53.0
128 146 95.0
128 153 4.0
128 168 86.0
128 174 42.0
128 176 79.0
129 79 52.0
129 95 37.0
129 15 44.0
129 32 88.0
129 89 77.0
129 110 65.0
129 111 44.0
129 117 22.0
129 158 44.0
129 159 8.0
129 161 7.0
129 179 27.0
130 58 8.0
130 74 79.0
130 76 11.0
130 103 64.0
130 126 86.0
130 152 85.0
130 156 80.0
130 169 98.0
130 172 42.0
130 178 55.0
130 195 78.0
130 42 18.0
131 18 42.0
131 35 43.0
131 40 5.0
131 56 73.0
131 101 66.0
131 102 16.0
131 113 39.0
131 136 52.0
131 139 59.0
131 155 66.0
132 27 63.0
132 30 16.0
132 37 18.0
132 41 95.0
132 73 78.0
132 116 58.0
132 186 67.0
132 2 10.0
132 19 90.0
132 57 61.0
132 61 88.0
132 63 98.0
132 82 44.0
132 83 37.0
132 105 64.0
132 122 86.0
132 143 16.0
132 149 22.0
132 196 36.0
132 198 37.0
133 47 61.0
133 68 55.0
133 93 43.0
133 127 58.0
133 142 48.0
133 182 73.0
133 187 70.0
133 199 41.0
133 4 1.0
133 52 58.0
133 90 28.0
134 13 16.0
134 21 36.0
134 36 19.0
134 79 92.0
134 119 36.0
134 171 40.0
134 176 53.0
134 32 25.0
134 89 46.0
134 115 47.0
134 117 64.0
134 157 6.0
134 158 97.0
134 161 86.0
135 7 74.0
135 14 97.0
135 23 55.0
135 31 59.0
135 46 26.0
135 55 20.0
135 58 62.0
135 76 51.0
135 80 11.0
135 103 26.0
135 112 74.0
135 114 46.0
135 126 60.0
135 128 33.0
135 137 43.0
135 152 90.0
135 153 54.0
135 168 13.0
135 172 64.0
135 174 9.0
136 35 99.0
136 40 39.0
136 71 68.0
136 113 60.0
136 131 1.0
136 139 38.0
137 7 14.0
137 31 90.0
137 39 8.0
137 46 8.0
137 55 55.0
137 94 35.0
137 103 9.0
137 112 88.0
137 114 88.0
137 123 60.0
137 126 19.0
137 135 46.0
137 138 85.0
137 141 7.0
137 152 95.0
137 168 94.0
137 174 63.0
137 190 65.0
138 7 4.0
138 31 16.0
138 39 36.0
138 46 54.0
138 92 35.0
138 114 70.0
138 123 62.0
138 128 88.0
138 137 81.0
138 141 80.0
138 168 90.0
139 18 40.0
139 35 76.0
139 40 29.0
139 71 90.0
139 101 47.0
139 102 75.0
139 113 3.0
139 131 35.0
139 136 96.0
140 15 8.0
140 29 11.0
140 32 10.0
140 49 38.0
140 54 72.0
140 68 21.0
140 70 99.0
140 93 90.0
140 97 24.0
140 99 73.0
140 104 16.0
140 106 3.0
140 111 46.0
140 120 58.0
140 154 21.0
140 163 82.0
140 166 80.0
141 7 6.0
141 39 9.0
141 46 67.0
141 92 44.0
141 94 68.0
141 123 23.0
141 137 29.0
141 138 39.0
141 190 62.0
142 50 69.0
142 68 93.0
142 93 46.0
142 99 4.0
142 127 45.0
142 133 76.0
142 164 37.0
142 181 62.0
142 182 68.0
142 187 23.0
142 199 63.0
143 3 58.0
143 8 58.0
143 9 63.0
143 19 37.0
143 57 64.0
143 61 93.0
143 63 27.0
143 82 9.0
143 83 40.0
143 96 60.0
143 105 20.0
143 132 42.0
143 149 27.0
143 167 58.0
143 173 80.0
143 180 77.0
143 196 52.0
143 198 39.0
144 3 27.0
144 8 73.0
144 11 22.0
144 28 22.0
144 65 11.0
144 66 13.0
144 77 2.0
144 96 29.0
144 180 86.0
144 183 55.0
144 191 39.0
145 74 54.0
145 10 20.0
145 17 42.0
145 42 63.0
145 71 20.0
145 87 2.0
146 1 50.0
146 14 28.0
146 21 1.0
146 23 54.0
146 36 14.0
146 58 64.0
146 69 82.0
146 76 83.0
146 80 39.0
146 84 44.0
146 100 45.0
146 128 74.0
146 153 66.0
146 168 66.0
146 169 24.0
146 171 23.0
146 172 44.0
146 174 98.0
146 175 85.0
146 176 70.0
147 37 15.0
147 51 64.0
147 165 80.0
147 188 86.0
147 72 26.0
147 78 37.0
147 115 41.0
147 151 97.0
147 38 27.0
147 98 32.0
147 124 19.0
147 148 40.0
148 147 22.0
148 5 90.0
148 43 82.0
148 72 37.0
148 75 34.0
148 78 70.0
148 115 8.0
148 151 15.0
148 20 89.0
148 34 71.0
148 38 47.0
148 44 18.0
148 48 92.0
148 62 50.0
148 81 60.0
148 98 43.0
148 109 80.0
148 121 13.0
148 124 68.0
149 27 43.0
149 30 3.0
149 37 60.0
149 41 81.0
149 60 42.0
149 116 62.0
149 188 79.0
149 2 49.0
149 19 6.0
149 57 23.0
149 61 81.0
149 63 62.0
149 83 42.0
149 105 58.0
149 122 79.0
149 124 47.0
149 132 95.0
149 143 69.0
149 196 64.0
149 198 96.0
150 6 52.0
150 33 66.0
150 107 74.0
150 185 55.0
150 194 26.0
151 147 72.0
151 5 88.0
151 43 34.0
151 72 32.0
151 75 88.0
151 78 60.0
151 115 92.0
151 157 30.0
151 38 27.0
151 44 3.0
151 48 69.0
151 98 17.0
151 148 87.0
152 31 63.0
152 55 45.0
152 103 12.0
152 112 68.0
152 126 4.0
152 130 47.0
152 135 90.0
152 137 24.0
152 195 75.0
153 1 19.0
153 14 56.0
153 23 48.0
153 31 86.0
153 46 32.0
153 58 33.0
153 69 67.0
153 76 29.0
153 80 86.0
153 84 13.0
153 100 5.0
153 103 75.0
153 112 66.0
153 114 65.0
153 128 85.0
153 135 79.0
153 146 50.0
153 168 24.0
153 172 48.0
153 174 26.0
154 12 21.0
154 15 76.0
154 29 31.0
154 32 39.0
154 49 54.0
154 54 69.0
154 70 97.0
154 91 46.0
154 97 9.0
154 99 6.0
154 106 99.0
154 111 97.0
154 120 8.0
154 140 24.0
154 162 48.0
154 163 90.0
154 166 16.0
154 179 14.0
155 18 30.0
155 24 12.0
155 35 11.0
155 67 66.0
155 88 59.0
155 101 11.0
155 102 72.0
155 113 71.0
155 131 55.0
155 160 47.0
155 184 93.0
156 58 93.0
156 74 75.0
156 76 80.0
156 130 70.0
156 169 32.0
156 172 38.0
156 178 11.0
156 51 3.0
156 165 6.0
157 13 39.0
157 21 14.0
157 119 88.0
157 171 88.0
157 5 46.0
157 32 10.0
157 43 7.0
157 70 80.0
157 72 52.0
157 75 54.0
157 78 97.0
157 104 25.0
157 115 48.0
157 117 10.0
157 134 5.0
157 151 58.0
157 158 79.0
157 161 14.0
158 13 45.0
158 79 90.0
158 119 37.0
158 15 96.0
158 32 41.0
158 70 90.0
158 89 31.0
158 111 59.0
158 117 47.0
158 129 98.0
158 134 19.0
158 157 63.0
158 161 86.0
158 166 38.0
159 95 36.0
159 16 98.0
159 45 33.0
159 110 92.0
159 111 9.0
159 129 54.0
159 179 21.0
160 18 6.0
160 24 17.0
160 67 20.0
160 88 29.0
160 101 39.0
160 102 33.0
160 113 64.0
160 155 31.0
160 184 61.0
161 13 17.0
161 21 63.0
161 79 63.0
161 119 59.0
161 171 34.0
161 176 66.0
161 15 18.0
161 32 82.0
161 70 34.0
161 89 40.0
161 117 40.0
161 129 85.0
161 134 5.0
161 157 8.0
161 158 64.0
162 6 13.0
162 12 85.0
162 16 34.0
162 25 10.0
162 45 11.0
162 54 30.0
162 91 5.0
162 97 11.0
162 110 21.0
162 111 79.0
162 154 48.0
162 163 34.0
162 179 75.0
162 185 88.0
163 6 30.0
163 12 47.0
163 16 10.0
163 29 82.0
163 54 66.0
163 91 22.0
163 97 10.0
163 106 44.0
163 110 65.0
163 111 16.0
163 120 14.0
163 140 18.0
163 154 63.0
163 162 87.0
163 166 2.0
163 179 47.0
163 185 63.0
164 29 72.0
164 33 70.0
164 50 10.0
164 54 75.0
164 68 58.0
164 93 95.0
164 97 7.0
164 99 54.0
164 106 67.0
164 120 63.0
164 142 75.0
164 181 8.0
164 182 18.0
164 185 22.0
164 187 16.0
164 199 65.0
165 156 30.0
165 169 73.0
165 51 34.0
165 147 51.0
165 177 93.0
165 192 2.0
166 15 27.0
166 29 68.0
166 32 75.0
166 49 87.0
166 70 63.0
166 97 29.0
166 104 91.0
166 106 98.0
166 111 28.0
166 117 57.0
166 120 70.0
166 140 35.0
166 154 51.0
166 158 1.0
166 163 52.0
167 3 7.0
167 8 54.0
167 34 17.0
167 53 14.0
167 57 80.0
167 62 97.0
167 63 82.0
167 81 88.0
167 96 84.0
167 105 38.0
167 109 45.0
167 121 36.0
167 143 62.0
167 196 75.0
167 198 77.0
168 1 8.0
168 7 82.0
168 14 79.0
168 23 39.0
168 31 4.0
168 46 74.0
168 58 62.0
168 69 16.0
168 80 54.0
168 84 31.0
168 103 2.0
168 112 48.0
168 114 3.0
168 128 32.0
168 135 87.0
168 137 40.0
168 138 6.0
168 146 72.0
168 153 7.0
168 172 63.0
168 174 24.0
169 23 50.0
169 36 62.0
169 58 10.0
169 76 10.0
169 100 60.0
169 130 57.0
169 146 99.0
169 156 75.0
169 172 49.0
169 175 96.0
169 178 86.0
169 51 62.0
169 165 62.0
170 47 54.0
170 193 69.0
170 4 6.0
170 20 49.0
170 44 9.0
170 48 32.0
170 52 46.0
170 53 41.0
170 59 63.0
170 62 76.0
170 81 97.0
170 109 24.0
170 118 79.0
170 121 33.0
170 189 82.0
170 200 86.0
171 1 39.0
171 13 78.0
171 21 72.0
171 36 31.0
171 79 15.0
171 84 38.0
171 100 78.0
171 119 39.0
171 146 33.0
171 175 77.0
171 176 21.0
171 89 28.0
171 115 22.0
171 117 61.0
171 134 53.0
171 157 23.0
171 161 85.0
172 14 54.0
172 23 47.0
172 31 44.0
172 58 7.0
172 76 88.0
172 80 90.0
172 84 71.0
172 100 35.0
172 103 45.0
172 112 80.0
172 126 77.0
172 130 38.0
172 135 6.0
172 146 51.0
172 153 26.0
172 156 13.0
172 168 38.0
172 169 11.0
172 174 29.0
172 175 53.0
172 178 15.0
173 8 27.0
173 9 28.0
173 61 82.0
173 77 33.0
173 82 36.0
173 83 87.0
173 86 96.0
173 143 20.0
173 180 35.0
173 196 46.0
173 198 54.0
174 1 81.0
174 14 37.0
174 23 38.0
174 31 11.0
174 46 95.0
174 58 83.0
174 76 4.0
174 80 87.0
174 84 15.0
174 103 17.0
174 112 55.0
174 114 19.0
174 126 72.0
174 128 48.0
174 135 91.0
174 137 50.0
174 146 23.0
174 153 63.0
174 168 95.0
174 172 79.0
175 1 92.0
175 21 47.0
175 23 97.0
175 36 11.0
175 58 42.0
175 76 31.0
175 84 16.0
175 100 91.0
175 146 31.0
175 169 3.0
175 171 71.0
175 172 71.0
175 51 56.0
176 1 46.0
176 13 62.0
176 21 86.0
176 22 85.0
176 23 28.0
176 26 18.0
176 36 73.0
176 69 35.0
176 79 80.0
176 80 26.0
176 84 40.0
176 100 68.0
176 119 77.0
176 128 81.0
176 146 27.0
176 171 48.0
176 89 52.0
176 134 49.0
176 161 71.0
177 10 69.0
177 56 44.0
177 60 59.0
177 85 62.0
177 165 38.0
177 188 40.0
177 192 24.0
178 58 32.0
178 74 59.0
178 76 98.0
178 103 75.0
178 126 87.0
178 130 42.0
178 156 34.0
178 169 33.0
178 172 2.0
179 12 59.0
179 15 99.0
179 16 82.0
179 45 99.0
179 54 90.0
179 91 44.0
179 110 10.0
179 111 27.0
179 129 2.0
179 154 29.0
179 159 77.0
179 162 1.0
179 163 18.0
180 3 43.0
180 8 21.0
180 9 86.0
180 63 45.0
180 65 13.0
180 77 64.0
180 82 3.0
180 86 75.0
180 143 30.0
180 144 5.0
180 173 59.0
180 183 27.0
180 198 46.0
181 29 77.0
181 33 25.0
181 50 31.0
181 93 19.0
181 99 14.0
181 106 33.0
181 120 62.0
181 142 38.0
181 164 60.0
181 182 14.0
181 187 78.0
181 199 97.0
182 47 39.0
182 50 79.0
182 68 33.0
182 93 26.0
182 99 68.0
182 127 50.0
182 133 11.0
182 142 23.0
182 164 26.0
182 181 84.0
182 187 9.0
182 199 39.0
182 4 25.0
183 11 18.0
183 28 22.0
183 65 26.0
183 66 6.0
183 77 9.0
183 125 8.0
183 144 10.0
183 180 69.0
183 197 40.0
184 24 40.0
184 101 55.0
184 102 96.0
184 113 10.0
184 155 79.0
184 160 57.0
185 6 52.0
185 12 24.0
185 29 13.0
185 33 92.0
185 54 51.0
185 91 68.0
185 97 78.0
185 106 92.0
185 107 88.0
185 120 55.0
185 150 86.0
185 162 96.0
185 163 59.0
185 164 78.0
185 194 48.0
186 27 26.0
186 30 68.0
186 73 44.0
186 88 65.0
186 122 67.0
186 132 31.0
187 47 15.0
187 50 43.0
187 68 75.0
187 93 72.0
187 99 7.0
187 127 28.0
187 133 50.0
187 142 9.0
187 164 74.0
187 181 60.0
187 182 87.0
187 199 54.0
188 27 33.0
188 37 43.0
188 41 4.0
188 60 1.0
188 85 52.0
188 116 40.0
188 147 51.0
188 177 91.0
188 2 86.0
188 124 17.0
188 149 8.0
189 5 18.0
189 43 10.0
189 47 84.0
189 75 47.0
189 104 9.0
189 193 23.0
189 20 59.0
189 44 92.0
189 48 71.0
189 52 47.0
189 53 85.0
189 59 56.0
189 62 18.0
189 81 26.0
189 109 44.0
189 118 1.0
189 121 53.0
189 170 68.0
189 200 64.0
190 39 38.0
190 46 46.0
190 55 14.0
190 94 12.0
190 123 28.0
190 137 2.0
190 141 22.0
191 4 59.0
191 11 43.0
191 28 38.0
191 52 34.0
191 64 43.0
191 66 92.0
191 90 46.0
191 108 49.0
191 144 33.0
191 197 21.0
191 200 44.0
192 10 74.0
192 56 78.0
192 85 34.0
192 165 56.0
192 177 60.0
193 5 60.0
193 43 31.0
193 47 52.0
193 68 60.0
193 75 92.0
193 104 49.0
193 20 59.0
193 44 45.0
193 48 33.0
193 52 87.0
193 53 5.0
193 59 88.0
193 81 29.0
193 118 96.0
193 170 93.0
193 189 70.0
193 200 96.0
194 6 73.0
194 25 17.0
194 107 46.0
194 150 58.0
194 185 49.0
195 74 7.0
195 126 19.0
195 130 89.0
195 152 13.0
195 17 86.0
195 42 7.0
195 87 15.0
196 41 58.0
196 2 30.0
196 3 81.0
196 8 61.0
196 9 98.0
196 19 66.0
196 57 91.0
196 61 32.0
196 63 73.0
196 82 71.0
196 83 11.0
196 96 92.0
196 105 97.0
196 122 38.0
196 132 54.0
196 143 70.0
196 149 21.0
196 167 26.0
196 173 85.0
196 198 34.0
197 11 79.0
197 28 85.0
197 64 11.0
197 66 14.0
197 108 37.0
197 183 77.0
197 191 47.0
198 41 38.0
198 2 64.0
198 3 5.0
198 8 39.0
198 9 86.0
198 19 13.0
198 57 53.0
198 61 13.0
198 63 66.0
198 82 62.0
198 83 54.0
198 96 10.0
198 105 90.0
198 122 96.0
198 132 57.0
198 143 82.0
198 149 71.0
198 167 51.0
198 173 45.0
198 180 18.0
198 196 4.0
199 50 57.0
199 93 78.0
199 99 66.0
199 127 4.0
199 133 31.0
199 142 43.0
199 164 47.0
199 181 54.0
199 182 2.0
199 187 72.0
200 47 38.0
200 193 89.0
200 4 43.0
200 20 5.0
200 52 59.0
200 53 75.0
200 59 11.0
200 81 34.0
200 90 66.0
200 118 78.0
200 170 36.0
200 189 89.0
200 191 18.0
