44.60922086580241 70.52089568512963 0.0
145.7669003479402 100.93495928440635 0.0
149.89014117676408 141.91405804317043 0.0
106.88646948252763 176.7190334440624 0.0
86.30446480212824 118.40479633364203 0.0
18.50115315305625 184.61972043294494 0.0
20.62764335397853 31.71968483337637 0.0
164.8045324900086 143.42724041690082 0.0
177.85407688747165 136.9857034229632 0.0
133.807440151663 33.60279038265013 0.0
146.6828911642954 169.83135030312272 0.0
29.43014772179502 160.40397489931522 0.0
46.27707525276359 97.05645032784236 0.0
43.94321225844793 46.299658387074125 0.0
49.37053395993309 134.3141293239717 0.0
17.960430103729742 149.653032634102 0.0
110.11768385008429 2.881433231789665 0.0
171.6325267271539 33.40944793581861 0.0
154.650816379046 102.47779298418955 0.0
103.38558621835503 140.53336869844497 0.0
58.130547725749 88.2234157981685 0.0
21.493560610969098 72.19672935547425 0.0
54.14508583445758 57.212408056876555 0.0
198.9694081010994 10.228611461848502 0.0
0.6343746224674263 173.8083201181934 0.0
23.704871890824087 77.0941249621562 0.0
161.08537855518998 92.65260183738222 0.0
153.4841122594591 184.67808069120406 0.0
50.56526507597789 174.50924384262478 0.0
179.44169521017707 87.4069669752596 0.0
43.22933628790759 32.451686435726224 0.0
51.730899143136156 125.7504109427181 0.0
41.26105650149232 194.53099183272687 0.0
127.61347049296042 122.90126616688491 0.0
164.77173929300446 23.946882058287542 0.0
64.87731995562531 80.44114736615657 0.0
138.00781081501862 98.87632796460863 0.0
102.43396737919166 108.0561993024917 0.0
19.283828766298573 21.49690936040509 0.0
145.14286626834703 17.875488076824 0.0
150.3798113180319 99.37521307077222 0.0
101.35507113458723 15.762446362921612 0.0
85.71171773210831 122.27319189426842 0.0
109.36389465979298 129.89746422481016 0.0
2.404214781838432 143.5582897872857 0.0
32.89570770762358 31.24753940974887 0.0
89.46516635668577 167.7859372436253 0.0
105.96922584485877 121.02681685354113 0.0
67.58171402929057 144.6558519781978 0.0
63.89692739678401 187.00951981142842 0.0
100.62790002837714 74.42631551794332 0.0
109.89764525577219 163.5647409777621 0.0
125.79437334147437 141.0035550352632 0.0
35.73459648922983 169.5401685102126 0.0
51.32078042615529 6.3059933667390045 0.0
139.98851787992103 43.62988263285901 0.0
149.1319308922671 123.13610621471247 0.0
69.02079829002044 48.618991308364514 0.0
104.24905709672669 153.67531520240217 0.0
143.37683819330414 73.9056952506529 0.0
173.6678035540757 116.85021962134137 0.0
126.32528114441226 129.95932369142002 0.0
154.46494270663266 130.20130783584193 0.0
141.42386988038183 198.8805068409037 0.0
164.21605698521589 160.51800496619543 0.0
152.4481815322313 181.98765223040684 0.0
196.37678866337842 52.38682554525589 0.0
81.71473939241613 168.36150417143722 0.0
29.100580812590128 64.932156664512 0.0
61.775245097907636 137.53757221506922 0.0
138.03606403887594 14.412043074788162 0.0
90.65413654496113 105.04389750928067 0.0
191.9677035079189 93.96409898915003 0.0
92.24682584923139 21.23947706989131 0.0
94.7334368409743 121.67957931070642 0.0
71.19141617113615 41.91649744769501 0.0
177.6735538264087 154.31635996885439 0.0
95.47192066108869 103.38732618927689 0.0
43.93519185880308 96.34446062197996 0.0
40.20636280981893 55.28498675299893 0.0
119.27733039042022 132.6504713076164 0.0
182.51844928178005 131.063737245407 0.0
173.59122005270936 118.1102170437018 0.0
50.08680962737917 69.19410236479506 0.0
143.17181757946062 68.37155823600047 0.0
194.91107125085006 137.30458122201205 0.0
105.84581520462935 13.572333701281725 0.0
189.02945252824398 57.030003032912944 0.0
39.38234060150025 100.35095978406629 0.0
120.36775439637906 179.08441414443007 0.0
28.182633499081454 157.39031340095067 0.0
4.5950223407093205 16.08404815549229 0.0
74.0654219110159 175.8680567978012 0.0
22.806399731711636 4.903940150466024 0.0
14.034868466338857 98.56961301763813 0.0
145.0491098396891 140.85928565326242 0.0
51.238416785380636 160.05261689625394 0.0
106.15267036434591 102.76080261952028 0.0
64.89211765737421 175.13467533309264 0.0
63.019891429435184 70.90081334968099 0.0
180.77132913024033 34.10885008256168 0.0
181.4804201340427 29.28487565275921 0.0
55.93500987341176 30.47434428728073 0.0
76.00400107408798 138.93136682628406 0.0
159.67210767723952 120.60246483455181 0.0
57.01582935974334 170.81941967702195 0.0
17.22894265980932 194.64087784535388 0.0
128.25178586827747 195.07330865372353 0.0
123.69663407554884 124.09197054217462 0.0
20.53658529782567 137.22923621233295 0.0
32.50815236906577 143.88383899263874 0.0
48.56321020714449 32.938287031224924 0.0
176.31466876788656 25.385449062223287 0.0
33.69733241046147 39.21713640188222 0.0
87.58135772419986 101.70007160935859 0.0
148.52566829974415 93.36584453318659 0.0
52.06302128678255 117.70409639189332 0.0
107.81263914952113 149.92999692514266 0.0
50.39024538089549 94.68107899044509 0.0
55.72490889043915 171.59217197996304 0.0
121.31714678678405 123.03369315664474 0.0
180.62873466699477 101.63554652963191 0.0
14.752010107453174 26.438992390638695 0.0
126.46039600723937 103.630310483295 0.0
193.51248164195147 176.9453958110029 0.0
63.61525172656326 18.25128346185856 0.0
89.81728215593579 182.8923952061721 0.0
32.49627830925623 57.64303989679731 0.0
25.84671545399506 120.1669461529999 0.0
79.30827840112029 34.50661785912865 0.0
167.27456950692988 32.19328405055095 0.0
166.37928042141525 106.0896449632573 0.0
94.49427504749781 185.18565081775716 0.0
58.23588181518859 102.51962597170628 0.0
48.33259077467764 32.57637124096555 0.0
159.85471118033774 4.42790616763189 0.0
35.36427591210385 16.16434308985284 0.0
14.95741694784476 36.569571371765996 0.0
162.51164582651057 11.412017403427765 0.0
59.91190068941836 152.15249913691568 0.0
11.43314365242829 10.451587802890906 0.0
72.74788955334022 196.84646825992164 0.0
160.27535072950812 128.74401808467675 0.0
156.99023279480335 161.95106763938136 0.0
113.68326968404399 19.967358057193074 0.0
56.45852677260776 62.9590044484257 0.0
111.53393623237639 88.5934988062773 0.0
109.87714001459273 112.75921511912566 0.0
152.67877111596695 100.74548475716567 0.0
23.08491837015696 197.9819277684712 0.0
92.05037530070936 111.31019162278572 0.0
61.82917835913919 12.49570217016407 0.0
47.80979803414995 48.9140495847336 0.0
49.57391346198621 153.8243073580049 0.0
189.78062087001388 30.252301425807705 0.0
92.44752374279304 46.25901292962102 0.0
71.2364953793092 111.39504774236819 0.0
47.400511989376895 118.6998018896901 0.0
13.179131417810641 126.07624846686811 0.0
199.8391281243716 35.76667763203862 0.0
53.56393895395557 109.60453131523577 0.0
23.446065444299833 157.48025827857748 0.0
33.50101767325591 161.91754451474918 0.0
57.59474445636745 185.81843234796403 0.0
108.27927941182547 64.43448060983947 0.0
56.70896798677092 145.71383402388233 0.0
143.13201041733817 132.74397736150794 0.0
41.11510179354214 43.56463146104495 0.0
81.98234074889321 60.79769329483571 0.0
110.3791330883762 148.08893841222078 0.0
61.97748881477909 92.16246391084162 0.0
67.81648583451863 46.36103115969647 0.0
187.44091757997242 140.01686568570776 0.0
48.80748005567113 42.125222989606236 0.0
73.94186906847268 69.96074209266364 0.0
45.74696303365191 83.99128350164635 0.0
126.50205199275916 58.3392021925778 0.0
78.90168533453914 37.872858415030365 0.0
25.52957346608298 143.66517690093985 0.0
175.14448120504986 151.03833830357618 0.0
59.890497010421726 199.857746644349 0.0
85.47948404397465 194.40138025699326 0.0
168.59879765324692 177.39592679457024 0.0
197.4681309496225 15.186022378708453 0.0
30.925634043544182 182.12070743346624 0.0
180.11069766422153 83.85932743476255 0.0
79.29940498148002 191.30073234732 0.0
136.43380231714826 77.2320514890853 0.0
100.18811543752209 142.71000148692562 0.0
32.979301639938875 3.8859335139843854 0.0
135.22612553209606 174.8485718964694 0.0
125.5854867615652 48.59371324295019 0.0
98.16746224331428 145.07032924095603 0.0
7.296787799478732 189.1561079694708 0.0
82.81835141133527 7.264408823283697 0.0
166.93344539042985 122.08747779409501 0.0
152.92184212404962 191.86993260931376 0.0
165.79798484922003 122.83999593699315 0.0
77.03773721045096 198.38632140857175 0.0
115.19057254290617 161.76377904393163 0.0
