2 173
3 52
1096 862
5 798
6 383
1099 529
1092 202
1094 185
11 856
13 153
1089 468
1090 679
21 243
20 746
22 978
25 806
27 18
26 476
29 824
28 446
38 105
36 849
42 247
43 979
40 283
41 570
46 580
44 544
45 181
50 72
49 332
48 458
55 110
53 628
58 973
61 198
60 880
69 923
1034 336
71 248
64 336
1038 634
67 251
1039 377
1024 464
76 649
1025 147
77 835
1026 55
78 535
1027 790
72 229
1029 982
74 235
1031 790
75 942
1049 203
1048 578
84 746
87 887
1050 906
1055 545
83 406
93 146
92 431
1043 384
89 179
91 313
1047 1
1046 377
90 90
102 572
1067 64
103 645
1064 681
100 171
101 447
1065 690
1070 40
1071 92
97 437
1058 530
110 29
1057 585
104 197
1061 90
119 331
1083 265
116 341
115 125
1087 145
1086 817
1085 539
127 773
1075 31
1074 559
1072 611
1079 38
122 900
120 883
1076 198
139 327
141 443
140 666
143 717
142 397
128 547
130 729
133 139
132 502
135 685
152 226
153 368
156 231
158 337
159 302
144 153
145 291
149 329
150 151
170 701
169 80
174 887
163 473
162 731
166 527
164 890
187 541
191 151
178 888
179 196
177 24
182 443
183 32
180 695
204 318
207 122
206 752
201 429
203 407
202 352
196 835
199 791
195 964
194 525
220 307
222 197
223 289
218 912
219 433
212 500
213 166
215 32
208 431
209 846
211 947
239 30
238 428
234 612
232 7
231 270
229 923
227 566
225 373
224 605
254 528
253 162
250 828
246 836
247 25
242 43
240 138
275 898
273 148
272 553
278 108
276 72
280 507
286 958
285 420
284 325
258 392
256 369
263 720
261 570
266 758
264 947
271 747
307 640
306 607
310 103
315 434
318 757
291 12
292 199
296 141
301 814
302 724
343 169
342 327
341 694
338 811
351 208
350 84
349 357
345 566
344 567
327 567
324 36
323 897
321 312
334 805
335 220
332 293
330 323
328 209
329 670
373 449
369 610
368 885
370 429
380 356
383 89
376 937
378 328
356 653
357 491
359 460
352 555
353 335
355 623
366 956
367 741
363 60
410 362
411 163
408 429
409 372
414 798
412 512
413 757
403 466
406 607
392 471
397 553
387 987
385 294
384 511
391 81
389 556
388 263
442 741
433 657
435 160
437 597
439 442
424 969
427 819
426 550
431 342
417 873
419 613
418 129
421 775
420 245
422 510
478 563
479 698
475 214
470 98
471 984
469 796
466 880
464 130
465 407
463 654
459 536
457 831
456 223
452 419
451 862
448 395
508 893
504 976
505 856
500 174
501 352
502 791
496 39
498 762
499 435
492 335
494 466
488 27
491 977
485 659
484 384
480 678
482 824
550 573
548 540
549 973
547 291
545 559
559 825
556 621
555 347
552 622
553 156
567 860
562 273
561 676
560 297
575 954
574 834
573 552
570 598
518 923
512 820
513 76
515 508
525 261
526 216
527 331
521 907
522 565
532 29
529 565
531 85
538 912
610 988
608 296
609 51
614 961
613 43
617 853
623 451
627 726
625 185
624 988
630 843
629 191
628 944
632 300
639 344
638 172
637 432
636 883
576 583
586 554
587 167
588 783
590 612
593 730
592 279
595 479
594 97
597 285
596 472
601 552
600 998
603 640
605 101
685 672
684 455
682 288
679 107
675 641
672 555
703 187
697 434
693 906
691 56
688 651
653 880
652 32
649 124
648 143
651 403
650 604
645 631
641 495
640 397
643 385
671 540
664 756
666 53
667 949
660 910
663 481
657 175
658 586
659 151
745 42
744 749
751 87
749 476
737 848
736 254
743 223
740 852
762 279
763 965
766 582
764 79
765 524
753 222
758 84
756 76
757 533
715 257
716 303
704 866
711 487
728 920
731 417
732 280
734 670
720 221
721 51
722 128
723 749
724 269
725 148
820 805
822 562
816 305
831 243
824 966
826 565
806 339
800 37
814 147
791 829
789 773
788 491
785 500
784 751
798 172
797 883
795 209
794 116
793 580
792 937
774 804
775 717
772 854
768 97
769 451
783 390
780 517
781 604
779 681
777 724
883 214
885 877
884 636
887 492
889 956
890 367
892 777
864 986
866 275
868 877
871 691
873 626
875 301
876 317
878 723
850 887
849 777
853 242
858 954
857 38
863 681
862 68
861 873
834 110
837 442
840 966
847 57
958 630
952 191
955 308
951 127
946 306
947 798
941 711
940 519
943 452
937 60
936 703
939 737
938 307
933 956
932 92
934 321
928 723
931 818
922 848
923 280
920 352
918 542
919 460
914 1
915 200
911 572
910 54
908 190
907 293
905 969
904 436
902 816
901 155
900 176
898 615
897 660
1018 916
1020 730
1022 711
1008 771
1009 533
1012 859
1013 599
1014 91
1015 749
1003 209
1002 957
1005 193
1004 610
996 928
998 752
986 416
984 143
990 457
976 558
982 26
983 446
981 953
971 33
970 229
975 550
974 573
973 862
972 345
963 345
967 164
966 818
965 782
964 645
