10.601582378255102 37.82558306087142 0.0
9.407296517169627 159.00225647810154 0.0
31.87577706798148 65.02024496208485 0.0
181.0673312950075 32.76861591842874 0.0
139.79873128117754 175.80206028213018 0.0
42.63116311723629 120.002382018019 0.0
25.835367108375596 32.152119550120226 0.0
181.99929669709095 64.58816757722359 0.0
161.49313969848785 18.438012313679675 0.0
190.43339603165438 20.657531485119375 0.0
63.50620851129036 144.66334511737088 0.0
110.05903530467951 34.88637224893403 0.0
3.9134215921236226 191.79282410323194 0.0
12.678904141597847 171.17612384774898 0.0
172.8731401589728 0.7946995202384066 0.0
185.41524784193885 35.31753996879614 0.0
195.22201497153608 89.2690222707001 0.0
132.48947635826585 105.08760019480307 0.0
126.19884614947046 43.00665685856961 0.0
167.48579060916617 100.33149819409097 0.0
7.418697769229032 174.55056915595026 0.0
166.7348429451402 137.9332542586432 0.0
151.09659306320228 166.8075582895131 0.0
81.99249174091638 8.18013131124995 0.0
138.6840724468606 26.984969059967657 0.0
69.37773843437547 181.87748634250985 0.0
69.49602445806822 64.60374374277085 0.0
181.57305019878876 111.67238729538167 0.0
75.56925164842103 177.06547832119819 0.0
91.5792433435822 26.395699464766274 0.0
130.90827806469403 77.22790674921151 0.0
68.8563338206822 133.83413760009017 0.0
126.43797498182457 29.669678831328874 0.0
12.470587276890654 145.19511986224313 0.0
56.396665076375704 175.8019323596392 0.0
160.90730706665144 113.6290148400752 0.0
167.5673996762407 22.710642557275172 0.0
144.4977517113165 139.52476513536806 0.0
59.65916359427441 146.59044311278143 0.0
123.94782282678666 136.8965800717135 0.0
193.31386523196153 18.856930282361418 0.0
67.24504462150298 178.03083770700206 0.0
61.628982013703414 101.50133240079904 0.0
157.25957002600882 137.66399340794374 0.0
11.749822656065678 177.97769832706206 0.0
93.64394203049319 43.31376538755023 0.0
164.99944292194238 86.88951168149879 0.0
55.175365197603774 104.98749357905453 0.0
77.17823287102381 7.969160932638397 0.0
122.4734297343684 45.343150326991456 0.0
105.0794239219107 13.320134494273471 0.0
26.065111052826474 80.47989742860082 0.0
100.93061147846147 141.6186358744386 0.0
181.0581089959673 111.88689732022654 0.0
43.385625323644604 178.94752819929855 0.0
97.22258488642363 181.68037578221617 0.0
131.85507065882385 37.162446320169806 0.0
12.07029498517378 16.11072463186092 0.0
120.37789664756163 109.1661276894492 0.0
184.55942901923825 136.42280757562992 0.0
47.90050707695181 50.19391693072295 0.0
108.34234642901382 151.5043685399565 0.0
33.743875490179654 85.1896136822601 0.0
156.01243608228694 63.358859901179734 0.0
50.20326124233985 174.57772082758197 0.0
49.59556998799079 114.2906564526624 0.0
158.63920496894502 184.21449768732765 0.0
67.57051773475094 83.79214801319262 0.0
1.082446367917389 0.02681989474604407 0.0
44.99179924110048 3.47377916876912 0.0
176.289569885792 103.82450675820525 0.0
0.8275494580510356 199.97966020442794 0.0
97.35022300229186 83.99825354908069 0.0
35.41402010816095 198.6829505471402 0.0
27.360765672023103 93.2918477015341 0.0
180.96732355625556 125.05673453873047 0.0
20.343296455449476 185.5640258976067 0.0
159.3822454099115 25.967738962467024 0.0
56.50314009191386 164.43175004605993 0.0
104.08687602068123 199.74177980266714 0.0
154.08179557367885 58.91334790575926 0.0
36.51089565557424 171.70129606520362 0.0
64.47655173217306 4.666482183219611 0.0
52.764492404625216 180.9770947165211 0.0
112.96190674126069 154.14246810384853 0.0
172.4138991891452 154.7477567923137 0.0
34.262159922687594 64.95505967789681 0.0
28.77851978529049 137.661916672656 0.0
70.38839335248299 22.988341005173506 0.0
38.96386266142464 17.050046577500222 0.0
147.5673078348577 145.24495489997258 0.0
181.88336595476366 138.6340376503466 0.0
29.753352279782817 77.16243083801393 0.0
33.811428101505015 42.79435033604011 0.0
158.12966588145494 50.102007603760626 0.0
63.54885613047525 68.0561826500818 0.0
29.16738675540598 196.9408088678682 0.0
173.07118096577165 166.3074896037071 0.0
38.22700594278552 137.17483815537153 0.0
84.5692016671317 153.36345700399752 0.0
121.3494682162318 137.66689406622677 0.0
21.080280572431498 178.84344601362787 0.0
64.79873927042065 31.14992876242595 0.0
5.447895601812158 40.92802959323978 0.0
20.08175146577249 131.8230266946871 0.0
11.136122165327333 94.41532964461912 0.0
161.58554836014167 25.853750402082888 0.0
138.46467179504663 104.59740452251455 0.0
154.63559037102087 134.32712472291982 0.0
161.1192273470281 84.82897827078604 0.0
163.69332760174754 147.1580575884351 0.0
190.3309035943285 122.2624318913476 0.0
123.57496331385909 8.710709506840209 0.0
37.907652753442676 44.074463694188196 0.0
120.98770786307658 99.34466758047753 0.0
124.33958921369157 105.61139680126585 0.0
189.34361670946325 1.8345253135198636 0.0
74.48915096285059 92.23178804790133 0.0
6.72535150368343 167.58596985133843 0.0
70.91623866104355 118.22634766923645 0.0
105.0421373015326 104.7979810046647 0.0
193.67733923892635 179.04696429489425 0.0
47.828363010980944 199.19741536475357 0.0
165.47689732373686 167.17799851622658 0.0
14.80123025433957 147.69873532274192 0.0
142.33811159076723 197.33475039900418 0.0
143.2079972839396 36.318215088196084 0.0
42.49950034466372 103.27538865296168 0.0
19.157415241545905 125.89857809565932 0.0
190.0325482593849 66.36433421144199 0.0
86.54392880076726 22.67649281829396 0.0
164.7149165789934 115.12660611953949 0.0
46.837439903522316 105.45196307675111 0.0
95.98262218866374 95.38413573109897 0.0
159.9253307508878 57.09522754619203 0.0
16.323839010936258 52.16676277132548 0.0
124.35761244230447 105.35333728539256 0.0
98.26584185130527 187.44202825243408 0.0
114.76006462054407 116.3950799367627 0.0
39.1458103851948 61.80953481836784 0.0
184.84434527534214 4.2596002132559985 0.0
129.1452208848446 93.65724191676163 0.0
6.358108612937841 20.350505204547442 0.0
40.606625869104775 75.87847012180251 0.0
7.482121947987053 169.3439018365236 0.0
110.44067963558784 178.1001632638673 0.0
198.59563715094166 61.355319976023104 0.0
52.47035232629502 131.47433582135153 0.0
128.99515985436665 154.93704574384395 0.0
32.84826161497565 3.4362838689592445 0.0
105.06586047178546 171.45398684027612 0.0
69.2222641323975 161.43474485028776 0.0
18.569033120653543 68.61271079069664 0.0
173.1133191400537 97.49057275664357 0.0
83.1229337437404 149.39487507476184 0.0
145.00886805841103 139.54233640208562 0.0
57.61845816492066 52.3728216649445 0.0
52.96395430500749 110.88850630542095 0.0
147.2252190577891 120.3617388964905 0.0
178.0413305632951 115.63772357315696 0.0
115.80754652072613 176.5892087585481 0.0
193.7109962153127 25.930013943116712 0.0
17.984086044666768 51.03968513636155 0.0
161.36851727430025 125.79348175577532 0.0
164.72871998803834 94.35790710173164 0.0
170.42067397158814 126.85256589616016 0.0
73.32451509875249 192.67184039454995 0.0
128.9259296844051 12.705419317794098 0.0
20.646600149225236 53.92230180980042 0.0
119.56636021201803 91.63969258556432 0.0
18.16380667836914 174.76301490664017 0.0
75.76675331571523 41.457390732216815 0.0
157.71307178406664 116.82133717856402 0.0
104.06551340799194 15.531157462173596 0.0
139.0145816878166 122.08655976736591 0.0
181.3812949276129 45.81588028218007 0.0
183.0597770872177 79.4191145977391 0.0
189.60814454799794 26.391014759501186 0.0
59.91833617756124 17.650731132929053 0.0
115.01105729118373 90.21065077707766 0.0
15.174328138932601 45.47205022468614 0.0
136.18305412358978 2.0898857154336703 0.0
166.11585308708032 184.28075059817508 0.0
51.863665033716465 82.55764219201957 0.0
56.96643641794867 47.389922058202515 0.0
58.708065214684105 150.05757894287945 0.0
111.8606344290039 7.472844077160046 0.0
79.13494818933013 23.080419136702247 0.0
104.93024531722344 163.84697586460985 0.0
60.670464315338045 59.162413832612515 0.0
78.78168793149152 72.17651543861167 0.0
120.74438652871223 24.286419121109404 0.0
185.80910766479235 31.39940022434866 0.0
94.68402917922285 84.07343376314968 0.0
101.20185090899585 136.16127613005878 0.0
159.6901959720482 87.25420068633984 0.0
162.1690420563757 97.7653923053825 0.0
153.8687495277 172.26180690615104 0.0
24.817954085912007 12.624109393873217 0.0
186.93027952963527 69.38803426506462 0.0
