66.88239751504446 33.18602512012008 0.0
86.36494632682923 160.60639776710508 0.0
61.888755258821895 105.02870733051108 0.0
109.59633492790634 0.5042199273771697 0.0
101.63660955921132 176.26195827927415 0.0
92.85690797984188 156.04225256610607 0.0
194.31373524449023 173.33464464433973 0.0
25.615939895438466 118.65575497417096 0.0
147.5939677488284 199.55740860929663 0.0
14.787056438391355 159.25678500109112 0.0
49.4206182173438 10.355536345146522 0.0
121.19755639728776 106.41496671041214 0.0
7.264013313663353 122.15624784415957 0.0
31.671150159328 34.35977447548293 0.0
161.70405574002217 197.37250074757674 0.0
128.37574240995124 62.348515372012784 0.0
89.60264083871783 86.4220407047192 0.0
157.1269615629947 171.0457608856633 0.0
142.79492612295292 27.447019381008598 0.0
167.62713651155298 126.91155193322005 0.0
30.142449734791587 5.375975911593356 0.0
101.15854155789879 72.19723329111739 0.0
43.95517502716692 154.1966214977791 0.0
135.03876729564738 85.99938990501013 0.0
156.20364807142528 149.78436108042774 0.0
58.18512712646411 50.92384662221263 0.0
165.60636640413213 185.35815246299896 0.0
148.42411772027532 70.26333776721665 0.0
163.59179063509544 147.61173360514482 0.0
49.72093229774928 72.1939377645413 0.0
5.298154482434647 18.794893080801135 0.0
6.29319701161668 110.34695778538719 0.0
21.188589117109437 118.49603079025155 0.0
100.61206059784553 24.214565420097035 0.0
85.52296872246434 168.6037708348354 0.0
63.58287050641114 158.19894320261236 0.0
169.84199731791998 115.90194137325764 0.0
177.73679867534972 154.7163346534015 0.0
52.78312095881817 178.97892860773752 0.0
178.0536747205167 34.6189615137076 0.0
131.96190911008705 99.60872821632015 0.0
70.07554856413513 57.29927075598668 0.0
89.31661920099754 73.48788142657321 0.0
31.259408260912757 13.192609618392769 0.0
98.22766757625818 111.18877990873297 0.0
39.05661804768097 42.99594820305208 0.0
128.88791370339004 37.41653424956517 0.0
177.9957094772404 0.7718091893398116 0.0
107.81359342429286 175.13315274717078 0.0
118.08415787962102 182.20820043046416 0.0
18.04983742337065 180.83927196959405 0.0
28.133909980070126 124.65684318603034 0.0
88.53889351855881 98.28030868124178 0.0
190.1544697951213 152.1735670320847 0.0
14.282985850021657 80.07043488291743 0.0
14.746361510944684 186.6363216171577 0.0
73.34809951499733 190.2043419836972 0.0
22.466945755540713 75.11780857594346 0.0
62.418790871726216 45.153347585229554 0.0
52.42954466289709 94.0412819528641 0.0
159.5283274035278 177.21891364389737 0.0
86.9358966336551 182.24968587237814 0.0
140.75253217501847 111.04323689524789 0.0
39.731158426607394 27.96973464128911 0.0
27.069604802936386 32.653178793301365 0.0
45.50947564760257 188.75429663975305 0.0
18.252551273758133 0.14022613945898765 0.0
9.587494590549749 158.83782485804934 0.0
82.57452253914828 96.05593063192823 0.0
29.2020277665201 114.94118577238935 0.0
14.271886329038374 153.8286683825196 0.0
181.6772795790164 169.4139492553317 0.0
145.12343500028646 103.98419699072544 0.0
89.74603016289421 138.7034759627186 0.0
2.1686271315653816 180.67909385379673 0.0
20.598286266253794 95.4920033095686 0.0
40.501500072087595 5.032586014482021 0.0
52.769926622389576 114.44429895728577 0.0
148.24117413424838 118.96901180280072 0.0
53.772965405822745 44.36004886054572 0.0
120.19376675580023 81.75959176824792 0.0
51.40810294256446 43.62678164919376 0.0
127.38472623871174 161.17878689969876 0.0
52.98930533610269 1.2206266147420486 0.0
171.5545878610909 152.16712495945885 0.0
69.24920937368965 32.103767448835654 0.0
6.875191654281143 138.1188736270301 0.0
33.48320685395449 183.71902257726296 0.0
35.557594188290096 73.38951981186304 0.0
71.52914418830487 119.38362101282256 0.0
39.68677947793036 110.34465113055248 0.0
174.4686161901327 54.735634209011685 0.0
98.53249716169026 20.248248010778937 0.0
153.47490294261303 14.9882923026043 0.0
58.749557210823134 64.51511366313466 0.0
15.021656784862603 153.5987974275236 0.0
74.29493397648592 61.32862800868251 0.0
184.70554344135363 27.05992695793067 0.0
13.553185666337786 162.3516277971857 0.0
129.22501024775238 155.87423961961872 0.0
143.0756594739718 5.234741239144225 0.0
78.5965588861064 118.37224217001739 0.0
40.50309413346695 39.8530845552266 0.0
134.47881253243096 21.88746763023266 0.0
163.65527347561445 139.67882713683696 0.0
65.51385408437001 74.90297441107421 0.0
108.43535940454395 104.42360249979758 0.0
136.88429335833945 144.1353020891806 0.0
125.11079524119376 136.06140576453757 0.0
198.8236157092511 22.123569031227564 0.0
130.6964904364278 27.56910844219087 0.0
167.60642938041494 53.74281488615118 0.0
54.58027527174647 42.1983477907798 0.0
172.58429681908228 174.16243745100442 0.0
85.19447315118143 80.81900396526677 0.0
14.12184360944362 96.1219511911417 0.0
47.45175165215918 135.8512046940736 0.0
179.82700215645616 150.9979981540095 0.0
133.82717432736274 12.529180344849312 0.0
100.25820817277622 135.98803769633557 0.0
136.38273966402724 61.71699360537512 0.0
190.33048698541313 48.83771544925417 0.0
182.69449634086635 13.22264221902354 0.0
118.93141123038922 1.8904659272139357 0.0
165.55658123513646 124.53368260949719 0.0
76.79701575313503 98.83948780833494 0.0
174.50045770235744 167.12395341599887 0.0
171.48671086331427 30.41378061110851 0.0
86.58180570328075 60.95769459678155 0.0
68.3354140342882 199.3314969289084 0.0
54.551446608972064 37.54381148346029 0.0
17.55015910116102 120.2054127771558 0.0
142.44087167414074 62.869602470033726 0.0
60.15741252287192 56.68690360233146 0.0
1.7569461369636885 83.76994793879442 0.0
89.29652635633599 155.98636059154936 0.0
55.89441015849732 74.7642965451388 0.0
158.3937014663346 120.00955071074482 0.0
166.03891719820854 57.1206354511383 0.0
174.0399721787802 112.70099352705749 0.0
188.7473313179248 37.88188486720918 0.0
88.93578685623315 144.78695661345705 0.0
3.5561602389920344 173.8170332473086 0.0
119.05371793080212 199.96229032128343 0.0
88.38297907923085 3.7355700277803328 0.0
149.2100593196178 70.66682928336448 0.0
151.14983435340812 112.33065344267506 0.0
162.52499262780236 56.94870867437698 0.0
87.97160504970473 89.69273787293166 0.0
31.790165535300652 148.5133978643095 0.0
31.416441378748527 132.8621423361333 0.0
144.5514702915641 57.909010551720044 0.0
76.75939814750485 99.26551509889308 0.0
98.7540528860557 101.8997517769771 0.0
29.81448493765251 66.60768172198229 0.0
102.08543876946679 38.43120080915985 0.0
6.844363730988845 79.76707135814982 0.0
135.69188296915326 158.19246467272268 0.0
135.2110896426521 172.46924151076448 0.0
1.7320301250064896 2.6319104568925944 0.0
152.84521860586034 139.98987369877437 0.0
64.27106993733493 34.38477531931794 0.0
185.27478297730286 108.86489781479108 0.0
14.307631853574376 21.422407611545545 0.0
190.86964188753456 100.56216746988167 0.0
142.26469144669616 12.834544603478527 0.0
108.12075934220621 118.29555358865443 0.0
185.06487310386996 182.0075659624441 0.0
13.188091310964634 199.6389436700007 0.0
29.949559476021182 92.06322646149012 0.0
1.6147825865131527 172.32419104383138 0.0
3.49030664901675 98.77392760801224 0.0
45.01940426592501 126.5835908753366 0.0
151.78011683765118 47.77215387918292 0.0
141.7420927068154 74.62403018058284 0.0
26.581137574389622 145.7232482028215 0.0
79.83449894823877 106.29657964156745 0.0
32.244522640352116 89.23233753943585 0.0
61.44744472180772 169.75175096845928 0.0
159.50716561982097 20.607641899727504 0.0
99.58437851366723 6.8473164213888715 0.0
134.809070172521 46.20408570904158 0.0
91.35263199358181 155.3020715622309 0.0
47.564278732149766 100.92267677470544 0.0
196.2586925301882 93.06549850017329 0.0
182.85724831213375 71.54259376928096 0.0
3.757662237071324 145.09992204093896 0.0
83.32565731520066 101.91460229381796 0.0
161.1811405717677 98.74817702741481 0.0
191.5297076509462 94.64588499772861 0.0
51.33193401815972 181.0864837051452 0.0
182.89701630234373 196.75801331632627 0.0
158.44790817435847 140.13880153179764 0.0
89.3712978980877 110.90126143645051 0.0
141.9015208872097 41.55529914740479 0.0
135.18205496953516 9.060148584654915 0.0
148.91544830943627 43.33448727022995 0.0
58.691549509268604 42.28651681401316 0.0
140.73898396421583 43.394733561852775 0.0
178.0644848273568 137.84812372487374 0.0
181.14380902661992 108.27775644693915 0.0
173.54473779453375 154.28223277912232 0.0
141.76181267175832 185.99306552361963 0.0
105.41272653380062 125.19529223805846 0.0
115.70180104917706 181.98898422215774 0.0
164.23584433625544 64.25130759529833 0.0
199.04584141626992 34.46237892548869 0.0
58.81368043898687 26.64306877886393 0.0
199.24020448384505 163.69584375986327 0.0
187.25863890691676 26.442069846844873 0.0
60.059826850412826 189.83759539727188 0.0
7.941704916929093 194.57434710691126 0.0
154.73930097818834 114.51595590212717 0.0
129.5721564852426 28.77114269679517 0.0
92.02750818510295 43.906814424968644 0.0
173.46911619845199 134.69487531952853 0.0
104.33699456191509 194.34902132825928 0.0
26.12179107011443 86.54234121163513 0.0
42.82332773339852 166.32929304460384 0.0
96.42446455978046 145.7787848264397 0.0
91.14370468736226 98.63467207874066 0.0
19.51125853908353 168.25790091382206 0.0
127.80809690188705 121.6972367981574 0.0
107.9047590198749 102.83451199530376 0.0
16.450376661957968 117.63228006899678 0.0
140.7317113456796 38.67816361470548 0.0
184.0108608077097 164.1977025340433 0.0
3.0479982190429356 193.84739684554904 0.0
58.73576765589692 190.87902056776446 0.0
39.85421706919499 154.2861423685072 0.0
83.06320650372191 107.53086073547288 0.0
173.17219006271577 70.25516344673485 0.0
90.8793132447021 179.48239697266587 0.0
45.591867219863104 196.31302454474144 0.0
44.29225159865218 117.74083302254104 0.0
99.9870971035137 121.31262749364575 0.0
61.98582356699196 28.90344588158915 0.0
182.63777450671174 76.48104827077734 0.0
139.37857464603496 26.615395724737834 0.0
165.78504074721684 32.501726935873855 0.0
160.22821719957844 144.88699717561002 0.0
25.685175797177862 100.61985147505975 0.0
129.98537028237905 13.310769640072406 0.0
183.51690141798574 38.14325540676548 0.0
23.114611865672785 155.19507251148715 0.0
119.0359421891314 25.31262596467858 0.0
29.764969788942565 151.85776452576997 0.0
100.65966117949266 128.36654185098345 0.0
111.58592196379584 79.79982227143978 0.0
140.70371193427928 192.72832030906616 0.0
32.14915459883858 172.20551482800622 0.0
180.7816959827665 120.59321618686563 0.0
14.35035206862727 182.19214248276919 0.0
39.91787461790701 178.79611518503583 0.0
95.32932444768849 32.459073705523345 0.0
16.71204631823837 155.69143404293376 0.0
98.86087827686167 24.46227489748425 0.0
26.934731112405743 39.87842538575465 0.0
125.83289255525104 149.9670854633153 0.0
179.21997626080247 28.95675851926216 0.0
175.34209313826136 98.80864648343437 0.0
144.0619846938523 93.09871026339171 0.0
152.10213493913304 188.9158317634324 0.0
155.11100647201266 16.075930452028018 0.0
90.27260886298558 58.13117850141998 0.0
196.80288932920635 15.480291673738456 0.0
129.4817038253528 152.0858553378156 0.0
78.64572965811311 104.22982496973397 0.0
15.72926788551583 18.36526926571951 0.0
74.02627757861755 97.05247758382005 0.0
68.02110825278422 174.42742825800426 0.0
10.18759553813895 188.49178260605657 0.0
50.999425511715124 55.21283424446373 0.0
136.06871216401993 133.08022766369706 0.0
24.49834650427871 66.11114448255009 0.0
165.985987231831 43.67765895141093 0.0
2.867546278759603 67.9264988188194 0.0
199.67499705955197 90.573565146161 0.0
150.071042635325 102.70983966198774 0.0
153.0007776117163 131.803708092496 0.0
60.98236534343573 32.8032990452068 0.0
98.68336219043694 134.23306813307073 0.0
34.96120765805046 10.168092590220446 0.0
112.67463239480247 155.30869895620634 0.0
134.7108878209799 119.04408259706108 0.0
49.361469679010895 46.98761930005935 0.0
41.57998510200478 142.21561708041634 0.0
127.55935729671361 116.19639321822052 0.0
67.88541629519258 189.63491009606525 0.0
99.29960489836486 130.28070396499075 0.0
167.4985775054518 97.88071371765423 0.0
94.70243830454316 91.25470193626526 0.0
197.8499136946748 59.906650499481295 0.0
188.76720772286924 119.26149060619247 0.0
29.671607760365927 76.76009175653142 0.0
119.70015136740535 183.5077523863775 0.0
175.21195285068 136.42907224362304 0.0
3.4390521017507725 98.03692866154721 0.0
11.31917593985159 119.70127382933899 0.0
135.32337118945088 160.05710924647389 0.0
10.706442212255496 108.89564616183887 0.0
47.39729341998255 50.14116474969483 0.0
62.873867021298935 32.55386244057916 0.0
98.62241519119397 136.46841587822064 0.0
165.57745503008852 17.65530674275224 0.0
15.315651539523078 129.3784748915249 0.0
98.39891499969744 40.64587942331415 0.0
170.41714024076654 117.85968644046811 0.0
151.88434701438322 69.54746970351377 0.0
192.7319683566738 186.1959646993788 0.0
178.88387566196823 71.64149458602336 0.0
131.0785164622385 56.84750415442994 0.0
159.13845550551258 24.696497309516996 0.0
63.31540627847494 134.74234687085118 0.0
123.8239136789574 14.436308531859531 0.0
136.50799556039934 138.50739668700675 0.0
73.67662029706747 26.921893024054167 0.0
152.034504102168 195.76897195868727 0.0
42.48907565745987 151.746516309793 0.0
168.22084879530843 52.50460969976341 0.0
107.17775209482268 0.42046609319590367 0.0
183.13238501285002 100.52938748099514 0.0
126.28975762692902 14.04813029057983 0.0
181.43977863496414 62.55153015845016 0.0
100.72872600414398 185.3767193371651 0.0
81.81531977230381 190.83372204267508 0.0
93.64459108174543 152.52261127878475 0.0
5.105019452533921 133.34805346626655 0.0
20.845851361330524 35.15772608546259 0.0
198.56094130424455 0.4140696945053257 0.0
128.75703801008655 178.66502813926635 0.0
97.70721788545109 25.161064059371576 0.0
13.858152088049525 147.74868843225462 0.0
184.95233014024495 152.75715778974129 0.0
5.70691157969021 68.21111730109672 0.0
112.84926798968475 116.19938760283297 0.0
35.05869249307945 154.08552768589777 0.0
199.94420881705042 60.56058532337585 0.0
139.26310546097304 177.03941159115513 0.0
78.44347078264302 162.9403233307573 0.0
119.03025869644132 135.94063809435082 0.0
175.46756154709414 161.96880325520988 0.0
153.82375292814515 66.70472482374944 0.0
43.45013221325529 58.56416086239358 0.0
7.551575465837934 196.01814428953656 0.0
120.2788293360725 78.74515509431848 0.0
11.89008530773712 87.25924653512327 0.0
96.06394978118387 99.6528153699268 0.0
101.49035522943521 52.91489635041491 0.0
90.96002518159713 131.53620140012598 0.0
193.4802183657609 115.01745729328046 0.0
107.25438976056189 121.30889453267007 0.0
153.08939630780858 183.60339242610246 0.0
108.97594783899034 97.38457644221852 0.0
67.88915259419852 92.9211711260494 0.0
3.5663352147503824 110.85139820859706 0.0
165.05202563897274 86.09296563681204 0.0
152.69480749580126 144.646620045616 0.0
49.20118469560138 71.16089910654142 0.0
23.087211227859395 160.24435978757612 0.0
12.833074727111082 84.92542668406351 0.0
3.2784403509939164 130.4710581956062 0.0
176.9610415584679 95.70983020811241 0.0
58.486895851732655 67.41462866713044 0.0
156.54170942089735 152.16141991178503 0.0
173.34844779212614 95.99497095851545 0.0
13.40994147276351 142.4266458197244 0.0
41.03660084239888 146.61506258195084 0.0
58.862282880516204 66.51377514683956 0.0
197.33441481472852 44.413278079150146 0.0
198.69282682302443 144.3834625436997 0.0
169.51303813526937 57.989396283211356 0.0
175.39953680962373 83.28405792629871 0.0
12.410550827782906 137.07802402465106 0.0
55.44308774735134 10.075052611538936 0.0
37.894063583666046 116.49500016461715 0.0
33.85437544565066 137.7586078905803 0.0
8.926929841252207 92.78369134537967 0.0
84.15092414218634 180.16575723920172 0.0
165.75209751868243 190.33980874228038 0.0
168.4364107248197 54.72030818290623 0.0
179.24162996619245 25.394813691764327 0.0
40.721678912223894 120.43016924183088 0.0
85.25152408577374 149.08966685802403 0.0
125.91962083445272 86.73228771734598 0.0
43.85998349607028 4.972100966448645 0.0
137.63036584127178 198.5439540357194 0.0
188.6563793468922 71.60231241844879 0.0
9.74731609859103 153.84990197391514 0.0
83.78722706900379 77.55336434194768 0.0
160.07861024447172 42.38100306667476 0.0
190.25450775182188 73.94430165389134 0.0
78.59264265079557 7.41713606846508 0.0
58.00076466966604 128.74547001443096 0.0
138.5603226352427 127.47318001410302 0.0
106.6044895169479 67.44706739740293 0.0
165.78092959885907 190.60376830525294 0.0
34.94829869789855 26.283598993025414 0.0
69.24227141329304 191.28895066751457 0.0
109.01156470871503 7.058396996367211 0.0
135.9801146056456 118.33948117329504 0.0
16.978123819160285 126.71399560165761 0.0
23.5658703367162 121.98704208583324 0.0
52.13884017873238 40.14558145164686 0.0
45.56543587161575 49.30120286009698 0.0
86.60778368956348 81.35655202828573 0.0
38.476413839740566 19.30154263561652 0.0
132.65994107278624 15.906446400956042 0.0
123.06474316242667 172.60993329908874 0.0
53.53732119562835 126.70339818749572 0.0
28.685994002762904 175.21448868078798 0.0
181.85948097756932 65.54457465587696 0.0
136.0905994758877 81.89326778890033 0.0
31.31349068462972 94.40978909701579 0.0
12.376336706583558 172.0724076345186 0.0
146.08749603611048 13.364929419101056 0.0
161.16544701550666 159.36992137463827 0.0
22.550997422778217 26.033517148652162 0.0
191.74787273385928 145.8028825173678 0.0
158.97413513932696 28.946120836088273 0.0
22.846102942222622 42.612447657788735 0.0
41.61721173326354 127.67911316199407 0.0
79.82122621539611 111.88749597361176 0.0
59.310887125250076 180.5456039838789 0.0
118.5538183384256 196.64446565572126 0.0
153.68643050198284 49.7031008542937 0.0
114.89739297093016 101.74736939159772 0.0
58.50450447301168 199.89401667858058 0.0
195.5161375436524 64.02857198614045 0.0
59.07007538845337 126.63650155964403 0.0
54.08285223677971 107.19754034111108 0.0
111.50999532022556 18.534958615310583 0.0
96.22684345012311 115.60123858641487 0.0
101.72899728727998 62.480894063995265 0.0
87.2859007212941 80.62645506835462 0.0
195.14880901818063 85.86640383083808 0.0
138.83021250646271 174.51095519951784 0.0
30.874158658503028 196.53427556296467 0.0
63.09040926711498 88.55678796908788 0.0
147.71858258313137 129.04001969050043 0.0
48.8358337253336 36.21581103826384 0.0
94.56193926811987 134.90292579096865 0.0
67.91324784780808 166.24386925087495 0.0
173.80059262961197 64.87466634602492 0.0
8.570246735761945 57.09682105317553 0.0
94.19034440768566 182.8555695024635 0.0
49.85170285751907 70.96796399742706 0.0
168.17123395046053 23.940297711765602 0.0
40.771645725303294 34.34321058717431 0.0
78.80231792091921 63.176091507887676 0.0
28.627032583431532 181.67664361285242 0.0
62.72376320679409 96.9685215147095 0.0
192.73390282271416 149.76594447092023 0.0
8.102446556800524 55.67100258754471 0.0
83.03051313188693 42.63350030938107 0.0
50.30651713391314 63.74607671866461 0.0
37.4061383947651 0.19569795071663343 0.0
163.0932803288272 142.9879656203159 0.0
157.27813708922193 98.72946498788653 0.0
189.38391078160126 14.647439684384643 0.0
57.85415290262359 187.1215808347793 0.0
133.23755390980045 197.90161154288012 0.0
177.68025907365433 20.112986625352256 0.0
143.42642072444949 24.962899322429056 0.0
131.48986881528722 188.22680181897303 0.0
59.05252033076267 97.22286357924696 0.0
21.0324711586785 63.79527540407635 0.0
58.93583342869846 92.1782395848236 0.0
180.47512851793442 83.47760076909204 0.0
59.04265668148332 97.48806939173802 0.0
126.13386374350274 169.88692879152333 0.0
36.01200692459425 196.3623382598818 0.0
104.70604886673742 158.42159866788495 0.0
19.877029077037434 57.58415214264163 0.0
189.8390189259822 140.1221144934103 0.0
95.36735593529362 193.81897389821233 0.0
163.78418147045647 57.351918335874274 0.0
178.71749761171864 143.46608458802487 0.0
39.04992622625081 96.32666972207136 0.0
195.69536672584357 104.1589695302227 0.0
24.380755346282612 8.993245005680595 0.0
176.6040858177344 100.12282715747017 0.0
20.05408576011929 66.48620874630092 0.0
105.2993622540834 0.9490588804593303 0.0
139.40022271804168 97.36613366530227 0.0
111.80369087957693 25.948128018535566 0.0
96.61508854822272 196.07065627924882 0.0
181.88775981200112 166.09364099199775 0.0
175.34938013387801 0.4857665227309793 0.0
172.02847253256255 34.672303727964746 0.0
98.22182432104314 132.27132698277387 0.0
164.44209985392104 18.105664424959443 0.0
54.318305043040915 69.55145409630899 0.0
74.4300715644588 40.01134631438133 0.0
9.902703363338894 178.8068837082098 0.0
131.06405988784852 174.4229753254902 0.0
26.97934573622065 71.2830877535573 0.0
192.27598541787933 148.18950966716443 0.0
45.01100252497103 68.95437372810511 0.0
26.70773361646419 57.92630049381919 0.0
