1 7 99.0
1 58 8.0
1 94 74.0
1 104 47.0
1 114 57.0
1 136 42.0
1 143 78.0
1 163 64.0
1 169 14.0
1 181 9.0
1 199 34.0
2 14 42.0
2 21 91.0
2 34 13.0
2 45 35.0
2 77 90.0
2 82 8.0
2 88 92.0
2 102 47.0
2 105 80.0
2 119 69.0
2 125 69.0
2 145 93.0
2 171 74.0
3 52 24.0
3 61 74.0
3 63 74.0
3 75 9.0
3 87 75.0
3 93 9.0
3 94 80.0
3 114 28.0
3 136 80.0
3 140 2.0
3 144 24.0
3 153 39.0
3 157 10.0
3 163 99.0
3 169 4.0
3 181 9.0
3 184 14.0
3 190 59.0
4 9 34.0
4 10 40.0
4 16 14.0
4 37 19.0
4 41 9.0
4 78 51.0
4 95 49.0
4 107 61.0
4 141 76.0
4 162 44.0
4 176 95.0
4 178 88.0
4 193 4.0
5 23 14.0
5 67 29.0
5 124 96.0
5 126 48.0
5 146 19.0
5 149 37.0
5 161 68.0
5 183 57.0
5 198 59.0
6 32 29.0
6 43 46.0
6 48 19.0
6 66 67.0
6 88 96.0
6 99 43.0
6 105 16.0
6 120 16.0
6 128 44.0
6 129 75.0
6 133 38.0
6 148 92.0
6 158 27.0
7 1 8.0
7 58 14.0
7 61 86.0
7 90 42.0
7 94 61.0
7 104 28.0
7 114 25.0
7 136 82.0
7 143 61.0
7 150 37.0
7 163 96.0
7 169 84.0
7 181 32.0
7 199 18.0
8 16 88.0
8 17 87.0
8 47 36.0
8 64 91.0
8 81 96.0
8 95 98.0
8 110 2.0
8 130 92.0
8 135 83.0
8 147 76.0
8 176 24.0
8 177 89.0
8 200 65.0
9 4 24.0
9 10 48.0
9 15 57.0
9 16 75.0
9 25 49.0
9 37 7.0
9 78 22.0
9 107 78.0
9 127 77.0
9 141 53.0
9 178 53.0
9 193 39.0
10 4 78.0
10 9 69.0
10 15 24.0
10 16 42.0
10 37 16.0
10 41 11.0
10 107 58.0
10 117 8.0
10 141 75.0
10 162 55.0
10 176 21.0
10 178 92.0
10 193 68.0
11 32 72.0
11 39 78.0
11 79 95.0
11 99 6.0
11 100 26.0
11 120 18.0
11 148 29.0
11 152 2.0
11 155 76.0
11 186 93.0
12 30 18.0
12 46 99.0
12 131 88.0
12 19 82.0
12 25 21.0
12 33 10.0
12 50 98.0
12 51 27.0
12 57 22.0
12 113 5.0
12 168 36.0
12 174 19.0
12 187 3.0
12 192 53.0
13 14 97.0
13 21 53.0
13 45 92.0
13 72 69.0
13 77 4.0
13 97 41.0
13 102 65.0
13 119 93.0
13 145 57.0
13 171 46.0
14 2 15.0
14 13 73.0
14 21 26.0
14 34 93.0
14 45 84.0
14 77 89.0
14 82 52.0
14 102 56.0
14 119 87.0
14 125 18.0
14 145 70.0
14 171 67.0
15 9 57.0
15 10 62.0
15 37 79.0
15 41 52.0
15 78 31.0
15 107 59.0
15 117 65.0
15 141 25.0
16 4 40.0
16 8 30.0
16 9 36.0
16 10 70.0
16 37 34.0
16 41 42.0
16 78 44.0
16 107 25.0
16 147 5.0
16 162 76.0
16 176 28.0
16 178 57.0
16 193 28.0
17 8 69.0
17 130 88.0
17 147 3.0
17 154 52.0
17 177 20.0
17 200 62.0
17 20 97.0
17 28 85.0
17 54 13.0
17 71 37.0
18 31 60.0
18 115 55.0
18 142 68.0
18 170 34.0
18 180 71.0
18 36 79.0
18 59 48.0
18 108 89.0
18 116 66.0
18 121 23.0
18 137 96.0
18 139 18.0
18 159 66.0
18 173 54.0
18 175 81.0
19 12 20.0
19 25 65.0
19 33 2.0
19 50 71.0
19 57 32.0
19 127 50.0
19 192 92.0
20 17 77.0
20 47 82.0
20 110 50.0
20 154 56.0
20 165 25.0
20 177 27.0
20 196 85.0
20 197 81.0
20 28 33.0
20 36 87.0
20 54 57.0
20 71 96.0
20 76 35.0
20 108 22.0
20 132 20.0
20 159 99.0
20 160 37.0
20 164 49.0
20 166 68.0
20 173 55.0
21 2 69.0
21 13 79.0
21 14 12.0
21 34 4.0
21 45 22.0
21 72 56.0
21 77 42.0
21 82 10.0
21 102 10.0
21 119 14.0
21 125 48.0
21 145 60.0
21 171 89.0
22 36 26.0
22 38 9.0
22 44 14.0
22 54 46.0
22 60 55.0
22 76 81.0
22 86 59.0
22 91 64.0
22 92 13.0
22 98 95.0
22 109 96.0
22 111 29.0
22 112 12.0
22 124 92.0
22 132 25.0
22 156 28.0
22 159 1.0
22 160 69.0
22 164 21.0
22 166 99.0
22 173 22.0
23 5 44.0
23 38 74.0
23 44 9.0
23 67 5.0
23 86 17.0
23 91 17.0
23 98 48.0
23 111 71.0
23 124 92.0
23 149 21.0
23 156 45.0
23 183 45.0
23 198 94.0
24 30 47.0
24 49 66.0
24 83 25.0
24 89 66.0
24 103 3.0
24 131 56.0
24 179 86.0
24 188 14.0
24 51 48.0
24 174 90.0
24 187 97.0
25 9 41.0
25 12 95.0
25 19 66.0
25 33 44.0
25 37 60.0
25 50 61.0
25 57 64.0
25 78 53.0
25 107 44.0
25 113 40.0
25 127 78.0
25 168 96.0
25 182 49.0
25 192 60.0
26 29 46.0
26 35 27.0
26 42 98.0
26 55 76.0
26 56 2.0
26 65 74.0
26 79 61.0
26 84 19.0
26 123 63.0
26 138 94.0
26 152 73.0
26 167 91.0
27 61 64.0
27 68 95.0
27 96 27.0
27 118 87.0
27 157 73.0
27 172 35.0
27 184 91.0
27 185 97.0
27 190 68.0
27 191 76.0
28 17 43.0
28 47 77.0
28 154 86.0
28 165 63.0
28 197 38.0
28 20 19.0
28 36 73.0
28 54 34.0
28 60 38.0
28 71 52.0
28 76 65.0
28 92 35.0
28 112 44.0
28 132 38.0
28 160 23.0
28 164 69.0
28 166 31.0
28 173 94.0
29 26 92.0
29 35 32.0
29 42 54.0
29 56 33.0
29 65 24.0
29 79 84.0
29 84 37.0
29 100 91.0
29 138 5.0
29 152 5.0
29 155 98.0
29 167 22.0
30 24 72.0
30 46 71.0
30 49 18.0
30 89 48.0
30 103 84.0
30 131 15.0
30 172 26.0
30 188 70.0
30 12 74.0
30 51 97.0
30 174 91.0
30 187 37.0
30 192 94.0
31 64 1.0
31 81 73.0
31 115 43.0
31 142 93.0
31 170 51.0
31 180 37.0
31 18 33.0
31 108 98.0
31 116 73.0
31 137 68.0
32 6 14.0
32 11 49.0
32 39 28.0
32 66 56.0
32 100 93.0
32 120 73.0
32 148 3.0
32 152 6.0
32 155 43.0
32 158 22.0
32 186 86.0
33 12 95.0
33 19 86.0
33 25 32.0
33 50 64.0
33 51 32.0
33 57 3.0
33 113 57.0
33 127 82.0
33 168 19.0
33 174 73.0
33 182 3.0
33 187 40.0
33 192 30.0
34 2 9.0
34 14 64.0
34 21 67.0
34 88 99.0
34 99 93.0
34 105 38.0
34 119 8.0
34 125 98.0
34 129 77.0
34 145 52.0
35 26 32.0
35 29 69.0
35 39 28.0
35 42 46.0
35 55 55.0
35 65 47.0
35 79 33.0
35 82 66.0
35 84 88.0
35 123 32.0
35 152 12.0
35 167 61.0
35 186 8.0
36 47 81.0
36 110 20.0
36 154 84.0
36 165 57.0
36 196 47.0
36 197 38.0
36 18 12.0
36 20 48.0
36 22 21.0
36 28 95.0
36 44 15.0
36 54 93.0
36 71 27.0
36 76 78.0
36 108 45.0
36 109 80.0
36 132 89.0
36 159 28.0
36 160 96.0
36 164 53.0
36 166 8.0
36 173 98.0
36 175 1.0
37 4 54.0
37 9 70.0
37 10 95.0
37 15 89.0
37 16 11.0
37 25 92.0
37 41 47.0
37 78 76.0
37 95 49.0
37 107 4.0
37 127 82.0
37 141 11.0
37 162 56.0
37 176 65.0
37 178 59.0
37 193 99.0
38 22 5.0
38 23 91.0
38 40 13.0
38 44 46.0
38 91 40.0
38 101 36.0
38 109 90.0
38 111 6.0
38 149 30.0
38 156 13.0
38 159 56.0
38 164 61.0
38 166 49.0
38 173 59.0
38 175 69.0
39 11 94.0
39 32 24.0
39 35 74.0
39 65 22.0
39 79 63.0
39 99 29.0
39 100 35.0
39 148 47.0
39 152 1.0
39 155 98.0
39 186 60.0
40 38 2.0
40 53 16.0
40 59 80.0
40 62 92.0
40 85 70.0
40 91 23.0
40 101 1.0
40 139 42.0
40 149 32.0
40 156 98.0
40 159 2.0
40 175 6.0
40 195 24.0
41 4 72.0
41 10 42.0
41 15 56.0
41 16 94.0
41 37 44.0
41 117 54.0
41 141 95.0
41 162 89.0
41 176 47.0
41 178 7.0
41 193 89.0
42 26 77.0
42 29 27.0
42 35 72.0
42 55 24.0
42 65 46.0
42 79 44.0
42 84 89.0
42 123 95.0
42 152 51.0
42 167 71.0
42 186 42.0
43 68 67.0
43 118 93.0
43 184 68.0
43 6 85.0
43 48 53.0
43 66 38.0
43 120 86.0
43 128 20.0
43 133 44.0
43 158 71.0
44 22 88.0
44 23 34.0
44 36 40.0
44 38 94.0
44 60 82.0
44 76 70.0
44 86 30.0
44 91 31.0
44 92 56.0
44 109 80.0
44 111 66.0
44 132 11.0
44 156 92.0
44 159 44.0
44 164 65.0
44 166 35.0
44 173 99.0
44 175 24.0
45 2 13.0
45 13 8.0
45 14 17.0
45 21 20.0
45 72 69.0
45 77 41.0
45 82 29.0
45 97 47.0
45 102 51.0
45 119 2.0
45 145 73.0
45 171 77.0
46 30 95.0
46 131 70.0
46 172 47.0
46 188 60.0
46 12 52.0
46 50 28.0
46 174 2.0
47 8 98.0
47 64 93.0
47 110 56.0
47 154 37.0
47 165 95.0
47 177 99.0
47 196 84.0
47 197 70.0
47 200 84.0
47 20 69.0
47 28 58.0
47 36 58.0
47 54 45.0
47 71 77.0
47 132 22.0
48 63 79.0
48 68 44.0
48 118 60.0
48 184 53.0
48 6 6.0
48 43 16.0
48 66 86.0
48 120 70.0
48 128 56.0
48 133 14.0
48 148 58.0
48 158 54.0
49 24 77.0
49 30 48.0
49 83 17.0
49 89 15.0
49 103 83.0
49 131 81.0
49 179 43.0
49 188 17.0
49 51 80.0
49 174 38.0
50 46 74.0
50 12 40.0
50 19 22.0
50 25 43.0
50 33 35.0
50 57 38.0
50 127 60.0
50 192 28.0
51 24 44.0
51 30 98.0
51 49 98.0
51 131 14.0
51 188 51.0
51 12 47.0
51 33 29.0
51 113 80.0
51 168 45.0
51 174 95.0
51 187 82.0
51 192 67.0
52 3 34.0
52 63 47.0
52 75 45.0
52 87 54.0
52 93 82.0
52 106 79.0
52 136 68.0
52 140 78.0
52 144 92.0
52 153 70.0
52 169 46.0
52 184 20.0
52 128 34.0
53 100 76.0
53 155 43.0
53 40 88.0
53 62 62.0
53 85 29.0
53 101 56.0
53 139 3.0
53 189 11.0
53 195 23.0
54 17 94.0
54 47 25.0
54 154 94.0
54 165 3.0
54 197 14.0
54 20 52.0
54 22 79.0
54 28 80.0
54 36 94.0
54 60 43.0
54 71 7.0
54 76 76.0
54 92 86.0
54 112 44.0
54 132 39.0
54 160 26.0
54 164 75.0
54 166 63.0
54 173 64.0
55 26 19.0
55 35 71.0
55 42 89.0
55 65 79.0
55 74 62.0
55 77 64.0
55 79 34.0
55 82 91.0
55 84 86.0
55 97 8.0
55 102 1.0
55 123 90.0
55 171 92.0
56 26 46.0
56 29 34.0
56 138 6.0
56 167 66.0
56 80 32.0
56 146 31.0
56 151 68.0
56 161 42.0
56 189 92.0
57 12 2.0
57 19 35.0
57 25 3.0
57 33 66.0
57 50 4.0
57 78 51.0
57 95 38.0
57 113 50.0
57 127 48.0
57 168 73.0
57 192 85.0
58 1 14.0
58 7 75.0
58 69 89.0
58 90 70.0
58 104 78.0
58 143 93.0
58 150 58.0
58 181 71.0
58 199 4.0
59 134 19.0
59 115 19.0
59 142 88.0
59 170 8.0
59 180 45.0
59 18 98.0
59 40 81.0
59 101 15.0
59 108 12.0
59 116 98.0
59 121 20.0
59 137 29.0
59 139 80.0
59 159 82.0
59 175 90.0
60 22 58.0
60 28 68.0
60 44 29.0
60 54 14.0
60 76 35.0
60 86 29.0
60 92 31.0
60 109 99.0
60 111 8.0
60 112 47.0
60 132 61.0
60 160 33.0
60 164 96.0
60 166 63.0
61 3 87.0
61 7 71.0
61 27 4.0
61 87 22.0
61 94 77.0
61 96 60.0
61 103 38.0
61 114 18.0
61 140 61.0
61 144 47.0
61 157 76.0
61 163 11.0
61 169 76.0
61 172 88.0
61 185 19.0
61 190 32.0
62 100 60.0
62 155 89.0
62 40 54.0
62 53 84.0
62 85 15.0
62 101 12.0
62 146 70.0
62 149 65.0
62 151 71.0
62 161 23.0
62 189 60.0
62 195 3.0
63 3 90.0
63 52 31.0
63 75 29.0
63 87 20.0
63 93 97.0
63 106 53.0
63 140 12.0
63 144 56.0
63 153 47.0
63 184 47.0
63 48 63.0
63 128 6.0
63 133 44.0
64 8 95.0
64 31 64.0
64 47 14.0
64 81 56.0
64 95 10.0
64 110 87.0
64 127 94.0
64 135 6.0
64 196 51.0
65 26 89.0
65 29 88.0
65 35 98.0
65 39 33.0
65 42 14.0
65 55 69.0
65 74 14.0
65 79 87.0
65 82 57.0
65 84 86.0
65 102 59.0
65 123 97.0
65 152 80.0
65 167 58.0
65 186 44.0
66 6 34.0
66 32 64.0
66 43 1.0
66 48 87.0
66 99 12.0
66 120 59.0
66 128 14.0
66 133 77.0
66 148 2.0
66 158 39.0
67 5 55.0
67 23 3.0
67 98 1.0
67 124 32.0
67 126 79.0
67 183 78.0
67 198 61.0
68 27 8.0
68 73 15.0
68 96 58.0
68 118 22.0
68 144 90.0
68 184 35.0
68 190 37.0
68 191 65.0
68 194 5.0
68 43 23.0
68 48 60.0
68 133 57.0
69 58 88.0
69 143 37.0
69 199 73.0
70 83 86.0
70 90 53.0
70 150 31.0
70 179 33.0
70 199 13.0
71 17 65.0
71 47 87.0
71 110 15.0
71 154 10.0
71 165 68.0
71 177 18.0
71 196 74.0
71 197 31.0
71 20 16.0
71 28 91.0
71 36 87.0
71 54 8.0
71 76 37.0
71 112 30.0
71 132 20.0
71 160 96.0
71 164 60.0
71 166 86.0
71 173 87.0
72 13 64.0
72 21 90.0
72 45 84.0
72 77 41.0
72 97 82.0
72 102 69.0
73 68 66.0
73 118 17.0
73 134 57.0
73 191 72.0
73 194 18.0
73 115 28.0
73 170 89.0
73 180 16.0
73 121 22.0
74 55 3.0
74 65 93.0
74 77 58.0
74 82 60.0
74 84 27.0
74 97 47.0
74 102 79.0
74 123 68.0
74 171 37.0
75 3 60.0
75 52 99.0
75 63 89.0
75 87 53.0
75 93 96.0
75 106 23.0
75 144 48.0
75 153 8.0
75 184 43.0
75 128 74.0
75 133 79.0
76 154 77.0
76 20 79.0
76 22 3.0
76 28 6.0
76 36 95.0
76 44 21.0
76 54 78.0
76 60 46.0
76 71 69.0
76 92 79.0
76 109 3.0
76 111 93.0
76 112 68.0
76 132 35.0
76 160 99.0
76 164 67.0
76 166 53.0
76 173 15.0
77 2 89.0
77 13 50.0
77 14 2.0
77 21 90.0
77 45 42.0
77 55 20.0
77 72 82.0
77 74 67.0
77 82 32.0
77 97 43.0
77 102 93.0
77 119 59.0
77 145 98.0
77 171 63.0
78 4 66.0
78 9 91.0
78 15 30.0
78 16 96.0
78 25 62.0
78 37 55.0
78 57 95.0
78 95 61.0
78 107 93.0
78 127 57.0
78 176 56.0
78 193 31.0
79 11 45.0
79 26 30.0
79 29 46.0
79 35 27.0
79 39 36.0
79 42 92.0
79 55 98.0
79 65 69.0
79 82 25.0
79 84 6.0
79 152 91.0
79 186 27.0
80 56 28.0
80 138 56.0
80 146 48.0
80 151 19.0
80 161 70.0
81 8 31.0
81 31 28.0
81 64 80.0
81 95 48.0
81 110 43.0
81 127 86.0
81 135 18.0
81 196 58.0
82 2 36.0
82 14 28.0
82 21 37.0
82 35 70.0
82 45 4.0
82 55 59.0
82 65 87.0
82 74 6.0
82 77 21.0
82 79 12.0
82 84 30.0
82 97 35.0
82 102 32.0
82 123 37.0
82 145 67.0
82 171 43.0
83 24 10.0
83 49 39.0
83 70 27.0
83 89 67.0
83 90 46.0
83 103 10.0
83 131 94.0
83 179 4.0
83 188 37.0
84 26 10.0
84 29 26.0
84 35 54.0
84 42 89.0
84 55 55.0
84 65 60.0
84 74 3.0
84 79 66.0
84 82 5.0
84 97 72.0
84 123 35.0
84 152 91.0
84 167 78.0
85 100 63.0
85 40 37.0
85 53 52.0
85 62 2.0
85 101 98.0
85 146 93.0
85 149 90.0
85 151 32.0
85 161 40.0
85 189 36.0
85 195 91.0
86 22 46.0
86 23 7.0
86 44 31.0
86 60 7.0
86 91 29.0
86 92 33.0
86 98 25.0
86 109 32.0
86 111 65.0
86 124 36.0
86 166 72.0
86 198 7.0
87 3 41.0
87 52 37.0
87 61 3.0
87 63 25.0
87 75 51.0
87 93 11.0
87 94 38.0
87 96 4.0
87 114 30.0
87 136 35.0
87 140 32.0
87 144 48.0
87 153 56.0
87 157 37.0
87 163 70.0
87 169 86.0
87 181 46.0
87 184 98.0
87 185 98.0
87 190 37.0
88 2 75.0
88 6 2.0
88 34 9.0
88 99 68.0
88 105 17.0
88 125 38.0
88 129 90.0
88 148 89.0
89 24 1.0
89 30 1.0
89 49 48.0
89 83 95.0
89 103 80.0
89 131 10.0
89 172 90.0
89 179 40.0
89 185 81.0
89 188 84.0
90 7 22.0
90 58 72.0
90 70 54.0
90 83 16.0
90 94 2.0
90 103 25.0
90 114 32.0
90 150 5.0
90 179 2.0
90 199 67.0
91 22 45.0
91 23 66.0
91 38 40.0
91 40 68.0
91 44 48.0
91 86 8.0
91 101 97.0
91 109 30.0
91 111 28.0
91 124 80.0
91 149 56.0
91 156 72.0
91 159 45.0
91 164 3.0
91 166 3.0
91 175 24.0
91 198 66.0
92 22 41.0
92 28 84.0
92 44 91.0
92 54 20.0
92 60 85.0
92 76 26.0
92 86 44.0
92 98 38.0
92 109 44.0
92 111 27.0
92 112 16.0
92 132 97.0
92 160 23.0
92 164 80.0
92 166 6.0
93 3 86.0
93 52 94.0
93 63 10.0
93 75 3.0
93 87 26.0
93 106 14.0
93 136 58.0
93 140 86.0
93 144 33.0
93 153 44.0
93 163 89.0
93 169 25.0
93 184 16.0
93 128 81.0
94 1 81.0
94 3 75.0
94 7 3.0
94 61 80.0
94 87 77.0
94 90 32.0
94 104 42.0
94 114 61.0
94 136 10.0
94 140 72.0
94 153 38.0
94 157 93.0
94 163 17.0
94 169 30.0
94 181 62.0
94 185 96.0
95 4 70.0
95 8 22.0
95 37 39.0
95 57 3.0
95 64 44.0
95 78 41.0
95 81 18.0
95 107 56.0
95 127 14.0
95 135 76.0
95 176 20.0
96 27 1.0
96 61 93.0
96 68 92.0
96 87 3.0
96 118 22.0
96 140 20.0
96 144 42.0
96 157 80.0
96 172 60.0
96 184 42.0
96 185 39.0
96 190 46.0
96 191 34.0
97 13 7.0
97 45 30.0
97 55 50.0
97 72 8.0
97 74 8.0
97 77 33.0
97 82 27.0
97 84 69.0
97 102 31.0
97 123 29.0
97 171 22.0
98 22 46.0
98 23 41.0
98 67 81.0
98 86 9.0
98 92 1.0
98 111 55.0
98 122 67.0
98 124 10.0
98 183 6.0
98 198 66.0
99 6 61.0
99 11 83.0
99 34 67.0
99 39 43.0
99 66 28.0
99 88 87.0
99 105 33.0
99 125 75.0
99 129 89.0
99 148 48.0
99 186 43.0
100 11 4.0
100 29 51.0
100 32 86.0
100 39 60.0
100 152 80.0
100 155 53.0
100 186 56.0
100 53 95.0
100 62 81.0
100 85 7.0
100 151 70.0
100 189 10.0
100 195 59.0
101 38 55.0
101 40 23.0
101 53 56.0
101 59 85.0
101 62 51.0
101 85 11.0
101 91 22.0
101 139 78.0
101 149 34.0
101 156 61.0
101 175 59.0
101 195 87.0
102 2 88.0
102 13 32.0
102 14 19.0
102 21 55.0
102 45 60.0
102 55 96.0
102 65 21.0
102 72 38.0
102 74 96.0
102 77 91.0
102 82 42.0
102 97 96.0
102 119 12.0
102 145 82.0
102 171 44.0
103 24 85.0
103 30 98.0
103 49 28.0
103 61 24.0
103 83 42.0
103 89 87.0
103 90 98.0
103 114 99.0
103 131 85.0
103 157 78.0
103 172 86.0
103 179 71.0
103 185 81.0
103 188 15.0
103 190 28.0
104 1 2.0
104 7 43.0
104 58 81.0
104 94 95.0
104 136 90.0
104 143 28.0
104 163 49.0
104 169 23.0
104 181 81.0
105 2 29.0
105 6 42.0
105 34 72.0
105 88 71.0
105 99 76.0
105 125 78.0
105 129 29.0
106 52 25.0
106 63 55.0
106 75 28.0
106 93 62.0
106 153 2.0
107 4 66.0
107 9 89.0
107 10 1.0
107 15 39.0
107 16 1.0
107 25 8.0
107 37 53.0
107 78 2.0
107 95 32.0
107 127 35.0
107 176 51.0
107 178 49.0
107 193 27.0
108 31 61.0
108 115 17.0
108 142 74.0
108 165 19.0
108 170 28.0
108 180 8.0
108 196 45.0
108 197 27.0
108 18 96.0
108 20 61.0
108 36 28.0
108 59 83.0
108 116 54.0
108 132 60.0
108 137 40.0
108 139 85.0
108 159 51.0
108 173 6.0
108 175 16.0
109 22 17.0
109 36 63.0
109 38 47.0
109 44 92.0
109 60 55.0
109 76 83.0
109 86 5.0
109 91 92.0
109 92 55.0
109 111 90.0
109 132 88.0
109 156 18.0
109 159 78.0
109 160 79.0
109 164 89.0
109 166 82.0
109 173 70.0
109 175 18.0
110 8 71.0
110 47 81.0
110 64 91.0
110 81 42.0
110 135 99.0
110 154 17.0
110 165 44.0
110 177 75.0
110 196 60.0
110 197 58.0
110 20 13.0
110 36 27.0
110 71 22.0
111 22 80.0
111 23 82.0
111 38 47.0
111 44 70.0
111 60 99.0
111 76 95.0
111 86 39.0
111 91 57.0
111 92 69.0
111 98 18.0
111 109 17.0
111 124 24.0
111 156 31.0
111 164 78.0
111 166 23.0
111 198 94.0
112 22 62.0
112 28 2.0
112 54 85.0
112 60 1.0
112 71 79.0
112 76 93.0
112 92 97.0
112 132 49.0
112 160 51.0
112 164 93.0
112 166 46.0
113 12 31.0
113 25 19.0
113 33 2.0
113 51 11.0
113 57 97.0
113 168 73.0
113 174 84.0
113 182 69.0
113 187 94.0
113 192 49.0
114 1 50.0
114 3 26.0
114 7 26.0
114 61 59.0
114 87 37.0
114 90 74.0
114 94 33.0
114 103 74.0
114 136 97.0
114 140 72.0
114 157 53.0
114 163 83.0
114 169 97.0
114 181 72.0
114 185 88.0
114 190 45.0
115 73 44.0
115 134 10.0
115 31 23.0
115 142 64.0
115 170 38.0
115 180 92.0
115 18 18.0
115 59 55.0
115 108 47.0
115 116 78.0
115 121 58.0
115 137 77.0
115 139 24.0
115 175 42.0
116 31 46.0
116 115 39.0
116 142 22.0
116 170 65.0
116 180 14.0
116 18 61.0
116 59 9.0
116 108 75.0
116 121 67.0
116 137 92.0
116 139 66.0
116 159 86.0
116 175 4.0
117 10 33.0
117 15 17.0
117 41 40.0
117 141 2.0
117 162 15.0
117 178 43.0
117 193 67.0
118 27 50.0
118 68 44.0
118 73 53.0
118 96 45.0
118 134 59.0
118 184 49.0
118 191 11.0
118 194 73.0
118 43 6.0
118 48 46.0
118 120 53.0
118 158 73.0
119 2 85.0
119 13 60.0
119 14 3.0
119 21 26.0
119 34 46.0
119 45 44.0
119 77 65.0
119 102 22.0
119 125 73.0
119 145 98.0
119 171 68.0
120 118 11.0
120 6 8.0
120 11 53.0
120 32 31.0
120 43 47.0
120 48 79.0
120 66 9.0
120 133 56.0
120 148 45.0
120 158 57.0
121 73 95.0
121 134 96.0
121 194 44.0
121 115 64.0
121 142 3.0
121 170 82.0
121 180 76.0
121 18 92.0
121 59 96.0
121 116 76.0
121 137 97.0
121 139 58.0
122 98 2.0
122 183 11.0
123 26 27.0
123 35 5.0
123 42 69.0
123 55 52.0
123 65 75.0
123 74 25.0
123 82 12.0
123 84 66.0
123 97 11.0
123 167 76.0
124 5 90.0
124 22 84.0
124 23 49.0
124 67 50.0
124 86 95.0
124 91 22.0
124 98 64.0
124 111 80.0
124 183 25.0
124 198 55.0
125 2 72.0
125 14 13.0
125 21 47.0
125 34 56.0
125 88 3.0
125 99 4.0
125 105 27.0
125 119 75.0
125 129 46.0
125 145 86.0
125 171 85.0
126 5 59.0
126 67 68.0
126 183 11.0
126 198 40.0
127 9 37.0
127 19 50.0
127 25 85.0
127 33 25.0
127 37 42.0
127 50 32.0
127 57 26.0
127 64 79.0
127 78 82.0
127 81 22.0
127 95 76.0
127 107 86.0
127 135 74.0
127 168 88.0
127 192 98.0
128 52 51.0
128 63 8.0
128 75 7.0
128 93 79.0
128 144 59.0
128 184 45.0
128 6 26.0
128 43 80.0
128 48 56.0
128 66 55.0
128 133 29.0
128 148 65.0
128 158 21.0
129 6 40.0
129 34 77.0
129 88 18.0
129 99 74.0
129 105 37.0
129 125 35.0
130 8 4.0
130 17 91.0
130 147 71.0
130 176 85.0
130 177 54.0
130 200 41.0
131 24 99.0
131 30 13.0
131 46 21.0
131 49 62.0
131 83 94.0
131 89 33.0
131 103 94.0
131 172 40.0
131 179 23.0
131 188 4.0
131 12 84.0
131 51 20.0
131 174 12.0
131 187 21.0
132 47 54.0
132 154 91.0
132 165 21.0
132 196 48.0
132 197 2.0
132 20 90.0
132 22 45.0
132 28 93.0
132 36 33.0
132 44 3.0
132 54 75.0
132 60 30.0
132 71 18.0
132 76 40.0
132 92 18.0
132 108 54.0
132 109 48.0
132 112 18.0
132 159 19.0
132 160 14.0
132 164 48.0
132 166 8.0
132 173 90.0
132 175 10.0
133 63 37.0
133 68 68.0
133 75 74.0
133 184 4.0
133 6 71.0
133 43 88.0
133 48 26.0
133 66 36.0
133 120 22.0
133 128 22.0
133 148 75.0
133 158 37.0
134 73 68.0
134 118 55.0
134 191 98.0
134 194 66.0
134 115 67.0
134 170 92.0
134 180 59.0
134 59 21.0
134 121 98.0
134 139 9.0
135 8 56.0
135 64 28.0
135 81 7.0
135 95 24.0
135 110 94.0
135 127 65.0
135 176 37.0
135 200 93.0
136 1 98.0
136 3 89.0
136 7 96.0
136 52 4.0
136 87 80.0
136 93 60.0
136 94 4.0
136 104 4.0
136 114 52.0
136 140 94.0
136 153 26.0
136 163 36.0
136 169 42.0
136 181 20.0
137 31 86.0
137 115 88.0
137 142 29.0
137 170 87.0
137 180 6.0
137 18 92.0
137 59 87.0
137 108 70.0
137 116 12.0
137 121 17.0
137 139 12.0
137 159 64.0
137 175 99.0
138 26 30.0
138 29 32.0
138 56 73.0
138 167 25.0
138 80 60.0
138 146 8.0
138 151 94.0
138 161 73.0
138 189 22.0
139 134 78.0
139 115 99.0
139 142 94.0
139 170 8.0
139 180 50.0
139 18 8.0
139 40 79.0
139 53 58.0
139 59 15.0
139 101 1.0
139 108 31.0
139 116 32.0
139 121 52.0
139 137 39.0
139 175 6.0
139 195 11.0
140 3 82.0
140 52 37.0
140 61 4.0
140 63 47.0
140 87 42.0
140 93 70.0
140 94 42.0
140 96 60.0
140 114 8.0
140 136 66.0
140 144 82.0
140 153 46.0
140 157 17.0
140 163 14.0
140 169 61.0
140 181 37.0
140 184 12.0
140 185 98.0
140 190 53.0
141 4 4.0
141 9 16.0
141 10 30.0
141 15 4.0
141 37 22.0
141 41 34.0
141 117 75.0
141 162 64.0
141 178 80.0
141 193 90.0
142 31 74.0
142 115 19.0
142 170 10.0
142 180 40.0
142 18 19.0
142 59 16.0
142 108 62.0
142 116 20.0
142 121 12.0
142 137 3.0
142 139 28.0
143 1 99.0
143 7 65.0
143 58 5.0
143 69 28.0
143 104 6.0
143 181 40.0
143 199 33.0
144 3 65.0
144 52 50.0
144 61 91.0
144 63 64.0
144 68 25.0
144 75 35.0
144 87 24.0
144 93 94.0
144 96 59.0
144 140 81.0
144 153 66.0
144 157 91.0
144 169 85.0
144 184 9.0
144 190 21.0
144 128 39.0
145 2 31.0
145 13 13.0
145 14 18.0
145 21 26.0
145 34 43.0
145 45 65.0
145 77 49.0
145 82 26.0
145 102 87.0
145 119 50.0
145 125 88.0
145 171 26.0
146 56 94.0
146 138 42.0
146 5 41.0
146 62 46.0
146 80 11.0
146 85 31.0
146 149 1.0
146 151 85.0
146 161 39.0
146 189 70.0
147 8 61.0
147 16 13.0
147 17 15.0
147 130 6.0
147 176 89.0
147 177 43.0
147 200 94.0
148 6 83.0
148 11 5.0
148 32 74.0
148 39 42.0
148 48 16.0
148 66 42.0
148 88 3.0
148 99 52.0
148 120 83.0
148 128 95.0
148 133 94.0
148 158 13.0
148 186 53.0
149 5 68.0
149 23 73.0
149 38 37.0
149 40 5.0
149 62 44.0
149 85 84.0
149 91 73.0
149 101 29.0
149 146 94.0
149 151 74.0
149 156 75.0
149 161 64.0
149 189 43.0
150 7 3.0
150 58 94.0
150 70 75.0
150 90 36.0
150 199 80.0
151 56 1.0
151 100 86.0
151 138 10.0
151 62 46.0
151 80 10.0
151 85 55.0
151 146 15.0
151 149 5.0
151 161 23.0
151 189 40.0
152 11 1.0
152 26 97.0
152 29 4.0
152 32 65.0
152 35 11.0
152 39 28.0
152 42 72.0
152 65 40.0
152 79 53.0
152 84 10.0
152 100 86.0
152 155 46.0
152 186 66.0
153 3 37.0
153 52 77.0
153 63 79.0
153 75 44.0
153 87 28.0
153 93 26.0
153 94 45.0
153 106 90.0
153 136 29.0
153 140 30.0
153 144 4.0
153 163 48.0
153 169 6.0
153 181 1.0
154 17 85.0
154 47 25.0
154 110 82.0
154 165 74.0
154 177 55.0
154 196 58.0
154 197 44.0
154 20 14.0
154 28 43.0
154 36 60.0
154 54 23.0
154 71 88.0
154 76 34.0
154 132 92.0
154 160 52.0
154 166 78.0
154 173 33.0
155 11 39.0
155 29 8.0
155 32 72.0
155 39 49.0
155 100 87.0
155 152 45.0
155 186 51.0
155 53 61.0
155 62 62.0
155 189 34.0
155 195 49.0
156 22 73.0
156 23 67.0
156 38 90.0
156 40 99.0
156 44 86.0
156 91 89.0
156 101 26.0
156 109 47.0
156 111 26.0
156 149 44.0
156 159 83.0
156 164 8.0
156 166 2.0
156 173 8.0
156 175 60.0
157 3 13.0
157 27 18.0
157 61 67.0
157 87 22.0
157 94 55.0
157 96 27.0
157 103 1.0
157 114 45.0
157 140 79.0
157 144 66.0
157 172 40.0
157 185 89.0
157 190 48.0
157 191 81.0
158 118 52.0
158 184 43.0
158 6 95.0
158 32 52.0
158 43 80.0
158 48 87.0
158 66 63.0
158 120 72.0
158 128 53.0
158 133 21.0
158 148 70.0
159 197 68.0
159 18 72.0
159 20 65.0
159 22 34.0
159 36 4.0
159 38 9.0
159 40 60.0
159 44 8.0
159 59 94.0
159 91 56.0
159 108 36.0
159 109 15.0
159 116 22.0
159 132 55.0
159 137 60.0
159 156 36.0
159 164 92.0
159 166 34.0
159 173 92.0
159 175 68.0
160 154 26.0
160 165 35.0
160 197 12.0
160 20 36.0
160 22 3.0
160 28 11.0
160 36 38.0
160 54 87.0
160 60 16.0
160 71 4.0
160 76 38.0
160 92 47.0
160 109 92.0
160 112 80.0
160 132 13.0
160 164 38.0
160 166 72.0
160 173 40.0
161 56 23.0
161 138 90.0
161 5 89.0
161 62 26.0
161 80 86.0
161 85 78.0
161 146 65.0
161 149 8.0
161 151 64.0
161 189 41.0
162 4 84.0
162 10 15.0
162 16 22.0
162 37 5.0
162 41 52.0
162 117 79.0
162 141 37.0
162 176 50.0
162 178 6.0
162 193 79.0
163 1 54.0
163 3 11.0
163 7 13.0
163 61 13.0
163 87 51.0
163 93 72.0
163 94 95.0
163 104 37.0
163 114 32.0
163 136 84.0
163 140 22.0
163 153 67.0
163 169 29.0
163 181 77.0
164 197 28.0
164 20 74.0
164 22 22.0
164 28 57.0
164 36 66.0
164 38 68.0
164 44 47.0
164 54 42.0
164 60 59.0
164 71 8.0
164 76 52.0
164 91 83.0
164 92 50.0
164 109 75.0
164 111 11.0
164 112 35.0
164 132 7.0
164 156 1.0
164 159 70.0
164 160 36.0
164 166 53.0
164 173 10.0
164 175 66.0
165 47 67.0
165 110 84.0
165 154 77.0
165 177 36.0
165 196 17.0
165 197 26.0
165 20 48.0
165 28 56.0
165 36 58.0
165 54 38.0
165 71 90.0
165 108 54.0
165 132 31.0
165 160 48.0
165 173 82.0
166 154 77.0
166 20 28.0
166 22 74.0
166 28 23.0
166 36 49.0
166 38 82.0
166 44 71.0
166 54 4.0
166 60 8.0
166 71 42.0
166 76 75.0
166 86 13.0
166 91 15.0
166 92 75.0
166 109 30.0
166 111 72.0
166 112 93.0
166 132 48.0
166 156 20.0
166 159 61.0
166 160 98.0
166 164 31.0
166 173 98.0
167 26 58.0
167 29 23.0
167 35 84.0
167 42 77.0
167 56 51.0
167 65 98.0
167 84 63.0
167 123 9.0
167 138 87.0
168 12 26.0
168 25 61.0
168 33 38.0
168 51 68.0
168 57 89.0
168 113 71.0
168 127 72.0
168 174 22.0
168 182 84.0
168 187 32.0
168 192 94.0
169 1 32.0
169 3 5.0
169 7 27.0
169 52 72.0
169 61 43.0
169 87 30.0
169 93 9.0
169 94 88.0
169 104 61.0
169 114 37.0
169 136 85.0
169 140 10.0
169 144 37.0
169 153 58.0
169 163 93.0
169 181 84.0
170 73 31.0
170 134 33.0
170 194 37.0
170 31 17.0
170 115 95.0
170 142 18.0
170 180 23.0
170 18 39.0
170 59 3.0
170 108 5.0
170 116 78.0
170 121 91.0
170 137 74.0
170 139 17.0
171 2 55.0
171 13 77.0
171 14 28.0
171 21 71.0
171 45 72.0
171 55 94.0
171 74 78.0
171 77 71.0
171 82 39.0
171 97 98.0
171 102 63.0
171 119 10.0
171 125 28.0
171 145 17.0
172 27 68.0
172 30 98.0
172 46 54.0
172 61 58.0
172 89 44.0
172 96 78.0
172 103 13.0
172 131 31.0
172 157 95.0
172 179 8.0
172 185 95.0
172 188 9.0
172 190 3.0
173 154 41.0
173 165 83.0
173 196 51.0
173 197 28.0
173 18 53.0
173 20 63.0
173 22 7.0
173 28 27.0
173 36 6.0
173 38 99.0
173 44 80.0
173 54 11.0
173 71 55.0
173 76 63.0
173 108 99.0
173 109 9.0
173 132 50.0
173 156 50.0
173 159 33.0
173 160 73.0
173 164 3.0
173 166 33.0
173 175 55.0
174 24 13.0
174 30 14.0
174 46 17.0
174 49 38.0
174 131 89.0
174 188 80.0
174 12 61.0
174 33 2.0
174 51 62.0
174 113 56.0
174 168 34.0
174 187 73.0
174 192 42.0
175 115 99.0
175 18 41.0
175 36 97.0
175 38 42.0
175 40 31.0
175 44 48.0
175 59 88.0
175 91 46.0
175 101 21.0
175 108 3.0
175 109 29.0
175 116 51.0
175 132 19.0
175 137 66.0
175 139 7.0
175 156 39.0
175 159 98.0
175 164 95.0
175 173 21.0
176 4 54.0
176 8 7.0
176 10 48.0
176 16 23.0
176 37 42.0
176 41 75.0
176 78 26.0
176 95 7.0
176 107 15.0
176 130 31.0
176 135 88.0
176 147 36.0
176 162 46.0
176 178 23.0
176 193 60.0
176 200 88.0
177 8 24.0
177 17 2.0
177 47 88.0
177 110 79.0
177 130 81.0
177 147 96.0
177 154 61.0
177 165 83.0
177 196 38.0
177 197 78.0
177 200 20.0
177 20 37.0
177 71 69.0
178 4 50.0
178 9 20.0
178 10 41.0
178 16 94.0
178 37 76.0
178 41 21.0
178 107 62.0
178 117 67.0
178 141 39.0
178 162 75.0
178 176 77.0
178 193 75.0
179 24 14.0
179 49 81.0
179 70 45.0
179 83 58.0
179 89 85.0
179 90 67.0
179 103 55.0
179 131 38.0
179 172 23.0
179 185 15.0
179 188 76.0
180 73 48.0
180 134 14.0
180 194 48.0
180 31 14.0
180 115 23.0
180 142 3.0
180 170 10.0
180 18 10.0
180 59 56.0
180 108 57.0
180 116 43.0
180 121 17.0
180 137 15.0
180 139 78.0
181 1 16.0
181 3 42.0
181 7 30.0
181 58 97.0
181 87 46.0
181 94 91.0
181 104 19.0
181 114 84.0
181 136 17.0
181 140 31.0
181 143 21.0
181 153 1.0
181 163 85.0
181 169 52.0
182 25 68.0
182 33 1.0
182 113 71.0
182 168 36.0
182 187 79.0
182 192 45.0
183 5 8.0
183 23 45.0
183 67 97.0
183 98 3.0
183 122 47.0
183 124 58.0
183 126 80.0
183 198 67.0
184 3 36.0
184 27 70.0
184 52 12.0
184 63 13.0
184 68 75.0
184 75 98.0
184 87 81.0
184 93 60.0
184 96 32.0
184 118 35.0
184 140 68.0
184 144 49.0
184 190 82.0
184 191 75.0
184 43 60.0
184 48 14.0
184 128 54.0
184 133 72.0
184 158 47.0
185 27 13.0
185 61 96.0
185 87 66.0
185 89 5.0
185 94 68.0
185 96 86.0
185 103 26.0
185 114 50.0
185 140 79.0
185 157 35.0
185 172 49.0
185 179 39.0
185 190 25.0
186 11 91.0
186 32 65.0
186 35 87.0
186 39 59.0
186 42 7.0
186 65 85.0
186 79 11.0
186 99 44.0
186 100 6.0
186 148 8.0
186 152 26.0
186 155 49.0
187 24 95.0
187 30 59.0
187 131 79.0
187 12 11.0
187 33 77.0
187 51 42.0
187 113 5.0
187 168 8.0
187 174 2.0
187 182 43.0
187 192 70.0
188 24 50.0
188 30 22.0
188 46 93.0
188 49 55.0
188 83 5.0
188 89 70.0
188 103 93.0
188 131 90.0
188 172 39.0
188 179 51.0
188 51 68.0
188 174 71.0
189 56 37.0
189 100 22.0
189 138 71.0
189 155 29.0
189 53 23.0
189 62 75.0
189 85 61.0
189 146 11.0
189 149 10.0
189 151 66.0
189 161 34.0
189 195 64.0
190 3 47.0
190 27 16.0
190 61 34.0
190 68 47.0
190 87 23.0
190 96 64.0
190 103 77.0
190 114 77.0
190 140 66.0
190 144 59.0
190 157 76.0
190 172 73.0
190 184 22.0
190 185 74.0
190 191 88.0
191 27 34.0
191 68 78.0
191 73 43.0
191 96 17.0
191 118 49.0
191 134 92.0
191 157 96.0
191 184 51.0
191 190 71.0
191 194 4.0
192 30 54.0
192 12 54.0
192 19 38.0
192 25 2.0
192 33 92.0
192 50 27.0
192 51 24.0
192 57 8.0
192 113 86.0
192 127 5.0
192 168 62.0
192 174 37.0
192 182 55.0
192 187 87.0
193 4 56.0
193 9 32.0
193 10 84.0
193 16 8.0
193 37 93.0
193 41 78.0
193 78 50.0
193 107 69.0
193 117 6.0
193 141 88.0
193 162 57.0
193 176 28.0
193 178 41.0
194 68 5.0
194 73 56.0
194 118 92.0
194 134 36.0
194 191 29.0
194 170 67.0
194 180 34.0
194 121 10.0
195 100 36.0
195 155 74.0
195 40 59.0
195 53 53.0
195 62 86.0
195 85 2.0
195 101 60.0
195 139 46.0
195 189 41.0
196 47 82.0
196 64 7.0
196 81 56.0
196 110 70.0
196 154 90.0
196 165 78.0
196 177 88.0
196 197 73.0
196 20 57.0
196 36 4.0
196 71 5.0
196 108 39.0
196 132 41.0
196 173 21.0
197 47 81.0
197 110 22.0
197 154 87.0
197 165 4.0
197 177 29.0
197 196 98.0
197 20 75.0
197 28 48.0
197 36 38.0
197 54 73.0
197 71 58.0
197 108 95.0
197 132 18.0
197 159 94.0
197 160 21.0
197 164 47.0
197 173 54.0
198 5 32.0
198 23 69.0
198 67 15.0
198 86 64.0
198 91 96.0
198 98 69.0
198 111 2.0
198 124 98.0
198 126 44.0
198 183 17.0
199 1 99.0
199 7 43.0
199 58 89.0
199 69 14.0
199 70 72.0
199 90 41.0
199 143 25.0
199 150 70.0
200 8 24.0
200 17 54.0
200 47 22.0
200 130 27.0
200 135 77.0
200 147 94.0
200 176 74.0
200 177 99.0
