4 589
6 541
7 374
9 490
12 242
15 242
17 690
21 186
22 619
25 361
30 985
34 230
32 245
36 242
37 603
42 652
40 446
44 807
45 449
51 350
50 238
55 518
54 867
53 265
59 29
58 223
56 927
63 985
64 531
65 573
66 834
76 617
79 62
85 26
80 855
83 406
93 915
95 786
89 866
88 907
91 12
103 938
100 119
98 855
97 10
110 337
111 67
108 18
104 719
116 964
115 374
114 911
113 123
125 368
124 700
136 659
139 978
138 760
142 151
128 932
131 342
130 415
133 267
153 900
155 893
157 839
158 269
144 557
145 673
146 320
151 49
171 438
170 504
168 948
174 974
173 428
172 513
163 359
167 640
165 476
164 74
186 412
184 482
185 828
190 680
188 626
189 462
178 353
182 747
183 77
181 275
204 467
207 997
206 105
200 34
203 69
202 928
196 858
199 925
193 721
194 377
221 494
219 931
212 840
213 221
214 452
215 692
208 159
209 470
210 382
211 382
239 317
235 818
233 914
231 178
230 289
228 960
227 567
226 590
252 600
249 799
246 82
247 224
242 468
243 589
241 127
275 539
272 792
279 433
282 749
281 809
286 967
285 190
259 986
256 638
257 957
264 669
265 646
305 148
306 46
308 838
310 972
315 800
316 594
319 866
318 995
288 961
290 898
291 983
293 803
296 56
298 588
299 785
300 554
302 616
303 777
343 650
341 54
339 100
338 160
336 822
350 109
349 479
348 980
347 293
326 624
327 588
325 784
321 741
334 446
330 874
328 203
329 100
372 101
374 427
368 230
371 935
370 315
383 834
379 163
356 450
358 962
359 767
353 895
355 845
364 994
366 489
367 272
361 559
362 449
409 927
413 218
402 665
403 125
400 322
401 50
406 465
404 242
393 66
387 414
386 825
385 367
440 731
442 412
443 244
432 955
434 27
425 942
424 421
427 149
429 339
428 519
431 716
419 601
421 176
423 160
478 982
479 566
476 974
477 619
474 128
475 980
472 432
473 841
470 591
469 499
466 934
467 295
464 791
465 294
463 147
461 282
460 189
459 103
455 577
453 955
449 123
448 940
508 148
509 846
511 297
504 783
505 160
502 12
503 490
496 243
497 567
492 937
495 978
494 298
489 891
488 616
490 313
485 947
484 420
487 586
481 884
480 593
550 111
551 365
547 809
558 887
559 980
557 641
552 941
553 616
565 66
564 854
562 557
560 523
575 9
570 337
568 581
517 59
519 523
514 381
524 735
532 764
529 144
531 422
530 27
541 473
540 4
543 810
611 991
609 779
615 543
612 480
613 556
616 548
620 250
627 202
626 86
625 858
631 73
633 798
639 445
577 359
579 121
580 687
581 948
588 740
592 270
595 436
598 350
601 566
603 657
602 990
604 352
607 905
687 966
685 429
683 918
676 648
672 670
702 52
703 158
700 647
697 125
694 656
695 419
692 456
693 177
691 760
689 351
652 641
654 285
649 878
651 369
646 767
641 370
643 36
642 574
668 772
670 601
671 810
664 263
666 315
660 39
661 220
662 63
663 420
657 165
658 215
747 936
745 619
744 611
751 340
750 65
748 531
739 881
737 757
736 685
742 480
741 578
762 357
760 994
761 346
766 477
764 236
758 245
759 638
756 265
712 824
715 919
714 78
717 420
719 727
718 54
704 296
706 864
708 401
711 435
710 660
728 67
730 522
733 651
735 662
720 145
721 933
722 204
724 628
725 544
726 596
727 918
800 410
790 256
789 819
788 307
787 809
797 565
795 805
794 956
792 966
775 914
771 911
769 570
783 590
780 332
781 928
