3 213
4 15
5 186
7 837
8 178
12 601
14 793
15 224
17 598
18 780
21 118
20 489
23 498
26 0
31 498
30 426
34 314
35 358
32 367
33 694
38 120
39 415
36 241
37 531
42 500
46 712
47 343
44 158
51 233
50 874
49 674
48 922
54 756
59 749
57 745
63 595
60 675
68 173
70 509
71 533
64 584
65 780
66 904
76 794
78 601
72 303
74 813
75 824
85 190
87 85
86 468
81 336
80 478
90 794
103 909
98 507
96 85
97 514
111 110
108 375
107 414
105 880
118 530
115 647
127 697
126 278
120 592
137 369
138 722
141 935
143 669
131 833
130 78
135 480
134 287
152 11
154 474
155 502
156 800
157 478
158 978
159 41
145 35
147 547
149 10
170 557
169 270
174 341
161 109
167 129
164 643
187 906
184 519
185 784
189 125
176 727
177 977
181 389
207 892
200 323
202 377
197 412
196 501
192 258
195 851
220 820
222 880
223 585
216 145
217 464
212 431
215 345
237 346
236 916
234 129
232 676
231 529
227 725
225 280
224 517
254 837
255 993
252 429
253 596
250 473
251 198
249 45
246 399
247 199
244 399
245 344
274 100
272 805
278 328
283 407
285 682
258 788
259 298
256 983
257 632
262 977
263 34
260 638
268 261
269 803
305 132
304 673
307 399
309 440
308 886
311 63
310 575
312 451
315 79
314 270
317 169
319 806
318 38
288 88
289 145
292 239
295 630
297 393
298 849
301 443
302 407
303 8
341 55
340 284
338 704
351 392
348 867
347 608
325 792
322 978
323 150
320 216
334 613
332 752
330 191
331 577
328 556
373 544
374 567
369 458
370 70
381 243
382 196
376 963
378 867
364 553
365 346
366 126
360 16
361 595
410 357
408 789
414 212
413 645
403 492
406 792
407 657
404 774
405 551
395 544
397 550
396 909
387 161
385 573
388 385
442 514
445 104
446 289
435 10
438 142
439 785
425 407
427 154
428 239
431 953
430 291
416 762
418 956
423 951
422 904
479 841
476 506
474 517
475 816
472 669
470 561
471 556
468 35
463 402
459 254
456 639
455 775
453 280
452 389
451 328
449 103
448 38
496 322
497 671
495 452
489 189
491 316
490 809
484 701
481 848
