103.94479845941784 59.29162842916109 0.0
16.962937171923343 22.416374618894963 0.0
11.547473800231112 32.398280008902724 0.0
65.59967270595209 104.86198099695487 0.0
56.23168396078939 163.2885694106261 0.0
21.11122542405024 126.79431314305738 0.0
139.97899362601834 27.207489292146647 0.0
114.27290590565616 149.37030940799414 0.0
60.44631912651861 134.7729771051435 0.0
2.166716878161057 170.36593275001445 0.0
181.13406434083132 167.5148140237483 0.0
16.897220593816307 189.5056736623568 0.0
72.03018592339343 131.84638518496538 0.0
37.74054979119785 123.03844991471414 0.0
191.9277374084715 172.83270284759064 0.0
120.52169313553334 131.67739022888853 0.0
185.37123027335755 173.68865122600724 0.0
97.89799267941568 13.716138472144678 0.0
75.19488316341365 107.76155064797538 0.0
150.35977010672093 159.07985827133982 0.0
145.8737644871336 6.822473249149086 0.0
40.14152744937491 160.26420278037264 0.0
33.41658403129202 162.81115344224875 0.0
98.87026881863561 132.560987058813 0.0
64.28664685933727 189.7495139414466 0.0
164.66008958616467 108.66455615359871 0.0
18.84545317648001 38.359284782525904 0.0
75.49511285038535 141.69812787769513 0.0
34.07102992714399 177.9893414510021 0.0
43.125628192139345 175.8947382321618 0.0
105.81111531705692 138.77883390079128 0.0
55.335059632543505 125.61276981651062 0.0
2.588907054752254 41.5524709001098 0.0
184.31829842612103 141.0612086817116 0.0
160.98712891576676 33.76454424535786 0.0
115.04465700842776 133.05528934250756 0.0
96.89372053349872 96.87871700054025 0.0
149.86153109273653 79.31831496347333 0.0
37.40057009598643 93.8908000935438 0.0
194.22772902953858 41.290913203630765 0.0
54.904223606965985 185.27214638592739 0.0
183.3481771929004 183.10412835445828 0.0
167.96554408026245 57.43155204261339 0.0
70.61453105416811 3.3182546101533372 0.0
62.74297136964773 179.8638474957039 0.0
66.13905712173162 65.22444446942679 0.0
84.32189665449789 135.4737500876864 0.0
87.30195040159711 142.95158669996835 0.0
149.02053609096367 153.1337902342705 0.0
163.11508699294126 88.31615885473438 0.0
36.760306518730104 112.35544810435263 0.0
20.337926903561332 67.2981432063545 0.0
136.84682340330545 87.02301261135447 0.0
71.66429836493369 115.22132135644954 0.0
141.01509808280588 148.4598784092382 0.0
124.93134890599846 16.161698249068678 0.0
4.35067282275734 57.66740211689498 0.0
137.1849700412584 124.80302171834406 0.0
127.70594811731443 42.39673919241469 0.0
48.568713801699644 117.90365705305044 0.0
154.48899536153408 76.78429860559758 0.0
148.38607348171394 187.7345099499249 0.0
20.20978558494948 159.60194134083346 0.0
149.3187505323469 71.29290206501075 0.0
144.92673153856043 21.74316707298576 0.0
175.66641589962978 146.79261600325734 0.0
116.74410723649244 84.38702615423774 0.0
7.606294630677102 22.87569928788016 0.0
78.76886019549296 136.35163117308502 0.0
165.85357082291938 196.1868827295612 0.0
102.44299190531127 102.46960925121161 0.0
169.7366534743888 59.39681840630493 0.0
106.92569821124064 34.388066685735616 0.0
156.58394592175898 4.455570531645714 0.0
167.20700479212803 71.01595636857397 0.0
11.45169718823633 184.80323559815972 0.0
142.89274387402733 187.91204131332108 0.0
23.605255204303678 75.45979122097172 0.0
55.10828510476278 83.22705976282148 0.0
59.79895309906284 101.3615502535238 0.0
140.72635019765153 132.38381640618567 0.0
124.28253527692279 92.00706211574186 0.0
21.13210818238651 184.499432675538 0.0
161.59493470986777 164.4204412827215 0.0
136.996413885762 70.6242014668766 0.0
50.589069627913496 36.635497655672 0.0
121.03604112540536 47.191804306959106 0.0
136.76393988429356 130.34941195404744 0.0
107.49738560231361 7.645984483064505 0.0
154.86341576547133 134.08987145531623 0.0
110.10810674014628 161.02908922180174 0.0
4.833616262852214 167.18502824337168 0.0
139.49883642585408 198.38818870614296 0.0
161.61380827179306 110.02086590937812 0.0
76.60504650726014 146.17477339841304 0.0
122.86849730983789 47.51593390891608 0.0
70.31680120918726 140.38441617826345 0.0
28.651131113974728 110.43867223642326 0.0
185.65208993243198 46.00300292849655 0.0
23.122781680272375 93.13789346699654 0.0
192.9871977970566 193.39652117422585 0.0
70.83182019043113 76.45228042616776 0.0
159.38531949819819 106.60166808019807 0.0
188.69360251919701 91.01009710819066 0.0
79.82253239258192 158.044872370865 0.0
9.691810477345285 18.825608565712493 0.0
169.11801622371888 0.03764505217196401 0.0
55.4560251099868 50.0439861803059 0.0
24.633161712886498 195.46643349930807 0.0
62.25290216491928 86.88184230233588 0.0
65.31216296815568 98.41553730524161 0.0
178.56105077643946 118.2558437084208 0.0
54.39434457638947 120.03193470378848 0.0
32.282706341534826 176.28709666531265 0.0
121.13637872579439 55.761101151016646 0.0
151.77783714310823 29.814416028954938 0.0
111.14036697324579 147.1533837339008 0.0
17.289468619672533 70.24479037588067 0.0
115.39151022239535 4.760624468390939 0.0
117.96143203014128 101.51479361676263 0.0
54.866947929434694 28.213145980614442 0.0
194.53299831692382 158.63186721956484 0.0
30.585176412651926 125.38753412436752 0.0
158.92721469581878 48.20982463278687 0.0
188.22320276539816 154.6458588742086 0.0
199.3329732737383 29.608184574522944 0.0
91.9364757969629 192.4474368951407 0.0
103.01335511409557 136.7302698997589 0.0
53.774408312633405 63.20442604572292 0.0
58.95583152996306 78.2302945672054 0.0
123.09211192426417 159.07289479585594 0.0
138.6125013916185 47.82501604684744 0.0
104.61681241647001 24.441370181131617 0.0
95.36157209588076 126.6008440716784 0.0
44.3352021334217 83.19911428300368 0.0
71.95393597606781 65.65252423830428 0.0
99.12576358087459 46.43671397391378 0.0
60.09160302411352 100.08493078261145 0.0
189.06802042958307 154.05189345123532 0.0
117.41750761783973 64.35481483573315 0.0
120.61835390968123 75.80375304184588 0.0
14.57903799425344 54.124520878872964 0.0
164.34990527531824 25.67898433681517 0.0
158.66051566192704 11.245226503789386 0.0
172.71191229485186 28.00386488171536 0.0
119.16250958112929 96.18233554319258 0.0
31.271590643528178 114.55619805822002 0.0
68.83885810236244 156.14118007347946 0.0
151.15950673349363 129.0016745144142 0.0
144.08493469124096 197.34633122634338 0.0
30.94721942415788 168.29942629737698 0.0
128.20364828828778 126.37322590600373 0.0
42.943755471334995 100.2918058307296 0.0
165.75832567024509 138.1261108858452 0.0
131.90528710087946 62.51390834216719 0.0
27.354586382040758 197.0015946404981 0.0
53.410223573560536 169.32842455134983 0.0
161.57601253056632 82.97244324170643 0.0
124.65975243804037 32.811936565196476 0.0
194.43131877052733 55.77153751919839 0.0
12.221569020139533 137.38893145150456 0.0
66.55345473863564 128.0512228088565 0.0
39.242567564390576 199.03026250423397 0.0
34.52400745527895 32.338665742571095 0.0
58.91377304107728 186.90292384690702 0.0
105.07890817305096 16.803010495884507 0.0
111.47891336771569 88.67848731640402 0.0
119.58443351954622 11.295576538049623 0.0
58.83565306139411 160.27776760013975 0.0
61.05522255070879 67.81954862449643 0.0
173.78632553166474 116.64961085468104 0.0
17.118801563531182 98.53099774666177 0.0
50.252955718359196 92.25200940286004 0.0
199.71401854092483 9.568340985474277 0.0
196.27900159924747 28.224099134694434 0.0
95.94354685436856 160.45267155596235 0.0
73.39820000857694 27.807850893561437 0.0
4.383417046580362 66.49669029543395 0.0
153.95857423207048 162.3986071874907 0.0
97.28537913718318 5.605317962033296 0.0
182.24764104314312 7.6739635400994155 0.0
141.4907054728789 91.0463417846938 0.0
45.77249948875528 42.57069173428558 0.0
109.5068246206987 28.214792790720324 0.0
89.80644847254698 153.4498911786916 0.0
117.08106428891804 186.11003140323467 0.0
141.32141532706513 51.61069985268543 0.0
34.7384836924479 183.18984195563002 0.0
147.68352221359976 34.38328188569712 0.0
138.1336895288292 112.46119317330844 0.0
180.99666534678386 198.35215763959766 0.0
85.6992941892656 12.112553372011202 0.0
10.737046990647347 147.83118266284131 0.0
141.95649265221866 25.688033278592282 0.0
105.32922227846768 32.531819708335455 0.0
100.98603416939167 89.74889181276635 0.0
187.57212636696025 195.4366997069505 0.0
6.940717881010916 137.16328353297413 0.0
139.3313448159121 15.210710975717468 0.0
117.11330483803366 110.61044941815663 0.0
