67.56789816881958 117.7757891558024 0.0
29.6608895514626 89.58568841953849 0.0
23.305392479121068 136.03330415635833 0.0
128.94676407476865 35.456316091852955 0.0
40.20146930927733 80.83904077192281 0.0
154.47443640674993 99.67724572797994 0.0
196.65929950554636 33.47234884427235 0.0
98.89614543329314 104.25504489351486 0.0
57.55858910025857 191.00738299598407 0.0
13.267400644300364 165.53446109096794 0.0
8.007991588514018 4.021806194136324 0.0
188.21581351521942 196.6155394042124 0.0
182.46286502223802 162.919408714245 0.0
91.2327068968616 76.97902875030253 0.0
103.93613741351402 182.40889592387614 0.0
190.14729151073797 98.72558570505386 0.0
99.00665347381386 86.22014481282065 0.0
109.44485963741823 41.99839959560136 0.0
86.5558922113194 77.92828175775777 0.0
163.94185757437103 106.57281197021953 0.0
51.640481613806124 98.79502242629682 0.0
193.43237302732638 132.260684033884 0.0
10.634663432770664 19.825725749339984 0.0
182.27211789475595 77.69127186579969 0.0
149.75314614640013 92.77975911834788 0.0
189.4674783946297 195.19443069029234 0.0
76.29165569472174 193.66073847092596 0.0
37.68892032778086 138.9260444318093 0.0
160.3987981999606 132.252346381587 0.0
13.72937248584658 174.0396443866789 0.0
164.9195551842494 72.5544665129874 0.0
118.28000025887815 116.62220234570984 0.0
161.82727055101878 111.51341407497442 0.0
169.4972375970218 27.276231756149127 0.0
115.98753265911994 97.22912206697004 0.0
112.68645904257912 5.644292594571643 0.0
80.47386246674253 32.86124416216671 0.0
17.529339940699984 88.83612618158057 0.0
92.38187307755103 108.74511705880032 0.0
54.633474135716106 43.63268294432321 0.0
184.06482798657876 132.7676472546036 0.0
34.78434347729824 160.50537429352144 0.0
31.940421426075027 87.84224683963733 0.0
67.13136064388492 6.902940584962436 0.0
53.49486487276487 135.36096389190314 0.0
146.64121560299367 77.92239548235538 0.0
32.8371602291224 4.7910903715373765 0.0
16.503340184186065 194.39454716634492 0.0
6.132830678888945 162.12246813835475 0.0
67.77390513597008 141.5787041107156 0.0
170.47309787831887 33.66095254306665 0.0
136.39619489838682 16.07517173772004 0.0
193.2118922691122 76.70236837285529 0.0
36.8370274321081 54.22829545022265 0.0
93.52978773546316 34.91052002287738 0.0
131.930071622439 152.20675365156603 0.0
43.96044401571035 93.76172010398089 0.0
180.1188845934594 56.11199545934171 0.0
196.84167949892054 60.207548835702205 0.0
124.14372282497112 99.87966909895914 0.0
179.12996971510788 130.7464322764947 0.0
189.31797066396982 199.4030007584078 0.0
18.743558712406383 83.38380424261422 0.0
44.89140312709055 173.22119608412484 0.0
166.57612831576688 31.49968339109901 0.0
48.59928828567648 153.27984186338927 0.0
160.5493489215844 11.431477232691778 0.0
142.34764096088853 73.68456491645131 0.0
141.54933833588365 40.61895721593876 0.0
196.0867116464623 181.0330541489664 0.0
75.81852490687315 79.4474010259481 0.0
107.27623381908593 196.82480157703245 0.0
164.35104718693898 157.4639413959746 0.0
154.9475985129548 180.61179407284456 0.0
127.06632358103498 183.4312278196712 0.0
180.21958383520115 91.96765848860167 0.0
38.01200647465568 48.72158367535127 0.0
119.22596813603971 130.01662105688493 0.0
157.57411869911354 154.84388768791823 0.0
49.76475045888353 141.17785047673618 0.0
158.6487380032926 48.434496884815694 0.0
29.580458253388777 128.94474961219777 0.0
75.95607891406937 30.832533079677393 0.0
2.042377198929035 173.93285617852223 0.0
21.154507084480745 24.39901485989091 0.0
124.08330496078229 78.09399359389768 0.0
1.1384768157957526 24.028250592306087 0.0
31.614799163164363 183.90855186039303 0.0
52.880998307343276 139.8391187540664 0.0
199.2366227516194 87.53161031511749 0.0
165.4078117002314 145.82277475819686 0.0
73.90954350201228 164.28288574726596 0.0
97.96695523680867 189.26249865980796 0.0
66.3622150853511 155.5343930658511 0.0
23.184040690562636 87.03043932768036 0.0
169.3545160738794 127.96389111712895 0.0
124.97006413347775 37.40497745222879 0.0
138.5211555313261 109.30615867146034 0.0
63.17516887408252 9.841661880877805 0.0
19.371052166508452 29.148253713783024 0.0
180.45830888928293 140.1695781595015 0.0
133.11942498308127 48.97895926490698 0.0
71.56940814008111 154.9741570183767 0.0
44.38119462789369 152.61669745922092 0.0
61.217016177539676 176.46647518589805 0.0
125.35583157852139 186.30420812091245 0.0
43.9212194573269 17.928160552397188 0.0
103.98531316590886 187.1724382910186 0.0
27.727923809872834 69.86006151770572 0.0
37.66845262742009 19.440023394132023 0.0
193.38741996430772 98.25191806285167 0.0
89.46643264059415 49.62896265563978 0.0
131.57642722362476 128.929385648951 0.0
100.33587435551914 35.240993020591716 0.0
152.96966514044283 75.72366212543658 0.0
48.77744222278029 175.75335515105553 0.0
179.44332070095078 85.24826337286898 0.0
68.38944343468366 180.45663929249986 0.0
119.419509783176 117.35635094766796 0.0
154.16748916800373 44.57145718155366 0.0
6.337270199594891 57.89120045687712 0.0
29.992855282222088 193.244820638353 0.0
136.4623237864908 69.1314061310451 0.0
72.60375739159643 152.44107068732714 0.0
180.72422859830763 123.37150436268094 0.0
91.44521412267478 136.4063327271704 0.0
164.99630369866088 136.36772378537017 0.0
149.14492416309184 103.2995171239218 0.0
114.21009431189144 19.917740400779536 0.0
73.96391810738592 123.74694493866072 0.0
37.9228366832667 106.63215946050491 0.0
63.42252341803698 131.49172552099822 0.0
198.432852391042 164.99482852461242 0.0
7.403574520619882 80.97312686757489 0.0
47.26445637117538 19.097780493101666 0.0
69.38646877221663 23.5851583053714 0.0
41.82041114511974 14.97602109023397 0.0
56.06718660882872 32.52772623602213 0.0
161.22664871763172 34.25613540742227 0.0
178.47096920672806 55.57777702998972 0.0
128.8704285373166 45.87199967222877 0.0
161.76589305775343 55.77181562910081 0.0
118.8597577829694 107.88975201139537 0.0
96.33714862344111 11.905376065326001 0.0
74.60836672232615 84.02336255419225 0.0
139.28347036152664 93.91901264098811 0.0
99.97722719934852 123.21116896132138 0.0
173.34852624335971 2.6544282803136587 0.0
96.87999596029204 165.66273949437388 0.0
9.401907420666955 69.12847147533101 0.0
117.98647045539654 185.07467816370615 0.0
78.93568245846478 45.38676629895253 0.0
179.13464737190426 154.25276217144028 0.0
4.644207478835027 187.16280141325015 0.0
133.28853274546844 30.167137921928045 0.0
160.00633416478033 27.9823461777295 0.0
46.355422357372774 194.50620588710885 0.0
132.89079379046723 175.0172159910439 0.0
134.90292543225434 157.08395223983308 0.0
93.55707415178432 118.90630831150179 0.0
126.79263281217432 131.994475796314 0.0
34.02564283671905 42.92609528521465 0.0
87.97373775492173 130.19664324518857 0.0
93.64299708579085 141.30661370542643 0.0
122.15670231404307 77.2507368503788 0.0
114.76848422893045 12.153242795161635 0.0
94.81338447977889 161.2181106549735 0.0
182.8615188164889 77.348483831629 0.0
58.92680688445 143.2739128779177 0.0
196.84927605366437 99.97208637638937 0.0
167.1401969436588 122.3719352099784 0.0
88.50657727159334 119.19192965877589 0.0
143.43148102869299 35.339831637202444 0.0
163.68121582237606 103.24207640236858 0.0
57.16610442830079 195.07189897684762 0.0
173.54952017867794 133.0185787017333 0.0
193.35742742470728 22.0257248734389 0.0
140.68854495359713 171.98752315731812 0.0
45.19066845022661 8.01806603399131 0.0
62.60286340879695 52.51407226843228 0.0
68.34283792110507 66.35438554666082 0.0
194.44536671755563 14.385101306071647 0.0
31.357712434038753 168.6155502459004 0.0
73.02326243386868 168.21228198425825 0.0
172.31140908025694 145.96418083287583 0.0
185.78177580425202 24.566354340379526 0.0
129.23079296236088 141.62234195449867 0.0
11.309849399988515 129.10759541934277 0.0
150.20333161471822 41.21119177173092 0.0
62.01350305363522 74.64131508910204 0.0
8.84378338255467 78.93234860427043 0.0
144.95424403597445 122.94150648803046 0.0
151.7595069882706 120.10976906041601 0.0
123.4513541373882 162.34963628640446 0.0
86.88279659192295 54.39997791643141 0.0
9.898499677789374 151.5697947185698 0.0
85.01525413860406 99.01765516766739 0.0
49.34669192456778 155.74535771622303 0.0
111.6556984100241 7.612429059693948 0.0
163.75715702757586 167.81647988846893 0.0
