98.43775349897814 181.88745965628348 0.0
150.80660148474146 33.676633932309755 0.0
115.98207007897044 194.17298922489934 0.0
95.62788351093157 62.87734129174669 0.0
143.59699405599585 127.61386693352989 0.0
61.06305154329761 11.4884424918394 0.0
196.4039621755761 27.696002443967593 0.0
56.40156972822077 35.73791264611792 0.0
68.90102509533531 181.32269561257402 0.0
155.38146087005578 193.7312071281957 0.0
39.96604553876999 137.83197095852955 0.0
194.90787803611187 117.96065583665589 0.0
197.81782403325457 117.88109233309586 0.0
139.7653704045933 160.9999656041022 0.0
3.4226796328028497 79.5158635460609 0.0
44.79967980745418 197.47105643154902 0.0
19.623131524786565 33.59390542048742 0.0
145.45893169575652 103.84697046527135 0.0
73.3043417034961 4.832670398871586 0.0
138.24821146166667 157.38103369168175 0.0
89.20303499349593 120.10450049189924 0.0
174.56552365149793 196.42923047879782 0.0
36.50271658264357 72.20260668935235 0.0
84.55120237260532 166.65914614397497 0.0
63.148066491204524 55.15343304019984 0.0
71.99694931137263 41.11543872325405 0.0
157.850372277155 196.25235916714973 0.0
177.0246841493166 46.83840348118955 0.0
176.04505782127575 120.35134730991103 0.0
190.15945874178033 56.70869706395176 0.0
193.6013212734726 173.52864116673342 0.0
19.5847903471702 112.41790713955382 0.0
110.87297872271233 6.122221184733201 0.0
162.7828210572397 132.94116735005943 0.0
19.718735450295345 69.21025062330426 0.0
114.42568057821967 132.61460225527904 0.0
67.40905320272135 113.9733308710716 0.0
54.29870805905972 123.89697115018825 0.0
3.8759997912019672 199.9749486295717 0.0
2.199950232347603 112.12137080190445 0.0
82.55135150279527 16.248068508222424 0.0
1.1746914708486322 3.0195443590591786 0.0
100.07743984543242 98.17733674007061 0.0
196.10771491234104 38.527723277562046 0.0
106.46418109816904 183.5179760588175 0.0
111.60997768142545 152.35971931803113 0.0
94.80488875690878 92.49404310496614 0.0
1.3006428776025647 194.05933215514716 0.0
188.45242504186996 139.77013904099869 0.0
39.999275851891184 108.72080783732865 0.0
83.59640347778199 190.19243885338446 0.0
161.00717973393876 79.2926897964596 0.0
176.47117638519433 55.5462691832501 0.0
102.57094862939834 139.35683706334322 0.0
106.96336304181058 196.1791396739209 0.0
120.78520141122905 46.50106996830827 0.0
184.1768601991952 39.1896985395142 0.0
50.60575638775673 69.88035015964577 0.0
124.5521765574709 53.98453636410543 0.0
152.30837989955185 190.2881248354754 0.0
129.42612189355788 36.35651430773903 0.0
67.64238745078192 37.03583880846561 0.0
156.45689787109848 43.83961376682552 0.0
28.092463512899577 93.16531892027598 0.0
98.12868974872409 97.94712394470851 0.0
7.076053926086101 88.99523291231863 0.0
70.58893730705695 123.00131527653105 0.0
188.56777850280184 73.72944100652423 0.0
137.36052463031263 26.614472369722275 0.0
136.55645140346166 5.831530893817249 0.0
145.01018084627927 143.48266911985405 0.0
192.9041612415691 35.0964982956558 0.0
131.64345735111732 62.005163597074244 0.0
105.59122356475822 162.82697958206737 0.0
184.13571758099044 132.34398872776467 0.0
94.99454882132159 61.24817567828866 0.0
66.29758939682624 114.88974882303135 0.0
102.76128807393272 109.27191539589138 0.0
17.712466435446682 69.70129634867 0.0
36.003572889081894 158.94717187955138 0.0
31.77267089178826 110.33842585668087 0.0
18.954205027307623 185.41061173728949 0.0
61.479907460849326 49.60836715619645 0.0
194.8872966472464 192.87759683157887 0.0
172.86478069480353 50.098395529071226 0.0
83.02186237633072 150.19034414315783 0.0
68.41920124368703 158.96845508421166 0.0
88.29041152750672 111.66676736347732 0.0
36.72445842627001 54.329136361291134 0.0
86.2687475197229 42.469918270896144 0.0
49.496965810658054 59.63216171781891 0.0
61.227121384387395 12.444545329024038 0.0
23.562626727708103 92.8518148137061 0.0
162.17701838254584 148.34393038045204 0.0
192.80987088978833 108.83750798276431 0.0
59.95196366124627 41.59656569321635 0.0
93.9604997485952 166.06914455106136 0.0
137.77463572849598 197.23899793785387 0.0
60.03643364983806 103.14857012421004 0.0
28.426844548734586 179.36753595083783 0.0
136.68974910630664 145.71186585207062 0.0
123.05283409794944 159.43821063126995 0.0
189.1021236235486 181.0489170411316 0.0
119.79048841473292 5.970896283628346 0.0
50.94919036932053 135.56816306854762 0.0
54.83913202330359 67.6900498554586 0.0
81.9641534862418 69.34605698533234 0.0
164.23657405541005 196.86108292398643 0.0
46.92418531356066 62.352243416764665 0.0
161.5321842461139 135.55804334692428 0.0
6.422115549387275 108.5431828453973 0.0
84.706848943505 144.8246260172616 0.0
118.57508409679585 56.86829218808243 0.0
165.10468403815244 95.16738663436722 0.0
90.86075868426389 142.33444637632144 0.0
1.8054150473250319 156.54633488137875 0.0
92.56091303178285 35.62612451908305 0.0
86.78057513751902 127.00477861523194 0.0
40.8311415312526 6.38003122362496 0.0
19.340431202959696 121.3068719913091 0.0
107.2045531269169 143.06473837743835 0.0
172.7928782594792 4.42774315607708 0.0
56.37641051628719 1.5172357311808105 0.0
131.89954035214538 199.46787470981465 0.0
25.405676169837733 164.54002184851913 0.0
106.62823821119997 125.53966167583077 0.0
179.00847876313554 186.5638577333091 0.0
145.8652412963061 128.40097228558054 0.0
135.40770587449705 70.23285365164884 0.0
124.16465303224977 155.08679009976962 0.0
147.24179332827688 175.87012957326672 0.0
155.27641940188954 193.51684968958082 0.0
143.32500679214232 100.13391702623251 0.0
98.10843009527257 49.033486633401836 0.0
89.5905160208797 176.7754076318355 0.0
163.94234680460758 162.05071028114162 0.0
111.33658489799969 50.26136011841962 0.0
108.13675459278093 84.47191927374402 0.0
33.93532758638731 52.12590186104007 0.0
95.2153620773515 127.26029930535911 0.0
45.452545767478995 70.26765132073882 0.0
63.15204498458016 167.52250483914645 0.0
62.166098559829706 43.00971964215721 0.0
80.82849073555968 60.692785079040036 0.0
86.75955998101243 132.5918565726778 0.0
192.05441675677463 141.88128436016316 0.0
189.00668872143237 36.865418565963395 0.0
170.20426869887194 120.17675672437022 0.0
110.05157124053717 183.31353657291868 0.0
69.43842161628902 70.6705894306336 0.0
93.92814379261473 116.12032904333797 0.0
51.640986869480464 11.195532489466498 0.0
183.75202216870775 34.8645877687499 0.0
92.62035515964808 114.24908664229928 0.0
85.0565110718142 172.5149680040391 0.0
26.782653218683137 149.29810159001033 0.0
195.03381986280283 110.75523252394541 0.0
176.4024297800508 76.637645599205 0.0
123.98151731625391 22.269677931898602 0.0
129.77887117053882 21.203886160538232 0.0
194.04331170406462 2.4704242161038836 0.0
81.9799434288254 143.21709528346645 0.0
190.37240060454783 107.2498378262281 0.0
132.5409232235501 192.25763581877456 0.0
61.13452180664123 48.692889056015495 0.0
46.3978169912227 182.35425913435742 0.0
115.30711117405541 117.28583547197853 0.0
27.5002869114795 57.89061311937509 0.0
151.01987241327058 197.00912253411357 0.0
28.9626770862349 33.61243345007829 0.0
62.2211506161372 118.80410141484545 0.0
29.27586757387608 86.7444494556927 0.0
17.74368979570844 58.25450715228217 0.0
141.0167572126163 55.20260857707593 0.0
84.38224803194669 24.925413395371997 0.0
186.65613182405093 153.11377455163702 0.0
174.38468767460046 113.65384103387063 0.0
75.47987600718031 53.331625808482656 0.0
37.79724236968944 92.18671352371352 0.0
146.30246045774942 6.364006552819745 0.0
91.3936994045943 84.91356476959166 0.0
2.565710403252419 166.10362161060883 0.0
178.457257787276 179.04277360898558 0.0
59.5799449233938 174.98045205265765 0.0
87.47295177717234 127.42186135321289 0.0
48.07865076755995 124.6308701426702 0.0
22.827575533970613 151.30380638359566 0.0
73.92185520006092 52.90500024461262 0.0
16.90305184922032 156.71291507460268 0.0
120.69748113541236 164.01039506019376 0.0
100.48835028972265 69.66545191379605 0.0
100.13405833836468 165.8167080577358 0.0
107.2240049817869 68.35161896298064 0.0
104.6520956265306 106.82256140506342 0.0
77.83245971684187 44.48724140720668 0.0
197.0456497830791 65.01242784636196 0.0
151.17645486855923 61.394889988064016 0.0
84.19956419683707 191.80783826859943 0.0
181.7267350004845 92.97586191030065 0.0
164.91197987512396 146.5438236649519 0.0
106.80947714955376 125.5859427067213 0.0
116.30574241728728 70.37809353235964 0.0
102.04283580063705 183.92945970716804 0.0
188.97642258836686 143.26695601113585 0.0
9.661086097109672 2.4376880134043155 0.0
117.93871310308089 43.61858008061894 0.0
1.963968218232881 105.19922395616443 0.0
24.597043566890985 87.46075275574914 0.0
150.91775169701344 180.36155850813884 0.0
84.38027683607467 62.43688687236417 0.0
114.97377923354624 39.024519668198266 0.0
65.34448620597497 191.67051783070715 0.0
125.45918048915668 133.9979971758022 0.0
104.96177771361953 63.51514390686211 0.0
57.43357704566681 180.39776536966346 0.0
85.47729393719554 145.43285648827168 0.0
3.6946083167244126 67.9048408550104 0.0
92.63048583699178 63.72166357355553 0.0
35.65423312294098 183.61540949039022 0.0
98.20090848474517 175.53813741011638 0.0
131.09680619425188 74.75987542347853 0.0
193.75278561973843 85.63834169301556 0.0
176.36891390306718 72.1711337643957 0.0
21.116635269064577 67.48685706869988 0.0
109.34015324179094 68.23380758922195 0.0
94.56045848433176 36.859990308891845 0.0
59.51298752191845 97.14763321345833 0.0
90.2667844324449 195.79604897109468 0.0
162.9489108402994 100.68987806039796 0.0
90.64625687338858 115.72193596840236 0.0
182.2172669208245 79.26313229373629 0.0
14.182232469098555 60.81208083603924 0.0
145.36201172235852 125.86639227559377 0.0
35.91505367350176 166.112054061188 0.0
132.92091533987735 19.729003166731385 0.0
109.33873363375992 79.68602852796114 0.0
88.32063375389944 116.69843072026369 0.0
137.39680719130607 54.0235535825637 0.0
104.51021876035978 15.074605441683286 0.0
108.42812627353489 29.167908703977318 0.0
48.48472757977997 98.43492709427018 0.0
12.327594487387806 188.50470226250192 0.0
25.389475307938667 161.09571484081195 0.0
182.85071110299575 187.8759962505229 0.0
55.18484388481419 107.20745831261817 0.0
73.9049606582412 159.66182579788867 0.0
37.39027621518054 181.08267950600222 0.0
170.83515071314937 75.69750697549796 0.0
13.215442854142289 134.20689735143458 0.0
162.1238264410674 116.37171599509185 0.0
99.42542388468225 163.4846669280003 0.0
52.591972129063215 137.9768582215391 0.0
64.57594962815563 165.62426547070152 0.0
186.09923600429045 156.35982179351774 0.0
145.79370353684624 44.1661625684582 0.0
163.90707088060893 172.14779829711767 0.0
163.0658381736447 78.51195419730483 0.0
194.2821321642896 51.300359467311154 0.0
78.04181805858592 118.41201014020517 0.0
89.58137737726292 144.46560696025887 0.0
65.63993435069575 2.7216550900225345 0.0
138.97447814412473 79.59469064390076 0.0
119.28965932362333 117.83724849339868 0.0
28.122975272946448 94.49567424286072 0.0
194.43028169176353 9.075151278737703 0.0
51.54995334789039 189.4841416894487 0.0
109.92525093263865 37.35797397817278 0.0
69.0978996670699 75.01465239982666 0.0
73.3406697753635 33.92431028961613 0.0
194.78643348799778 165.15356988653835 0.0
173.57553713404985 147.37947280062292 0.0
74.54590333764841 124.98047485994603 0.0
93.1202745090552 0.25646046073963813 0.0
8.716552574477966 118.4818723059006 0.0
32.25932456147584 76.3579222782035 0.0
105.86738159974973 123.22744441331584 0.0
8.822452089631394 145.5014263849426 0.0
116.40258839604452 79.0957532283262 0.0
99.62858880156402 98.89186825847402 0.0
187.58776037641917 20.54271282444531 0.0
23.55511062321063 16.196514462818822 0.0
106.04191088747967 105.38292664705449 0.0
131.20440921486886 14.499686710186598 0.0
49.40556936778091 197.7802989715398 0.0
162.42880101092788 39.66558542184755 0.0
55.80923650319862 189.12108311783115 0.0
60.513790217061356 52.23942897563016 0.0
137.93045275139656 147.66902581563403 0.0
90.60880952188973 32.86861664331442 0.0
17.84196226422685 76.3787870561124 0.0
100.03360711118232 86.32710521126421 0.0
39.51737059201859 127.97048902740109 0.0
179.37752031895855 58.577865821002376 0.0
127.77481812809648 177.34462927826038 0.0
35.84793616833555 97.90980103520843 0.0
105.60326872579317 83.6434182037968 0.0
74.11328118520066 89.03698365903179 0.0
56.230056214600445 187.7408321786451 0.0
94.92500257718528 68.14984433127857 0.0
121.95237641973549 185.6706075773596 0.0
68.09199452296278 187.259251207818 0.0
168.6695004735291 94.47758316566588 0.0
13.92001639046696 137.77620712176193 0.0
113.21653325116903 184.20471307533245 0.0
36.017754790262835 166.12126123331922 0.0
10.014635094192714 88.20435186313671 0.0
188.41014051968835 118.25948611849282 0.0
24.21662255156565 23.689150745955033 0.0
131.188717193557 135.40823262958784 0.0
180.4410060690229 155.41441156575152 0.0
31.467820673094927 89.76664239407322 0.0
69.3515054088977 17.6103025120101 0.0
100.20445770680763 196.9672549180572 0.0
118.75321106860379 172.7588517475125 0.0
120.47876748167667 71.05180354966353 0.0
191.54060856886045 130.53737304744848 0.0
119.1211180143904 198.12468611624615 0.0
159.746687965433 176.2262827403281 0.0
161.11080133677976 196.4393162717697 0.0
122.10649913431588 165.10607244473832 0.0
104.9605254123085 103.52395482571507 0.0
81.96256971318292 127.84456855549551 0.0
47.33982187189461 85.05536308526386 0.0
183.00358003180574 101.6023745914475 0.0
106.47959467629684 195.54002111439362 0.0
12.241868072826012 152.56070998911989 0.0
146.43918264764176 137.46434162587778 0.0
22.799303219478873 87.80266152427174 0.0
28.106200441167893 163.42676939485557 0.0
3.4852136592598226 67.95526613824975 0.0
187.83865697660386 144.86630980859388 0.0
127.81402119423528 26.726445564488643 0.0
190.94782262963383 191.3535327393649 0.0
52.024410329446845 79.44745882052209 0.0
184.7593276010904 46.01167584366308 0.0
199.8258037369739 159.95793032921793 0.0
84.77921456971767 5.487044185009937 0.0
171.01207161884014 163.64726308747794 0.0
67.5305429471155 116.98945286795148 0.0
141.74644029152762 94.19267543815852 0.0
114.91528458027898 90.27504278195653 0.0
186.23555403374277 112.51071624119339 0.0
157.49533972290112 129.0453003567129 0.0
42.674881900481296 168.66564538169206 0.0
197.8755106992245 134.08779268523335 0.0
170.76146831741636 60.95471129148324 0.0
60.4103896485668 59.585566285244894 0.0
3.7343803463606218 111.11678667061753 0.0
109.74609274497425 14.373768375054974 0.0
84.81699988886473 170.5874938522774 0.0
8.246934160311458 191.52366992469828 0.0
96.09956203010938 179.95050165025802 0.0
141.14613307354728 82.48572407295998 0.0
37.314306161062596 192.2111448057048 0.0
128.29874550423943 86.12495728511149 0.0
192.61969572545922 40.245224193965235 0.0
62.7040278700959 158.33346153353145 0.0
35.4242234276714 79.75228412376202 0.0
168.503546770697 164.50640038237813 0.0
64.44439919169056 71.26930323610512 0.0
54.95041249131647 95.01947404584124 0.0
138.60553761396733 78.27724390343049 0.0
57.88402018135501 82.9472857532647 0.0
184.05805421420084 53.15952005895681 0.0
106.53382630628853 23.613770393572374 0.0
183.4960709525328 158.7479653766292 0.0
131.0146946188731 137.16721124112178 0.0
126.1291258815476 30.41844678372383 0.0
34.66539137833857 38.22410876202602 0.0
96.07185527071438 122.17487540144771 0.0
95.42098327241177 180.72762141302496 0.0
107.58071378291052 199.8868810830063 0.0
131.6987494116339 131.51788026597345 0.0
57.480585835869036 145.8229748443038 0.0
70.81657447197686 192.7131037734413 0.0
58.288529444524315 120.84765248178473 0.0
91.75149617080712 40.85189443830137 0.0
39.95566965876971 194.1273869088906 0.0
79.0854897982308 79.84875511131125 0.0
63.81254573263977 194.91702185321856 0.0
121.27437418859384 115.16637340863693 0.0
79.21708455293377 166.97468871864103 0.0
13.914957406457873 148.20980885320384 0.0
71.56862132004149 13.379920302478254 0.0
187.47446147966772 162.79928343226214 0.0
99.76528983455515 108.00612668707741 0.0
168.98547872631144 129.6797895460675 0.0
1.8462878291513718 19.62528331758502 0.0
8.498630486701074 90.37738053396187 0.0
159.47448691719092 45.5991209391619 0.0
53.624252867307966 98.3134792195498 0.0
55.0790042388621 184.33775469268298 0.0
39.28349560532494 192.94016002187672 0.0
29.891394689960272 89.18322339300842 0.0
74.82820427136045 61.7609095973441 0.0
56.77307957917472 41.10196096842142 0.0
156.97811904366895 5.452936134275821 0.0
78.6459020084005 53.54679022380755 0.0
114.56291950334803 62.90862169416922 0.0
131.5015401885787 80.07564132568518 0.0
199.8457216753613 75.86536227372689 0.0
70.37973089429899 133.7906361373379 0.0
81.24371040880798 76.89448872422663 0.0
47.369209613473686 147.38790073257576 0.0
163.55064628992662 69.87160766076639 0.0
152.5994534021364 3.584905842941488 0.0
164.30503949428902 38.65229170367714 0.0
22.35521036934578 147.91876250240446 0.0
108.73683629074016 67.52842486562423 0.0
142.86006280368537 159.3854227027553 0.0
170.76458585421332 186.1423719851874 0.0
33.93914819241735 199.11636107829062 0.0
83.80403403110847 161.88739408556367 0.0
83.68535413154899 183.2657633581225 0.0
172.68819495036658 154.4245277553471 0.0
123.41728187879846 33.507961632938276 0.0
16.78803783455638 119.79757713627504 0.0
81.63139370933767 47.021284037304476 0.0
144.46194139403167 105.72946830219401 0.0
36.31481566022112 97.56108620442372 0.0
180.25115483466615 115.03482083128394 0.0
96.89925969357867 30.20139949948053 0.0
118.77758230955591 30.685048217943933 0.0
190.30070215000322 44.55097915016739 0.0
83.08920805205744 193.9139918916445 0.0
199.9034092509791 74.726329888345 0.0
40.23764384041264 5.853540209866637 0.0
12.011085357742646 169.09067822887693 0.0
93.16124825489909 183.54033984651124 0.0
61.201814163001636 48.74452853343665 0.0
145.48636622248296 42.73618507568213 0.0
134.18772263255676 180.9799166420544 0.0
144.64832156996115 2.8563043395302135 0.0
91.19418322847031 42.387138592844686 0.0
148.77280511991458 13.401281986766556 0.0
194.5375671874317 166.02916257799006 0.0
134.04744786094616 186.63994989059836 0.0
95.99450713348145 68.07564836205925 0.0
161.85229229654192 187.89207104658706 0.0
27.719812811593812 31.51494857414532 0.0
58.707129548669634 82.61134601804815 0.0
165.8841353808607 188.03901416645618 0.0
127.1325250060184 168.5706369949845 0.0
91.86661669613818 183.92285535537602 0.0
1.8106010241253134 31.803071300457297 0.0
162.75173568738157 141.69650857903483 0.0
192.97055124863775 56.554093476303805 0.0
21.04377962808519 36.63430097378328 0.0
117.71308021447646 92.35115481279269 0.0
22.926236662510547 195.56254052915713 0.0
110.0268651436992 135.39934081698365 0.0
45.05760096821605 195.2134537140423 0.0
21.539302488466248 116.86267076899159 0.0
141.80915335072578 188.32971547471965 0.0
177.58288701597377 7.1925568928256745 0.0
68.01418915797386 17.950474724293166 0.0
36.94750160374098 43.51623275046348 0.0
156.71245158547072 193.78634197037107 0.0
118.72809161895867 166.19976618561918 0.0
47.03743175973689 99.3173805242383 0.0
5.966205799429858 111.05165252644741 0.0
94.30823599784873 74.22467813618125 0.0
113.32296521616128 45.23465405992147 0.0
162.55197283097544 73.99271197902033 0.0
14.810003305662622 157.80502921721836 0.0
99.0964757426487 46.996140750651996 0.0
67.64416372157646 19.899963909090033 0.0
121.53730477905138 189.1113729062151 0.0
39.58056341698209 14.945463770619272 0.0
9.297110899336225 36.86975110096515 0.0
49.617970664212585 105.858630790321 0.0
185.15935676984245 142.39572506673383 0.0
165.75917617980923 54.06971367674458 0.0
96.57265079258792 36.850026903314 0.0
68.54846443073211 134.29099068790637 0.0
162.1857479317114 133.82434890056845 0.0
85.39702978569316 199.31099034183242 0.0
135.98764742313935 150.11063763958072 0.0
28.246486100482237 40.69424137620648 0.0
59.59098162975751 128.49464169479344 0.0
25.909502131548344 164.11816785259134 0.0
22.61119250642649 35.69998642960566 0.0
132.4657949752395 152.18046570934354 0.0
131.75786379081154 178.3354792604751 0.0
114.38070202988828 122.86167260724463 0.0
1.1687780964237282 130.67505813705418 0.0
71.5525850743303 8.429424601551737 0.0
119.68130085470656 100.32626330762935 0.0
31.284520138981577 77.42223760789861 0.0
25.149652900881737 71.319701298474 0.0
169.21460813641968 101.45238731182162 0.0
121.58086017006518 58.878546322209345 0.0
57.528432546519866 28.918884767834285 0.0
11.776084300824753 186.1036582415751 0.0
118.31621497943017 169.32325249037433 0.0
186.32822307816156 50.03650696043096 0.0
68.72627982381998 114.73223707194148 0.0
9.240606026447363 183.03856313638983 0.0
184.6054847639602 129.0331992883974 0.0
171.09582558624822 135.15253183941084 0.0
