6 483
9 602
11 371
13 722
15 311
16 676
19 535
20 147
23 150
25 87
24 383
28 806
35 850
32 303
38 802
36 892
37 125
42 700
40 627
44 352
51 976
50 641
48 226
55 688
53 79
63 941
62 966
61 255
60 576
69 246
70 440
64 588
66 266
77 316
72 739
87 418
81 97
83 305
93 463
92 725
88 520
91 323
98 404
99 854
96 208
97 396
110 204
111 595
108 892
109 406
106 865
107 158
104 391
105 142
118 582
117 792
116 717
115 668
126 66
124 682
123 143
121 364
120 39
137 832
136 330
139 188
141 176
140 443
142 607
129 154
128 952
131 817
133 684
132 770
135 840
152 522
155 369
157 17
158 320
146 778
149 368
150 385
171 655
168 214
175 75
163 297
161 214
160 157
167 321
166 199
165 510
186 412
184 563
185 13
189 650
179 6
181 777
204 502
207 183
206 47
203 18
202 155
197 735
199 611
198 512
193 591
194 933
220 999
222 786
218 587
219 331
213 91
211 67
239 150
235 416
233 755
232 112
229 77
227 669
225 169
224 166
254 563
253 454
247 673
244 849
245 389
242 214
240 721
241 858
275 829
274 331
279 162
278 792
283 440
280 200
287 111
286 911
285 142
284 385
259 145
256 494
257 302
262 457
261 52
267 786
307 996
306 168
309 114
308 408
311 888
315 729
317 26
316 832
291 555
292 983
294 453
295 901
297 328
298 615
300 677
301 337
302 717
303 968
343 921
339 853
336 165
348 223
347 377
346 357
345 564
326 751
325 347
322 74
321 830
335 894
332 448
333 370
330 740
373 851
372 783
375 626
369 212
368 380
371 651
370 987
381 148
380 852
383 939
377 650
376 930
358 672
359 918
352 474
353 139
366 74
362 304
363 420
410 374
409 279
414 702
415 854
412 876
413 748
402 714
407 418
404 31
405 446
398 723
397 421
387 452
389 638
441 685
444 776
446 214
432 650
433 352
434 683
435 496
438 569
439 927
425 93
424 655
431 95
417 808
420 864
423 522
479 318
477 371
474 482
472 615
473 678
470 784
466 206
465 531
463 915
461 906
460 777
459 117
458 12
457 994
456 728
453 887
450 780
509 241
510 262
511 410
504 217
505 909
507 652
501 486
503 930
497 63
493 681
492 67
495 846
494 71
486 961
481 414
480 95
482 269
548 562
546 539
547 422
545 957
558 609
556 284
557 368
555 190
552 731
553 371
565 293
563 815
561 928
560 194
575 113
574 766
570 537
568 420
517 163
515 399
525 170
526 983
520 76
522 805
523 859
532 161
531 698
543 88
542 984
537 620
539 586
611 827
609 17
612 608
618 491
619 0
622 427
623 115
626 375
625 11
624 85
631 959
629 293
634 272
633 583
632 632
639 545
636 313
576 957
577 312
578 758
579 96
580 921
584 986
586 354
588 710
590 830
591 695
595 383
596 126
599 273
598 728
603 145
602 328
604 202
607 128
687 107
685 949
684 417
683 877
682 668
681 612
680 35
679 292
676 576
675 296
674 395
672 262
702 681
703 830
700 493
701 266
698 140
697 174
688 670
655 416
654 464
649 845
645 175
647 575
640 632
643 364
668 624
671 996
666 138
667 58
661 298
662 401
663 168
656 369
658 837
746 877
751 116
748 879
739 800
738 597
740 193
764 11
754 398
756 295
757 260
715 777
714 293
719 478
718 673
705 68
707 451
708 167
711 2
729 519
731 881
732 775
734 410
735 801
722 473
726 399
791 88
789 842
799 300
798 901
797 455
796 502
794 236
774 600
773 2
771 637
769 104
782 639
781 901
779 253
