65.81499476302591 81.05916483190477 0.0
173.78522027649564 69.39614621484588 0.0
23.416884391532513 163.42648625989014 0.0
31.91995928215001 194.20922605446026 0.0
2.862015283648134 146.48302601686768 0.0
158.90425575478181 28.014919527554326 0.0
68.2832197426567 114.73412703355581 0.0
132.27955438879872 70.31678328846847 0.0
78.18370562377919 58.69113017722181 0.0
78.91385655201024 128.6175075396549 0.0
145.87874898800294 139.54057570694135 0.0
105.94561259581599 171.41334813115424 0.0
157.13594749686249 187.8811423543521 0.0
122.21778210334261 37.43949650199851 0.0
196.6070017680303 131.92015586878065 0.0
69.47082286358486 152.51529599077475 0.0
27.80811185380536 132.74806528008676 0.0
116.35251952325167 153.1897161736792 0.0
195.82014090565414 67.78589857882349 0.0
133.3415074887761 145.48910814603954 0.0
77.54377947343367 48.22717627626278 0.0
162.9705486648056 37.420774431224444 0.0
91.25887486480669 82.27241517248956 0.0
27.274566382976385 175.48754781860197 0.0
95.40142488183838 3.1808588628860157 0.0
73.17757058885957 188.31996666724262 0.0
155.8854428974917 169.64069427280754 0.0
146.57161193313058 94.63440677477826 0.0
141.96128101596594 15.685480645731253 0.0
7.130054135453046 168.0768860792233 0.0
22.515902588142023 78.36117462857408 0.0
148.43643195167274 168.1140118390358 0.0
77.88462067325514 63.5746635143813 0.0
171.79923251735235 143.98391268263262 0.0
116.65802773518594 24.0312464671651 0.0
77.16210076344498 97.82177085381805 0.0
192.6317720004519 17.895129013988974 0.0
80.80786737513384 153.4258847972579 0.0
53.96095836178081 92.78350168849498 0.0
47.093981735523286 118.73202346416987 0.0
24.745039988411733 96.93138296537423 0.0
130.24602993292072 52.91516511361394 0.0
18.68298679154141 57.84093178215641 0.0
162.27483847903702 53.13940920650519 0.0
115.10284973590534 88.45552203452061 0.0
94.3721347377827 161.32837677615885 0.0
189.5835873085509 181.87539826458467 0.0
1.6783263413074012 57.92999592823933 0.0
84.55130580097867 37.85837119178681 0.0
195.10545327016894 57.50104692210669 0.0
129.64607482759834 27.82549852235663 0.0
48.93711867029518 50.03852555889079 0.0
77.31945509067666 149.81822731131678 0.0
49.2164189043063 42.33640182014548 0.0
106.0370552282262 150.83022785439096 0.0
95.47193499933387 45.24783697509305 0.0
61.624472939656336 101.1634312620092 0.0
47.12089537163653 25.584594261215486 0.0
156.70892015819817 193.93458593113337 0.0
95.92764665798438 95.48690791673936 0.0
128.87309112093638 12.58507205273629 0.0
167.18473063703715 47.448561152056755 0.0
170.05170840239495 160.2233720013011 0.0
4.822799972678138 159.78363977169423 0.0
182.86539356199384 176.85601111050192 0.0
79.44480261357114 95.17281133519045 0.0
94.0004718838069 84.0395301508754 0.0
173.3187727961186 94.02870052642483 0.0
60.40737748560936 91.21249896179029 0.0
42.652820510980405 124.77138181917806 0.0
41.00452948739275 173.94312652225923 0.0
135.01476892854208 194.70663463660443 0.0
174.73838935739388 191.55467819403972 0.0
148.5481225163397 48.05116856550728 0.0
105.26470952056994 150.0673838732823 0.0
59.67499282967816 181.75051190167383 0.0
23.179805047192637 136.12214512971326 0.0
117.26574105266666 95.08695793280015 0.0
158.64497741215075 148.5278717752475 0.0
3.7941600106777384 155.67637327124478 0.0
150.41111872059506 136.30086558001594 0.0
97.78596290285854 12.304345553182362 0.0
141.66459565708956 15.5412048140116 0.0
136.90766613334026 114.1536935132672 0.0
8.779742812521452 82.21770800781427 0.0
177.33164501393995 6.326825528141944 0.0
15.977085948985547 63.909470772931655 0.0
172.5526193797398 63.168161885211575 0.0
7.050735753179382 60.77880154995674 0.0
153.61952668003596 193.74326205069036 0.0
194.74229398966602 14.526587679709756 0.0
82.7860129259822 7.932936663195411 0.0
89.00272552568937 113.8080165012213 0.0
173.87181531033266 166.95208147545054 0.0
117.29775092187285 95.56293537560603 0.0
25.166255494237323 158.70475662669136 0.0
33.2762829785763 133.94176427927624 0.0
94.49426710893061 136.23829710570473 0.0
84.5356005819387 121.98443515707783 0.0
61.1043591685207 136.661048962469 0.0
115.8809578381295 45.936410002531545 0.0
65.32699665948454 158.2397658137879 0.0
121.39134761323635 28.062335231464086 0.0
94.49097413616299 14.994310887162854 0.0
26.767316280446863 71.04453493340282 0.0
92.37433657931584 10.958808135369203 0.0
82.85067328554592 175.5300111373401 0.0
109.50559189218245 80.3800579340796 0.0
181.87008720992114 122.11629572526488 0.0
182.91990822020082 125.4754940964589 0.0
69.88054872914948 10.042944993845794 0.0
36.51409315745398 49.974543187946786 0.0
22.028820178977206 27.082125176198012 0.0
126.93323501133416 34.51887393517943 0.0
71.69096246425546 88.5982180615866 0.0
24.960933735684087 129.09850316031276 0.0
140.1922082894184 128.47302887838413 0.0
18.6740698524835 48.0523203765715 0.0
0.7334010374786315 150.56967004859766 0.0
152.16222055600704 144.76319866429404 0.0
128.31233744915863 56.63474779823021 0.0
72.40075772202181 116.02931377653749 0.0
136.84244285934614 155.0151147782667 0.0
46.90590109075386 40.19499893079856 0.0
85.33515986596252 124.2919860417799 0.0
136.08883918052385 88.47588000656074 0.0
46.92665918885155 56.91168369631945 0.0
156.76534968764838 65.51472815108946 0.0
177.6933711955836 40.11902599455437 0.0
157.06615483985286 33.055924478451985 0.0
96.61504973869239 144.97572408666625 0.0
38.032554634472035 49.72805994072036 0.0
93.70801157766464 88.97291369910654 0.0
103.47071161272017 120.27574817668363 0.0
120.26536032917407 13.72335774588449 0.0
97.17722674835467 189.1832221230749 0.0
83.30500126922837 176.44549046582975 0.0
95.4375514411341 36.48397568651796 0.0
65.7403863847774 92.42805099021322 0.0
62.73798115366911 37.65216470720654 0.0
124.45285213296873 185.39053851692387 0.0
149.92086990767592 134.823093168639 0.0
80.35866781590104 103.63139562215027 0.0
116.55196221451851 33.1916129006359 0.0
7.7278208244671465 142.08227046546023 0.0
193.05763883906425 184.28897975045442 0.0
154.4256895105896 73.86336083344463 0.0
63.22903199335575 146.9400611742545 0.0
180.4127881489112 139.66139615677758 0.0
43.97898477629414 27.054521506300368 0.0
88.75193486422943 169.22826484540693 0.0
166.77689369183977 89.00711084848194 0.0
41.53603357389295 16.525075650304878 0.0
123.97557593069592 104.21369000659975 0.0
2.5640123702674655 78.51273371391099 0.0
133.28330471813956 156.61133089746383 0.0
29.256235562463484 37.31693077428222 0.0
94.92325608915526 60.102238683199595 0.0
48.215049217975036 116.47184990640942 0.0
168.56168974202905 59.6228849980325 0.0
91.99988310429865 74.17343148205602 0.0
80.87518255818745 85.35134087640984 0.0
49.10071050111109 69.94981917309751 0.0
89.6663843779059 108.66721627892684 0.0
184.75741569810705 35.88285477439421 0.0
176.72672598161725 108.83038390572975 0.0
27.1869977503713 59.491335967806336 0.0
119.18372299953023 0.9460104452512441 0.0
81.94426971255497 142.61312496591682 0.0
197.85935782911886 198.63515809316544 0.0
36.55612429871662 139.09989994483746 0.0
41.20532202602094 88.93168254007074 0.0
48.23313794802675 93.86472262927472 0.0
74.66981170257331 182.2777102154215 0.0
169.37670910931928 6.799402368119178 0.0
47.88966936489436 67.09165719195387 0.0
158.76365757939735 27.3049456631979 0.0
145.89073978714964 146.23411670514702 0.0
50.704534421154925 48.65514704204526 0.0
55.51838774295981 61.798706981870176 0.0
110.135802009698 16.139788794200594 0.0
54.6091163213964 125.0064118048486 0.0
188.5201282134889 188.9106111893317 0.0
118.95337350793997 159.58352490093824 0.0
13.59320522589651 102.67964300167796 0.0
0.8886526266174588 139.85492748376694 0.0
195.40938853207905 68.8961719800131 0.0
23.40104005083168 58.88588642951416 0.0
111.80268077562776 115.7551065081554 0.0
154.90247109947015 197.35728181144526 0.0
148.29355389171016 127.36606688401069 0.0
182.38997024988737 180.46054293644627 0.0
10.636177367141354 169.6391520377931 0.0
84.4822654551565 107.95030091049216 0.0
2.6147233868379027 4.919806100813973 0.0
20.86816983332973 21.594212359798416 0.0
67.36143172118577 192.13186300875245 0.0
100.9902378385134 34.61107392936553 0.0
27.383199432518612 145.16432759044895 0.0
72.32622755179577 189.28979545682233 0.0
26.64756216721196 79.46406233868075 0.0
77.42001475839866 131.83344850942055 0.0
77.49289402030541 115.27312040985586 0.0
68.85258150820364 197.57416421297225 0.0
45.79185616203538 125.67598245392846 0.0
142.63285183418768 85.05614681553891 0.0
169.71105203977802 18.59856068524992 0.0
153.0271751842966 164.08572073320005 0.0
100.57399075299074 24.127346375354897 0.0
105.6352920568749 10.698828976093044 0.0
78.74853106027055 21.993735098419243 0.0
190.55973976446043 191.09799720940123 0.0
13.143943634067035 188.79498015912995 0.0
113.80463374719503 26.962309333535185 0.0
119.81692241590267 70.49996194486346 0.0
12.578955003629932 66.13554446108263 0.0
193.34985616879908 193.01432507527193 0.0
98.9683565219802 55.54915847405013 0.0
134.07871871580807 112.05632189462982 0.0
66.47874163115868 167.3383364297548 0.0
34.91209559758972 173.32103089709017 0.0
15.243824198265465 64.46098733464494 0.0
143.39679921162082 4.8873891422405835 0.0
4.2279360473511 108.73098133748675 0.0
157.8497226689432 96.04888394533108 0.0
122.5444978829773 12.02864784623008 0.0
190.7894873179448 130.22541994227257 0.0
187.04956603186028 110.55296540001034 0.0
138.56568790820543 34.340345137511605 0.0
19.658887280634563 2.3315674349114524 0.0
132.9974174451964 183.02329501522652 0.0
135.37606911773418 129.80616169028337 0.0
18.99695233247907 53.225941255426434 0.0
180.8084958186382 12.162521875505172 0.0
1.5684788515909487 63.31442960688014 0.0
2.986554631139926 36.175903058588446 0.0
136.23580665147722 150.42874742840954 0.0
199.59105765803668 199.69404742821695 0.0
198.86708112424338 40.87588063053711 0.0
4.232518105774452 168.48182041263786 0.0
64.02861903565413 150.5501906342915 0.0
194.2152491736537 55.00276844029215 0.0
45.41394492116051 15.850940671287695 0.0
173.25814632489406 56.814716951555866 0.0
107.5582869814933 100.29352099410997 0.0
77.9331506197234 102.60789349764252 0.0
44.962765402107664 147.98748553459643 0.0
84.12150100056523 145.51574075196905 0.0
42.91663080587149 162.38104506194745 0.0
48.57674040269973 116.18011607512003 0.0
83.71991174699198 177.14823249799784 0.0
10.72285494363674 2.1540860669408968 0.0
42.67296406624397 55.82152302025054 0.0
101.10460081983683 55.57717724079241 0.0
30.113428233358274 7.749272805763763 0.0
55.44639869857724 147.6594574237756 0.0
178.94513059263406 140.1838701756049 0.0
17.065178779968736 186.36233083323938 0.0
51.51765077336816 179.78306387752872 0.0
25.421539342614196 92.76561777850962 0.0
145.37920319503644 91.53349761009379 0.0
134.88275503311112 91.96196717710785 0.0
14.339595603381316 99.08211811086738 0.0
85.31014204365357 15.921169876497853 0.0
89.44414416303044 167.687460695421 0.0
54.872443073570864 138.61867002861555 0.0
183.87340869453567 149.47970934937763 0.0
65.52584517933214 167.82390846819015 0.0
96.44765689388377 110.44471009179158 0.0
82.89043531818025 3.2959136424100866 0.0
90.32918605940586 59.52376982126941 0.0
154.79179812156596 137.73494766380122 0.0
116.67946469094932 182.44773761836822 0.0
66.52574470865127 124.69067018112403 0.0
77.44230898187277 146.40025540664584 0.0
155.94297484068892 166.72886421842222 0.0
177.0882922622353 86.331752174872 0.0
127.73972341465966 187.51018055263265 0.0
100.06960881563236 109.72226677741797 0.0
133.87943478528635 143.0361638492888 0.0
168.89879341153232 163.8177570773 0.0
45.85955761282303 0.1691395248458738 0.0
187.17861117672066 97.84111039072414 0.0
134.57664991914712 164.63425326222594 0.0
152.5746512781452 122.4056773983737 0.0
94.83202746876258 176.06352585129886 0.0
36.63607433770319 19.335594330375883 0.0
104.05924999992924 4.2431996570097885 0.0
171.53414081121326 187.32388930418045 0.0
188.64378941194167 78.5773863719015 0.0
58.20212678320231 122.33579811149747 0.0
186.2443690559562 61.882536384589116 0.0
16.024372384085915 26.39130742820315 0.0
38.8143699926907 139.9787079645634 0.0
31.136184461739912 114.33757717021076 0.0
28.56090789283561 40.14535331253908 0.0
28.560468981834685 45.44832713990379 0.0
77.86820738726618 114.36076230797715 0.0
192.8209541836851 145.16400092039717 0.0
174.2508821752719 27.345917160644895 0.0
92.33595994236128 102.01286864613914 0.0
152.6919253700047 74.78509458417903 0.0
24.810752874116005 25.73005811507778 0.0
70.25917538611426 123.69706781356878 0.0
194.01057364872534 134.81777656920715 0.0
41.683108763194184 14.782384618977296 0.0
52.710402936785904 105.26681796363097 0.0
69.61792134230681 195.6736671649359 0.0
2.281785168841677 56.885802568292235 0.0
99.59684117964605 164.36754679407932 0.0
26.290908106028855 79.66129580577 0.0
57.23175957386051 193.71833308874818 0.0
153.64623716517687 109.798441039386 0.0
183.99624575638342 180.7251437470472 0.0
96.2482281573234 53.568326532440636 0.0
177.970204636791 118.44568293839718 0.0
186.75739454094384 126.81487973312164 0.0
67.21327628338436 23.721550228370482 0.0
54.011385165555836 28.95062749933601 0.0
195.97343376090325 170.50140410580363 0.0
116.7856211808818 2.49724740874806 0.0
187.72600687637618 176.39995852306316 0.0
151.006072160206 42.703352633072925 0.0
64.07765492721227 69.23230600549728 0.0
91.18696921766242 116.49854106308727 0.0
44.85869590982543 120.61458879038408 0.0
63.780144387992976 26.019368649558515 0.0
132.26639702878393 175.3237231702292 0.0
18.28688855351941 109.16930905445695 0.0
190.71082616552033 27.960283645938098 0.0
21.397156581622422 108.1514969700628 0.0
74.05389762083054 102.56038060956219 0.0
110.08513961756161 56.63950097260766 0.0
23.221422244864232 76.15377136360364 0.0
161.50418488414235 137.22797758650017 0.0
59.70688670047717 153.867119430238 0.0
130.68813645987635 143.03163359034667 0.0
34.274866571786376 51.022847057001265 0.0
31.48026521067031 40.77742677364176 0.0
155.21099119586594 166.78557747848964 0.0
191.774989751838 177.4615749694211 0.0
16.75444499893084 144.2597010836522 0.0
1.0716166615407419 98.6194718840715 0.0
175.8880302928076 3.5432393943747087 0.0
186.50349914547058 153.48313330923526 0.0
184.44994318181008 107.09466340305167 0.0
2.919932594804231 50.77741409976235 0.0
73.57041584783481 170.87094636794998 0.0
3.262312407215018 98.63279582434261 0.0
8.725451717894185 170.046615483547 0.0
67.39000184944257 13.069065123182666 0.0
186.23896526876965 104.72524571469192 0.0
110.675558893478 111.73079380847403 0.0
25.853696744973465 188.90628633518182 0.0
168.10289355339924 23.03210421146065 0.0
129.0303098192209 105.07174059544143 0.0
155.26614051064348 135.59474827395974 0.0
118.92313893238477 127.10875429885374 0.0
144.58093671535107 88.84010004640075 0.0
155.5202012577758 155.88574996281974 0.0
63.18399219727111 62.82218706324765 0.0
28.22402195887228 34.65130411372086 0.0
118.41080701047508 63.86556321538946 0.0
68.18895192236542 115.52648227276103 0.0
187.40551444267254 22.298162489401776 0.0
94.01975497170396 133.71298920541176 0.0
69.3308759632135 119.54617826633292 0.0
6.975229214182077 12.641004730902772 0.0
91.81045560691928 144.08417844589644 0.0
85.60972220396408 71.13209193034136 0.0
87.64918709135594 39.21054683899297 0.0
94.8245066468535 32.754260786310915 0.0
13.542486789607766 150.34477078153128 0.0
20.589908714990933 47.89771399951326 0.0
69.39820080339646 5.519607227141066 0.0
169.1383760239743 30.701344626591464 0.0
95.05972168046226 169.96788282555784 0.0
128.21746672331864 185.81181945721445 0.0
70.63263238034871 4.180057403548809 0.0
78.03099757872612 54.058325620000524 0.0
127.28140476759073 24.535384329190222 0.0
160.7856010662797 141.4779311455437 0.0
187.2765829485062 16.586010937227403 0.0
70.29892691135711 12.727868711507352 0.0
195.23708441146758 83.29990402079765 0.0
106.91492060736847 27.77270319239975 0.0
76.92626542258887 24.0450921355291 0.0
58.010561285581794 79.83587070273279 0.0
67.62442412500143 34.824268906654886 0.0
10.667543228439413 152.9566851928118 0.0
89.01452979611146 96.24528179690954 0.0
180.62148137257486 59.09538971515607 0.0
21.681999860199852 172.93979949070211 0.0
50.390218947013345 137.5804931706578 0.0
19.743443564814832 86.61871543661573 0.0
149.52191461234256 3.794113098486318 0.0
44.783264953995406 44.67970487135886 0.0
81.19269174054031 19.34264189589239 0.0
158.1912255373115 107.25871407866003 0.0
101.9225679689388 22.56161277138544 0.0
4.157966458751816 157.84380155686955 0.0
94.96759293009893 6.0552551344455585 0.0
139.99970686240013 6.04630163040909 0.0
142.98510542314202 57.07261984539396 0.0
26.1472496443115 95.85086403221801 0.0
101.85805243270929 186.87399036230093 0.0
175.04863093824503 118.64241591745825 0.0
5.103492647085717 66.84259285122019 0.0
176.3986911837353 37.53478770572123 0.0
187.0793311655528 161.94833342615385 0.0
65.52300030554625 18.002110608487687 0.0
103.24248569457436 106.27183973045045 0.0
182.40754996366 129.54088269915266 0.0
147.00072200603685 0.6485654094869453 0.0
80.7797777195479 34.06697149904838 0.0
115.23946976030098 29.09439787638375 0.0
189.8104506994502 8.978492520550297 0.0
158.39392573344946 188.52563914285048 0.0
5.420106289643045 166.2920279926967 0.0
65.97596209460079 5.3879517585575964 0.0
193.83772522107773 23.98622181088925 0.0
184.75420747067082 73.16022142358518 0.0
126.97338121339668 61.663345995522704 0.0
144.32496873567976 86.30106543035816 0.0
37.3307562500069 149.86599849621217 0.0
73.60052366040988 169.05712795296196 0.0
179.59936630595118 180.8626381967874 0.0
131.78047785351407 101.65390961650205 0.0
116.7304635963996 48.442259006746056 0.0
148.66094744617396 131.74145622980842 0.0
110.21464761850095 125.23504963950785 0.0
171.67533450165578 25.568800912917624 0.0
187.44324928471357 168.302438681231 0.0
150.84956610116262 61.21256741267405 0.0
183.44963075784545 147.2164739252147 0.0
57.8937393380055 195.28676408825163 0.0
109.99062945385782 33.575123073214996 0.0
31.941135161926493 44.91229838552666 0.0
191.84236973035914 116.87653858521188 0.0
71.98463846252925 18.326388825929783 0.0
28.348823346378936 118.90197522231496 0.0
154.84974486636844 100.3635237465931 0.0
187.67545925436113 67.23357770965957 0.0
47.58221862077352 53.14122020820295 0.0
121.88450488110097 158.25981397870746 0.0
104.4177463000251 127.63542362336244 0.0
2.86224707178524 90.99786894760965 0.0
191.03980621359483 198.43191404797233 0.0
122.29303629752411 185.2890135781458 0.0
162.6211585775352 131.79162918742972 0.0
73.28859075255234 11.39926670479976 0.0
37.18337393114493 176.26946044481892 0.0
36.945331251876446 52.78451759938068 0.0
152.09785661729725 25.477540677436927 0.0
134.0164706568416 99.75562935174057 0.0
169.09095196141106 144.1856723983592 0.0
170.0497398688137 29.005686675112674 0.0
1.904738484480606 171.8030747404079 0.0
1.7556254341346555 162.43816779855442 0.0
180.80414312100527 121.38720858268206 0.0
183.03505395482932 118.46123583545057 0.0
39.41017633074144 77.67701520032895 0.0
111.00955003643547 169.8900610950354 0.0
11.878028427688347 164.24938522951763 0.0
185.56098762446697 4.825556850926649 0.0
62.227930534297805 97.749359664838 0.0
120.30200623326195 50.354506645524744 0.0
32.675690774528874 76.24603281284746 0.0
98.5623492645712 163.6425994976558 0.0
94.09885938092148 59.11773922132677 0.0
154.89039603662536 120.96850748370336 0.0
109.3136447152997 87.47162119016856 0.0
180.73315428942357 142.47360860180544 0.0
178.62660537961733 166.9543081036669 0.0
102.37219123696153 78.8786401928183 0.0
127.16436872857292 188.91192528439828 0.0
59.85690504281331 56.144984663279594 0.0
14.773547340179904 1.2092625372508659 0.0
27.590654719287745 125.03503588098697 0.0
101.82221455907121 56.61948625407054 0.0
60.38935137488277 194.75245017684188 0.0
88.02324549999783 64.54729772670848 0.0
23.246149578562083 43.31983418837297 0.0
56.43897494035512 150.95010298290765 0.0
68.69991205619644 92.07785352557438 0.0
1.1156643569477653 191.67318454573055 0.0
62.61927319363541 107.66636806785192 0.0
94.33529638055317 26.01658648467655 0.0
27.378057145829814 52.07479107478139 0.0
158.2613602626128 180.2027912846381 0.0
70.81203032238585 139.8253080235223 0.0
145.79423768672427 134.51608208987096 0.0
0.010859788132489001 181.07934506856333 0.0
6.740970586731354 53.23575734710337 0.0
80.913346452419 90.43403695972478 0.0
117.94321008339053 63.087175618851646 0.0
197.83801010438094 23.402161170538083 0.0
89.79616617513739 13.786059315041467 0.0
191.49513696004038 166.04550071620253 0.0
26.630538506069577 183.35299453066986 0.0
9.690522005717629 147.9581289782641 0.0
14.718369639427543 1.226770150394496 0.0
91.84519009851537 174.7727801100918 0.0
139.20289929685424 153.80664095161256 0.0
126.61935853836664 83.58989382319074 0.0
90.04150103839568 9.90519681853106 0.0
171.3431255619229 13.205619129562308 0.0
7.08990815553876 157.69513330002337 0.0
102.62026172181822 50.74149447812852 0.0
35.74493875052922 180.08469263163417 0.0
79.38566429387681 67.25521321432599 0.0
117.1020465181144 12.058156158535027 0.0
142.86104080317935 187.1383267718593 0.0
20.373015212136814 121.36937877063274 0.0
52.267463836840044 149.58341627191075 0.0
140.34826429112698 133.0777966003833 0.0
160.8175169715314 15.1297024009041 0.0
128.9772397907495 178.7680250904495 0.0
173.42376830235077 46.2727284794467 0.0
7.679421781744855 192.89563665639577 0.0
195.72444253048496 148.350281914223 0.0
15.787569958481718 1.553349999095044 0.0
183.44113470846636 195.39321904951365 0.0
90.5638953409847 153.05332499502944 0.0
131.74758214196075 85.35657218471148 0.0
145.51887088092943 25.072952262477788 0.0
106.24245645253802 70.12267001387464 0.0
16.301514030292253 9.712939387520825 0.0
110.28327264926953 187.8947896950084 0.0
77.2189397205886 125.66818965975561 0.0
7.852585898757014 89.07622186351472 0.0
96.48218908182838 35.81342843341297 0.0
76.7916297210113 191.4563321055442 0.0
94.56425116164857 158.8571949893575 0.0
54.150727674753554 126.50171322149397 0.0
197.5953691899865 155.3192757354011 0.0
153.5697282546791 45.77705959456513 0.0
136.50971253829235 140.93830411736573 0.0
84.01594488982451 144.9970117783117 0.0
132.69663721089253 134.71775099468292 0.0
179.87096799485505 132.93671933514509 0.0
32.19868491113837 84.17015660384422 0.0
164.2719483789548 123.40554803780022 0.0
103.03771392774759 126.92092250819462 0.0
10.776866368265626 160.71469224717893 0.0
94.03947949780162 145.68468548427538 0.0
42.83746797184102 102.54635059336084 0.0
168.5660518384301 152.72868974067367 0.0
16.227563006273193 78.85832833414372 0.0
172.85464987720164 0.28929101436165894 0.0
66.48843996607584 21.434772130819347 0.0
176.2003278365854 155.00915201396072 0.0
71.61725262509695 15.920158521098028 0.0
129.0092461602278 197.31440452454083 0.0
179.63824870894018 66.6502182887583 0.0
24.788066916450724 110.75244532661175 0.0
181.3608083825984 84.32018224848099 0.0
123.42435303650569 111.66272974189143 0.0
70.54230564079378 107.50707006271955 0.0
195.65163275695434 136.1544244409937 0.0
126.83785857552449 151.28951426783266 0.0
182.3821181230101 149.21637219612506 0.0
181.33316347137665 39.685089532392496 0.0
127.62886350893639 169.88634460267642 0.0
180.120538562908 123.35161522597112 0.0
140.02852546904293 116.75816045861988 0.0
148.29249801584277 109.97558155456831 0.0
65.51456926952017 69.70682913221088 0.0
174.89120015102796 141.99737905293526 0.0
112.48021154040508 116.56333853875279 0.0
88.76609426707861 144.79945963994402 0.0
60.809168077366074 7.5724039139765775 0.0
75.9562988355136 138.2103300524351 0.0
107.4414786995006 175.81795851845916 0.0
1.1281826421726704 55.15360637573028 0.0
53.68069926457806 98.40277326347926 0.0
38.76273070518204 43.498144595589736 0.0
23.237846717569187 71.02014231846499 0.0
194.20136181736802 40.64164233947576 0.0
15.046468647253185 47.65715545068492 0.0
0.32286175493425606 5.08678160913314 0.0
141.17237929217245 57.520552107932254 0.0
112.53827974577896 165.24548045501714 0.0
177.6805718410252 52.87791047529957 0.0
92.95448713962952 2.933462090842287 0.0
65.110951762544 64.35821589922158 0.0
173.97144487277026 27.49379314701279 0.0
35.25353081208227 44.35768151403332 0.0
22.242000369165837 116.21474161023244 0.0
112.20283557672734 164.5480612505575 0.0
85.83731083107342 97.68374987345906 0.0
38.21033614361038 0.08634671075118394 0.0
0.6249757040150072 136.94594433948023 0.0
8.642746331602602 180.9763289502745 0.0
156.28094553577841 144.81219262578318 0.0
165.39310479616807 120.13397143711062 0.0
78.02048994504058 78.38816531971648 0.0
194.38066686473297 138.06016745136517 0.0
167.04749501649982 25.872566742776005 0.0
0.31460262857661014 95.62607408586581 0.0
160.88532280185365 175.89915272101692 0.0
90.68566225458889 119.3276082422146 0.0
24.16676035743692 160.1737850587714 0.0
190.9889293746821 157.4674387378057 0.0
61.1244022666698 27.88426935065207 0.0
134.4699579749466 141.0742452739845 0.0
52.93704294833024 61.337359123613155 0.0
22.225545307116512 39.97065812440397 0.0
166.25165652966442 174.50380791502138 0.0
33.279517431527594 102.25277541716333 0.0
53.614574926917655 149.6289591235388 0.0
79.292962615388 44.545775827714195 0.0
172.2095926691897 61.79289356250399 0.0
144.85737373539902 120.75173349855926 0.0
84.21477197227965 117.28073475040486 0.0
31.858279239310793 38.60717388668593 0.0
170.25376812319905 188.85026162369584 0.0
135.18595343131753 16.219637005780264 0.0
186.8315403930574 169.46057801989255 0.0
17.108870734525382 74.85399875551273 0.0
29.308494546751685 85.75208894196915 0.0
118.91468428843932 149.59077119246638 0.0
123.88091590306904 113.54463793437704 0.0
150.96245218378928 166.08039844305762 0.0
65.19997135438128 19.847224825353038 0.0
136.0790756977474 79.4688818253827 0.0
40.6752436765657 119.34927246144711 0.0
146.27176165579624 0.6717609609554476 0.0
38.17310957604809 178.08996275976793 0.0
69.0175742144311 145.52506144093402 0.0
20.734208368091167 22.978758154571555 0.0
66.93012639903637 33.943258201875516 0.0
170.0982895190573 123.0667242465866 0.0
153.39241408200772 139.0660203562882 0.0
150.2389013374453 96.9449533177117 0.0
96.78416774280272 40.476925608679615 0.0
122.77431137454671 170.37277653304506 0.0
87.2207131223574 70.92901191139146 0.0
158.03521439320488 59.215185866544616 0.0
52.25986863995451 62.61350874026868 0.0
128.73380759290174 184.99534218743113 0.0
191.8220830022925 96.85968812368166 0.0
147.59282031099266 143.84461990262523 0.0
17.608291115980922 140.25537116984648 0.0
115.95732103240293 144.35928934279906 0.0
128.58900873118097 110.52910605795086 0.0
187.32592066147095 105.84933192001617 0.0
131.67713924676877 57.1366754498841 0.0
117.90233707697443 65.69166668382242 0.0
125.48619338455585 164.3461298007245 0.0
175.68211508156602 82.97638195315258 0.0
5.114492182521824 188.7170734649847 0.0
110.25350800000953 145.36135395692088 0.0
117.1851929436871 128.22152433753078 0.0
47.405544211694185 87.02707035233522 0.0
96.91087452802827 186.8552445668027 0.0
65.80031157654109 7.85003098351138 0.0
52.74053873616455 46.43993406836338 0.0
37.38063808075296 147.38972957061242 0.0
29.18599902753689 86.41839115234666 0.0
68.84839563177889 12.010770229190326 0.0
74.71361127270721 102.79603480913049 0.0
168.46263259246172 179.43815671182514 0.0
69.12635929525193 68.98410011527751 0.0
180.57090566257787 12.27046931974276 0.0
123.65052107977614 154.1510713859027 0.0
179.70120526632456 100.45209731833691 0.0
56.97994048448087 168.79065747978981 0.0
196.70592652045352 22.432370442255902 0.0
171.82026181332256 42.56610394242366 0.0
161.36338245598722 165.71588465810635 0.0
109.01434931608374 56.092223156571364 0.0
89.00645599211394 79.73494411699433 0.0
140.11932121779074 146.1681080124707 0.0
13.162040886053884 147.45161071695387 0.0
74.34453450171034 83.07498144263523 0.0
171.8489801713646 56.82336490680453 0.0
2.0491061127901444 78.90528276996751 0.0
92.09621980512937 29.24298530974405 0.0
174.53641537375086 27.490619070223254 0.0
85.40707888916728 19.28981929680289 0.0
28.672314817492996 99.34773486017832 0.0
66.30949060023062 138.60615669832293 0.0
104.89260912899631 19.16331348179996 0.0
136.79614450675476 176.4389463268051 0.0
178.45461170505516 38.68984007082119 0.0
41.37264040346742 90.36379765142802 0.0
126.3265640671212 184.52651310087893 0.0
190.59559316475102 122.9345811737931 0.0
85.8977626290902 8.110511341190762 0.0
75.39695676927232 163.47863347686197 0.0
126.73131754319125 194.34576231115787 0.0
150.15473076935206 118.9841305790839 0.0
152.87055462205683 195.64762917452853 0.0
49.384276075763786 184.00268168847757 0.0
80.7491010786896 149.78378883871122 0.0
121.08861853584739 6.71679651109629 0.0
96.54371672211775 112.74286444184705 0.0
109.22013786281882 36.798506498134344 0.0
186.8481320496701 91.9641554235487 0.0
198.37004821647227 10.4118532787415 0.0
157.8350684707821 100.6132047767423 0.0
145.71623607264561 178.68864901669832 0.0
10.612729459912295 70.18967112354657 0.0
68.42401802647092 118.2333479682945 0.0
24.271203834973388 156.6053415337113 0.0
29.108448310671697 175.68957658738069 0.0
13.153088747338405 153.97186264694443 0.0
67.63090135174714 193.12731169959835 0.0
171.1719266650221 190.6892329798572 0.0
164.4166773059051 136.9863046849054 0.0
93.54092912748888 24.027684665136118 0.0
188.64450404677083 10.537900748290152 0.0
175.06365752537343 72.24710947097542 0.0
184.07274843568152 168.30403033345382 0.0
24.17726348569822 27.399845497870512 0.0
175.93137972993557 70.59856546071414 0.0
3.22812784728963 77.31408578017557 0.0
44.222646667786634 17.332976670476107 0.0
107.99855647583145 31.856821324345972 0.0
101.93754375073871 82.45462279484283 0.0
133.29256484906043 196.4267223259546 0.0
41.10928761103481 133.86270565293052 0.0
36.427504445946 64.72898746637803 0.0
65.28887625982503 68.37337958770351 0.0
6.767648900329681 13.235731760314007 0.0
113.94214328019618 17.282147706872575 0.0
176.9747073190878 171.33698907095672 0.0
102.43150555799365 85.2981481099607 0.0
170.43942740454236 114.03909666791512 0.0
50.65990683554056 174.10163064892927 0.0
169.39743177691497 178.1686530785025 0.0
54.1183295348745 11.502323359893252 0.0
109.52153691157788 38.39185891185812 0.0
62.992470709290636 58.15309856605146 0.0
159.3218237912097 95.96070238493648 0.0
178.14804236929587 95.99981746381714 0.0
26.47389816306407 30.948794223014264 0.0
47.22850221703246 16.12481937335688 0.0
48.23466703295918 147.8414921274871 0.0
149.76277214798574 18.368108552043783 0.0
69.39417766790913 104.69626684116852 0.0
97.09479718906071 111.08682091028925 0.0
188.7510764965043 57.691024532000924 0.0
141.11074276822762 56.64012050127045 0.0
163.88823862507473 175.72949419617876 0.0
85.15372999237714 146.66328425944798 0.0
4.064308805056616 83.87451738597606 0.0
121.18007025146187 10.921195382840999 0.0
52.32585839985011 79.73146726357687 0.0
179.12499984982918 64.50817140121679 0.0
60.48394293451456 133.50574532218252 0.0
167.61002189683506 180.38743908276672 0.0
194.38795772239203 130.30976701363107 0.0
9.537957554436893 137.7403263193591 0.0
171.96869477826647 142.39641556604352 0.0
31.78596612086142 141.32163487772002 0.0
32.81156368049454 129.34757474235872 0.0
55.12073781736839 32.99429239803728 0.0
165.56009693816975 155.84783756477668 0.0
48.62425647557953 123.8430128834715 0.0
178.23877402709448 189.52506752967676 0.0
62.33246793656762 63.743089695771985 0.0
186.62335633822502 195.44111387879906 0.0
132.45332686520132 34.987149136137184 0.0
117.07602087039905 179.16745041958012 0.0
165.44477951461062 7.5492530513278755 0.0
72.80151226765864 46.982128144671506 0.0
50.3971922798041 25.792155562836626 0.0
96.2697597061106 49.57597600995904 0.0
23.57891030407091 109.90030457158369 0.0
175.5892923865505 154.75757984182866 0.0
14.667675279429758 150.04751357828297 0.0
88.90500255903957 154.99804360452157 0.0
141.10459161653245 147.2849689069537 0.0
58.432808672231 57.25825673575113 0.0
85.17156297795528 112.3617259749504 0.0
194.53277499998177 125.39273606501268 0.0
187.80702476480724 72.16635403825092 0.0
150.2614118634286 49.52590648853488 0.0
123.83894770487312 153.2051055706696 0.0
78.13288153248025 102.14804297838836 0.0
185.22816134600643 12.508359786958746 0.0
83.35788661352785 7.279840194986109 0.0
92.07901122864214 168.58385292955495 0.0
101.61814107173406 196.9059598940151 0.0
75.58856848327966 48.51154720361475 0.0
94.47331038026792 157.97961592415112 0.0
132.76951615056 12.001790793946121 0.0
51.7864129352811 83.65175247868824 0.0
39.69608042282644 39.2147533980147 0.0
118.09277465451764 33.97994545522289 0.0
128.18621219875405 176.36590009268627 0.0
18.6265735776016 84.22366028115856 0.0
180.2475429359687 21.618647713037873 0.0
50.758230460697604 92.93421848133285 0.0
75.27845828414455 103.49199685121437 0.0
27.884801741172293 157.39921123478638 0.0
36.92987129439731 154.98754211800787 0.0
115.35473570763865 140.6027442568026 0.0
69.69727251832549 18.866702319374397 0.0
81.79733374623336 51.71449758593572 0.0
49.72664929222803 32.985656193738166 0.0
104.26630820791907 141.22204982706754 0.0
139.9820678418491 39.322065013927364 0.0
111.89598549703838 132.17257096568216 0.0
136.8365779998302 36.30410041134513 0.0
130.3076544938892 50.59147935811084 0.0
23.31236145878193 151.27900338294734 0.0
197.79267892277036 40.99727600000822 0.0
3.6099704306252978 48.43485109266699 0.0
164.33806020481217 157.03330406451687 0.0
24.230627809167405 107.21584285246838 0.0
55.849199395437196 2.5887263696600993 0.0
48.909578454076865 107.24793158054014 0.0
88.4636153157821 65.38263642681501 0.0
147.74262946886202 138.01821580034328 0.0
51.63850975978064 32.83669950147179 0.0
185.30195856688195 15.028068536422513 0.0
43.73411213691205 109.16336564780337 0.0
148.20142700081922 28.866540103152328 0.0
40.10375662042822 162.94819403546586 0.0
139.485682227095 179.62708706744743 0.0
101.24078190287294 26.106394627478082 0.0
185.3813261513656 156.3173671528652 0.0
187.32132283352925 37.94537409547245 0.0
49.362607794006784 9.388240584707951 0.0
135.5211944702306 182.16638497544506 0.0
29.148027490536734 134.23480753851342 0.0
177.7741140021681 99.99022348373047 0.0
24.1584497430525 34.49881211054473 0.0
29.17751227463603 79.19330971194954 0.0
4.131205597578713 166.2283237994602 0.0
61.04135990710602 16.69205187082572 0.0
183.99893521426085 177.42716058489586 0.0
187.61437985194863 131.41505742930292 0.0
115.80578438079898 52.253099935641266 0.0
41.81115890528018 64.55420739386824 0.0
145.3477731327054 45.10046991232737 0.0
192.80270415034047 145.8872609049722 0.0
49.38816096484639 47.02926963078291 0.0
167.1220417572625 27.716154125541603 0.0
168.7126738054063 165.4795337422273 0.0
74.97555180316564 192.06672953867897 0.0
182.95360450146902 17.936256087338798 0.0
114.73976950506221 22.14727031704198 0.0
35.02571128836864 141.18668620228664 0.0
131.16242305998986 195.66462731233366 0.0
6.1811166095000925 0.03842049253208746 0.0
136.57564335159051 105.44849160486893 0.0
167.10422917530275 142.8432607515817 0.0
69.46816579846853 41.935690708534004 0.0
186.13197234954043 95.89835695086384 0.0
61.05259629746796 182.4181684955312 0.0
162.59856869066743 14.77275740883901 0.0
108.00275504179724 23.559740045162393 0.0
171.46819118618447 117.83399364957118 0.0
108.32521782662266 166.53829361056785 0.0
154.83288083334241 115.72595896116573 0.0
107.36821481546765 118.27172650774634 0.0
76.51722091825121 20.275818720886395 0.0
122.26012891785581 7.537412871651328 0.0
67.94522247741703 67.2843179698583 0.0
65.60891521863401 31.396563866768812 0.0
36.58905571766158 19.880433780948216 0.0
73.08276479650698 45.186449123862936 0.0
82.73324735023277 32.59775832102425 0.0
154.53148131068733 188.44497077031536 0.0
75.95203996498424 151.0567282772422 0.0
134.59699015397624 199.48364955889514 0.0
79.61170222497982 198.11325039053315 0.0
126.30061374356849 112.926642634702 0.0
179.87360733449805 54.56087911453788 0.0
89.88365938353249 157.38500613567638 0.0
75.08798113345667 180.95031996230895 0.0
169.21700856658495 74.53692686940707 0.0
112.13224406969637 46.81646124061831 0.0
69.38447652470676 166.23627244332232 0.0
118.16202393221502 134.57982463750508 0.0
141.58367464414616 142.87328916651236 0.0
169.40684394569422 167.61589005304785 0.0
75.2773196187643 94.06293067425749 0.0
163.05673305154448 175.4621414822982 0.0
162.56685846492448 31.837814626434092 0.0
113.94980495422477 153.8594947193187 0.0
196.04936479604487 66.87431112856477 0.0
84.685264795977 3.3011309442797288 0.0
188.95787627297273 169.88200611817544 0.0
175.95001583617704 136.98840303848593 0.0
65.17414648545858 43.13810615869906 0.0
53.26134071355937 37.57005803808431 0.0
56.74206478942081 81.25011321506794 0.0
66.99209292817324 111.76753842674898 0.0
167.79895612215202 135.5815629320084 0.0
134.45890411013522 42.965718111060866 0.0
116.38108638029023 13.377210890866431 0.0
196.01800501732524 74.07497074984929 0.0
49.34867551049691 140.4755775486888 0.0
31.527313419484514 66.4470599483344 0.0
40.71490573729282 195.59838797703458 0.0
129.19742431892715 175.35385750974913 0.0
129.95238612365517 184.55795552110766 0.0
135.76838707474897 158.51451329492886 0.0
34.389606871927136 164.32514088644788 0.0
185.11299044505483 91.3832245590424 0.0
78.59900993929733 49.75206562246972 0.0
101.78150202280447 1.3863001432543376 0.0
123.71736599962313 39.84535793632573 0.0
106.66680312708769 53.02386606392897 0.0
150.92815470960647 185.83718638343115 0.0
13.882972610157719 16.72797411653171 0.0
55.87478934738333 89.90305981107589 0.0
1.1143171490789472 36.59558457699794 0.0
144.56250718199612 71.2267171103393 0.0
60.10607440468536 175.59139726100042 0.0
186.34588526807175 165.2141935810132 0.0
189.6319567451052 61.5419987865869 0.0
75.88794567855797 32.01059591707172 0.0
80.18779514052909 183.21949543503044 0.0
183.51590502677269 42.074700951931575 0.0
57.82465122972822 193.03925156267118 0.0
132.18768425822904 79.41809515403504 0.0
3.948726524296897 161.37294647368756 0.0
29.32233803364779 157.21710600742688 0.0
48.579586762957746 97.20477583059323 0.0
103.03665414236549 175.85729053269813 0.0
46.47221038232259 0.8350901628086937 0.0
44.86924373464953 70.07193401603338 0.0
188.67237452873215 46.56241661991485 0.0
144.86239737480912 189.68743840421328 0.0
176.4891156342308 6.751325959845533 0.0
119.9112640490483 37.59012460868456 0.0
190.53191383702875 123.4201636772502 0.0
182.57870670934037 48.880520237596414 0.0
24.374367023140064 109.45925024263043 0.0
175.11347323315684 136.78273748751607 0.0
20.570217483845312 18.816719974672935 0.0
102.19826732409429 53.72816938451126 0.0
46.161588676705925 163.46571408670357 0.0
135.99337478653862 20.1342048686046 0.0
75.48340784370752 74.69317093336763 0.0
138.33058949012965 158.75031219181744 0.0
9.982035583401473 107.22715319013557 0.0
147.45127231554187 39.0453647446678 0.0
157.93016145975682 66.94600204586092 0.0
110.47136411408984 83.96164467161245 0.0
121.33411496347593 6.389375416832954 0.0
7.795271816380889 120.46251873950564 0.0
92.99383891827901 77.01769544383197 0.0
11.989665882712197 165.65234384515304 0.0
153.58969595096232 53.14304879878395 0.0
51.167167624581225 31.848785893111796 0.0
76.83457330238032 49.68123207099138 0.0
105.71909867622207 106.83913944073366 0.0
0.1435140365241061 44.35120212810191 0.0
157.27544118080377 119.65400359981572 0.0
98.93752569946508 84.67461228885556 0.0
130.05921708128457 37.54306608575375 0.0
114.6118642171628 111.10491094386659 0.0
17.341656152302278 56.439385943623165 0.0
29.363600428730496 159.84177968943374 0.0
69.49343936995594 145.05012151083125 0.0
155.4868937729251 122.36348551496879 0.0
35.16648055014648 181.81322492578687 0.0
12.408856775539734 33.436125017647875 0.0
193.42973660147575 184.31108683120095 0.0
1.6526722253540571 35.33535895593245 0.0
92.22156722740067 72.33389400260653 0.0
58.07882794250219 123.24283427809719 0.0
117.27029980229678 28.636747834300415 0.0
155.16935982863563 115.25596078448142 0.0
55.67359939431156 25.536384294193894 0.0
172.78406894074027 10.176354786535002 0.0
89.61648627247088 70.84479271029136 0.0
197.73168344062407 197.21881131072792 0.0
158.2466774013997 193.23858668860225 0.0
20.66313370035946 64.00916724474793 0.0
159.5152365429751 135.0146028026775 0.0
17.207974069471543 12.716078953382448 0.0
28.829348956159407 149.2836768619258 0.0
156.93924202883983 138.8882016741978 0.0
127.65328836407026 9.006225226811782 0.0
170.66600623548425 53.54488504669397 0.0
2.732549921344707 126.87471362075699 0.0
124.71687990973311 136.29507187607166 0.0
35.40535391730224 157.89972158171253 0.0
0.29195453869130805 95.73555203992068 0.0
190.50460437858638 10.657832919580223 0.0
156.624598240732 83.10642303973248 0.0
195.6425791806576 28.51121587565175 0.0
168.60859581303973 156.1580781629239 0.0
34.209674784954956 18.71019117285815 0.0
72.71026095407646 22.410607400351413 0.0
19.207497833083444 5.141822479890146 0.0
129.39913931292708 104.46312237653635 0.0
130.07579749517015 59.58894633707344 0.0
15.994985266621775 64.73699001829452 0.0
140.96171667149676 126.71575487928062 0.0
100.74283864495912 3.013647080730797 0.0
146.41881848114934 199.59754512142283 0.0
117.0919847693978 197.3540593479098 0.0
199.31265966543393 125.46382434632066 0.0
156.56868295402535 97.46360521725224 0.0
115.74843157682082 125.42551986580838 0.0
29.296666882461174 99.2926759607261 0.0
73.12550480445408 197.3086188765628 0.0
103.13339409226963 30.63978794730131 0.0
29.962629609546166 137.3180947372606 0.0
125.55412832964434 59.750650481986376 0.0
29.926666195420193 164.10758492300855 0.0
56.83001088877104 102.38317632756453 0.0
117.53676925596137 57.9318032933225 0.0
198.7103390642424 147.53491108983792 0.0
89.3050136793009 137.91025607379518 0.0
89.73326489677125 48.006027904120295 0.0
31.61350782951695 92.03240067225195 0.0
156.45330582173708 29.197533592488224 0.0
155.4170974879979 47.385915285794326 0.0
159.2880361868432 58.02089114578814 0.0
27.899864991590718 122.19133653356448 0.0
52.35038503119398 83.5218661204423 0.0
122.5026223649059 36.57790054576036 0.0
188.5471278355086 11.797899335855977 0.0
61.27770782658859 175.63695130936827 0.0
44.388061593405425 110.01499015669258 0.0
7.316455060987859 196.14082418037063 0.0
13.364595523635092 147.8064817094563 0.0
180.0337796525728 47.4167766289544 0.0
122.42040349055081 179.06280507627298 0.0
12.383321713220653 137.21695890016318 0.0
162.9509141074874 43.09783600494519 0.0
46.61570958863186 115.02708906604961 0.0
95.93249234416983 21.403922783751717 0.0
73.98159077590347 168.10802354581045 0.0
90.19618032386083 24.684373232245747 0.0
63.820062155770316 29.665968431091706 0.0
183.52497581122654 4.578690912513883 0.0
98.76224585761972 83.89863503278004 0.0
118.16764988344868 185.47234620617442 0.0
35.31882667963047 19.266219864307722 0.0
195.52615369376912 194.00955352614912 0.0
142.90938900004832 29.187675854098384 0.0
19.187854307471476 27.403993347117517 0.0
139.43049666890676 188.46423660836956 0.0
151.13767659673775 46.369009671266916 0.0
37.74849647058849 144.0838034041332 0.0
192.89951380533304 4.465392905799792 0.0
45.04206294184308 50.66124169256088 0.0
21.520216855361475 132.8914129947264 0.0
15.708670747446218 153.62139667670988 0.0
59.72350793960894 88.21627715812508 0.0
48.5880900461833 177.33297199618522 0.0
140.22534404865644 140.28488022518297 0.0
140.5451688836754 110.75313828827167 0.0
136.1161933918216 128.49808070298545 0.0
160.9932250769392 99.74423547256855 0.0
72.3798232594352 46.89954428135812 0.0
195.7283898340605 153.0755169485865 0.0
108.03226352008286 31.976467938670528 0.0
123.48429800653366 48.22443331359223 0.0
184.02860565024267 21.808397455193273 0.0
134.9056709667918 183.4434945233091 0.0
68.99944349240603 31.17455573624497 0.0
181.17829855668938 164.1604048204202 0.0
3.0427667685311466 44.45698874450024 0.0
48.34203611068446 34.630570656837364 0.0
139.21122015711722 166.6531494012151 0.0
93.35251538649183 69.86281043999394 0.0
112.99863979874807 92.53823121408172 0.0
49.246249830241 128.19052933290723 0.0
132.04392874637378 154.99415280755673 0.0
109.30302576844882 131.46226917192732 0.0
171.43436490197848 195.74851044424477 0.0
133.8883277298891 87.67706010822953 0.0
184.40437918294236 65.24351400879267 0.0
88.69782003685893 199.99155968269147 0.0
93.89018083697036 103.0814646846218 0.0
119.41481724655907 16.377578629748356 0.0
117.31430385310951 76.46981505612709 0.0
195.3308070948402 65.81009388114028 0.0
95.13859506656517 161.31553687513875 0.0
13.268113470873866 199.71743768070786 0.0
143.13787369087007 39.09491650215815 0.0
43.182950991660405 111.52693503936378 0.0
129.0108077171946 52.35169150378694 0.0
18.1159739543882 42.49079227134691 0.0
185.85853016359587 12.6527519091304 0.0
23.69677740613978 98.57858858442992 0.0
118.22551516465285 87.05741583454744 0.0
26.197576019303902 101.07438303509777 0.0
130.8113963956072 2.6326485675775446 0.0
193.17054028090266 72.61783317465343 0.0
15.62645520275976 3.2733731431508817 0.0
106.99231778100086 120.7804939955279 0.0
170.27747776694616 169.06334276000717 0.0
149.17820250663027 22.869845517926322 0.0
188.23487172218896 65.63886176669185 0.0
142.1176274236568 38.505290850372376 0.0
61.345940555749266 29.493968917930435 0.0
174.92162073887104 180.61184035214896 0.0
