61.10149287020607 185.37902730016458 0.0
113.45828581312456 132.50172073542532 0.0
146.4883806313283 17.97954163411233 0.0
195.97609799342425 181.71006308277612 0.0
197.7934535402398 187.79878295123626 0.0
192.24980882026614 95.66698955269213 0.0
152.7069215351315 167.23125509066153 0.0
63.85735199449039 195.6129867111696 0.0
196.3600121777853 94.48713620878418 0.0
103.54977234788024 83.42011847262387 0.0
148.19570895330367 21.698701506886596 0.0
76.40827226627927 62.65919894787644 0.0
143.54646920692048 156.9600761550405 0.0
193.23568282293678 64.29674045576364 0.0
153.38194840326065 29.554393895938325 0.0
178.49305007351228 135.27957217553072 0.0
199.94773312224865 4.692902506126595 0.0
187.47505657001554 148.46067599076514 0.0
46.523868430323475 127.41073287896445 0.0
126.05059236349764 148.7647789835507 0.0
66.28964539266559 84.83444657344495 0.0
31.177765168179448 63.187798675006654 0.0
128.2891743194025 141.8567634597818 0.0
181.5353790448307 171.16936207784238 0.0
77.74983267795707 27.32415983520775 0.0
124.99572487274786 157.07309672909474 0.0
133.51364050473975 126.16339556778951 0.0
33.29633057112209 147.95455651502303 0.0
77.0993994669728 167.44326783598189 0.0
124.15122179029727 77.49209631190428 0.0
65.9211745304952 89.18829987057653 0.0
127.17488103306214 10.901151199745929 0.0
67.44663790049808 107.8312504620638 0.0
112.37509073446748 115.84793543738203 0.0
81.58649840538712 23.511795410862458 0.0
48.603559995547705 170.82358494156685 0.0
95.36405447652405 51.99891634602094 0.0
14.236005178229828 65.1353512173082 0.0
96.92182639777207 189.834924177948 0.0
43.48632447677976 63.61660722330116 0.0
65.17992765394031 91.3693100964721 0.0
159.1421364633312 84.35278429462387 0.0
46.968656802169036 64.67097999448232 0.0
16.141862349670987 69.16567960580242 0.0
35.2157035029317 77.87767391284373 0.0
160.2964083901314 114.29388852349327 0.0
169.77602245094147 8.361753883948197 0.0
192.59111005258828 172.65239576704715 0.0
196.75040318496778 164.16179019802482 0.0
121.88665452237998 39.24970191477271 0.0
142.64641137945796 160.4497469083958 0.0
87.47032360894276 187.78618699754017 0.0
186.49335686124715 143.37385669320065 0.0
37.79184323538895 39.152678986204 0.0
146.0306025806652 119.43755750752925 0.0
62.85082216301365 11.493541976093002 0.0
33.346469104924296 170.64523117860065 0.0
95.08569423342495 26.69390163076555 0.0
180.85269531261935 13.965761383901931 0.0
17.246759422796988 29.595973375318962 0.0
90.23730806423845 98.23523749757506 0.0
45.6188917979123 113.9446582116856 0.0
15.046548582702668 22.440471593815413 0.0
193.09211523295454 43.008051017980975 0.0
151.80423090245318 106.39529395181509 0.0
58.961193160296624 103.01367670511242 0.0
185.0849077819564 48.14187155670384 0.0
140.96818369249988 133.9866551573811 0.0
8.714800508823672 161.9796735443034 0.0
119.98459702802549 45.27127163440381 0.0
128.28244850430096 106.84495781643079 0.0
128.86279921412907 141.96278599420552 0.0
139.39877008149247 86.83402449747528 0.0
84.36892579179154 163.67159077925038 0.0
171.65399515256533 33.983715231822444 0.0
134.74254564739388 68.48711429545173 0.0
89.97686822478994 67.99303353886776 0.0
155.31099091284352 82.70429739951717 0.0
153.10918161899951 168.39003146532193 0.0
10.719203273670864 180.82058091564653 0.0
143.1666328496332 91.71839167417464 0.0
194.71863988421404 160.50688736806342 0.0
100.76476246835995 119.63854215465032 0.0
57.091701146865326 33.70122561563227 0.0
126.94652204915171 33.40833616150884 0.0
132.17090045826913 167.66888605534115 0.0
46.15587022344852 176.02870618577836 0.0
94.5447804139717 78.81859619249751 0.0
63.75961431322668 185.41005208642738 0.0
184.92549818268668 7.259203336187281 0.0
97.12744655270369 160.23531288290692 0.0
172.7856614214037 181.52685722116942 0.0
11.03808602093661 54.76613423583061 0.0
52.25498230877832 20.607881130797033 0.0
146.18708186496437 189.6587220238771 0.0
103.8999515336541 14.327968792752511 0.0
93.82974728215814 112.92638223947853 0.0
97.39272270321698 73.37348055785431 0.0
40.10054326506874 48.50603104612685 0.0
58.708040276597664 146.65611266466067 0.0
180.30787026091406 29.456193752228454 0.0
180.37001431720043 66.42736546354939 0.0
86.5112507073829 128.63449270335704 0.0
114.4032202221132 100.49464829077547 0.0
100.94557168020815 171.77275861027962 0.0
55.02553247260384 166.0861457957363 0.0
23.364872522444724 146.18833134442397 0.0
91.75280853854501 91.35683426120637 0.0
162.13602387407377 2.9403738688253522 0.0
93.4684306534479 98.22347649219945 0.0
26.920411912526674 91.06033322868534 0.0
70.14350911379516 24.161548446054315 0.0
155.03964730809935 59.5560632828884 0.0
151.27628978956477 100.79254836797227 0.0
184.12891535816797 116.20932477664671 0.0
18.752258883128636 163.5353273093726 0.0
110.43969453472455 41.75678686607023 0.0
36.70913770509867 179.29044729916689 0.0
105.16113131811227 123.86491864048261 0.0
32.12379081790242 148.07188169180478 0.0
100.38730250864778 197.37947922328536 0.0
97.2209220623093 159.69565411326536 0.0
1.8653619234101138 55.650669805486515 0.0
108.43623618345461 68.08038121588726 0.0
37.41740385712995 32.30519186139909 0.0
86.54951391228344 83.40994343971771 0.0
7.936694487091156 143.6569813738884 0.0
58.73591060551349 176.35380617352706 0.0
72.11665598692134 29.018514098846794 0.0
125.66660283128132 138.73594648021643 0.0
166.57895536794518 29.494930554300105 0.0
185.42262592487248 51.488493646754094 0.0
39.82468474528061 105.41365059616487 0.0
20.868729137444575 173.421580818197 0.0
161.4405655592367 108.36230831462765 0.0
18.266715593058258 83.2862765590378 0.0
57.249868572038864 195.87826307328666 0.0
52.290642803238384 82.8026405391393 0.0
116.60556156473736 105.15315200018787 0.0
46.23906641490616 199.77035879954482 0.0
19.78095240959683 186.68642890355892 0.0
196.12228969265138 18.074766172497945 0.0
41.421078652074584 139.64191983360425 0.0
33.43539058436929 5.346186536828923 0.0
0.2756591932794761 87.73193888927379 0.0
193.8106758332867 9.226089216951694 0.0
145.94247212892998 187.77369835692855 0.0
157.37594886308958 149.63864214861186 0.0
0.10765822439360306 172.6331393871757 0.0
131.52781349481978 47.16173350689701 0.0
102.77739310359478 96.09154553896366 0.0
57.962067626533795 196.5367061452057 0.0
153.25305675829682 69.24065880791166 0.0
43.18606087871759 119.5514845731541 0.0
181.1100077864614 156.33234421695667 0.0
135.37061443362262 112.97693884520913 0.0
134.19767427204349 32.57915362242694 0.0
100.28206664127515 144.9318524691769 0.0
28.68668126430687 97.22233863109524 0.0
85.16768990803743 146.99692569091235 0.0
170.44641624564386 82.25445413240962 0.0
1.8505610194063715 199.59377216051038 0.0
127.5443103335984 0.503622922731739 0.0
108.92286002955738 114.59004541262323 0.0
110.41590410348967 136.35723470697323 0.0
27.809280777167732 81.78720122145764 0.0
199.26258311130957 98.22284525185194 0.0
88.60509274629635 164.89271237993043 0.0
47.49167665986684 123.894551489778 0.0
68.97624739070922 107.77385148611931 0.0
85.52143196586421 58.313380013434625 0.0
63.04166787189529 143.23543595783846 0.0
51.03119273079801 107.78045423516647 0.0
197.04066929835423 84.25934867043836 0.0
79.7448934117031 15.502194555316695 0.0
194.721374680268 121.58884075521021 0.0
5.093871279980999 100.41691543973401 0.0
187.76867720269016 51.735989557187814 0.0
135.61265790136773 54.5726613870936 0.0
65.22316036371146 115.93601591542544 0.0
5.679450915130557 103.89634750290313 0.0
60.725227326364006 43.2674309936693 0.0
28.22052762894487 103.01459145650172 0.0
187.55150651407553 60.10234180703931 0.0
17.25588573097978 156.8569823753607 0.0
148.79329965207856 153.24651158649874 0.0
193.67106974911462 40.092749913625305 0.0
73.65984431429919 155.57411607075028 0.0
139.35804590420346 20.02228459114672 0.0
60.771778202547466 60.65745242639598 0.0
22.87569355645813 79.36501222020115 0.0
45.44315894013751 166.8371527124344 0.0
84.03847132895814 182.4557302567828 0.0
150.33312697985986 1.3737316046701142 0.0
35.34938091473918 131.68154868423417 0.0
27.48109534950325 81.7667223921561 0.0
114.95142434655952 120.56214822520272 0.0
154.62224712989655 34.02283266071764 0.0
8.77936255580929 105.69616398475759 0.0
9.812824737723801 6.599949484383205 0.0
