15.399234676246444 45.31185866317453 0.0
2.0376951707054225 122.5482610173353 0.0
88.996514373199 160.0704331340176 0.0
158.02083108909514 12.523474437526062 0.0
49.20060698260333 166.41535084984056 0.0
163.82220301283056 32.975414520414546 0.0
135.05746625836935 21.678126308946478 0.0
115.1554109672139 86.90847539908776 0.0
29.038289903451965 136.1173604714774 0.0
42.376658458369135 118.22060181481278 0.0
122.67835628483361 187.8484276090736 0.0
85.65086238130365 16.89227284342674 0.0
32.68674051487612 42.78666065957191 0.0
131.0043395224028 186.8946234422751 0.0
63.6024267502574 20.650122097015668 0.0
95.2340397724034 116.78863962359533 0.0
42.173770473768776 3.7322106691111134 0.0
192.36985084569375 189.2764403944658 0.0
158.98988407066796 72.0683196038147 0.0
40.36307419128675 93.5046625249883 0.0
144.49409171217363 66.7849373357928 0.0
173.90075495908633 162.70904470709183 0.0
79.36114031521797 132.83352041721915 0.0
17.722030083514873 149.82845978577032 0.0
193.32137706089642 72.97566477432127 0.0
44.539338768654815 175.00554263738408 0.0
141.86678049741533 56.800010468754955 0.0
92.64380465249357 31.43025231836336 0.0
66.87513545352107 71.71553564795275 0.0
50.5007033402872 119.77177009950746 0.0
45.040385773244495 77.2798313746154 0.0
129.11749401454014 196.48306099537663 0.0
107.09858587796515 129.88508629034473 0.0
137.69344925395623 67.55167435079208 0.0
71.19055503815315 181.73855056883045 0.0
154.0364630259536 136.8092971479566 0.0
175.30386399938155 26.23828175697056 0.0
138.45921862205796 126.70165196325418 0.0
116.58831020762663 161.25911115641546 0.0
178.34341303155216 129.4594664858755 0.0
9.44070538840538 172.52773418191424 0.0
170.28734369032702 17.900182871543713 0.0
159.6061784994912 1.1799882150762775 0.0
47.728668023393524 147.62927295884558 0.0
18.144979511687854 152.7573673039393 0.0
144.1608139418766 16.198960962599873 0.0
26.965165314875115 129.3139207423568 0.0
145.53791236438133 109.82133233756488 0.0
96.72319010651029 121.96876692892448 0.0
130.18987867809838 164.52176414060392 0.0
168.24593338771086 88.15344746692321 0.0
20.545676561395474 96.15776862293606 0.0
100.22933546792925 155.9674846629079 0.0
178.18945974406682 112.51733734820026 0.0
198.82031686308795 47.469523171451165 0.0
62.2507848711398 10.74994925556414 0.0
58.79021893827212 93.3955153113232 0.0
40.85669584253184 184.67252998745894 0.0
21.359576871423116 23.70944523592593 0.0
196.35002695067442 19.031583060143163 0.0
70.33562845940833 61.556231669946456 0.0
97.20480949542124 131.5919358895768 0.0
186.0754959663195 122.60034469708043 0.0
23.046292667800095 138.96146222881086 0.0
55.889488888660054 127.39799859325373 0.0
23.909574883569682 68.35029366806778 0.0
199.85068670064217 171.36449388452291 0.0
70.8474546350035 15.002079728662409 0.0
12.57832994285597 165.06274261512723 0.0
12.224656599750027 153.8238732526971 0.0
144.41428770460416 156.9526804589306 0.0
88.51218244783487 153.7803602241349 0.0
49.513291190565425 81.40569155702934 0.0
178.12201260910442 14.907134751116914 0.0
13.719307801449233 136.7019073634416 0.0
147.79904322688404 150.3368089151433 0.0
141.7018832773779 190.89258871078906 0.0
63.313671685187046 169.520883945342 0.0
30.677906263466447 137.8236431816481 0.0
179.6749875076076 83.86922548459637 0.0
187.14582366181423 181.28055281775218 0.0
174.8110860662959 152.3181822578162 0.0
53.41082057009117 12.128898804599352 0.0
16.63964511263123 111.87737249279179 0.0
2.281137734526717 161.48891972387875 0.0
160.67836214972488 96.99425784595013 0.0
31.167189537692064 62.39637427172795 0.0
63.821537501359884 141.61470219895236 0.0
140.91676760245352 133.06626524474504 0.0
69.63554165640777 179.10667416976557 0.0
120.07107109964986 106.78989953404323 0.0
171.50252841350812 107.75351773635622 0.0
71.82803587277671 76.65985124271808 0.0
192.16829419811367 173.3120071618743 0.0
118.85083555110208 97.73148602019516 0.0
131.72676086241432 35.169733716084714 0.0
100.16107111778243 94.89378534734362 0.0
30.800138545369094 28.925253071756597 0.0
134.70774098754012 61.63614569852764 0.0
71.65029053604259 115.75352128875771 0.0
67.80456768744665 103.06211098924112 0.0
197.1835699195437 17.70828516879279 0.0
39.47991496500043 175.9147989860723 0.0
66.28771879583182 78.15207575496883 0.0
117.88504466537336 9.043089866340392 0.0
83.66624189971314 57.793514320786876 0.0
126.25798801627492 49.651504193524154 0.0
143.3120159597864 179.35078430321093 0.0
58.54193938200627 173.84093076565702 0.0
6.988540034601476 67.64907908301696 0.0
26.60863732355354 124.36125386122812 0.0
102.5638663721751 196.99899471310073 0.0
111.13866600806969 194.1612015274664 0.0
171.76868531940264 53.991799290705856 0.0
198.5623085336658 161.23456322463713 0.0
22.92667677239917 51.38669091489905 0.0
78.06603275668833 98.42619148611898 0.0
51.4317776434742 87.55410703123698 0.0
145.52132782273418 31.27515129856708 0.0
179.2236107578361 135.9782777332523 0.0
15.294131825864433 97.63645670400842 0.0
34.238841372780705 170.61125902446705 0.0
176.24467368652276 74.73693832859351 0.0
141.79280128403215 85.40974345324808 0.0
144.8290762382525 82.4848168230507 0.0
32.07230254458884 50.175018955486635 0.0
166.06569059875162 146.26659006345747 0.0
81.39708164530836 159.85546661170383 0.0
192.23069323956165 108.12901945890945 0.0
199.6339881504986 80.76013613992163 0.0
29.498908215415142 112.15788475088968 0.0
152.12438538903746 74.6708924384142 0.0
184.34759460612563 158.0293990768533 0.0
161.71204271264153 90.62979267484972 0.0
64.39232128306563 16.124173543855736 0.0
74.93516901770079 154.21733491946304 0.0
192.42570223053156 128.2576553773979 0.0
196.17289286226577 55.426326083914866 0.0
177.78130435991267 179.99510144115462 0.0
94.51303028372521 138.77516716022842 0.0
155.7466031422485 23.683124324217907 0.0
70.33457316915207 33.09343388238521 0.0
53.60043753154511 155.74396524761775 0.0
132.07480589575096 23.451633668445226 0.0
170.95193303155202 7.442730917474449 0.0
78.37766165025424 63.99616856085313 0.0
172.40950812721002 95.25182054354467 0.0
6.796376575626728 157.9895368041408 0.0
82.21003577381568 195.10087912587053 0.0
77.45005922985378 190.14488619995544 0.0
43.289897563229474 154.21470371780936 0.0
48.51049159698992 86.38307423017531 0.0
57.38115613699479 134.90551427417893 0.0
170.12184518834457 197.4295004281802 0.0
58.06765259216065 196.60013916880231 0.0
74.33274090694766 55.207015535209614 0.0
85.33744148157918 165.54666843385178 0.0
130.84650396669878 134.77020344502154 0.0
28.019448594163855 116.05924259334579 0.0
151.87208977972887 169.56555893782522 0.0
179.59393363991816 92.8236630186958 0.0
124.0847568538457 114.09095664771756 0.0
113.21772481767461 140.70060089855997 0.0
21.682043009062557 25.56701899071594 0.0
123.40691470104579 76.62725380124773 0.0
111.747203026931 145.02198261928996 0.0
104.67122155758561 137.63226796902416 0.0
101.60885805850035 98.23068172332803 0.0
41.49570295129086 69.64299835007863 0.0
197.61210330946898 8.237508862056186 0.0
69.41718874722271 183.67801957130757 0.0
45.6929442118964 13.732000493609696 0.0
133.5443029299346 199.18202530541748 0.0
6.374470884219563 21.3350263267718 0.0
18.7214885017394 118.67423792065226 0.0
80.27972558223139 84.89245259596947 0.0
154.63906992519367 133.54553466715433 0.0
44.9827978554538 1.1622758686701928 0.0
109.54287748049161 47.75356174130208 0.0
189.9962674436506 138.8202701292399 0.0
77.79863342736708 124.32918318063919 0.0
43.91960722941484 176.49827783462203 0.0
139.41767223450785 9.021614230731867 0.0
76.24982304549692 115.60828321535928 0.0
23.752396326616743 66.07373614840171 0.0
126.08208917217938 54.99456575861728 0.0
144.9211117188224 73.03307737960525 0.0
60.90465848773825 166.99515016732877 0.0
193.1237962576918 164.6680905793755 0.0
100.91912287243608 98.28298556339152 0.0
163.86158586311626 190.47328647691592 0.0
157.793287484595 33.89622908843477 0.0
186.1745996854667 55.911034612474594 0.0
31.480866872463874 109.15618101226474 0.0
71.3640697124071 154.45168328759863 0.0
184.7184870068129 131.71031036699782 0.0
145.26649708998954 65.63793604295766 0.0
72.03720876401354 84.72713723982676 0.0
49.99893352134968 93.81330024194885 0.0
38.6022599020577 22.30848093991522 0.0
5.196217690847171 152.8186071692534 0.0
23.921300325743154 139.47395227936968 0.0
104.11242808075214 163.87458879216263 0.0
106.43801266586419 1.6113830026254439 0.0
186.5604425003554 127.03263266599836 0.0
107.25446154833016 152.07612049885014 0.0
78.51507377439859 150.98979854800697 0.0
34.70220833993205 181.66107992423377 0.0
117.30673563549736 181.72837640852248 0.0
96.20865429193664 39.94855597781062 0.0
91.68422731280945 157.35417713356478 0.0
129.88177016078134 96.09382631809756 0.0
17.626780128699735 34.671940543488056 0.0
15.462837334356605 15.379656128320152 0.0
143.63702036935902 182.45023462996713 0.0
112.77342291987055 107.91993267486839 0.0
33.3481336970201 16.992297201266048 0.0
45.50939014347717 27.179560576673257 0.0
108.63000516014256 67.54333211524457 0.0
199.2112670296994 148.5170408798 0.0
52.98078027902324 102.22887955580046 0.0
134.46689776087263 41.74497564436557 0.0
172.84168182150327 119.63282475516527 0.0
129.8788333517599 166.74302039282776 0.0
193.57470620996475 116.78785411766077 0.0
64.05552436329842 67.4467060340396 0.0
27.19417557138566 181.26502342653953 0.0
21.86185566632983 117.07472243707502 0.0
190.5447813149074 23.21335053522042 0.0
167.39125447785935 76.24622978624838 0.0
175.47037112876006 162.61424854022604 0.0
164.5980162905525 165.67890479230408 0.0
176.61914249795117 17.679851418151582 0.0
146.2552040856446 26.447480464472694 0.0
167.88264571741556 102.23814318777235 0.0
132.87991215560928 43.32148556281259 0.0
185.06739139963994 33.11205273084526 0.0
85.49430890181031 40.490177104587175 0.0
20.249569223126084 72.91361911670408 0.0
39.567489398849176 124.02146086803538 0.0
162.3648171117713 89.33841068099176 0.0
12.20957865585719 41.690888237953416 0.0
128.93670537990667 98.95956242526036 0.0
0.6662280543516808 58.35569995964826 0.0
125.44890634784048 181.68461263524085 0.0
197.38821720950338 3.8381004888774495 0.0
41.71789596540994 101.45266205077745 0.0
135.4272518820978 40.32084989542237 0.0
148.7243684496221 49.41325206216971 0.0
47.63586141089342 17.547530209674143 0.0
94.71314250966975 137.7424894326339 0.0
74.12569707328991 36.65863330908259 0.0
115.9730017031141 15.415964405987648 0.0
84.66511186267245 27.283979946514258 0.0
175.5594064024817 51.67219987453986 0.0
196.17354616443322 157.55077587676715 0.0
22.324510625173666 138.56420703365785 0.0
160.19671430091216 142.9558873022132 0.0
122.97062220767737 100.91102422021913 0.0
71.22318490179805 197.58979486527798 0.0
61.44469159115329 170.12502211525168 0.0
103.92956327230101 79.98892908389861 0.0
122.84304688413859 177.80483941088005 0.0
25.917919681313606 25.93195241794397 0.0
183.09709497475018 55.64797601102887 0.0
52.235810810662706 131.78485661392165 0.0
111.06232465842724 90.1510208111944 0.0
8.945723736325807 154.5385438685261 0.0
56.234502194223325 173.72954398960087 0.0
155.23731587520925 128.4718431355628 0.0
43.16843942270856 18.303920006476893 0.0
177.05247503024367 63.411853051192324 0.0
22.77642865420344 153.06116812334244 0.0
9.919697880082667 85.85258028665788 0.0
141.03481668367033 115.01712178395285 0.0
74.67088995151343 111.73196128826947 0.0
77.22891200109552 159.1672914580786 0.0
16.940243488637098 98.45636135932743 0.0
76.71787061575381 64.4287509851162 0.0
129.82143513945516 113.80069284996725 0.0
157.3028369144349 192.23954712938027 0.0
108.78588976887949 80.60146431485762 0.0
103.63316436708321 66.59613642402581 0.0
38.94148263316097 108.69895360323916 0.0
80.6870454213834 187.4734189335415 0.0
146.93758503758534 9.373993295761407 0.0
195.21453728593818 163.98602358238855 0.0
63.298908715603666 102.56366964805419 0.0
113.13247948637827 159.31356245638344 0.0
135.6972132366049 173.42949905464837 0.0
101.21232996325311 76.32658516174773 0.0
109.64643293759369 12.390619911146361 0.0
3.0036093334687486 81.01410773830678 0.0
50.33340552061731 181.52358621576414 0.0
81.78707118980068 160.2275478634957 0.0
117.77292600593859 90.26943059027688 0.0
167.45341064463028 40.92011022699624 0.0
127.20240254810678 134.6777935161573 0.0
129.5547919962142 159.9745548369271 0.0
127.60794278730828 156.95686299641935 0.0
165.37808895729498 66.8764724863147 0.0
113.50031350656036 15.886971333611655 0.0
139.74026679951263 65.90419690499236 0.0
48.535719542973155 23.69483703048847 0.0
42.3078963607745 60.170552586622314 0.0
24.302936853776913 1.2743875140054817 0.0
138.59441089927685 46.7657560120462 0.0
3.5749080371954456 131.17923988563635 0.0
182.39017473982142 130.4146967084397 0.0
4.549445592919676 46.60089458371226 0.0
130.23209113377277 72.4761044340632 0.0
171.08026626293125 84.58593091929806 0.0
152.6209810958176 72.77499086084491 0.0
143.62615421726636 153.03428952192465 0.0
172.04658042928585 93.6738642903764 0.0
96.62257991773996 13.560083183093852 0.0
74.48146644673854 178.95242007269098 0.0
140.20666865217265 166.08520662909692 0.0
138.85694732563456 94.47914721777315 0.0
97.70306268576479 136.07517867745466 0.0
108.13530274162211 23.322764230704895 0.0
165.00458715637143 11.615771523934736 0.0
85.94457991868751 184.86511434657044 0.0
33.95846028484905 155.0678678545353 0.0
84.34340230637942 115.64139061034828 0.0
119.09507586186547 122.82725100688394 0.0
171.1351487138975 149.0476093842793 0.0
165.5131555084838 166.7549612624502 0.0
169.2521512409872 161.71925290199107 0.0
135.46154800929648 62.13294023359166 0.0
146.08221230202565 116.29909749589964 0.0
72.13447388967748 9.53881004799606 0.0
97.21144449826645 123.47634767536194 0.0
21.42367370050049 191.82258005082008 0.0
76.90871521677197 70.59317023703531 0.0
55.84744698330832 32.407297017296344 0.0
156.7787753567256 119.7788531482078 0.0
189.6029954187326 97.42451464584813 0.0
4.362684703498343 165.48587158061315 0.0
99.66535657368742 111.73473222443482 0.0
165.065546318267 59.46617885038445 0.0
75.08238656908355 117.67184808917015 0.0
103.64332360469575 60.64009486258279 0.0
105.09218716379137 195.3898405148428 0.0
115.58197782287264 147.97427174871615 0.0
86.41561785875835 184.97887399652024 0.0
154.0537300954596 146.3992773751743 0.0
181.0533383650983 103.05717522664199 0.0
34.736795222113834 58.96129864536979 0.0
188.14325535869426 30.333990696431723 0.0
178.63659495658533 172.81668862669076 0.0
6.910800540408646 161.67811418426945 0.0
32.14790202047848 12.342045944732781 0.0
62.471174437698316 56.51538059970833 0.0
163.94898343891066 49.54651664467069 0.0
142.21904250057185 104.91776473700578 0.0
179.92039715017916 50.13728624164304 0.0
47.7679119204651 33.535667647133295 0.0
20.132589659418954 33.00302002919118 0.0
5.877890603422586 115.56399209126185 0.0
106.0480980948358 51.544290403302796 0.0
101.53710340775213 20.221889646321102 0.0
191.43561379609775 167.1939963267464 0.0
97.33862570410632 139.7648187130908 0.0
37.0948397108456 78.63480463318247 0.0
85.521307086228 165.83690847695493 0.0
177.34255316451964 94.63483890182087 0.0
82.5195340917295 52.010452263147734 0.0
75.31184616240022 94.08673228400733 0.0
120.5933641087229 95.64859348519879 0.0
74.46818410300907 3.7493837027598342 0.0
17.08721187720461 99.76620325160981 0.0
145.3473400207186 142.35571622849494 0.0
9.091675848550796 34.353051548254655 0.0
99.3719139906536 129.16382554963693 0.0
29.759809793393586 106.6625275235364 0.0
95.70472319635893 135.69297331364533 0.0
172.2555227766587 71.25803796417836 0.0
102.44881459769395 71.2999664354827 0.0
38.288534263696626 163.14844731160167 0.0
90.10553100808023 36.41549177063281 0.0
0.4167590716733782 21.132927446168548 0.0
133.0535533454542 51.674014373812625 0.0
120.77359021007406 183.51458745679608 0.0
73.91341210073121 76.83500420086288 0.0
163.60410754938007 184.63142258980974 0.0
166.01352026430146 70.30721167509589 0.0
14.970859104906541 158.19211480669878 0.0
150.7754085313265 108.25183955966186 0.0
80.21627726299494 162.19326137331092 0.0
149.68729421110677 181.65451267521976 0.0
68.24556181267438 180.23378609947977 0.0
154.63676042358136 20.41998480177614 0.0
191.42021031715265 125.3311740749101 0.0
185.72485491317286 155.45759724917144 0.0
10.829126710171288 174.8833938333495 0.0
152.2855050397173 22.88960415141301 0.0
138.93064597429964 199.20936159829935 0.0
100.68564416696542 38.92844460334 0.0
175.03552306204608 111.13981989996311 0.0
61.583102120389334 29.633234902290305 0.0
193.82731604699507 60.41971429780209 0.0
119.67080080222733 186.66970450582895 0.0
33.0933591165425 124.22198499138146 0.0
20.537350871199923 38.361921121471966 0.0
134.06594624376558 103.86203286334425 0.0
2.1258232415400258 174.7381724045688 0.0
176.2499020802178 27.840911009675672 0.0
192.37383193676592 45.93753843512787 0.0
18.339402793989112 182.63452847148025 0.0
49.969869526970314 65.25754151762632 0.0
107.8033417882524 145.1851859788944 0.0
141.76214719138403 91.28758468103979 0.0
153.94514560840906 174.840769885199 0.0
48.20798887700264 137.98674579608078 0.0
72.71954910644666 37.5260352774351 0.0
167.3531921773777 67.22862851123095 0.0
6.315307929244796 81.21946050701605 0.0
48.18249613551049 55.250113037463834 0.0
196.48950932048595 159.3482752794935 0.0
25.783708688196615 192.60471606151535 0.0
47.865586078241115 7.503154953548519 0.0
153.6197578439932 76.63558989606874 0.0
55.883772445652966 118.91341133816123 0.0
132.30436573839683 86.14697396494356 0.0
193.81928756882948 35.412260903175174 0.0
119.62866239359298 189.86726253847422 0.0
54.26010518291713 73.16110404478124 0.0
173.18765367047558 33.46063581025176 0.0
122.66267201691099 36.190550523920194 0.0
24.806955071266845 74.2584838644206 0.0
24.080613438890165 35.85524930585456 0.0
115.07177556569599 88.54578843681932 0.0
28.887901823996188 130.58838567213144 0.0
126.61177453162213 63.15176100592554 0.0
129.29460209196395 127.88097514826123 0.0
46.396849021081785 101.25801897364146 0.0
5.679866707313441 149.2000108091941 0.0
60.150590880299035 121.75176021837713 0.0
190.2433887680561 48.59871883770332 0.0
136.08964567308468 12.115302227190373 0.0
105.20307537098321 97.06103885069624 0.0
190.54878504286162 106.75760522823342 0.0
3.7433517193238286 97.16174235542891 0.0
44.65309361325327 5.857281013465143 0.0
174.14490968530882 76.41247644470646 0.0
179.05015454169956 24.20075015514376 0.0
81.00345986171058 122.70320064431266 0.0
172.81683117116773 165.16328052921924 0.0
12.17146596071903 171.5374839290379 0.0
73.00658088455323 51.89464330625644 0.0
76.03349204899577 32.29917878388127 0.0
182.9050536012456 115.93522276871158 0.0
50.9522712328329 49.5771643100948 0.0
79.91308855286854 142.90249425296665 0.0
27.199278575831066 135.6137633315269 0.0
78.07786813299371 5.55178059085395 0.0
1.4100499713498804 81.23157800329123 0.0
35.64459188835476 76.42935303728835 0.0
184.58111089267285 55.1325774005422 0.0
174.60246895676883 5.49992403205497 0.0
166.85189320422896 35.25227320729088 0.0
27.05053751420985 72.54470811985986 0.0
45.79166891637123 180.89089686628398 0.0
152.31030141102238 179.7901910190535 0.0
169.63797715765375 50.632583786353315 0.0
79.06369239578707 137.14196539872685 0.0
72.90964917222824 98.60263571006807 0.0
18.396570156459635 10.561884250873653 0.0
89.04415211080835 40.401899596416534 0.0
66.47937011378602 153.5409627568485 0.0
13.185358214667442 70.09651011708182 0.0
69.71822633041744 122.28447425012922 0.0
57.974645423509095 130.93021328326637 0.0
60.56130522160672 187.13977666922605 0.0
196.1745603605713 94.96553373734973 0.0
188.74678101631085 195.96141780339136 0.0
16.181069795614246 190.6491857413244 0.0
170.63041908611802 119.52216159211429 0.0
29.956759245809607 132.33616117661916 0.0
58.332132175516335 114.74269712282094 0.0
167.64407459357253 152.09592548292915 0.0
190.7927869212587 178.42672518325503 0.0
169.0942245907584 111.66332302328516 0.0
130.43366743992348 32.35228745866294 0.0
139.77380895129085 81.18579116186694 0.0
11.962973417800837 179.98424117035395 0.0
76.98799881962736 11.457548778815951 0.0
33.97494465146418 105.73680634074071 0.0
92.08549126731423 197.6204735957885 0.0
9.33906008973846 149.62922824871396 0.0
155.2870980618486 134.85052381580954 0.0
156.9781007881419 83.34161923377252 0.0
72.00635960374319 100.33752497023632 0.0
65.48555707260542 38.0921208293242 0.0
63.007209235569796 160.90523351777603 0.0
188.13434927739888 190.42062647244197 0.0
165.47016200831456 101.90770630785957 0.0
139.18049120174697 98.87825389563372 0.0
98.01512009324594 0.5769975114089609 0.0
