3 853
7 354
10 430
15 82
16 167
19 540
20 228
22 956
25 450
24 819
27 302
26 439
29 670
28 323
30 682
35 563
33 325
38 534
37 285
40 306
41 707
46 122
48 110
55 858
54 717
59 605
57 717
56 612
63 886
62 341
61 314
68 496
71 900
64 713
67 369
76 863
77 320
78 557
79 715
72 836
73 252
75 574
85 817
84 488
86 432
93 795
89 369
91 882
90 229
102 11
100 899
101 791
111 978
108 409
106 701
107 523
104 445
105 993
117 659
113 188
127 977
126 958
124 10
137 550
136 877
139 1
138 491
142 193
129 694
130 72
133 877
135 4
145 683
146 657
148 131
149 908
169 629
167 145
165 773
190 69
191 674
188 205
189 50
178 771
179 607
176 316
183 978
204 301
207 730
206 391
201 938
203 807
202 34
197 198
199 465
195 243
220 542
221 241
223 975
217 476
219 322
212 471
214 206
215 398
208 761
209 558
210 416
211 397
237 388
236 232
233 800
232 888
231 768
230 103
226 524
225 745
253 973
251 189
248 768
246 533
244 226
242 746
241 246
275 43
278 126
277 330
283 873
282 474
280 234
285 66
258 922
259 499
256 19
257 511
262 553
263 568
260 739
261 108
267 525
265 535
270 918
268 782
269 110
305 0
306 674
309 869
311 303
313 367
317 848
316 833
319 762
318 77
288 152
289 486
290 420
292 89
293 905
294 262
295 287
296 47
297 909
298 266
299 142
300 443
301 378
340 845
339 723
349 132
347 405
345 548
344 492
326 32
327 474
325 430
322 765
320 431
334 726
335 372
333 815
330 742
331 989
328 324
329 989
373 99
372 288
374 880
368 63
381 240
383 270
377 630
379 703
353 870
354 899
355 228
364 801
365 0
363 190
415 699
412 856
413 632
400 444
405 109
395 107
392 473
399 786
398 131
397 375
396 787
440 695
441 255
443 286
444 173
447 280
435 946
425 285
427 90
431 934
417 980
416 979
418 602
421 578
420 750
423 309
422 212
478 392
477 141
474 62
475 117
470 585
471 758
469 740
466 655
467 634
465 712
463 646
461 225
457 186
454 882
450 921
448 887
496 769
497 66
498 682
492 310
495 588
489 183
485 366
486 734
481 141
480 196
