2 398
3 131
1096 335
5 897
7 717
1092 955
9 156
10 206
1095 591
1089 588
14 583
1090 49
15 784
16 966
18 661
22 971
25 916
24 233
27 296
31 296
32 615
33 917
38 314
39 174
37 683
42 408
43 100
40 776
41 303
46 943
47 612
51 90
50 540
49 829
48 965
57 752
56 595
62 401
61 216
60 95
68 474
71 94
1036 225
67 208
1039 726
1024 588
72 460
1030 29
85 211
1048 503
84 262
87 481
86 766
81 849
83 584
1055 128
82 467
93 457
1040 390
1043 23
94 962
89 927
1044 558
88 386
1047 53
90 698
102 924
1064 153
1065 92
1071 56
1058 427
1059 134
111 433
109 482
1057 357
1062 477
106 80
1063 562
104 211
1061 472
105 62
1083 369
119 240
118 366
1082 739
1081 553
1080 87
1087 848
113 617
112 604
1084 486
1075 776
1073 988
1072 984
1079 698
123 510
122 540
1078 55
1077 402
136 408
138 973
141 439
140 607
128 244
133 48
135 378
152 344
154 894
158 18
159 931
144 605
147 9
148 418
151 358
170 834
168 820
175 528
174 322
173 355
163 722
161 649
165 287
164 30
187 389
184 207
185 614
188 851
183 849
180 685
205 417
204 408
201 449
203 32
199 759
193 346
220 960
222 362
217 492
218 670
212 989
213 904
211 995
239 150
238 84
237 682
236 201
234 199
233 669
232 459
231 304
230 334
229 644
228 966
226 404
225 355
224 452
254 416
252 821
253 926
250 664
251 605
248 546
247 293
242 152
241 195
274 670
272 663
276 100
283 867
287 146
284 187
256 952
262 414
263 423
260 946
261 28
266 635
270 534
271 820
269 119
306 118
309 254
308 334
314 335
289 781
290 384
292 200
296 728
299 540
300 99
303 181
342 463
340 608
351 783
348 548
347 873
345 25
344 456
326 99
325 85
321 872
333 25
330 635
331 466
328 784
372 386
369 6
368 182
381 193
380 840
383 677
377 701
376 567
379 40
378 894
357 634
359 513
354 295
361 83
408 469
415 477
412 49
403 286
400 737
407 593
394 532
399 424
387 57
386 453
385 680
391 937
390 54
388 628
442 765
444 961
445 183
446 234
433 9
435 149
436 582
437 383
439 765
417 542
419 267
421 432
420 698
479 227
477 911
474 975
475 901
472 318
473 679
470 97
471 885
468 988
469 291
466 693
461 917
460 550
459 114
458 981
457 562
456 93
455 396
454 789
453 106
451 746
450 60
449 872
448 783
509 499
510 263
511 569
505 207
506 538
507 589
500 687
502 425
499 415
493 803
489 794
488 430
485 822
484 507
487 970
481 450
480 707
483 745
550 200
551 118
548 242
549 82
547 963
558 347
556 547
554 139
552 548
565 668
562 890
561 491
573 366
570 0
568 93
516 838
517 892
518 955
519 846
513 335
515 367
524 825
520 480
533 194
530 975
541 862
540 271
536 291
538 142
608 581
618 96
616 926
623 140
620 466
627 816
626 380
624 629
630 342
629 496
635 510
634 431
576 271
577 701
578 202
580 264
581 801
582 494
583 335
587 492
588 750
589 246
590 838
593 747
592 205
595 962
597 927
596 993
603 929
604 37
607 93
606 528
686 641
685 742
684 327
683 256
682 871
681 707
680 924
675 518
702 64
701 879
698 842
696 42
697 767
695 134
692 227
691 154
653 590
655 170
654 13
651 764
650 530
645 750
646 773
641 393
640 73
670 71
671 647
665 973
667 635
660 187
662 356
663 627
658 634
751 561
749 264
737 694
736 0
743 480
742 766
763 298
760 643
761 444
766 811
767 696
754 840
713 659
719 172
705 992
706 65
708 285
711 37
728 641
729 4
730 314
733 503
734 844
721 866
723 605
726 253
727 159
820 319
823 910
822 628
817 757
816 197
819 390
818 748
824 274
827 440
826 291
805 15
806 780
801 102
802 187
803 20
812 614
813 709
814 806
815 688
808 30
809 272
810 492
791 475
787 310
785 568
784 749
799 338
797 584
795 99
793 71
792 951
775 818
772 59
773 354
770 953
771 368
769 221
782 784
781 896
778 177
880 732
882 464
884 353
886 834
888 11
890 809
893 754
864 807
866 228
869 940
871 988
872 224
873 319
874 786
876 562
877 904
879 489
855 660
853 874
852 888
859 696
858 394
861 446
834 626
832 369
833 187
839 911
836 578
837 415
843 147
847 920
845 31
956 265
959 890
952 954
953 199
954 950
949 769
951 241
945 712
946 231
940 472
943 634
937 579
933 649
932 771
935 591
929 978
928 685
930 931
926 529
927 10
924 926
925 368
923 393
921 652
918 263
919 276
916 555
911 966
909 214
908 531
905 895
904 591
902 745
901 7
899 101
898 975
897 187
1016 360
1017 732
1018 628
1020 43
1023 704
1011 200
1013 913
1014 154
1015 636
1002 950
1005 961
1007 983
1006 534
993 4
997 649
996 976
998 991
985 850
990 356
989 943
978 331
979 119
977 120
983 911
971 5
969 170
974 61
962 129
961 1
966 686
965 942
964 855
