139 909
2 822
138 282
140 98
143 485
7 720
9 634
131 106
10 619
12 578
132 653
135 263
134 479
15 585
152 923
154 426
19 849
155 152
21 742
20 580
23 972
25 181
144 619
146 25
27 171
26 352
147 168
149 239
150 843
30 140
34 495
170 865
33 313
38 659
39 680
174 892
36 413
172 90
37 917
42 341
162 531
40 902
41 591
46 716
167 442
165 281
45 7
51 546
50 246
187 653
184 950
49 547
48 224
185 756
190 189
191 647
54 333
53 97
52 577
189 699
178 747
179 175
57 478
177 510
182 888
63 573
180 956
60 163
70 941
71 10
64 807
196 531
199 664
79 338
72 480
195 52
194 671
85 661
84 985
81 849
80 880
83 816
82 974
94 15
89 678
100 899
98 143
99 906
111 365
109 30
107 98
104 106
119 806
116 481
113 581
112 189
126 215
125 286
122 881
121 538
