2 449
8 738
10 753
11 553
12 779
13 187
15 429
17 602
19 967
18 269
20 812
25 501
24 729
27 933
26 203
31 880
34 258
32 325
36 778
43 192
41 236
51 332
50 888
55 955
54 206
52 667
59 716
58 91
57 663
63 144
64 755
65 775
67 256
76 415
78 82
79 891
72 371
74 28
85 49
87 104
81 682
83 582
92 818
95 991
89 101
91 781
102 934
100 702
99 636
97 556
111 219
108 53
106 909
107 482
105 395
115 538
125 794
123 770
141 587
129 136
128 442
130 274
135 518
152 950
156 986
158 864
148 870
149 36
171 304
170 816
169 295
173 305
172 460
163 267
164 984
184 352
185 59
190 802
191 462
178 632
179 122
177 432
182 575
183 10
180 987
204 189
206 376
201 150
197 87
196 366
199 620
198 542
192 856
220 850
223 465
216 724
217 74
213 584
214 720
208 223
209 110
210 124
239 729
238 961
236 225
235 616
232 825
230 876
229 119
227 711
226 865
252 266
253 984
246 373
244 276
242 668
243 669
240 74
274 316
273 906
283 474
287 61
286 514
258 417
259 279
256 325
257 0
261 979
264 604
271 195
269 837
305 617
306 608
311 635
310 652
312 195
289 174
291 210
292 33
293 559
294 117
296 881
298 74
300 968
301 635
302 79
342 621
341 750
338 981
337 525
336 532
349 475
326 821
327 474
325 761
322 606
333 89
331 567
329 223
372 928
374 644
368 605
370 688
380 588
383 523
376 178
379 405
356 156
357 886
359 467
352 685
353 38
354 880
355 595
365 108
362 429
363 117
410 2
411 327
408 252
414 216
412 129
413 818
403 149
401 334
406 593
405 206
393 96
392 402
398 547
396 146
391 503
390 814
389 74
388 413
441 310
442 786
444 845
445 766
447 776
432 317
434 440
436 768
438 164
439 701
424 330
426 149
429 703
428 388
430 346
417 725
416 635
419 385
418 10
420 291
422 748
479 592
476 406
477 524
473 755
471 624
468 558
466 309
467 388
465 910
463 478
462 153
460 186
457 539
450 518
448 444
510 35
504 111
505 726
506 318
500 766
501 840
502 66
503 567
496 280
497 267
499 347
493 555
492 949
489 933
490 637
485 507
487 404
480 191
483 493
549 704
544 36
558 884
559 187
557 916
554 698
552 465
567 597
565 119
564 5
563 648
562 548
560 179
575 88
574 904
573 559
572 284
570 286
568 292
517 973
518 375
519 349
512 534
514 545
525 710
526 64
520 456
523 478
533 294
532 488
535 863
534 841
529 925
530 302
540 13
543 878
542 299
537 527
536 121
539 939
611 52
609 521
612 333
618 769
616 750
621 845
628 76
634 624
639 350
638 74
637 478
576 602
577 817
578 209
579 809
580 336
581 218
582 584
583 510
587 424
591 935
592 182
594 141
597 808
596 496
598 421
601 981
603 677
602 901
605 21
604 428
607 12
606 771
685 172
683 16
682 265
681 323
680 348
679 128
678 214
677 670
676 733
673 433
672 507
703 81
698 234
694 57
693 700
688 233
689 640
652 426
654 584
649 884
651 407
650 907
647 413
646 892
641 853
643 177
642 777
671 72
664 512
660 909
657 132
658 480
746 218
745 562
744 1
749 397
748 778
738 686
737 987
743 794
742 884
763 555
767 308
765 803
713 26
715 984
716 673
718 977
705 195
704 920
706 969
708 824
711 18
710 903
728 484
731 909
732 427
722 325
724 617
725 894
726 870
727 904
791 495
790 208
789 549
787 58
786 429
785 967
798 738
795 324
794 973
793 326
772 986
773 213
770 26
768 99
778 606
