1 17 2.0
1 23 92.0
1 44 32.0
1 54 78.0
1 60 99.0
1 162 30.0
1 176 85.0
2 20 79.0
2 55 89.0
2 75 89.0
2 153 43.0
2 154 49.0
2 14 78.0
2 36 81.0
2 38 26.0
2 70 47.0
2 72 38.0
2 181 42.0
2 195 10.0
3 21 28.0
3 35 15.0
3 77 64.0
3 84 29.0
3 85 77.0
3 88 81.0
3 90 72.0
3 93 67.0
3 99 25.0
3 101 24.0
3 110 23.0
3 122 42.0
3 124 77.0
3 131 84.0
3 184 42.0
3 188 74.0
4 20 40.0
4 52 82.0
4 55 17.0
4 91 5.0
4 94 21.0
4 100 23.0
4 104 64.0
4 123 23.0
4 130 35.0
4 142 63.0
4 146 58.0
4 164 41.0
4 180 1.0
4 136 57.0
4 147 80.0
4 5 69.0
4 19 6.0
4 40 96.0
4 48 25.0
4 50 92.0
4 69 9.0
4 71 89.0
4 107 96.0
4 112 33.0
4 116 70.0
4 167 71.0
5 4 78.0
5 52 52.0
5 94 55.0
5 100 8.0
5 130 9.0
5 142 31.0
5 164 96.0
5 180 80.0
5 147 6.0
5 19 63.0
5 40 89.0
5 41 49.0
5 48 63.0
5 50 31.0
5 69 17.0
5 71 74.0
5 99 68.0
5 107 12.0
5 112 73.0
5 116 55.0
5 148 36.0
5 167 46.0
5 6 41.0
5 7 79.0
5 64 34.0
5 83 12.0
5 182 12.0
5 185 88.0
6 94 11.0
6 180 15.0
6 46 37.0
6 147 93.0
6 149 96.0
6 161 62.0
6 5 59.0
6 50 26.0
6 107 18.0
6 112 19.0
6 116 44.0
6 7 69.0
6 64 46.0
6 78 34.0
6 83 41.0
6 152 72.0
6 156 39.0
6 182 45.0
6 183 46.0
6 185 34.0
7 94 29.0
7 180 4.0
7 46 62.0
7 73 41.0
7 147 92.0
7 149 3.0
7 161 15.0
7 5 32.0
7 50 92.0
7 107 61.0
7 6 99.0
7 64 87.0
7 78 79.0
7 83 27.0
7 152 5.0
7 156 63.0
7 182 38.0
7 183 38.0
7 185 88.0
8 9 21.0
8 76 15.0
8 79 51.0
8 98 48.0
8 150 58.0
8 187 1.0
9 8 38.0
9 42 64.0
9 51 9.0
9 67 3.0
9 74 28.0
9 81 96.0
9 98 36.0
9 128 40.0
9 143 77.0
9 187 5.0
10 13 42.0
10 53 32.0
10 56 17.0
10 59 4.0
10 120 6.0
10 133 6.0
10 174 59.0
10 179 88.0
10 191 57.0
10 198 82.0
10 200 86.0
11 37 34.0
11 170 19.0
11 39 20.0
11 80 37.0
11 96 79.0
11 125 98.0
11 156 71.0
11 172 80.0
11 173 52.0
11 183 92.0
12 22 81.0
12 28 43.0
12 61 79.0
12 62 84.0
12 89 99.0
12 91 61.0
12 92 37.0
12 95 48.0
12 135 87.0
12 193 89.0
12 196 24.0
12 197 21.0
12 160 57.0
13 10 29.0
13 37 6.0
13 53 44.0
13 56 36.0
13 59 72.0
13 73 6.0
13 170 41.0
13 191 3.0
13 39 63.0
13 125 50.0
13 172 90.0
13 183 27.0
14 153 18.0
14 154 64.0
14 178 7.0
14 2 34.0
14 36 55.0
14 38 23.0
14 43 74.0
14 70 18.0
14 72 70.0
14 97 56.0
14 132 72.0
14 168 2.0
14 181 24.0
14 195 28.0
15 16 44.0
15 22 67.0
15 24 11.0
15 28 10.0
15 49 2.0
15 58 42.0
15 86 18.0
15 87 97.0
15 95 22.0
15 102 79.0
15 111 40.0
15 127 24.0
15 134 2.0
15 141 30.0
15 159 63.0
16 15 56.0
16 26 38.0
16 49 50.0
16 86 74.0
16 87 62.0
16 102 90.0
16 111 78.0
16 127 11.0
16 134 15.0
16 138 18.0
16 141 52.0
16 159 41.0
17 1 56.0
17 18 39.0
17 23 28.0
17 60 77.0
17 68 45.0
17 121 65.0
17 162 28.0
17 172 73.0
17 173 15.0
17 176 40.0
18 17 14.0
18 39 99.0
18 60 8.0
18 68 11.0
18 121 77.0
18 162 30.0
18 172 13.0
18 173 81.0
18 176 99.0
19 4 34.0
19 52 61.0
19 91 26.0
19 100 44.0
19 123 94.0
19 130 91.0
19 142 58.0
19 164 6.0
19 180 74.0
19 147 61.0
19 5 23.0
19 30 53.0
19 40 37.0
19 41 3.0
19 48 29.0
19 50 90.0
19 69 87.0
19 71 24.0
19 99 97.0
19 107 51.0
19 112 41.0
19 116 80.0
19 160 99.0
19 166 52.0
19 167 54.0
20 4 26.0
20 27 65.0
20 55 38.0
20 75 12.0
20 94 23.0
20 104 1.0
20 130 44.0
20 142 95.0
20 146 45.0
20 153 15.0
20 154 14.0
20 2 43.0
20 136 5.0
20 157 84.0
20 199 53.0
21 3 13.0
21 42 86.0
21 51 78.0
21 74 62.0
21 77 94.0
21 88 74.0
21 98 65.0
21 101 66.0
21 110 65.0
21 124 35.0
21 128 81.0
21 188 46.0
22 12 7.0
22 15 87.0
22 24 68.0
22 28 13.0
22 49 69.0
22 58 27.0
22 86 37.0
22 87 1.0
22 95 64.0
22 111 90.0
22 127 68.0
22 135 80.0
22 159 93.0
22 192 42.0
22 193 83.0
22 196 30.0
22 197 72.0
23 1 55.0
23 17 28.0
23 44 36.0
23 54 84.0
23 60 53.0
23 63 82.0
23 80 56.0
23 96 15.0
23 162 26.0
23 173 79.0
23 176 88.0
24 15 38.0
24 22 76.0
24 28 43.0
24 33 74.0
24 49 14.0
24 58 33.0
24 86 91.0
24 87 82.0
24 95 22.0
24 111 24.0
24 135 14.0
24 138 5.0
24 140 98.0
24 141 72.0
24 159 28.0
24 171 16.0
24 196 83.0
25 118 48.0
25 126 70.0
25 158 56.0
25 194 51.0
26 16 80.0
26 138 85.0
26 141 8.0
27 20 29.0
27 34 23.0
27 55 3.0
27 75 42.0
27 92 7.0
27 104 29.0
27 127 67.0
27 146 71.0
27 153 40.0
27 192 1.0
27 193 52.0
28 12 97.0
28 15 1.0
28 22 24.0
28 24 32.0
28 34 57.0
28 49 69.0
28 58 48.0
28 86 80.0
28 87 4.0
28 92 12.0
28 95 98.0
28 111 21.0
28 127 82.0
28 159 33.0
28 192 56.0
28 193 46.0
28 196 22.0
28 197 31.0
29 117 19.0
29 126 57.0
29 133 54.0
29 163 81.0
29 194 47.0
30 19 41.0
30 40 76.0
30 41 51.0
30 48 42.0
30 69 64.0
30 77 53.0
30 82 31.0
30 99 57.0
30 110 5.0
30 122 53.0
30 131 73.0
30 148 11.0
30 165 54.0
30 166 39.0
30 167 82.0
30 177 54.0
30 188 11.0
31 43 90.0
31 70 67.0
31 132 55.0
31 151 79.0
32 61 91.0
32 62 55.0
32 76 17.0
32 79 8.0
32 82 95.0
32 113 23.0
32 150 41.0
32 160 50.0
32 165 2.0
32 166 7.0
32 177 86.0
33 24 44.0
33 49 3.0
33 86 91.0
33 111 6.0
33 138 53.0
33 141 66.0
33 159 39.0
33 171 67.0
34 27 27.0
34 28 49.0
34 55 1.0
34 58 32.0
34 75 37.0
34 92 66.0
34 104 88.0
34 127 42.0
34 192 79.0
34 193 53.0
35 3 91.0
35 84 89.0
35 85 44.0
35 88 23.0
35 129 61.0
36 2 22.0
36 14 95.0
36 38 8.0
36 70 9.0
36 72 23.0
36 97 98.0
36 103 63.0
36 120 64.0
36 132 48.0
36 151 24.0
36 168 23.0
36 174 48.0
36 179 57.0
36 181 91.0
36 195 36.0
36 200 30.0
37 13 22.0
37 53 12.0
37 56 92.0
37 59 38.0
37 73 90.0
37 161 8.0
37 170 63.0
37 191 46.0
37 198 17.0
37 11 98.0
37 39 55.0
37 125 7.0
37 172 45.0
37 183 2.0
38 153 25.0
38 154 43.0
38 2 13.0
38 14 42.0
38 36 76.0
38 70 75.0
38 72 20.0
38 97 14.0
38 103 96.0
38 120 90.0
38 168 52.0
38 174 9.0
38 179 86.0
38 181 57.0
38 195 81.0
39 13 65.0
39 37 96.0
39 170 97.0
39 11 98.0
39 18 71.0
39 68 33.0
39 121 68.0
39 125 54.0
39 172 2.0
39 173 21.0
40 4 47.0
40 52 62.0
40 100 82.0
40 142 38.0
40 164 81.0
40 180 12.0
40 147 56.0
40 5 54.0
40 19 78.0
40 30 19.0
40 41 38.0
40 48 77.0
40 50 74.0
40 69 92.0
40 71 51.0
40 99 95.0
40 107 12.0
40 112 24.0
40 116 24.0
40 148 12.0
40 166 38.0
40 167 74.0
40 83 67.0
40 185 38.0
41 5 87.0
41 19 14.0
41 30 24.0
41 40 39.0
41 50 78.0
41 69 80.0
41 90 50.0
41 93 91.0
41 99 42.0
41 112 48.0
41 116 39.0
41 122 54.0
41 131 8.0
41 148 13.0
41 167 19.0
41 184 29.0
41 83 62.0
41 152 11.0
41 185 29.0
42 9 23.0
42 21 1.0
42 51 35.0
42 74 17.0
42 98 6.0
42 101 86.0
42 110 7.0
42 124 84.0
42 128 23.0
42 187 80.0
42 188 37.0
43 57 5.0
43 137 79.0
43 145 32.0
43 169 92.0
43 178 97.0
43 14 97.0
43 31 54.0
43 70 67.0
43 72 84.0
43 151 22.0
44 1 82.0
44 23 53.0
44 47 77.0
44 54 19.0
44 114 4.0
44 119 10.0
45 54 22.0
45 63 15.0
45 65 60.0
45 66 92.0
45 96 34.0
45 106 77.0
45 108 8.0
45 114 41.0
45 175 82.0
45 186 63.0
45 190 58.0
46 180 6.0
46 73 29.0
46 136 22.0
46 147 62.0
46 149 96.0
46 157 23.0
46 161 60.0
46 170 25.0
46 198 67.0
46 199 63.0
46 6 33.0
46 7 98.0
46 64 27.0
46 78 80.0
46 83 1.0
46 125 4.0
46 156 24.0
46 182 50.0
46 183 93.0
46 185 39.0
47 44 31.0
47 54 62.0
47 114 31.0
47 119 90.0
48 4 3.0
48 52 90.0
48 91 90.0
48 100 39.0
48 123 91.0
48 164 38.0
48 5 55.0
48 19 51.0
48 30 52.0
48 40 66.0
48 69 79.0
48 71 87.0
48 112 49.0
48 116 63.0
48 160 61.0
48 165 12.0
48 166 93.0
48 167 93.0
49 15 62.0
49 16 81.0
49 22 87.0
49 24 10.0
49 28 39.0
49 33 20.0
49 58 50.0
49 86 15.0
49 87 85.0
49 95 92.0
49 111 32.0
49 127 71.0
49 138 84.0
49 141 30.0
49 159 55.0
49 171 24.0
49 196 62.0
50 4 82.0
50 94 68.0
50 100 61.0
50 130 13.0
50 142 74.0
50 180 93.0
50 147 50.0
50 5 50.0
50 19 50.0
50 40 28.0
50 41 41.0
50 69 53.0
50 99 7.0
50 107 8.0
50 112 41.0
50 116 61.0
50 148 10.0
50 167 17.0
50 6 32.0
50 7 68.0
50 64 46.0
50 83 66.0
50 182 25.0
50 185 83.0
51 9 25.0
51 21 74.0
51 42 99.0
51 67 25.0
51 74 44.0
51 81 96.0
51 98 44.0
51 124 23.0
51 128 60.0
51 187 89.0
52 4 17.0
52 55 26.0
52 91 64.0
52 94 11.0
52 100 85.0
52 104 17.0
52 123 29.0
52 130 99.0
52 142 47.0
52 146 65.0
52 164 41.0
52 180 87.0
52 147 50.0
52 5 71.0
52 19 22.0
52 40 73.0
52 48 98.0
52 69 69.0
52 71 53.0
52 107 83.0
52 112 41.0
52 116 8.0
52 160 82.0
52 167 33.0
53 10 37.0
53 13 33.0
53 37 42.0
53 56 90.0
53 59 62.0
53 117 50.0
53 133 36.0
53 191 70.0
54 1 81.0
54 23 79.0
54 44 42.0
54 45 59.0
54 47 49.0
54 63 59.0
54 66 94.0
54 96 80.0
54 106 83.0
54 114 79.0
54 119 22.0
54 186 58.0
54 190 84.0
55 4 13.0
55 20 12.0
55 27 80.0
55 34 93.0
55 52 21.0
55 75 38.0
55 92 41.0
55 94 69.0
55 104 92.0
55 123 25.0
55 130 25.0
55 142 57.0
55 146 24.0
55 153 57.0
55 154 26.0
55 192 35.0
55 2 99.0
55 136 44.0
55 199 18.0
56 10 86.0
56 13 18.0
56 37 7.0
56 53 30.0
56 59 41.0
56 73 41.0
56 120 59.0
56 133 80.0
56 161 10.0
56 170 51.0
56 179 36.0
56 191 10.0
56 198 89.0
57 109 44.0
57 137 72.0
57 145 28.0
57 155 92.0
57 169 82.0
57 178 25.0
57 43 84.0
58 15 25.0
58 22 89.0
58 24 77.0
58 28 71.0
58 34 78.0
58 49 80.0
58 86 56.0
58 87 54.0
58 92 37.0
58 95 72.0
58 111 53.0
58 127 36.0
58 159 94.0
58 192 37.0
58 193 38.0
58 196 47.0
59 10 64.0
59 13 34.0
59 37 33.0
59 53 73.0
59 56 26.0
59 73 56.0
59 133 59.0
59 170 43.0
59 179 67.0
59 191 29.0
59 198 69.0
60 1 95.0
60 17 44.0
60 18 89.0
60 23 87.0
60 68 67.0
60 121 22.0
60 162 98.0
60 176 11.0
61 12 72.0
61 62 57.0
61 89 14.0
61 135 61.0
61 140 47.0
61 197 55.0
61 32 93.0
61 113 49.0
61 160 68.0
62 12 96.0
62 61 95.0
62 89 42.0
62 135 78.0
62 140 23.0
62 196 56.0
62 197 18.0
62 32 89.0
62 113 75.0
62 160 62.0
63 23 6.0
63 45 46.0
63 54 91.0
63 66 34.0
63 80 35.0
63 96 4.0
63 108 87.0
63 173 82.0
63 186 2.0
63 190 82.0
64 94 84.0
64 130 21.0
64 142 38.0
64 180 19.0
64 46 8.0
64 73 44.0
64 136 17.0
64 147 80.0
64 149 6.0
64 157 31.0
64 161 43.0
64 199 55.0
64 5 34.0
64 50 55.0
64 107 7.0
64 112 79.0
64 116 46.0
64 6 38.0
64 7 22.0
64 78 37.0
64 83 76.0
64 156 18.0
64 182 88.0
64 183 86.0
64 185 34.0
65 45 56.0
65 66 90.0
65 106 88.0
65 108 78.0
65 114 60.0
65 119 16.0
65 139 14.0
65 186 86.0
65 190 41.0
66 45 47.0
66 54 21.0
66 63 39.0
66 65 9.0
66 96 59.0
66 106 46.0
66 108 80.0
66 114 23.0
66 139 5.0
66 175 29.0
66 186 47.0
66 190 44.0
67 9 91.0
67 51 57.0
67 74 43.0
67 81 18.0
67 128 2.0
67 143 41.0
68 17 71.0
68 18 81.0
68 39 23.0
68 60 36.0
68 121 24.0
68 162 72.0
68 172 93.0
68 173 3.0
68 176 58.0
69 4 54.0
69 52 53.0
69 100 14.0
69 123 16.0
69 142 32.0
69 164 51.0
69 180 63.0
69 147 23.0
69 5 94.0
69 19 32.0
69 30 84.0
69 40 18.0
69 41 48.0
69 48 19.0
69 50 19.0
69 71 46.0
69 99 47.0
69 107 39.0
69 112 61.0
69 116 76.0
69 148 58.0
69 166 21.0
69 167 19.0
69 83 11.0
69 185 61.0
70 153 36.0
70 154 19.0
70 2 32.0
70 14 6.0
70 31 7.0
70 36 39.0
70 38 33.0
70 43 32.0
70 72 35.0
70 97 8.0
70 132 59.0
70 151 79.0
70 168 65.0
70 181 89.0
70 195 87.0
71 4 98.0
71 52 9.0
71 91 42.0
71 100 94.0
71 123 4.0
71 130 74.0
71 142 93.0
71 164 13.0
71 5 21.0
71 19 12.0
71 40 98.0
71 48 63.0
71 69 87.0
71 107 48.0
71 112 65.0
71 116 53.0
71 160 86.0
71 165 12.0
71 166 79.0
71 167 72.0
72 75 31.0
72 153 94.0
72 154 82.0
72 2 87.0
72 14 22.0
72 36 31.0
72 38 22.0
72 43 22.0
72 70 45.0
72 103 12.0
72 168 7.0
72 181 32.0
72 195 8.0
73 13 52.0
73 37 61.0
73 46 47.0
73 56 21.0
73 59 69.0
73 149 22.0
73 157 18.0
73 161 29.0
73 170 54.0
73 198 76.0
73 7 2.0
73 64 66.0
73 78 65.0
73 125 82.0
73 156 96.0
73 182 4.0
73 183 63.0
74 9 81.0
74 21 39.0
74 42 95.0
74 51 47.0
74 67 82.0
74 81 18.0
74 98 65.0
74 101 30.0
74 124 36.0
74 128 59.0
74 187 40.0
74 188 45.0
75 20 18.0
75 27 66.0
75 34 8.0
75 55 94.0
75 92 85.0
75 104 17.0
75 146 1.0
75 153 46.0
75 154 62.0
75 192 72.0
75 2 12.0
75 72 78.0
75 195 67.0
76 8 22.0
76 32 82.0
76 79 11.0
76 82 13.0
76 98 33.0
76 113 97.0
76 150 19.0
76 165 33.0
76 166 62.0
76 177 69.0
77 3 23.0
77 21 57.0
77 30 93.0
77 82 95.0
77 99 46.0
77 101 61.0
77 110 42.0
77 122 32.0
77 124 4.0
77 131 74.0
77 166 81.0
77 177 19.0
77 188 43.0
78 46 94.0
78 73 18.0
78 147 74.0
78 149 47.0
78 157 71.0
78 161 1.0
78 170 69.0
78 198 75.0
78 6 99.0
78 7 61.0
78 64 66.0
78 83 44.0
78 125 14.0
78 156 26.0
78 182 34.0
78 183 47.0
78 185 26.0
79 8 89.0
79 32 15.0
79 76 21.0
79 82 14.0
79 113 43.0
79 115 37.0
79 150 34.0
79 177 45.0
80 11 49.0
80 23 73.0
80 63 91.0
80 96 63.0
80 172 39.0
80 173 46.0
81 9 12.0
81 51 66.0
81 67 33.0
81 74 87.0
81 128 3.0
81 143 45.0
81 187 37.0
82 30 80.0
82 32 55.0
82 76 71.0
82 77 64.0
82 79 33.0
82 98 37.0
82 113 54.0
82 124 12.0
82 150 35.0
82 165 93.0
82 166 18.0
82 177 92.0
82 188 90.0
83 94 79.0
83 142 4.0
83 180 59.0
83 46 32.0
83 147 46.0
83 5 99.0
83 40 75.0
83 41 59.0
83 50 74.0
83 69 12.0
83 107 87.0
83 112 73.0
83 116 73.0
83 148 58.0
83 167 32.0
83 6 15.0
83 7 38.0
83 64 81.0
83 78 46.0
83 152 41.0
83 156 6.0
83 182 93.0
83 185 12.0
84 3 51.0
84 35 85.0
84 85 24.0
84 88 36.0
84 93 68.0
85 3 54.0
85 35 21.0
85 84 3.0
85 88 69.0
85 93 92.0
85 129 91.0
86 15 44.0
86 16 93.0
86 22 4.0
86 24 51.0
86 28 72.0
86 33 4.0
86 49 13.0
86 58 15.0
86 87 5.0
86 95 62.0
86 102 42.0
86 111 17.0
86 127 19.0
86 134 92.0
86 138 5.0
86 141 66.0
86 159 76.0
86 171 25.0
87 15 80.0
87 16 55.0
87 22 67.0
87 24 33.0
87 28 50.0
87 49 88.0
87 58 1.0
87 86 71.0
87 95 65.0
87 102 25.0
87 111 63.0
87 127 92.0
87 134 60.0
87 159 60.0
87 193 60.0
88 3 80.0
88 21 96.0
88 35 23.0
88 84 14.0
88 85 48.0
88 93 11.0
88 101 94.0
88 110 61.0
88 122 86.0
89 12 81.0
89 61 16.0
89 62 98.0
89 135 81.0
89 140 43.0
89 196 84.0
89 197 28.0
89 113 77.0
89 115 10.0
90 3 14.0
90 41 59.0
90 93 53.0
90 99 24.0
90 122 49.0
90 131 46.0
90 148 97.0
90 184 24.0
90 105 50.0
90 152 14.0
90 175 37.0
91 4 59.0
91 12 36.0
91 52 18.0
91 92 4.0
91 100 6.0
91 104 36.0
91 123 77.0
91 130 87.0
91 142 97.0
91 164 82.0
91 197 18.0
91 19 93.0
91 48 31.0
91 71 11.0
91 160 73.0
91 167 54.0
92 12 64.0
92 27 63.0
92 28 52.0
92 34 27.0
92 55 40.0
92 58 11.0
92 75 73.0
92 91 91.0
92 104 20.0
92 123 44.0
92 127 54.0
92 192 83.0
92 193 26.0
92 197 12.0
93 3 99.0
93 41 22.0
93 84 37.0
93 85 34.0
93 88 89.0
93 90 43.0
93 99 54.0
93 110 37.0
93 122 66.0
93 131 27.0
93 148 25.0
93 184 26.0
93 105 37.0
93 152 85.0
94 4 64.0
94 20 29.0
94 52 61.0
94 55 2.0
94 100 58.0
94 104 29.0
94 123 73.0
94 130 24.0
94 142 92.0
94 146 13.0
94 164 86.0
94 180 99.0
94 136 87.0
94 147 59.0
94 149 78.0
94 157 46.0
94 199 40.0
94 5 22.0
94 50 98.0
94 107 23.0
94 112 34.0
94 116 39.0
94 167 40.0
94 6 12.0
94 7 84.0
94 64 54.0
94 83 43.0
94 182 60.0
95 12 96.0
95 15 15.0
95 22 26.0
95 24 26.0
95 28 67.0
95 49 72.0
95 58 43.0
95 86 75.0
95 87 28.0
95 111 96.0
95 127 38.0
95 135 9.0
95 159 49.0
95 192 76.0
95 193 12.0
95 196 92.0
95 197 50.0
96 11 79.0
96 23 96.0
96 45 6.0
96 54 99.0
96 63 9.0
96 66 84.0
96 80 29.0
96 108 31.0
96 173 1.0
96 186 91.0
96 190 21.0
97 14 50.0
97 36 71.0
97 38 91.0
97 70 78.0
97 103 24.0
97 120 43.0
97 132 2.0
97 144 73.0
97 151 47.0
97 168 57.0
97 174 29.0
97 181 43.0
97 189 47.0
97 200 83.0
98 8 87.0
98 9 93.0
98 21 71.0
98 42 41.0
98 51 78.0
98 74 65.0
98 76 72.0
98 82 54.0
98 124 90.0
98 128 25.0
98 177 18.0
98 187 67.0
98 188 4.0
99 3 10.0
99 5 18.0
99 19 63.0
99 30 4.0
99 40 91.0
99 41 49.0
99 50 35.0
99 69 10.0
99 77 94.0
99 90 97.0
99 93 88.0
99 110 87.0
99 116 40.0
99 122 59.0
99 131 72.0
99 148 54.0
99 167 77.0
99 184 49.0
99 152 46.0
100 4 54.0
100 52 83.0
100 91 27.0
100 94 41.0
100 104 31.0
100 123 39.0
100 130 48.0
100 142 90.0
100 164 50.0
100 180 84.0
100 5 31.0
100 19 25.0
100 40 85.0
100 48 18.0
100 50 92.0
100 69 11.0
100 71 87.0
100 107 72.0
100 112 64.0
100 116 80.0
100 160 21.0
100 166 1.0
100 167 93.0
101 3 19.0
101 21 22.0
101 42 75.0
101 74 66.0
101 77 62.0
101 88 99.0
101 110 66.0
101 122 27.0
101 124 42.0
101 128 86.0
101 188 14.0
102 15 61.0
102 16 52.0
102 86 54.0
102 87 23.0
102 127 19.0
102 134 73.0
103 36 3.0
103 38 78.0
103 72 71.0
103 97 46.0
103 120 73.0
103 157 11.0
103 168 81.0
103 174 46.0
103 179 39.0
103 181 97.0
103 195 46.0
103 200 86.0
104 4 11.0
104 20 50.0
104 27 2.0
104 34 23.0
104 52 8.0
104 55 71.0
104 75 16.0
104 91 38.0
104 92 35.0
104 94 50.0
104 100 72.0
104 123 19.0
104 130 94.0
104 142 12.0
104 146 76.0
104 164 49.0
104 192 26.0
104 136 12.0
104 199 10.0
105 90 10.0
105 93 63.0
105 184 31.0
105 152 55.0
105 175 47.0
106 45 80.0
106 54 1.0
106 65 82.0
106 66 89.0
106 108 1.0
106 114 62.0
106 119 5.0
106 139 50.0
106 186 91.0
106 190 56.0
107 4 75.0
107 52 66.0
107 94 73.0
107 100 96.0
107 123 47.0
107 130 11.0
107 142 89.0
107 146 79.0
107 164 37.0
107 180 25.0
107 136 24.0
107 147 87.0
107 199 49.0
107 5 5.0
107 19 90.0
107 40 99.0
107 50 95.0
107 69 96.0
107 71 22.0
107 112 46.0
107 116 2.0
107 167 48.0
107 6 77.0
107 7 26.0
107 64 41.0
107 83 4.0
107 182 45.0
107 185 21.0
108 45 39.0
108 63 96.0
108 65 91.0
108 66 29.0
108 96 8.0
108 106 75.0
108 114 65.0
108 139 55.0
108 175 22.0
108 186 51.0
108 190 48.0
109 57 5.0
109 134 8.0
109 137 49.0
109 145 52.0
109 155 49.0
109 169 63.0
109 178 99.0
110 3 65.0
110 21 23.0
110 30 91.0
110 42 14.0
110 77 39.0
110 88 73.0
110 93 78.0
110 99 44.0
110 101 90.0
110 122 51.0
110 124 43.0
110 131 43.0
110 188 88.0
111 15 19.0
111 16 85.0
111 22 99.0
111 24 69.0
111 28 25.0
111 33 41.0
111 49 39.0
111 58 66.0
111 86 69.0
111 87 79.0
111 95 76.0
111 127 66.0
111 138 87.0
111 141 25.0
111 159 82.0
111 171 15.0
111 196 40.0
112 4 73.0
112 52 67.0
112 94 57.0
112 100 29.0
112 123 69.0
112 130 45.0
112 142 79.0
112 164 8.0
112 180 68.0
112 147 98.0
112 5 42.0
112 19 91.0
112 40 39.0
112 41 31.0
112 48 22.0
112 50 39.0
112 69 88.0
112 71 40.0
112 107 48.0
112 116 28.0
112 167 84.0
112 6 47.0
112 64 36.0
112 83 87.0
112 182 18.0
112 185 56.0
113 61 19.0
113 62 33.0
113 89 10.0
113 32 6.0
113 76 50.0
113 79 5.0
113 82 91.0
113 115 54.0
113 150 22.0
113 160 66.0
113 165 93.0
113 166 20.0
113 177 62.0
114 44 9.0
114 45 59.0
114 47 70.0
114 54 3.0
114 65 58.0
114 66 85.0
114 106 58.0
114 108 71.0
114 119 84.0
114 186 6.0
114 190 81.0
115 89 81.0
115 79 57.0
115 113 76.0
115 150 38.0
116 4 77.0
116 52 14.0
116 94 97.0
116 100 47.0
116 123 69.0
116 130 52.0
116 142 23.0
116 164 99.0
116 180 71.0
116 147 76.0
116 5 99.0
116 19 17.0
116 40 35.0
116 41 5.0
116 48 90.0
116 50 86.0
116 69 47.0
116 71 44.0
116 99 68.0
116 107 57.0
116 112 75.0
116 167 36.0
116 6 21.0
116 64 9.0
116 83 88.0
116 182 72.0
116 185 28.0
117 29 75.0
117 53 45.0
117 133 91.0
117 163 52.0
117 194 87.0
118 25 27.0
118 126 72.0
118 144 76.0
118 158 56.0
118 163 62.0
118 189 52.0
118 194 54.0
119 44 88.0
119 47 67.0
119 54 92.0
119 65 85.0
119 106 35.0
119 114 97.0
120 10 72.0
120 36 36.0
120 38 97.0
120 56 29.0
120 97 61.0
120 103 81.0
120 157 70.0
120 168 2.0
120 174 78.0
120 179 59.0
120 181 10.0
120 191 56.0
120 198 69.0
120 200 29.0
121 17 88.0
121 18 43.0
121 39 28.0
121 60 55.0
121 68 12.0
121 162 74.0
121 172 84.0
121 176 60.0
122 3 22.0
122 30 44.0
122 41 39.0
122 77 23.0
122 88 96.0
122 90 23.0
122 93 32.0
122 99 4.0
122 101 50.0
122 110 54.0
122 131 30.0
122 148 69.0
122 184 39.0
123 4 75.0
123 52 82.0
123 55 19.0
123 91 27.0
123 92 95.0
123 94 33.0
123 100 13.0
123 104 6.0
123 130 23.0
123 142 35.0
123 146 42.0
123 164 56.0
123 19 52.0
123 48 62.0
123 69 59.0
123 71 96.0
123 107 1.0
123 112 79.0
123 116 84.0
123 160 24.0
123 167 9.0
124 3 62.0
124 21 18.0
124 42 39.0
124 51 68.0
124 74 82.0
124 77 64.0
124 82 33.0
124 98 53.0
124 101 58.0
124 110 35.0
124 128 65.0
124 177 73.0
124 187 28.0
124 188 35.0
125 13 78.0
125 37 98.0
125 46 88.0
125 73 36.0
125 161 59.0
125 170 66.0
125 198 4.0
125 11 56.0
125 39 57.0
125 78 83.0
125 156 91.0
125 172 20.0
125 183 60.0
126 25 47.0
126 29 26.0
126 118 24.0
126 144 19.0
126 158 66.0
126 163 71.0
126 194 55.0
127 15 34.0
127 16 51.0
127 22 26.0
127 27 44.0
127 28 76.0
127 34 16.0
127 49 77.0
127 58 49.0
127 86 73.0
127 87 16.0
127 92 56.0
127 95 31.0
127 102 51.0
127 111 61.0
127 134 51.0
127 159 99.0
127 192 78.0
127 193 79.0
128 9 86.0
128 21 44.0
128 42 25.0
128 51 69.0
128 67 42.0
128 74 58.0
128 81 27.0
128 98 5.0
128 101 92.0
128 124 16.0
128 187 99.0
128 188 38.0
129 35 3.0
129 85 59.0
129 139 38.0
129 175 33.0
130 4 56.0
130 20 22.0
130 52 7.0
130 55 38.0
130 91 87.0
130 94 85.0
130 100 93.0
130 104 96.0
130 123 39.0
130 142 96.0
130 146 25.0
130 164 54.0
130 180 39.0
130 136 84.0
130 147 62.0
130 199 74.0
130 5 94.0
130 19 9.0
130 50 67.0
130 71 78.0
130 107 30.0
130 112 57.0
130 116 38.0
130 167 33.0
130 64 28.0
130 182 24.0
131 3 77.0
131 30 73.0
131 41 87.0
131 77 72.0
131 90 14.0
131 93 13.0
131 99 16.0
131 110 42.0
131 122 29.0
131 148 21.0
131 184 37.0
131 152 92.0
132 14 14.0
132 31 50.0
132 36 53.0
132 70 86.0
132 97 22.0
132 144 96.0
132 151 10.0
132 168 5.0
132 181 79.0
132 189 24.0
132 200 91.0
133 10 58.0
133 29 25.0
133 53 52.0
133 56 35.0
133 59 90.0
133 117 85.0
133 163 99.0
133 191 68.0
133 194 13.0
134 15 94.0
134 16 1.0
134 86 96.0
134 87 90.0
134 102 12.0
134 109 78.0
134 127 60.0
135 12 3.0
135 22 89.0
135 24 15.0
135 61 15.0
135 62 34.0
135 89 15.0
135 95 95.0
135 140 6.0
135 159 3.0
135 196 37.0
135 197 14.0
136 4 7.0
136 20 52.0
136 55 67.0
136 94 22.0
136 104 73.0
136 130 6.0
136 142 48.0
136 146 72.0
136 180 10.0
136 46 77.0
136 147 60.0
136 149 47.0
136 157 74.0
136 199 55.0
136 107 59.0
136 64 89.0
136 182 89.0
137 57 19.0
137 109 85.0
137 145 72.0
137 155 49.0
137 169 64.0
137 178 66.0
137 43 2.0
138 16 69.0
138 24 53.0
138 26 45.0
138 33 22.0
138 49 73.0
138 86 22.0
138 111 79.0
138 141 21.0
138 159 34.0
138 171 67.0
139 65 56.0
139 66 61.0
139 106 65.0
139 108 92.0
139 129 97.0
140 24 45.0
140 61 8.0
140 62 57.0
140 89 41.0
140 135 86.0
140 196 83.0
140 197 63.0
141 15 98.0
141 16 51.0
141 24 12.0
141 26 59.0
141 33 31.0
141 49 94.0
141 86 56.0
141 111 85.0
141 138 87.0
141 159 89.0
141 171 47.0
142 4 61.0
142 20 16.0
142 52 88.0
142 55 77.0
142 91 31.0
142 94 46.0
142 100 29.0
142 104 52.0
142 123 37.0
142 130 22.0
142 146 54.0
142 164 52.0
142 180 40.0
142 136 78.0
142 147 14.0
142 199 36.0
142 5 94.0
142 19 99.0
142 40 10.0
142 50 99.0
142 69 44.0
142 71 53.0
142 107 55.0
142 112 97.0
142 116 15.0
142 167 46.0
142 64 25.0
142 83 16.0
142 182 92.0
143 9 71.0
143 67 46.0
143 81 62.0
144 97 56.0
144 118 15.0
144 126 58.0
144 132 76.0
144 168 1.0
144 174 18.0
144 189 76.0
144 200 4.0
145 57 18.0
145 109 58.0
145 137 60.0
145 155 30.0
145 169 20.0
145 178 87.0
145 43 3.0
146 4 39.0
146 20 3.0
146 27 26.0
146 52 36.0
146 55 93.0
146 75 79.0
146 94 77.0
146 104 74.0
146 123 11.0
146 130 28.0
146 142 21.0
146 153 68.0
146 154 78.0
146 180 55.0
146 136 88.0
146 147 41.0
146 157 89.0
146 199 58.0
146 107 52.0
147 4 46.0
147 52 90.0
147 94 76.0
147 130 83.0
147 142 89.0
147 146 63.0
147 180 75.0
147 46 76.0
147 136 48.0
147 149 78.0
147 157 58.0
147 199 94.0
147 5 76.0
147 19 1.0
147 40 1.0
147 50 94.0
147 69 73.0
147 107 41.0
147 112 32.0
147 116 80.0
147 167 55.0
147 6 4.0
147 7 33.0
147 64 47.0
147 78 30.0
147 83 6.0
147 182 9.0
147 185 58.0
148 5 28.0
148 30 80.0
148 40 76.0
148 41 33.0
148 50 3.0
148 69 41.0
148 90 95.0
148 93 84.0
148 99 59.0
148 122 9.0
148 131 61.0
148 184 34.0
148 83 82.0
148 152 68.0
148 185 56.0
149 94 45.0
149 180 27.0
149 46 76.0
149 73 87.0
149 136 37.0
149 147 16.0
149 157 79.0
149 161 75.0
149 179 79.0
149 198 13.0
149 199 5.0
149 6 48.0
149 7 58.0
149 64 12.0
149 78 81.0
149 182 83.0
149 183 61.0
150 8 45.0
150 32 5.0
150 76 3.0
150 79 44.0
150 82 18.0
150 113 26.0
150 115 32.0
150 177 90.0
151 31 52.0
151 36 20.0
151 43 9.0
151 70 83.0
151 97 34.0
151 132 84.0
151 189 39.0
152 41 88.0
152 90 91.0
152 93 42.0
152 99 47.0
152 131 52.0
152 148 53.0
152 184 90.0
152 6 51.0
152 7 91.0
152 83 48.0
152 105 26.0
152 156 76.0
152 175 91.0
152 185 36.0
153 20 55.0
153 27 71.0
153 55 77.0
153 75 36.0
153 146 20.0
153 154 18.0
153 2 78.0
153 14 45.0
153 38 12.0
153 70 63.0
153 72 90.0
153 181 42.0
153 195 3.0
154 20 51.0
154 55 43.0
154 75 13.0
154 146 77.0
154 153 35.0
154 2 32.0
154 14 87.0
154 38 83.0
154 70 71.0
154 72 38.0
154 181 19.0
154 195 8.0
155 57 46.0
155 109 37.0
155 137 95.0
155 145 4.0
155 169 44.0
155 178 76.0
156 46 92.0
156 73 98.0
156 161 8.0
156 6 58.0
156 7 7.0
156 11 62.0
156 64 40.0
156 78 79.0
156 83 61.0
156 125 58.0
156 152 64.0
156 182 19.0
156 183 66.0
156 185 38.0
157 20 71.0
157 94 4.0
157 146 31.0
157 180 42.0
157 46 69.0
157 73 15.0
157 103 76.0
157 120 92.0
157 136 20.0
157 147 47.0
157 149 53.0
157 161 50.0
157 179 2.0
157 198 76.0
157 199 91.0
157 64 57.0
157 78 56.0
157 182 44.0
158 25 10.0
158 118 5.0
158 126 90.0
159 15 13.0
159 16 97.0
159 22 62.0
159 24 87.0
159 28 4.0
159 33 42.0
159 49 58.0
159 58 26.0
159 86 4.0
159 87 8.0
159 95 55.0
159 111 69.0
159 127 49.0
159 135 86.0
159 138 18.0
159 141 91.0
159 171 20.0
159 196 52.0
160 12 1.0
160 52 89.0
160 61 68.0
160 62 93.0
160 91 79.0
160 100 43.0
160 123 70.0
160 164 67.0
160 197 74.0
160 19 83.0
160 32 69.0
160 48 57.0
160 71 92.0
160 113 9.0
160 165 23.0
160 166 86.0
161 37 90.0
161 46 63.0
161 56 22.0
161 73 68.0
161 149 12.0
161 157 94.0
161 170 34.0
161 198 2.0
161 6 28.0
161 7 63.0
161 64 10.0
161 78 72.0
161 125 17.0
161 156 24.0
161 182 90.0
161 183 58.0
162 1 33.0
162 17 23.0
162 18 31.0
162 23 94.0
162 60 83.0
162 68 34.0
162 121 63.0
162 173 72.0
162 176 23.0
163 29 69.0
163 117 30.0
163 118 62.0
163 126 52.0
163 133 11.0
163 194 88.0
164 4 12.0
164 52 24.0
164 91 78.0
164 94 32.0
164 100 53.0
164 104 23.0
164 123 46.0
164 130 60.0
164 142 71.0
164 5 4.0
164 19 5.0
164 40 33.0
164 48 16.0
164 69 72.0
164 71 37.0
164 107 96.0
164 112 18.0
164 116 90.0
164 160 30.0
164 167 39.0
165 30 66.0
165 32 84.0
165 48 57.0
165 71 92.0
165 76 15.0
165 82 89.0
165 113 63.0
165 160 94.0
165 166 65.0
165 177 7.0
166 100 87.0
166 19 87.0
166 30 28.0
166 32 36.0
166 40 84.0
166 48 9.0
166 69 96.0
166 71 14.0
166 76 73.0
166 77 16.0
166 82 79.0
166 113 45.0
166 160 30.0
166 165 86.0
166 167 33.0
166 177 21.0
167 4 45.0
167 52 1.0
167 91 7.0
167 94 49.0
167 100 47.0
167 123 29.0
167 130 44.0
167 142 69.0
167 164 21.0
167 180 23.0
167 147 34.0
167 5 35.0
167 19 79.0
167 30 38.0
167 40 82.0
167 41 3.0
167 48 85.0
167 50 72.0
167 69 76.0
167 71 16.0
167 99 44.0
167 107 67.0
167 112 64.0
167 116 77.0
167 166 8.0
167 83 64.0
168 14 15.0
168 36 10.0
168 38 28.0
168 70 85.0
168 72 20.0
168 97 95.0
168 103 35.0
168 120 70.0
168 132 34.0
168 144 96.0
168 174 11.0
168 179 44.0
168 181 76.0
168 195 52.0
168 200 89.0
169 57 8.0
169 109 94.0
169 137 84.0
169 145 81.0
169 155 74.0
169 178 13.0
169 43 23.0
170 13 44.0
170 37 81.0
170 46 87.0
170 56 10.0
170 59 18.0
170 73 59.0
170 161 93.0
170 191 44.0
170 198 61.0
170 11 68.0
170 39 97.0
170 78 44.0
170 125 39.0
170 172 37.0
170 183 58.0
171 24 63.0
171 33 16.0
171 49 1.0
171 86 60.0
171 111 80.0
171 138 60.0
171 141 48.0
171 159 44.0
172 13 53.0
172 37 40.0
172 170 70.0
172 11 6.0
172 17 38.0
172 18 91.0
172 39 25.0
172 68 57.0
172 80 25.0
172 121 57.0
172 125 79.0
172 173 12.0
173 11 89.0
173 17 80.0
173 18 91.0
173 23 18.0
173 39 76.0
173 63 92.0
173 68 90.0
173 80 12.0
173 96 9.0
173 162 74.0
173 172 21.0
174 10 52.0
174 36 66.0
174 38 86.0
174 97 70.0
174 103 34.0
174 120 93.0
174 144 63.0
174 168 53.0
174 179 99.0
174 181 10.0
174 191 39.0
174 200 19.0
175 90 65.0
175 45 6.0
175 66 21.0
175 105 2.0
175 108 64.0
175 129 10.0
175 152 58.0
175 186 28.0
175 190 62.0
176 1 44.0
176 17 58.0
176 18 71.0
176 23 27.0
176 60 91.0
176 68 4.0
176 121 14.0
176 162 62.0
177 30 30.0
177 32 62.0
177 76 84.0
177 77 90.0
177 79 7.0
177 82 43.0
177 98 18.0
177 113 55.0
177 124 75.0
177 150 73.0
177 165 77.0
177 166 37.0
177 188 5.0
178 57 51.0
178 109 73.0
178 137 29.0
178 145 69.0
178 155 33.0
178 169 20.0
178 14 7.0
178 43 4.0
179 10 34.0
179 36 71.0
179 38 96.0
179 56 95.0
179 59 98.0
179 103 72.0
179 120 40.0
179 149 7.0
179 157 57.0
179 168 88.0
179 174 55.0
179 191 66.0
179 198 20.0
179 200 72.0
180 4 29.0
180 52 43.0
180 94 99.0
180 100 48.0
180 130 63.0
180 142 43.0
180 146 3.0
180 46 25.0
180 136 78.0
180 147 30.0
180 149 70.0
180 157 30.0
180 199 9.0
180 5 68.0
180 19 22.0
180 40 40.0
180 50 76.0
180 69 78.0
180 107 62.0
180 112 54.0
180 116 15.0
180 167 44.0
180 6 56.0
180 7 31.0
180 64 13.0
180 83 7.0
180 182 15.0
180 185 5.0
181 153 10.0
181 154 15.0
181 2 49.0
181 14 73.0
181 36 1.0
181 38 20.0
181 70 35.0
181 72 58.0
181 97 51.0
181 103 44.0
181 120 28.0
181 132 93.0
181 168 95.0
181 174 65.0
181 195 73.0
181 200 46.0
182 94 87.0
182 130 10.0
182 142 28.0
182 180 25.0
182 46 10.0
182 73 89.0
182 136 69.0
182 147 63.0
182 149 88.0
182 157 34.0
182 161 9.0
182 199 64.0
182 5 68.0
182 50 44.0
182 107 14.0
182 112 86.0
182 116 86.0
182 6 29.0
182 7 58.0
182 64 97.0
182 78 56.0
182 83 17.0
182 156 72.0
182 185 88.0
183 13 5.0
183 37 42.0
183 46 13.0
183 73 4.0
183 149 48.0
183 161 87.0
183 170 2.0
183 198 48.0
183 6 66.0
183 7 7.0
183 11 64.0
183 64 31.0
183 78 31.0
183 125 37.0
183 156 24.0
184 3 91.0
184 41 7.0
184 90 43.0
184 93 98.0
184 99 12.0
184 122 45.0
184 131 55.0
184 148 51.0
184 105 20.0
184 152 44.0
185 180 68.0
185 46 7.0
185 147 76.0
185 5 15.0
185 40 29.0
185 41 74.0
185 50 6.0
185 69 63.0
185 107 13.0
185 112 68.0
185 116 60.0
185 148 52.0
185 6 6.0
185 7 64.0
185 64 63.0
185 78 33.0
185 83 37.0
185 152 80.0
185 156 19.0
185 182 30.0
186 45 58.0
186 54 41.0
186 63 27.0
186 65 57.0
186 66 6.0
186 96 94.0
186 106 9.0
186 108 81.0
186 114 7.0
186 175 8.0
186 190 92.0
187 8 23.0
187 9 76.0
187 42 78.0
187 51 84.0
187 74 59.0
187 81 63.0
187 98 71.0
187 124 3.0
187 128 10.0
188 3 81.0
188 21 21.0
188 30 26.0
188 42 68.0
188 74 13.0
188 77 74.0
188 82 85.0
188 98 58.0
188 101 29.0
188 110 44.0
188 124 92.0
188 128 58.0
188 177 40.0
189 97 24.0
189 118 75.0
189 132 23.0
189 144 51.0
189 151 85.0
190 45 77.0
190 54 18.0
190 63 67.0
190 65 89.0
190 66 72.0
190 96 54.0
190 106 72.0
190 108 77.0
190 114 95.0
190 175 39.0
190 186 71.0
191 10 5.0
191 13 28.0
191 37 85.0
191 53 74.0
191 56 24.0
191 59 34.0
191 120 24.0
191 133 76.0
191 170 97.0
191 174 54.0
191 179 15.0
191 198 76.0
191 200 48.0
192 22 61.0
192 27 49.0
192 28 58.0
192 34 24.0
192 55 91.0
192 58 10.0
192 75 71.0
192 92 92.0
192 95 44.0
192 104 26.0
192 127 3.0
192 193 93.0
193 12 98.0
193 22 87.0
193 27 79.0
193 28 48.0
193 34 50.0
193 58 10.0
193 87 95.0
193 92 8.0
193 95 39.0
193 127 26.0
193 192 96.0
193 196 76.0
193 197 19.0
194 25 47.0
194 29 40.0
194 117 38.0
194 118 66.0
194 126 20.0
194 133 68.0
194 163 50.0
195 75 26.0
195 153 68.0
195 154 43.0
195 2 30.0
195 14 53.0
195 36 99.0
195 38 15.0
195 70 10.0
195 72 87.0
195 103 62.0
195 168 96.0
195 181 7.0
196 12 10.0
196 22 52.0
196 24 72.0
196 28 21.0
196 49 64.0
196 58 92.0
196 62 49.0
196 89 1.0
196 95 79.0
196 111 25.0
196 135 43.0
196 140 82.0
196 159 68.0
196 193 42.0
196 197 62.0
197 12 40.0
197 22 10.0
197 28 9.0
197 61 57.0
197 62 24.0
197 89 94.0
197 91 87.0
197 92 66.0
197 95 75.0
197 135 46.0
197 140 22.0
197 193 1.0
197 196 69.0
197 160 4.0
198 10 46.0
198 37 92.0
198 46 17.0
198 56 84.0
198 59 35.0
198 73 48.0
198 120 84.0
198 149 46.0
198 157 57.0
198 161 18.0
198 170 17.0
198 179 82.0
198 191 23.0
198 199 20.0
198 78 27.0
198 125 11.0
198 183 73.0
199 20 67.0
199 55 23.0
199 94 25.0
199 104 25.0
199 130 39.0
199 142 47.0
199 146 18.0
199 180 78.0
199 46 58.0
199 136 79.0
199 147 84.0
199 149 57.0
199 157 64.0
199 198 31.0
199 107 1.0
199 64 66.0
199 182 68.0
200 10 59.0
200 36 18.0
200 97 93.0
200 103 31.0
200 120 84.0
200 132 52.0
200 144 33.0
200 168 84.0
200 174 51.0
200 179 1.0
200 181 22.0
200 191 7.0
