2 7
5 352
11 925
12 122
14 106
15 19
19 932
23 394
22 531
25 314
27 185
35 234
32 701
36 817
43 525
40 159
46 436
51 423
49 181
48 268
54 35
53 525
52 309
58 524
57 645
63 148
60 763
69 567
70 279
71 659
66 337
67 175
76 378
72 236
74 156
84 637
87 22
86 10
83 818
82 405
92 930
95 426
88 272
91 107
103 105
100 202
99 809
97 416
110 398
108 794
104 243
119 333
118 952
114 350
113 276
112 923
127 600
121 477
120 82
137 604
138 615
140 857
129 751
128 705
131 341
132 891
135 875
152 577
154 700
155 610
157 236
158 859
145 979
146 704
150 552
174 345
173 134
172 601
160 987
167 705
166 651
165 705
185 412
190 680
191 783
178 241
176 713
182 365
180 679
205 662
207 219
201 888
200 907
203 454
202 813
196 629
193 316
192 135
195 990
222 265
223 870
216 726
217 430
218 848
212 913
213 177
215 853
208 112
209 178
210 2
211 966
238 869
237 518
236 160
235 98
232 722
231 214
230 235
229 817
225 289
254 877
252 292
249 236
244 687
243 903
275 423
279 886
278 783
277 228
282 526
287 153
285 49
284 378
259 771
257 868
262 839
260 65
261 729
267 186
264 900
265 223
269 920
305 718
307 721
309 404
308 147
312 314
315 117
314 216
317 768
318 831
295 441
296 936
297 443
301 71
302 541
303 623
338 359
336 134
351 178
348 993
326 10
327 343
325 333
322 291
320 100
334 411
332 261
331 734
328 540
373 164
372 241
375 507
374 95
368 543
371 49
370 280
381 70
380 728
379 623
356 824
353 938
355 800
364 129
365 505
366 591
367 681
360 439
362 407
363 122
408 634
415 547
413 166
406 177
404 77
395 298
394 404
393 101
392 342
399 341
386 13
385 934
384 663
391 908
390 840
389 948
388 486
440 568
442 583
446 221
434 704
435 835
437 308
425 591
427 758
426 159
429 846
428 676
430 854
416 487
419 627
418 501
421 365
420 446
423 783
478 821
479 215
477 986
474 571
473 419
466 865
467 493
465 553
459 587
458 838
454 56
453 740
452 194
451 246
449 995
448 340
497 355
493 869
492 381
494 871
490 835
484 455
487 237
486 27
483 254
