164.4454249215586 93.36295181218335 0.0
2.502421328339932 181.81124220646365 0.0
37.88316031125569 178.94753655911825 0.0
164.79785555944977 183.0902950689348 0.0
85.94264490400437 126.26594240604743 0.0
39.39747017540745 62.94587943633088 0.0
198.08054596086265 15.761310076438729 0.0
158.62970511055275 37.693419949859994 0.0
181.05505876244004 73.52543971471792 0.0
4.964302910107565 81.08729186287835 0.0
56.70333347889982 135.68736561366984 0.0
194.10746622398793 160.39877135173913 0.0
197.07339000729633 62.46263871377453 0.0
103.8163481147973 114.5282469590702 0.0
81.07188723098353 91.9328673657397 0.0
83.86377047639569 97.52218901240704 0.0
54.64065875523709 198.03915037500926 0.0
96.06069495191423 125.90422087925704 0.0
155.5765451364025 122.93714231941885 0.0
127.97040844576941 114.51881979719629 0.0
24.46059691743492 90.77545861589388 0.0
199.9250786779637 63.12514441153609 0.0
164.76421427226114 78.12334721956698 0.0
42.181795472651416 164.76767319711772 0.0
138.0514900054051 115.68739932015922 0.0
157.5318459181831 146.9892598372792 0.0
84.2984681355464 26.621365500020833 0.0
4.403499021025126 128.24138396216222 0.0
42.70163158417879 68.646998426656 0.0
36.4751410522244 74.3853781975475 0.0
114.94948395727103 140.3681076360501 0.0
117.04215280827681 173.96749558382913 0.0
160.7827321197301 136.57384291595272 0.0
189.85756176671967 115.98975568559578 0.0
44.769959532346014 92.99153813197665 0.0
32.892919705885305 150.18750458023948 0.0
63.5774727207866 147.86328443893683 0.0
47.44255045704446 137.3638384320499 0.0
74.61334944945186 65.88462197239258 0.0
142.2208419912579 156.11987647992686 0.0
19.77745462485494 119.45770455117149 0.0
60.57873824170543 22.359158476953755 0.0
192.15062425955338 102.87545265581241 0.0
168.69228416573833 99.2333554140506 0.0
128.8078437070669 166.96709808390636 0.0
173.5525276431766 27.735592942365738 0.0
29.54182839233559 4.899857457206713 0.0
71.81270112096043 91.93676182184731 0.0
99.1348878459887 94.24521702654 0.0
44.02514112942346 47.899252808423974 0.0
189.91864184932132 6.08266604233032 0.0
3.527015844727832 191.59154206453633 0.0
181.71260493488234 28.827550822941973 0.0
85.2103962379655 18.66626248039274 0.0
77.83426767654731 122.63393062971217 0.0
116.63887372126405 37.753307665862536 0.0
18.724907289412542 119.6373333023676 0.0
52.44944788776085 138.95865035600877 0.0
118.83682193335363 115.96631809589053 0.0
72.70493095714308 190.54865628669887 0.0
17.77934848157974 163.36591622236716 0.0
146.8387541304161 39.33862797191801 0.0
103.32252282818908 61.43999053196663 0.0
147.0605529662216 24.093492780381776 0.0
111.70880454447196 75.93367133221601 0.0
58.56752233728175 76.28751519142381 0.0
39.8249168327482 164.141109710442 0.0
78.63307577453469 78.85907836120927 0.0
14.137300909590223 175.43772368136402 0.0
22.620869722194215 181.1355010954865 0.0
152.89638629127825 113.10036094656691 0.0
62.198921341857094 26.892099248464675 0.0
130.96627168936598 92.99273917619233 0.0
9.504953706309793 142.5485710548854 0.0
110.73818974741725 115.35759158002958 0.0
130.7408256591365 53.795008150369284 0.0
137.93744627534858 177.8710616589951 0.0
23.650343277693796 51.478809016991846 0.0
17.735295896678483 1.278943169936686 0.0
25.5613915423468 111.37284203347669 0.0
84.42866923619015 113.34837035840944 0.0
132.14983767827783 87.48431160774982 0.0
157.0522340747361 42.53266650623016 0.0
101.80925031394146 144.8527918936531 0.0
133.63888573880902 109.66118427765056 0.0
96.48702592259149 75.32498715730523 0.0
118.44626242276308 174.12985100899473 0.0
67.07407260466145 48.58281291077584 0.0
99.31851354024086 90.48243056337475 0.0
129.91180987215773 90.74050158185476 0.0
196.4540304463756 161.93637831820752 0.0
0.7066841546713665 154.11543894458478 0.0
189.20149486831838 139.3213214651402 0.0
153.1191560577522 44.31657121446533 0.0
194.1080654216422 107.06229737271278 0.0
151.5204955543402 104.5831508485801 0.0
15.295238807877197 122.25379418119175 0.0
170.88732430539008 22.34591071103487 0.0
17.339260854827465 128.53490246876703 0.0
61.530580779793986 19.27145212858874 0.0
181.18476390190528 53.389777572049326 0.0
42.3317951448728 13.590061456119473 0.0
95.22168601851556 115.66175183007313 0.0
13.386558329261078 102.29597907115011 0.0
6.507196450037189 19.483520666115872 0.0
167.4312021712873 100.84830875701746 0.0
111.21587837950675 91.48984708488707 0.0
49.155608325220676 99.2898510224084 0.0
198.75296550624935 130.09324246843667 0.0
62.48145706561918 46.24004587117061 0.0
180.56699605566013 178.76731698036136 0.0
58.11179279942045 56.007541749062284 0.0
132.54990221222144 9.696330546245392 0.0
47.1343898361497 49.10668437679537 0.0
59.01391910138627 9.813731852392294 0.0
81.18800805542608 82.75148203240752 0.0
46.58649059090501 198.1663851553313 0.0
115.6770428129661 105.43954194749523 0.0
17.965711031633646 71.70538771078748 0.0
29.74678549959957 78.5276729369069 0.0
118.33054449198919 76.0182991279604 0.0
115.20801397294527 47.739745946005584 0.0
71.30156663697558 128.18178331556814 0.0
66.32616403692566 18.8365720583878 0.0
26.699511620205428 180.8276747567329 0.0
3.3669717362624585 194.2166211507251 0.0
88.95056362232603 109.67952926644253 0.0
145.01693833943347 61.00544129621823 0.0
62.83873447245733 31.230811108477518 0.0
8.273657835631166 186.23064324355306 0.0
182.40745886083198 112.89994973416864 0.0
59.12747479119458 170.9685123318768 0.0
99.16383186181454 24.91147806594649 0.0
163.33261513826687 42.88727587095771 0.0
197.34074695769112 1.3166292668866042 0.0
193.79241580892187 25.401085342578476 0.0
176.82351148284724 26.98078354710074 0.0
139.55988996655543 111.68796811200778 0.0
198.44927108927422 148.02915486932707 0.0
31.181433049712016 193.11393054341553 0.0
121.73902935040431 115.15635765033052 0.0
148.0879443073026 44.14450946588566 0.0
81.72361424311352 112.36928939669804 0.0
105.96437255669741 49.6141781221342 0.0
49.376578254105596 198.14709013994326 0.0
135.5050587479841 175.2629938606406 0.0
99.26851463053774 91.66583093150489 0.0
158.6889717256601 128.7389633419939 0.0
68.40882255076728 73.64968525339857 0.0
144.68543321766663 135.80371645557094 0.0
131.84260045273933 39.5744522996351 0.0
84.72743004861294 65.26806453089291 0.0
143.4218331248246 142.36329259636463 0.0
163.76630362392157 176.223140000052 0.0
194.27160881590066 192.3786725759498 0.0
126.44807163192854 132.4218201037183 0.0
126.82370689419633 44.428452775101675 0.0
35.92822036864172 131.20428581363782 0.0
108.89143016976482 194.66831881070675 0.0
6.268379954905856 28.150522102967734 0.0
20.111087438752318 134.69658822004 0.0
52.6348649486109 3.6817263833876623 0.0
132.17718031818018 65.80166111949563 0.0
148.2455966727547 14.12158283541405 0.0
174.64983089569301 163.23635384598128 0.0
102.98852529176278 197.26746758802076 0.0
169.71454451845685 98.55747953023027 0.0
185.86118132116528 161.31069146137003 0.0
192.12609777399584 177.48300796733213 0.0
101.85759858439857 75.98395863961143 0.0
64.6696597930574 31.383339607193772 0.0
3.6553848212049322 106.10324668351122 0.0
134.8241103618886 112.4371285446119 0.0
69.43228545366686 180.2104775192918 0.0
94.9137963617373 85.64630395324329 0.0
10.36815168532128 170.8122570598402 0.0
105.88679826497611 185.31888137424355 0.0
84.86477124488574 77.74915532964918 0.0
63.95906408452168 109.29231935726695 0.0
191.24261723423962 152.51902936042066 0.0
109.71562092281282 61.08411910426936 0.0
186.65009849114566 78.91686498854307 0.0
20.861388432357565 118.32057970368967 0.0
137.1474638993661 134.14284692327837 0.0
152.66580603282395 5.20853109904591 0.0
142.40407846883724 94.56924513760958 0.0
94.24706979267847 177.47904629659178 0.0
98.17438354897435 121.64590627503205 0.0
194.19322269391094 90.1461185652114 0.0
60.69434609876259 165.96311896284914 0.0
175.61905886801142 11.587421244888652 0.0
159.36685179825872 161.27973930362606 0.0
8.609186313172401 171.86824029395393 0.0
67.5809492998417 45.363496844178464 0.0
37.099334990553935 188.8938285768256 0.0
86.23654617815058 40.77942352139856 0.0
67.59942451888905 2.889451277809596 0.0
120.52262026844008 56.30152236912276 0.0
118.76352458119874 167.8713988924554 0.0
37.7235828305422 128.41175853202483 0.0
3.6634340679781108 98.18644363201201 0.0
82.30505571533593 112.38950145369708 0.0
70.72406759977954 148.8610971589722 0.0
194.25683654958954 153.7837365715438 0.0
64.63052504629164 20.41628078618405 0.0
27.647378865327177 23.59929512949883 0.0
185.1181750132602 121.96693432327268 0.0
198.57067529893106 184.31746884572962 0.0
19.408742116828904 0.8402001037220996 0.0
5.1431147218448325 68.91041690573616 0.0
103.15682403387979 152.60992469835958 0.0
156.93419372044272 101.29791490552651 0.0
25.122984446210705 62.35922704872798 0.0
127.19184991145715 64.23391111930574 0.0
32.39100584176941 196.14694320900412 0.0
198.4493885230762 129.3995782729246 0.0
15.798494692977116 61.06788052818764 0.0
110.57790712051468 4.518453019424973 0.0
159.35157834229793 182.96079825968215 0.0
40.07436175751609 23.59848426655624 0.0
22.746049118868726 112.73215739495458 0.0
40.35219798824012 8.944742529583905 0.0
192.71880903256013 165.42772944449737 0.0
55.02791886928087 167.37563751206145 0.0
86.8050236770014 120.59813087353426 0.0
179.67357701793281 148.114604121115 0.0
22.17804248365056 168.16862053013259 0.0
192.2317324726228 86.11824081383132 0.0
72.60063386542397 170.9373017203949 0.0
98.2659214653521 182.14090497428197 0.0
128.1176058253436 32.99012352049646 0.0
144.4463776430902 129.62493694817124 0.0
144.97160217612307 12.735080094168904 0.0
42.14715098747306 88.54463978619202 0.0
27.325239218326658 199.9220036056173 0.0
12.757449904242169 127.62127607833789 0.0
117.72444512972034 87.9285473782828 0.0
117.28652376938793 108.86537635781997 0.0
89.83935096512192 15.756887392405439 0.0
165.0680284930128 72.19170164393094 0.0
134.8707097218477 28.59978801452887 0.0
109.84633201546303 92.8913343235261 0.0
112.1112844070641 11.498758492507054 0.0
36.253751213510355 131.0342946779965 0.0
194.50334978133057 187.5310493685937 0.0
15.664400577749893 169.41534926988456 0.0
81.6348619857981 40.126336671271034 0.0
67.63672919107775 145.44450830956157 0.0
75.46852289233222 18.52795859129488 0.0
1.6335071374126597 22.422960334534302 0.0
18.199490474212432 16.077686123167645 0.0
33.43456038582029 16.934160717163582 0.0
76.98902967302772 172.91705300642562 0.0
171.6340308546221 101.61886012082351 0.0
26.923016759349984 47.862253152674405 0.0
51.84068060823863 36.39194660330034 0.0
31.395680533309566 28.623887261629587 0.0
159.67608052301279 146.19801803464952 0.0
148.22065245488258 5.20658494865156 0.0
28.392330267682773 59.69168330130004 0.0
100.12282213490525 18.237951421463137 0.0
22.90735102962598 50.767627962414544 0.0
39.8661760972008 12.140014667842047 0.0
129.28237112591708 83.65456797581416 0.0
113.12426844327459 172.47066472918362 0.0
157.142948725621 152.3262346098661 0.0
176.3016313649251 7.4265093812215355 0.0
132.27116125105434 26.271687360407082 0.0
61.86587604524752 145.41265388444748 0.0
7.57343003832982 67.20618793062675 0.0
100.35188951831489 163.74899143080773 0.0
152.85482526216094 165.09303712193542 0.0
6.051075676994877 37.99664761868144 0.0
197.30732820260803 56.885784434530365 0.0
112.50015293735001 7.052307398912316 0.0
93.34610868828159 137.68929080507488 0.0
104.23551171944258 186.0721353205498 0.0
146.40438412985125 151.57722841329172 0.0
32.8808320299544 127.4511895101161 0.0
12.524050714173839 58.09256799610709 0.0
128.48711799699876 129.49814384502338 0.0
104.05576672344239 110.49677932420813 0.0
121.14588580018165 23.10936727667281 0.0
63.508805697531656 153.1224669912982 0.0
73.24785167216179 28.660278768356417 0.0
166.567515050276 147.72322581999967 0.0
89.36098831237433 68.49614291518387 0.0
97.5177717340665 172.50359223747236 0.0
118.55334949688576 44.8183797521289 0.0
103.80343552306199 2.55102137304859 0.0
193.0877380009874 48.426649440010806 0.0
81.15931642209004 76.68084033999511 0.0
57.76670586152947 50.69095266993793 0.0
66.74373865711769 183.2442890373698 0.0
35.808097718500996 149.2920587676671 0.0
124.92039072330124 156.23868533658353 0.0
149.98270693772326 87.68270282792152 0.0
98.81565004646782 63.09795728088332 0.0
171.84744191353818 148.8859572475408 0.0
170.50420037201653 186.8307315025058 0.0
7.25869204377303 36.16134236351132 0.0
23.65223094912896 157.71228062491986 0.0
42.95233773685199 196.2332021467893 0.0
34.67422423942965 73.52574309314895 0.0
176.82833629580125 15.190027446036014 0.0
131.93567143860415 162.38695486946665 0.0
33.6793634516072 22.82743627162167 0.0
157.26087576501 88.47645952265239 0.0
128.45460464939816 78.12153428857901 0.0
139.9813377050641 178.54117451840008 0.0
80.75126230897524 76.68354892083693 0.0
50.98695530059458 55.81739495377332 0.0
7.078092418828463 20.46056386738284 0.0
142.7187276847643 8.06574830589659 0.0
121.53655794164922 120.61135423114857 0.0
100.76822971241796 87.69789056454655 0.0
160.91705453263157 166.4003335320355 0.0
133.7257343203473 44.51366365163625 0.0
116.80900841245194 86.11666931191908 0.0
10.145366062789396 125.35669148259416 0.0
105.17531030045375 50.439742584719326 0.0
114.97229463465746 140.03521147564143 0.0
32.94308308517267 24.33612134336407 0.0
42.50343799748799 189.14424065672603 0.0
31.51434532146007 160.48735494837646 0.0
68.92983435153101 76.96403388815946 0.0
18.701709814702628 45.41187646666201 0.0
54.735307656507494 91.39901977121482 0.0
23.445792838816317 158.8584427887036 0.0
115.70263542001979 122.96030602321142 0.0
61.772576461385654 187.71255854526862 0.0
171.00507342201513 16.08411010087756 0.0
187.8005938188466 47.57135656157227 0.0
27.837454219125025 198.6172610492551 0.0
60.20920591444734 8.306614700864824 0.0
194.26791165313 19.090278080372425 0.0
162.43106127272458 194.34944001881314 0.0
125.46759081519008 36.437360522668506 0.0
93.93306925790932 136.0943912328891 0.0
103.20245354755366 153.11179871897895 0.0
110.30210786616858 185.73480183756038 0.0
24.447708736821603 160.08437127156577 0.0
131.4529786155946 79.00510678962556 0.0
32.212074453490416 171.0013052429926 0.0
160.12786680534725 123.72010131133366 0.0
160.13559222844296 162.81752133554883 0.0
56.958028778977976 26.66505345502379 0.0
182.15122932130905 11.509855745259955 0.0
103.71001421829757 32.30470596165338 0.0
59.47716875955602 14.014072144829726 0.0
152.9403246841398 39.94324093142821 0.0
159.4331684050164 121.31854545712125 0.0
10.133941063675334 90.38136211708954 0.0
184.05096437930536 172.68650479630062 0.0
23.50370870728049 68.78068484229058 0.0
91.175236938452 117.26785095193726 0.0
66.97914388090125 57.359716947030435 0.0
16.72829138121472 136.90059055476067 0.0
193.51482170260158 89.70971973793253 0.0
114.03801988058402 142.69097976117195 0.0
8.699983903638353 107.93290601276107 0.0
114.60544166593422 108.00058367001239 0.0
68.75267151887594 104.46939924763285 0.0
84.41458760888057 121.7574668465033 0.0
142.33314361752895 142.39343306442868 0.0
100.86404966630155 98.54780216768839 0.0
192.2129937446806 191.1234429372604 0.0
7.626111105716693 165.73329587928268 0.0
30.687934754475087 88.9046410831043 0.0
18.2159712382451 62.878821293475795 0.0
181.72364249360825 49.08679976630859 0.0
133.78002056040447 35.06375845860887 0.0
143.17585683984828 164.13399086570467 0.0
116.58885579287752 79.18957656103782 0.0
184.02727362768877 129.46716998437813 0.0
117.94708173005152 11.185312828059324 0.0
34.43546342736508 108.6543969781514 0.0
197.70872380063727 62.05155786993235 0.0
130.48755375998877 92.12775056617608 0.0
92.31349692660953 181.97272227757085 0.0
60.90896941068442 63.519892508828235 0.0
89.23572843294198 134.26640505487214 0.0
129.57516786543312 180.87738360242088 0.0
147.96442136459558 194.72765879458956 0.0
95.52672360168903 4.421870957597518 0.0
71.10940304139905 36.96513550645828 0.0
181.28985139023612 158.19440701839184 0.0
173.95503600951864 180.61509238411804 0.0
150.65586224533354 99.83209771628177 0.0
126.75967009758486 6.858247169506426 0.0
48.674712238405384 90.89045707297095 0.0
51.3254618632494 4.453679933985466 0.0
69.46935557787232 9.538848254348542 0.0
141.8397538510129 199.54291712828424 0.0
171.5790819367512 128.12045793492146 0.0
49.715822229255366 43.76638910834989 0.0
95.89174372684019 189.98232523256942 0.0
23.137366205618413 187.77365084348875 0.0
157.82615986674887 63.1450373584393 0.0
124.23758143174643 150.99764416144836 0.0
183.2777368066962 122.79565056362986 0.0
160.3203512857468 113.60248155087646 0.0
36.94169135480168 120.25165888901743 0.0
60.25754848803964 102.80321276332687 0.0
151.98003362303217 32.95766957908022 0.0
103.17305537396102 123.29511213927755 0.0
111.5999181772796 58.24068130945304 0.0
63.750678678536985 90.3191251999139 0.0
55.962493606121136 112.96383500939788 0.0
176.97965090502314 163.9291392510427 0.0
91.94308846547987 131.8826044645998 0.0
44.87800637932797 54.31580182580229 0.0
168.61499701519725 119.4214004859705 0.0
8.71071249080364 70.58068784766039 0.0
47.93073029421382 102.7527613485261 0.0
92.44590617680421 119.14371440477389 0.0
47.92623085225534 58.47516295956397 0.0
186.66925130873184 123.00565707835422 0.0
164.8749714688187 140.84972304326266 0.0
86.90294559384044 29.376815330960415 0.0
191.1705999261946 126.47005974000697 0.0
126.25245069424422 100.72185354033398 0.0
137.3181351262719 108.40360337711053 0.0
49.530617344011944 143.05991880464342 0.0
39.2655616008547 122.25678951619872 0.0
64.48542996925022 115.39824406094826 0.0
86.40888621462628 167.2805790655247 0.0
75.48414440794555 185.46640355615398 0.0
140.9556477427631 197.546788393145 0.0
155.98317056859557 149.45761154099327 0.0
135.93313611470188 101.38986733684072 0.0
148.33961753606798 17.272351156417276 0.0
136.9793368015743 61.72273179524561 0.0
92.9969478878196 79.7987938353616 0.0
32.156026661852685 195.49935610645414 0.0
183.80378215148622 121.05349099771867 0.0
74.37516321865778 7.510900723119329 0.0
122.20147891010905 15.544862225974732 0.0
42.63114867767954 161.86621065810633 0.0
100.24261057762615 160.01113601869423 0.0
11.083163021822461 173.92156682191137 0.0
180.87905303982245 28.723370289351703 0.0
19.133326700320442 56.088647425538255 0.0
163.68502275796376 12.833335715858475 0.0
120.99802343012469 112.86372729778931 0.0
125.1568487499075 6.785013322480382 0.0
159.8711890981826 173.58516456049566 0.0
104.95792566514572 138.59759889879416 0.0
159.6301351645276 175.84038437370788 0.0
72.95377946650687 5.866928967123419 0.0
56.13575839820004 168.1074630937136 0.0
156.60885857091168 175.62130991330451 0.0
0.5308065098821757 87.13067200894177 0.0
134.29301318354692 133.70683167472998 0.0
58.54132422684801 83.69328429987118 0.0
7.272490370037432 128.16619227976838 0.0
2.6378661362042477 119.86500520195789 0.0
51.636486878862485 41.11432639102615 0.0
48.01488286883031 41.465496910925026 0.0
121.13720695587871 144.9029777436703 0.0
18.697953957852786 141.39957397263524 0.0
122.89763920080662 150.9055598297842 0.0
146.69033282598093 172.68354206963775 0.0
120.16805123201266 143.0426480965903 0.0
104.92170766707409 44.3964124777007 0.0
29.788621402137984 3.207538323567105 0.0
153.86369995048307 39.45365460432954 0.0
176.74226120813722 182.04036157102615 0.0
42.02812186877591 130.01525955714413 0.0
44.15822340117907 146.03828701222497 0.0
142.16568137272722 34.503958085856134 0.0
14.353649393215683 140.77842967721654 0.0
27.83428298264723 59.623487359080876 0.0
134.9767734569226 50.069159985430375 0.0
99.1076849403634 101.43080903447374 0.0
164.04208830553648 102.13451738009877 0.0
151.54682091448106 41.43037841581831 0.0
148.624264729356 176.47554021502302 0.0
149.1576876615398 166.82251604980064 0.0
174.20432892139792 98.84138331073802 0.0
109.91121062735849 168.45193692151105 0.0
85.13794784017237 176.78213309520532 0.0
141.50210327992866 125.66681966234844 0.0
121.44245413499111 124.54432545978015 0.0
75.375286966293 74.21250713358106 0.0
143.0756561161821 53.60917140251431 0.0
38.64996608325366 71.44827507111057 0.0
20.106118055268674 163.96267139900803 0.0
76.42312523850288 122.58951130815696 0.0
55.651095180013634 161.22573102326297 0.0
191.0355987211779 112.34181776743624 0.0
178.18494622806222 46.06152169192013 0.0
100.23561663023986 198.20744449114292 0.0
90.79735313960471 174.8164409877054 0.0
32.7761262685639 164.9087957707085 0.0
197.20724313888786 174.13994993884427 0.0
177.83392225478062 13.78746688737651 0.0
137.81490029397483 7.367800569664262 0.0
183.73997897798952 166.70168738129453 0.0
163.80130906901292 36.74203054016332 0.0
