109.56285368180633 144.74048446315072 0.0
87.2258178269169 34.70799523224666 0.0
195.57986149443934 63.798374764219545 0.0
155.34973153635184 22.367584766944827 0.0
75.53889864290642 36.31315767911614 0.0
7.535321895137548 3.8354714899538234 0.0
130.71047817877846 180.55435056802145 0.0
73.69647909243461 65.39458668161649 0.0
53.60290137366099 114.68528352408495 0.0
173.79772620497386 148.19183763227818 0.0
190.97007546929194 10.07388618528653 0.0
28.587511075476325 89.9202296309151 0.0
64.25176587183022 102.0606159824466 0.0
93.66538289598998 151.42706942880952 0.0
17.891833961349946 195.59200767629636 0.0
110.39512482518509 137.6292953098842 0.0
96.17536399286404 173.63611843684652 0.0
70.4960083441714 170.7498346272293 0.0
155.67082506757822 193.0538548828381 0.0
50.71482179712356 28.771774916198268 0.0
83.05877633040465 135.60817393708226 0.0
189.80155796052804 123.13983191126847 0.0
7.073938509038458 171.05079539413723 0.0
152.08196924513732 57.12152718939487 0.0
168.4827017894932 184.73391102369197 0.0
150.24051889030153 79.87314607759208 0.0
43.46357512287802 123.95232151833025 0.0
184.49757226124598 31.138597488741592 0.0
3.4532404621469226 25.228974978788045 0.0
196.18495728398375 157.6418086744532 0.0
38.46634722154745 199.01501729119104 0.0
130.79439337895258 74.61638305476221 0.0
71.09234456699778 168.7829886950114 0.0
58.89349960410342 144.54887031907603 0.0
144.8180741872253 88.24980879307698 0.0
112.87458914564465 50.09489888984553 0.0
83.02013461207822 93.47391829621716 0.0
63.3214967221364 149.26020224881756 0.0
83.91625742201983 185.82876543429896 0.0
80.8502662729317 118.32142030004471 0.0
141.9603859732581 187.36263687459945 0.0
7.599691830527933 11.594284149234714 0.0
167.6113566102576 61.81270869324893 0.0
97.11803289327683 197.03974014221345 0.0
15.1003994386953 52.54888210635662 0.0
72.21256790849273 62.831230086777666 0.0
121.7680856860997 52.980885536676325 0.0
97.39895200211568 132.38928552614783 0.0
112.73650875774024 195.46992942281094 0.0
65.90765553344566 74.02230809912014 0.0
131.12795658547984 21.543913832614937 0.0
60.77503966904578 46.195336486228754 0.0
16.736502819649868 179.2231571275741 0.0
165.36704383195476 80.58120676096334 0.0
175.00437113199158 182.52128231732564 0.0
170.75359737810632 172.4316375658338 0.0
53.3501693069516 163.6938027849311 0.0
155.67236791148818 21.43825212426025 0.0
173.34143996188715 150.56469438314315 0.0
199.39063581967207 146.13658969471666 0.0
54.899247879625726 9.269148364794976 0.0
28.59446937324741 181.03891030708348 0.0
112.66787503141471 7.008393707328642 0.0
196.5046362806144 158.06432671366798 0.0
104.87802208668823 169.9203723746434 0.0
45.73905540142278 72.46775975857373 0.0
171.47711225991492 37.927851885899685 0.0
16.011872682582464 38.351895219094565 0.0
110.99581272936905 51.433328815532086 0.0
23.579527697188986 49.97918949803799 0.0
114.56496167807133 43.98796652335215 0.0
61.41458660865686 182.48380184869555 0.0
100.69260634281551 160.56951056410517 0.0
47.408287381267414 189.21608931202087 0.0
75.85604147251578 172.8620858672523 0.0
82.47322793741618 82.83517201284616 0.0
183.6590859908647 20.93842870549121 0.0
71.23775418859853 23.397807578927733 0.0
99.25020835956455 75.00306655314249 0.0
105.09405789501712 79.0747707818228 0.0
175.89229059023384 81.36266690912137 0.0
110.68230922140314 173.75854584747557 0.0
57.02028389265379 33.54764031560371 0.0
26.46327797049657 190.70914930499018 0.0
129.81819529064626 92.51687664502903 0.0
185.85249644172356 162.5175477949365 0.0
15.29227572520464 169.13533348382083 0.0
57.459051540354245 145.04912723894773 0.0
65.01242571619737 77.62193507976446 0.0
21.292628094730226 146.662229339708 0.0
166.13938598290653 70.42318084482338 0.0
44.37256525634636 163.87991777412472 0.0
44.05034047994902 72.97551803843827 0.0
159.99313371423366 160.825579221969 0.0
95.82103407935503 51.077491103792916 0.0
151.9694508489497 122.11610424670486 0.0
188.01780057530155 64.10038288771818 0.0
198.5088560162154 107.53901706009074 0.0
8.69813397496828 84.02393383681573 0.0
39.922772514955355 141.7227227713049 0.0
76.21381386253219 193.2915407106018 0.0
100.2145394545024 183.14203372621301 0.0
176.35592324857657 113.73712022885336 0.0
114.64883646665768 134.1837120353533 0.0
24.57631811975245 164.3436230586033 0.0
193.72879968101782 77.62977571668104 0.0
131.46553182754465 97.3510681917154 0.0
88.57711274771734 54.798992141173386 0.0
187.3623549516664 20.23968374693812 0.0
113.5377794515968 136.71989091017306 0.0
175.91558327547273 175.37164219842035 0.0
128.8854737390992 82.09137552218853 0.0
76.61391441666008 119.58263219986564 0.0
189.84978965061325 124.41985848397445 0.0
22.745062676935724 22.77233607698703 0.0
127.73199326656469 185.60463291401476 0.0
143.94065647200364 187.55067441234198 0.0
44.71210372250349 74.37605630623516 0.0
41.408706765403934 81.25460085875199 0.0
76.01461355113126 195.3738741934908 0.0
119.15076078549079 167.15783137527194 0.0
1.421277199122306 168.28582284733776 0.0
25.906166725081505 23.45395032368749 0.0
172.68988368084342 136.34957749722386 0.0
50.26121383130906 46.60094828341585 0.0
164.25812037788214 29.653735635773803 0.0
55.306176961064345 49.87316107675763 0.0
151.68200979004308 41.05648454722981 0.0
39.418684980685455 88.47438209241334 0.0
75.57866454717252 71.17340949525554 0.0
66.19700560052799 69.32372380186476 0.0
158.41350556110166 103.76857787607233 0.0
119.26235265916544 136.6335676573745 0.0
107.29229600761005 184.0160172169513 0.0
6.59442448969525 63.65687593846838 0.0
157.98869068538283 89.48143387500241 0.0
164.25984271188227 126.48880052122931 0.0
193.7583967955001 107.30678076927505 0.0
90.83843719639128 187.5654484233517 0.0
107.06121711992171 160.96321951156645 0.0
181.54755809228834 174.51043509516916 0.0
163.13264698555074 66.07073851713072 0.0
125.01004599630312 4.237697300192478 0.0
171.41699743645924 137.1655178617076 0.0
175.80667079418234 72.72674838252004 0.0
174.19430810771087 115.92897843851335 0.0
122.39926506031323 107.64453910392857 0.0
121.30365102432434 46.275260733641765 0.0
32.70600596867159 63.99574398430392 0.0
15.685706630165708 82.8265966167675 0.0
78.55567721230115 32.241228202240094 0.0
86.53784095368695 86.68905634654482 0.0
115.44305189300066 23.8321182256213 0.0
75.19518488929779 36.0736767946497 0.0
25.45274296489879 0.8649113924160234 0.0
103.42163067171913 159.19111732564298 0.0
118.91438682764665 24.570661650995127 0.0
34.61474288899504 82.98048321327032 0.0
134.29712492992311 111.6092216155651 0.0
135.49923482830366 183.6160367436072 0.0
176.04675195826334 107.64734007955146 0.0
199.20363685999766 123.36814613078361 0.0
86.51430336619671 14.457127039369077 0.0
100.18530979510467 63.27770240646271 0.0
60.81997354202409 139.77928823504132 0.0
17.289210155729663 52.236096318895164 0.0
182.44170274811287 178.45337767538868 0.0
83.29608515894978 10.445544959850217 0.0
182.51310203574468 78.82497951308865 0.0
197.6361553200818 148.86747875822311 0.0
107.26056488452005 100.19774939084351 0.0
173.514590531815 196.14943534582386 0.0
115.70488936894922 25.105851094268992 0.0
81.51548439370717 40.65380034046642 0.0
123.69788532883067 54.44031572216641 0.0
198.82119700197535 137.59441377497768 0.0
60.55993190612507 83.97054216715895 0.0
176.50446738905754 79.9200760710872 0.0
111.02956963377426 37.56002334617614 0.0
96.92075290058659 86.46655233304017 0.0
77.93170605957478 115.38314814959882 0.0
9.04879066874793 22.031718149647684 0.0
119.91615748413858 4.707847809769006 0.0
101.69754959953818 131.4111616989353 0.0
193.81374512095618 96.31654585429679 0.0
102.81812512201908 143.06438026744473 0.0
162.60227573126735 151.39571745712126 0.0
177.72936572240422 177.9646336626365 0.0
117.67022450605431 71.7322476213129 0.0
139.88645571166614 185.31809835712983 0.0
8.011140050451449 40.312498546580834 0.0
184.89183889537776 19.221128429696034 0.0
169.17716374774054 119.92784979436438 0.0
11.768330993764376 168.95684625664217 0.0
1.2653064781179113 24.14828761076897 0.0
105.08443577175734 160.5153969106602 0.0
57.90554670433372 8.033442666407176 0.0
117.3423379889601 158.0549056366719 0.0
177.16495827728255 65.2082459375413 0.0
113.10923220396742 111.40293059097517 0.0
10.477584709596165 63.438218634788804 0.0
114.69303402334847 119.33116120339966 0.0
187.15494279921583 102.59724457707107 0.0
123.73380558912055 108.21875451156815 0.0
189.7273689972824 36.92844154551942 0.0
183.90256492178355 61.85267731236264 0.0
9.311857200832542 167.75654730212304 0.0
96.96941400920008 80.49608724814728 0.0
0.39715053751896434 183.31815850821937 0.0
107.82327120709954 95.98874002088296 0.0
60.882363413084526 99.1338043971295 0.0
33.59581038547048 124.52608060139245 0.0
125.90054875222918 35.35380077001315 0.0
127.86247741541902 99.8966357782896 0.0
182.90407145300208 156.7675861932531 0.0
42.96384689668504 197.3399657040929 0.0
190.68388403351446 196.67397595377352 0.0
181.810752769981 131.82044465868591 0.0
16.440146142689184 87.56774859655702 0.0
115.1071746673301 194.39476908357167 0.0
192.71690721999906 129.60565934374645 0.0
180.7448576951745 176.48403141864176 0.0
139.9589569564088 42.07279545147438 0.0
79.19429083302344 24.24393283603368 0.0
100.64416714864967 163.5781029152386 0.0
32.03668676495215 63.859564438627416 0.0
187.39000801544975 193.46559108145834 0.0
80.35215305268792 143.4740128819899 0.0
60.12828496672893 199.93564445942303 0.0
165.4993793539426 48.59275030091648 0.0
16.38734427227364 159.62860126004983 0.0
156.89260910426827 65.18877306811726 0.0
103.91637781150978 38.930677385416914 0.0
169.7018921941583 188.36604998778142 0.0
46.33179458327121 179.0199369780899 0.0
149.9729495504641 4.321856535287805 0.0
110.16085434881018 104.67809319078924 0.0
195.48332282479043 109.4811702509537 0.0
135.60315979477562 41.15144929577128 0.0
27.72175809555728 73.05935658847413 0.0
3.5258650111105405 193.8523513844074 0.0
33.69811571533241 197.94198139723113 0.0
17.65373485386823 22.450130273746783 0.0
155.86135420876107 89.65347593884619 0.0
43.610660718751795 123.90850226382612 0.0
24.223548827998265 104.31925189875182 0.0
165.41430436106288 128.28405486094377 0.0
96.85808161132401 113.90855632063064 0.0
95.22108779067993 6.6083784258884615 0.0
3.260624949097801 100.678295938521 0.0
3.563930540946525 191.9341321443475 0.0
169.63165226619657 72.62073440827355 0.0
25.02045643695765 122.63320739705233 0.0
145.9597014803421 77.85091684912982 0.0
38.194760964713545 31.292908288983657 0.0
51.85483970062956 88.25241811962637 0.0
19.091086535431103 23.063919376640918 0.0
11.402056035429897 21.33278278838717 0.0
123.40309602451714 114.07165828092324 0.0
156.87475663248583 174.1229480091727 0.0
65.93772785163729 133.51035032546673 0.0
146.9686723590577 54.08762208015225 0.0
134.3379747860134 32.29704903467645 0.0
167.28696155680217 9.396555880629641 0.0
99.46413605259796 186.67063972500088 0.0
59.127487127070964 184.5392985681669 0.0
166.23855349169278 136.87857372489535 0.0
157.19363671396394 157.14896297119853 0.0
146.45402402532756 59.10205453197654 0.0
7.670318069905946 148.0332363675616 0.0
28.99146530591603 133.0280622554935 0.0
185.17710444777111 138.79384457574116 0.0
73.08768922221066 37.98449544023039 0.0
130.43078699373 180.04824691125418 0.0
56.73948474808221 87.31249603830906 0.0
90.0199407660352 28.15040660560768 0.0
175.0254963109412 193.6578946229293 0.0
55.514411947829714 9.440133798599026 0.0
102.0726928554262 147.1213470578004 0.0
71.20290095792178 78.4333203219022 0.0
105.58955310408184 183.71483706290815 0.0
8.072195523699865 9.998302687092075 0.0
34.333417348040584 123.3297304886617 0.0
86.21191757079447 145.44626818849287 0.0
86.57472179303285 64.42957739136278 0.0
68.64887310356993 98.59655056881336 0.0
111.5661900312203 136.93862213528612 0.0
146.6854884187869 120.26035751536514 0.0
196.22033475390725 135.30472622809594 0.0
90.1371674153304 18.219406213675747 0.0
45.643973355982226 180.4733539640421 0.0
45.4335584636661 34.65865036727698 0.0
178.87374949952118 92.51689864296529 0.0
30.369214701712032 94.14517376941996 0.0
30.101917744367878 94.92167923042531 0.0
96.35930711752951 152.62806193796564 0.0
70.87709863395115 17.042492933486987 0.0
107.37645968684808 1.5669782847345548 0.0
50.20986136724643 112.99262792263237 0.0
119.31499100149874 11.17984755265946 0.0
187.20840067630553 173.24493257137948 0.0
34.34926660445938 132.9330262402022 0.0
44.814886135289896 169.47740975094842 0.0
151.92310022799177 23.779970732279043 0.0
63.408323535168634 43.704567825206844 0.0
41.32746747487028 3.287396244727847 0.0
139.4851162588643 29.493634578326656 0.0
20.394137683161496 109.67060377451934 0.0
197.32384547651952 76.07249093575226 0.0
40.653135128230346 181.8925357292471 0.0
20.486038864837354 135.39405238725487 0.0
151.37219146023187 62.36394152648879 0.0
85.2000651334484 67.72955820882859 0.0
143.2168066314983 88.41474452270018 0.0
169.12060306150428 123.12114377304863 0.0
56.839617370899155 20.589676661644663 0.0
96.65139198942761 164.03180584693135 0.0
182.5284073636601 41.95391799961694 0.0
125.9643456471941 8.788701963905066 0.0
174.1120299977365 54.977324586280886 0.0
183.04339719566644 95.92356331525377 0.0
153.64415653103404 1.1987576686088408 0.0
4.526753660157645 96.27176567006306 0.0
192.9548938827953 133.75462856913444 0.0
63.8165487037262 132.69948235590797 0.0
123.9806373119096 83.98874722308724 0.0
123.87019690191914 106.58607207461014 0.0
51.85293864731515 180.74338372109486 0.0
185.2830941826474 75.69675117320087 0.0
23.047358615972136 4.564082551994275 0.0
79.71756463577017 79.83832817352115 0.0
35.46366430576236 188.93384038312462 0.0
196.42833209304268 68.69870445322854 0.0
168.12902592043133 16.784852241749903 0.0
23.580006647813036 50.528510010603725 0.0
55.28616503945671 2.918964454614703 0.0
136.24755375891743 50.831171756327365 0.0
32.94873640959659 1.6007330631229166 0.0
169.4358428367753 146.98550142598137 0.0
45.57653918312299 33.46983889992099 0.0
177.1498237939809 127.73267212763344 0.0
16.343415717596788 187.05237925505676 0.0
197.49209069383375 15.717244610885794 0.0
56.541139021600564 17.533402008918753 0.0
18.959984541222894 186.77984961835287 0.0
17.98269212947856 39.08583715438261 0.0
74.55969122994766 121.45670961704083 0.0
76.83890281807379 186.9338140999018 0.0
78.04997588659663 132.14929779612933 0.0
78.16248828747727 111.46117143403171 0.0
60.57378287415889 123.6849132279387 0.0
67.4240062797794 59.05868847379894 0.0
66.13085163523384 165.49708002026108 0.0
188.70454562920435 93.03659724577626 0.0
120.79025440208702 180.4122362257618 0.0
138.76010717499153 112.81142317373738 0.0
3.2366657674199217 188.03716061537855 0.0
31.993213758609706 140.70935370394247 0.0
13.18979379774281 79.99930373392192 0.0
53.43740689619594 63.11090065136473 0.0
159.43152482613633 49.8000254071286 0.0
55.18061715844993 36.2945370102036 0.0
170.62072818288055 151.79862849513785 0.0
86.22382801522829 97.21981424570112 0.0
69.7710021051394 21.85270526336087 0.0
136.591595520115 155.6232106122827 0.0
147.2118583059682 156.39836670164223 0.0
123.5814824514555 86.1828423823325 0.0
17.04923522135755 117.26151537703244 0.0
151.3595703326789 88.14096748330553 0.0
48.58658719534401 6.249313221748665 0.0
134.67975165051712 34.65593982953046 0.0
26.862892309762266 136.57867476049464 0.0
193.3246162878534 195.28826340474953 0.0
15.409562859915527 17.456490309718387 0.0
195.9361787266802 82.40798927085117 0.0
69.5232673297346 163.63413805888774 0.0
60.224995940955075 45.94371571123883 0.0
79.79708546813826 43.516511777454085 0.0
101.1164596936531 20.776081040682293 0.0
13.347828301881904 87.41382650404913 0.0
59.213431714216554 117.2116401865315 0.0
164.1225122996748 91.7820036992698 0.0
39.02474714795714 137.35563298985218 0.0
123.86234932422313 175.80554988352543 0.0
39.72925894361061 198.83510550556787 0.0
41.74799285685793 73.43434260441927 0.0
70.8155699209791 52.206643659744564 0.0
153.444969558208 176.99385850015844 0.0
10.757869656084985 189.51567807414614 0.0
129.21365269141768 187.74592219317424 0.0
188.95853885043564 58.85730116284535 0.0
115.94338006894552 74.2850529218421 0.0
149.5085684266351 23.421197755854628 0.0
29.415601546963188 91.41322592241146 0.0
189.8871645391144 133.38620071502976 0.0
90.79642359557849 70.14363371028789 0.0
58.54212930270637 115.16276776864038 0.0
195.3039305662793 53.74196865056531 0.0
42.36300940568745 24.864436430883963 0.0
51.19132750768913 25.22142041851221 0.0
178.37933458777846 161.52224410634662 0.0
133.6319743261482 148.46550869198188 0.0
83.58640899837826 90.43878903493072 0.0
160.78782671146618 28.16060267437297 0.0
112.62171741639773 188.2114629018951 0.0
18.28812910862636 182.97784264436334 0.0
25.085022129180643 188.33729447156315 0.0
33.54043103418933 21.951960090450218 0.0
72.61574271891018 179.94444191361424 0.0
32.74140333370781 115.7623590073651 0.0
0.411476091850016 192.07842847760054 0.0
101.15012514319979 62.629512327481685 0.0
98.69171258315484 82.10383776475658 0.0
11.132004973347986 162.7977091496335 0.0
136.68134118939062 139.16512206481326 0.0
82.67662886804288 36.082843502228414 0.0
165.0086052793955 12.282890647357414 0.0
197.53820296654055 43.721892666192666 0.0
181.9826755022855 77.54493983387847 0.0
0.842656483679316 108.76835481640101 0.0
125.036174188886 169.9840859664148 0.0
192.95067059787408 68.53597677822889 0.0
170.6884322377216 123.11757497235223 0.0
39.561229807761265 38.100679166708986 0.0
104.70543692619265 182.75583467100012 0.0
9.485665578433755 15.628557247994546 0.0
158.70288565443747 91.57097646684309 0.0
187.21744045650257 118.30555482603083 0.0
0.2589062276431964 77.04836747560826 0.0
1.3681728350886768 1.902298504492661 0.0
110.67347370169094 117.82736519998458 0.0
60.23584873247354 187.515324900542 0.0
187.83178677334126 112.07013726777674 0.0
92.2163364348239 195.7837722113733 0.0
71.19916121290997 126.38030694089576 0.0
151.46474312549614 171.888423727792 0.0
1.7953717959422022 164.92593235586256 0.0
168.15840350770517 73.8978321349232 0.0
2.0666457966015406 65.80420171774006 0.0
197.9085954214659 92.53397370719973 0.0
188.8938561930488 5.318008264051888 0.0
156.31347232246492 172.1878086185727 0.0
117.54567566797161 70.71735907118703 0.0
12.339877285747459 111.02286415877123 0.0
195.2059415574542 48.0914451988397 0.0
158.1671943626078 132.2627500909884 0.0
199.7746421214059 164.47994268146545 0.0
173.32151222120947 39.26646699394796 0.0
192.96230232059452 21.9049837597574 0.0
57.37381941457156 93.75293977987964 0.0
26.267836586670267 165.90802092303787 0.0
18.171261387880143 189.54429969962828 0.0
4.250340577502443 42.30861605404368 0.0
71.51569626293923 133.45500297543796 0.0
91.57544705212943 113.28500832970107 0.0
33.3992233069736 90.46186343496036 0.0
128.6373420019925 27.50915349559837 0.0
167.35158969203178 102.0477927824022 0.0
55.127715090281136 168.95167342938151 0.0
187.14973550545605 44.619890746027124 0.0
131.74336654305313 45.10503801710109 0.0
109.0849964243346 59.1603264913013 0.0
197.29436850204013 17.756059026191128 0.0
198.17891027796537 153.77627987185332 0.0
101.79509210942057 28.071640327376567 0.0
159.18371191661086 157.5730186223963 0.0
15.69067779937865 22.644479958200094 0.0
185.89909411236945 87.28196355790045 0.0
131.19185403622723 148.27829853184335 0.0
101.28197816565037 77.3334932036859 0.0
143.76130965728706 50.674904175356204 0.0
196.0214516633389 119.57194017664786 0.0
30.115153674995355 185.81833031731495 0.0
104.69631692301145 160.56815428127177 0.0
23.67329128199016 132.733934320072 0.0
146.32792954754805 12.49272848247025 0.0
129.2128714502878 82.43331821258985 0.0
0.08645744685873424 47.77084341704831 0.0
15.549290118821112 170.2386643624705 0.0
187.10389174196337 168.2475140335458 0.0
78.38944729347472 117.31284301157064 0.0
185.79248852222833 66.34977360282501 0.0
75.07247367285741 152.10464188385612 0.0
120.76265056639485 128.7402053946374 0.0
198.7332176033278 193.5509842418583 0.0
34.37954702027564 72.21402513247928 0.0
181.49422688140993 195.26119416912397 0.0
175.19310009515056 147.09967858429397 0.0
194.61229830377079 173.5407821370715 0.0
118.92126362492048 95.18085097577634 0.0
148.0759009143862 171.99537105341594 0.0
75.36181157953683 7.1654353308950425 0.0
82.97009437002147 51.58796956502443 0.0
28.55325564570299 188.98500715999634 0.0
96.99595875847062 137.40574629245987 0.0
7.700700868496413 116.71594913073704 0.0
46.85179410101572 2.0251758205928505 0.0
192.82785923305872 136.6714138175341 0.0
130.75364526754248 20.247337852480186 0.0
121.81166168179797 150.22092318246885 0.0
170.1930968924695 191.10785858133818 0.0
184.4013864444782 112.1523460143344 0.0
182.10052468353263 90.44888739900065 0.0
64.01927323295291 166.8987446218873 0.0
60.90234354372268 90.97324491087389 0.0
19.585178453913187 48.71042872488927 0.0
74.53108334559798 166.5837519298468 0.0
87.30295966499584 179.8603337994264 0.0
19.26741855212657 83.94349439467604 0.0
26.291640515115656 115.22869020295714 0.0
75.36367651682092 176.57566422294613 0.0
132.13976195036884 2.1207132574863508 0.0
58.71853531358955 195.45436082297414 0.0
98.90656424394182 150.928919801524 0.0
73.44304237828688 134.92060163318823 0.0
122.78901478142656 45.25944597610383 0.0
135.97831391617854 43.89057891646917 0.0
9.618983925068502 159.39955021849508 0.0
163.49566659009568 49.70601543859521 0.0
173.5501710591898 196.51130777724515 0.0
197.63021923202328 145.60926890079242 0.0
95.739772570374 12.694371316398856 0.0
69.1692100383473 122.70869454273485 0.0
49.52501137256704 150.06834196610774 0.0
100.13680624732369 163.43253327138746 0.0
92.5402736082627 166.2832850617787 0.0
86.7872786973088 55.85245165863353 0.0
76.41550342741435 18.374605965414492 0.0
110.33884182582368 136.89058772856117 0.0
131.14222012478547 35.63634763779295 0.0
81.85077355777722 127.30696091541829 0.0
143.88855626823332 99.19484891817038 0.0
143.46667086939735 182.49659913426993 0.0
170.990128757358 135.22238725185326 0.0
120.3170801793362 150.5089454437578 0.0
97.0389178605998 124.23836892010497 0.0
145.69503763214237 2.334520316322619 0.0
186.43750211831622 130.70339153775797 0.0
166.68832538670742 79.38697086564139 0.0
60.48147130793691 165.11926352529568 0.0
78.27261243245273 189.24118248841773 0.0
76.97803429969099 5.105978406123857 0.0
130.93997109870796 73.07112222072057 0.0
89.60417976083997 22.434395201885593 0.0
10.257468792136759 166.86383527391595 0.0
120.65310118237728 189.75114573268976 0.0
196.32101006291782 83.36875915999127 0.0
193.51288909896803 173.74026004941686 0.0
76.88976571740069 52.874471097688144 0.0
40.16673457142868 160.72357648539204 0.0
10.056948547949363 78.28767015240852 0.0
24.19934126172174 6.210050162254621 0.0
110.63290548273793 183.6220986019655 0.0
1.2394110544837966 51.661749814081716 0.0
168.9869257030421 64.88783096602486 0.0
176.4635164106384 109.75212328259663 0.0
1.9143784191766988 88.50428545925458 0.0
112.73183225331402 83.6500944706486 0.0
82.16613228513275 124.74300323262521 0.0
93.12166723053761 56.37113883510501 0.0
96.59757549873909 152.3391546097541 0.0
48.06996627073825 62.99446041539547 0.0
142.46479054627306 125.2934781952296 0.0
20.031218686644124 141.5531708442032 0.0
187.21579362760906 54.01917366784497 0.0
57.50265664299625 47.66211666522213 0.0
189.19503828559527 20.371164194533286 0.0
105.4638235290317 13.455930166204277 0.0
104.99973381137255 119.72785148963325 0.0
90.72293597949201 133.16755869004237 0.0
93.7968134558089 103.1783036221467 0.0
188.35781093660776 165.6854616716099 0.0
169.72965601006567 179.00076658273642 0.0
199.38440275406242 158.68538854729044 0.0
150.61411660109962 25.00101938682 0.0
69.98129326000844 119.44050394404296 0.0
4.443528099297334 161.91201005785382 0.0
39.043865484908345 184.17145718362454 0.0
4.792859275122274 42.93902579534725 0.0
113.53713100272111 170.80574749105062 0.0
72.0323700080858 125.66740074808631 0.0
140.06148312724122 39.27359318844448 0.0
99.3315103130702 9.932651740270849 0.0
66.2410820945646 28.975323574503896 0.0
140.75405743398483 48.88567887518458 0.0
66.98969383263271 94.8131089184477 0.0
73.31585986522131 70.36851258619666 0.0
48.404325166031526 121.18766279828348 0.0
135.69682047881008 181.8489420113745 0.0
35.982153448540366 57.61835910400834 0.0
193.36908773396934 74.54503378113782 0.0
104.0516337037908 190.1530570510938 0.0
83.22372693751552 191.0035759095394 0.0
9.753962500951818 39.49162481299042 0.0
150.3484454909281 175.27907466784595 0.0
157.60642804875815 59.75516377987462 0.0
105.42933342946625 185.99290371727255 0.0
139.6243806818784 1.0905099659285655 0.0
3.319725505071336 119.93494343839906 0.0
71.17401042923844 94.80763867015698 0.0
71.6398313575605 167.50285234117877 0.0
74.17333589684705 121.50517245201951 0.0
102.84086063116777 1.156999552940663 0.0
146.95414591555485 130.64724448730902 0.0
163.98787833502746 84.20181328333953 0.0
104.04295222609554 94.31257852997386 0.0
75.58582023889258 79.58713605595543 0.0
69.3143317415717 98.34460278350925 0.0
64.09339885198695 137.0560488703841 0.0
162.41533381916227 0.8890980928228043 0.0
2.340100138275236 141.84835748248557 0.0
131.0549312905708 21.313878109863982 0.0
117.88155823264215 19.301786924410223 0.0
150.6978663294783 61.762577326665344 0.0
171.3990659591811 107.07574727778936 0.0
38.397460056591925 109.1026463751251 0.0
85.56926369064884 30.35532946422357 0.0
108.94732506271782 16.785315120927137 0.0
39.40032982131238 45.27602403156876 0.0
39.22728183508357 124.14319973752255 0.0
133.8512907352885 51.94240342275778 0.0
0.5639396868048152 134.908991843266 0.0
81.62149584834889 20.796970019454196 0.0
169.1219204975887 47.24647261594161 0.0
177.31742598889127 24.727970190667282 0.0
130.78678663371937 104.34295150472046 0.0
63.774503536545105 24.187983506938583 0.0
59.696294778142736 117.61997382729439 0.0
126.13178576289718 13.727809888806576 0.0
68.52166947181406 103.87704239042945 0.0
117.32773912851565 105.73297125322247 0.0
3.7960799359926467 173.19083046016112 0.0
47.00561651638249 0.7830658871490481 0.0
191.03277046193256 6.150216015843268 0.0
50.38730344494997 73.9368729032978 0.0
22.070481370573127 67.01528229795099 0.0
94.49476783687878 192.3790550420462 0.0
21.029354275447076 113.64621316339169 0.0
176.1685541709242 172.24704711677765 0.0
125.45561064230289 185.55586204176083 0.0
119.6531515178916 81.08953363972913 0.0
175.67867744740377 78.1975443101101 0.0
191.0892648559516 197.2907589677346 0.0
18.099816030362902 144.60747050607813 0.0
113.07341164561713 148.92772004760437 0.0
197.07648438067326 104.77899038317722 0.0
84.51560058082532 171.91004763788763 0.0
135.26211784788427 188.65366399389433 0.0
89.34601645125184 150.88531919554242 0.0
183.7062270830179 190.37196973466448 0.0
112.19217953470624 136.27519158565798 0.0
160.7150484916433 69.43434067263262 0.0
69.96809369894083 166.94074707069905 0.0
192.41833133844395 198.68088253350933 0.0
115.38746664910838 70.35804574308577 0.0
18.18312940307807 29.506114845249233 0.0
71.7331980140185 60.81789422538291 0.0
30.46071951044087 21.482791877057572 0.0
117.78574916072519 11.046490274869658 0.0
181.34825660551792 166.57661511174575 0.0
57.63331255007722 33.776562406516874 0.0
107.09184264301767 127.39167053936058 0.0
182.15694770033048 77.18124309977914 0.0
196.95322550432394 104.39395210208305 0.0
57.30427786986658 11.715965460270294 0.0
64.30751401352511 48.818413216147746 0.0
158.83549638841893 165.79628017905048 0.0
165.53465320378672 145.97261710770832 0.0
114.04594000774557 53.87240924890011 0.0
156.21273272818092 7.907928120278451 0.0
8.039570866794964 132.84414110399004 0.0
174.3165156164345 134.93706772349947 0.0
165.44826572298672 21.392477658385435 0.0
196.56979100440276 132.23451523817508 0.0
28.061893276426186 121.68729693217013 0.0
126.79564255521657 100.76421861396989 0.0
14.65465283666183 194.0629750344597 0.0
144.05388502330467 161.03678698651223 0.0
171.3633618183312 152.63695466198928 0.0
63.55028526620345 13.706121827744777 0.0
199.29369707245294 173.4788224855231 0.0
44.74752746680968 192.77341755581813 0.0
80.60077712118634 136.82041121998887 0.0
118.80313386493853 25.17405924450038 0.0
15.110671606324711 60.930225445264405 0.0
101.40493840936755 74.78092154596713 0.0
126.61987877974967 127.65829409779488 0.0
107.26994532768282 19.36533306849293 0.0
1.3299613738920302 148.2903173840558 0.0
89.01775291186507 85.81473178894186 0.0
180.4449955802257 73.23292817294715 0.0
185.82508648499817 151.91396056159195 0.0
44.77970387007111 10.18452106602763 0.0
186.21318771504718 12.254835078372285 0.0
101.29648850399829 182.8290511115433 0.0
84.5152107834384 101.34655743982832 0.0
109.80988892066024 135.72294697982764 0.0
142.01604561317183 168.7572222901859 0.0
172.66731535782904 70.92813327823737 0.0
51.452327069194226 9.124644438577857 0.0
51.03516767032274 88.07696156149547 0.0
147.50567457324237 164.13235945981128 0.0
168.48988569113624 91.93759160674546 0.0
106.11753131352619 134.05462421748803 0.0
15.933600914876166 30.181326793842977 0.0
31.89926167065702 63.23197355317287 0.0
181.42455421996075 128.93607736047665 0.0
45.60659545883763 96.84668248177837 0.0
194.3326491764246 104.84299462693932 0.0
52.59258039673487 45.625405690518605 0.0
195.30087224440229 149.71615852887962 0.0
98.34876924184088 40.603888803227804 0.0
121.81358249517422 7.537950353511147 0.0
198.68955203744864 111.84673764346698 0.0
33.74300041342888 93.40560808156178 0.0
169.82986847326345 83.0226839622546 0.0
194.06561978704892 140.1772673600108 0.0
177.55182163521047 37.99398757768344 0.0
167.01038593256519 100.94854282984981 0.0
74.85113527064924 86.08607548800195 0.0
99.22102789501093 184.12364966798933 0.0
103.89958555340233 29.46159725284914 0.0
109.0850613747636 152.72768521260866 0.0
0.8548885894054781 19.030738648647194 0.0
125.20240226635195 180.73972750454 0.0
160.99494119095561 174.58747834012595 0.0
187.0367650475107 26.60899424610397 0.0
96.84838349342486 40.36932519733851 0.0
149.1134294193174 57.74932420191994 0.0
153.4390450405033 48.995844539129465 0.0
114.69714619915807 139.6898947413582 0.0
132.45700628891043 74.74913391260974 0.0
165.7043665423742 189.69298201685746 0.0
121.1142199973066 71.41711950635519 0.0
52.67428630996838 87.03238828168807 0.0
21.63820459122303 110.42853911599238 0.0
61.9434206703114 30.758942817911205 0.0
33.802397950259724 61.766110024167006 0.0
86.73882806307174 140.66226165282797 0.0
55.58720345245691 93.1522760713791 0.0
194.72541030198013 108.27089954359465 0.0
36.011037072058436 102.25977167519606 0.0
106.61292684954637 22.115653866585983 0.0
139.36595281316275 142.20694517618725 0.0
178.74883974979753 115.11373673137398 0.0
161.53784768577194 52.35574005998143 0.0
117.19325828828964 111.81427644659121 0.0
176.78642148091723 64.4379128250306 0.0
141.59267520850588 89.37846724177614 0.0
87.30549741734224 118.29293843142403 0.0
64.23940837360249 108.55042741767309 0.0
198.07954729859114 192.00891274141983 0.0
153.02410333503957 119.50771013758528 0.0
145.99761610020542 128.01545713562658 0.0
106.55879479453465 2.3631935052117914 0.0
74.88110622651108 19.68555993087002 0.0
185.5684853310693 63.22287660922914 0.0
67.02730243399762 12.261020203039475 0.0
116.71945348949421 74.08696161449065 0.0
117.06566844033577 167.42403485733638 0.0
13.372767948566278 18.5143507918049 0.0
165.36941263040447 42.59521808820787 0.0
42.32190305516173 84.85357300162872 0.0
95.96002486824709 44.04621109111717 0.0
106.3935897419297 134.97590538053598 0.0
147.78786434055596 27.172817431691975 0.0
9.861321235433085 68.82931422181467 0.0
88.46718223381968 37.78244081677795 0.0
26.94137229922704 3.764613558135088 0.0
155.9891988441223 115.00736111512617 0.0
103.21133104604962 192.46806187514204 0.0
186.63231151828535 109.46328188004848 0.0
85.61159752318734 114.46749267051706 0.0
116.2336780078796 109.53030838822812 0.0
198.76058158680792 193.56174394332953 0.0
167.1818179440132 114.14137927213035 0.0
63.634541322987005 117.15613967422014 0.0
114.93515750378566 42.220989433484554 0.0
89.2334732510719 163.36944814867067 0.0
65.56678477258802 26.92480112164446 0.0
58.67471694153279 77.91061316348906 0.0
169.78094275887662 7.088628617673054 0.0
178.22613936878994 85.106383341864 0.0
49.04211250126724 98.8030316618429 0.0
161.11129380893354 166.09376090561796 0.0
15.902960024108094 106.78761095816685 0.0
77.48905932471364 192.07394537391474 0.0
33.312496972722805 18.24687802994751 0.0
117.83069299280046 61.65736839191152 0.0
176.6314207222456 11.147369732819268 0.0
88.98750012463934 58.712160513983 0.0
137.27659033359006 4.363590223787028 0.0
190.5626623889707 20.76120067299265 0.0
38.36224738693404 78.89801462707908 0.0
3.7710228705706728 187.85572955616448 0.0
120.40054051079359 7.38836315574416 0.0
65.79104613433955 187.98635023871833 0.0
99.06956303268973 43.373053015159016 0.0
99.6833241333125 107.47495312765855 0.0
