136 515
2 167
139 629
138 760
3 429
4 760
140 113
5 650
143 448
10 440
130 992
11 153
133 242
132 851
14 442
16 688
19 320
154 272
18 71
23 464
158 35
159 143
25 72
27 377
26 54
29 644
148 924
28 996
150 319
31 136
151 168
171 732
170 183
32 598
168 695
175 626
174 304
173 211
37 41
172 368
42 498
160 806
41 731
167 389
47 185
165 920
44 651
45 991
49 583
185 277
190 29
54 383
53 178
188 360
52 351
189 238
178 353
57 101
182 190
180 126
181 448
60 343
64 59
200 83
67 414
77 122
198 78
72 152
193 695
73 786
192 405
195 613
194 91
85 227
84 169
86 118
81 138
80 394
82 581
94 783
103 466
100 304
96 123
110 44
111 742
109 743
106 445
104 821
119 605
118 957
117 565
116 439
115 125
113 214
112 906
127 373
126 394
125 230
123 47
120 973
