3 299
8 350
9 657
11 456
13 217
15 947
17 106
16 547
19 397
20 494
23 762
22 526
25 370
24 279
27 511
29 460
31 555
35 427
32 946
33 119
38 736
36 975
37 640
43 479
41 942
47 347
44 261
51 239
49 809
55 653
54 228
57 64
63 920
62 526
68 4
69 872
70 30
71 994
64 250
66 266
67 792
76 961
78 791
79 521
72 304
84 274
87 7
86 855
80 309
82 391
93 590
92 271
95 469
94 388
88 862
90 835
98 384
99 673
97 945
106 15
107 730
104 655
105 247
119 708
117 36
114 143
112 581
125 41
123 680
122 638
120 378
137 508
136 783
143 981
129 191
130 910
152 584
153 884
154 603
155 733
157 528
145 503
146 488
147 43
151 961
171 40
174 69
173 795
172 873
161 628
187 289
185 756
190 79
189 394
179 721
177 94
183 419
181 197
205 766
207 769
206 659
201 419
200 886
203 100
202 598
196 855
199 589
198 91
193 479
192 361
195 279
220 274
221 24
222 653
217 701
212 7
213 928
214 528
208 338
209 428
234 235
233 374
228 177
227 385
226 188
225 697
255 725
253 488
249 577
246 628
247 676
244 506
243 803
240 998
241 673
274 519
273 345
272 482
279 869
278 451
276 416
281 659
284 25
258 140
259 281
260 101
261 762
266 159
305 127
306 527
308 1
311 322
310 579
315 588
317 518
316 796
289 326
291 232
292 465
296 801
297 194
300 456
303 428
343 602
342 509
340 186
339 688
338 545
337 932
351 924
350 315
349 489
346 216
345 520
344 347
326 492
322 783
320 157
321 690
334 927
335 857
331 257
328 141
329 688
372 517
368 938
382 418
376 984
379 40
356 284
357 734
359 435
354 386
355 516
365 297
366 931
367 581
360 835
410 119
411 453
408 986
415 439
413 339
403 19
401 178
394 451
396 26
387 480
386 957
391 127
440 281
441 475
443 379
444 362
447 467
435 27
436 749
437 883
439 155
426 936
429 215
431 160
416 875
423 146
474 556
475 861
470 63
471 35
468 774
469 518
466 705
467 903
464 49
461 152
460 786
458 676
456 850
455 665
452 657
448 756
508 505
510 496
511 787
504 719
501 752
497 87
498 583
499 286
494 439
491 917
490 220
485 170
484 70
483 56
551 498
549 443
546 830
544 503
545 250
556 413
552 340
567 302
564 235
561 884
560 99
574 547
573 298
571 512
570 429
569 677
568 677
516 859
517 693
513 652
524 756
526 287
522 940
533 627
529 804
530 230
541 655
543 698
542 161
536 777
539 817
538 792
611 832
609 1
619 546
623 246
621 255
627 196
626 436
625 135
631 977
635 367
633 781
639 67
638 857
637 899
578 246
580 339
581 122
582 882
583 335
585 726
587 264
590 80
593 524
595 722
594 375
597 414
596 529
600 519
603 39
604 401
607 741
684 709
683 192
681 385
676 702
673 214
700 312
701 334
698 65
697 509
692 478
693 597
690 723
691 829
688 898
689 865
653 946
652 351
655 387
654 700
649 841
648 820
651 12
645 588
644 844
647 777
646 596
641 611
640 552
643 312
670 488
671 630
664 509
667 842
660 240
661 895
747 788
746 578
745 651
751 926
748 351
739 437
738 63
743 330
742 441
763 214
761 897
764 981
755 988
752 854
753 557
759 430
712 552
714 672
718 811
705 816
709 46
708 330
710 150
734 600
735 298
720 392
721 402
722 244
723 150
724 739
725 785
726 902
790 1
789 759
787 594
784 184
798 51
797 818
795 400
794 945
775 211
773 975
771 18
768 93
769 248
783 683
781 788
779 915
