45.68318736521011 105.9415084269882 0.0
199.18303317325814 131.64003139971632 0.0
195.07646514153367 115.29355581486271 0.0
110.2349857016607 13.791146694421496 0.0
22.68302640413946 81.71299037876969 0.0
37.74916957390131 123.3993255503273 0.0
145.0811302782022 40.54390424326053 0.0
42.3747920297189 16.579683689131475 0.0
104.06044411164548 55.75166664557942 0.0
185.07670006805387 174.58533311116057 0.0
152.53361247013783 61.809913252929526 0.0
43.435302516954536 130.66111856105454 0.0
7.238072157789754 1.4685845027883504 0.0
151.02641949693728 4.756586391140338 0.0
146.2858919674486 183.60353079537595 0.0
154.05207909314905 112.1931338196298 0.0
194.658601884054 14.449587127376674 0.0
35.057594895270825 157.10692023673178 0.0
137.03299866444365 165.87078980416157 0.0
40.48408175262112 147.46560322395402 0.0
124.86297575307579 35.92276152158125 0.0
166.96984535898406 175.68353171909587 0.0
103.43148662234486 29.81401812944233 0.0
10.727917077401838 197.33670218286343 0.0
174.625776085721 143.47443386897075 0.0
64.99129876966315 110.20514347015495 0.0
132.47822147879882 167.2906607007508 0.0
162.43138096207397 186.84718743793306 0.0
161.0539336922064 144.1699166066512 0.0
102.61911538615338 46.13647960788501 0.0
68.05563352575237 113.9450318230798 0.0
179.0125945394849 62.669165610830866 0.0
42.55509730599727 55.23531953072454 0.0
125.61874920063012 7.675389105962482 0.0
171.5497449543921 96.22924175057645 0.0
140.39091086207796 191.04558153455577 0.0
27.581874344043868 107.45662772858591 0.0
110.58811008525082 31.308785314946498 0.0
148.44718216324046 112.46950070396274 0.0
164.7359345514192 18.876690815701025 0.0
170.0581989654636 156.45234822437013 0.0
6.492981235423079 57.59368433606049 0.0
144.81745331590162 158.13412047191386 0.0
147.6408394212446 170.60974009669113 0.0
180.39407222490337 36.97586405613986 0.0
150.57979086080798 138.81959887160497 0.0
167.58674525791827 55.45938248983975 0.0
115.12623538952158 3.5881298959459906 0.0
30.994949664197758 45.40393923215667 0.0
100.07216862601587 110.20852703969773 0.0
32.50943504261314 197.58961786827524 0.0
156.88089038425588 94.5162939257344 0.0
185.17199282635232 185.5673925854227 0.0
171.05735747990772 122.3087972477221 0.0
193.74364915153043 167.3876518730467 0.0
156.14547660215067 179.6965533743926 0.0
128.35944960465403 63.08039142441413 0.0
25.968880083020384 82.23899818136627 0.0
58.93704628784193 41.071935977678905 0.0
182.6456632161263 121.69419346371504 0.0
130.54542312430587 163.32448879743862 0.0
101.071627329577 101.43825053328585 0.0
43.72910765450098 36.83656916404192 0.0
64.98076810417537 125.08702225830946 0.0
18.822259796716835 98.24369880634576 0.0
115.35560873117578 97.57909572187306 0.0
69.57619851235997 18.610515200424604 0.0
108.87421767987114 73.95563072551705 0.0
188.96282071419287 57.106875348054054 0.0
152.24469756150796 148.29923587242214 0.0
58.805620855041305 15.112174359666763 0.0
177.69207359060405 113.770639354664 0.0
134.9288893769018 146.39360378300393 0.0
55.52651963211475 44.408339216413964 0.0
30.804916525429515 164.3556774012975 0.0
1.635900695838588 50.33317864645088 0.0
25.217933726257268 153.95990220143977 0.0
130.90981710841768 140.22621223643466 0.0
53.25268084370922 143.76503792857045 0.0
32.01615611531019 188.42481576555713 0.0
104.9545306108925 122.63992837558486 0.0
194.61548242963255 48.70859890605088 0.0
152.29712968053963 196.0524966716718 0.0
7.012434854215988 82.82322086086633 0.0
152.63264234716192 168.43999651919276 0.0
60.40754158773631 179.01675785042866 0.0
135.5886725947097 111.01725788298604 0.0
45.326768186596375 124.33981365859577 0.0
70.41504604976032 28.48112229428117 0.0
6.4703339831621465 164.18721635781725 0.0
132.07272751828384 173.4209141427914 0.0
134.1362313278064 133.53560187634946 0.0
136.8961039042826 73.8463450522352 0.0
13.538121918791756 76.55780289385345 0.0
102.44906090102094 137.09573144906398 0.0
127.75113257319641 184.77152805930058 0.0
101.23421529044832 172.4890889624533 0.0
15.683396321429676 178.60632873660091 0.0
24.20385452440563 135.442140063595 0.0
23.38499126006921 133.24951701501234 0.0
147.56008677374987 37.358831387232705 0.0
55.17014304476797 6.858093399970389 0.0
105.12080226858458 88.47162235960859 0.0
130.44262590386444 167.70051213589736 0.0
8.567195146919682 144.90025223921654 0.0
82.778251406406 36.51848164542288 0.0
29.17745443382367 16.551258206467033 0.0
199.73251665227048 161.37570619686952 0.0
157.19058102909077 159.08223251787933 0.0
195.00542915071463 24.486923607149325 0.0
88.73303988408894 121.00615936978498 0.0
29.009752977401916 43.99727428869797 0.0
55.28028710928587 46.11285042939895 0.0
149.55275035581295 178.40845453819043 0.0
106.91408345214737 141.73611157706878 0.0
111.25580078519997 67.32482490543028 0.0
88.17568136012119 114.99666431023753 0.0
50.50017812470464 149.41909652885838 0.0
104.10399969995852 152.00259165220965 0.0
142.10133280696863 86.99380383070383 0.0
64.08690331243798 69.09053357679194 0.0
144.57827351546143 96.24137470084608 0.0
112.44294322084987 0.5424381358106078 0.0
52.798366883017266 33.282136876771084 0.0
7.189687127793265 3.8142445696937033 0.0
119.94234165341726 118.28614701501787 0.0
192.2441755534011 61.16446945454692 0.0
85.1479753748314 193.4613476111733 0.0
23.3398129705678 135.67214334128806 0.0
148.8552637331632 5.417052745687467 0.0
154.23318269993106 199.98522821875974 0.0
74.7898207465555 178.38839291152067 0.0
67.31344786720341 97.7420675868453 0.0
165.68529118528178 102.03381091344063 0.0
141.51577500730573 120.46014422136633 0.0
159.25975224000334 95.99445695366278 0.0
90.47961116305001 86.78780808024055 0.0
121.62499558131317 133.13058879268982 0.0
75.18146449772205 96.36636773297656 0.0
177.22171123339874 104.32700160800259 0.0
97.81100639282559 197.15136350244927 0.0
7.537696745492184 89.98575374240461 0.0
17.448352897302243 152.89350159130618 0.0
75.28019659934013 166.80125871494204 0.0
93.13948894783964 126.58122945440672 0.0
86.33757009732952 123.13920016399926 0.0
156.2557375333022 5.99850901175023 0.0
88.77958682602345 82.31744880316766 0.0
141.5624277472607 89.15295723037309 0.0
26.30967373718869 40.31353056215041 0.0
165.21076818554866 120.18099134453644 0.0
112.9964733596687 112.89999665838262 0.0
27.9061811227471 20.438266356719616 0.0
76.77620507740946 56.93533764682215 0.0
142.79530096814793 94.8351946617086 0.0
131.13134514555267 181.51493442887804 0.0
40.15293767314001 10.078944982161442 0.0
77.51517239683281 96.91281727844017 0.0
184.73933448114474 39.33485446274092 0.0
15.505842900586142 62.72181184938213 0.0
56.73722723515762 146.9217491086626 0.0
143.33774790791037 191.3260143287885 0.0
93.467107252949 47.007241852381966 0.0
68.37180239543214 38.816296818999874 0.0
166.6182648099381 11.87064054728333 0.0
115.23061437412387 172.6858731450415 0.0
178.5222700254153 128.15263223823752 0.0
118.73838127502603 144.11977250363577 0.0
101.03445494311163 103.61252541436323 0.0
119.4694362663306 112.41841406101476 0.0
151.87828789831462 12.265370656944373 0.0
41.62351700769988 170.07215741208023 0.0
5.846262611617514 132.37277493778183 0.0
26.109810709127746 199.23025681687903 0.0
172.04033836358758 79.61292912003026 0.0
16.13591065399227 53.78416967953379 0.0
133.3737110597203 166.8567991671668 0.0
48.261914142470545 6.011730375034241 0.0
140.8449809455243 132.3290630330864 0.0
88.79388090289362 122.70534396413575 0.0
82.6347677717378 69.53390916419147 0.0
173.5550673293024 142.93382128582707 0.0
6.8638093429640445 165.17740694505153 0.0
58.487227932311534 118.0640266606197 0.0
66.89084177103226 105.41968313253574 0.0
169.1985136105866 144.39525522510422 0.0
79.31737222047181 146.1417165190137 0.0
149.48845601185494 169.735543097722 0.0
137.40569962637667 59.513151039806324 0.0
152.04461366698726 87.4758968020606 0.0
6.405595896327809 66.99902992610376 0.0
188.91954357855337 145.19490398449625 0.0
142.32395033955788 48.04499977994521 0.0
165.0607591391709 89.55274586809672 0.0
121.96097272254443 174.03199280678976 0.0
55.080527747223385 45.210195598328326 0.0
49.575455669160576 58.69307021505479 0.0
51.6162158165566 82.73480036176322 0.0
114.33071115184394 139.03657678777802 0.0
13.046185863414305 168.93293306295388 0.0
112.71185629752883 104.92137645737503 0.0
168.99014659242079 112.7729998455145 0.0
21.394193243198334 180.78147295173372 0.0
3.936969301936233 21.041674691233105 0.0
8.581479498766086 129.5989172402249 0.0
132.5070859899472 60.10153020016094 0.0
5.621910268889807 197.075388757911 0.0
4.270571956682145 183.59507690320498 0.0
125.74885298744091 43.05453209038519 0.0
31.70613582863684 130.66671108332318 0.0
13.08214319854002 17.598513419627082 0.0
21.800287134631603 25.250683223826776 0.0
32.565148720388294 130.7240319175996 0.0
9.95002717579787 114.19974810789411 0.0
70.30164962014894 137.65437874655478 0.0
144.24640565964498 170.50568796568254 0.0
3.795684473725669 115.54585822378762 0.0
148.88045673333022 57.589560915998604 0.0
22.8866432451013 142.99838492811682 0.0
107.32698324252166 101.61591594700204 0.0
134.710882963396 10.261552701710297 0.0
49.12580555162138 51.01199145619879 0.0
169.81022473916968 85.89925551885851 0.0
98.49412114445488 115.84927822178327 0.0
21.546785038918227 144.77722437045642 0.0
148.66759308647178 74.47156340629988 0.0
97.27258131890997 122.58963298755374 0.0
162.78210756186576 110.72996156363726 0.0
37.241503307612376 3.7423511517873376 0.0
70.27182366469819 102.41215218380033 0.0
66.04022263395532 172.2620746205727 0.0
27.17359505218775 119.92955952608457 0.0
81.35376189281196 159.5020508806438 0.0
139.39157390398546 114.05267539158064 0.0
156.17041391241222 7.766730176723757 0.0
9.89010927452032 172.46146391568254 0.0
133.06983864787264 35.57921378814852 0.0
63.94698262298291 107.10419741354549 0.0
23.02717372764407 38.1669387323563 0.0
131.01311353855436 97.83471108966788 0.0
186.20512854518046 85.84261207889938 0.0
17.3889694354741 62.524613142109686 0.0
168.49498395260102 93.30893819708544 0.0
190.841905064179 149.82353783950052 0.0
195.10659240790375 24.517302644964477 0.0
16.452845054732745 57.96713914935345 0.0
81.2965032640598 170.5620396778671 0.0
32.39456297482401 171.50894110977328 0.0
110.3623111938086 192.19360394126284 0.0
135.0081737745637 177.5789754691814 0.0
50.320567363498704 153.88542589911353 0.0
54.45821647636675 74.24842329818368 0.0
133.22445619248134 192.99081554324675 0.0
145.4110168804713 115.80624560290518 0.0
104.8666674391915 165.3778826432099 0.0
91.59488453709615 53.23023973777359 0.0
167.65185511214293 188.0319748226143 0.0
28.764918947570184 22.861576425467778 0.0
185.7121736449684 59.46666861272245 0.0
27.509136149053482 12.268373320501125 0.0
98.87845994705057 80.38594592183811 0.0
45.49680005135157 189.51051948204517 0.0
100.90860985916879 19.891807346684143 0.0
158.183794174036 120.49443514417686 0.0
177.41393087434136 76.63297006035019 0.0
107.65404879269458 18.83304869237317 0.0
70.21310195797015 69.64204980561586 0.0
171.1899810284151 73.60284876216335 0.0
37.38259885794679 160.21006921071572 0.0
44.32907304055127 182.61642982985055 0.0
112.06142060555973 153.9987242024443 0.0
57.577718779242225 82.30545880334135 0.0
128.1070703822644 61.6924455886815 0.0
1.617518357076153 110.03567444102444 0.0
176.98871546335855 106.8437649073414 0.0
122.75334465289139 60.651899190000115 0.0
187.84268483915102 161.16717511811635 0.0
68.51644230106734 6.277857181232216 0.0
181.4042709236813 60.388135513530486 0.0
112.75000966300763 136.8718959938256 0.0
38.569140144988644 7.855449073437559 0.0
70.16867990646412 48.7665017814247 0.0
145.62651587060907 108.47692448103929 0.0
122.29745430378509 59.39583270706361 0.0
30.74545389801939 192.13957116345804 0.0
119.85963339747157 58.64233995391921 0.0
90.08455945892881 83.62735973788295 0.0
1.0974020310341448 120.7097574393801 0.0
116.93459204397803 155.15102237377639 0.0
171.17279147251497 195.15666782361686 0.0
193.5924332598535 157.95594465973542 0.0
24.710730204389854 71.70112256459242 0.0
183.20394279103155 171.075799341529 0.0
61.710129262207715 70.63352819651054 0.0
167.60237583936896 28.151064625584677 0.0
46.46272196021872 149.15150934348378 0.0
117.20794539031249 187.33326854416842 0.0
189.7837792301541 133.6570192479399 0.0
50.34336544989593 94.64717567334672 0.0
196.77263170426593 189.03255503118487 0.0
141.8590828154935 57.784844894098896 0.0
15.485068987475215 18.139914729052407 0.0
74.75114004356548 95.15699448839126 0.0
46.3138214999999 48.26136926800557 0.0
193.49351666525197 154.1286699656092 0.0
27.5372820172074 5.929930546597917 0.0
114.09599224418284 102.71776697628346 0.0
199.41071743297385 7.57165875231689 0.0
173.4375748121882 190.63657907442285 0.0
67.3383788404934 0.6097915220763861 0.0
59.214553154203784 48.407991439327525 0.0
134.0788089544909 78.15683656355303 0.0
151.8814103551805 147.38964121478313 0.0
151.59987517829126 60.14742573478669 0.0
131.25182134136 178.89080026808597 0.0
155.113995419188 184.74134258451468 0.0
52.9659902446777 27.168425473826275 0.0
184.98818169574557 186.05249240885954 0.0
183.81973879810909 108.94023162619723 0.0
176.63748642854839 47.736458841623744 0.0
199.98975746988535 31.154356904313897 0.0
4.174630195153184 116.69551263429409 0.0
98.47847336099696 179.10667103558734 0.0
100.5025020804293 37.13681193963971 0.0
149.64113858839178 188.59831696559525 0.0
44.70043273013904 122.44584315475215 0.0
27.446713853457496 78.6777286130694 0.0
6.969067653465699 120.81388664262376 0.0
94.16320323428747 125.61281128073382 0.0
172.06285364127046 50.28476698247757 0.0
87.44724621761381 144.0907141462527 0.0
24.053111573533116 79.86273234684722 0.0
160.3566816579937 108.2438911121086 0.0
68.42880075259067 115.54989487949527 0.0
158.5940081201288 192.9530964591611 0.0
191.95611797776357 13.658152224760123 0.0
184.3276335228103 144.9791349121464 0.0
16.38212019964813 188.46719765905718 0.0
92.22690668894688 3.82706902234744 0.0
88.98163362038103 7.276626821173937 0.0
190.8859844422099 183.8479076439343 0.0
171.1108294407085 173.1268797377668 0.0
81.60063113864572 1.934547163142386 0.0
35.34478059806971 83.9401888650846 0.0
56.50117430905757 89.27014909407245 0.0
62.44053268859098 126.55933491619543 0.0
199.3337434511232 160.93882462906927 0.0
141.28114765483224 15.138541311424847 0.0
84.72123075833046 133.80995804634773 0.0
118.12031440957642 15.567458893414464 0.0
155.52423267573883 180.95913886414098 0.0
115.86120707370205 11.085630905823841 0.0
72.96141793720084 189.99019522638272 0.0
49.767252308816865 58.9715699240704 0.0
180.43786220923488 52.97438616211567 0.0
2.916562860041938 164.1669528953857 0.0
99.56879627579937 57.324394237581934 0.0
192.8759542271706 52.923162949594605 0.0
185.67550307013673 169.77227330933036 0.0
60.48428004180575 168.03383643146762 0.0
110.06891346797907 9.722184027020496 0.0
142.29923205668612 126.94376202321914 0.0
7.725730373893591 193.6001006875894 0.0
50.175474131624 85.00092519270915 0.0
31.500844636223757 98.42451955217749 0.0
74.60624110373686 28.34513361329456 0.0
187.80889241473636 140.67346792007524 0.0
52.87456107781943 184.40317280974978 0.0
193.74690172780123 195.62492567727548 0.0
198.72428592388152 82.6870764307485 0.0
191.9189876750427 192.69914322435844 0.0
177.1752171091105 124.56851844605536 0.0
86.76318988316987 13.933037559083527 0.0
26.27060466617399 27.929081657619335 0.0
24.96949509319255 195.568329440945 0.0
176.95949797394056 1.0625546657096363 0.0
132.61730549176468 186.83667980384763 0.0
2.9803135794885582 169.93207773238788 0.0
42.94949142058837 55.37662005550299 0.0
44.52621317279102 33.86143787920979 0.0
1.2394177511650284 145.31872146160686 0.0
92.63680434707484 156.966519296371 0.0
16.996244212190746 91.9268290093743 0.0
95.67488696524214 116.10922385802078 0.0
48.792958409311815 175.78497745176514 0.0
154.91083699666854 120.88308065049888 0.0
153.2906008701982 59.87098910662916 0.0
113.15154331117141 97.11596950600985 0.0
107.57123750169922 94.45938007513148 0.0
8.514565918076734 182.60221481685704 0.0
22.68132801255178 197.64779072912086 0.0
164.86255265053776 122.25277890816784 0.0
106.32610396496356 23.40269269641533 0.0
121.07676408730524 169.57875659792717 0.0
3.9447439376345095 114.37164092885708 0.0
163.26278513172196 2.400097591836148 0.0
49.935095598665 3.3110175645959083 0.0
117.1454845192628 42.8979365261531 0.0
94.58585955160723 174.82965484228018 0.0
82.32433948531002 35.60546133305162 0.0
137.31311530029797 28.25033558248129 0.0
145.72440467660007 181.65894982409554 0.0
193.08721704779083 92.7428027091405 0.0
198.4920876829416 153.60695724962875 0.0
46.47504973311951 137.48330764113445 0.0
198.74915097124722 122.30239511373628 0.0
6.511813067890193 92.44746632602636 0.0
172.03228520660062 115.87869143044267 0.0
65.65548805123775 49.54464238570726 0.0
121.90974626819538 0.5378029911192961 0.0
187.36621069785053 49.15365652944104 0.0
35.180500479015265 123.85445080707443 0.0
199.3918480630721 73.7212406568506 0.0
109.22556842516929 193.5274932089662 0.0
153.63018977523902 67.93613808790995 0.0
3.495099869499496 77.98584904693399 0.0
28.47708980936985 84.09336633994435 0.0
122.77895532715574 109.98308340146627 0.0
95.85913969872217 11.614721048588784 0.0
76.82255821718039 150.29118738738967 0.0
152.68833734793566 191.2931060203801 0.0
129.01377739420994 125.83077037470478 0.0
125.26544437875185 137.6799485265784 0.0
46.28084469698872 195.05130379874208 0.0
95.19762597416135 197.13636568702452 0.0
93.00517113603254 113.10178885331652 0.0
166.68516335781035 54.4204682946237 0.0
173.66710479652522 170.30862798452645 0.0
197.57102265382318 167.28465049081817 0.0
122.10674728115953 59.704143374854524 0.0
50.33614996085074 56.40828984919597 0.0
59.69591654138575 192.8257051761686 0.0
84.26238309083305 107.0928921919154 0.0
0.3814834455347471 127.73199587071832 0.0
106.27400438159864 149.49821580075206 0.0
67.47437600972903 99.15948520663231 0.0
125.50797383490166 175.79953602964963 0.0
5.222529931688125 147.96886273966135 0.0
15.451941470590258 125.49768353684053 0.0
117.62022917890911 35.50751316021359 0.0
177.52822732214867 124.21517996093539 0.0
147.57024144130227 198.2409398777278 0.0
121.29099348235506 96.66324491108705 0.0
121.42933047693036 48.98240599997086 0.0
128.94290146698452 91.0660122740625 0.0
27.131640940647994 163.27674672354243 0.0
55.66666182028859 150.18000484334866 0.0
168.49868233444985 102.97077084145553 0.0
32.30582676168121 143.1482466461784 0.0
144.00855544598232 23.729379470596346 0.0
183.2183590604692 32.780164627681984 0.0
35.21123925253731 189.232858377149 0.0
49.665549754858795 194.44987664733532 0.0
158.14071788523992 72.01763454091072 0.0
17.887816387725543 25.657019145621284 0.0
30.48886330225247 59.39915927433474 0.0
91.05813484145958 189.39595620998006 0.0
37.97004947113783 102.64218071301244 0.0
15.592787294395372 19.830573152921403 0.0
45.219493871843696 148.52028920487567 0.0
74.83828273370902 85.37364611037562 0.0
89.73238842981819 74.63312891545372 0.0
196.94222118496646 52.12111242621618 0.0
121.76499457355028 113.32625857091661 0.0
188.75513930434363 19.693341759309256 0.0
108.78290187189042 193.78516466776603 0.0
103.89921240506649 11.886902388327902 0.0
109.95570585314145 57.85154858090387 0.0
180.6789516814891 96.14201058986784 0.0
144.3614421796495 12.33655194694412 0.0
44.29793857112734 78.68229784461431 0.0
25.97815280312925 169.08209719052246 0.0
157.884842468457 76.28516013787876 0.0
19.204095128144093 193.74820773402166 0.0
28.1208683872171 100.99254820779765 0.0
180.5620246396394 135.28054354725327 0.0
23.800015430035337 110.67350698826918 0.0
195.40719154468485 40.23916346941472 0.0
49.442457295713616 176.2014611442567 0.0
192.87271590145284 169.645925350234 0.0
131.12050407611645 95.11072148934221 0.0
27.949953728543676 130.73457541869163 0.0
17.94559475703499 141.94827011398687 0.0
56.51572315501989 111.96412262982926 0.0
180.20389420341172 87.13846890995013 0.0
97.28214827321466 66.88264041058105 0.0
93.91709452079134 139.02987916802266 0.0
74.05906060408971 130.90524980917496 0.0
41.6441064941218 67.89493865728151 0.0
162.38288820078157 174.796541695973 0.0
30.628376944631896 56.004796202856234 0.0
126.48003458135675 199.6242791212893 0.0
31.934588275925524 184.50321783080872 0.0
125.69688899553644 60.17780076123487 0.0
178.00769879814445 115.65495932808527 0.0
193.9425388306506 167.3211255562212 0.0
21.126124221794097 58.145645595816056 0.0
51.354424264407086 164.47720305796486 0.0
51.51013772261055 113.46171241252759 0.0
94.31121800765187 99.41650472403569 0.0
