2 963
3 598
5 259
6 85
9 978
10 785
11 558
12 870
13 334
16 353
18 448
20 865
25 895
24 870
29 654
30 636
35 218
32 517
36 420
37 982
40 897
46 331
47 524
44 211
45 335
49 279
59 3
58 143
56 689
63 929
60 405
68 766
70 544
71 389
64 153
65 710
66 931
76 447
79 959
74 570
85 562
86 178
81 637
83 269
93 381
92 961
95 809
88 679
91 643
90 96
103 697
100 822
98 598
96 952
97 230
111 611
108 331
106 53
107 279
104 624
119 783
117 734
116 322
115 620
113 541
112 249
127 29
126 147
123 197
122 176
121 187
120 884
137 470
138 628
128 946
131 160
132 740
135 900
134 704
153 892
155 837
157 170
159 422
144 483
146 861
148 178
150 93
169 644
168 113
172 264
161 973
160 619
167 136
164 501
184 773
191 550
188 630
189 758
178 44
182 518
183 474
181 161
207 886
200 992
196 943
193 412
192 522
220 447
221 600
219 244
212 32
213 576
214 981
215 102
210 968
239 882
238 714
236 782
234 69
233 72
232 926
230 682
229 233
228 300
224 608
254 210
255 738
252 977
251 326
244 119
242 866
243 541
275 328
274 917
273 36
272 193
282 369
280 790
286 362
285 895
258 789
259 956
256 340
257 935
260 358
266 778
270 67
271 606
268 545
269 552
305 915
304 163
306 453
309 49
308 7
310 119
315 548
314 602
319 910
318 353
289 777
290 730
291 19
294 43
343 649
342 360
339 242
338 988
351 495
350 326
348 662
347 850
344 800
327 184
324 968
325 988
323 229
332 841
333 530
331 82
329 526
374 322
369 162
371 562
380 547
382 711
377 386
376 520
354 174
367 905
361 452
408 385
409 652
415 961
412 786
402 932
403 427
401 599
405 795
397 540
385 133
384 288
391 386
390 462
388 307
441 93
443 681
444 276
447 429
433 286
436 795
439 220
427 181
428 290
430 542
418 329
421 955
420 841
423 135
422 68
478 155
479 937
476 256
470 78
471 483
467 489
465 36
462 620
460 104
458 46
457 27
456 351
453 721
451 311
449 785
448 870
500 499
497 943
498 225
492 979
495 971
489 470
488 664
491 360
490 994
485 612
484 908
487 228
486 226
480 348
