2 653
3 888
6 686
7 618
10 431
11 862
14 434
21 34
20 355
26 410
29 945
28 568
31 214
34 779
35 206
33 930
39 745
37 208
42 690
40 599
41 686
44 688
45 742
51 428
50 470
48 149
55 887
54 845
53 495
52 571
59 826
63 481
61 947
68 442
69 255
70 106
71 524
65 917
66 683
67 792
76 547
78 343
72 45
85 554
84 255
87 754
81 466
82 496
93 875
95 827
94 683
89 911
88 881
91 45
103 796
100 74
99 922
96 200
110 536
111 65
109 95
106 398
104 216
117 249
113 305
122 426
121 98
139 32
129 741
128 493
133 454
134 322
152 876
156 342
157 564
158 597
159 527
145 197
146 465
147 526
148 55
151 597
171 585
170 927
169 738
168 812
163 998
162 981
161 506
166 640
186 654
187 521
185 551
190 575
188 547
179 971
176 469
177 291
183 627
194 526
