191.1094526857678 167.86173293030146 0.0
190.59153489034003 59.21687602751655 0.0
121.31388283602813 143.09201676936863 0.0
48.901581429633524 171.22664696548696 0.0
72.12993256476379 35.89895066449744 0.0
7.910148019273189 11.070674489064203 0.0
43.497175735365175 9.29892796461964 0.0
126.38901287373783 55.18405970883977 0.0
41.544064069999465 30.212744444770735 0.0
75.70874039886463 135.06729486014302 0.0
147.82906656571876 34.62560392632887 0.0
28.850740007114517 91.91707066613279 0.0
47.94939086033732 107.29815097597766 0.0
127.75965965071067 108.26227647965933 0.0
178.99600894993227 86.92323561992022 0.0
163.61254540971424 62.75388623767106 0.0
182.09159244266297 17.193498188523627 0.0
9.46396823894644 166.9527235994494 0.0
79.25568857485423 130.06520283751888 0.0
155.85918383254727 11.904382561732074 0.0
133.09942792537421 169.57404001465744 0.0
17.390184614870897 177.48594667772707 0.0
93.35966699796958 42.87883731347186 0.0
101.80227179507324 138.95447856360124 0.0
86.04045779483427 19.779679030787612 0.0
63.141681162689125 142.82242244596526 0.0
158.93748228997768 192.77688662780125 0.0
96.56747526439074 18.130570805715184 0.0
61.57882776627059 56.80801119154515 0.0
74.83391515069921 139.3844479771727 0.0
8.12345368442433 71.11996863013943 0.0
75.08211387855484 163.86520755395938 0.0
148.51635778240805 125.30397232985786 0.0
99.46278586636681 128.72168293441888 0.0
56.20736066451584 147.34119957339303 0.0
54.24456914230973 12.19527260742459 0.0
129.9981829584143 63.577283395857464 0.0
19.445346293678668 138.52482856769953 0.0
3.090331575073435 148.86429910073028 0.0
114.6566403895385 37.523985946771376 0.0
54.164164214472876 89.67899646062658 0.0
46.614152080405646 157.51868383159461 0.0
123.32714646242671 23.846404448970237 0.0
110.20015994479537 174.27787402933353 0.0
150.02740629164452 17.568387631438554 0.0
6.946432940299063 138.7658853063396 0.0
70.5362191947466 93.77680313465275 0.0
143.73906939275096 162.9900301971547 0.0
139.3610368173393 35.40140800741409 0.0
79.30942735237912 155.9125072197698 0.0
71.95849783828776 152.96293420504176 0.0
97.22828179896088 90.34089700224335 0.0
45.374523021299495 27.971976075150785 0.0
101.50301652850784 6.906826762641072 0.0
38.94656473331794 121.93480026511492 0.0
154.51047963672409 42.68781789955065 0.0
48.96083623060754 75.33734502499081 0.0
6.881053645701485 9.72247122792329 0.0
169.16511713067527 111.79910012965675 0.0
105.08218369425444 42.61460352300141 0.0
193.29562898591107 9.658823917134951 0.0
4.832478120775074 184.6172119334338 0.0
66.28417986818928 6.574333089985629 0.0
67.11029785122777 88.03236744566338 0.0
187.56973639749467 162.28904892536536 0.0
168.4035855917999 67.45866467177464 0.0
52.94619667523533 120.53807288572247 0.0
117.98040390416735 163.36288408996532 0.0
10.636197875829033 83.13711488002305 0.0
142.34265812290815 48.64812141380626 0.0
2.788314331755326 137.6177383670535 0.0
170.65802772100747 142.33571325823647 0.0
65.35311830580824 64.34277376881592 0.0
134.8481986370554 182.17377449973696 0.0
67.30110908802705 189.85606340824341 0.0
84.1441464339493 151.93035438029105 0.0
84.40355138825997 150.29097018396826 0.0
6.302032207802988 59.32460721789292 0.0
123.30495185234105 181.98249023983902 0.0
46.306216065477756 16.994652596588054 0.0
38.37370484643057 165.99795166672538 0.0
118.268516724616 191.59613600932616 0.0
16.82535543018313 119.12181542018996 0.0
117.36587455771222 55.070745105664145 0.0
146.87066065184226 145.90021648714423 0.0
56.041124072622225 197.3193601547115 0.0
129.14841836569497 44.67127536082358 0.0
72.32469943773961 140.95974754262832 0.0
143.46094423989481 195.0775591619252 0.0
188.01762689074678 136.5440311660003 0.0
40.83777870446823 45.37730972921701 0.0
130.60915869782573 10.556503090086933 0.0
195.2111105376359 64.94141217322283 0.0
75.18515353928473 188.70764393288187 0.0
119.4941758371677 30.643346105696278 0.0
11.21607302839247 23.48555385515214 0.0
127.61164352116847 175.41979932548765 0.0
193.99636869256787 117.62125439593898 0.0
107.03898754943883 43.099720538367706 0.0
1.6397980181136917 54.06967360517996 0.0
55.66540120011294 65.67012155501746 0.0
85.91797811279444 18.303482583181907 0.0
32.30290749282068 107.46711164548203 0.0
178.8624161468122 30.162128846471646 0.0
171.9218625134575 105.35099675195572 0.0
96.932896977065 90.19390561962692 0.0
24.701072087591115 74.74463420157495 0.0
170.68814867562605 89.37400882870064 0.0
92.23843038595581 148.4844563658019 0.0
120.2772430607902 31.27707884719786 0.0
54.77584528563266 168.75394750504265 0.0
95.70327278977825 172.22777506802112 0.0
10.050028057895766 61.93972482451906 0.0
5.693456896610538 97.64846864077126 0.0
77.38853891180707 192.07050807221916 0.0
170.1427555885346 121.76835458034381 0.0
159.9282563484441 110.56982046331127 0.0
148.4808011090772 123.05351866636633 0.0
103.34132022529501 198.373326425962 0.0
119.94489176779925 9.163018314817805 0.0
141.21134151480953 31.032235285594112 0.0
21.6244322657571 42.93111081555854 0.0
175.210517364163 88.24439179648382 0.0
186.27518192190752 54.82124529936618 0.0
102.4861249761519 76.32496652490173 0.0
64.28438238163072 117.49267981502076 0.0
73.17261454774959 35.44911109139149 0.0
162.800689136233 164.56587806330774 0.0
37.70339758017038 163.06909623549288 0.0
189.9256240459354 98.36822039352937 0.0
26.604193893732674 100.7288767788383 0.0
152.9961301686783 150.38679220065376 0.0
94.707711962124 103.56924999492799 0.0
27.37050415425919 33.35042067336489 0.0
157.23701290645724 40.13717709597648 0.0
185.76297614456928 155.3083364652808 0.0
46.963075511997985 154.6830877330122 0.0
58.05480515165649 53.76823368413459 0.0
29.649532607914452 164.95032597371193 0.0
77.642775849655 51.90179159354216 0.0
129.25563216759528 165.53116522095723 0.0
62.76864575390051 139.02102678863116 0.0
134.876128581319 160.1842305602975 0.0
179.90596015445547 33.974099775170544 0.0
88.15468041497006 56.07835946829189 0.0
141.16350836485068 102.80468797397992 0.0
182.9151970806628 18.74831396790171 0.0
98.79740174942064 70.96410551745427 0.0
148.01322065060134 8.618117585219931 0.0
17.306648370416667 95.56086307036 0.0
129.91747639304364 98.26791128690893 0.0
127.21994253054305 144.5775821752812 0.0
43.28931819196298 4.190822195735366 0.0
194.56406374862092 167.6805344674298 0.0
115.83575835424351 157.60637123102953 0.0
176.1372060282546 37.19226552052308 0.0
117.96951234379071 185.96744802257456 0.0
173.09339789541502 87.99332847734772 0.0
138.31729977354232 80.11811440275038 0.0
43.9768282430963 91.56415521230947 0.0
142.87552353403217 181.62981912059283 0.0
193.22789301099036 62.073665056970675 0.0
138.62014890137732 40.663914814875035 0.0
112.31546451412568 11.36635471549614 0.0
151.63552021921868 166.7787114151027 0.0
18.03273565380006 44.895043160805436 0.0
25.334641561537197 123.41959456292324 0.0
6.126814562028415 22.091643473651224 0.0
46.101169261038734 101.40100124328441 0.0
118.31503846690323 192.3637587215785 0.0
11.691346156494387 47.50947726029313 0.0
6.873828127686776 161.8501159588576 0.0
171.99175084536162 21.427195452289304 0.0
73.36862534026183 46.263245711987125 0.0
92.23665703326817 107.49577970014312 0.0
56.72641828478988 121.59305607268065 0.0
115.54657803676787 117.41049159808257 0.0
50.7349847130073 97.1403149327553 0.0
134.65733478993178 85.75517857742012 0.0
42.18595362571585 104.29433830723198 0.0
21.966940945074786 182.35870826899418 0.0
78.26155976942357 19.664518233460427 0.0
112.53520046073626 143.77389117741572 0.0
95.39766715452313 22.620603116833472 0.0
186.4289094742289 60.75028027162455 0.0
71.73865827627644 124.99196198508635 0.0
54.81328961054545 149.39241894742622 0.0
101.4323678252224 4.621454695843918 0.0
118.44809393064777 180.76558866761542 0.0
31.396232771622913 24.66468575205967 0.0
137.75463900388368 147.03126156545926 0.0
49.81859106905038 26.970915202107946 0.0
130.37781220032446 101.76487851346188 0.0
70.54175573820187 150.57701789957585 0.0
195.17503125080037 127.92884728011104 0.0
118.60653997624588 145.2914208744923 0.0
150.82171955840968 59.04399107850844 0.0
189.62046878374565 25.540013653159278 0.0
172.73091926868486 107.42291710009913 0.0
29.244951985933664 41.091559811298886 0.0
