1 65 57.0
1 128 69.0
1 136 79.0
1 154 15.0
2 16 51.0
2 66 83.0
2 93 30.0
2 124 28.0
2 144 62.0
2 156 79.0
2 162 62.0
2 185 26.0
3 34 11.0
3 109 81.0
3 21 80.0
3 24 62.0
3 48 25.0
3 68 4.0
3 85 96.0
3 141 44.0
3 143 56.0
3 152 38.0
3 155 21.0
3 177 50.0
3 183 23.0
3 191 93.0
3 196 65.0
4 32 25.0
4 35 98.0
4 42 87.0
4 51 2.0
4 75 76.0
4 81 74.0
4 86 15.0
4 111 51.0
4 129 80.0
4 137 69.0
4 139 47.0
4 181 34.0
4 187 23.0
4 194 80.0
5 23 25.0
5 25 52.0
5 29 58.0
5 36 7.0
5 53 49.0
5 63 28.0
5 73 46.0
5 102 28.0
5 127 82.0
5 138 62.0
5 140 26.0
5 145 40.0
5 174 51.0
5 182 58.0
5 184 33.0
5 192 12.0
6 58 87.0
6 96 80.0
6 134 13.0
6 168 65.0
6 190 31.0
7 9 13.0
7 36 92.0
7 53 45.0
7 63 58.0
7 80 25.0
7 134 73.0
7 153 70.0
7 190 89.0
7 192 24.0
8 11 68.0
8 37 61.0
8 40 1.0
8 49 62.0
8 60 74.0
8 70 42.0
8 84 19.0
8 87 4.0
8 95 80.0
8 99 36.0
8 110 18.0
8 121 83.0
8 159 29.0
8 163 89.0
8 197 12.0
9 7 22.0
9 36 37.0
9 53 72.0
9 80 71.0
9 91 81.0
9 122 23.0
9 134 37.0
9 138 14.0
9 153 7.0
9 166 68.0
9 190 30.0
9 192 86.0
9 200 13.0
10 19 5.0
10 26 88.0
10 30 57.0
10 32 43.0
10 34 73.0
10 35 94.0
10 50 67.0
10 51 49.0
10 67 35.0
10 76 64.0
10 77 16.0
10 88 9.0
10 109 80.0
10 126 25.0
10 142 69.0
10 176 50.0
10 186 27.0
10 187 57.0
10 194 65.0
10 24 79.0
11 8 74.0
11 20 7.0
11 43 26.0
11 45 21.0
11 49 15.0
11 56 65.0
11 70 63.0
11 87 75.0
11 92 24.0
11 95 7.0
11 110 52.0
11 121 25.0
11 135 22.0
11 149 89.0
11 156 55.0
11 163 45.0
11 173 19.0
11 197 22.0
12 31 51.0
12 41 63.0
12 57 37.0
12 69 13.0
12 107 77.0
12 114 99.0
12 150 13.0
12 160 45.0
12 178 9.0
12 13 56.0
12 83 9.0
12 103 95.0
12 131 36.0
12 169 57.0
12 180 12.0
13 12 5.0
13 41 49.0
13 47 80.0
13 64 16.0
13 160 47.0
13 178 46.0
13 55 40.0
13 67 60.0
13 103 48.0
13 126 76.0
13 131 40.0
13 167 73.0
13 169 71.0
13 176 90.0
13 180 46.0
13 186 23.0
14 151 69.0
14 179 49.0
14 33 82.0
14 118 84.0
14 146 89.0
14 177 18.0
14 193 95.0
15 16 61.0
15 66 12.0
15 93 37.0
15 108 94.0
15 123 53.0
15 130 80.0
15 158 86.0
15 162 11.0
15 185 44.0
15 59 92.0
15 105 68.0
15 199 22.0
16 2 6.0
16 15 5.0
16 56 41.0
16 66 78.0
16 70 46.0
16 108 18.0
16 123 70.0
16 124 13.0
16 135 95.0
16 156 95.0
16 158 56.0
16 162 13.0
16 185 35.0
16 197 5.0
17 20 57.0
17 61 69.0
17 104 85.0
17 144 36.0
17 147 5.0
17 156 21.0
17 173 30.0
17 198 22.0
18 22 15.0
18 39 64.0
18 46 33.0
18 62 49.0
18 81 14.0
18 129 19.0
18 139 1.0
18 172 1.0
18 181 89.0
19 10 56.0
19 26 24.0
19 30 80.0
19 34 34.0
19 35 75.0
19 50 27.0
19 51 2.0
19 67 88.0
19 76 2.0
19 77 27.0
19 88 43.0
19 109 33.0
19 126 66.0
19 142 47.0
19 175 22.0
19 176 33.0
19 186 57.0
19 194 66.0
19 24 49.0
20 11 74.0
20 17 62.0
20 45 65.0
20 49 88.0
20 92 31.0
20 104 20.0
20 121 35.0
20 135 69.0
20 147 62.0
20 149 99.0
20 173 74.0
21 3 62.0
21 44 63.0
21 48 42.0
21 68 96.0
21 74 61.0
21 79 42.0
21 82 96.0
21 85 60.0
21 89 57.0
21 97 98.0
21 132 21.0
21 141 45.0
21 143 89.0
21 152 11.0
21 155 12.0
21 157 43.0
21 161 47.0
21 165 67.0
21 170 60.0
21 189 22.0
21 191 19.0
21 196 61.0
22 18 65.0
22 62 99.0
22 81 8.0
22 129 82.0
22 139 32.0
22 172 21.0
22 181 29.0
23 5 60.0
23 25 60.0
23 28 77.0
23 102 32.0
23 127 76.0
23 140 6.0
23 145 4.0
23 148 25.0
23 174 58.0
23 182 89.0
23 184 74.0
23 40 93.0
23 60 81.0
23 84 22.0
23 95 32.0
23 99 17.0
23 110 50.0
24 10 96.0
24 19 55.0
24 30 73.0
24 34 96.0
24 50 7.0
24 76 82.0
24 77 82.0
24 88 57.0
24 109 36.0
24 3 30.0
24 68 50.0
24 152 92.0
24 155 79.0
24 177 89.0
24 183 57.0
24 196 91.0
25 5 60.0
25 23 17.0
25 28 28.0
25 63 70.0
25 102 92.0
25 127 49.0
25 174 20.0
25 182 21.0
25 184 8.0
25 54 58.0
25 60 68.0
25 164 61.0
25 188 90.0
26 10 61.0
26 19 38.0
26 30 53.0
26 32 90.0
26 35 65.0
26 42 16.0
26 50 31.0
26 51 98.0
26 67 8.0
26 76 17.0
26 77 97.0
26 88 87.0
26 109 12.0
26 111 68.0
26 126 45.0
26 137 67.0
26 142 92.0
26 176 65.0
26 186 78.0
26 187 6.0
26 194 98.0
27 74 11.0
27 89 87.0
27 128 35.0
27 161 79.0
27 165 54.0
28 23 13.0
28 25 62.0
28 102 65.0
28 127 17.0
28 182 45.0
28 184 83.0
28 40 12.0
28 43 52.0
28 54 68.0
28 60 93.0
28 95 16.0
28 99 98.0
28 110 8.0
28 120 97.0
28 164 8.0
28 188 49.0
29 5 67.0
29 57 97.0
29 73 83.0
29 91 43.0
29 101 43.0
29 127 63.0
29 138 47.0
29 140 13.0
29 145 2.0
29 174 72.0
30 10 61.0
30 19 68.0
30 26 33.0
30 32 49.0
30 34 5.0
30 35 29.0
30 50 79.0
30 51 95.0
30 67 54.0
30 76 4.0
30 77 6.0
30 88 72.0
30 109 8.0
30 126 27.0
30 142 18.0
30 176 65.0
30 186 51.0
30 187 59.0
30 194 78.0
30 24 32.0
31 12 88.0
31 69 88.0
31 78 36.0
31 100 98.0
31 107 15.0
31 113 42.0
31 114 1.0
31 150 64.0
31 166 94.0
31 171 1.0
32 4 37.0
32 10 45.0
32 26 26.0
32 30 46.0
32 35 76.0
32 42 59.0
32 50 67.0
32 51 80.0
32 75 79.0
32 76 82.0
32 77 47.0
32 88 99.0
32 94 76.0
32 109 29.0
32 111 76.0
32 112 1.0
32 115 49.0
32 137 85.0
32 142 87.0
32 187 83.0
32 194 6.0
33 14 34.0
33 59 19.0
33 72 91.0
33 85 15.0
33 116 88.0
33 117 74.0
33 118 16.0
33 132 53.0
33 146 92.0
33 152 77.0
33 191 87.0
33 193 25.0
34 10 89.0
34 19 73.0
34 30 84.0
34 76 59.0
34 77 44.0
34 88 13.0
34 109 55.0
34 133 49.0
34 175 53.0
34 186 14.0
34 3 83.0
34 24 78.0
34 177 27.0
34 183 45.0
34 196 14.0
35 4 13.0
35 10 28.0
35 19 2.0
35 26 61.0
35 30 99.0
35 32 95.0
35 42 27.0
35 50 45.0
35 51 44.0
35 67 69.0
35 76 36.0
35 77 2.0
35 81 92.0
35 88 5.0
35 111 32.0
35 129 34.0
35 137 52.0
35 142 43.0
35 176 55.0
35 186 94.0
35 187 49.0
35 194 9.0
36 5 6.0
36 7 9.0
36 9 7.0
36 53 47.0
36 63 83.0
36 80 67.0
36 127 64.0
36 153 66.0
36 182 46.0
36 190 65.0
36 192 65.0
37 8 73.0
37 49 48.0
37 70 73.0
37 84 73.0
37 87 57.0
37 159 19.0
37 163 80.0
37 179 96.0
37 197 11.0
38 39 93.0
38 46 73.0
38 55 29.0
38 71 35.0
38 83 23.0
38 139 69.0
38 167 76.0
38 172 38.0
39 18 17.0
39 38 53.0
39 46 98.0
39 71 79.0
39 172 57.0
40 23 31.0
40 28 66.0
40 184 85.0
40 8 79.0
40 43 49.0
40 49 99.0
40 60 33.0
40 70 62.0
40 84 86.0
40 87 98.0
40 95 41.0
40 99 1.0
40 110 94.0
40 120 20.0
40 121 15.0
40 163 26.0
40 164 6.0
41 12 17.0
41 47 34.0
41 57 15.0
41 64 98.0
41 73 81.0
41 101 60.0
41 160 89.0
41 178 81.0
41 13 59.0
41 103 41.0
41 126 51.0
41 131 18.0
41 169 44.0
41 180 29.0
42 4 83.0
42 26 91.0
42 32 89.0
42 35 71.0
42 51 79.0
42 81 88.0
42 111 58.0
42 129 69.0
42 137 83.0
42 139 51.0
42 142 87.0
42 187 38.0
42 194 19.0
43 28 30.0
43 184 22.0
43 11 54.0
43 40 70.0
43 45 70.0
43 49 74.0
43 54 30.0
43 60 9.0
43 87 31.0
43 92 85.0
43 95 94.0
43 99 23.0
43 110 38.0
43 120 35.0
43 121 24.0
43 149 81.0
43 163 79.0
43 164 20.0
43 188 21.0
44 112 87.0
44 21 14.0
44 68 52.0
44 74 14.0
44 79 1.0
44 82 12.0
44 97 47.0
44 119 86.0
44 141 2.0
44 143 6.0
44 155 70.0
44 157 48.0
44 170 41.0
44 189 73.0
45 11 79.0
45 20 11.0
45 43 62.0
45 49 50.0
45 56 52.0
45 92 91.0
45 121 28.0
45 135 22.0
45 149 31.0
45 163 99.0
45 173 66.0
46 18 26.0
46 38 97.0
46 39 57.0
46 71 64.0
46 83 28.0
46 167 7.0
46 172 85.0
47 41 66.0
47 52 77.0
47 57 45.0
47 64 82.0
47 73 10.0
47 106 33.0
47 160 56.0
47 178 83.0
47 13 20.0
47 126 20.0
47 133 52.0
47 169 36.0
47 175 97.0
48 3 84.0
48 21 65.0
48 68 54.0
48 74 20.0
48 79 55.0
48 85 51.0
48 97 80.0
48 128 88.0
48 132 64.0
48 141 26.0
48 143 27.0
48 152 42.0
48 155 18.0
48 161 19.0
48 165 30.0
48 191 16.0
49 8 50.0
49 11 92.0
49 20 11.0
49 37 44.0
49 40 35.0
49 43 90.0
49 45 76.0
49 56 60.0
49 70 10.0
49 84 32.0
49 87 6.0
49 92 89.0
49 95 69.0
49 110 31.0
49 121 75.0
49 135 54.0
49 149 6.0
49 163 10.0
49 197 99.0
50 10 10.0
50 19 71.0
50 26 30.0
50 30 12.0
50 32 19.0
50 35 50.0
50 51 80.0
50 76 85.0
50 77 2.0
50 88 69.0
50 109 85.0
50 111 93.0
50 112 69.0
50 142 48.0
50 187 71.0
50 194 68.0
50 24 27.0
51 4 68.0
51 10 91.0
51 19 31.0
51 26 49.0
51 30 19.0
51 32 75.0
51 35 25.0
51 42 81.0
51 50 40.0
51 76 48.0
51 77 10.0
51 88 80.0
51 109 87.0
51 111 99.0
51 137 38.0
51 142 25.0
51 186 17.0
51 187 54.0
51 194 68.0
52 47 32.0
52 106 65.0
52 148 20.0
52 125 33.0
52 133 1.0
52 175 29.0
53 5 65.0
53 7 28.0
53 9 50.0
53 36 85.0
53 63 58.0
53 80 61.0
53 91 87.0
53 122 55.0
53 127 4.0
53 134 35.0
53 138 5.0
53 153 59.0
53 190 72.0
53 192 35.0
53 200 64.0
54 25 58.0
54 28 70.0
54 102 30.0
54 182 38.0
54 184 50.0
54 43 15.0
54 92 99.0
54 95 70.0
54 120 30.0
54 164 90.0
54 188 37.0
55 178 25.0
55 13 2.0
55 38 24.0
55 67 85.0
55 83 2.0
55 103 87.0
55 126 97.0
55 131 37.0
55 142 86.0
55 167 60.0
55 169 36.0
55 176 91.0
55 180 70.0
56 11 72.0
56 16 29.0
56 45 88.0
56 49 96.0
56 66 75.0
56 70 35.0
56 87 88.0
56 104 23.0
56 121 43.0
56 135 87.0
56 144 85.0
56 156 96.0
56 163 65.0
56 173 79.0
56 197 37.0
57 12 87.0
57 29 80.0
57 41 7.0
57 47 71.0
57 64 98.0
57 73 95.0
57 101 83.0
57 107 67.0
57 138 98.0
57 160 42.0
57 178 7.0
57 169 70.0
57 180 29.0
58 6 96.0
58 96 18.0
58 168 64.0
58 190 27.0
59 15 17.0
59 108 37.0
59 123 74.0
59 130 70.0
59 158 10.0
59 33 79.0
59 98 44.0
59 105 99.0
59 116 90.0
59 117 45.0
59 118 10.0
59 146 81.0
59 199 63.0
60 23 47.0
60 25 33.0
60 28 99.0
60 140 6.0
60 145 13.0
60 148 82.0
60 184 8.0
60 8 92.0
60 40 90.0
60 43 68.0
60 84 69.0
60 87 85.0
60 95 44.0
60 99 63.0
60 110 13.0
61 17 64.0
61 104 44.0
61 144 2.0
61 147 67.0
61 173 55.0
61 198 13.0
62 18 56.0
62 22 8.0
62 172 84.0
62 181 29.0
63 5 49.0
63 7 51.0
63 25 74.0
63 36 91.0
63 53 80.0
63 80 33.0
63 102 69.0
63 127 99.0
63 153 37.0
63 182 77.0
63 192 70.0
64 41 12.0
64 47 47.0
64 57 32.0
64 73 36.0
64 101 52.0
64 106 41.0
64 160 48.0
64 178 29.0
64 13 50.0
64 126 6.0
64 169 34.0
64 180 31.0
65 1 1.0
65 72 93.0
65 90 48.0
65 128 96.0
65 136 28.0
65 154 9.0
66 2 13.0
66 15 94.0
66 16 31.0
66 56 37.0
66 93 41.0
66 108 77.0
66 123 57.0
66 124 1.0
66 135 2.0
66 158 58.0
66 162 86.0
66 185 26.0
66 197 38.0
67 178 53.0
67 10 90.0
67 13 46.0
67 19 77.0
67 26 84.0
67 30 23.0
67 35 12.0
67 55 32.0
67 88 43.0
67 103 48.0
67 126 38.0
67 142 52.0
67 167 24.0
67 169 59.0
67 176 73.0
67 180 75.0
67 186 92.0
67 187 36.0
68 109 61.0
68 112 21.0
68 3 43.0
68 21 12.0
68 24 63.0
68 44 53.0
68 48 48.0
68 74 60.0
68 79 4.0
68 82 62.0
68 97 36.0
68 141 70.0
68 143 83.0
68 152 62.0
68 155 58.0
68 157 24.0
68 170 31.0
68 183 92.0
68 189 46.0
68 191 66.0
68 196 23.0
69 12 1.0
69 31 22.0
69 78 56.0
69 107 70.0
69 113 19.0
69 114 33.0
69 150 48.0
69 131 7.0
70 8 40.0
70 11 59.0
70 16 92.0
70 37 81.0
70 40 34.0
70 49 85.0
70 56 49.0
70 84 51.0
70 87 28.0
70 95 75.0
70 110 29.0
70 121 85.0
70 135 59.0
70 163 53.0
70 197 16.0
71 38 17.0
71 39 38.0
71 46 50.0
71 83 13.0
71 167 5.0
71 172 25.0
72 33 44.0
72 65 49.0
72 85 99.0
72 90 71.0
72 116 78.0
72 118 28.0
72 128 24.0
72 132 36.0
72 136 26.0
72 195 45.0
73 5 20.0
73 29 72.0
73 41 27.0
73 47 4.0
73 57 65.0
73 64 83.0
73 101 13.0
73 127 70.0
73 138 73.0
73 140 28.0
73 145 99.0
73 174 58.0
74 21 60.0
74 27 70.0
74 44 33.0
74 48 93.0
74 68 82.0
74 79 34.0
74 82 19.0
74 89 36.0
74 97 42.0
74 141 83.0
74 143 10.0
74 157 42.0
74 161 42.0
74 165 72.0
74 170 60.0
74 189 16.0
75 4 2.0
75 32 31.0
75 86 94.0
75 94 91.0
75 111 45.0
75 115 26.0
76 10 12.0
76 19 96.0
76 26 71.0
76 30 12.0
76 32 46.0
76 34 80.0
76 35 58.0
76 50 24.0
76 51 37.0
76 77 84.0
76 88 42.0
76 109 98.0
76 112 29.0
76 142 6.0
76 186 55.0
76 187 90.0
76 194 58.0
76 24 42.0
76 183 22.0
77 10 47.0
77 19 89.0
77 26 68.0
77 30 34.0
77 32 46.0
77 34 91.0
77 35 66.0
77 50 80.0
77 51 61.0
77 76 29.0
77 88 43.0
77 109 91.0
77 112 83.0
77 142 17.0
77 186 15.0
77 187 65.0
77 194 84.0
77 24 71.0
77 183 5.0
78 31 12.0
78 69 10.0
78 100 39.0
78 107 88.0
78 113 52.0
78 122 88.0
78 166 14.0
78 171 47.0
78 200 5.0
79 112 40.0
79 21 83.0
79 44 50.0
79 48 88.0
79 68 77.0
79 74 92.0
79 82 55.0
79 89 93.0
79 97 74.0
79 119 44.0
79 141 29.0
79 143 33.0
79 155 43.0
79 157 7.0
79 161 29.0
79 170 43.0
79 189 89.0
80 7 53.0
80 9 39.0
80 36 95.0
80 53 26.0
80 63 83.0
80 91 71.0
80 134 75.0
80 153 41.0
80 190 66.0
80 192 25.0
80 200 49.0
81 4 68.0
81 18 79.0
81 22 83.0
81 35 9.0
81 42 54.0
81 111 66.0
81 129 89.0
81 137 46.0
81 139 76.0
81 181 48.0
81 187 26.0
82 112 31.0
82 21 27.0
82 44 23.0
82 68 98.0
82 74 67.0
82 79 10.0
82 89 19.0
82 97 51.0
82 119 81.0
82 141 7.0
82 157 91.0
82 161 37.0
82 170 95.0
82 189 78.0
83 12 68.0
83 114 5.0
83 150 3.0
83 38 99.0
83 46 2.0
83 55 70.0
83 71 85.0
83 103 17.0
83 131 74.0
83 167 57.0
83 180 87.0
84 23 10.0
84 145 92.0
84 148 57.0
84 8 64.0
84 37 49.0
84 40 96.0
84 49 14.0
84 60 42.0
84 70 41.0
84 87 91.0
84 95 82.0
84 99 1.0
84 110 82.0
84 125 13.0
84 163 1.0
85 3 30.0
85 21 2.0
85 33 31.0
85 48 29.0
85 72 9.0
85 118 88.0
85 128 2.0
85 132 51.0
85 141 61.0
85 143 76.0
85 152 71.0
85 165 8.0
85 191 88.0
85 196 53.0
86 4 62.0
86 75 19.0
86 94 61.0
86 111 84.0
86 115 52.0
87 8 97.0
87 11 21.0
87 37 9.0
87 40 7.0
87 43 91.0
87 49 26.0
87 56 20.0
87 60 7.0
87 70 84.0
87 84 49.0
87 95 81.0
87 99 63.0
87 110 1.0
87 121 28.0
87 135 46.0
87 163 5.0
87 197 88.0
88 10 35.0
88 19 16.0
88 26 77.0
88 30 30.0
88 32 64.0
88 34 92.0
88 35 6.0
88 50 21.0
88 51 68.0
88 67 55.0
88 76 3.0
88 77 80.0
88 109 39.0
88 126 79.0
88 137 48.0
88 142 18.0
88 176 59.0
88 186 97.0
88 187 10.0
88 194 41.0
88 24 21.0
89 21 59.0
89 27 90.0
89 74 27.0
89 79 48.0
89 82 54.0
89 97 65.0
89 157 73.0
89 161 27.0
89 165 52.0
89 170 94.0
89 189 60.0
90 65 11.0
90 72 70.0
90 98 57.0
90 116 5.0
90 136 20.0
90 195 32.0
91 9 17.0
91 29 27.0
91 53 48.0
91 80 98.0
91 101 59.0
91 122 97.0
91 134 22.0
91 138 60.0
91 166 32.0
91 171 14.0
91 190 81.0
91 192 32.0
91 200 67.0
92 11 36.0
92 20 76.0
92 43 97.0
92 45 20.0
92 49 86.0
92 54 97.0
92 95 23.0
92 110 59.0
92 120 35.0
92 121 15.0
92 149 33.0
92 164 86.0
92 188 11.0
93 2 6.0
93 15 70.0
93 66 50.0
93 124 86.0
93 162 14.0
93 185 8.0
94 32 3.0
94 75 28.0
94 86 20.0
94 111 28.0
94 112 33.0
94 115 77.0
94 119 43.0
95 23 28.0
95 28 67.0
95 184 37.0
95 8 57.0
95 11 78.0
95 40 59.0
95 43 53.0
95 49 38.0
95 54 92.0
95 60 47.0
95 70 59.0
95 84 27.0
95 87 73.0
95 92 74.0
95 99 14.0
95 110 59.0
95 120 76.0
95 121 44.0
95 163 94.0
95 164 49.0
96 6 29.0
96 58 10.0
96 122 54.0
96 134 9.0
96 166 47.0
96 168 78.0
96 171 87.0
96 190 26.0
96 200 44.0
97 21 22.0
97 44 4.0
97 48 24.0
97 68 13.0
97 74 13.0
97 79 71.0
97 82 62.0
97 89 51.0
97 141 97.0
97 143 12.0
97 155 67.0
97 157 23.0
97 161 40.0
97 165 52.0
97 170 93.0
97 189 51.0
98 130 94.0
98 59 89.0
98 90 80.0
98 105 60.0
98 116 99.0
98 195 53.0
98 199 79.0
99 23 66.0
99 28 66.0
99 145 6.0
99 148 72.0
99 184 10.0
99 8 30.0
99 40 34.0
99 43 67.0
99 60 19.0
99 84 99.0
99 87 96.0
99 95 58.0
99 110 96.0
100 31 37.0
100 78 45.0
100 113 42.0
100 122 33.0
100 166 68.0
100 171 34.0
101 29 79.0
101 41 14.0
101 57 47.0
101 64 95.0
101 73 99.0
101 91 94.0
101 138 62.0
101 140 67.0
101 160 51.0
101 174 80.0
102 5 87.0
102 23 36.0
102 25 19.0
102 28 41.0
102 63 75.0
102 127 34.0
102 182 34.0
102 184 23.0
102 54 93.0
102 164 87.0
102 188 32.0
103 12 45.0
103 41 29.0
103 114 91.0
103 150 27.0
103 160 54.0
103 178 48.0
103 13 66.0
103 55 97.0
103 67 22.0
103 83 88.0
103 131 30.0
103 167 12.0
103 169 83.0
103 176 94.0
103 180 87.0
104 17 34.0
104 20 85.0
104 56 92.0
104 61 66.0
104 124 15.0
104 135 8.0
104 144 86.0
104 147 46.0
104 156 76.0
104 173 11.0
104 198 92.0
105 15 24.0
105 108 61.0
105 123 46.0
105 130 64.0
105 158 11.0
105 59 54.0
105 98 91.0
105 116 89.0
105 117 47.0
105 118 25.0
105 199 24.0
106 47 63.0
106 52 75.0
106 64 98.0
106 148 10.0
106 125 5.0
106 133 14.0
106 175 11.0
107 12 28.0
107 31 99.0
107 57 52.0
107 69 44.0
107 78 34.0
107 113 21.0
107 114 38.0
107 150 36.0
107 160 73.0
107 131 93.0
108 15 11.0
108 16 69.0
108 66 22.0
108 123 79.0
108 130 74.0
108 158 62.0
108 59 56.0
108 105 19.0
108 117 91.0
108 199 92.0
109 10 6.0
109 19 39.0
109 26 70.0
109 30 25.0
109 32 4.0
109 34 87.0
109 50 36.0
109 51 24.0
109 76 74.0
109 77 1.0
109 88 38.0
109 112 53.0
109 194 14.0
109 3 17.0
109 24 37.0
109 68 29.0
109 155 75.0
109 183 71.0
109 196 14.0
110 23 67.0
110 28 70.0
110 184 27.0
110 8 80.0
110 11 75.0
110 40 15.0
110 43 28.0
110 49 54.0
110 60 14.0
110 70 67.0
110 84 77.0
110 87 38.0
110 92 40.0
110 95 22.0
110 99 94.0
110 120 80.0
110 121 63.0
110 163 68.0
110 164 30.0
111 4 40.0
111 26 18.0
111 32 3.0
111 35 39.0
111 42 53.0
111 50 82.0
111 51 8.0
111 75 99.0
111 81 22.0
111 86 57.0
111 94 5.0
111 129 56.0
111 137 66.0
111 139 53.0
111 187 93.0
111 194 44.0
112 32 46.0
112 50 7.0
112 76 62.0
112 77 13.0
112 94 71.0
112 109 17.0
112 115 63.0
112 44 78.0
112 68 13.0
112 79 53.0
112 82 8.0
112 119 42.0
112 155 79.0
112 157 46.0
112 189 17.0
113 31 34.0
113 69 39.0
113 78 85.0
113 100 42.0
113 107 23.0
113 122 98.0
113 166 73.0
113 171 27.0
113 200 98.0
114 12 63.0
114 31 12.0
114 69 26.0
114 107 92.0
114 150 7.0
114 83 45.0
114 103 87.0
114 131 92.0
115 32 87.0
115 75 10.0
115 86 28.0
115 94 65.0
115 112 74.0
115 119 72.0
116 33 62.0
116 59 85.0
116 72 80.0
116 90 8.0
116 98 26.0
116 105 66.0
116 117 67.0
116 118 84.0
116 195 40.0
116 199 45.0
117 108 9.0
117 123 99.0
117 158 69.0
117 33 90.0
117 59 12.0
117 105 29.0
117 116 15.0
117 118 73.0
117 146 56.0
117 199 56.0
118 14 38.0
118 33 49.0
118 59 4.0
118 72 55.0
118 85 37.0
118 105 85.0
118 116 44.0
118 117 92.0
118 132 53.0
118 146 80.0
118 191 74.0
118 193 84.0
118 199 8.0
119 94 19.0
119 112 88.0
119 115 80.0
119 44 32.0
119 79 14.0
119 82 64.0
119 157 56.0
119 170 16.0
119 189 92.0
120 28 29.0
120 184 38.0
120 40 91.0
120 43 23.0
120 54 67.0
120 92 89.0
120 95 42.0
120 110 40.0
120 149 24.0
120 164 35.0
120 188 30.0
121 8 18.0
121 11 22.0
121 20 23.0
121 40 69.0
121 43 94.0
121 45 13.0
121 49 74.0
121 56 63.0
121 70 37.0
121 87 96.0
121 92 92.0
121 95 79.0
121 110 6.0
121 135 68.0
121 149 58.0
121 163 85.0
121 197 68.0
122 9 75.0
122 53 86.0
122 78 29.0
122 91 2.0
122 96 90.0
122 100 53.0
122 113 65.0
122 134 88.0
122 166 35.0
122 168 78.0
122 171 32.0
122 190 36.0
122 200 36.0
123 15 84.0
123 16 17.0
123 66 6.0
123 108 95.0
123 130 12.0
123 158 86.0
123 185 82.0
123 59 67.0
123 105 56.0
123 117 11.0
123 199 57.0
124 2 55.0
124 16 18.0
124 66 31.0
124 93 64.0
124 104 62.0
124 144 67.0
124 156 94.0
124 162 66.0
124 185 59.0
124 198 61.0
125 52 15.0
125 106 28.0
125 145 35.0
125 148 49.0
125 84 48.0
125 133 3.0
126 41 71.0
126 47 62.0
126 64 11.0
126 178 10.0
126 10 47.0
126 13 80.0
126 19 90.0
126 26 60.0
126 30 17.0
126 55 37.0
126 67 26.0
126 88 42.0
126 142 2.0
126 169 28.0
126 175 26.0
126 176 73.0
126 180 49.0
126 186 47.0
127 5 58.0
127 23 6.0
127 25 75.0
127 28 26.0
127 29 80.0
127 36 27.0
127 53 47.0
127 63 59.0
127 73 30.0
127 102 23.0
127 138 8.0
127 140 4.0
127 145 69.0
127 174 20.0
127 182 27.0
127 184 48.0
127 192 87.0
128 1 43.0
128 27 58.0
128 48 9.0
128 65 1.0
128 72 11.0
128 85 57.0
128 132 8.0
128 136 37.0
128 143 76.0
128 161 9.0
128 165 87.0
129 4 10.0
129 18 41.0
129 22 92.0
129 35 36.0
129 42 80.0
129 81 66.0
129 111 55.0
129 137 33.0
129 139 70.0
129 181 8.0
129 187 62.0
130 15 12.0
130 108 47.0
130 123 15.0
130 158 44.0
130 59 2.0
130 98 27.0
130 105 47.0
130 199 86.0
131 12 94.0
131 41 48.0
131 69 89.0
131 107 14.0
131 114 56.0
131 150 56.0
131 160 40.0
131 178 9.0
131 13 99.0
131 55 94.0
131 83 91.0
131 103 68.0
131 167 95.0
131 169 40.0
131 180 53.0
132 21 56.0
132 33 32.0
132 48 59.0
132 72 60.0
132 85 93.0
132 118 69.0
132 128 13.0
132 141 90.0
132 143 81.0
132 152 88.0
132 165 74.0
132 191 22.0
133 47 76.0
133 52 95.0
133 106 13.0
133 125 82.0
133 34 30.0
133 175 54.0
133 177 87.0
134 6 43.0
134 7 9.0
134 9 31.0
134 53 57.0
134 80 78.0
134 91 52.0
134 96 51.0
134 122 26.0
134 166 29.0
134 168 75.0
134 171 47.0
134 190 9.0
134 192 5.0
134 200 49.0
135 11 33.0
135 16 34.0
135 20 59.0
135 45 51.0
135 49 30.0
135 56 21.0
135 66 88.0
135 70 13.0
135 87 7.0
135 104 97.0
135 121 89.0
135 144 70.0
135 156 98.0
135 163 59.0
135 173 81.0
135 197 17.0
136 1 38.0
136 65 58.0
136 72 33.0
136 90 35.0
136 128 5.0
136 154 44.0
136 195 30.0
137 4 50.0
137 26 90.0
137 32 70.0
137 35 3.0
137 42 81.0
137 51 74.0
137 81 80.0
137 88 58.0
137 111 12.0
137 129 63.0
137 139 87.0
137 142 1.0
137 187 16.0
137 194 82.0
138 5 37.0
138 9 76.0
138 29 5.0
138 53 61.0
138 57 55.0
138 73 50.0
138 91 81.0
138 101 91.0
138 127 10.0
138 140 43.0
138 174 4.0
138 192 10.0
139 4 43.0
139 18 34.0
139 22 41.0
139 38 84.0
139 42 84.0
139 81 11.0
139 111 68.0
139 129 75.0
139 137 60.0
139 172 83.0
139 181 66.0
139 187 68.0
140 5 79.0
140 23 51.0
140 29 46.0
140 73 76.0
140 101 32.0
140 127 13.0
140 138 71.0
140 145 45.0
140 148 26.0
140 174 55.0
140 60 73.0
141 3 92.0
141 21 28.0
141 44 9.0
141 48 40.0
141 68 65.0
141 74 20.0
141 79 26.0
141 82 72.0
141 85 96.0
141 97 63.0
141 132 17.0
141 143 27.0
141 152 3.0
141 155 69.0
141 157 21.0
141 161 13.0
141 165 69.0
141 170 31.0
141 183 89.0
141 189 37.0
141 191 32.0
141 196 97.0
142 10 23.0
142 19 60.0
142 26 84.0
142 30 26.0
142 32 72.0
142 35 10.0
142 42 96.0
142 50 88.0
142 51 27.0
142 55 57.0
142 67 64.0
142 76 59.0
142 77 54.0
142 88 59.0
142 126 80.0
142 137 78.0
142 176 84.0
142 186 2.0
142 187 33.0
142 194 95.0
143 3 11.0
143 21 55.0
143 44 40.0
143 48 46.0
143 68 43.0
143 74 2.0
143 79 38.0
143 85 48.0
143 97 15.0
143 128 47.0
143 132 56.0
143 141 33.0
143 152 63.0
143 155 45.0
143 161 12.0
143 165 6.0
143 183 84.0
143 189 52.0
143 191 3.0
143 196 7.0
144 2 8.0
144 17 3.0
144 56 73.0
144 61 3.0
144 104 95.0
144 124 68.0
144 135 53.0
144 147 57.0
144 156 40.0
144 173 45.0
144 185 25.0
144 198 32.0
145 5 96.0
145 23 92.0
145 29 65.0
145 73 72.0
145 127 62.0
145 140 58.0
145 148 72.0
145 174 67.0
145 60 75.0
145 84 41.0
145 99 15.0
145 125 47.0
146 151 92.0
146 159 74.0
146 179 69.0
146 14 57.0
146 33 85.0
146 59 1.0
146 117 79.0
146 118 9.0
146 177 61.0
146 193 65.0
147 17 88.0
147 20 88.0
147 61 25.0
147 104 72.0
147 144 75.0
147 156 79.0
147 173 61.0
147 198 50.0
148 23 44.0
148 52 48.0
148 106 24.0
148 140 76.0
148 145 8.0
148 60 94.0
148 84 7.0
148 99 27.0
148 125 32.0
149 11 20.0
149 20 82.0
149 43 30.0
149 45 95.0
149 49 50.0
149 92 60.0
149 120 26.0
149 121 65.0
149 173 1.0
150 12 73.0
150 31 23.0
150 69 67.0
150 107 59.0
150 114 51.0
150 160 40.0
150 83 7.0
150 103 22.0
150 131 99.0
150 167 35.0
150 169 42.0
150 180 21.0
151 159 86.0
151 179 90.0
151 14 38.0
151 146 9.0
151 177 54.0
151 193 99.0
152 3 48.0
152 21 49.0
152 24 24.0
152 33 20.0
152 48 21.0
152 68 12.0
152 85 43.0
152 132 84.0
152 141 47.0
152 143 15.0
152 155 74.0
152 177 34.0
152 183 25.0
152 191 99.0
152 196 65.0
153 7 45.0
153 9 43.0
153 36 77.0
153 53 31.0
153 63 20.0
153 80 36.0
153 190 97.0
153 192 56.0
154 1 88.0
154 65 22.0
154 136 32.0
155 109 55.0
155 112 28.0
155 3 74.0
155 21 90.0
155 24 28.0
155 44 31.0
155 48 41.0
155 68 98.0
155 79 73.0
155 97 81.0
155 141 81.0
155 143 63.0
155 152 81.0
155 157 54.0
155 183 53.0
155 189 8.0
155 191 50.0
155 196 62.0
156 2 49.0
156 11 9.0
156 16 74.0
156 17 87.0
156 56 47.0
156 104 78.0
156 124 45.0
156 135 76.0
156 144 10.0
156 147 47.0
156 173 45.0
156 185 66.0
156 198 42.0
157 112 87.0
157 21 77.0
157 44 2.0
157 68 8.0
157 74 38.0
157 79 56.0
157 82 54.0
157 89 55.0
157 97 78.0
157 119 46.0
157 141 83.0
157 155 19.0
157 161 62.0
157 170 90.0
157 189 20.0
158 15 36.0
158 16 51.0
158 66 89.0
158 108 3.0
158 123 91.0
158 130 29.0
158 59 13.0
158 105 11.0
158 117 44.0
158 199 38.0
159 8 69.0
159 37 60.0
159 151 17.0
159 179 11.0
159 197 92.0
159 146 60.0
159 193 99.0
160 12 54.0
160 41 22.0
160 47 40.0
160 57 66.0
160 64 32.0
160 101 39.0
160 107 29.0
160 150 42.0
160 178 77.0
160 13 13.0
160 103 42.0
160 131 48.0
160 169 48.0
160 180 2.0
161 21 60.0
161 27 77.0
161 48 9.0
161 74 80.0
161 79 2.0
161 82 61.0
161 89 98.0
161 97 27.0
161 128 98.0
161 141 99.0
161 143 87.0
161 157 61.0
161 165 38.0
161 170 63.0
161 189 29.0
162 2 84.0
162 15 9.0
162 16 1.0
162 66 92.0
162 93 29.0
162 124 93.0
162 185 71.0
163 8 97.0
163 11 6.0
163 37 84.0
163 40 34.0
163 43 47.0
163 45 91.0
163 49 61.0
163 56 61.0
163 70 16.0
163 84 85.0
163 87 46.0
163 95 74.0
163 110 94.0
163 121 26.0
163 135 8.0
163 197 51.0
164 25 8.0
164 28 49.0
164 102 55.0
164 184 88.0
164 40 27.0
164 43 48.0
164 54 44.0
164 92 57.0
164 95 62.0
164 110 83.0
164 120 1.0
164 188 22.0
165 21 80.0
165 27 51.0
165 48 2.0
165 74 75.0
165 85 24.0
165 89 84.0
165 97 35.0
165 128 58.0
165 132 23.0
165 141 45.0
165 143 1.0
165 161 33.0
165 191 53.0
166 9 75.0
166 31 69.0
166 78 7.0
166 91 9.0
166 96 93.0
166 100 45.0
166 113 91.0
166 122 36.0
166 134 75.0
166 168 38.0
166 171 28.0
166 190 68.0
166 200 34.0
167 150 62.0
167 13 16.0
167 38 36.0
167 46 55.0
167 55 12.0
167 67 1.0
167 71 56.0
167 83 17.0
167 103 74.0
167 131 32.0
167 180 22.0
168 6 94.0
168 58 18.0
168 96 84.0
168 122 83.0
168 134 1.0
168 166 69.0
168 171 34.0
168 190 93.0
168 200 15.0
169 12 80.0
169 41 44.0
169 47 98.0
169 57 93.0
169 64 15.0
169 150 28.0
169 160 16.0
169 178 74.0
169 13 4.0
169 55 33.0
169 67 1.0
169 103 30.0
169 126 32.0
169 131 2.0
169 176 13.0
169 180 39.0
170 21 62.0
170 44 45.0
170 68 96.0
170 74 18.0
170 79 10.0
170 82 78.0
170 89 91.0
170 97 59.0
170 119 56.0
170 141 91.0
170 157 28.0
170 161 94.0
170 189 44.0
171 31 83.0
171 78 99.0
171 91 31.0
171 96 64.0
171 100 67.0
171 113 43.0
171 122 79.0
171 134 20.0
171 166 23.0
171 168 20.0
171 200 15.0
172 18 93.0
172 22 94.0
172 38 85.0
172 39 15.0
172 46 76.0
172 62 82.0
172 71 83.0
172 139 27.0
172 181 2.0
173 11 69.0
173 17 12.0
173 20 26.0
173 45 27.0
173 56 61.0
173 61 33.0
173 104 55.0
173 135 54.0
173 144 62.0
173 147 80.0
173 149 44.0
173 156 12.0
173 198 17.0
174 5 70.0
174 23 37.0
174 25 36.0
174 29 20.0
174 73 64.0
174 101 76.0
174 127 11.0
174 138 88.0
174 140 75.0
174 145 20.0
174 182 27.0
175 47 89.0
175 52 66.0
175 106 19.0
175 19 62.0
175 34 14.0
175 126 87.0
175 133 80.0
175 186 16.0
175 177 64.0
176 178 67.0
176 10 31.0
176 13 29.0
176 19 70.0
176 26 62.0
176 30 73.0
176 35 9.0
176 55 1.0
176 67 20.0
176 88 41.0
176 103 35.0
176 126 88.0
176 142 72.0
176 169 50.0
176 180 62.0
176 186 81.0
176 187 59.0
177 151 30.0
177 34 64.0
177 133 35.0
177 175 5.0
177 3 49.0
177 14 38.0
177 24 13.0
177 146 17.0
177 152 26.0
177 183 74.0
177 193 51.0
177 196 58.0
178 12 62.0
178 41 62.0
178 47 76.0
178 57 33.0
178 64 6.0
178 160 87.0
178 13 6.0
178 55 68.0
178 67 17.0
178 103 51.0
178 126 77.0
178 131 29.0
178 169 74.0
178 176 51.0
178 180 89.0
179 37 99.0
179 151 43.0
179 159 6.0
179 14 69.0
179 146 65.0
179 193 86.0
180 12 78.0
180 41 51.0
180 57 83.0
180 64 1.0
180 150 20.0
180 160 29.0
180 178 5.0
180 13 15.0
180 55 29.0
180 67 82.0
180 83 94.0
180 103 97.0
180 126 29.0
180 131 24.0
180 167 59.0
180 169 93.0
180 176 61.0
181 4 71.0
181 18 89.0
181 22 13.0
181 62 8.0
181 81 1.0
181 129 81.0
181 139 73.0
181 172 84.0
182 5 92.0
182 23 53.0
182 25 16.0
182 28 98.0
182 36 65.0
182 63 41.0
182 102 89.0
182 127 2.0
182 174 7.0
182 184 34.0
182 192 42.0
182 54 7.0
182 188 59.0
183 34 81.0
183 76 11.0
183 77 96.0
183 109 86.0
183 3 52.0
183 24 62.0
183 68 14.0
183 141 38.0
183 143 66.0
183 152 23.0
183 155 23.0
183 177 86.0
183 191 9.0
183 196 58.0
184 5 96.0
184 23 4.0
184 25 39.0
184 28 81.0
184 102 92.0
184 127 30.0
184 182 47.0
184 40 97.0
184 43 37.0
184 54 60.0
184 60 77.0
184 95 14.0
184 99 76.0
184 110 83.0
184 120 36.0
184 164 67.0
184 188 77.0
185 2 81.0
185 15 4.0
185 16 70.0
185 66 63.0
185 93 21.0
185 123 64.0
185 124 92.0
185 144 42.0
185 156 17.0
185 162 75.0
186 10 48.0
186 13 31.0
186 19 29.0
186 26 86.0
186 30 85.0
186 34 36.0
186 35 70.0
186 51 85.0
186 67 46.0
186 76 34.0
186 77 87.0
186 88 46.0
186 126 67.0
186 142 3.0
186 175 36.0
186 176 37.0
186 187 10.0
186 194 19.0
187 4 23.0
187 10 64.0
187 26 71.0
187 30 77.0
187 32 70.0
187 35 69.0
187 42 89.0
187 50 8.0
187 51 29.0
187 67 86.0
187 76 24.0
187 77 88.0
187 81 22.0
187 88 51.0
187 111 13.0
187 129 8.0
187 137 1.0
187 139 6.0
187 142 57.0
187 176 88.0
187 186 74.0
187 194 74.0
188 25 43.0
188 28 59.0
188 102 24.0
188 182 15.0
188 184 4.0
188 43 8.0
188 54 61.0
188 92 7.0
188 120 84.0
188 164 16.0
189 112 9.0
189 21 55.0
189 44 60.0
189 68 76.0
189 74 43.0
189 79 85.0
189 82 37.0
189 89 8.0
189 97 75.0
189 119 66.0
189 141 45.0
189 143 48.0
189 155 85.0
189 157 79.0
189 161 38.0
189 170 58.0
190 6 20.0
190 7 51.0
190 9 80.0
190 36 26.0
190 53 52.0
190 58 18.0
190 80 25.0
190 91 32.0
190 96 24.0
190 122 7.0
190 134 57.0
190 153 71.0
190 166 16.0
190 168 89.0
190 192 2.0
190 200 47.0
191 3 70.0
191 21 92.0
191 33 78.0
191 48 44.0
191 68 51.0
191 85 64.0
191 118 11.0
191 132 73.0
191 141 4.0
191 143 39.0
191 152 92.0
191 155 10.0
191 165 50.0
191 183 57.0
191 196 37.0
192 5 4.0
192 7 33.0
192 9 11.0
192 36 49.0
192 53 16.0
192 63 92.0
192 80 78.0
192 91 82.0
192 127 71.0
192 134 62.0
192 138 68.0
192 153 49.0
192 182 9.0
192 190 44.0
192 200 14.0
193 151 9.0
193 159 38.0
193 179 8.0
193 14 22.0
193 33 64.0
193 118 51.0
193 146 76.0
193 177 32.0
194 4 24.0
194 10 96.0
194 19 23.0
194 26 46.0
194 30 55.0
194 32 71.0
194 35 30.0
194 42 25.0
194 50 54.0
194 51 42.0
194 76 57.0
194 77 95.0
194 88 15.0
194 109 40.0
194 111 58.0
194 137 9.0
194 142 48.0
194 186 16.0
194 187 10.0
195 72 71.0
195 90 96.0
195 98 57.0
195 116 29.0
195 136 65.0
196 34 89.0
196 109 34.0
196 3 49.0
196 21 88.0
196 24 28.0
196 68 99.0
196 85 72.0
196 141 78.0
196 143 8.0
196 152 40.0
196 155 18.0
196 177 77.0
196 183 15.0
196 191 71.0
197 8 1.0
197 11 6.0
197 16 30.0
197 37 37.0
197 49 49.0
197 56 2.0
197 66 75.0
197 70 32.0
197 87 29.0
197 121 99.0
197 135 15.0
197 159 22.0
197 163 47.0
198 17 69.0
198 61 59.0
198 104 19.0
198 124 89.0
198 144 49.0
198 147 39.0
198 156 97.0
198 173 23.0
199 15 2.0
199 108 59.0
199 123 72.0
199 130 14.0
199 158 15.0
199 59 49.0
199 98 33.0
199 105 79.0
199 116 47.0
199 117 4.0
199 118 45.0
200 9 9.0
200 53 83.0
200 78 90.0
200 80 31.0
200 91 88.0
200 96 72.0
200 113 92.0
200 122 45.0
200 134 70.0
200 166 61.0
200 168 76.0
200 171 80.0
200 190 17.0
200 192 81.0
