4 214
5 386
7 570
9 682
10 288
11 862
15 763
16 492
19 986
20 825
23 801
22 394
25 44
27 353
26 891
29 173
31 18
30 649
35 78
33 190
38 933
36 733
40 586
41 586
47 988
49 726
52 652
58 212
56 721
63 682
61 821
60 7
68 734
69 971
70 823
71 998
64 285
66 994
78 871
72 75
73 271
74 176
75 909
85 152
84 900
87 953
86 233
83 437
82 689
93 37
94 241
90 630
102 968
103 468
99 917
96 768
97 857
109 302
106 659
105 265
118 54
116 276
115 85
125 777
124 853
137 646
136 696
139 560
138 318
130 906
132 720
135 942
134 548
153 877
154 168
157 25
149 1
150 354
175 165
174 150
172 657
162 285
165 402
164 319
186 529
187 186
184 734
185 997
190 272
191 150
178 993
176 394
177 315
182 665
183 30
180 702
200 287
198 127
193 634
195 885
