2 469
3 286
4 516
6 710
7 954
9 209
13 584
15 6
16 940
19 497
23 735
25 927
24 682
27 663
26 131
29 955
34 219
33 865
38 764
42 702
40 872
47 265
44 711
45 829
48 824
58 976
63 826
61 873
69 114
70 199
71 982
64 746
65 962
66 190
67 162
76 344
77 499
79 477
72 224
74 621
75 125
84 447
86 70
81 159
80 660
93 319
89 795
103 769
108 293
109 267
104 867
116 457
115 621
114 789
125 617
124 564
123 79
122 857
136 937
139 397
142 250
129 240
131 367
132 149
135 773
153 954
156 487
159 133
144 224
146 955
149 226
150 151
151 656
171 836
170 569
175 922
174 350
173 898
162 601
161 955
160 822
167 52
165 828
164 1
186 407
185 373
191 552
189 545
178 43
179 450
204 526
207 928
203 988
202 70
198 217
193 607
195 33
194 592
220 736
221 24
222 924
223 702
217 234
209 927
210 282
211 459
238 893
236 692
234 982
229 683
228 291
224 37
254 666
255 232
250 506
251 697
248 91
249 501
247 694
245 975
243 775
273 991
272 102
276 324
283 374
282 276
287 327
285 451
258 802
256 539
257 289
261 398
266 245
267 515
264 140
270 427
271 918
268 576
269 678
305 539
306 911
309 176
308 324
311 76
310 150
313 27
314 858
317 69
319 565
288 977
289 793
290 929
291 344
292 485
293 588
294 397
295 499
296 911
299 927
300 284
302 525
303 840
343 293
342 51
339 965
351 222
344 485
326 582
327 272
324 295
323 823
320 440
335 804
332 699
329 232
374 298
369 813
368 362
370 400
381 339
383 393
379 372
356 604
358 509
359 329
355 423
365 965
366 688
367 254
411 459
408 645
409 896
412 838
413 650
400 777
401 402
404 498
394 667
393 791
399 692
397 565
387 437
391 893
390 697
445 907
446 521
447 667
432 972
436 19
439 72
425 303
424 996
427 571
428 483
431 163
421 150
422 390
479 546
476 581
477 737
472 277
470 620
471 971
469 842
466 831
464 365
462 880
461 471
458 318
457 461
455 424
454 241
451 576
448 885
508 324
509 98
506 574
507 717
502 194
503 582
496 45
497 113
499 44
489 287
490 486
484 2
481 395
480 400
483 20
551 536
544 536
558 715
556 522
554 765
555 14
552 837
553 78
566 69
564 384
563 319
562 902
561 554
575 859
573 440
570 678
517 604
518 615
519 766
513 594
514 661
524 759
526 4
527 374
521 650
535 739
534 709
528 240
540 789
543 142
539 743
538 711
609 167
614 441
615 186
612 738
618 156
619 859
620 7
621 591
626 199
625 299
624 606
629 246
628 548
635 476
637 87
576 362
579 788
581 699
582 234
583 76
584 843
585 576
586 43
589 363
590 677
594 679
598 557
601 516
603 175
604 2
607 591
687 489
685 675
684 901
682 763
679 513
678 643
675 877
672 571
702 765
698 46
692 813
693 319
688 538
689 616
652 695
655 201
654 344
648 907
650 404
645 730
647 710
643 84
670 904
665 853
666 871
667 769
661 909
663 768
657 813
747 110
745 818
744 324
751 744
750 638
748 127
739 426
737 387
736 262
742 576
741 165
740 740
763 958
760 892
766 214
754 526
755 161
758 888
759 570
713 701
712 540
717 205
716 505
719 717
718 611
704 891
707 431
706 911
710 279
729 888
731 637
732 48
735 92
720 34
721 202
722 304
724 742
725 868
800 202
791 964
790 835
789 344
788 249
786 857
784 492
797 577
796 481
795 222
793 541
775 564
772 78
773 508
768 388
769 907
782 619
781 813
779 822
776 501
777 102
