1 78 19.0
1 3 60.0
1 9 13.0
1 26 89.0
1 33 37.0
1 40 66.0
1 43 87.0
1 58 48.0
1 59 71.0
1 61 12.0
1 75 26.0
1 92 21.0
1 127 10.0
1 156 65.0
1 190 81.0
1 192 34.0
2 13 93.0
2 128 54.0
2 23 25.0
2 47 40.0
2 63 13.0
2 119 43.0
2 159 40.0
2 161 50.0
2 168 47.0
2 187 25.0
3 1 60.0
3 9 47.0
3 26 88.0
3 34 5.0
3 39 8.0
3 40 67.0
3 58 39.0
3 61 51.0
3 67 29.0
3 72 82.0
3 75 38.0
3 92 51.0
3 98 59.0
3 127 77.0
3 128 42.0
3 190 9.0
3 198 85.0
4 63 52.0
4 71 49.0
4 74 48.0
4 81 91.0
4 89 19.0
4 112 11.0
4 130 4.0
4 148 87.0
4 160 89.0
4 168 19.0
4 175 21.0
4 185 27.0
4 199 49.0
5 10 96.0
5 11 70.0
5 20 89.0
5 35 63.0
5 53 31.0
5 94 35.0
5 117 28.0
5 125 67.0
5 167 24.0
5 173 22.0
5 88 13.0
5 131 20.0
5 15 20.0
5 56 79.0
5 66 90.0
5 147 2.0
5 164 94.0
5 174 97.0
5 178 44.0
6 21 7.0
6 25 41.0
6 84 26.0
6 90 40.0
6 136 16.0
6 7 18.0
6 52 87.0
6 95 48.0
6 122 26.0
6 181 23.0
6 185 41.0
6 186 84.0
6 188 2.0
7 21 3.0
7 25 35.0
7 90 95.0
7 131 13.0
7 136 74.0
7 6 88.0
7 63 74.0
7 74 47.0
7 81 41.0
7 89 50.0
7 95 30.0
7 122 27.0
7 159 72.0
7 168 35.0
7 181 75.0
7 185 9.0
7 186 73.0
7 188 71.0
8 37 47.0
8 46 18.0
8 52 52.0
8 103 50.0
8 105 61.0
8 112 36.0
8 130 27.0
8 148 70.0
8 151 46.0
8 183 94.0
8 199 74.0
9 1 52.0
9 3 82.0
9 26 4.0
9 33 51.0
9 40 89.0
9 43 73.0
9 58 7.0
9 61 41.0
9 75 76.0
9 92 63.0
9 127 70.0
9 156 2.0
9 190 42.0
9 192 75.0
10 5 19.0
10 11 89.0
10 20 21.0
10 35 30.0
10 41 56.0
10 44 43.0
10 53 28.0
10 68 31.0
10 94 48.0
10 142 81.0
10 167 25.0
10 173 85.0
10 184 20.0
11 5 72.0
11 10 47.0
11 20 27.0
11 35 77.0
11 69 67.0
11 117 90.0
11 125 69.0
11 142 66.0
11 167 89.0
11 173 98.0
11 14 1.0
11 51 74.0
11 88 93.0
11 131 21.0
11 56 81.0
11 178 18.0
12 19 52.0
12 41 9.0
12 80 56.0
12 85 80.0
12 96 81.0
12 123 69.0
12 129 38.0
12 142 40.0
12 144 5.0
12 171 25.0
12 182 32.0
12 184 49.0
12 196 1.0
12 200 7.0
13 16 16.0
13 26 90.0
13 39 65.0
13 50 69.0
13 57 87.0
13 67 36.0
13 72 8.0
13 127 49.0
13 128 85.0
13 157 43.0
13 170 11.0
13 198 33.0
13 2 12.0
13 23 85.0
13 47 28.0
13 119 14.0
13 161 28.0
14 11 98.0
14 69 87.0
14 117 61.0
14 142 2.0
14 167 69.0
14 173 99.0
14 184 85.0
14 51 29.0
14 88 88.0
14 131 44.0
14 143 58.0
15 5 34.0
15 20 48.0
15 78 14.0
15 125 15.0
15 34 43.0
15 56 29.0
15 58 67.0
15 66 11.0
15 98 45.0
15 128 79.0
15 147 8.0
15 164 80.0
15 174 95.0
15 178 93.0
16 13 59.0
16 39 13.0
16 42 2.0
16 50 2.0
16 54 2.0
16 57 90.0
16 67 88.0
16 72 91.0
16 77 86.0
16 115 31.0
16 157 94.0
16 170 43.0
16 198 93.0
17 29 3.0
17 32 75.0
17 64 82.0
17 71 99.0
17 99 61.0
17 137 25.0
17 145 54.0
17 160 42.0
17 175 79.0
17 187 65.0
17 189 73.0
17 195 94.0
18 29 47.0
18 71 40.0
18 73 53.0
18 99 97.0
18 145 21.0
18 150 61.0
19 12 57.0
19 85 66.0
19 96 66.0
19 123 51.0
19 129 40.0
19 144 77.0
19 182 41.0
19 196 19.0
19 200 2.0
19 107 82.0
19 132 15.0
19 152 35.0
19 158 14.0
20 5 88.0
20 10 70.0
20 11 17.0
20 35 2.0
20 44 58.0
20 53 33.0
20 68 93.0
20 78 95.0
20 94 36.0
20 117 5.0
20 125 54.0
20 167 48.0
20 173 40.0
20 88 64.0
20 15 53.0
20 56 56.0
20 66 73.0
20 147 36.0
20 164 16.0
20 174 67.0
21 25 6.0
21 88 26.0
21 90 86.0
21 114 79.0
21 131 2.0
21 136 34.0
21 169 71.0
21 6 55.0
21 7 43.0
21 178 45.0
21 186 20.0
21 188 27.0
22 38 91.0
22 82 65.0
22 113 12.0
22 120 89.0
22 135 75.0
22 155 90.0
22 172 45.0
22 33 81.0
22 43 8.0
22 59 66.0
22 109 30.0
22 194 7.0
23 13 28.0
23 128 92.0
23 157 50.0
23 198 82.0
23 2 60.0
23 47 98.0
23 63 85.0
23 119 78.0
23 159 74.0
23 161 39.0
23 187 50.0
24 45 79.0
24 97 95.0
24 104 77.0
24 109 36.0
24 141 8.0
24 156 92.0
24 165 89.0
24 190 55.0
24 194 65.0
25 21 18.0
25 84 31.0
25 86 14.0
25 90 50.0
25 136 19.0
25 169 46.0
25 6 36.0
25 7 82.0
25 52 96.0
25 95 24.0
25 122 68.0
25 181 17.0
25 185 89.0
25 186 64.0
25 188 60.0
26 1 86.0
26 3 5.0
26 9 86.0
26 13 23.0
26 34 25.0
26 39 5.0
26 40 7.0
26 58 6.0
26 61 25.0
26 67 84.0
26 72 97.0
26 75 9.0
26 92 85.0
26 98 45.0
26 127 67.0
26 128 88.0
26 190 78.0
26 198 49.0
27 28 33.0
27 30 65.0
27 101 67.0
27 155 41.0
28 27 7.0
28 48 45.0
28 101 43.0
28 146 51.0
29 17 69.0
29 18 32.0
29 64 54.0
29 99 65.0
29 137 96.0
29 145 64.0
30 27 71.0
30 65 92.0
30 82 3.0
30 101 70.0
30 102 99.0
30 172 92.0
31 62 51.0
31 70 68.0
31 79 3.0
31 83 45.0
31 100 42.0
31 134 83.0
31 138 46.0
31 177 71.0
31 191 96.0
32 50 69.0
32 57 31.0
32 17 11.0
32 64 52.0
32 137 28.0
32 145 47.0
32 187 73.0
32 189 7.0
32 193 60.0
32 195 15.0
33 22 41.0
33 78 88.0
33 82 27.0
33 113 29.0
33 135 26.0
33 1 3.0
33 9 24.0
33 43 13.0
33 58 88.0
33 59 31.0
33 156 45.0
33 164 65.0
33 174 57.0
33 192 5.0
34 3 54.0
34 15 96.0
34 26 74.0
34 56 10.0
34 58 73.0
34 66 67.0
34 67 84.0
34 72 67.0
34 92 30.0
34 98 89.0
34 127 77.0
34 128 92.0
34 147 30.0
34 164 91.0
34 174 43.0
34 198 54.0
35 5 96.0
35 10 20.0
35 11 93.0
35 20 60.0
35 41 83.0
35 44 39.0
35 53 32.0
35 68 22.0
35 94 24.0
35 142 91.0
35 167 9.0
35 173 5.0
35 184 54.0
36 70 84.0
36 83 24.0
36 91 21.0
36 106 59.0
36 111 11.0
36 114 91.0
36 121 10.0
36 134 52.0
36 139 58.0
36 153 57.0
36 154 32.0
36 163 99.0
36 169 20.0
36 191 99.0
36 197 15.0
37 8 42.0
37 46 87.0
37 71 22.0
37 103 10.0
37 112 34.0
37 130 32.0
37 148 50.0
37 151 68.0
37 180 61.0
37 183 44.0
37 199 4.0
38 22 79.0
38 113 44.0
38 120 66.0
38 155 5.0
38 172 7.0
38 43 32.0
38 59 74.0
38 109 29.0
38 156 19.0
38 192 65.0
38 194 17.0
39 3 61.0
39 13 39.0
39 16 23.0
39 26 3.0
39 40 58.0
39 42 34.0
39 67 35.0
39 72 17.0
39 77 62.0
39 115 6.0
39 127 74.0
39 157 28.0
39 170 97.0
39 198 91.0
40 1 82.0
40 3 87.0
40 9 59.0
40 26 46.0
40 39 81.0
40 58 63.0
40 61 24.0
40 67 68.0
40 72 56.0
40 75 59.0
40 76 86.0
40 77 93.0
40 92 97.0
40 97 90.0
40 116 55.0
40 127 44.0
40 170 61.0
40 190 25.0
40 198 39.0
41 10 85.0
41 12 13.0
41 35 16.0
41 44 18.0
41 53 46.0
41 68 78.0
41 85 62.0
41 94 59.0
41 123 57.0
41 129 6.0
41 142 56.0
41 167 63.0
41 171 96.0
41 173 77.0
41 184 21.0
41 196 79.0
42 16 47.0
42 39 80.0
42 54 6.0
42 67 64.0
42 72 59.0
42 76 47.0
42 77 76.0
42 110 61.0
42 115 47.0
42 118 48.0
42 157 33.0
42 170 89.0
43 22 62.0
43 38 3.0
43 78 83.0
43 82 47.0
43 113 64.0
43 135 89.0
43 1 35.0
43 9 13.0
43 33 43.0
43 59 45.0
43 109 95.0
43 156 4.0
43 192 80.0
44 10 27.0
44 20 38.0
44 35 41.0
44 41 58.0
44 53 88.0
44 65 25.0
44 68 20.0
44 82 34.0
44 94 94.0
44 102 16.0
44 142 40.0
44 167 34.0
44 173 63.0
44 184 46.0
45 24 3.0
45 61 44.0
45 97 67.0
45 104 78.0
45 116 1.0
45 141 68.0
45 165 85.0
45 179 99.0
45 190 72.0
45 194 65.0
46 8 8.0
46 37 33.0
46 103 86.0
46 105 4.0
46 112 32.0
46 130 27.0
46 148 52.0
46 151 44.0
46 183 24.0
46 199 51.0
47 13 27.0
47 2 21.0
47 23 62.0
47 63 32.0
47 74 98.0
47 89 96.0
47 119 61.0
47 159 55.0
47 161 79.0
47 168 42.0
47 187 82.0
48 28 86.0
48 93 40.0
48 108 57.0
48 124 63.0
48 146 35.0
48 162 54.0
49 51 30.0
49 60 50.0
49 114 87.0
49 132 87.0
49 140 40.0
49 143 72.0
49 152 57.0
49 154 81.0
49 158 21.0
49 163 50.0
49 177 55.0
50 13 61.0
50 16 31.0
50 57 69.0
50 157 6.0
50 32 61.0
50 137 42.0
50 189 89.0
50 193 31.0
50 195 32.0
51 11 97.0
51 69 55.0
51 117 95.0
51 167 31.0
51 14 87.0
51 49 12.0
51 114 97.0
51 143 76.0
52 25 78.0
52 84 31.0
52 86 29.0
52 6 39.0
52 8 51.0
52 95 9.0
52 105 40.0
52 112 1.0
52 122 3.0
52 151 39.0
52 181 88.0
52 183 8.0
52 185 56.0
52 188 81.0
52 199 32.0
53 5 66.0
53 10 30.0
53 20 52.0
53 35 91.0
53 41 23.0
53 44 19.0
53 68 94.0
53 78 95.0
53 82 38.0
53 94 36.0
53 102 39.0
53 135 50.0
53 142 86.0
53 167 31.0
53 173 10.0
53 184 73.0
54 16 32.0
54 42 70.0
54 76 41.0
54 77 5.0
54 110 27.0
54 115 61.0
54 118 99.0
54 166 28.0
54 170 28.0
55 97 61.0
55 116 26.0
55 126 32.0
55 141 27.0
55 176 8.0
55 179 68.0
56 5 34.0
56 11 87.0
56 20 43.0
56 117 26.0
56 125 44.0
56 88 47.0
56 131 42.0
56 15 47.0
56 34 46.0
56 66 80.0
56 98 42.0
56 147 49.0
56 164 21.0
56 174 36.0
56 178 29.0
57 13 30.0
57 16 48.0
57 50 8.0
57 157 36.0
57 32 48.0
57 137 62.0
57 189 56.0
57 193 30.0
57 195 63.0
58 1 18.0
58 3 92.0
58 9 74.0
58 15 62.0
58 26 33.0
58 33 72.0
58 34 5.0
58 40 21.0
58 61 66.0
58 67 58.0
58 72 27.0
58 75 81.0
58 92 40.0
58 98 74.0
58 127 69.0
58 128 9.0
58 164 35.0
58 174 24.0
58 190 96.0
58 192 99.0
58 198 76.0
59 22 37.0
59 38 89.0
59 78 92.0
59 82 59.0
59 113 82.0
59 135 21.0
59 172 31.0
59 1 10.0
59 33 37.0
59 43 7.0
59 109 46.0
59 156 26.0
59 192 47.0
59 194 28.0
60 49 53.0
60 100 7.0
60 107 82.0
60 132 30.0
60 140 48.0
60 152 95.0
60 154 77.0
60 158 46.0
60 163 52.0
60 177 16.0
61 1 20.0
61 3 34.0
61 9 93.0
61 26 58.0
61 40 19.0
61 45 70.0
61 58 10.0
61 75 49.0
61 92 23.0
61 97 57.0
61 116 87.0
61 141 38.0
61 156 22.0
61 165 35.0
61 190 56.0
61 192 49.0
62 31 84.0
62 70 86.0
62 79 27.0
62 83 85.0
62 100 21.0
62 138 45.0
62 177 75.0
62 191 12.0
63 2 65.0
63 4 63.0
63 7 20.0
63 23 1.0
63 47 92.0
63 74 68.0
63 81 33.0
63 89 14.0
63 119 66.0
63 159 63.0
63 160 60.0
63 161 85.0
63 168 19.0
63 187 94.0
64 17 66.0
64 29 66.0
64 32 27.0
64 99 17.0
64 137 85.0
64 145 29.0
64 187 29.0
64 189 5.0
64 193 61.0
64 195 78.0
65 30 79.0
65 44 95.0
65 102 74.0
65 171 45.0
66 5 95.0
66 20 13.0
66 78 94.0
66 125 28.0
66 88 89.0
66 15 58.0
66 34 49.0
66 56 48.0
66 98 1.0
66 128 70.0
66 147 33.0
66 164 48.0
66 174 83.0
66 178 38.0
67 3 28.0
67 13 26.0
67 16 8.0
67 26 50.0
67 34 2.0
67 39 92.0
67 40 32.0
67 42 35.0
67 58 95.0
67 72 26.0
67 75 6.0
67 77 42.0
67 92 68.0
67 127 28.0
67 128 46.0
67 157 12.0
67 170 17.0
67 198 91.0
68 10 2.0
68 20 37.0
68 35 9.0
68 41 76.0
68 44 97.0
68 53 28.0
68 94 4.0
68 129 4.0
68 142 80.0
68 167 76.0
68 173 48.0
68 184 4.0
69 11 76.0
69 117 65.0
69 123 13.0
69 142 8.0
69 167 66.0
69 173 88.0
69 184 97.0
69 196 13.0
69 14 48.0
69 51 9.0
69 143 27.0
70 31 44.0
70 36 45.0
70 62 47.0
70 83 24.0
70 121 14.0
70 134 61.0
70 139 97.0
70 153 52.0
70 154 99.0
70 163 41.0
70 191 26.0
70 197 18.0
71 4 55.0
71 17 43.0
71 18 77.0
71 37 39.0
71 81 53.0
71 130 47.0
71 148 20.0
71 160 63.0
71 175 49.0
72 3 55.0
72 13 83.0
72 16 1.0
72 26 91.0
72 34 56.0
72 39 74.0
72 40 20.0
72 42 30.0
72 58 13.0
72 67 55.0
72 75 93.0
72 77 7.0
72 92 51.0
72 127 33.0
72 128 58.0
72 157 23.0
72 170 88.0
72 198 71.0
73 18 73.0
73 150 99.0
73 180 36.0
74 4 90.0
74 7 16.0
74 47 2.0
74 63 54.0
74 81 41.0
74 89 54.0
74 112 60.0
74 119 27.0
74 148 27.0
74 159 75.0
74 160 85.0
74 168 26.0
74 175 86.0
74 181 30.0
74 185 4.0
74 187 29.0
75 1 51.0
75 3 70.0
75 9 88.0
75 26 19.0
75 40 20.0
75 58 30.0
75 61 62.0
75 67 76.0
75 72 70.0
75 76 72.0
75 92 13.0
75 97 35.0
75 116 92.0
75 127 21.0
75 141 77.0
75 190 3.0
76 40 78.0
76 42 11.0
76 54 82.0
76 75 26.0
76 77 54.0
76 110 81.0
76 116 45.0
76 118 66.0
76 126 33.0
76 166 44.0
76 170 18.0
76 176 15.0
77 16 75.0
77 39 12.0
77 40 96.0
77 42 64.0
77 54 34.0
77 67 73.0
77 72 27.0
77 76 65.0
77 110 7.0
77 115 40.0
77 118 27.0
77 157 94.0
77 166 64.0
77 170 51.0
78 20 54.0
78 53 32.0
78 82 75.0
78 135 59.0
78 1 98.0
78 15 49.0
78 33 30.0
78 43 66.0
78 59 2.0
78 66 31.0
78 164 54.0
78 174 91.0
78 192 85.0
79 31 61.0
79 62 14.0
79 83 66.0
79 100 42.0
79 138 13.0
79 177 40.0
80 12 66.0
80 85 33.0
80 96 29.0
80 133 30.0
80 182 74.0
80 200 54.0
81 4 33.0
81 7 37.0
81 63 70.0
81 71 48.0
81 74 84.0
81 89 53.0
81 95 5.0
81 112 76.0
81 148 45.0
81 159 33.0
81 160 83.0
81 168 51.0
81 175 96.0
81 181 54.0
81 185 71.0
81 188 46.0
82 22 56.0
82 30 95.0
82 44 28.0
82 53 47.0
82 78 9.0
82 102 50.0
82 113 75.0
82 135 69.0
82 172 41.0
82 33 56.0
82 43 93.0
82 59 96.0
83 31 62.0
83 36 77.0
83 62 78.0
83 70 49.0
83 79 85.0
83 100 37.0
83 121 4.0
83 134 98.0
83 138 57.0
83 139 33.0
83 140 20.0
83 154 59.0
83 163 5.0
83 177 37.0
83 191 43.0
84 25 24.0
84 86 31.0
84 91 36.0
84 106 33.0
84 111 44.0
84 136 74.0
84 169 99.0
84 6 68.0
84 52 39.0
84 95 87.0
84 122 14.0
84 181 65.0
84 186 69.0
84 188 55.0
85 12 16.0
85 19 57.0
85 41 27.0
85 80 88.0
85 96 17.0
85 123 2.0
85 129 83.0
85 142 96.0
85 144 40.0
85 171 81.0
85 182 90.0
85 184 86.0
85 196 4.0
85 200 60.0
86 25 31.0
86 84 65.0
86 149 11.0
86 52 97.0
86 95 96.0
86 105 73.0
86 122 67.0
87 139 97.0
87 149 50.0
87 153 24.0
88 5 22.0
88 11 7.0
88 20 87.0
88 117 64.0
88 125 79.0
88 14 41.0
88 21 41.0
88 90 53.0
88 131 77.0
88 56 7.0
88 66 78.0
88 147 51.0
88 178 80.0
89 4 52.0
89 7 76.0
89 47 98.0
89 63 24.0
89 74 52.0
89 81 19.0
89 119 87.0
89 159 47.0
89 160 68.0
89 161 6.0
89 168 85.0
89 181 43.0
89 185 94.0
89 187 69.0
89 188 78.0
90 21 2.0
90 25 87.0
90 88 65.0
90 131 28.0
90 136 50.0
90 6 62.0
90 7 44.0
90 178 19.0
90 181 58.0
90 186 94.0
90 188 4.0
91 36 32.0
91 84 43.0
91 106 12.0
91 111 7.0
91 114 73.0
91 121 13.0
91 134 38.0
91 139 68.0
91 154 65.0
91 163 67.0
91 169 40.0
91 197 22.0
92 1 96.0
92 3 22.0
92 9 8.0
92 26 38.0
92 34 39.0
92 40 25.0
92 58 68.0
92 61 5.0
92 67 60.0
92 72 34.0
92 75 77.0
92 127 70.0
92 190 31.0
92 192 27.0
92 198 16.0
93 48 11.0
93 108 5.0
93 124 63.0
93 146 2.0
93 162 16.0
94 5 50.0
94 10 60.0
94 20 31.0
94 35 76.0
94 41 43.0
94 44 10.0
94 53 96.0
94 68 23.0
94 142 6.0
94 167 34.0
94 173 45.0
94 184 81.0
95 25 98.0
95 84 88.0
95 86 25.0
95 136 6.0
95 6 44.0
95 7 18.0
95 52 72.0
95 81 4.0
95 112 37.0
95 122 6.0
95 181 82.0
95 183 89.0
95 185 65.0
95 186 90.0
95 188 64.0
95 199 98.0
96 12 22.0
96 19 91.0
96 80 51.0
96 85 26.0
96 123 24.0
96 144 51.0
96 182 99.0
96 200 97.0
97 24 28.0
97 40 90.0
97 45 52.0
97 55 46.0
97 61 93.0
97 75 81.0
97 104 61.0
97 116 28.0
97 141 64.0
97 165 61.0
97 179 36.0
97 190 16.0
98 125 22.0
98 3 42.0
98 15 31.0
98 26 1.0
98 34 4.0
98 56 35.0
98 58 81.0
98 66 79.0
98 127 35.0
98 128 48.0
98 147 12.0
98 164 99.0
98 174 25.0
98 198 40.0
98 178 89.0
99 17 33.0
99 18 52.0
99 29 63.0
99 64 50.0
99 137 84.0
99 145 4.0
100 31 87.0
100 60 95.0
100 62 47.0
100 79 20.0
100 83 93.0
100 138 26.0
100 140 93.0
100 177 15.0
100 191 78.0
101 27 37.0
101 28 35.0
101 30 81.0
101 102 91.0
101 120 16.0
101 155 87.0
101 172 35.0
102 30 73.0
102 44 53.0
102 53 41.0
102 65 35.0
102 82 75.0
102 101 69.0
102 135 95.0
102 172 53.0
103 8 39.0
103 37 97.0
103 46 86.0
103 105 54.0
103 130 44.0
103 151 45.0
103 180 43.0
103 183 21.0
103 199 65.0
104 24 88.0
104 45 6.0
104 97 67.0
104 116 38.0
104 141 87.0
104 165 67.0
104 179 18.0
104 190 3.0
105 86 44.0
105 8 50.0
105 46 23.0
105 52 69.0
105 103 50.0
105 151 58.0
105 183 5.0
105 199 82.0
106 36 52.0
106 84 58.0
106 91 86.0
106 111 30.0
106 114 99.0
106 121 84.0
106 134 81.0
106 139 15.0
106 154 90.0
106 163 5.0
106 169 44.0
106 197 48.0
107 19 50.0
107 144 76.0
107 182 88.0
107 60 61.0
107 132 1.0
107 152 74.0
107 158 11.0
107 177 52.0
108 48 8.0
108 93 93.0
108 124 3.0
108 146 44.0
108 162 55.0
109 22 45.0
109 38 73.0
109 113 60.0
109 120 36.0
109 24 86.0
109 43 33.0
109 59 45.0
109 156 97.0
109 192 61.0
109 194 2.0
110 42 3.0
110 54 67.0
110 76 35.0
110 77 4.0
110 115 75.0
110 118 45.0
110 166 16.0
110 170 25.0
111 36 59.0
111 84 17.0
111 91 24.0
111 106 83.0
111 114 56.0
111 121 57.0
111 134 6.0
111 139 47.0
111 143 48.0
111 154 77.0
111 163 84.0
111 169 3.0
111 197 13.0
112 4 34.0
112 8 13.0
112 37 41.0
112 46 12.0
112 52 7.0
112 74 16.0
112 81 63.0
112 95 86.0
112 122 94.0
112 130 13.0
112 148 72.0
112 151 87.0
112 160 27.0
112 181 63.0
112 183 35.0
112 185 23.0
112 199 44.0
113 22 32.0
113 38 11.0
113 82 45.0
113 120 4.0
113 135 18.0
113 155 89.0
113 172 63.0
113 33 27.0
113 43 4.0
113 59 42.0
113 109 49.0
113 156 67.0
113 192 63.0
113 194 22.0
114 21 85.0
114 36 27.0
114 49 82.0
114 51 5.0
114 91 56.0
114 106 5.0
114 111 89.0
114 136 57.0
114 143 39.0
114 154 75.0
114 169 23.0
114 197 85.0
115 16 75.0
115 39 34.0
115 42 40.0
115 54 40.0
115 77 87.0
115 110 55.0
115 118 40.0
115 157 66.0
115 170 35.0
116 40 15.0
116 45 70.0
116 55 52.0
116 61 52.0
116 75 23.0
116 76 94.0
116 97 11.0
116 104 44.0
116 126 97.0
116 141 28.0
116 165 26.0
116 176 13.0
116 179 97.0
116 190 77.0
117 5 11.0
117 11 45.0
117 20 87.0
117 69 91.0
117 125 20.0
117 167 17.0
117 14 68.0
117 51 87.0
117 88 56.0
117 131 76.0
117 56 72.0
117 178 16.0
118 42 89.0
118 54 92.0
118 76 27.0
118 77 23.0
118 110 82.0
118 115 19.0
118 166 64.0
118 170 82.0
119 13 71.0
119 2 83.0
119 23 38.0
119 47 32.0
119 63 15.0
119 74 76.0
119 89 36.0
119 159 46.0
119 161 60.0
119 168 38.0
119 187 89.0
120 22 99.0
120 38 17.0
120 101 14.0
120 113 49.0
120 155 23.0
120 172 46.0
120 109 22.0
121 36 93.0
121 70 48.0
121 83 99.0
121 91 66.0
121 106 21.0
121 111 76.0
121 134 39.0
121 139 38.0
121 140 19.0
121 153 99.0
121 154 68.0
121 163 77.0
121 191 68.0
121 197 79.0
122 25 6.0
122 84 81.0
122 86 96.0
122 136 21.0
122 6 91.0
122 7 47.0
122 52 16.0
122 95 65.0
122 112 90.0
122 181 46.0
122 183 13.0
122 185 32.0
122 186 39.0
122 188 75.0
123 12 78.0
123 19 97.0
123 41 93.0
123 69 73.0
123 85 76.0
123 96 84.0
123 129 15.0
123 144 55.0
123 182 33.0
123 184 20.0
123 196 33.0
123 200 15.0
123 132 46.0
123 152 3.0
123 158 71.0
124 48 33.0
124 93 57.0
124 108 70.0
124 146 14.0
124 162 27.0
125 5 40.0
125 11 65.0
125 20 5.0
125 117 49.0
125 88 88.0
125 131 61.0
125 15 73.0
125 56 40.0
125 66 56.0
125 98 75.0
125 147 44.0
125 164 32.0
125 174 35.0
125 178 65.0
126 55 84.0
126 76 67.0
126 116 96.0
126 166 23.0
126 176 98.0
126 179 85.0
127 1 48.0
127 3 62.0
127 9 35.0
127 13 38.0
127 26 57.0
127 34 62.0
127 39 26.0
127 40 25.0
127 58 19.0
127 67 32.0
127 72 10.0
127 75 72.0
127 92 27.0
127 98 49.0
127 128 20.0
127 198 29.0
128 3 88.0
128 13 97.0
128 15 42.0
128 26 38.0
128 34 27.0
128 58 97.0
128 66 48.0
128 67 12.0
128 72 52.0
128 98 59.0
128 127 24.0
128 147 50.0
128 164 54.0
128 174 76.0
128 198 85.0
128 2 52.0
128 23 22.0
128 161 65.0
129 12 81.0
129 19 10.0
129 41 31.0
129 68 35.0
129 85 18.0
129 123 16.0
129 142 65.0
129 144 20.0
129 171 52.0
129 184 87.0
129 196 70.0
129 200 33.0
130 4 6.0
130 8 66.0
130 37 35.0
130 46 21.0
130 71 29.0
130 103 97.0
130 112 10.0
130 148 26.0
130 175 55.0
130 180 40.0
130 199 65.0
131 5 65.0
131 11 50.0
131 117 28.0
131 125 62.0
131 14 10.0
131 21 12.0
131 88 46.0
131 90 90.0
131 56 88.0
131 7 58.0
131 178 5.0
131 186 5.0
132 19 39.0
132 123 81.0
132 144 15.0
132 182 18.0
132 200 4.0
132 49 53.0
132 60 23.0
132 107 90.0
132 140 79.0
132 152 63.0
132 158 83.0
132 177 50.0
133 80 75.0
133 162 4.0
133 171 66.0
134 31 54.0
134 36 43.0
134 70 14.0
134 83 24.0
134 91 63.0
134 106 27.0
134 111 9.0
134 121 97.0
134 139 66.0
134 140 23.0
134 154 2.0
134 163 30.0
134 177 52.0
134 191 70.0
134 197 13.0
135 22 85.0
135 53 21.0
135 78 33.0
135 82 23.0
135 102 29.0
135 113 27.0
135 172 26.0
135 33 17.0
135 43 7.0
135 59 92.0
135 192 7.0
136 21 71.0
136 25 79.0
136 84 11.0
136 90 44.0
136 114 45.0
136 169 53.0
136 6 91.0
136 7 27.0
136 95 95.0
136 122 67.0
136 181 66.0
136 186 57.0
136 188 50.0
137 50 98.0
137 57 88.0
137 17 69.0
137 29 85.0
137 32 29.0
137 64 75.0
137 99 30.0
137 145 73.0
137 187 32.0
137 189 5.0
137 193 1.0
137 195 60.0
138 31 46.0
138 62 11.0
138 79 86.0
138 83 93.0
138 100 61.0
138 191 80.0
139 36 60.0
139 70 68.0
139 83 86.0
139 87 11.0
139 91 15.0
139 106 25.0
139 111 27.0
139 121 63.0
139 134 1.0
139 153 10.0
139 191 13.0
139 197 33.0
140 49 94.0
140 60 51.0
140 83 94.0
140 100 91.0
140 121 87.0
140 132 35.0
140 134 55.0
140 152 33.0
140 154 98.0
140 158 14.0
140 163 11.0
140 177 60.0
141 24 78.0
141 45 96.0
141 55 29.0
141 61 20.0
141 75 54.0
141 97 74.0
141 104 45.0
141 116 80.0
141 165 16.0
141 179 50.0
141 190 57.0
142 10 67.0
142 11 72.0
142 12 32.0
142 35 45.0
142 41 92.0
142 44 20.0
142 53 27.0
142 68 5.0
142 69 79.0
142 85 71.0
142 94 65.0
142 129 79.0
142 167 81.0
142 171 71.0
142 173 27.0
142 184 49.0
142 196 64.0
142 14 67.0
143 69 24.0
143 14 55.0
143 49 97.0
143 51 93.0
143 111 14.0
143 114 48.0
143 154 31.0
144 12 1.0
144 19 94.0
144 85 20.0
144 96 2.0
144 123 4.0
144 129 99.0
144 182 66.0
144 196 36.0
144 200 14.0
144 107 12.0
144 132 96.0
144 152 66.0
144 158 79.0
145 17 44.0
145 18 77.0
145 29 43.0
145 32 14.0
145 64 94.0
145 99 8.0
145 137 15.0
145 175 51.0
145 187 36.0
145 189 57.0
145 195 55.0
146 28 73.0
146 48 19.0
146 93 78.0
146 108 82.0
146 124 36.0
146 162 94.0
147 5 33.0
147 20 57.0
147 125 58.0
147 88 71.0
147 15 44.0
147 34 14.0
147 56 60.0
147 66 33.0
147 98 51.0
147 128 62.0
147 164 87.0
147 174 32.0
147 178 79.0
148 4 46.0
148 8 38.0
148 37 65.0
148 46 71.0
148 71 51.0
148 74 59.0
148 81 87.0
148 112 47.0
148 130 52.0
148 160 12.0
148 175 42.0
148 183 20.0
148 185 50.0
148 199 96.0
149 86 68.0
149 87 14.0
149 153 12.0
150 18 53.0
150 73 63.0
150 180 47.0
151 8 92.0
151 37 10.0
151 46 66.0
151 52 90.0
151 103 56.0
151 105 2.0
151 112 80.0
151 183 65.0
151 199 49.0
152 19 65.0
152 123 76.0
152 144 99.0
152 182 12.0
152 196 85.0
152 200 5.0
152 49 74.0
152 60 29.0
152 107 10.0
152 132 64.0
152 140 61.0
152 158 19.0
152 177 28.0
153 36 74.0
153 70 99.0
153 87 85.0
153 121 92.0
153 139 48.0
153 149 70.0
154 36 9.0
154 49 67.0
154 60 60.0
154 70 89.0
154 83 74.0
154 91 92.0
154 106 68.0
154 111 90.0
154 114 66.0
154 121 28.0
154 134 87.0
154 140 62.0
154 143 53.0
154 163 26.0
154 169 61.0
154 177 92.0
154 197 16.0
155 22 15.0
155 27 25.0
155 38 81.0
155 101 25.0
155 113 99.0
155 120 61.0
155 172 14.0
156 38 4.0
156 113 28.0
156 1 75.0
156 9 20.0
156 24 47.0
156 33 46.0
156 43 25.0
156 59 23.0
156 61 54.0
156 109 22.0
156 190 34.0
156 192 27.0
156 194 75.0
157 13 39.0
157 16 8.0
157 39 98.0
157 42 37.0
157 50 43.0
157 57 36.0
157 67 6.0
157 72 12.0
157 77 76.0
157 115 73.0
157 170 74.0
157 198 76.0
157 23 34.0
157 193 92.0
158 19 90.0
158 123 65.0
158 144 95.0
158 182 9.0
158 196 1.0
158 200 74.0
158 49 82.0
158 60 83.0
158 107 43.0
158 132 56.0
158 140 48.0
158 152 52.0
158 177 23.0
159 2 31.0
159 7 49.0
159 23 63.0
159 47 39.0
159 63 20.0
159 74 31.0
159 81 86.0
159 89 88.0
159 119 97.0
159 160 12.0
159 161 4.0
159 168 4.0
159 187 82.0
160 4 91.0
160 17 46.0
160 63 16.0
160 71 86.0
160 74 99.0
160 81 60.0
160 89 10.0
160 112 30.0
160 148 20.0
160 159 26.0
160 168 99.0
160 175 22.0
160 185 17.0
160 187 53.0
161 13 59.0
161 128 78.0
161 2 96.0
161 23 10.0
161 47 33.0
161 63 2.0
161 89 65.0
161 119 2.0
161 159 99.0
161 168 21.0
161 187 89.0
162 48 46.0
162 93 65.0
162 108 18.0
162 124 28.0
162 133 32.0
162 146 61.0
163 36 22.0
163 49 81.0
163 60 41.0
163 70 39.0
163 83 53.0
163 91 67.0
163 106 72.0
163 111 4.0
163 121 58.0
163 134 92.0
163 140 43.0
163 154 58.0
163 177 29.0
163 191 46.0
163 197 91.0
164 5 12.0
164 20 55.0
164 78 34.0
164 125 49.0
164 15 91.0
164 33 7.0
164 34 88.0
164 56 44.0
164 58 78.0
164 66 49.0
164 98 80.0
164 128 47.0
164 147 17.0
164 174 43.0
165 24 22.0
165 45 32.0
165 61 69.0
165 97 73.0
165 104 77.0
165 116 71.0
165 141 44.0
165 179 56.0
165 190 78.0
166 54 2.0
166 76 54.0
166 77 74.0
166 110 11.0
166 118 54.0
166 126 92.0
166 176 65.0
167 5 45.0
167 10 23.0
167 11 42.0
167 20 68.0
167 35 91.0
167 41 79.0
167 44 97.0
167 53 91.0
167 68 85.0
167 69 28.0
167 94 67.0
167 117 20.0
167 142 53.0
167 173 80.0
167 184 72.0
167 14 45.0
167 51 82.0
168 2 12.0
168 4 13.0
168 7 98.0
168 47 57.0
168 63 41.0
168 74 56.0
168 81 41.0
168 89 66.0
168 119 3.0
168 159 51.0
168 160 39.0
168 161 40.0
168 185 84.0
168 187 21.0
169 21 2.0
169 25 29.0
169 36 73.0
169 84 59.0
169 91 18.0
169 106 71.0
169 111 67.0
169 114 22.0
169 136 51.0
169 154 37.0
169 197 50.0
170 13 33.0
170 16 12.0
170 39 98.0
170 40 8.0
170 42 2.0
170 54 7.0
170 67 6.0
170 72 25.0
170 76 99.0
170 77 17.0
170 110 76.0
170 115 13.0
170 118 99.0
170 157 26.0
170 198 85.0
171 12 99.0
171 41 6.0
171 65 33.0
171 85 40.0
171 129 92.0
171 133 18.0
171 142 59.0
171 184 70.0
172 22 91.0
172 30 36.0
172 38 35.0
172 82 53.0
172 101 69.0
172 102 42.0
172 113 11.0
172 120 36.0
172 135 8.0
172 155 93.0
172 59 4.0
173 5 31.0
173 10 17.0
173 11 29.0
173 20 25.0
173 35 74.0
173 41 46.0
173 44 24.0
173 53 79.0
173 68 41.0
173 69 1.0
173 94 97.0
173 142 40.0
173 167 71.0
173 184 85.0
173 14 92.0
174 5 51.0
174 20 12.0
174 78 94.0
174 125 93.0
174 15 70.0
174 33 37.0
174 34 83.0
174 56 32.0
174 58 15.0
174 66 17.0
174 98 84.0
174 128 8.0
174 147 22.0
174 164 6.0
175 4 77.0
175 17 18.0
175 71 43.0
175 74 6.0
175 81 9.0
175 130 77.0
175 145 46.0
175 148 57.0
175 160 76.0
175 187 44.0
176 55 65.0
176 76 96.0
176 116 84.0
176 126 96.0
176 166 88.0
176 179 20.0
177 31 63.0
177 49 11.0
177 60 40.0
177 62 70.0
177 79 6.0
177 83 1.0
177 100 81.0
177 107 53.0
177 132 73.0
177 134 36.0
177 140 76.0
177 152 2.0
177 154 35.0
177 158 23.0
177 163 88.0
178 5 42.0
178 11 3.0
178 117 59.0
178 125 36.0
178 21 45.0
178 88 12.0
178 90 37.0
178 131 18.0
178 15 33.0
178 56 65.0
178 66 98.0
178 98 3.0
178 147 45.0
179 45 54.0
179 55 14.0
179 97 38.0
179 104 94.0
179 116 99.0
179 126 77.0
179 141 42.0
179 165 38.0
179 176 23.0
180 37 63.0
180 73 62.0
180 103 89.0
180 130 98.0
180 150 40.0
181 25 46.0
181 84 81.0
181 90 69.0
181 136 61.0
181 6 16.0
181 7 84.0
181 52 17.0
181 74 2.0
181 81 57.0
181 89 5.0
181 95 12.0
181 112 56.0
181 122 71.0
181 183 41.0
181 185 64.0
181 186 31.0
181 188 19.0
182 12 82.0
182 19 75.0
182 80 11.0
182 85 25.0
182 96 60.0
182 123 6.0
182 144 40.0
182 196 79.0
182 200 72.0
182 107 13.0
182 132 34.0
182 152 56.0
182 158 75.0
183 8 20.0
183 37 31.0
183 46 66.0
183 52 69.0
183 95 94.0
183 103 98.0
183 105 85.0
183 112 11.0
183 122 86.0
183 148 39.0
183 151 1.0
183 181 55.0
183 185 16.0
183 199 58.0
184 10 28.0
184 12 58.0
184 35 2.0
184 41 53.0
184 44 7.0
184 53 70.0
184 68 81.0
184 69 93.0
184 85 1.0
184 94 37.0
184 123 47.0
184 129 13.0
184 142 53.0
184 167 12.0
184 171 43.0
184 173 70.0
184 196 46.0
184 14 35.0
185 25 60.0
185 4 16.0
185 6 31.0
185 7 45.0
185 52 24.0
185 74 78.0
185 81 56.0
185 89 54.0
185 95 85.0
185 112 76.0
185 122 34.0
185 148 94.0
185 160 38.0
185 168 88.0
185 181 28.0
185 183 98.0
185 186 87.0
185 188 28.0
185 199 23.0
186 21 23.0
186 25 90.0
186 84 39.0
186 90 87.0
186 131 82.0
186 136 76.0
186 6 49.0
186 7 74.0
186 95 45.0
186 122 29.0
186 181 44.0
186 185 46.0
186 188 53.0
187 2 70.0
187 17 65.0
187 23 41.0
187 32 13.0
187 47 66.0
187 63 94.0
187 64 85.0
187 74 51.0
187 89 83.0
187 119 59.0
187 137 96.0
187 145 78.0
187 159 10.0
187 160 77.0
187 161 90.0
187 168 40.0
187 175 34.0
188 21 77.0
188 25 13.0
188 84 26.0
188 90 48.0
188 136 37.0
188 6 67.0
188 7 1.0
188 52 89.0
188 81 23.0
188 89 13.0
188 95 12.0
188 122 99.0
188 181 68.0
188 185 23.0
188 186 62.0
189 50 14.0
189 57 84.0
189 17 95.0
189 32 73.0
189 64 21.0
189 137 5.0
189 145 83.0
189 193 5.0
189 195 73.0
190 1 22.0
190 3 11.0
190 9 85.0
190 24 13.0
190 26 34.0
190 40 90.0
190 45 72.0
190 58 12.0
190 61 14.0
190 75 52.0
190 92 74.0
190 97 92.0
190 104 70.0
190 116 95.0
190 141 73.0
190 156 9.0
190 165 50.0
190 192 78.0
191 31 25.0
191 36 7.0
191 62 54.0
191 70 37.0
191 83 55.0
191 100 85.0
191 121 11.0
191 134 91.0
191 138 34.0
191 139 13.0
191 163 66.0
192 38 85.0
192 78 86.0
192 113 10.0
192 135 67.0
192 1 24.0
192 9 97.0
192 33 46.0
192 43 67.0
192 58 68.0
192 59 74.0
192 61 23.0
192 92 2.0
192 109 21.0
192 156 41.0
192 190 48.0
192 194 13.0
193 50 36.0
193 57 12.0
193 157 91.0
193 32 21.0
193 64 24.0
193 137 15.0
193 189 40.0
193 195 92.0
194 22 15.0
194 38 22.0
194 113 47.0
194 24 30.0
194 45 66.0
194 59 32.0
194 109 45.0
194 156 97.0
194 192 49.0
195 50 48.0
195 57 84.0
195 17 69.0
195 32 73.0
195 64 15.0
195 137 4.0
195 145 25.0
195 189 56.0
195 193 16.0
196 12 6.0
196 19 38.0
196 41 3.0
196 69 68.0
196 85 42.0
196 123 50.0
196 129 25.0
196 142 47.0
196 144 60.0
196 182 72.0
196 184 68.0
196 200 6.0
196 152 79.0
196 158 54.0
197 36 36.0
197 70 15.0
197 91 93.0
197 106 27.0
197 111 53.0
197 114 91.0
197 121 78.0
197 134 66.0
197 139 84.0
197 154 71.0
197 163 15.0
197 169 96.0
198 3 77.0
198 13 84.0
198 16 91.0
198 26 60.0
198 34 38.0
198 39 78.0
198 40 57.0
198 58 62.0
198 67 99.0
198 72 82.0
198 92 45.0
198 98 32.0
198 127 57.0
198 128 29.0
198 157 60.0
198 170 71.0
198 23 56.0
199 4 11.0
199 8 64.0
199 37 26.0
199 46 58.0
199 52 36.0
199 95 37.0
199 103 56.0
199 105 62.0
199 112 2.0
199 130 36.0
199 148 96.0
199 151 1.0
199 183 35.0
199 185 72.0
200 12 68.0
200 19 49.0
200 80 65.0
200 85 60.0
200 96 30.0
200 123 30.0
200 129 12.0
200 144 85.0
200 182 90.0
200 196 86.0
200 132 36.0
200 152 39.0
200 158 44.0
