3 18
5 601
6 376
8 923
10 969
11 37
13 390
14 968
17 787
16 613
18 200
20 849
24 764
26 454
31 728
30 51
34 934
35 900
32 184
33 871
38 906
37 258
43 438
40 401
41 835
44 844
45 758
55 661
54 774
53 252
52 47
59 623
57 665
56 504
60 247
70 405
71 197
64 749
65 890
66 435
67 622
76 146
77 54
78 787
73 223
84 547
86 106
80 607
83 122
92 119
95 573
94 892
89 245
90 753
102 362
101 837
96 625
111 32
109 665
106 81
116 715
114 643
126 929
125 458
124 877
121 973
120 962
137 51
136 31
139 800
140 559
130 549
135 943
134 273
153 864
155 534
157 128
158 688
159 317
144 6
146 94
149 539
151 807
171 671
170 255
169 710
168 345
175 769
174 181
173 89
162 243
161 976
160 857
166 517
164 975
187 619
184 369
185 796
188 156
176 969
177 826
183 28
180 936
206 753
200 577
202 432
198 363
195 950
194 178
223 996
216 438
217 397
218 108
215 74
209 930
210 461
211 756
237 470
235 606
231 58
227 693
226 98
225 416
254 814
253 282
248 687
249 652
247 933
244 394
243 313
241 682
275 131
274 202
273 349
272 354
279 700
282 664
281 657
280 682
287 111
286 51
258 952
256 48
262 120
263 384
261 945
266 132
267 9
264 536
265 884
270 357
269 628
306 133
311 584
310 779
315 455
314 299
317 35
319 380
318 149
289 355
290 559
291 584
292 701
294 826
295 878
299 639
300 817
301 481
342 234
341 59
339 430
338 334
337 634
348 408
346 826
345 327
327 277
324 95
325 127
323 439
320 180
334 546
335 210
333 112
328 32
372 522
375 400
369 512
371 888
370 164
383 862
382 209
376 492
379 506
357 436
358 728
352 819
365 581
361 677
362 336
408 181
409 184
414 733
403 783
406 910
405 240
395 920
393 389
392 392
396 272
386 331
385 764
441 747
445 722
447 897
432 387
436 900
424 199
426 740
428 493
430 391
417 350
418 198
479 191
477 690
474 947
475 882
472 183
471 720
468 127
464 956
465 64
457 727
455 214
451 594
450 329
449 583
448 150
500 686
497 525
499 799
494 635
489 697
491 805
484 69
487 687
481 213
483 394
482 257
