169.93063837150783 103.70314672466617 0.0
111.44388623255337 160.6620932636674 0.0
86.68072944754823 124.45920820975019 0.0
159.9554570145932 131.51416707422823 0.0
52.83819300809638 100.00209371454267 0.0
127.1464747207534 3.655911957527347 0.0
191.26455932354796 32.60556608632628 0.0
128.48431104657573 60.48522189235652 0.0
98.1985263482887 82.12689543984561 0.0
18.786233809364774 179.0126687997009 0.0
95.72984322555 146.40990714474128 0.0
3.8417791833123216 141.0233278450866 0.0
115.52340192425248 123.44634106758687 0.0
137.92705660295888 46.190362558108866 0.0
84.06325791654601 124.24693473257555 0.0
62.73464095171144 97.75199427877807 0.0
189.25673613747264 110.25645306488263 0.0
155.93806808440476 64.37121393215446 0.0
174.05898627878864 140.27970902224487 0.0
26.555222223858976 161.05543016318714 0.0
24.848698326055143 29.26844972310947 0.0
19.47021547103065 137.52107318391188 0.0
100.60599335747158 144.9517530984776 0.0
72.91877018132378 14.145982334724438 0.0
83.51389711480482 98.17537407580022 0.0
110.43722493480297 163.66021522172966 0.0
122.4249300835201 18.948451819053357 0.0
142.7208393234905 100.98366179805811 0.0
187.7048962144978 152.5785236913557 0.0
5.032198586587677 14.126858714324175 0.0
159.28605573593757 58.90889469368516 0.0
162.24592255937924 145.82892069308073 0.0
129.3323244434527 152.55503114342767 0.0
76.31114425101187 18.614588606186278 0.0
16.739359352722683 83.16948762445604 0.0
49.85863667327513 185.21002805371396 0.0
62.76279184538303 122.14781755690021 0.0
34.8746001732815 81.7649277152939 0.0
105.38809680721661 95.82052796605952 0.0
26.80865895072464 63.086202495221414 0.0
114.62592585046643 85.05912449106133 0.0
152.17869337807252 7.096399206611181 0.0
111.73710406294536 97.35703049635165 0.0
1.6806840220865205 189.9878395256909 0.0
92.46169912047857 9.8289344747432 0.0
161.00681617359345 54.05118704156675 0.0
127.64698858487544 80.20505388976116 0.0
48.020643903793435 16.915010989865607 0.0
24.239358554578683 27.77949290560324 0.0
77.63321034710448 3.9407883510565345 0.0
195.4255966730509 97.40474524860696 0.0
44.66947668579002 124.77550430552841 0.0
110.7792090529809 37.00721033588579 0.0
40.20969867928794 60.57181102576343 0.0
75.5878959494332 142.73137761684416 0.0
198.33562575054236 80.14370566048852 0.0
123.10841995406747 55.70315338648864 0.0
107.90680713015487 161.33318977193346 0.0
94.31557986682807 30.535632303958437 0.0
17.937577323826346 58.121503933291365 0.0
126.78223142181557 138.08340778202225 0.0
15.340521794231465 124.5260976060385 0.0
177.64762734803708 113.58435474992987 0.0
160.24767933745068 83.08247331210173 0.0
65.20169144619099 116.21057688298224 0.0
126.81594334921952 108.71776196147209 0.0
29.433072270053295 127.18309089328321 0.0
16.368452546574574 188.08067975800216 0.0
183.95926050024516 80.98760831064018 0.0
84.9191173685452 109.90049069291517 0.0
60.07721739155518 97.8615388958296 0.0
158.57270095676884 43.70519196333817 0.0
128.2434577299363 165.60524929367557 0.0
97.98820934467514 72.23708585907902 0.0
123.11258171118897 104.90331110296769 0.0
17.03862207266742 57.161729868203935 0.0
195.33389615122368 44.72438442691542 0.0
60.9953609081423 38.17395205957879 0.0
166.6257666810611 133.0011485437303 0.0
6.011174849526468 192.36256267813812 0.0
74.21784347755343 12.674453653192108 0.0
154.3704124804384 13.703123400244666 0.0
156.57156453560262 104.31885916980642 0.0
168.9210116577822 11.80597172695017 0.0
54.35963966100683 153.9492414115885 0.0
15.297806493973386 74.55449351088184 0.0
79.00551651196805 28.24129648131022 0.0
61.99212932391267 91.02651678761691 0.0
135.65421654870676 169.28130479853894 0.0
26.017851946910262 89.0994086147937 0.0
78.26614736458362 57.093523078657405 0.0
45.86957386990065 6.397351139712026 0.0
121.59589725579278 70.57624078797184 0.0
113.66364803479863 83.74702281302046 0.0
38.13821060987688 86.11048621913311 0.0
4.798403188434874 147.06583144688906 0.0
27.69383837573387 7.988055886614043 0.0
106.16489978087931 126.6144906459884 0.0
163.02808298695183 185.93843485413032 0.0
162.8851632999926 51.803699045318986 0.0
187.16526133685102 142.41694406888686 0.0
138.74988317384833 55.2524095065676 0.0
166.18266492198367 5.949314328560096 0.0
116.97314650393355 21.55302654253848 0.0
85.9377749310574 126.71062162857336 0.0
55.57679720530076 24.206636141065196 0.0
121.98295975476728 136.64940845154737 0.0
55.662652797078074 8.449252521210271 0.0
8.992044102165476 8.850573965518404 0.0
1.0257588255266459 98.19781083599726 0.0
89.34361251927226 69.46346362979794 0.0
184.0075422434082 32.10249079667056 0.0
30.076028043614222 20.404379335818092 0.0
45.18270950231842 166.6997776021599 0.0
63.24967193372155 42.17555434193725 0.0
23.419295198016844 23.918402750094224 0.0
126.82204716331418 163.52542733085767 0.0
138.0464432078616 105.69822650326195 0.0
61.46178933682089 108.30793209578732 0.0
106.30983081604082 50.23986835998504 0.0
53.29794815906317 159.78121350493154 0.0
136.9900349491816 162.41070620750475 0.0
3.4211346169339185 18.719124597462944 0.0
35.00435886423088 115.09070422068608 0.0
52.02358056863095 174.09154430808167 0.0
102.00794970267582 188.74934632041612 0.0
88.38527416326822 153.7025049225118 0.0
124.45551377577925 193.30269546305624 0.0
137.483876389707 177.0577994712175 0.0
103.2799722874048 199.30751655347865 0.0
29.8262387318033 193.86661976972138 0.0
98.2899759305995 194.80714963287272 0.0
133.16974762392624 58.96461729259208 0.0
35.583352776612884 179.6516147653636 0.0
153.12206946839325 68.07848913723676 0.0
157.71889317667274 10.872288615937343 0.0
94.17806204772823 58.735142522117 0.0
184.08430351180343 120.69931970878713 0.0
13.57305955096162 166.75114713010248 0.0
192.84328224268108 43.06765835324027 0.0
197.40197017879305 121.12116801991975 0.0
136.0401693031496 104.96552883200638 0.0
41.773951381016005 58.75668839293691 0.0
155.88577521160602 65.73687094504311 0.0
31.342791586745843 45.4093769408521 0.0
82.94347095555904 120.45716944647641 0.0
173.3733410590699 0.24601984139465127 0.0
65.87977596657191 122.75985739711845 0.0
67.57475586861423 138.92495552659165 0.0
7.639091550108468 127.99824815094914 0.0
70.25154858408325 173.6566313599572 0.0
164.34749459662441 9.385959019053235 0.0
145.893804947615 138.61380262855485 0.0
100.945875655625 157.76627764970308 0.0
190.14818614000004 45.18959855075275 0.0
191.49792616384008 139.91906404005908 0.0
55.18173562447706 13.984640315934694 0.0
2.313870666994755 60.82139966158573 0.0
11.770684399610175 79.03705818525535 0.0
2.4761390014445217 52.03601165395251 0.0
142.0169352334762 114.6921816566232 0.0
109.04844021183966 191.40944289533724 0.0
172.415031560556 96.6414245778606 0.0
193.19506858443816 48.51958479768943 0.0
129.06292227716375 176.0427121793967 0.0
48.632542897137455 145.82013495009681 0.0
125.12995971173635 19.267627766323514 0.0
55.2810584627689 127.18728854314291 0.0
175.26601194718987 145.70326345686527 0.0
58.67840484730842 133.58176523108975 0.0
172.45585261643842 182.16954188027574 0.0
29.66449480027846 199.79718623267664 0.0
59.893257310442706 44.895644420481595 0.0
69.03983013151253 6.773489427190094 0.0
183.76959311917295 58.631927796175034 0.0
78.34659868564418 50.712012589944266 0.0
22.442023320807223 127.35659676396094 0.0
130.616393922958 23.23658903163386 0.0
153.26664065382 82.16911955466533 0.0
43.87384941841243 136.10287318937105 0.0
40.45236380727422 49.3453087539697 0.0
85.38082358272523 69.46590774501664 0.0
5.611519807157994 105.16167582068778 0.0
116.05109250553325 174.4737271640056 0.0
177.2534945237105 13.979552314318045 0.0
22.16071565335982 118.96268734476712 0.0
106.28809237177046 82.21230185824353 0.0
175.42472659533752 129.28790740090173 0.0
81.67558754531706 103.18165833100363 0.0
112.70593716810626 151.8301127770813 0.0
183.68070592555114 16.502211146083944 0.0
33.067113981449836 34.477963020569355 0.0
171.7581577453443 60.515635277478474 0.0
72.57292035579623 11.392733921212784 0.0
19.917601802615124 57.42929916145514 0.0
36.193553769282175 163.6200411367514 0.0
84.48627110743976 38.19662077551102 0.0
141.3570754676258 123.62113785709678 0.0
117.50776042945583 87.80922246224969 0.0
159.1429757486459 93.55408822271765 0.0
23.58584113684865 71.55399056252531 0.0
126.80461872268624 55.14296905074556 0.0
198.80245215221385 188.92077198597005 0.0
149.25370449594084 63.2310567878932 0.0
87.40926845781702 94.22928020811865 0.0
107.33505350952784 135.62168171920626 0.0
45.3127534852843 21.676718632475577 0.0
147.16545323957462 78.56846772647101 0.0
108.94262876565715 157.3902455407555 0.0
37.50551392377051 20.284179904047008 0.0
33.914274555386584 12.201393389046933 0.0
51.07886273940032 64.0954946703161 0.0
189.96573127604955 166.242287162797 0.0
150.94829371565913 118.37865947970447 0.0
176.97032339865297 80.09626798159152 0.0
144.50379984812213 12.168844711888616 0.0
161.3962453894615 97.11849199917361 0.0
105.3127324746748 63.343868720420616 0.0
123.40479013776235 97.67474019599449 0.0
157.02766096999946 130.540701667274 0.0
51.84913277663714 108.42952470844128 0.0
63.74276573382216 50.47103459687548 0.0
27.755996068185553 118.44746882959349 0.0
177.634980021418 39.05996601191157 0.0
96.44272118383815 8.75463233234095 0.0
157.4213659550007 117.83972060007575 0.0
44.24273852650409 63.13937151969877 0.0
90.10952203366465 116.2880502085297 0.0
67.88254242484936 195.35503226550534 0.0
23.713137864713076 96.30887667465176 0.0
52.87378998091397 1.5196855434325363 0.0
50.05016349259195 146.810471010459 0.0
161.85429321016954 26.39088284643938 0.0
164.43628467070442 4.344288944593311 0.0
74.63211052908272 18.326194404996787 0.0
173.03179867003635 70.02548106855475 0.0
118.75713515771726 40.12314986478549 0.0
118.79524588168988 113.46371514555122 0.0
82.76503373358717 101.56501285406317 0.0
53.44248214459333 81.19102761849959 0.0
113.80854213374454 84.38157275634906 0.0
95.50519494855752 160.08095367987022 0.0
167.21160898417838 141.4670614635996 0.0
183.5281376636972 185.51124034358227 0.0
197.55199918513867 69.57997374543712 0.0
158.63973768233873 29.53007707418369 0.0
59.1984720758099 178.38252953351227 0.0
192.1760003312406 156.04372277867895 0.0
118.79880144494032 108.56020162283684 0.0
111.73293857257343 88.05110308771008 0.0
73.03535715621837 87.89462285130705 0.0
72.96809396047546 96.20890150459633 0.0
12.035142533317345 56.545966830032036 0.0
74.66703831310251 188.51832680050026 0.0
172.1416053407151 141.43374457442036 0.0
21.035980611888185 57.68268216652939 0.0
81.32581683174406 114.4877120164882 0.0
197.8770507536771 25.692594380357157 0.0
116.33486212413236 130.67344599855915 0.0
148.24800815986873 14.453626332658098 0.0
62.74575048459998 9.079931202796953 0.0
8.403508707101025 166.77873738732782 0.0
97.41325481258929 193.98935359122882 0.0
196.2603659235559 143.8259712423253 0.0
97.3706184507118 112.73203850314326 0.0
132.32458408319837 133.06944682437344 0.0
120.06223465444114 133.26234796002737 0.0
16.96311907138228 15.149663246452661 0.0
96.85775500847242 116.77413844512465 0.0
188.0988860519945 158.45681026346605 0.0
35.117424066908455 59.30720262500109 0.0
39.85253630504981 137.0587195390566 0.0
133.64870593414412 121.17888973746985 0.0
95.35013141496327 100.59278678536847 0.0
182.21464022670463 54.208004458239586 0.0
195.8609366667553 163.99911729472714 0.0
37.82457164245074 54.08075342892478 0.0
93.62496555475448 30.479847532695302 0.0
48.858380286862555 188.841517466406 0.0
17.1752850387781 112.82750841965444 0.0
32.645431394537525 184.37381283850502 0.0
15.655174335854483 76.27304618369817 0.0
2.9400184642323968 83.86981624972836 0.0
82.57584711586907 190.2619575409495 0.0
90.8051394234348 140.66950835444695 0.0
9.655534034155488 147.0747724783471 0.0
5.736974927877991 52.48339104628306 0.0
27.826072324790417 81.96600889242491 0.0
143.4326415210726 99.89545213031457 0.0
155.18859182195038 12.50341287101644 0.0
62.424054578779064 113.17599854103256 0.0
190.645016961563 4.04727227100099 0.0
123.87119383406622 58.81661362153076 0.0
67.12754192994205 63.817211674481996 0.0
17.12826780513126 10.832497601350966 0.0
9.793528174834588 67.75185905387751 0.0
78.26659217918379 151.76011698671118 0.0
32.2485153447585 132.37452547709916 0.0
149.55836855655423 34.41093666791926 0.0
147.80546977348698 158.13579139541125 0.0
24.995798096064938 27.824912984863758 0.0
72.98354502110975 191.2117984705401 0.0
80.2403279441838 69.50009172958822 0.0
156.89517621422456 177.4948064909222 0.0
94.9670982603077 150.8575529817871 0.0
182.86535608395712 15.520417197288383 0.0
141.3900129826299 174.03379462678112 0.0
157.57247982225556 154.33362985253717 0.0
134.8231193994992 135.47532620661426 0.0
28.195381580629487 127.80376788492119 0.0
20.454343815072207 15.443210378898842 0.0
49.49644842697689 168.65609031046168 0.0
5.077920271926706 82.41800426311241 0.0
60.466110044889554 3.495715971138047 0.0
133.3521439031787 157.52836900762844 0.0
24.099197837283025 94.35729820628451 0.0
55.21943069647976 126.50948234889181 0.0
34.06911029858901 162.82175797087646 0.0
34.44595205277117 35.33017760684376 0.0
198.51092080875821 9.499076207423297 0.0
107.80843386150667 60.51048519121185 0.0
173.81993064999804 24.68409658191233 0.0
20.27602416796754 106.28418087809553 0.0
40.31749245702403 175.24998788895329 0.0
133.60542299589642 148.14366440544063 0.0
86.83117768131329 48.35189961109761 0.0
134.08782787739594 115.93731227365738 0.0
102.68179525961811 134.2711401008826 0.0
49.75651521910412 89.57232532031398 0.0
163.26492857106246 138.73797424612405 0.0
28.18420577114644 66.50885181206078 0.0
39.360095288469374 129.32904615258784 0.0
123.06970447955979 152.6139594743216 0.0
60.49586410029557 141.04312470554618 0.0
191.1335267833321 126.57692062493626 0.0
119.14466794964211 92.91679586793006 0.0
110.41269749293878 132.96997132909496 0.0
115.21622413421755 100.54944416346127 0.0
96.86501785020305 170.17167614602997 0.0
109.2639586788145 108.6647584480053 0.0
118.26358329729547 56.7526785465762 0.0
178.01396229733922 13.343750867051728 0.0
82.68256706647918 83.556515649471 0.0
47.27150220113836 95.32210144795168 0.0
13.44557288595789 188.59101460897853 0.0
14.955259748329318 43.75248937884428 0.0
13.228248584373127 27.978504202223032 0.0
70.95487537313213 114.09035031465132 0.0
67.07709380785562 158.59601759866547 0.0
70.70270175695595 34.26928749038245 0.0
37.42676660065391 96.6693064255888 0.0
125.7958908239771 150.09026732140146 0.0
163.76843894327578 71.46749070359175 0.0
37.70034702475664 183.7564316246383 0.0
195.4421387116811 54.377830680120965 0.0
19.513349627236497 68.74324901441793 0.0
158.09627073599634 111.02298532065893 0.0
125.95693533729731 19.701527269781003 0.0
82.67783237303621 97.7159112624073 0.0
143.21952892792825 97.8485612403813 0.0
10.387199461301822 3.4304222871706758 0.0
177.95849180186556 40.31060577151313 0.0
27.85158384659838 24.59815229146507 0.0
28.72171530539096 36.13759149837914 0.0
183.84167571606906 152.42556022726976 0.0
23.24157772880664 52.218853129508446 0.0
92.17620724900692 51.05734977029572 0.0
161.4999791683837 39.08643023487392 0.0
35.02951852844058 109.79559525110265 0.0
117.15843299930297 79.60033388387109 0.0
46.677588811686356 163.7165663265028 0.0
118.89250543320675 82.7679861570243 0.0
179.78818069247444 94.41010546394277 0.0
158.3652704086177 170.45782464238917 0.0
134.68114267393844 146.19926170647932 0.0
153.01965342954261 56.524898009157276 0.0
66.55521130608666 123.0806200526695 0.0
29.56495341655867 75.87411394322507 0.0
76.49798441403759 67.75862356252492 0.0
187.97807171561743 85.24452090340873 0.0
39.16596496361129 166.5300427981113 0.0
56.035328224996064 28.005976881131446 0.0
23.342046485770208 72.40739878938686 0.0
50.836057138658845 132.01718557433674 0.0
21.147920723746427 193.7532053103021 0.0
26.474446084538016 92.60205453196468 0.0
17.50940517639883 156.82945488620396 0.0
5.961452529812483 181.95902503980258 0.0
3.542831667564861 18.049760463649033 0.0
70.69392141822395 21.82592259950691 0.0
165.85106858546632 75.35433732767697 0.0
112.21329472123472 157.98060429082673 0.0
168.28797727027433 108.01071368080342 0.0
138.69170785793935 183.16558676994933 0.0
183.5704788491435 160.27607775241813 0.0
172.52849386347862 169.28258043748917 0.0
129.18769916827114 176.73978615095493 0.0
75.63549158781208 190.21065492537664 0.0
15.376937876399888 95.79746381800744 0.0
95.43479596402614 143.35969002834292 0.0
22.5065774817905 12.59093594354741 0.0
137.28800346180344 111.07841327079295 0.0
91.02630071878446 133.88105384291435 0.0
138.02121872800032 142.29427159889977 0.0
29.215391021794822 64.7031968304657 0.0
40.40544779963826 180.2701206010218 0.0
22.28005792324521 90.28820519934114 0.0
149.89732140038706 114.12058887421878 0.0
160.92118426873213 146.61415630734325 0.0
92.64036571956412 189.73868964749207 0.0
198.31415844035504 109.08730569983125 0.0
187.67243759603915 80.04120589452437 0.0
191.51266342796038 71.23328776133673 0.0
196.48009663941332 184.9490533399654 0.0
186.6088210972422 33.912508234137206 0.0
119.4862094650509 8.276683959232646 0.0
66.55216547331571 80.45640910218492 0.0
171.75216921550322 141.71248178076422 0.0
96.3504731209889 74.2542249544168 0.0
89.12163115593003 75.32977864262294 0.0
172.44547761791637 182.7024902544793 0.0
91.22781962351887 149.576033027615 0.0
111.37722614445215 105.06256354607888 0.0
159.2318639282327 65.44549171315208 0.0
97.42070194984879 161.65405947622116 0.0
173.85491331661694 77.54846755765912 0.0
49.69901178899407 187.94504383873388 0.0
103.21206514975991 109.04815769976442 0.0
166.34751270728506 69.48252775914104 0.0
30.151502437566148 147.94381397909376 0.0
56.62369933922437 152.23977878468642 0.0
165.2474980003289 10.93679625755717 0.0
81.42793089522054 67.83956057644936 0.0
104.29129054981492 94.123875629861 0.0
188.52038763969924 124.24541484605791 0.0
58.069150706172955 69.02006951857922 0.0
50.789971168961465 129.89585348639693 0.0
7.412226433487712 27.92089990251736 0.0
94.25118925833213 142.8890292290214 0.0
117.94813063686698 134.3720085248971 0.0
37.01535572200929 166.70851089277195 0.0
86.67950010131791 192.52168652365688 0.0
51.302718417969295 50.11329241728162 0.0
186.46007549987732 113.38980173610682 0.0
7.632571127316812 191.1982876131645 0.0
24.63419109272438 26.59436407760163 0.0
63.6485009031061 94.26411281479234 0.0
38.55083057335618 162.83485292179284 0.0
119.6064882015369 183.01794769042152 0.0
113.35879004697568 15.439085670757379 0.0
178.37363218213778 134.76000489461825 0.0
26.434665504717316 78.53844762471232 0.0
19.85583723251643 167.59296284521994 0.0
97.99089576771311 54.94391325948431 0.0
28.092876620146857 186.32448260055213 0.0
58.85621852085239 28.55318931160631 0.0
93.8297511890756 72.61587504063915 0.0
134.11627450710563 104.12714004776437 0.0
56.193463987163426 91.06263446177665 0.0
85.2475056525181 31.53145052010067 0.0
144.17464094111887 175.27546360027358 0.0
53.572585172024525 152.04723256066376 0.0
131.93385213282212 156.66323730147673 0.0
104.31118430886951 31.11219830404206 0.0
31.52264342132389 3.502072643205101 0.0
183.19498847294867 174.86177143997486 0.0
112.42970756200414 49.007596292131275 0.0
166.56131194712168 67.09731858632617 0.0
59.43293804889323 4.510261629117651 0.0
11.034909445317954 8.816523394203868 0.0
158.5583236085558 77.46634455875194 0.0
90.35291583318535 94.19874656749928 0.0
135.51710529139024 143.92011540536475 0.0
44.58318775532308 114.94594437313455 0.0
61.81275327364651 61.165519722899745 0.0
60.93154758303368 49.13766936022199 0.0
190.77983013572387 48.73837505915568 0.0
55.528871808803835 61.26636113807511 0.0
89.13690473806317 14.503107375380742 0.0
132.0341250696003 16.87701114032798 0.0
189.20620332045843 157.4806916940004 0.0
155.58491342698616 198.24309702534794 0.0
102.77283340163712 140.19733161754743 0.0
99.57229051926204 196.7684774153797 0.0
109.62682624296541 190.71627619228815 0.0
197.91200271645278 53.31274288052972 0.0
162.15150081084226 68.14791693177868 0.0
66.92953820887514 19.39538807296366 0.0
131.8920185871929 105.31611446280478 0.0
48.67179542672917 20.241870253440307 0.0
64.85823581787606 128.39161195187728 0.0
71.40335995892755 14.892583260207193 0.0
109.38635991754377 145.68607636936053 0.0
123.2407947746217 169.1034221040581 0.0
133.70415492121802 96.43320088407413 0.0
191.32365140296307 83.52460046432154 0.0
59.91479424918074 55.26613105270055 0.0
31.616114696715456 52.65202297506399 0.0
6.9347756408600025 99.23321119299158 0.0
3.378670442207987 69.30344707878791 0.0
56.99158099431334 161.5769238261803 0.0
27.54438799928465 34.87947219339858 0.0
38.60712607180381 20.133678903822005 0.0
109.67971784986561 187.42711169069497 0.0
153.56333470583004 98.09496163004832 0.0
5.905092560623215 117.53164864548869 0.0
166.16649953240085 191.00308625775827 0.0
104.0958746473769 106.32018158721219 0.0
20.19736996260566 176.23767861609647 0.0
42.879491999822704 90.3681160205027 0.0
152.25423642728356 9.881828601583887 0.0
197.38999154908683 135.0577350486811 0.0
29.76666385330431 70.73958861438472 0.0
123.4364743978181 80.94562577385163 0.0
157.77765392925824 172.4094072048464 0.0
170.6872069830858 16.953782048993805 0.0
170.66261216987297 131.70082734623844 0.0
150.66656744111526 29.70680223494737 0.0
53.27346536677224 55.31461100820576 0.0
176.80722325733674 80.09552772898496 0.0
20.56691411928786 86.58929262534261 0.0
181.49530777577593 66.15528906782184 0.0
125.59589485794473 40.24992720974936 0.0
158.991618868973 145.6046562675844 0.0
62.81373335254246 145.4776511384591 0.0
83.3072742345129 11.89850888828341 0.0
86.960762022549 16.251457103909807 0.0
106.55741311483294 44.40693782866347 0.0
77.37349545141304 172.79645432026254 0.0
56.01202083899961 86.33940614329767 0.0
143.37674976351536 149.1055666489648 0.0
17.00814759007081 43.291375579831026 0.0
188.48946520164273 38.88463340393742 0.0
114.08313728386021 140.7983354870821 0.0
129.49516124178137 55.90349900392315 0.0
84.133782689297 131.0401671489064 0.0
0.9984682634278874 114.61858486959271 0.0
73.10171899804423 196.84637188228612 0.0
166.90934178315572 173.06526940785932 0.0
81.63052915582323 165.4106870835124 0.0
107.36687523587369 122.40113872387897 0.0
35.33547598016797 114.6313134392219 0.0
152.9351031334607 156.1140264291335 0.0
161.77204243356803 131.7508168335796 0.0
97.47322613734852 6.791622322980295 0.0
18.884740151784918 66.97762192908058 0.0
36.90332729073573 199.48212396163728 0.0
138.66305963406342 14.028776668140907 0.0
53.168647571073954 138.05831366248202 0.0
24.926604895515545 145.04149002771135 0.0
90.99603219647076 14.630241477462036 0.0
175.60687260044668 29.058784556091855 0.0
159.64637056242267 11.934471514312527 0.0
87.58847291327638 71.30238304391025 0.0
32.6571405896448 54.76069111488584 0.0
46.1177451930852 24.70377241821724 0.0
115.65158627388018 58.85927060693088 0.0
100.98224160119018 45.67223375798473 0.0
105.60922387472561 24.406232719798847 0.0
188.1096757292982 92.83637600168286 0.0
74.56286264752332 25.984800916752437 0.0
67.93039164560413 0.5035710693136686 0.0
76.50743399519979 162.17562631654604 0.0
20.792629093100643 97.83950478021559 0.0
98.37642027573258 45.2304875791903 0.0
64.91520654668213 190.2778191931986 0.0
154.26189069344065 34.937185011778496 0.0
43.80756047127956 71.42769770035706 0.0
156.62445031685633 150.6660711157952 0.0
67.78239026411393 91.75502277375193 0.0
89.05979824324415 31.72152651485367 0.0
88.1314431485784 74.57052498341487 0.0
152.2588159699107 58.50448511436237 0.0
32.730341983845676 40.36624806416194 0.0
158.1184949608471 195.6248771754596 0.0
138.28359400609338 177.29930587848972 0.0
106.53128605236316 72.98582917301613 0.0
77.11631496723967 78.6299200114299 0.0
195.20072597203531 81.99403880515167 0.0
195.364471902755 57.17835936283462 0.0
84.90163772473495 31.433731031773824 0.0
54.61071103098698 142.37332006494458 0.0
70.92335595220088 181.1744034759158 0.0
100.45829175783021 167.22207109597002 0.0
96.00483502059878 51.765267390393554 0.0
69.23078679301284 160.54050901633747 0.0
80.89081976753675 94.10219659790435 0.0
87.93064590559565 74.0390100150882 0.0
45.70850846699837 95.7358192923933 0.0
122.7850008809567 94.36794588358428 0.0
148.68448750109303 99.02215614564034 0.0
88.15236974187333 16.98432572410633 0.0
78.29205123234289 11.199988360678947 0.0
140.25924694602813 191.70901797296372 0.0
0.739270104088563 197.61204440167347 0.0
49.18094903182342 189.10173009935963 0.0
86.7785436757577 166.66988568967582 0.0
67.67623595149166 182.28874270102654 0.0
120.1386704684096 178.79504958525544 0.0
196.93071632949838 90.63624509046176 0.0
24.450742758790113 41.45205826019978 0.0
186.95927406869728 189.66989356308878 0.0
136.3595420856953 88.52148714606365 0.0
3.3630161593794394 155.8990275899044 0.0
99.58240928821265 184.6442529232538 0.0
42.331686238864876 185.71183020191137 0.0
157.99780628254118 143.8009907108745 0.0
82.22767432725134 104.26547868189755 0.0
185.41623478279615 6.2733051707282605 0.0
22.783133223655796 63.303205986926315 0.0
5.506364865247382 179.2663863963788 0.0
81.88699720423543 116.0879168515837 0.0
27.419576857802653 113.85537509093197 0.0
95.13405879169416 53.14991203382549 0.0
150.976496416545 164.55062376032322 0.0
94.75349777053792 184.30404183663694 0.0
79.84928727181185 157.65984305890652 0.0
32.22957893906451 60.399381901040506 0.0
21.99392688412758 180.75790793033752 0.0
152.8726890016753 42.52244337040627 0.0
53.65686984183697 197.9579877216712 0.0
130.79394101247175 146.8826173830459 0.0
176.6008880353957 94.3103093250848 0.0
29.182113071526494 120.36644259337524 0.0
107.76521809867398 57.53787654752407 0.0
63.47693466854758 34.75512669223906 0.0
106.39534696766064 16.451146008821915 0.0
13.97790374160699 26.85743544547783 0.0
65.74820416111002 172.76652444432148 0.0
159.62344363275005 157.31803561154973 0.0
74.79874558018894 86.68633015738845 0.0
186.12012044637189 112.61907797010747 0.0
89.94431952710318 106.48074028504837 0.0
59.29736074891596 32.80063294498967 0.0
47.52338998396719 168.44496026566677 0.0
148.5080814084853 111.68350519410043 0.0
95.03565863206924 135.98778390082737 0.0
135.09117896255054 186.8855765756247 0.0
22.270818324755236 95.2403937878986 0.0
47.35701625025015 113.6808534790733 0.0
33.123506967148344 179.45718036398895 0.0
126.25245241670773 99.7580348692249 0.0
114.6924136551773 155.61308035078488 0.0
144.8071655973551 167.19332718222742 0.0
32.33171582911032 173.98485137425376 0.0
79.65841795180373 103.46001208481673 0.0
7.643395126208263 155.13635297785092 0.0
64.39670923589418 65.05508399234823 0.0
20.969213411622768 68.61090908053338 0.0
142.17001440158492 5.331086336793445 0.0
20.761595694835155 43.76647385628114 0.0
78.92970247287978 112.37913656574565 0.0
119.28279407640572 45.57226172058728 0.0
198.8965199411349 63.316819200620266 0.0
107.40215216767103 146.8181782783055 0.0
60.27025473970842 128.09260890285552 0.0
130.83154594480905 33.07138088139134 0.0
1.902132795992606 188.92612362131908 0.0
135.9594069988244 87.84692835172243 0.0
160.59425078820627 180.76148399548813 0.0
115.51404523729234 22.842405094429118 0.0
83.88562765141583 103.6187493789896 0.0
62.60726836120669 141.71919014709817 0.0
144.62984404836504 9.486203537185522 0.0
76.27968495192323 155.79585059260722 0.0
1.3644801260868977 24.404254726938124 0.0
52.489293636911086 6.151920544253864 0.0
142.4179554421701 130.64926367725383 0.0
41.555336344831794 189.0232127214825 0.0
101.89458419871451 104.4336309072512 0.0
56.38971751387012 30.002552113605475 0.0
42.12405937669514 81.29618698244232 0.0
75.41853646015126 7.442649855348349 0.0
59.856875975674015 104.3648185192833 0.0
199.9166704629165 186.5907144490325 0.0
192.43245295796288 99.93095349207431 0.0
197.5485745159681 93.36705566260935 0.0
75.342121308475 20.283468710410624 0.0
192.22889073884107 130.33296389656323 0.0
134.05435720397128 195.5073231846656 0.0
44.98662121998025 117.27573392273322 0.0
80.66507783118593 43.960064484881926 0.0
11.337108624346426 124.97171390195254 0.0
129.88097030246226 5.3971342319523385 0.0
157.7361978254644 63.070923624681456 0.0
149.03929637718556 81.22475361000292 0.0
173.01141649130386 81.67968113480804 0.0
113.31282616218155 93.11694826360224 0.0
20.235237779727445 151.10047050549295 0.0
149.9438543017572 104.24110825326468 0.0
140.3258257499533 195.32107090477814 0.0
124.29669006191484 186.59424473770503 0.0
40.730967740185875 72.2278286839299 0.0
145.71317391118683 63.460033189550494 0.0
80.87126614592503 117.15072016991104 0.0
152.60117030246323 107.75437023742708 0.0
100.58886528059641 96.23068705774374 0.0
73.88128856033858 135.03513456957904 0.0
28.668364076290654 52.232530431174304 0.0
157.8623924047846 194.20960125111768 0.0
155.56697817710997 67.80947713516001 0.0
109.81173495134257 129.48073681604794 0.0
157.81107210023856 19.858335797554382 0.0
85.93094605190184 63.83147112195615 0.0
21.08679256121524 153.48695713136058 0.0
154.14432839712464 137.35384026712617 0.0
124.8725921138261 165.24854596630655 0.0
151.0513037963092 22.987646708737696 0.0
123.53195122052105 52.6801900953223 0.0
139.59009345972746 137.74124438666126 0.0
87.10472247893249 60.81575857660584 0.0
103.40507521243785 69.22462912352441 0.0
49.60604360711422 36.22613324953281 0.0
101.60559629634082 145.33312171017064 0.0
53.46189425204633 185.27261958640972 0.0
51.54922548045413 89.17747021044396 0.0
175.78074648270066 25.64206541085905 0.0
7.4779019491582055 121.86421817215043 0.0
75.4812011465978 18.865169344149415 0.0
59.28058482804899 102.48783128542702 0.0
109.865520368989 176.4021575919402 0.0
188.35144612534447 127.70404097969256 0.0
35.0496213192439 43.01291873239026 0.0
186.45789255543272 52.51155344942371 0.0
126.7301511633375 78.51139129963907 0.0
68.72804321311634 39.37716348434515 0.0
36.089683459752834 182.63693030798163 0.0
93.31258435102076 94.5970615245419 0.0
30.21139126195511 137.65808939678823 0.0
137.97127388662057 8.795006727089705 0.0
57.1948453103533 79.45712050362945 0.0
177.7796098363916 182.71579327738942 0.0
123.23488673266527 150.22631321759684 0.0
158.34655898222996 89.98025840080889 0.0
172.2458564657045 34.540062285760875 0.0
65.37952928113762 5.225938726160151 0.0
18.183750677768252 135.44938931283838 0.0
54.12807210185946 109.06523377082272 0.0
96.03927970203708 108.37851476442692 0.0
121.18310937096541 170.55075421143562 0.0
69.544905254017 137.98575544019224 0.0
176.30384083928925 103.34541827402009 0.0
61.95951868254272 116.78396362046088 0.0
103.38971018303309 193.55260936737236 0.0
60.86453013850053 164.19847709271025 0.0
87.41022633800044 105.16942928193902 0.0
88.72551585675019 110.87336755319983 0.0
128.05066984083592 83.38417919474202 0.0
28.04388444871364 65.41958096741358 0.0
61.0270431596597 96.44663823843835 0.0
143.24341922713307 179.43141100526427 0.0
164.46898347297713 183.59785145564362 0.0
151.0066297992342 31.480516433856188 0.0
140.46458516767933 9.553745791610613 0.0
156.59647567800272 61.929507541535344 0.0
130.8064844382502 165.29475414077464 0.0
95.76904816315638 7.790000183136558 0.0
51.17378513231942 100.4215257986047 0.0
100.2033377812233 110.48276622197348 0.0
109.42979016869955 124.09450452151816 0.0
38.94432245383717 199.24044633871756 0.0
111.41076631117768 69.58297866894429 0.0
179.1761296906524 189.02620259832113 0.0
51.52628764831111 181.70710986970758 0.0
56.71214981546591 74.22426850197445 0.0
135.68705990513297 156.96417101977121 0.0
49.909430727638515 147.9914618086293 0.0
190.52137468539928 42.88806622302901 0.0
10.28491961300746 132.04129326673385 0.0
175.53670044998907 86.19901253941231 0.0
18.931467135182523 162.76524152233574 0.0
33.82822454576255 8.558092729503898 0.0
109.90176634316447 146.9785552844464 0.0
192.13145069214227 184.2491889181712 0.0
30.0488032234288 74.21073436389824 0.0
52.46130351571834 195.86860010307618 0.0
189.38165048075433 52.34368212181768 0.0
5.275455925370687 52.11052409448418 0.0
96.81568976375847 119.53329991945272 0.0
38.04495515568895 165.99426366852052 0.0
173.26682367574634 77.73315240358481 0.0
113.31052122254015 12.387039849174375 0.0
87.3593832058924 91.771603998113 0.0
146.74818693613432 10.433857642225686 0.0
68.5878298252387 2.816657834005043 0.0
28.463277266654007 9.51391000002122 0.0
18.592690432824078 16.1955380703944 0.0
99.67704007172856 196.6006630125399 0.0
63.28137012341413 40.91885706009286 0.0
22.165522092357026 88.410617462514 0.0
66.84495279021003 81.8920865199203 0.0
59.25568569615631 123.48366378076139 0.0
163.2922417282827 115.67970875680346 0.0
24.878910565005086 27.345512919123593 0.0
151.94275539747656 16.820459101241838 0.0
151.12755517773653 188.16081263402256 0.0
50.39060215232887 144.0746733873158 0.0
74.95532808224308 150.79306697168303 0.0
1.7715501452959526 144.61769647306565 0.0
51.10774755602914 13.945564419873246 0.0
