55.778523146010414 21.49404321608046 0.0
116.30715059891357 138.10421318743366 0.0
149.96146461848946 165.97928408388398 0.0
6.55662442798568 89.9091977903997 0.0
197.22059854274903 127.5845647157445 0.0
197.46421135440443 190.59050740342636 0.0
21.853220105891058 133.4534235227412 0.0
78.6514258371011 194.4243310213849 0.0
21.014054722625698 11.309403337323687 0.0
17.872437945729768 183.50113126995748 0.0
68.07313965506971 75.74150727105946 0.0
49.249076292099424 151.50799604014026 0.0
30.065408991658703 168.82333752449176 0.0
60.781221861795245 156.44731925252998 0.0
100.50757574904875 54.632568093161396 0.0
126.25589833217379 95.86241319171714 0.0
113.11580086850435 114.30773166205168 0.0
169.06116831616907 8.335868575617678 0.0
172.46536622337084 91.59957864052173 0.0
194.04370384171796 11.471883449610143 0.0
114.39145526236199 98.44457272746403 0.0
78.43183678152216 149.2690473151254 0.0
91.9379164031836 5.908488177072568 0.0
173.9785519315473 140.73535354940344 0.0
171.9186957345466 117.9182591150795 0.0
139.8618282432374 96.79264333700837 0.0
22.66445612026633 53.52066276961289 0.0
99.5124855067462 103.96277521675397 0.0
175.284737505972 47.97657180906889 0.0
194.4224870186578 161.0234272370587 0.0
148.78371505581453 23.820098397084124 0.0
94.11952517095312 98.76645602132668 0.0
143.6255830050459 180.08188927730458 0.0
13.876476792802794 13.187243577279407 0.0
28.85328146148385 101.19653875895234 0.0
90.35712833637753 198.8787104019463 0.0
174.62214680020742 96.68404198951643 0.0
170.28245550365497 182.09897824187954 0.0
115.01788025392985 48.51582700332406 0.0
178.3344056004052 21.92699498353603 0.0
65.28599976683336 65.14597671045274 0.0
47.89713405982066 173.11572200655587 0.0
163.10783702546144 119.50871107188668 0.0
121.86830374820286 85.69785610261702 0.0
155.31586082286037 182.85349385103487 0.0
160.655930112621 154.0942783063144 0.0
109.44895651546322 157.109338004985 0.0
30.609066813687093 22.420842369500328 0.0
193.80617094855276 155.540345747409 0.0
188.5134765334439 2.8843308251488287 0.0
40.165080595088874 184.7747299196155 0.0
26.416123463508345 70.60375041708105 0.0
80.0889597811495 40.85988911542648 0.0
195.92528373526375 160.88853065153796 0.0
128.7545707011583 47.81646657283596 0.0
192.2657821718727 113.95033133239161 0.0
179.4902664841304 139.23458402080456 0.0
145.75171863161174 187.2206830225129 0.0
67.72197828164394 111.77579122745047 0.0
141.97185711887735 186.89180058885012 0.0
164.78234157311257 64.01455794447277 0.0
71.86563066434235 157.99337535664208 0.0
170.0461228567056 74.8734645702479 0.0
199.00057498774507 16.263366892212062 0.0
184.11292567078763 72.976540694402 0.0
123.7448100452203 105.26620424694326 0.0
166.26585466870378 1.5655580676788405 0.0
22.660934767464557 18.657013979684244 0.0
6.192818461865457 193.1943306288928 0.0
146.33060119209338 140.18594162395473 0.0
172.96474983735754 134.23644743425655 0.0
169.951827522855 22.981811879970195 0.0
43.52300252799712 121.31213221529084 0.0
108.433831172701 154.8498052105549 0.0
158.4359538987157 90.06027359448929 0.0
131.34714933332302 37.76300508475106 0.0
4.442545764455086 131.25195072107988 0.0
142.96939848862584 47.423154107253616 0.0
81.30850062026154 100.06210946188716 0.0
28.800123465245587 32.711093044610216 0.0
174.77858729167858 71.3863408479527 0.0
12.300671581625778 65.04280890221452 0.0
127.91624895513065 197.4100745838769 0.0
14.248146935635631 154.09222643582808 0.0
179.87961119195305 183.20771745755252 0.0
61.97507070705939 109.03728883252602 0.0
124.19079930043226 111.96968216976803 0.0
56.89935518028073 43.431073516293914 0.0
127.81325486980244 123.52550880820769 0.0
176.13193636304274 96.99514899970256 0.0
47.85953639300207 78.15159647561003 0.0
57.58216782994765 179.07748746754189 0.0
84.50995024367904 22.222388763558286 0.0
97.86406835086368 126.21278318162356 0.0
16.730140636067613 13.084155098541682 0.0
78.43909126423023 10.168178214990387 0.0
81.63358049253648 57.600849020888404 0.0
127.81411167098075 33.05278732704116 0.0
178.8427435023604 172.14179690156973 0.0
126.24600071349752 102.5146674693276 0.0
107.9604729166125 81.35133142878502 0.0
64.28703474933448 192.7442924882309 0.0
180.27102857402048 38.86073373009995 0.0
177.63815820701063 165.9487528328637 0.0
185.04790616565828 75.17323061576937 0.0
98.1599998779356 54.15639059012334 0.0
136.35350303865968 56.27305581499029 0.0
184.52422937080007 82.65673438181899 0.0
77.97344494336078 71.07992888499284 0.0
25.87083411155493 154.07599175603272 0.0
82.13618606763295 56.69055984961706 0.0
47.96951514023699 106.03368768289725 0.0
41.92632961502696 17.419207869314302 0.0
193.7663602713448 5.521282781920611 0.0
127.80798210925113 96.96951496769772 0.0
198.82969864379282 49.58896959988777 0.0
55.43213100926347 122.64021529312812 0.0
37.09185143151261 104.62213292989124 0.0
194.90998701310104 56.287657099477585 0.0
73.41633077350184 135.43428704224513 0.0
40.99199469826893 58.83827918119542 0.0
126.90284022767004 150.59860620204347 0.0
59.09994882460643 3.4646403440689477 0.0
22.475257841073027 21.885483718952024 0.0
23.91766567596285 57.108791074215716 0.0
88.1805389123987 23.36886517061543 0.0
75.25317437936292 190.85716580009236 0.0
41.75936235666142 179.70939144089112 0.0
30.143568544736034 176.74143121988143 0.0
2.4321327890934663 113.31775814588086 0.0
10.68109608580019 181.86009844879513 0.0
162.47672347169802 36.546935307702164 0.0
173.7971982050399 80.28596772996566 0.0
158.0571895385793 47.757262999025166 0.0
62.24878555535616 69.04478806144832 0.0
189.89555173151066 159.04374246480256 0.0
35.309029103374215 96.52089820183696 0.0
61.76140385619602 108.61008985227232 0.0
183.17261207743877 189.96581978857876 0.0
128.38711345761206 192.2195465845599 0.0
80.84327700904494 3.3561672850680457 0.0
74.29899889000005 85.84766810755484 0.0
95.27935793033448 197.6675102406172 0.0
81.18787274551713 125.60760348462392 0.0
123.83065730025835 12.701200379325762 0.0
83.82494876348218 161.21380959518555 0.0
12.507995975919584 192.92133746461582 0.0
63.16213345319073 105.69534596241301 0.0
79.3844871409685 89.32956592036322 0.0
80.13834516356621 66.7652181795265 0.0
151.43538639503694 75.22556549232053 0.0
14.846437478195075 64.1976228988655 0.0
112.38130086101825 185.7714095827544 0.0
143.09810654995755 12.760183796713797 0.0
154.60715314569103 119.59837852412083 0.0
156.05689888062506 81.69363895174162 0.0
129.98731847040997 25.265019049790727 0.0
8.492321674169379 129.42666255387206 0.0
2.455007431736056 36.19564386313132 0.0
67.34084786907417 56.15896522356061 0.0
19.411893406878946 114.79868503092318 0.0
24.642433414875107 17.140969106168225 0.0
39.58169680782406 19.784709561011415 0.0
137.5539090724233 95.92378043782601 0.0
81.66932564120539 120.27417992426521 0.0
163.02355014756657 49.548421521937705 0.0
191.19494704606768 146.10535141942842 0.0
65.84381807923705 106.58866979525654 0.0
162.13019455164414 185.82303321558527 0.0
196.18211896737327 124.15707991561365 0.0
95.47151727565546 122.14921123377785 0.0
156.32228097161044 91.42915445472045 0.0
28.64349189366333 29.306917560724543 0.0
6.232204769654359 4.9358967069506265 0.0
127.63272807029429 47.38893182014898 0.0
193.7059945707358 134.82027732047445 0.0
198.0108210350807 96.03334699460946 0.0
37.211643779889414 51.4485315449825 0.0
141.51262620808393 92.98823385460217 0.0
138.20822599834827 88.21242553098627 0.0
61.593872747330614 102.71796992135647 0.0
154.5793051066669 179.05401613487092 0.0
4.400105545563182 56.02422500236464 0.0
127.96208268236433 28.189692979199442 0.0
10.836492896782168 153.72468366061264 0.0
25.134703577322682 144.7056188636323 0.0
50.936199884596746 195.75315507357232 0.0
127.25678945448587 6.142018393816429 0.0
113.48248527161735 61.614836813352426 0.0
180.6412555445555 102.87904826929963 0.0
31.847773396526957 8.950876390726737 0.0
8.868197745399486 59.082308434142725 0.0
141.27054684457474 154.0367685740157 0.0
178.43437174974025 26.161349719855707 0.0
183.29893028050364 51.35925737716467 0.0
108.76480329220799 101.13988116584824 0.0
199.88742953323643 98.98692592023343 0.0
122.29565657952423 35.031659678468216 0.0
92.64130812565567 162.26981004182562 0.0
141.47046011082122 165.26137529519548 0.0
61.96070042618973 130.47379737621347 0.0
56.87451359967164 131.3651287079951 0.0
86.34458112436576 99.27578085973161 0.0
14.365137183400666 114.65046797967113 0.0
153.8722854338244 106.61596537579337 0.0
198.93831196379966 80.19121782442669 0.0
115.8883629382858 40.223931450792946 0.0
129.20486240021745 193.4776076873322 0.0
197.17405657338827 82.20544588577525 0.0
18.732453814107753 34.2376689214198 0.0
167.39680705214846 59.39728388832866 0.0
9.14218083450853 36.39098720362897 0.0
155.38674172437686 127.76764860798852 0.0
34.73154346534266 145.79134344477748 0.0
70.79711676875395 134.96008833235393 0.0
139.52835682630976 6.360075016725175 0.0
186.96335894935217 177.14914579220422 0.0
35.062901631552414 60.40721066752015 0.0
34.28323734821359 94.6962177835655 0.0
160.77854413583842 180.38288994694304 0.0
155.1984795482396 135.66453082428336 0.0
88.88372830488503 36.996734878697964 0.0
79.86597969773206 157.07229682690937 0.0
1.5812177173963216 152.58830595891436 0.0
95.8645144906176 130.83361571644346 0.0
160.99309943145605 88.82692048484869 0.0
5.790795960945805 174.65677363100983 0.0
190.73306902262541 74.26462119589733 0.0
93.35631796323653 37.740187569265046 0.0
192.96009056272786 189.9612092029544 0.0
151.60452346832506 136.92619885897724 0.0
35.880647953273325 0.34565880333099486 0.0
66.12534291041648 61.04363124685086 0.0
164.04925584079226 41.67357924088453 0.0
91.65225928312807 139.489966950473 0.0
7.450023407758444 61.88561122934488 0.0
12.1845841900313 5.674604062088506 0.0
95.2247301640255 143.3670004110431 0.0
32.78569819569221 76.76476405903895 0.0
116.04562782251917 34.05394176289591 0.0
115.46559041632906 118.24605928261714 0.0
9.514190342087513 162.52753397844745 0.0
142.0641008708992 165.12997065399054 0.0
121.59962470766139 119.18151774434685 0.0
163.80875776055424 31.210838527118987 0.0
112.01392669545751 48.24534592789682 0.0
80.22925927426978 53.595264560995794 0.0
62.55301375172164 14.389293679506366 0.0
179.36819125096957 191.79711645149163 0.0
102.81627729975489 182.8338524160006 0.0
66.73555008560284 129.0117037430781 0.0
43.34971861774379 183.33072912275858 0.0
12.212351313592107 7.752910343940966 0.0
186.14067782015357 116.0782616223768 0.0
52.11648643898186 72.85748840256596 0.0
68.52490329792562 101.57927595157908 0.0
97.90176960512484 191.93092163727366 0.0
188.94958658671973 76.64476801869272 0.0
23.468910852128055 176.6296891563075 0.0
161.66879642170383 95.19208860562642 0.0
29.825041448585445 37.74496517079662 0.0
52.330491662380865 105.18162005649148 0.0
118.8361130240526 172.8731959989696 0.0
57.54723213163051 41.981272541197434 0.0
47.07440425508786 7.529236818824558 0.0
8.925320649117264 103.64336646630822 0.0
76.27114202385758 188.8781047712817 0.0
5.660197352723184 55.02390941085322 0.0
188.64206602891085 65.83164998622941 0.0
9.688422731181024 145.36945299518752 0.0
193.36152949441305 80.07683310094744 0.0
73.51961940161462 117.94208928238594 0.0
114.71864549337292 39.67251990023901 0.0
13.254460092210763 40.4485060675444 0.0
22.9966859431785 50.17215720110988 0.0
187.9276107454952 91.4842137389072 0.0
45.87485068174533 137.79980086694448 0.0
1.197364794001965 0.8994915877581056 0.0
81.15923591772865 115.02750172722875 0.0
2.5364957542574063 160.93882848643415 0.0
120.90776200107076 10.97219267462708 0.0
32.46169676368529 100.20100639328626 0.0
92.52151986558124 17.350645765049123 0.0
129.9717841017705 43.912215038083716 0.0
124.13288386602208 185.3013049210866 0.0
100.24759324974362 71.6999933947009 0.0
149.6285269857698 49.20216671970732 0.0
126.79942311027617 128.00100755183144 0.0
182.90326087521152 150.68415819417842 0.0
4.630587279090892 40.431076816673354 0.0
11.448500282805064 89.35981349085968 0.0
69.61850710487785 157.89107780199055 0.0
86.13688074161314 36.357274957735505 0.0
104.1975525308696 32.87779516526419 0.0
17.072458758957865 12.570114312602376 0.0
10.560729878515085 141.41393498985795 0.0
124.63364355823188 55.60358989824987 0.0
59.9799821237321 159.2069983710029 0.0
140.34391818864268 77.7184240541134 0.0
50.47784625124638 194.09190274519275 0.0
3.963133021726528 151.64344599553465 0.0
134.96590790609415 12.507610737191243 0.0
161.20002113816398 151.9486791068818 0.0
18.098343887613378 91.70331555362512 0.0
30.70441406082427 126.74093736518053 0.0
62.47167519670731 79.56505743535371 0.0
179.50533830309448 77.76411680851918 0.0
193.4346256285805 150.3989716296875 0.0
22.819162527691272 186.55681596219523 0.0
146.65482145050905 7.702593430172011 0.0
147.15960696084457 140.14019325634823 0.0
163.72190499193883 103.90112768393338 0.0
44.93933202758731 81.77922766398818 0.0
108.44933489185868 22.220732738046678 0.0
144.26064923918216 40.680969871808045 0.0
150.1701374494104 97.3162413113966 0.0
119.35061139090521 79.0635529366178 0.0
40.20450731744714 38.96613760102867 0.0
175.10369576512662 35.85019809852285 0.0
193.81011711865168 167.0927509202055 0.0
113.45294491814806 43.31256544839961 0.0
82.30866456156876 66.56110736573564 0.0
109.79840656880862 146.30836514449322 0.0
38.715140454546784 26.655100417720877 0.0
54.47936145136452 163.32816148305028 0.0
85.07900819755368 142.82495363330517 0.0
47.28480735613885 194.3869286611401 0.0
0.8793472064795305 27.24531496428868 0.0
172.25432628806655 102.86593163099485 0.0
169.19881173491288 99.91856985312188 0.0
25.529398752206077 76.7310524434931 0.0
161.0340791312143 13.503333521861173 0.0
20.7729290463752 9.12383804182506 0.0
147.9832451191298 102.74334334557132 0.0
54.68269686238341 129.14199504833087 0.0
69.68348146701575 43.3173404325838 0.0
79.38209020498017 60.69618377991715 0.0
24.755048441909587 155.12574325853123 0.0
98.97945530248245 90.6505036477003 0.0
2.6405669592314718 191.47539861214943 0.0
84.34509495631085 87.02417779933211 0.0
28.61131525777374 18.31878757715031 0.0
83.16280171295996 23.85237246520342 0.0
55.34504045865805 106.64958934011449 0.0
191.57065646801348 41.37435211546476 0.0
101.86267048980484 36.35166159686334 0.0
49.213549339329866 198.53749278050378 0.0
14.24410239279812 41.243906097681446 0.0
121.28779483939091 159.3760288913198 0.0
2.4260154035784742 12.758731212328446 0.0
39.165942025758916 195.6436000430419 0.0
193.51750379935473 123.6371983322265 0.0
85.44775619964113 85.1491551106422 0.0
34.45217678615047 133.21919810026148 0.0
129.7910857534186 138.5659482228634 0.0
75.42806675172271 92.35235746477971 0.0
148.6342448235057 97.0536742435739 0.0
70.46964622018201 178.6386505796657 0.0
94.92926397581058 8.854240619186648 0.0
42.57895627686792 161.68303952962057 0.0
123.263194201281 15.091777909038196 0.0
178.32568847554225 123.20375573731586 0.0
21.25249270065015 53.32800106101529 0.0
140.35893696686398 138.3091480546349 0.0
149.85334248822255 21.994211409872122 0.0
16.2060540823026 61.941357032807744 0.0
53.238442535067975 139.64161488264116 0.0
57.85688995366438 158.4323432593896 0.0
163.1488576418045 80.02190014898585 0.0
9.014588518507583 62.31319465882608 0.0
93.137055331508 167.33037709030364 0.0
165.52677129431547 64.96281161038402 0.0
94.87527320151669 75.5142064031368 0.0
169.39390602141097 184.37755012384434 0.0
131.7111122911842 91.36872792901967 0.0
97.88435449141349 94.28856628078294 0.0
113.90996958884838 73.21496276319144 0.0
76.66847260962638 164.0490129614005 0.0
135.53194854213936 165.27194323039163 0.0
19.51693372566261 192.15850808374148 0.0
54.64843655016689 112.40761406920443 0.0
176.99125589406802 103.98763974072351 0.0
66.6115934005105 60.77252084516942 0.0
162.687281351506 128.21050997604618 0.0
34.34761569513371 26.890699085806634 0.0
17.975293715711516 166.64877629854388 0.0
60.15260136750178 171.10256481404406 0.0
74.81308540651777 28.675771092460334 0.0
110.22753342139183 20.82489794798752 0.0
81.09131385607667 114.02477611396095 0.0
36.19680985730187 54.913314703133345 0.0
64.10310853146429 196.79069297668448 0.0
77.11247996479966 182.4829138756662 0.0
125.11277921020326 188.6098127305103 0.0
70.95424549507929 27.863188812863203 0.0
181.63138196857355 140.44750757804306 0.0
156.39299105954515 167.93344945980778 0.0
3.8894951383706466 80.1191756094954 0.0
103.5935058773757 158.9055110384461 0.0
128.13059705876694 176.61496183387243 0.0
177.08988049683455 136.69050578534322 0.0
171.7311101729648 172.49412363909036 0.0
4.274753697412392 178.30718429241603 0.0
123.78599449434672 32.06023029219238 0.0
99.80157559614118 71.35924234190847 0.0
139.68171683220083 115.72368419316128 0.0
79.20668738053256 54.429583085434174 0.0
29.310992724048155 109.90337400568133 0.0
184.3160023875926 63.30973178590538 0.0
195.96681666187934 17.01458074278921 0.0
138.50868622705534 46.30291774501101 0.0
56.5858095733498 141.5355603649052 0.0
151.6682799700622 196.40971190433248 0.0
153.89392331211033 195.84055621503737 0.0
102.65932284441088 89.02526985266952 0.0
57.14032294729912 193.43230398729128 0.0
141.42543657087262 110.84774782004365 0.0
140.48797091263495 97.4023510978674 0.0
173.3126360710439 19.01761545418894 0.0
26.76240530723777 48.39297164200311 0.0
114.97946488620583 179.07792914062378 0.0
89.14289841122654 9.02954537121845 0.0
44.263269257103865 196.16604009380114 0.0
114.5130299427474 30.737815797556433 0.0
5.629906876385582 75.91739141090174 0.0
49.5705667079887 74.05558137768284 0.0
78.34180004918395 129.8824249740766 0.0
74.4293047540463 194.9937753019837 0.0
166.23723940152706 174.8279787962693 0.0
78.32828835294825 147.69717224244363 0.0
26.02150512492598 166.1148127627205 0.0
148.19681948300877 47.600288410877624 0.0
115.22831494671306 52.41317493416877 0.0
123.20622647754102 89.46933099952112 0.0
111.51779214743807 142.33876960091865 0.0
17.07242485513456 21.166382005095375 0.0
31.735100509984736 33.16163825242862 0.0
164.75590547448536 136.66732189154166 0.0
162.1615557963872 167.56091160131848 0.0
111.33876847587901 170.81028072333763 0.0
100.64797039242248 156.4685893912143 0.0
128.24108860652478 53.44674664833357 0.0
106.82771249745517 134.36592878156256 0.0
15.571829623309718 12.112780479874852 0.0
58.36480043395389 197.96624844647513 0.0
129.29225760795478 0.03302101796462953 0.0
19.200181137833127 20.0382881325045 0.0
158.00266304155898 70.21564350367962 0.0
140.01711496381517 27.194624805950895 0.0
66.5459777716209 116.59150650958914 0.0
131.6544854132885 83.78989065249624 0.0
22.254684774120648 159.5962817209795 0.0
78.95451463779388 33.64387964736042 0.0
24.55034335216788 66.2895123885843 0.0
95.5393508927246 117.12496686488876 0.0
169.7376222246102 64.04990664133501 0.0
59.2686856050114 3.1995325773977568 0.0
0.21782999159483118 32.081482057176224 0.0
13.63841731146962 154.37340667398084 0.0
10.979519598565247 136.4105213477335 0.0
172.1381898641664 77.02172801080924 0.0
116.10670578452853 111.74854160813148 0.0
20.593416827473842 100.4237857248165 0.0
114.17793432495003 187.54187463627537 0.0
176.7753089397916 74.88986406061645 0.0
133.81235600147602 105.72369637250875 0.0
37.07002368827077 182.6873690586839 0.0
89.25166643710934 84.12970373211095 0.0
16.756195872741642 115.04377420678324 0.0
130.74969841944258 142.23393520543323 0.0
173.44758448184913 184.32432889774293 0.0
135.6741699228806 124.80651228707504 0.0
192.51557338279335 112.55275110334786 0.0
53.60795338109345 34.290476176823795 0.0
108.8140998221813 65.76337539424702 0.0
192.37001633581582 114.14009236650395 0.0
140.78722574699583 188.24366388607842 0.0
111.7590513300892 113.05839701975809 0.0
21.04757574547145 31.546160857425054 0.0
77.95553732548007 104.01706842312011 0.0
21.77154460339348 70.21940618660875 0.0
23.90087488854804 132.13691231561262 0.0
93.7650575533402 149.5275713568699 0.0
59.60499104680446 21.95274498115969 0.0
164.8113985755008 19.998888962210472 0.0
181.21664355623918 87.28156312040404 0.0
75.9206089202732 79.46327962654385 0.0
138.82347000354358 55.858424269918714 0.0
73.35750795099818 65.3099241256341 0.0
40.331639587576326 46.099519916707976 0.0
19.83346406493107 118.01573426300934 0.0
192.40776862594498 114.79752470372514 0.0
140.0046703059496 171.56615198941478 0.0
109.34855779404164 132.2493107891816 0.0
173.4275845102099 17.209838442588943 0.0
156.876507113835 135.26172456204156 0.0
72.37998999580478 34.05929741431455 0.0
140.24270912054772 58.67618017841431 0.0
52.46390634617828 83.36962279116578 0.0
94.65075219697081 52.49833808706719 0.0
