38.72161991088618 134.98031240995002 0.0
44.86053321658336 31.393843477760885 0.0
82.49902893993209 81.02221082643165 0.0
76.5448374755019 140.00678717344394 0.0
166.17523147878657 123.69282647398418 0.0
104.29031549182615 125.91046817495466 0.0
39.540305911148366 16.55951940460456 0.0
46.45718209561633 156.1289632803898 0.0
55.58666721401422 29.864016125747007 0.0
112.90985273912798 57.54722190039905 0.0
19.58521555340016 75.91943259320826 0.0
25.576783537786408 46.38839009080973 0.0
83.63284707390231 15.740720070334358 0.0
26.037475049610425 85.09456749260606 0.0
71.39424543978792 33.438013641718186 0.0
71.36346980017498 136.05072392388468 0.0
89.83119346534735 32.28532236741395 0.0
194.63541447933216 77.09927478952376 0.0
13.032871540622736 180.00966393916354 0.0
138.00367793463363 145.55062088869178 0.0
7.831044518816821 10.728651695014225 0.0
53.8552251542957 85.40282244984303 0.0
111.70422530814244 77.09732437467069 0.0
113.59479703702063 86.74131751333309 0.0
170.54535420354347 38.60779124449445 0.0
63.74384051960631 126.79746741321209 0.0
197.18767877824718 70.61816639752267 0.0
125.50575469119119 48.90250548562571 0.0
21.154003661655494 183.56996427515267 0.0
146.64155131860304 48.58124481668587 0.0
165.91466200872003 52.98602013410682 0.0
183.44516211744775 175.28777710625474 0.0
12.009938615457116 78.22381309383044 0.0
115.803075384016 3.7931440484012313 0.0
82.71295043241729 11.591790644413248 0.0
79.76817904921987 180.99283833407722 0.0
123.47937824945383 29.31926480017697 0.0
39.773081803123844 111.90971034476071 0.0
137.25062170595345 152.00309626441106 0.0
116.55345382189692 12.925812218078248 0.0
84.74738641725936 64.53728517165453 0.0
137.0473032860622 130.78433102316066 0.0
162.21099562828712 34.16443227102908 0.0
78.9812862865379 102.66081320439031 0.0
28.619971598824346 180.17072147952828 0.0
45.55060674983822 15.610427444339802 0.0
70.22978800217142 9.879041662004306 0.0
124.54432581901406 112.95608382043818 0.0
162.3540735133488 102.97753113957391 0.0
161.46313657569186 90.68983712835879 0.0
16.625692175095065 99.85377989604667 0.0
107.62207273671474 128.71792637868492 0.0
86.54660728366699 129.4876014590947 0.0
191.92591694363705 9.78761754909916 0.0
144.9556861879034 98.58822542104164 0.0
108.95032403001758 93.19170183053151 0.0
44.1138321603834 56.04446185432972 0.0
116.15705005356445 130.854539640015 0.0
22.426310560164154 145.38928558283638 0.0
189.5169673212211 140.16110010063971 0.0
31.392312559096382 62.86306846787102 0.0
199.50984150244275 180.89847720405174 0.0
122.19212672361496 49.79249460803374 0.0
38.41523564593447 122.93699426536546 0.0
153.3927190474781 65.38499087237706 0.0
155.00405668222623 136.78599453313632 0.0
159.57264136589433 109.67138289344294 0.0
34.18578375625445 90.91706353406326 0.0
55.23769382218049 96.21220314194284 0.0
196.86156347208228 97.7553607818946 0.0
139.21894096856298 10.316002536902126 0.0
89.17872983316335 114.49750186729703 0.0
111.81505364430973 130.9007091396337 0.0
180.5776440657019 175.42223230623964 0.0
20.261287528946113 42.76198983223749 0.0
96.46700691620073 109.1179927203695 0.0
107.6775950065737 20.895325001948596 0.0
74.05917011254557 77.05924790276377 0.0
156.46891527945616 129.65134652062224 0.0
48.84221711167416 159.2212533351607 0.0
189.22068956422677 46.88678757395941 0.0
54.360955306226025 107.93083329387485 0.0
118.45328088404166 196.90621770308758 0.0
149.42425391130766 92.90839314368043 0.0
121.16900463837368 55.872510285775626 0.0
174.55146320760312 168.46440764054526 0.0
154.94602927716448 79.49689738028111 0.0
83.41596167851566 108.07127496738448 0.0
129.40352937317624 195.2021596944296 0.0
195.23921870846291 172.03926607587186 0.0
0.18291719413778829 199.58534995503774 0.0
70.53403653943933 100.78323831460057 0.0
62.160198142157185 106.88938759287649 0.0
25.291024927434403 159.1743891558451 0.0
184.42491632509143 105.32542054932941 0.0
167.64747200860464 196.729330246746 0.0
51.631320097351185 95.47091128171388 0.0
66.27342484109869 33.89644576994368 0.0
54.6478320187135 8.601083565920264 0.0
141.15475209622255 36.45735394185128 0.0
108.0011347687038 32.69418898846401 0.0
5.148496030899663 98.06918229342538 0.0
162.4315566500217 109.98390681664141 0.0
78.6310907566423 15.230962382458536 0.0
127.94665939410062 12.314982867803725 0.0
49.75527926801158 9.465549460548717 0.0
126.08035169284229 149.19099571099323 0.0
159.27691595462997 128.26605216211215 0.0
49.63512553568557 18.286028255378596 0.0
51.60816326500293 39.36368374467365 0.0
124.00526121997302 69.32470062523404 0.0
52.6988897584026 122.13172209041349 0.0
136.2492764610956 119.61805243475467 0.0
10.543357933331254 155.4481140959865 0.0
26.400070243217243 133.17528191020526 0.0
65.55467912736741 103.09700837748991 0.0
20.071708106328945 155.19444056629854 0.0
105.74476208423056 105.79738383848634 0.0
22.24187634359471 79.867840990026 0.0
5.592773273844642 3.2046953505205478 0.0
189.1595683122417 121.82072498231335 0.0
47.68054119630855 129.73933489734014 0.0
48.64770141496153 160.13472244071988 0.0
182.61854885567877 154.8534090128205 0.0
48.64082248336467 128.79019996757083 0.0
195.48151108104284 171.35532611463097 0.0
179.6182462440156 138.4946612282367 0.0
15.91785652727442 74.66926408592008 0.0
138.6633631081312 32.246932106881296 0.0
134.29272204564754 121.41464325541929 0.0
181.20014769469455 0.6199172478343007 0.0
167.66939418095518 7.44832697943687 0.0
141.0281936409503 112.62732079734677 0.0
57.12943624204703 63.5202934859868 0.0
90.09792019609655 154.17264899254138 0.0
171.87707633118853 30.951104234416228 0.0
156.5379448137064 8.461599706344458 0.0
145.76870951714577 150.24753282326645 0.0
122.76685338508031 161.39176998278344 0.0
178.35369030554872 172.33035911807363 0.0
185.09198516955806 169.81637565835706 0.0
195.20792393509126 185.05626122279986 0.0
72.01813253929356 91.71155319593684 0.0
81.2870650862386 36.973458465033595 0.0
190.5593406732498 144.6595823206523 0.0
176.22142119195797 35.75864125480565 0.0
198.16738957679277 32.693210736616216 0.0
151.9200091933712 100.54051817032767 0.0
182.46071350301568 61.4290301075465 0.0
80.5465368999498 55.32309440720986 0.0
71.75799745160325 147.55073037773775 0.0
144.8752747462707 64.97962840540117 0.0
196.49083126956594 121.08581195408196 0.0
43.23031262141901 135.79604139603487 0.0
74.89028442894407 117.55217386142127 0.0
97.65676982132294 129.30035096646836 0.0
105.91237653410022 161.9338313154709 0.0
186.6680500292323 71.12249432839788 0.0
118.18797957935085 57.57774988221267 0.0
92.85833435716326 75.88676237588558 0.0
45.85274128188366 10.486704592555519 0.0
80.86506006970377 154.64685666770308 0.0
180.43311812948457 43.11582938878624 0.0
102.61122572981039 123.13133498366193 0.0
82.53486963437464 181.6632521855729 0.0
164.45277597497466 187.07518040730943 0.0
127.90061519084767 36.9782444388149 0.0
84.8016784223658 145.1708328322291 0.0
9.473443887253197 141.59285868868042 0.0
120.99050402490408 120.68004119704699 0.0
120.4238572036012 54.01605165421308 0.0
150.58970328339672 109.505521982171 0.0
2.6676279835066596 196.3119745420588 0.0
55.08410756522171 15.529374706178544 0.0
161.22245256147866 52.11702849574995 0.0
72.7604148027003 33.282924216098245 0.0
116.82166374205738 119.63293981626917 0.0
162.85280132445874 33.52048116078017 0.0
197.5234564823199 87.76616536062485 0.0
54.43911597356019 9.027397427091355 0.0
54.62453544120463 83.46644863927996 0.0
41.275344085826845 46.00046534321458 0.0
29.00729354660696 124.45042321211857 0.0
127.70143662077358 100.59672243506594 0.0
91.11997870585633 103.87886325304709 0.0
30.94688871294902 80.75431154109027 0.0
131.1096646563193 132.18891692689962 0.0
1.6096936687990837 160.14703467177955 0.0
85.19806568909993 66.16565597692814 0.0
36.77772245131463 84.14195759092895 0.0
150.2106305440513 166.4698968871123 0.0
29.20680350197444 66.8872789877177 0.0
160.23961120464944 42.22220147585796 0.0
121.16514011308598 124.16547064638547 0.0
77.7421511341293 164.87569049294103 0.0
12.99897002545054 138.40447684774685 0.0
85.94468991524671 63.493181219290285 0.0
14.169738201424842 10.24769030635957 0.0
160.2453727234511 49.676888205926886 0.0
18.458351918920734 115.34103930306824 0.0
43.37644217832883 162.7818597817354 0.0
135.2273204279019 155.50354455085537 0.0
52.40881562391466 174.67700583418872 0.0
15.07704743073326 170.20537477322492 0.0
105.25151676856794 148.20047847962064 0.0
170.92771310997077 157.28527149959365 0.0
170.11881234868787 4.588918100637507 0.0
14.50356295156241 41.09707419952813 0.0
13.508287845460165 22.542985762169288 0.0
103.39174497706252 21.7828343976197 0.0
50.55338325685676 165.22423411057517 0.0
25.2930783832527 41.12785554842979 0.0
86.1842077966156 11.361422866713976 0.0
33.777575133340875 8.460764333026937 0.0
176.35082374278207 52.776952973133916 0.0
193.80269491352092 144.31960536050366 0.0
135.63343779527375 13.027129021844019 0.0
195.4477235434546 120.11266593697573 0.0
170.88425395969443 40.48258062376113 0.0
150.76300056387208 198.76067101135587 0.0
130.1161162125805 134.05810110008 0.0
1.327935635262567 114.31465484379837 0.0
121.67334704932972 170.9339969283725 0.0
33.057128690601445 167.80176373186893 0.0
180.79041417373162 22.993676473823264 0.0
19.989245816681066 162.058975572414 0.0
38.96456882352113 72.33530627044348 0.0
100.23855986961988 150.07258880119707 0.0
86.13869518515153 166.0978605652288 0.0
24.984387891906223 129.34903731440676 0.0
106.51107185385985 86.97494729061684 0.0
115.31900476763151 179.10059723258763 0.0
115.8590041177342 158.17249913618758 0.0
111.96989780265119 107.53712970103547 0.0
31.583572444992527 50.19923388533467 0.0
109.35751561238907 53.313003677653036 0.0
166.25313541808947 11.76157955616388 0.0
128.1450671104644 68.18606348510905 0.0
51.24342944358944 8.167702971853563 0.0
199.38210276979459 97.20333820929716 0.0
69.14253414502835 18.027877485350686 0.0
108.539067313794 168.23599075941516 0.0
1.9091833230938882 12.671424734873217 0.0
179.17517242369232 4.443851052507397 0.0
86.34328119334647 122.58322576030862 0.0
63.677455569929165 81.25764219705562 0.0
109.24779088756407 181.29552122203532 0.0
52.45393222601991 163.72489934241668 0.0
71.73140587132609 29.553662152686442 0.0
113.1593446625802 180.57324636618947 0.0
5.42183340622775 61.207214406412014 0.0
127.97709730444093 118.10271395500102 0.0
32.929772723668016 97.16064487133724 0.0
9.676437354415723 50.02638201558138 0.0
130.7239290517122 184.85060040940886 0.0
146.10911353058307 58.636641217146604 0.0
74.64784388080228 138.09969529644113 0.0
148.0052303170604 48.18198218985754 0.0
126.62957231927363 155.82940394697624 0.0
156.37313059822506 103.09723518970944 0.0
155.70544908734743 87.99759274095527 0.0
3.5036071493808274 101.73779620516254 0.0
77.2997341180008 53.25896482685053 0.0
115.52401185001403 160.52637728668884 0.0
141.7719555877512 155.22947625765323 0.0
194.64306160157008 153.9284940714486 0.0
106.56437219562687 192.86874483238984 0.0
25.672611911940415 32.430725908447556 0.0
85.85198939339132 115.37703938183617 0.0
14.10782863038753 143.70373578336847 0.0
87.41817813734396 133.13653678526785 0.0
81.99257778171332 51.38965348059037 0.0
118.54898537022846 63.60907895066163 0.0
122.99217483387692 41.46137069449336 0.0
71.05975679385412 64.73568051386789 0.0
149.54089995991572 7.859067453749469 0.0
180.13783241023125 188.26569564788176 0.0
152.62703797406797 117.11710578810468 0.0
92.50553010638018 171.57651371324067 0.0
138.7234975822881 165.95222348205644 0.0
76.47784195183289 178.92730757715688 0.0
8.56736399353304 66.29181550986148 0.0
59.80960439723781 1.7233102694036218 0.0
98.93708947399375 18.978848359394895 0.0
190.79730462252405 132.2498147458708 0.0
121.27129994186483 70.39779770292185 0.0
83.92081411753816 136.4679593658187 0.0
99.9185412068998 85.52383739340628 0.0
33.38087369965383 68.84711897598208 0.0
138.0025480045798 116.40521238581299 0.0
56.20825711654396 95.84162751401483 0.0
20.33302501734502 96.84672905740132 0.0
61.19103569219497 24.502234305824942 0.0
0.4871180266673214 152.0699021153839 0.0
130.6865210132038 68.84566129653929 0.0
13.132184155544868 176.38323799142725 0.0
49.454905249429615 128.98829819763827 0.0
2.8557047471346575 102.40394839430903 0.0
17.971851659394478 106.6829893554818 0.0
67.21354166655745 62.13009538624297 0.0
147.2476091696595 135.7806575199762 0.0
74.40298823152933 23.170122632340906 0.0
48.00056907363992 67.27124118162075 0.0
134.9124837547593 72.69442864762014 0.0
199.1035011852458 115.94135899128766 0.0
181.69505242634995 117.18149820393012 0.0
8.54090285868292 49.31886060894433 0.0
144.8579519335109 167.7889427857678 0.0
164.68644994534017 79.45720464277375 0.0
194.55620989151436 189.1875236724411 0.0
16.529539070632925 104.24548670389262 0.0
69.72319348346964 103.95416969996873 0.0
118.55048806621227 137.3127183780872 0.0
10.466476808628112 165.12773580673135 0.0
129.26414741061367 64.227771175597 0.0
68.4027833973852 136.28899862939352 0.0
162.02198867461328 67.5791916385636 0.0
181.90093118692573 151.53443183183225 0.0
52.48309577001529 174.65197801215237 0.0
172.14713173426773 166.9707584105293 0.0
29.23474523093139 198.80111103818146 0.0
141.14222369660206 160.8654929505439 0.0
152.36362845085537 69.25455384070813 0.0
34.185801319472596 91.34611994648473 0.0
19.349056982586088 173.96118813100435 0.0
167.09747554152162 78.5486562259408 0.0
28.46974638479185 76.23193574025937 0.0
112.37080948045761 142.37401651291881 0.0
136.98621818615834 8.305256922399806 0.0
88.6508253504432 97.5184194110194 0.0
154.68104332055046 93.60084013922038 0.0
104.37122534371068 84.20191140061597 0.0
172.9095328202139 104.30829057922641 0.0
169.08287290979283 96.02693393001395 0.0
145.1337675957485 122.09031591793944 0.0
104.9502766157393 155.65656432585533 0.0
106.98319779302001 137.0627746380775 0.0
66.08826830607669 84.51001844354684 0.0
52.20531428904518 193.84675915463689 0.0
4.856231180020076 114.4306395196416 0.0
65.44024938280218 173.37068071619245 0.0
11.922689830619081 97.28962585039828 0.0
153.57343972034244 85.23317114480997 0.0
100.8582748833805 182.7463352391516 0.0
114.490842899052 37.82034507934908 0.0
8.210457724601138 154.89398407491254 0.0
135.38143736763703 52.00392716804363 0.0
136.4587029977751 145.2773343990967 0.0
22.302136298454943 189.1294021940331 0.0
79.94407331068463 172.7766585562068 0.0
28.540503093254976 75.13625269565165 0.0
42.81257967570282 100.11030524018719 0.0
171.38096280732958 20.035135732726328 0.0
83.20686353397126 142.215782120174 0.0
105.2005719614362 155.59969388459774 0.0
99.38621417766642 13.527193617869626 0.0
53.39063331960525 144.0134075904226 0.0
11.150060691717556 159.1747225021871 0.0
192.4208619905812 46.3448580272746 0.0
83.88562458119802 79.38954923956878 0.0
28.433031270487774 82.10746032598773 0.0
192.75547800304548 126.90544661254182 0.0
110.07137284945728 59.79259308341713 0.0
30.9862796353227 133.906209389992 0.0
80.82732734379509 13.147844483555794 0.0
28.91513314981109 8.075737073603516 0.0
189.99657037032694 39.10494603872146 0.0
69.39537738683579 26.565461773320976 0.0
153.41647820322885 100.64469021165596 0.0
160.35897596952273 152.20167956312042 0.0
83.47257790398655 31.51908560772274 0.0
56.77785736494967 98.01306514614623 0.0
92.43285895730492 159.63361188816492 0.0
11.962029218104032 74.16651539790793 0.0
113.9890174728267 52.025479851671655 0.0
182.07746306521474 165.65728364263938 0.0
84.95418907786106 76.75644281703775 0.0
107.96216563861832 109.60716315342458 0.0
82.38685303934055 175.67154552140133 0.0
154.76407387101236 67.78225237105792 0.0
120.98106720919411 46.85812893804729 0.0
2.6197930008464265 22.949734721443726 0.0
81.38340715839811 46.77204330464668 0.0
50.53852033551141 66.95086147551595 0.0
62.1673118406473 139.380959243975 0.0
120.85066289725457 93.8751305542711 0.0
126.51586905804213 143.30746708024714 0.0
133.02622564202505 63.47847177176702 0.0
149.2344068884232 157.8373977714909 0.0
53.363091351521085 57.99613635526071 0.0
60.53447286770384 184.79167006625562 0.0
20.99082011043356 19.758656601513835 0.0
30.101262570487908 5.642809599106302 0.0
100.83081745597168 127.52717599953644 0.0
38.276659568245954 121.88996553357228 0.0
20.599043255403448 46.22225470178392 0.0
40.76057422906458 21.589275682979036 0.0
111.63275680165361 167.72795966038942 0.0
149.05342969493768 196.06897924479645 0.0
92.2681532797587 49.7109928088793 0.0
120.93299991539477 198.24178151337526 0.0
107.69090124937219 154.90235626884424 0.0
183.57917503579463 7.559489799799146 0.0
171.6271450976895 95.04686295565983 0.0
196.53042598022066 46.538023596398645 0.0
42.93760839437517 91.73364136501331 0.0
2.4761889058083852 179.91350275527148 0.0
14.122929715928567 80.5785921578219 0.0
110.95956383640844 119.87306062926241 0.0
88.94353972358908 5.737480761170666 0.0
13.385156650543228 59.436805130563485 0.0
182.80282524141242 178.48639987874537 0.0
37.297124785423996 60.95010552777964 0.0
92.23749826867345 106.61377574319053 0.0
113.71283639043762 137.77829534090108 0.0
48.80455555692556 140.6263049726482 0.0
153.36783842582318 84.67864494121184 0.0
97.84939048112624 28.278716819237417 0.0
106.04820334708218 135.95723235228343 0.0
124.08501305592878 20.695223689221343 0.0
11.756536203493484 60.401216685822014 0.0
83.60761826700312 131.35828648129316 0.0
43.27831991687534 138.10980489739288 0.0
95.91905449375993 113.49813981099305 0.0
86.78558201308716 6.730006400297883 0.0
99.72207673365168 91.92437768435835 0.0
10.435116916477494 13.236112392755395 0.0
182.69954313304072 162.098563174621 0.0
30.488878860962675 62.2745864038115 0.0
58.18406805637153 52.254901129247465 0.0
100.30443608231627 13.228947965670933 0.0
80.56993455268405 133.63352635492302 0.0
19.61370220663636 45.54200425348003 0.0
66.51436513193059 59.399019741609195 0.0
189.82848497589256 85.46553334568041 0.0
20.42062078845155 114.5744087785343 0.0
25.681632206428674 167.29049778839456 0.0
50.390647509996626 167.32884021972382 0.0
174.33302606493385 88.24349023084415 0.0
104.78030186224989 126.21480079309949 0.0
90.13978332224238 108.6180575680268 0.0
59.68560436417587 28.45875815823755 0.0
166.61051520713747 147.34232156323645 0.0
144.1336008582314 111.16664778505512 0.0
136.63367355461517 128.06710902183175 0.0
102.44692252336931 50.31374936748292 0.0
17.890450211789542 41.99162622917003 0.0
62.19624375695152 191.6459896899231 0.0
102.43286172752602 111.02656651029557 0.0
1.350405151306222 43.12782624728695 0.0
167.72814917635094 158.52727144472334 0.0
189.6789561106559 150.3294450910879 0.0
21.04070253467849 124.71247349971703 0.0
17.157524031584792 134.1539175622453 0.0
79.84328930875289 0.016852140328893483 0.0
16.071432043620316 134.56280740504124 0.0
138.0194416520561 92.00856002712683 0.0
33.70856610946029 174.46642773026713 0.0
170.93935887726852 90.13560349046679 0.0
18.977526170500102 34.70287999732646 0.0
192.06186204567325 47.447834800085275 0.0
148.98271450061372 114.03771459985934 0.0
189.53532468649712 159.5740616295511 0.0
40.533001564870055 37.37391921728186 0.0
43.34078573570406 88.61662804438113 0.0
166.7562559105799 70.86977312039355 0.0
51.840770539339196 153.25870873551065 0.0
130.43702162381504 104.41983454755646 0.0
81.16765555695747 186.26217115193396 0.0
133.39019060007473 69.96228490467008 0.0
191.70573308757673 46.66688709133915 0.0
25.128669786920298 178.33345972220206 0.0
92.99143412165493 66.38508602855504 0.0
114.27846217187482 77.89842390603434 0.0
131.67648606058918 109.51713038926523 0.0
82.63975201074672 164.94412298546885 0.0
126.76909667854449 27.597975992113845 0.0
54.488129508088704 8.82950221343799 0.0
32.18855440911557 105.11632950815188 0.0
142.6550989019148 194.1447722305796 0.0
128.73896848535148 7.031382342288417 0.0
18.122640018944104 27.63986555821001 0.0
25.928169120457632 163.6447871514602 0.0
31.311641781392275 109.43988170049397 0.0
188.62810739267832 58.06832676465279 0.0
150.9395131208858 126.07315978883271 0.0
194.3934159298288 117.66059198743233 0.0
80.26751981624425 187.0954362230731 0.0
74.32505825227518 53.18877074550527 0.0
160.75367804172706 197.60131681272694 0.0
93.68638852202369 138.10443969451802 0.0
79.57244927807332 135.6721943306818 0.0
188.04916643674923 75.20513616426851 0.0
160.15767801310105 86.81742745494141 0.0
186.5674817289393 159.08618999266864 0.0
133.8706075940604 76.72352176629029 0.0
126.04772492957026 10.170222710213839 0.0
166.09005796364616 139.13381546007952 0.0
187.80320833281252 29.734440545483153 0.0
141.46728262134275 57.438995235996536 0.0
73.85221230789733 105.23872142463675 0.0
0.7831105202675603 26.566538201887546 0.0
179.83866753012464 181.39030101558546 0.0
65.79057706354345 96.01509324200563 0.0
119.12486180441431 104.7636019007078 0.0
188.6212959407931 75.38753146928914 0.0
5.826014393366807 48.42669733204967 0.0
18.779330543337803 10.534178326334898 0.0
14.126793438724139 27.908594793867337 0.0
93.44152419641132 171.42573565199964 0.0
97.04011351991323 130.97437306097518 0.0
25.728589483005514 132.13299070173395 0.0
169.83901645971574 101.05806356626567 0.0
190.8066163173255 168.79834171835074 0.0
141.71262636741625 37.83591346768007 0.0
191.12386032254443 53.24200512158419 0.0
113.76746703422762 8.30548264776887 0.0
19.783143650824343 177.85348983810997 0.0
52.31587788762728 97.86897555289164 0.0
34.995343606960304 11.67680092980885 0.0
93.46342269609298 73.30174590157381 0.0
8.754895089977843 158.105652920242 0.0
138.3276014563292 178.12004518105456 0.0
19.323466428694445 161.36273008733343 0.0
157.79045402054192 35.744643276359135 0.0
19.80327672040365 91.9449172189901 0.0
41.507930063026556 196.98990011278696 0.0
134.02693906901007 30.47415679576502 0.0
97.96925950839392 135.79065651732495 0.0
106.1858298683189 64.90147125437878 0.0
40.71984749701991 70.71206578693409 0.0
62.06455348651947 117.76948049914051 0.0
80.43153073397163 69.67038946630643 0.0
27.44413176418814 28.246498809239284 0.0
183.3243289127118 81.42552462063675 0.0
93.18202549259473 27.90322333499318 0.0
53.51418927081957 29.788859819237047 0.0
116.6723765638908 69.71074105525884 0.0
150.18145454622825 105.12290457810269 0.0
5.8350967717280655 196.4964042464002 0.0
60.02518566252755 92.5918888949909 0.0
144.47783686672605 68.10201446723856 0.0
11.288712555158131 187.75540032591823 0.0
186.82015239298454 105.74647039544757 0.0
37.71213489751655 67.47988631933835 0.0
74.1644364169527 57.60288252283598 0.0
79.08777922384263 7.775701899419918 0.0
108.14361616421348 141.35803342174944 0.0
139.66502484868596 170.05020210305133 0.0
52.67078164967851 77.5297514556994 0.0
116.4709969763658 13.400123103202244 0.0
130.6613750048125 91.57566479518071 0.0
56.68428256759381 132.94939517195635 0.0
31.793773989319128 133.33464915403076 0.0
6.518792246078542 72.87127460573959 0.0
54.01943955441406 139.09995161286034 0.0
73.64540658186208 17.616568476229787 0.0
64.22916099225398 144.63093810097524 0.0
40.99934156065756 126.00242477736592 0.0
82.42715924851429 46.66815202616294 0.0
41.89140091164645 40.19910036522434 0.0
168.9602123168931 6.024181215738977 0.0
34.66164891537831 175.28486193915194 0.0
125.79418864760063 87.08063525651886 0.0
99.68435753466234 174.92195960802383 0.0
110.52578473546588 136.5294517249675 0.0
122.35336514534455 4.839518791097008 0.0
5.762474076966484 118.45435448869695 0.0
22.74731125689744 148.19191735473777 0.0
86.699059028294 143.35632827502906 0.0
145.9945436617921 65.49406986916286 0.0
186.1645184585299 55.484637438110404 0.0
136.92771520861825 86.71785384954657 0.0
169.10812803824038 75.84276955718754 0.0
188.43860514868098 14.26673746759266 0.0
97.43915911917422 37.49652648956241 0.0
175.01371307686577 132.92841209574672 0.0
191.32978280108995 195.31923035571415 0.0
61.251784560847675 46.53814055568035 0.0
174.53611496681148 44.06692489176558 0.0
109.73453394230542 190.9682961215878 0.0
28.987641756882997 36.68415219616226 0.0
3.4422391426163435 9.192343149279258 0.0
177.84056017042772 158.99877643470393 0.0
44.9761754008138 16.55442283378259 0.0
66.3859565469119 187.47213834979036 0.0
98.17015190290155 133.00840537377672 0.0
16.6489464626411 133.42855446568055 0.0
97.24372318940915 113.97317295341828 0.0
94.21030645662742 60.196093892853206 0.0
164.47003161744283 72.58366371428122 0.0
144.72738633532788 148.84831896355863 0.0
49.401429783540586 153.50002005660775 0.0
132.82643007254654 183.7444811343213 0.0
131.01645885758546 192.07001835777447 0.0
47.4837492113896 130.82352961018745 0.0
8.721961280103873 72.52276384309859 0.0
125.70845240700773 189.61503518574187 0.0
148.9645580924016 85.00442581076908 0.0
190.2848350172808 14.18797937676597 0.0
151.27588883959916 73.64963622436724 0.0
97.52776648967851 118.76617790365292 0.0
150.89641109089553 166.51493281175271 0.0
47.44977276902227 10.4969426868196 0.0
84.69284443261127 183.08351976546 0.0
21.433796387222536 124.8672916939804 0.0
12.904675279809897 26.183373726037253 0.0
81.4509624027193 178.51996674853646 0.0
11.325427594840743 82.5435127994378 0.0
90.0579200215407 99.72924191055823 0.0
126.84468039830541 79.84614045798378 0.0
191.8537745175355 48.55436882569999 0.0
123.84727250505338 178.01512694228654 0.0
134.77176235671627 196.69626314360178 0.0
39.78621495096666 108.61411279555111 0.0
3.5262860290063758 101.34087549054438 0.0
115.31639338261519 118.61033791610429 0.0
187.7311656372847 77.78056981806772 0.0
67.69625642889672 123.39313885062921 0.0
13.6502649105269 152.3624889795123 0.0
135.73512364166464 28.818767957846923 0.0
31.237024896216468 160.32086451226021 0.0
40.383956638133654 43.18620864440162 0.0
67.06468351101384 142.30794665978303 0.0
177.13790239915625 167.4311894290048 0.0
28.944290944884955 188.94603438115837 0.0
184.7390213662101 125.45865834713385 0.0
79.47300491901504 84.48097644672434 0.0
119.23812989651181 176.41669197848532 0.0
183.4503394942208 108.62525230819197 0.0
3.2948478801531733 136.84756163267724 0.0
178.0454846083638 169.93657857956939 0.0
117.66535586292619 133.03467158163537 0.0
14.794019050137642 64.5857955216832 0.0
55.1475937594168 102.49665906813033 0.0
78.94774226646351 81.12563643325146 0.0
66.8240477120377 68.46297933732998 0.0
104.39657176208199 4.879737204919565 0.0
196.26245264019275 122.2979894495274 0.0
171.3268534908807 14.829076342885706 0.0
119.40520409012645 66.22336301408771 0.0
198.97569367419285 11.380875990140327 0.0
86.19841617283657 192.3215307906293 0.0
27.286211784983806 165.16279716244367 0.0
94.5820412960414 103.6856033021316 0.0
18.964016474774592 134.9930186322665 0.0
18.282680049681566 19.71407895067898 0.0
107.38040606795758 67.43468937188975 0.0
56.92099871950891 49.931452430382286 0.0
165.96320417787868 160.85099416370142 0.0
180.26609112415045 69.34859859250717 0.0
81.16137754097478 53.634921240958214 0.0
198.03934893255345 83.25971601054188 0.0
173.76496322397583 179.2955848614899 0.0
102.49072344298018 130.5053176702181 0.0
32.30708175334631 120.34082825511699 0.0
3.0406332487083354 41.61367964456968 0.0
197.47018178525508 88.40361374736393 0.0
100.60097574212105 141.86583441051133 0.0
67.8639271610117 159.81752221713606 0.0
133.75916815161224 69.2121749641095 0.0
85.23748335148665 3.8544648490458577 0.0
169.82930952056432 63.101414109554185 0.0
101.13425029386171 155.09562328503188 0.0
110.84490152219813 172.66548514805308 0.0
27.192411872101573 1.9142923346143759 0.0
37.88801279207874 31.336838586776295 0.0
27.740016867868754 189.8072656324768 0.0
126.71982681316712 149.85736223505765 0.0
26.02850819845022 71.31912769307938 0.0
133.49811905992306 90.77092154250761 0.0
164.39409687536755 173.56164439187762 0.0
171.43725645169596 4.874429292892302 0.0
83.83153533502848 199.83822004912483 0.0
77.58681744068308 33.73507799280551 0.0
69.9102597760945 33.64137824585012 0.0
103.4751551684897 12.264190587598645 0.0
49.658110753517406 171.2987129869213 0.0
154.18453265613203 141.47108039990184 0.0
117.98323335197993 173.80092701508804 0.0
147.49482708354807 43.902873640509085 0.0
122.3999660255219 98.85308684828291 0.0
68.05301826984366 62.90934645824802 0.0
41.26998277911416 50.94828049382425 0.0
151.09615873687295 21.754426153887984 0.0
53.46509351797093 170.27045944925777 0.0
146.07558377292813 119.72893138772444 0.0
116.3035639106946 170.49123685703645 0.0
182.6007133846016 9.80186636126479 0.0
143.80707342275412 131.0331130856652 0.0
189.440851049684 175.98051455969556 0.0
108.77070583425903 51.129458578389865 0.0
101.89391004123172 108.43221292567686 0.0
179.83375890817075 81.01940484666233 0.0
33.65116231765304 60.55365612548948 0.0
148.68441560225062 159.87357202900466 0.0
186.3575065925008 164.55633450292268 0.0
102.7266260748115 10.554393834182573 0.0
123.38698589903885 180.7694927735777 0.0
154.98289281955522 68.07261045474911 0.0
143.9237053962045 160.74486313665594 0.0
55.702000776119284 151.60934379744478 0.0
59.25848811157548 15.380203419329884 0.0
79.08589946556015 129.23093090157968 0.0
95.28204854145257 196.66149521114426 0.0
103.74545855543661 69.93146607281378 0.0
123.47561614569165 25.256463127451823 0.0
86.93995757099404 29.396019525570694 0.0
157.27044949585323 26.074903104677727 0.0
170.35058442781232 73.88501514461159 0.0
41.46782594338541 170.044116233201 0.0
49.08352459744554 10.89829648564451 0.0
109.48148211752482 162.73051123399276 0.0
185.79341409034865 165.78513002936634 0.0
86.48481037646778 69.07135997817801 0.0
158.26347592645232 20.224211176007188 0.0
76.11532889572203 18.36337006350941 0.0
91.473723917852 11.50554721014323 0.0
84.2094287948157 94.78765025527869 0.0
144.13407559849733 80.80393420151239 0.0
5.110504926627235 186.13341902265114 0.0
194.8545166595428 54.14152616938026 0.0
124.41407850335173 137.01560140709532 0.0
4.569718515203847 41.49481317332038 0.0
176.58369243286867 32.76433763237383 0.0
19.530865723238854 147.5091683811696 0.0
36.69177927384823 26.297125945023225 0.0
23.122731043310573 101.54187935656549 0.0
22.6099051513285 12.667283234753945 0.0
44.959415788935964 135.26244547943327 0.0
137.29322784155067 54.61506080138623 0.0
92.15737465291942 162.79669592703655 0.0
190.3742145797902 167.330719097111 0.0
180.37977267365807 51.409133854211284 0.0
4.101032397957338 81.77153045218634 0.0
11.191436386145014 109.97569330755279 0.0
30.726336383142396 123.2576238339334 0.0
67.45905187729402 68.00691923844693 0.0
86.77244214427844 165.7043009733714 0.0
79.97653737761325 169.73937025789013 0.0
144.16928063748256 151.7313052895926 0.0
156.1908053202481 165.82094155317668 0.0
9.081738703544318 105.02236791764537 0.0
155.84850597003518 149.3734868174312 0.0
66.31334186109592 103.6910785326762 0.0
148.57960017297034 153.72402122176845 0.0
70.49362084716347 132.0420454857605 0.0
194.878966017813 5.85361138311693 0.0
24.82666082285907 82.99905643689873 0.0
54.642494620167035 112.62078208681842 0.0
103.99879254726704 44.60477156710931 0.0
146.35950927364635 46.07417335384645 0.0
149.91363556715987 171.37931100930453 0.0
155.25864720685502 189.6769642944148 0.0
97.24297703216429 114.95791847529769 0.0
120.14957413888916 109.02334637100046 0.0
170.3523883139091 168.3106375494446 0.0
16.398341861963274 118.63520337413969 0.0
33.98066967425753 163.97984332502645 0.0
196.41939222204493 130.68497468099602 0.0
77.12260590587088 159.15419023105446 0.0
149.26262501350922 91.99840049639556 0.0
62.8848449371606 39.03041274166643 0.0
97.31917117975021 142.44878569316094 0.0
86.6549172485192 174.79721969979843 0.0
160.86488010442193 60.86210169645931 0.0
150.74385719567977 183.70827906322182 0.0
190.10582909103456 3.810183215222218 0.0
85.7331269047644 56.09419468965291 0.0
89.58549270967153 188.17700061603702 0.0
27.076808769929062 37.796126334789214 0.0
141.25845927001959 20.140809305400765 0.0
190.08052938451777 86.38651291952002 0.0
70.23097179691217 31.2228886744075 0.0
77.19860859596257 55.675194547646136 0.0
191.11385119865793 46.31118263445151 0.0
98.66155027574762 5.3820877429921365 0.0
123.12866095978856 79.07527599840402 0.0
90.76601424570453 181.49023634808302 0.0
68.55327181664936 126.94661172745407 0.0
175.7299730296665 67.676053065762 0.0
111.78837983413918 120.84594592856142 0.0
22.83586432728257 69.3462549012477 0.0
15.271727051889862 174.09769246880944 0.0
42.65499903681871 59.193820849534774 0.0
163.6621816803107 170.47866494056203 0.0
174.46675970587464 186.81821736825174 0.0
39.16107323148028 33.10656588850562 0.0
111.55637745496567 34.83775904891062 0.0
98.53355095053911 123.88133315104947 0.0
49.89548551279308 190.05500476495612 0.0
166.3380566956192 137.45027988577877 0.0
142.7798896784421 190.61872280997795 0.0
59.067186591476585 174.17582853938214 0.0
197.31934148583358 8.75884779498286 0.0
111.34870638870295 3.3423787541685845 0.0
158.244390637209 133.55370826720238 0.0
188.05070831186552 60.846721275918455 0.0
190.31572178244454 129.32149899455666 0.0
35.08016520053792 64.87412823908747 0.0
