5 728
6 23
7 700
8 584
9 7
10 552
14 650
18 197
21 927
23 150
24 62
27 512
29 747
31 176
34 643
35 777
33 656
38 317
39 646
37 322
43 234
46 889
47 964
44 923
45 764
51 372
50 558
48 160
55 447
59 816
57 77
60 895
70 458
71 654
67 368
77 113
72 775
85 875
87 733
81 981
83 935
95 468
94 643
88 627
102 475
103 339
100 293
101 604
96 91
97 348
111 435
108 419
109 708
104 993
105 915
118 112
117 194
115 61
114 533
112 281
126 350
124 49
123 851
122 589
121 64
137 978
136 767
139 215
140 485
143 771
142 463
128 739
130 571
132 228
135 84
152 360
153 826
159 607
146 161
175 994
174 725
173 250
172 398
161 979
160 630
166 126
164 235
186 141
184 207
190 43
176 626
182 950
183 180
180 486
181 725
200 137
197 631
196 272
198 127
192 597
