1 55 3.0
1 131 79.0
1 15 5.0
1 16 51.0
1 17 3.0
1 82 81.0
1 85 57.0
1 107 38.0
1 115 40.0
1 117 65.0
1 125 23.0
1 165 63.0
1 198 37.0
2 13 86.0
2 22 71.0
2 35 66.0
2 40 80.0
2 52 16.0
2 83 62.0
2 91 60.0
2 112 17.0
2 121 76.0
2 123 49.0
2 140 18.0
2 142 14.0
2 145 92.0
2 147 21.0
2 152 97.0
2 154 56.0
2 164 55.0
2 177 58.0
2 188 77.0
3 5 11.0
3 7 8.0
3 9 49.0
3 19 14.0
3 24 21.0
3 46 90.0
3 90 27.0
3 94 16.0
3 102 54.0
3 146 34.0
3 148 61.0
3 163 45.0
3 171 88.0
3 196 55.0
4 70 31.0
4 142 79.0
4 152 79.0
4 178 82.0
5 3 22.0
5 9 29.0
5 19 83.0
5 43 91.0
5 46 70.0
5 94 30.0
5 139 40.0
5 146 88.0
5 148 91.0
5 163 4.0
5 190 5.0
6 8 6.0
6 10 40.0
6 52 61.0
6 100 75.0
6 105 38.0
6 113 49.0
6 127 88.0
6 140 52.0
6 149 94.0
6 154 18.0
6 161 66.0
6 188 27.0
7 3 20.0
7 19 31.0
7 25 92.0
7 46 98.0
7 90 31.0
7 94 16.0
7 129 54.0
7 137 63.0
7 163 91.0
7 186 47.0
8 6 78.0
8 18 76.0
8 20 77.0
8 69 78.0
8 72 9.0
8 83 76.0
8 105 92.0
8 113 54.0
8 121 92.0
8 127 75.0
8 140 17.0
8 154 25.0
8 161 57.0
8 174 83.0
8 179 28.0
8 184 18.0
9 3 29.0
9 5 69.0
9 46 89.0
9 78 47.0
9 90 1.0
9 94 37.0
9 111 36.0
9 130 80.0
9 146 96.0
9 163 9.0
9 196 98.0
10 6 49.0
10 20 90.0
10 52 25.0
10 55 85.0
10 72 14.0
10 100 99.0
10 105 65.0
10 113 22.0
10 127 56.0
10 131 93.0
10 149 28.0
10 161 75.0
10 184 30.0
10 17 49.0
10 82 5.0
10 125 26.0
10 143 36.0
11 36 46.0
11 74 37.0
11 118 41.0
11 122 83.0
12 75 73.0
12 88 16.0
12 168 88.0
12 169 31.0
12 170 9.0
13 2 81.0
13 35 78.0
13 40 79.0
13 83 96.0
13 91 41.0
13 101 64.0
13 112 66.0
13 121 71.0
13 123 7.0
13 132 40.0
13 140 65.0
13 145 91.0
13 150 73.0
13 152 58.0
13 154 95.0
13 164 57.0
13 177 85.0
13 187 77.0
13 188 91.0
13 193 31.0
13 197 16.0
14 22 77.0
14 52 3.0
14 100 44.0
14 149 80.0
14 157 16.0
14 191 50.0
15 1 99.0
15 16 22.0
15 17 94.0
15 31 66.0
15 82 78.0
15 85 76.0
15 106 3.0
15 107 37.0
15 115 40.0
15 117 64.0
15 125 35.0
15 165 53.0
15 176 80.0
15 198 48.0
16 1 55.0
16 15 88.0
16 63 33.0
16 85 95.0
16 107 57.0
16 115 4.0
16 158 35.0
16 165 40.0
16 176 95.0
16 198 93.0
17 10 49.0
17 20 96.0
17 55 14.0
17 100 14.0
17 127 37.0
17 131 66.0
17 149 62.0
17 161 83.0
17 1 13.0
17 15 38.0
17 82 99.0
17 117 49.0
17 125 29.0
17 143 65.0
17 165 27.0
18 8 43.0
18 56 76.0
18 69 89.0
18 81 19.0
18 108 23.0
18 174 47.0
18 26 57.0
18 61 57.0
18 156 9.0
18 167 82.0
19 3 54.0
19 5 36.0
19 7 25.0
19 34 72.0
19 46 1.0
19 94 98.0
19 114 30.0
19 146 70.0
19 148 10.0
19 155 93.0
19 163 3.0
20 8 41.0
20 10 34.0
20 72 79.0
20 97 23.0
20 113 53.0
20 127 99.0
20 161 5.0
20 179 14.0
20 184 73.0
20 17 62.0
20 31 53.0
20 143 37.0
20 195 70.0
21 31 88.0
21 45 57.0
21 64 7.0
21 87 14.0
21 136 9.0
21 143 29.0
21 176 12.0
21 189 94.0
21 195 69.0
22 2 91.0
22 14 97.0
22 35 94.0
22 52 51.0
22 93 62.0
22 112 9.0
22 123 43.0
22 142 22.0
22 145 29.0
22 147 53.0
22 152 73.0
22 188 23.0
22 191 3.0
23 26 17.0
23 28 29.0
23 39 16.0
23 58 66.0
23 65 93.0
23 77 5.0
23 80 19.0
23 126 24.0
23 133 97.0
23 156 43.0
23 167 34.0
23 173 76.0
23 199 75.0
23 200 30.0
24 3 64.0
24 29 75.0
24 46 98.0
24 67 70.0
24 90 65.0
24 102 62.0
24 130 27.0
24 163 15.0
24 171 34.0
24 185 37.0
24 196 59.0
25 7 51.0
25 62 58.0
25 90 55.0
25 119 37.0
25 129 68.0
25 137 6.0
25 160 72.0
25 162 85.0
25 171 72.0
25 186 76.0
26 18 74.0
26 33 15.0
26 56 8.0
26 81 13.0
26 108 92.0
26 166 64.0
26 174 35.0
26 194 76.0
26 23 69.0
26 47 85.0
26 65 66.0
26 77 23.0
26 133 94.0
26 156 55.0
26 167 23.0
26 199 86.0
26 200 12.0
27 87 86.0
27 134 50.0
27 135 42.0
27 99 32.0
27 32 64.0
27 54 90.0
27 57 87.0
27 78 24.0
27 84 64.0
27 96 97.0
27 111 46.0
27 130 26.0
27 180 3.0
27 185 31.0
28 23 97.0
28 30 48.0
28 39 8.0
28 47 97.0
28 65 64.0
28 77 28.0
28 116 74.0
28 126 98.0
28 133 29.0
28 167 98.0
28 199 52.0
28 200 64.0
29 92 86.0
29 99 93.0
29 120 47.0
29 24 80.0
29 67 58.0
29 71 42.0
29 96 48.0
29 102 77.0
29 130 58.0
29 153 31.0
29 171 10.0
29 185 70.0
29 196 26.0
30 28 14.0
30 88 74.0
30 98 34.0
30 104 87.0
30 126 20.0
30 168 13.0
30 170 68.0
30 172 79.0
31 20 54.0
31 179 46.0
31 15 78.0
31 21 79.0
31 82 38.0
31 117 35.0
31 136 9.0
31 143 93.0
31 189 22.0
31 195 39.0
32 45 98.0
32 87 64.0
32 134 17.0
32 135 53.0
32 27 4.0
32 54 51.0
32 57 27.0
32 78 29.0
32 84 4.0
32 96 2.0
32 111 29.0
32 130 70.0
32 180 45.0
32 185 69.0
33 56 79.0
33 76 38.0
33 81 30.0
33 83 59.0
33 91 76.0
33 101 59.0
33 108 2.0
33 121 92.0
33 132 62.0
33 150 14.0
33 164 34.0
33 166 11.0
33 187 23.0
33 193 13.0
33 194 8.0
33 197 99.0
33 26 53.0
33 47 82.0
33 133 71.0
34 19 89.0
34 114 5.0
34 148 3.0
34 155 32.0
35 2 91.0
35 13 70.0
35 22 73.0
35 52 64.0
35 93 7.0
35 112 99.0
35 123 10.0
35 140 61.0
35 142 50.0
35 145 11.0
35 147 93.0
35 152 19.0
35 154 12.0
35 177 49.0
35 188 55.0
36 11 61.0
36 41 94.0
36 42 10.0
36 49 88.0
36 59 37.0
36 64 52.0
36 73 49.0
36 74 51.0
36 109 69.0
36 110 76.0
36 118 35.0
36 175 35.0
36 181 33.0
36 183 70.0
37 41 72.0
37 42 57.0
37 59 54.0
37 110 78.0
37 124 94.0
37 128 50.0
37 175 53.0
37 181 30.0
37 192 79.0
38 50 12.0
38 66 39.0
38 79 17.0
38 89 30.0
38 92 2.0
38 103 51.0
38 138 75.0
38 144 19.0
38 151 60.0
38 159 69.0
38 182 65.0
38 68 6.0
38 71 61.0
38 153 85.0
39 23 53.0
39 28 51.0
39 50 13.0
39 53 84.0
39 58 44.0
39 65 46.0
39 80 39.0
39 95 23.0
39 98 57.0
39 104 23.0
39 126 6.0
39 144 7.0
39 167 36.0
39 173 52.0
39 199 81.0
39 200 64.0
40 2 75.0
40 13 80.0
40 70 36.0
40 132 72.0
40 150 41.0
40 177 4.0
40 178 32.0
40 193 47.0
41 36 47.0
41 37 15.0
41 42 96.0
41 44 56.0
41 49 70.0
41 59 51.0
41 64 74.0
41 106 67.0
41 109 60.0
41 110 56.0
41 124 49.0
41 128 81.0
41 141 35.0
41 158 30.0
41 175 18.0
41 181 37.0
42 36 44.0
42 37 71.0
42 41 89.0
42 44 95.0
42 49 92.0
42 59 54.0
42 64 95.0
42 74 74.0
42 106 47.0
42 109 33.0
42 110 95.0
42 128 56.0
42 175 51.0
42 176 89.0
42 181 69.0
43 5 77.0
43 122 97.0
43 139 57.0
43 146 84.0
43 190 87.0
44 41 47.0
44 42 86.0
44 59 84.0
44 63 43.0
44 106 80.0
44 124 37.0
44 128 89.0
44 141 63.0
44 158 35.0
44 176 46.0
45 21 1.0
45 64 22.0
45 73 86.0
45 109 11.0
45 134 46.0
45 135 36.0
45 136 74.0
45 183 39.0
45 189 98.0
45 32 35.0
45 78 29.0
45 84 46.0
46 3 66.0
46 5 42.0
46 7 85.0
46 9 97.0
46 19 46.0
46 24 71.0
46 90 8.0
46 94 28.0
46 102 4.0
46 146 27.0
46 163 19.0
46 171 66.0
46 196 50.0
47 33 62.0
47 76 74.0
47 81 85.0
47 108 58.0
47 166 71.0
47 194 56.0
47 26 53.0
47 28 62.0
47 77 94.0
47 116 54.0
47 133 87.0
47 199 91.0
48 97 33.0
48 58 35.0
48 60 49.0
48 61 82.0
48 95 98.0
48 99 88.0
48 57 95.0
48 67 11.0
48 96 13.0
49 36 75.0
49 41 84.0
49 42 99.0
49 59 41.0
49 64 24.0
49 73 66.0
49 74 75.0
49 106 16.0
49 109 32.0
49 110 52.0
49 118 51.0
49 175 97.0
49 181 72.0
49 183 17.0
50 38 23.0
50 39 79.0
50 53 26.0
50 66 12.0
50 80 98.0
50 86 82.0
50 89 96.0
50 92 11.0
50 95 10.0
50 98 71.0
50 103 7.0
50 104 48.0
50 120 48.0
50 144 73.0
50 173 2.0
50 182 41.0
51 186 37.0
52 2 83.0
52 6 50.0
52 10 70.0
52 14 57.0
52 22 46.0
52 35 49.0
52 100 86.0
52 105 79.0
52 112 85.0
52 123 20.0
52 127 42.0
52 140 23.0
52 145 5.0
52 147 14.0
52 149 90.0
52 154 51.0
52 157 4.0
52 161 10.0
52 188 10.0
52 191 20.0
53 39 91.0
53 50 44.0
53 58 86.0
53 66 82.0
53 80 37.0
53 86 68.0
53 92 55.0
53 95 55.0
53 104 89.0
53 120 11.0
53 144 58.0
53 173 76.0
53 182 33.0
54 87 71.0
54 134 77.0
54 135 42.0
54 195 66.0
54 99 47.0
54 27 23.0
54 32 86.0
54 57 91.0
54 78 86.0
54 84 14.0
54 96 21.0
54 111 16.0
54 180 11.0
54 185 67.0
55 10 15.0
55 100 48.0
55 105 52.0
55 127 24.0
55 131 72.0
55 149 3.0
55 157 28.0
55 161 71.0
55 1 34.0
55 17 66.0
55 82 53.0
55 117 99.0
55 125 5.0
55 165 4.0
56 18 99.0
56 33 7.0
56 69 90.0
56 81 55.0
56 108 85.0
56 121 1.0
56 174 10.0
56 26 10.0
56 133 79.0
56 156 1.0
56 167 20.0
57 87 69.0
57 135 25.0
57 48 98.0
57 60 14.0
57 99 44.0
57 27 44.0
57 32 78.0
57 54 97.0
57 67 63.0
57 78 48.0
57 84 88.0
57 96 81.0
57 130 87.0
57 180 29.0
57 185 55.0
58 23 9.0
58 39 15.0
58 48 71.0
58 53 14.0
58 60 35.0
58 61 21.0
58 65 98.0
58 80 19.0
58 95 98.0
58 156 32.0
58 167 7.0
58 173 97.0
58 200 98.0
59 36 45.0
59 37 63.0
59 41 28.0
59 42 40.0
59 44 18.0
59 49 48.0
59 74 79.0
59 106 92.0
59 109 24.0
59 110 74.0
59 124 34.0
59 128 42.0
59 141 42.0
59 158 33.0
59 175 10.0
59 181 24.0
59 192 49.0
60 48 47.0
60 58 73.0
60 61 64.0
60 95 54.0
60 99 58.0
60 173 38.0
60 57 51.0
60 67 46.0
61 18 9.0
61 69 10.0
61 97 33.0
61 48 44.0
61 58 26.0
61 60 1.0
61 99 22.0
61 156 57.0
61 167 57.0
62 25 20.0
62 68 60.0
62 71 12.0
62 90 58.0
62 102 14.0
62 119 14.0
62 129 73.0
62 153 85.0
62 160 40.0
62 171 16.0
63 16 30.0
63 44 9.0
63 115 88.0
63 141 24.0
63 158 96.0
64 21 3.0
64 36 29.0
64 41 99.0
64 42 94.0
64 45 52.0
64 49 56.0
64 106 75.0
64 109 56.0
64 136 61.0
64 176 19.0
64 181 19.0
64 189 88.0
64 198 38.0
65 23 67.0
65 26 68.0
65 28 24.0
65 39 70.0
65 58 39.0
65 77 78.0
65 80 31.0
65 126 30.0
65 167 79.0
65 173 62.0
65 199 78.0
65 200 48.0
66 38 57.0
66 50 5.0
66 53 69.0
66 79 78.0
66 80 74.0
66 89 69.0
66 92 30.0
66 95 52.0
66 104 61.0
66 120 1.0
66 138 28.0
66 144 92.0
66 173 60.0
66 182 26.0
66 68 1.0
66 71 91.0
66 153 69.0
67 48 82.0
67 60 41.0
67 99 98.0
67 120 38.0
67 24 41.0
67 29 25.0
67 57 96.0
67 96 66.0
67 102 37.0
67 130 24.0
67 185 23.0
67 196 50.0
68 38 37.0
68 66 9.0
68 79 12.0
68 92 73.0
68 138 30.0
68 151 59.0
68 159 22.0
68 62 50.0
68 71 63.0
68 153 65.0
69 8 41.0
69 18 19.0
69 56 18.0
69 72 1.0
69 97 45.0
69 108 32.0
69 113 17.0
69 121 27.0
69 174 43.0
69 184 63.0
69 61 74.0
69 156 25.0
70 4 9.0
70 40 33.0
70 112 8.0
70 123 71.0
70 142 74.0
70 152 96.0
70 178 16.0
71 38 86.0
71 66 23.0
71 79 92.0
71 92 72.0
71 120 49.0
71 138 23.0
71 29 4.0
71 62 86.0
71 68 51.0
71 153 87.0
72 8 27.0
72 10 89.0
72 20 75.0
72 69 72.0
72 97 70.0
72 113 58.0
72 127 13.0
72 161 53.0
72 179 51.0
72 184 82.0
72 143 26.0
72 195 94.0
73 36 87.0
73 45 29.0
73 49 21.0
73 74 19.0
73 109 66.0
73 118 92.0
73 134 63.0
73 136 69.0
73 183 57.0
73 189 33.0
74 11 74.0
74 36 1.0
74 42 88.0
74 49 70.0
74 59 66.0
74 73 58.0
74 109 18.0
74 110 18.0
74 118 59.0
74 175 11.0
74 181 81.0
74 183 12.0
75 12 54.0
75 88 3.0
75 98 38.0
75 168 16.0
75 169 33.0
75 170 14.0
75 172 37.0
76 33 34.0
76 81 9.0
76 91 19.0
76 101 56.0
76 132 43.0
76 150 87.0
76 166 60.0
76 187 89.0
76 193 77.0
76 194 64.0
76 197 87.0
76 47 54.0
76 133 92.0
77 81 33.0
77 108 1.0
77 166 80.0
77 194 68.0
77 23 94.0
77 26 99.0
77 28 91.0
77 47 1.0
77 65 1.0
77 116 56.0
77 126 7.0
77 133 90.0
77 199 15.0
77 200 70.0
78 45 53.0
78 134 15.0
78 135 51.0
78 9 74.0
78 27 3.0
78 32 34.0
78 54 10.0
78 57 51.0
78 84 74.0
78 96 80.0
78 111 20.0
78 180 1.0
78 185 55.0
79 38 38.0
79 66 17.0
79 89 8.0
79 138 37.0
79 151 36.0
79 159 62.0
79 68 56.0
79 71 50.0
79 153 29.0
80 23 44.0
80 39 18.0
80 50 78.0
80 53 67.0
80 58 66.0
80 65 91.0
80 66 89.0
80 95 29.0
80 104 7.0
80 120 34.0
80 144 38.0
80 173 85.0
80 182 44.0
80 200 60.0
81 18 44.0
81 33 97.0
81 56 3.0
81 76 3.0
81 91 23.0
81 108 2.0
81 121 22.0
81 164 28.0
81 166 12.0
81 174 1.0
81 187 62.0
81 194 40.0
81 197 2.0
81 26 31.0
81 47 92.0
81 77 23.0
81 133 9.0
81 156 50.0
82 10 42.0
82 55 92.0
82 100 18.0
82 131 47.0
82 149 2.0
82 1 76.0
82 15 17.0
82 17 47.0
82 31 56.0
82 85 50.0
82 107 11.0
82 117 64.0
82 125 75.0
82 143 24.0
82 165 47.0
82 198 17.0
83 2 57.0
83 8 81.0
83 13 77.0
83 33 21.0
83 91 13.0
83 121 55.0
83 140 17.0
83 154 25.0
83 164 4.0
83 174 11.0
83 177 2.0
83 188 86.0
84 45 99.0
84 87 43.0
84 134 28.0
84 135 9.0
84 27 93.0
84 32 51.0
84 54 55.0
84 57 31.0
84 78 30.0
84 96 83.0
84 111 3.0
84 180 73.0
84 185 38.0
85 1 69.0
85 15 25.0
85 16 14.0
85 82 17.0
85 106 20.0
85 107 27.0
85 115 19.0
85 117 10.0
85 125 50.0
85 158 42.0
85 165 80.0
85 176 52.0
85 198 50.0
86 50 81.0
86 53 13.0
86 88 84.0
86 89 73.0
86 98 99.0
86 103 82.0
86 104 37.0
86 144 35.0
86 159 79.0
86 169 24.0
86 170 65.0
86 172 34.0
86 182 92.0
87 97 67.0
87 179 84.0
87 21 42.0
87 135 46.0
87 136 65.0
87 143 64.0
87 189 56.0
87 195 18.0
87 27 74.0
87 32 90.0
87 54 7.0
87 57 83.0
87 84 35.0
87 180 63.0
88 12 1.0
88 30 13.0
88 75 60.0
88 86 92.0
88 98 95.0
88 103 33.0
88 104 41.0
88 168 92.0
88 169 43.0
88 170 32.0
88 172 37.0
88 182 90.0
89 38 4.0
89 50 15.0
89 66 42.0
89 79 4.0
89 86 85.0
89 98 69.0
89 103 75.0
89 104 82.0
89 138 7.0
89 144 5.0
89 151 57.0
89 159 7.0
89 182 39.0
90 3 97.0
90 7 35.0
90 9 44.0
90 24 69.0
90 25 91.0
90 46 9.0
90 62 11.0
90 94 59.0
90 102 69.0
90 130 9.0
90 160 58.0
90 163 66.0
90 171 13.0
90 196 18.0
91 2 91.0
91 13 52.0
91 33 5.0
91 76 86.0
91 81 67.0
91 83 75.0
91 101 57.0
91 121 58.0
91 132 63.0
91 140 73.0
91 150 59.0
91 154 91.0
91 164 7.0
91 174 51.0
91 177 2.0
91 187 28.0
91 188 36.0
91 193 79.0
91 197 50.0
92 38 35.0
92 50 46.0
92 53 71.0
92 66 8.0
92 120 17.0
92 138 88.0
92 144 16.0
92 29 87.0
92 68 91.0
92 71 48.0
92 153 40.0
93 22 85.0
93 35 67.0
93 112 79.0
93 123 40.0
93 142 15.0
93 145 2.0
93 147 3.0
93 152 70.0
94 3 30.0
94 5 47.0
94 7 76.0
94 9 21.0
94 19 95.0
94 46 35.0
94 90 25.0
94 102 87.0
94 146 57.0
94 148 98.0
94 163 93.0
94 196 70.0
95 39 70.0
95 48 83.0
95 50 6.0
95 53 30.0
95 58 5.0
95 60 27.0
95 66 46.0
95 80 75.0
95 99 72.0
95 120 77.0
95 144 57.0
95 173 24.0
96 135 85.0
96 48 37.0
96 99 62.0
96 27 59.0
96 29 94.0
96 32 21.0
96 54 91.0
96 57 76.0
96 67 99.0
96 78 35.0
96 84 35.0
96 130 82.0
96 180 27.0
96 185 97.0
97 20 29.0
97 69 9.0
97 72 37.0
97 179 52.0
97 184 82.0
97 87 56.0
97 195 19.0
97 48 12.0
97 61 22.0
97 180 13.0
98 30 36.0
98 39 69.0
98 50 46.0
98 75 35.0
98 86 31.0
98 88 39.0
98 89 40.0
98 103 15.0
98 104 81.0
98 169 31.0
98 170 67.0
98 172 11.0
98 182 79.0
99 48 10.0
99 60 52.0
99 61 74.0
99 95 50.0
99 27 81.0
99 29 5.0
99 54 29.0
99 57 86.0
99 67 66.0
99 96 98.0
99 130 60.0
99 180 34.0
99 185 77.0
100 6 82.0
100 10 86.0
100 14 4.0
100 52 46.0
100 55 49.0
100 105 68.0
100 127 17.0
100 131 40.0
100 149 89.0
100 157 92.0
100 161 52.0
100 191 85.0
100 17 76.0
100 82 77.0
100 125 69.0
101 13 67.0
101 33 69.0
101 76 6.0
101 91 3.0
101 132 53.0
101 150 4.0
101 164 66.0
101 166 81.0
101 177 2.0
101 187 62.0
101 193 62.0
101 194 98.0
101 197 61.0
102 3 94.0
102 24 30.0
102 29 74.0
102 46 41.0
102 62 2.0
102 67 76.0
102 90 90.0
102 94 5.0
102 130 99.0
102 163 72.0
102 171 39.0
102 185 29.0
102 196 68.0
103 38 67.0
103 50 26.0
103 86 14.0
103 88 83.0
103 89 56.0
103 98 85.0
103 104 59.0
103 144 45.0
103 151 43.0
103 159 18.0
103 169 58.0
103 170 79.0
103 172 45.0
103 182 32.0
104 30 98.0
104 39 53.0
104 50 60.0
104 53 2.0
104 66 5.0
104 80 69.0
104 86 71.0
104 88 44.0
104 89 83.0
104 98 36.0
104 103 16.0
104 126 31.0
104 144 20.0
104 170 62.0
104 172 3.0
104 173 98.0
104 182 68.0
105 6 32.0
105 8 59.0
105 10 75.0
105 52 94.0
105 55 35.0
105 100 97.0
105 113 52.0
105 127 28.0
105 140 59.0
105 149 29.0
105 154 40.0
105 161 97.0
105 188 59.0
106 15 75.0
106 41 27.0
106 42 30.0
106 44 83.0
106 49 39.0
106 59 99.0
106 64 11.0
106 85 9.0
106 107 44.0
106 109 43.0
106 158 38.0
106 176 65.0
106 181 82.0
106 198 21.0
107 1 91.0
107 15 46.0
107 16 42.0
107 82 65.0
107 85 15.0
107 106 95.0
107 115 26.0
107 117 29.0
107 125 68.0
107 158 22.0
107 165 16.0
107 176 43.0
107 198 31.0
108 18 64.0
108 33 4.0
108 56 18.0
108 69 66.0
108 81 27.0
108 166 14.0
108 174 47.0
108 194 97.0
108 26 30.0
108 47 46.0
108 77 37.0
108 133 8.0
108 156 98.0
108 167 82.0
109 36 63.0
109 41 75.0
109 42 72.0
109 45 93.0
109 49 85.0
109 59 57.0
109 64 56.0
109 73 3.0
109 74 61.0
109 106 44.0
109 118 55.0
109 136 81.0
109 175 1.0
109 176 84.0
109 181 21.0
109 183 67.0
109 189 71.0
110 36 22.0
110 37 34.0
110 41 2.0
110 42 28.0
110 49 67.0
110 59 56.0
110 74 38.0
110 118 35.0
110 124 60.0
110 128 76.0
110 175 72.0
110 181 2.0
111 134 76.0
111 135 13.0
111 9 94.0
111 27 95.0
111 32 76.0
111 54 86.0
111 78 75.0
111 84 81.0
111 146 90.0
111 180 86.0
111 185 71.0
112 2 73.0
112 13 83.0
112 22 46.0
112 35 31.0
112 52 7.0
112 70 47.0
112 93 7.0
112 123 62.0
112 142 12.0
112 145 32.0
112 147 17.0
112 152 40.0
112 177 90.0
112 178 27.0
112 188 17.0
113 6 17.0
113 8 7.0
113 10 76.0
113 20 74.0
113 69 99.0
113 72 50.0
113 105 19.0
113 127 29.0
113 154 73.0
113 161 58.0
113 174 28.0
113 179 49.0
113 184 61.0
114 19 32.0
114 34 27.0
114 148 43.0
114 155 92.0
115 1 89.0
115 15 61.0
115 16 11.0
115 63 21.0
115 85 6.0
115 107 4.0
115 117 70.0
115 158 90.0
115 165 38.0
115 198 80.0
116 28 21.0
116 47 27.0
116 77 22.0
116 126 26.0
117 55 12.0
117 131 93.0
117 1 10.0
117 15 62.0
117 17 32.0
117 31 57.0
117 82 57.0
117 85 50.0
117 107 68.0
117 115 48.0
117 125 47.0
117 143 38.0
117 165 7.0
117 176 15.0
117 198 84.0
118 11 9.0
118 36 87.0
118 49 63.0
118 73 56.0
118 74 82.0
118 109 99.0
118 110 16.0
118 175 58.0
118 181 42.0
118 183 77.0
118 122 84.0
119 25 89.0
119 62 6.0
119 129 15.0
119 137 90.0
119 160 96.0
119 162 62.0
119 186 31.0
120 50 1.0
120 53 88.0
120 66 86.0
120 80 25.0
120 92 22.0
120 95 92.0
120 144 15.0
120 29 58.0
120 67 46.0
120 71 19.0
120 153 89.0
121 2 34.0
121 8 75.0
121 13 91.0
121 33 62.0
121 56 12.0
121 69 59.0
121 81 66.0
121 83 31.0
121 91 98.0
121 140 5.0
121 154 19.0
121 164 24.0
121 174 43.0
121 177 93.0
121 188 66.0
122 11 22.0
122 118 60.0
122 43 48.0
122 139 46.0
122 190 40.0
123 2 39.0
123 13 93.0
123 22 86.0
123 35 83.0
123 52 34.0
123 70 27.0
123 93 23.0
123 112 31.0
123 140 27.0
123 142 91.0
123 145 94.0
123 147 2.0
123 152 68.0
123 154 28.0
123 177 18.0
123 188 94.0
124 37 31.0
124 41 85.0
124 44 69.0
124 59 98.0
124 110 73.0
124 128 26.0
124 141 46.0
124 175 41.0
124 192 35.0
125 10 95.0
125 55 41.0
125 100 8.0
125 131 67.0
125 149 79.0
125 1 75.0
125 15 75.0
125 17 85.0
125 82 20.0
125 85 66.0
125 107 88.0
125 117 6.0
125 143 5.0
125 165 34.0
125 198 57.0
126 23 16.0
126 28 24.0
126 30 85.0
126 39 34.0
126 65 88.0
126 77 4.0
126 104 72.0
126 116 16.0
126 172 7.0
126 199 50.0
126 200 6.0
127 6 34.0
127 8 48.0
127 10 24.0
127 20 45.0
127 52 91.0
127 55 3.0
127 72 27.0
127 100 4.0
127 105 5.0
127 113 74.0
127 131 48.0
127 149 13.0
127 154 36.0
127 161 31.0
127 184 1.0
127 17 60.0
128 37 6.0
128 41 39.0
128 42 54.0
128 44 87.0
128 59 85.0
128 110 17.0
128 124 39.0
128 141 51.0
128 175 98.0
128 181 96.0
128 192 4.0
129 7 66.0
129 25 91.0
129 62 94.0
129 119 66.0
129 137 64.0
129 160 19.0
129 162 99.0
129 186 25.0
130 99 25.0
130 9 88.0
130 24 27.0
130 27 35.0
130 29 27.0
130 32 59.0
130 57 57.0
130 67 26.0
130 90 73.0
130 96 2.0
130 102 14.0
130 171 46.0
130 180 39.0
130 185 96.0
130 196 99.0
131 10 31.0
131 55 92.0
131 100 53.0
131 127 44.0
131 149 60.0
131 157 74.0
131 161 13.0
131 1 44.0
131 17 37.0
131 82 94.0
131 117 13.0
131 125 9.0
131 165 76.0
132 13 74.0
132 33 73.0
132 40 89.0
132 76 40.0
132 91 92.0
132 101 84.0
132 150 96.0
132 177 68.0
132 187 56.0
132 193 75.0
132 197 54.0
133 33 56.0
133 56 58.0
133 76 49.0
133 81 30.0
133 108 94.0
133 166 15.0
133 194 95.0
133 23 52.0
133 26 59.0
133 28 6.0
133 47 94.0
133 77 17.0
133 156 33.0
133 167 69.0
133 199 65.0
134 45 72.0
134 73 4.0
134 135 44.0
134 183 95.0
134 189 29.0
134 27 3.0
134 32 10.0
134 54 76.0
134 78 5.0
134 84 95.0
134 111 65.0
134 180 32.0
135 45 17.0
135 87 72.0
135 134 31.0
135 27 99.0
135 32 25.0
135 54 41.0
135 57 71.0
135 78 65.0
135 84 41.0
135 96 69.0
135 111 59.0
135 180 43.0
135 185 27.0
136 21 79.0
136 31 61.0
136 45 1.0
136 64 78.0
136 73 39.0
136 87 8.0
136 109 11.0
136 143 80.0
136 189 83.0
137 7 23.0
137 25 4.0
137 119 10.0
137 129 21.0
137 160 27.0
137 162 26.0
137 186 39.0
138 38 85.0
138 66 5.0
138 79 59.0
138 89 29.0
138 92 29.0
138 144 20.0
138 151 28.0
138 159 31.0
138 68 46.0
138 71 66.0
138 153 79.0
139 5 12.0
139 43 73.0
139 122 52.0
139 146 58.0
139 148 5.0
139 155 8.0
139 190 18.0
140 2 13.0
140 6 34.0
140 8 48.0
140 13 74.0
140 35 93.0
140 52 18.0
140 83 63.0
140 91 20.0
140 105 1.0
140 121 37.0
140 123 61.0
140 145 24.0
140 147 8.0
140 154 87.0
140 164 46.0
140 174 86.0
140 177 77.0
140 188 69.0
141 41 9.0
141 44 90.0
141 59 40.0
141 63 40.0
141 124 39.0
141 128 14.0
141 192 29.0
142 2 64.0
142 4 97.0
142 22 56.0
142 35 21.0
142 70 27.0
142 93 31.0
142 112 39.0
142 123 44.0
142 145 18.0
142 147 77.0
142 152 44.0
142 178 93.0
143 10 3.0
143 20 79.0
143 72 88.0
143 179 18.0
143 184 91.0
143 17 35.0
143 21 27.0
143 31 2.0
143 82 72.0
143 87 66.0
143 117 84.0
143 125 10.0
143 136 43.0
143 189 53.0
143 195 3.0
144 38 54.0
144 39 56.0
144 50 45.0
144 53 98.0
144 66 42.0
144 80 63.0
144 86 59.0
144 89 15.0
144 92 91.0
144 95 35.0
144 103 18.0
144 104 86.0
144 120 15.0
144 138 82.0
144 173 94.0
144 182 87.0
144 153 91.0
145 2 67.0
145 13 92.0
145 22 49.0
145 35 58.0
145 52 50.0
145 93 81.0
145 112 1.0
145 123 5.0
145 140 95.0
145 142 9.0
145 147 85.0
145 152 44.0
145 154 27.0
145 177 82.0
145 188 21.0
146 3 15.0
146 5 80.0
146 9 34.0
146 19 37.0
146 43 51.0
146 46 28.0
146 94 65.0
146 111 71.0
146 139 45.0
146 148 31.0
146 163 64.0
146 190 55.0
147 2 28.0
147 22 12.0
147 35 30.0
147 52 1.0
147 93 68.0
147 112 22.0
147 123 84.0
147 140 25.0
147 142 16.0
147 145 6.0
147 152 47.0
147 188 82.0
148 3 87.0
148 5 6.0
148 19 68.0
148 34 25.0
148 94 17.0
148 114 97.0
148 139 24.0
148 146 59.0
148 155 95.0
148 163 82.0
148 190 30.0
149 6 22.0
149 10 26.0
149 14 59.0
149 52 99.0
149 55 22.0
149 100 39.0
149 105 65.0
149 127 59.0
149 131 18.0
149 157 54.0
149 161 63.0
149 191 23.0
149 17 57.0
149 82 26.0
149 125 50.0
150 13 80.0
150 33 97.0
150 40 28.0
150 76 10.0
150 91 81.0
150 101 41.0
150 132 66.0
150 177 6.0
150 187 46.0
150 193 57.0
150 197 16.0
151 38 84.0
151 79 71.0
151 89 47.0
151 103 37.0
151 138 16.0
151 159 45.0
151 182 95.0
151 68 35.0
152 2 5.0
152 4 34.0
152 13 82.0
152 22 1.0
152 35 46.0
152 70 68.0
152 93 2.0
152 112 53.0
152 123 32.0
152 142 89.0
152 145 87.0
152 147 31.0
152 177 29.0
152 178 93.0
152 188 89.0
153 38 44.0
153 66 49.0
153 79 63.0
153 92 66.0
153 120 8.0
153 138 70.0
153 144 57.0
153 29 36.0
153 62 6.0
153 68 46.0
153 71 64.0
154 2 19.0
154 6 98.0
154 8 39.0
154 13 38.0
154 35 37.0
154 52 38.0
154 83 39.0
154 91 68.0
154 105 90.0
154 113 42.0
154 121 79.0
154 123 59.0
154 127 92.0
154 140 14.0
154 145 40.0
154 161 21.0
154 164 84.0
154 174 86.0
154 177 67.0
154 188 99.0
155 19 71.0
155 34 29.0
155 114 40.0
155 139 54.0
155 148 76.0
155 190 55.0
156 18 2.0
156 56 55.0
156 69 33.0
156 81 92.0
156 108 72.0
156 174 96.0
156 23 31.0
156 26 49.0
156 58 78.0
156 61 99.0
156 133 91.0
156 167 85.0
156 200 73.0
157 14 92.0
157 52 29.0
157 55 98.0
157 100 27.0
157 131 37.0
157 149 57.0
157 191 23.0
158 16 52.0
158 41 93.0
158 44 32.0
158 59 23.0
158 63 78.0
158 85 32.0
158 106 94.0
158 107 84.0
158 115 47.0
158 176 69.0
158 198 52.0
159 38 76.0
159 79 95.0
159 86 86.0
159 89 73.0
159 103 93.0
159 138 14.0
159 151 42.0
159 182 6.0
159 68 67.0
160 25 7.0
160 62 63.0
160 90 6.0
160 119 65.0
160 129 88.0
160 137 73.0
160 162 68.0
160 171 92.0
161 6 99.0
161 8 9.0
161 10 95.0
161 20 58.0
161 52 17.0
161 55 24.0
161 72 56.0
161 100 28.0
161 105 69.0
161 113 7.0
161 127 47.0
161 131 97.0
161 149 32.0
161 154 79.0
161 184 99.0
161 17 47.0
162 25 50.0
162 119 67.0
162 129 1.0
162 137 48.0
162 160 31.0
162 186 21.0
163 3 96.0
163 5 79.0
163 7 48.0
163 9 36.0
163 19 4.0
163 24 57.0
163 46 95.0
163 90 67.0
163 94 47.0
163 102 26.0
163 146 60.0
163 148 76.0
163 171 17.0
163 196 3.0
164 2 30.0
164 13 27.0
164 33 9.0
164 81 81.0
164 83 61.0
164 91 65.0
164 101 35.0
164 121 14.0
164 140 24.0
164 154 36.0
164 174 35.0
164 177 46.0
164 187 82.0
164 188 91.0
164 197 66.0
165 55 46.0
165 131 75.0
165 1 71.0
165 15 77.0
165 16 15.0
165 17 6.0
165 82 64.0
165 85 78.0
165 107 22.0
165 115 16.0
165 117 57.0
165 125 60.0
165 198 88.0
166 33 67.0
166 76 56.0
166 81 41.0
166 101 88.0
166 108 22.0
166 187 16.0
166 193 66.0
166 194 33.0
166 197 34.0
166 26 49.0
166 47 94.0
166 77 36.0
166 133 16.0
167 18 21.0
167 56 93.0
167 108 86.0
167 23 81.0
167 26 53.0
167 28 38.0
167 39 79.0
167 58 90.0
167 61 60.0
167 65 63.0
167 133 91.0
167 156 24.0
167 173 9.0
167 199 13.0
167 200 13.0
168 12 94.0
168 30 18.0
168 75 91.0
168 88 3.0
168 169 36.0
168 172 10.0
169 12 22.0
169 75 67.0
169 86 78.0
169 88 20.0
169 98 65.0
169 103 94.0
169 168 87.0
169 170 96.0
169 172 18.0
170 12 49.0
170 30 86.0
170 75 21.0
170 86 65.0
170 88 64.0
170 98 83.0
170 103 3.0
170 104 45.0
170 169 28.0
170 172 36.0
170 182 16.0
171 3 46.0
171 24 20.0
171 25 63.0
171 29 64.0
171 46 25.0
171 62 7.0
171 90 29.0
171 102 99.0
171 130 55.0
171 160 84.0
171 163 22.0
171 196 21.0
172 30 2.0
172 75 96.0
172 86 75.0
172 88 29.0
172 98 49.0
172 103 60.0
172 104 45.0
172 126 64.0
172 168 12.0
172 169 67.0
172 170 44.0
172 182 31.0
173 23 57.0
173 39 38.0
173 50 67.0
173 53 26.0
173 58 37.0
173 60 60.0
173 65 47.0
173 66 79.0
173 80 68.0
173 95 40.0
173 104 8.0
173 144 87.0
173 167 34.0
173 200 73.0
174 8 32.0
174 18 45.0
174 56 68.0
174 69 33.0
174 81 34.0
174 83 76.0
174 91 84.0
174 108 61.0
174 113 49.0
174 121 60.0
174 140 54.0
174 154 53.0
174 164 61.0
174 26 74.0
174 156 85.0
175 36 8.0
175 37 2.0
175 41 73.0
175 42 75.0
175 49 27.0
175 59 82.0
175 74 43.0
175 109 71.0
175 110 62.0
175 118 6.0
175 124 92.0
175 128 8.0
175 181 76.0
176 15 96.0
176 16 58.0
176 21 60.0
176 42 53.0
176 44 14.0
176 64 23.0
176 85 54.0
176 106 45.0
176 107 74.0
176 109 88.0
176 117 39.0
176 158 15.0
176 198 79.0
177 2 52.0
177 13 6.0
177 35 96.0
177 40 71.0
177 83 85.0
177 91 49.0
177 101 88.0
177 112 68.0
177 121 54.0
177 123 36.0
177 132 41.0
177 140 96.0
177 145 43.0
177 150 33.0
177 152 94.0
177 154 46.0
177 164 99.0
177 187 99.0
177 188 22.0
177 193 78.0
178 4 63.0
178 40 40.0
178 70 72.0
178 112 90.0
178 142 92.0
178 152 60.0
179 8 57.0
179 20 94.0
179 72 35.0
179 97 21.0
179 113 45.0
179 184 10.0
179 31 86.0
179 87 56.0
179 143 6.0
179 195 58.0
180 97 90.0
180 87 52.0
180 134 55.0
180 135 73.0
180 195 34.0
180 99 4.0
180 27 31.0
180 32 70.0
180 54 31.0
180 57 64.0
180 78 73.0
180 84 80.0
180 96 77.0
180 111 74.0
180 130 47.0
180 185 92.0
181 36 10.0
181 37 73.0
181 41 81.0
181 42 16.0
181 49 91.0
181 59 4.0
181 64 2.0
181 74 89.0
181 106 21.0
181 109 27.0
181 110 70.0
181 118 85.0
181 128 30.0
181 175 32.0
181 183 13.0
182 38 43.0
182 50 42.0
182 53 36.0
182 66 25.0
182 80 14.0
182 86 31.0
182 88 47.0
182 89 63.0
182 98 56.0
182 103 12.0
182 104 36.0
182 144 72.0
182 151 53.0
182 159 97.0
182 170 23.0
182 172 32.0
183 36 73.0
183 45 52.0
183 49 91.0
183 73 10.0
183 74 46.0
183 109 49.0
183 118 53.0
183 134 7.0
183 181 1.0
184 8 72.0
184 10 72.0
184 20 52.0
184 69 20.0
184 72 1.0
184 97 15.0
184 113 10.0
184 127 8.0
184 161 90.0
184 179 23.0
184 143 62.0
184 195 21.0
185 135 43.0
185 99 29.0
185 24 25.0
185 27 24.0
185 29 86.0
185 32 29.0
185 54 52.0
185 57 17.0
185 67 3.0
185 78 94.0
185 84 21.0
185 96 82.0
185 102 60.0
185 111 55.0
185 130 56.0
185 180 15.0
185 196 20.0
186 7 17.0
186 25 1.0
186 51 61.0
186 119 52.0
186 129 85.0
186 137 40.0
186 162 80.0
187 13 66.0
187 33 46.0
187 76 18.0
187 81 32.0
187 91 66.0
187 101 14.0
187 132 79.0
187 150 61.0
187 164 98.0
187 166 11.0
187 177 49.0
187 193 8.0
187 194 88.0
187 197 53.0
188 2 18.0
188 6 36.0
188 13 15.0
188 22 7.0
188 35 12.0
188 52 62.0
188 83 96.0
188 91 68.0
188 105 1.0
188 112 49.0
188 121 52.0
188 123 70.0
188 140 57.0
188 145 53.0
188 147 99.0
188 152 40.0
188 154 40.0
188 164 10.0
188 177 62.0
189 21 57.0
189 31 84.0
189 45 66.0
189 64 70.0
189 73 28.0
189 87 56.0
189 109 57.0
189 134 36.0
189 136 94.0
189 143 66.0
189 195 84.0
190 5 32.0
190 43 83.0
190 122 96.0
190 139 15.0
190 146 65.0
190 148 90.0
190 155 59.0
191 14 21.0
191 22 29.0
191 52 28.0
191 100 36.0
191 149 1.0
191 157 70.0
192 37 4.0
192 59 57.0
192 124 94.0
192 128 96.0
192 141 4.0
193 13 3.0
193 33 60.0
193 40 32.0
193 76 19.0
193 91 6.0
193 101 25.0
193 132 95.0
193 150 58.0
193 166 91.0
193 177 27.0
193 187 97.0
193 197 76.0
194 33 80.0
194 76 66.0
194 81 88.0
194 101 23.0
194 108 46.0
194 166 45.0
194 187 54.0
194 197 54.0
194 26 10.0
194 47 31.0
194 77 67.0
194 133 91.0
195 20 35.0
195 72 4.0
195 97 91.0
195 179 93.0
195 184 79.0
195 21 53.0
195 31 59.0
195 87 12.0
195 143 46.0
195 189 62.0
195 54 99.0
195 180 26.0
196 3 67.0
196 9 2.0
196 24 80.0
196 29 50.0
196 46 73.0
196 67 66.0
196 90 56.0
196 94 38.0
196 102 71.0
196 130 35.0
196 163 95.0
196 171 91.0
196 185 76.0
197 13 91.0
197 33 27.0
197 76 78.0
197 81 55.0
197 91 66.0
197 101 17.0
197 132 71.0
197 150 29.0
197 164 59.0
197 166 61.0
197 187 3.0
197 193 13.0
197 194 80.0
198 1 52.0
198 15 70.0
198 16 91.0
198 64 11.0
198 82 61.0
198 85 98.0
198 106 18.0
198 107 11.0
198 115 73.0
198 117 13.0
198 125 83.0
198 158 35.0
198 165 70.0
198 176 52.0
199 23 23.0
199 26 79.0
199 28 81.0
199 39 38.0
199 47 15.0
199 65 86.0
199 77 85.0
199 126 29.0
199 133 25.0
199 167 53.0
199 200 69.0
200 23 55.0
200 26 25.0
200 28 44.0
200 39 14.0
200 58 97.0
200 65 96.0
200 77 76.0
200 80 28.0
200 126 84.0
200 156 38.0
200 167 84.0
200 173 6.0
200 199 10.0
