2 101
3 319
5 399
8 52
16 313
19 901
20 160
25 139
28 486
31 445
30 160
34 596
38 596
39 384
37 517
41 446
51 704
50 992
49 43
55 667
54 193
59 377
63 772
61 713
60 391
70 43
64 275
76 289
78 299
79 638
72 291
73 991
74 426
85 675
87 420
86 791
81 899
80 203
82 837
92 912
95 784
94 455
89 517
88 512
102 145
101 187
99 235
96 172
97 643
111 335
108 662
104 106
105 920
119 635
118 287
115 933
112 288
127 246
126 875
125 156
122 654
121 859
137 124
136 95
139 749
131 825
133 550
132 575
135 953
134 566
152 327
153 162
154 98
157 255
158 168
159 783
144 170
145 502
146 840
147 828
148 672
151 25
171 880
169 121
163 405
167 83
165 553
186 656
187 692
184 369
190 561
189 204
178 775
176 611
183 597
180 123
181 796
206 268
200 880
197 930
196 270
198 568
193 322
195 787
220 552
221 34
216 796
218 581
214 324
208 135
209 671
210 241
211 722
238 858
237 116
234 596
233 196
232 453
229 654
226 21
225 126
224 792
254 532
255 853
251 243
248 274
247 362
242 350
240 658
275 961
273 359
272 66
279 359
283 239
282 114
280 25
287 862
285 131
284 133
258 70
263 99
260 593
261 948
267 231
270 229
268 31
306 7
308 999
310 825
313 365
315 794
314 65
316 2
318 9
288 814
289 947
291 709
293 12
296 208
297 845
299 443
301 876
302 215
342 324
339 96
337 62
336 651
350 648
349 929
348 511
344 305
326 470
323 35
334 24
332 899
331 387
328 77
329 748
369 324
368 222
371 599
370 648
380 401
383 255
382 420
377 254
356 363
357 210
358 27
352 781
364 913
361 219
410 324
411 120
409 179
412 157
403 405
406 777
407 33
399 651
396 540
386 370
389 889
442 593
443 575
445 392
446 688
447 56
432 391
434 21
435 480
437 340
425 387
424 544
427 79
426 428
428 161
431 371
416 16
418 494
421 527
423 897
477 355
474 508
472 472
470 866
471 23
466 591
467 490
461 444
459 840
458 942
457 108
456 648
455 347
453 971
452 820
450 790
448 263
509 522
504 14
505 581
500 790
502 895
496 401
497 731
498 104
493 747
494 636
489 13
488 432
490 826
484 406
487 837
481 664
480 965
483 355
482 5
551 600
548 663
546 90
558 820
556 732
555 334
552 403
553 844
567 811
565 327
563 406
562 692
560 467
574 806
572 951
571 449
570 858
518 89
519 437
515 516
524 64
521 120
533 793
535 240
530 432
540 772
543 316
536 707
608 637
609 161
614 258
615 79
613 138
618 905
616 642
617 531
621 753
627 422
630 511
629 978
628 12
635 883
637 209
636 352
576 722
577 703
579 492
580 205
581 370
587 864
590 651
593 791
592 43
597 768
596 221
599 232
598 196
601 127
600 469
602 121
606 791
687 764
686 343
684 705
680 984
677 97
676 110
675 623
674 91
699 178
697 115
692 504
693 563
689 297
653 360
652 77
654 503
649 930
648 547
651 212
644 816
647 830
641 550
643 985
642 357
669 118
671 555
665 624
666 151
660 278
661 780
662 698
663 185
656 683
658 888
747 754
750 14
749 555
748 18
738 11
737 950
736 615
743 76
741 416
740 908
762 207
760 329
761 815
766 559
767 490
759 471
756 603
757 816
712 784
715 987
716 948
704 427
707 687
708 495
711 85
728 614
730 958
732 398
733 306
734 374
720 530
721 169
725 956
727 841
800 906
789 802
787 27
786 583
798 89
797 285
795 206
794 105
792 287
774 534
782 162
781 164
776 516
