117.86503744063972 13.94927392438463 0.0
31.283529840603098 38.59656450405626 0.0
155.37262387740316 144.80813650225056 0.0
1.534439446272473 11.552342684401417 0.0
170.160589100716 128.99049742676152 0.0
66.74632381836312 40.678375323515105 0.0
163.78957589372996 171.3545281464953 0.0
70.36045555525602 65.17284360265955 0.0
154.2535585510209 125.88783475703478 0.0
86.95970689323353 39.62549407119307 0.0
197.9482256157085 78.91533278556209 0.0
8.69317753867913 193.19067336883546 0.0
23.39030998481759 48.67994374324491 0.0
65.4031291536133 5.331654791290696 0.0
127.27999641666466 29.085522358808635 0.0
136.9563728893326 6.491871169882568 0.0
100.88115369026016 30.586530960427005 0.0
61.7901546988459 90.36914996904424 0.0
178.3271698558111 152.6544848435795 0.0
97.44034859499762 59.03923485147074 0.0
128.34274096933743 59.94634267083534 0.0
46.82757341110202 12.99530072060644 0.0
47.00504201843232 128.2454318641638 0.0
128.33473568783663 145.24036448789573 0.0
151.5502801413325 176.44080208184775 0.0
38.217169050600575 101.88991154294449 0.0
123.86457090600341 107.25609320062345 0.0
30.644567020589196 131.31230473776822 0.0
107.18091747318923 142.1345556457438 0.0
23.68143629381767 159.65489281300256 0.0
120.63674733245358 54.63189423899011 0.0
128.77092785070653 102.67400083969636 0.0
23.72944284983496 81.86413822643 0.0
196.79443875149454 152.10736908088413 0.0
36.33996425109493 25.002947259837605 0.0
175.53737313188034 59.397840471647626 0.0
199.8776118727874 37.50606307067339 0.0
81.39914081922892 180.39747571781086 0.0
51.23163037947247 143.71603621545154 0.0
2.443422386538807 41.751539541570715 0.0
173.59835893903613 30.65552405717473 0.0
170.39236516432632 42.982133651406684 0.0
186.88525983328825 112.2928767187706 0.0
165.92635139073917 17.8615949591314 0.0
145.27609911121036 78.24701467092699 0.0
154.65871019181122 144.48600623918045 0.0
20.674308968629763 107.84588304838543 0.0
90.41252150957165 115.52958778811751 0.0
168.12438886067568 55.64809736978968 0.0
67.934628467107 158.48093844356856 0.0
192.9439906535397 195.98274028404677 0.0
58.93952998949814 30.232537477624778 0.0
69.18221949049372 151.75753391340945 0.0
123.38394232375556 101.21508086929443 0.0
95.15235057920162 26.73094632174351 0.0
52.130381812604675 91.3386427256431 0.0
114.17016712628725 110.63910419873257 0.0
67.66602594589193 123.32297945489708 0.0
177.26178665794728 33.01367701709903 0.0
86.30100069186184 118.56951579583928 0.0
79.48765669066714 104.22227797864079 0.0
128.27789588117452 176.5478885134818 0.0
162.66236913404964 1.208113874171901 0.0
151.48225746063034 50.740357599864815 0.0
44.63256523938075 130.60106551783937 0.0
79.95153017096843 162.5074999976946 0.0
108.90809328067543 133.3175949789903 0.0
100.13781704422891 178.8091192712241 0.0
68.3244831695983 82.46223987473518 0.0
5.887549275007142 20.534431620591498 0.0
102.54740293745218 170.28874796641557 0.0
87.35903144063344 65.2660662505927 0.0
161.61280950466488 80.17421365006668 0.0
179.6066221906964 61.62262051380536 0.0
26.329171896319203 196.00491356560048 0.0
13.318121783595771 81.89486660454341 0.0
21.250956552367573 114.06781206485499 0.0
143.19976521695682 105.510978465726 0.0
87.06547990000206 191.48707662716558 0.0
68.76094993094104 147.9365614830414 0.0
36.6179369985929 90.44017901483856 0.0
107.75884460870498 27.935442010051116 0.0
42.432303205554156 58.83356400352777 0.0
134.32053473448101 100.6875826510327 0.0
133.46854763866304 25.813089256398847 0.0
51.768481864307645 175.08078681846945 0.0
114.98950565113715 84.42979324073015 0.0
34.43266260813418 180.5631198651919 0.0
67.79343621927134 183.97690784148824 0.0
143.24065054036754 152.2633649998068 0.0
31.701281470922417 60.95923459565853 0.0
96.63477884312837 162.6570671061462 0.0
33.070249202028215 0.3514237629677952 0.0
161.37318270768424 143.87606472393972 0.0
77.23835085966606 137.7469463329167 0.0
117.02945117234837 116.82978040178334 0.0
94.18717821397618 88.19485704239433 0.0
43.513457551472 171.62670292687082 0.0
99.34314148822672 118.96685028559375 0.0
82.69358458212356 28.354970129277124 0.0
11.320095545504882 71.19223492922654 0.0
133.20854834420638 148.1011728670128 0.0
54.53920183728202 179.24403461850557 0.0
51.814760829904216 161.15685771342532 0.0
67.04456516858639 36.95442601267644 0.0
155.12297661454343 32.6824932140819 0.0
132.46612574411265 16.183329754298768 0.0
42.335799709735575 95.66897176299773 0.0
159.96396880959293 55.95906516807874 0.0
192.60545255869596 46.857102792389725 0.0
147.12117889541346 109.35539820739868 0.0
29.888946816416517 23.345732934198836 0.0
78.1349754350896 60.46462386633409 0.0
193.68577286945208 155.9395998139982 0.0
133.28893497320686 5.271585776306176 0.0
5.800798261297002 129.85816232980773 0.0
115.57164285869541 27.928878139807978 0.0
181.28312538911814 74.2471758462108 0.0
136.44016732111453 197.8788210328248 0.0
95.9493030156079 149.0048731539127 0.0
45.10939323845054 63.46301830242849 0.0
193.40710736213848 100.75504616687789 0.0
34.38118611888888 24.105749463961736 0.0
191.2540859546122 19.369696822080073 0.0
110.91006027570023 25.852639306319823 0.0
29.132624737287372 142.2640239339765 0.0
78.93494590861485 43.99141453705844 0.0
190.58129071743994 25.757095796294195 0.0
153.8893497227125 191.67690798677862 0.0
126.12999866669479 131.11161581886398 0.0
95.93514475292217 24.92768247470696 0.0
6.844225689030536 57.436697953231096 0.0
33.34788269783422 102.0570879634016 0.0
145.53150476613047 94.45777907908655 0.0
131.814525129677 99.54672450012418 0.0
137.08108225450323 65.22811816624785 0.0
158.0870903997132 186.56575272184233 0.0
89.91554164370541 182.17666854630914 0.0
185.06871258243473 116.78471310640484 0.0
47.29093263645679 49.45740936023011 0.0
190.29127724088588 8.827827410870025 0.0
30.18979284221437 10.385556718615163 0.0
110.87675007705839 55.65310124462146 0.0
72.80929583702844 160.81631020979677 0.0
35.456970490530935 28.34486289489866 0.0
167.15449078542736 127.64224202169845 0.0
37.15965067273961 21.248624592915387 0.0
185.00448346556243 146.15559150686852 0.0
81.65096434377139 23.0736095809688 0.0
3.5271722055275845 60.8421507799362 0.0
80.35816073049693 192.53333768701808 0.0
25.076015463833578 21.243729462860237 0.0
101.37814521488666 167.2903228725572 0.0
52.21006493444305 47.846389847338 0.0
199.2110517970406 141.4159179516623 0.0
55.73633390095334 102.52216475813663 0.0
79.34050468170186 9.271893101170402 0.0
156.58142848104293 13.872019514352285 0.0
74.81509613417528 192.66550519995508 0.0
131.55705567607282 179.8883919952682 0.0
79.3684611511859 43.32517963403306 0.0
148.59203745077855 198.67576936785423 0.0
155.2480812845326 144.18928232796577 0.0
38.761026573680056 62.53813091814657 0.0
113.80583259853248 20.695673301266183 0.0
20.448146621017216 91.56247417087751 0.0
53.03603503508316 117.20510202450394 0.0
5.241457742741407 179.89781660291544 0.0
28.629645524749158 193.88686833098137 0.0
35.662053712958695 181.24946883069134 0.0
133.74594911399348 155.84036075299227 0.0
31.589304226472525 169.67869723567935 0.0
67.58606437049973 138.92149922812573 0.0
55.251668708840484 77.61815842702376 0.0
183.98522215610993 45.68840843413173 0.0
143.91026049130394 35.083763271901326 0.0
28.623705507378983 50.07590308609713 0.0
4.8701923442763695 12.384105187045357 0.0
97.0891326243773 70.85372339847045 0.0
119.2125012893884 103.19870569536833 0.0
175.9055231868182 51.618816248924794 0.0
58.64727537153165 175.71675450159856 0.0
164.77749516724796 79.01710676490296 0.0
84.14650853054381 66.59829555475723 0.0
120.68060458348937 121.0857868368812 0.0
165.52280741717888 195.84016720126078 0.0
13.061860273221559 74.05213922525617 0.0
37.87817955320494 40.19925583580986 0.0
134.29703896166544 68.6205016225068 0.0
193.85465189564158 118.6459442617199 0.0
70.68440623222305 5.724161841569475 0.0
199.87650233598103 15.391031258194964 0.0
6.6371787298945994 66.91422814142325 0.0
20.081578620081597 94.34959045764437 0.0
108.36985197252001 76.00303426703793 0.0
133.39701837136639 143.475614971917 0.0
13.256485724652144 76.27468989642632 0.0
137.222566030874 28.221623833932362 0.0
37.171580016022745 131.52091262571682 0.0
45.442333411227075 130.4476872406208 0.0
