166.2803070017401 71.70468266017099 0.0
104.03574509202241 151.4405681568168 0.0
141.0338114757355 9.828556526768416 0.0
112.95110777086357 156.67009354686644 0.0
23.908894378772104 170.045820551945 0.0
121.53345649238052 150.55703099134112 0.0
178.20523394082014 62.31277581597556 0.0
93.17431108849546 76.64680690174492 0.0
13.439173860041208 13.574599572611469 0.0
75.65942851281946 132.52910348763623 0.0
19.753492146624474 157.35901315319362 0.0
55.69552748479181 170.97368358510272 0.0
182.47342598453176 113.03912752316761 0.0
181.9285092541267 131.05837202357247 0.0
125.61870063705723 132.9210290084415 0.0
140.90761819957098 70.12040246763034 0.0
49.78298035307694 38.475734752135395 0.0
2.6763922029577003 151.15154620362884 0.0
127.64368098841103 141.44907303747902 0.0
166.1478997134091 155.29643537064274 0.0
99.46659473153036 151.24726581406475 0.0
129.14828752919473 135.40253396169513 0.0
171.32146466954114 6.90991056567023 0.0
83.98921958779964 104.10937004998179 0.0
160.3260847757648 40.146310847901766 0.0
196.6564201519188 158.75354661677906 0.0
154.08815118029312 75.3248698391068 0.0
66.17794966737742 185.4053249018421 0.0
155.6155360671284 2.9696864777724485 0.0
80.46262833436111 55.64140677975078 0.0
70.3174624700368 25.232229158768284 0.0
185.875266144535 32.19777469256029 0.0
158.32024313741775 164.97027412799915 0.0
170.0423343330278 133.4354294496429 0.0
123.17320723323535 154.4801564701929 0.0
120.8578423527733 71.59097026878473 0.0
137.12172654350778 75.59262241244768 0.0
69.38609082590712 76.07298214241294 0.0
113.47588730543006 109.75648327153303 0.0
150.33432527923122 40.60427602041501 0.0
28.205027804993854 74.89844682199644 0.0
120.9949791153006 191.7991197226603 0.0
65.73971787109775 75.26151498165581 0.0
168.03372017261992 66.8036035823784 0.0
18.06452448650997 171.08834247314212 0.0
1.2260971028581924 8.916407231785772 0.0
101.53631903873594 86.93018794336957 0.0
84.22206168758626 42.64623723542733 0.0
172.4645412339999 20.525919137455272 0.0
84.64441750270775 73.45130999180816 0.0
20.341319202194086 188.60978861448172 0.0
39.303497431848264 72.44530250771473 0.0
196.71100351695404 51.670663884088185 0.0
125.0372349187489 52.64327470913814 0.0
98.02010241163191 196.59946316538148 0.0
101.66214596584935 20.86007657978335 0.0
162.39034283066283 24.325688400983303 0.0
50.74743307816958 98.16287936740883 0.0
63.10896550509722 88.95782691316975 0.0
172.40088045324794 41.818485872041514 0.0
85.73200292851256 165.6067304019781 0.0
121.98188770480355 72.96518010401122 0.0
61.04796341770384 85.98486157789338 0.0
69.63339256140904 16.777904480742723 0.0
92.75064407966487 74.03854979417774 0.0
147.75121397264493 95.68459262629841 0.0
66.52163838394478 138.2844023403256 0.0
14.985665458472441 81.23065397583784 0.0
156.3244589971387 33.18503387849423 0.0
110.09706822489385 106.47752129872588 0.0
54.06390697977217 188.81343099905706 0.0
194.96320007535127 68.36034951915575 0.0
40.365734684539945 26.219249115271715 0.0
193.26335744011263 8.218991500505158 0.0
87.08337969613436 25.3244369732027 0.0
119.84024417864114 148.7553631761792 0.0
136.23995016681866 192.83966879127783 0.0
65.46750205587364 186.95953265770896 0.0
135.46532291560794 189.60707883976684 0.0
152.72717917804667 195.08570286183132 0.0
126.58968293409849 119.93886329381232 0.0
110.92807135880753 65.54858096044978 0.0
81.90653053323457 59.93544838510765 0.0
31.472425973014452 50.64947497552799 0.0
61.71952614710759 7.430859976471438 0.0
159.8049951659614 194.33060893593532 0.0
27.13937618796145 73.12711770547769 0.0
56.05507095577891 130.69526343858203 0.0
83.69828794313881 0.6434548519706818 0.0
113.70864865463388 32.820273239764376 0.0
54.201237349873075 102.62026388550218 0.0
64.12444085517556 35.42662448165272 0.0
83.33476280792 30.681720349467522 0.0
114.4340125754808 26.262831049633874 0.0
61.905629284838696 58.97511288433264 0.0
167.3429154552792 103.59494793894012 0.0
25.18323757384553 154.1689481584193 0.0
153.57618931478098 30.98602850696963 0.0
127.67119990862747 29.20595990543362 0.0
71.18822922496322 85.58697231366918 0.0
125.73508310471009 33.77127884699833 0.0
70.68352919471978 192.4497726854127 0.0
109.86491908176792 121.34996764660603 0.0
50.87144807442521 164.91315817796283 0.0
119.9525748558873 50.91228558930574 0.0
137.6045744618904 29.899795002022135 0.0
49.81567147173192 30.679084642822918 0.0
106.02698105325234 7.0031937606040096 0.0
101.30131572183537 192.08374431789662 0.0
76.68513346739911 131.53155943559676 0.0
183.65448669593994 193.96123294441725 0.0
66.83075807177461 164.2148894398506 0.0
70.4373760476659 100.15882634341942 0.0
10.471676097496996 114.07068754297107 0.0
24.137715709947848 48.1771028728492 0.0
74.20292302946672 15.962694761667361 0.0
177.70552272654265 132.1140217538042 0.0
90.57735550754393 150.6761432068744 0.0
22.609346921176886 160.0987145274052 0.0
106.75121068505011 72.87209321042289 0.0
94.6046895125487 114.56596257957756 0.0
3.366842747878973 21.07240291260821 0.0
171.2587158582503 43.13610613679835 0.0
77.11133430031374 123.86611878322864 0.0
199.37703811904726 138.52947638948024 0.0
0.11628380475123823 87.81688577956999 0.0
155.8299195954719 127.85827763658337 0.0
70.34057772427906 155.09028386763873 0.0
111.87673093973625 184.80303781284925 0.0
149.30460587802065 52.60889745708495 0.0
118.9391018456593 2.5947570169370993 0.0
147.02085189450267 19.58207753726886 0.0
162.8748111560212 21.38795908375397 0.0
158.6924004623961 196.54632187743806 0.0
144.15591545051822 90.52394017345868 0.0
183.72747945759983 86.59140572143936 0.0
32.95631553825533 64.3474796527662 0.0
164.8446651882167 58.23630752498734 0.0
21.005383316067274 179.6545107107801 0.0
73.51997791659474 149.4581249128202 0.0
46.16595460971023 143.5120736096129 0.0
137.75366328098247 153.66622840785104 0.0
101.04644813102233 72.10619622988557 0.0
59.11101411009761 120.95294997210017 0.0
53.558555516283704 164.43719009688795 0.0
198.21809467878884 191.741129138146 0.0
105.1833827418179 69.09605579022124 0.0
21.36988834776574 94.98801435352729 0.0
91.81056203767297 108.01968734354206 0.0
195.63488088023863 89.39392685668959 0.0
192.36641559716776 58.036616172255066 0.0
195.8166867343777 3.603296255118016 0.0
52.04879453360041 59.17919486983785 0.0
143.85981865674736 140.1746345424391 0.0
49.83773270502958 18.15203524029032 0.0
39.76344957616493 148.13516964587274 0.0
44.052768731168214 6.010695784927256 0.0
162.79328996287373 140.22481734781965 0.0
15.079140479417653 11.018641323632018 0.0
22.758546555794013 133.4733428476266 0.0
190.98679253820669 0.814526475835109 0.0
23.34734427335221 125.54355395079524 0.0
89.61765075770901 172.43597774207703 0.0
162.99051269232856 184.31242425236385 0.0
39.81808167416394 124.41005729679999 0.0
43.450389854291906 24.451178639827354 0.0
154.84522021182303 72.03469692347886 0.0
182.30762368941512 72.30436444157972 0.0
22.577183338858987 145.13937225716205 0.0
132.74570737920587 179.1569941661891 0.0
150.00891288449964 57.02752115620946 0.0
2.5094363758153326 133.01801577863446 0.0
53.61691741820784 13.967051874323811 0.0
33.64007157116718 140.33723853035957 0.0
22.527683801385766 46.50950266555962 0.0
155.56655645025188 101.61210791451454 0.0
198.02613487805715 187.08247404752137 0.0
56.35871961372989 188.6296074956758 0.0
110.79212838607808 92.7138700923579 0.0
130.4248756259675 146.12780726225677 0.0
196.3544477109388 17.41077735206764 0.0
55.662929660169766 86.95044761284518 0.0
69.6033434747661 75.62966575064365 0.0
129.0505239956874 127.30718123219171 0.0
80.8043180037313 106.43875706854118 0.0
46.88642285170845 17.541030326972763 0.0
98.40723422681175 147.38748607464797 0.0
154.37181398505518 163.84378445709407 0.0
168.04663217883405 157.7619620262201 0.0
108.9468834667144 107.64903238151884 0.0
82.48044402034793 192.8194953592475 0.0
2.7743904227939264 31.971638625564513 0.0
163.81607496115177 123.75923128279607 0.0
71.98880912142869 197.75154517399008 0.0
107.22423715888347 22.600050536118577 0.0
183.80585266484962 178.2988008009889 0.0
164.4425557833648 86.80093722955233 0.0
137.3139960750213 156.22581129347014 0.0
55.722515948345674 65.37309963917654 0.0
39.74611545483317 174.79185889962463 0.0
190.4748785021443 166.3971339109048 0.0
27.255807484533136 94.3740064244439 0.0
49.72023491532225 175.27267829048247 0.0
187.69972826441827 94.81753579411524 0.0
137.55298909417496 193.69193824225118 0.0
112.65360565843135 85.7082246138863 0.0
144.1785233660364 21.24270411310483 0.0
56.866415325662636 139.1476527991316 0.0
79.68499071452817 144.7103175830538 0.0
15.583485723520463 43.402010418044036 0.0
135.5626523969466 174.56235018875125 0.0
143.64610825297467 90.83375768507882 0.0
110.0851967112554 173.76359793805517 0.0
35.001636619640465 59.814633178784234 0.0
194.01923057219483 60.983228759096434 0.0
57.23467237193181 27.85761284227104 0.0
154.72944823164673 138.41989157552646 0.0
192.95652793165522 161.9943381674612 0.0
79.59874798751716 193.88464393687903 0.0
78.3666299451113 172.4637995676811 0.0
43.78400426692828 157.44573002324168 0.0
149.02621420049155 87.06689352581347 0.0
152.67983058409905 154.85314313557802 0.0
3.861091842952269 6.080739894911891 0.0
176.0641964981724 193.12512358281913 0.0
80.63695969308071 131.41560366684942 0.0
38.75136466512428 38.09267217734125 0.0
99.62716657713919 28.73629806218021 0.0
161.6791105965947 99.3623348132396 0.0
76.91950060493696 177.55911551581372 0.0
57.70882218606141 125.07150865367902 0.0
34.785098477661045 191.87430327209623 0.0
78.0185772380946 26.974576693369645 0.0
43.75911638278591 52.6331927245417 0.0
177.82094230108817 5.812291909642253 0.0
119.55937263859744 83.47817222930591 0.0
24.238664449756687 127.58088566139641 0.0
167.69581074970046 22.38274996662306 0.0
104.52313996983331 13.231340617274046 0.0
19.600022022508902 194.4079388371089 0.0
109.4019947813043 147.49349497994376 0.0
36.33085607654336 74.57042824492616 0.0
164.19375389346834 86.93356587824168 0.0
169.38846226533357 44.85687400946783 0.0
59.42905656748061 153.01782302420932 0.0
162.8959256862521 95.70785877764125 0.0
93.0695179953742 32.86916933132227 0.0
157.38398079319074 199.83402533126298 0.0
78.01684916562668 78.56746601688516 0.0
112.64104836325598 95.01600517287008 0.0
91.45641192878237 195.2584505959257 0.0
5.567249006360986 52.578858033092416 0.0
46.68100610245682 39.00033513917549 0.0
78.69771247257256 79.52068526432106 0.0
153.39214816674567 7.190882234889973 0.0
116.0370392761398 104.81428678033635 0.0
199.07774942534658 197.58228134807533 0.0
5.073272004487639 34.189660828020884 0.0
131.9166284806563 136.30477805784864 0.0
107.31641567205452 122.74433189684963 0.0
54.76186240550089 30.984373161196423 0.0
4.432968538320359 111.01743380550487 0.0
50.10651560395723 191.95379192455982 0.0
13.024638279669777 197.7026552503307 0.0
47.536931070304945 82.72012156547315 0.0
68.32580637779633 180.96408807956507 0.0
18.030215634361934 10.26643726892933 0.0
165.57106045728455 190.3582317714729 0.0
133.55416837209648 146.42892012904676 0.0
117.51050693467971 152.6543377797604 0.0
165.77955257179505 183.50497626182684 0.0
137.5272305795394 87.38438948220404 0.0
114.31596269218463 70.41190655580942 0.0
90.03783474748326 111.74312265388322 0.0
52.73432176689252 150.12983456075648 0.0
163.3334761261213 49.49747549523673 0.0
59.74049279956017 24.826512271790826 0.0
14.745501840397868 184.85393681456162 0.0
63.21601410808624 11.975856291810171 0.0
113.99620699555817 179.77142109337072 0.0
66.44365676136752 122.94596737762897 0.0
67.82192939821545 81.99616136173368 0.0
148.68695583664098 94.94660736602928 0.0
147.43218460985216 91.13441715716944 0.0
36.39447066006753 137.88999030340554 0.0
60.0951017745931 121.36764828493352 0.0
126.6510947229074 119.63301942386117 0.0
7.116039883543768 1.9539805000332144 0.0
11.100299353303367 106.23292502973894 0.0
52.70276945769026 190.448833596707 0.0
196.4127207065263 98.26257505925552 0.0
191.68721658749803 138.6166268496394 0.0
46.47812728546226 59.895544780602414 0.0
48.80025240180452 147.29455408540608 0.0
181.8493144809449 124.38531320604196 0.0
68.17269321646246 74.00845338651362 0.0
63.56806320382391 177.72683720582455 0.0
158.96209587868947 15.92992759506684 0.0
61.354828516258195 71.70293133405599 0.0
51.48163455871375 80.80283614788979 0.0
160.24544921094576 98.18194674537236 0.0
87.93380790543782 179.75644290841342 0.0
195.1096372141028 68.44716349987475 0.0
22.828294784404935 28.461490073326544 0.0
119.08769797071774 184.50258472302556 0.0
40.38995573458797 26.87456698662931 0.0
109.8333519101401 63.71373027113907 0.0
9.739351563135813 2.8551938577853653 0.0
96.5521942270664 183.80610223305206 0.0
193.35486685461422 151.22912144018227 0.0
151.17685513702975 52.158151328032545 0.0
0.3020273000292617 77.41036629387747 0.0
128.62147833005636 171.48953189714464 0.0
132.94215983239434 63.48363316633219 0.0
163.90970366982987 173.45955433823673 0.0
14.309121866539943 114.68776199631378 0.0
138.07195107082114 122.3547980255775 0.0
103.06938173825412 15.52996616190445 0.0
10.05921453359071 152.9588618060166 0.0
3.957299504232581 127.29959686990276 0.0
178.5223845752971 99.86139678949411 0.0
163.8040028171555 192.53943199637794 0.0
185.15742968867715 199.8774999225686 0.0
6.754848155072235 177.07123263333187 0.0
100.41845918668248 104.91272656677549 0.0
6.996987032099677 176.4616963846828 0.0
42.75228698463201 129.5229470432915 0.0
23.295142137754677 41.3538007955347 0.0
74.10956191276338 75.58240434107124 0.0
26.860235336912375 34.87763017092473 0.0
187.3391677661417 125.88735671619644 0.0
142.55210838000565 125.39391774862105 0.0
55.17417216627369 179.1867438460938 0.0
93.14410391320385 39.11246239556709 0.0
45.86910848878101 11.045461128406963 0.0
87.35387795254555 149.66679835848282 0.0
127.14997947734695 188.109685141159 0.0
124.57129273855556 65.51541504972538 0.0
77.98993166471695 137.75808377228108 0.0
2.6909454663897048 191.07899273274228 0.0
106.82507231727234 180.78641240483375 0.0
10.183296289913324 183.81210715364784 0.0
135.17653432221687 71.6874388858999 0.0
159.51502254952948 106.94699543262718 0.0
47.246391886445124 59.251906419307 0.0
76.25575198237378 186.43593607524338 0.0
128.90659078925697 79.63050325608747 0.0
96.68488859315465 20.65798906134222 0.0
123.60172891096211 24.66072664687311 0.0
146.43883791420885 62.74474309723965 0.0
18.03789755426306 90.17672585555734 0.0
173.71544435497182 197.91897000540516 0.0
37.13151839551403 2.1841695333637112 0.0
92.77905998866338 72.02896071802007 0.0
175.5436453264866 43.19626404480239 0.0
156.98624627780546 92.50050783070438 0.0
122.22663438110312 56.69117393583976 0.0
25.27859339441594 119.21752932321282 0.0
44.76185349962809 194.56506992485305 0.0
112.06577330463578 190.38135481730734 0.0
191.8684977697662 90.61915160181783 0.0
117.64851106465679 187.18780604505446 0.0
45.31520296737905 192.5330349430289 0.0
124.80763997326711 131.200227170235 0.0
6.56773055727029 165.44098097700802 0.0
116.9120834681833 29.58573407509222 0.0
138.85753080670068 192.14143736165497 0.0
23.8750627060774 35.92093415709567 0.0
101.9575518167876 38.13450171126209 0.0
34.51444807979564 178.06251759898885 0.0
114.80324810948473 124.0959677470934 0.0
127.34977370653276 19.617136476658526 0.0
160.198260533226 154.06063042053614 0.0
166.59485225490243 167.83403336609118 0.0
106.195895304583 84.50158751987394 0.0
86.08168490756943 118.28300696680824 0.0
160.34895145738938 187.65647828793365 0.0
41.07775742480684 135.46927919682324 0.0
95.87213648398536 61.86540482619112 0.0
146.43548595271443 108.57600194027057 0.0
192.86281354999292 72.34962533430367 0.0
139.23904857071744 192.81405020742898 0.0
23.07738174315943 67.77392856979596 0.0
5.09050696725335 149.3980058257379 0.0
73.36218549691405 111.0998470048417 0.0
89.4035698377297 30.956111762687467 0.0
150.6893524603768 187.65082376978916 0.0
78.55001966950346 24.221133398706574 0.0
140.8496448500133 8.974526878322187 0.0
80.43027942065353 58.13815977390586 0.0
3.2057740546902025 118.00156633624643 0.0
60.01628522775935 13.064358402339415 0.0
75.5114080929191 119.16401687273934 0.0
92.64124309281705 25.524761356890235 0.0
35.65250369680628 6.55105933442246 0.0
86.28755966587198 73.02734373974886 0.0
21.269236229723944 43.84319514526236 0.0
193.85070735565816 144.72954411545834 0.0
43.56832072588568 61.68066098352789 0.0
87.33333095035756 56.287580943252614 0.0
148.23713958726276 181.28544282714702 0.0
198.1505714180132 151.0089090215806 0.0
174.2225844285028 47.57072669396101 0.0
141.20401793350663 144.46720963164944 0.0
40.23911666205675 60.63533300487678 0.0
35.108387224206325 16.028477043185084 0.0
49.22212253336398 31.454988729119005 0.0
106.93141273597064 128.27567085466657 0.0
142.54418344969008 155.74625457829154 0.0
27.03426783460896 64.10856684245437 0.0
158.6634582204685 199.39297563344985 0.0
58.076071411322225 11.334533743187759 0.0
154.97492063712258 119.48923013430672 0.0
121.97286765044414 95.85488538344345 0.0
136.98675836982096 6.966787562289034 0.0
89.57792702548564 67.09067767661958 0.0
105.54583234860834 29.939160897793094 0.0
180.0766911068672 173.08076900498259 0.0
180.68763320012093 181.30839836270445 0.0
120.56641791038504 127.7240963703154 0.0
89.78771253328507 89.84479217089148 0.0
61.01703786736095 168.92714040641636 0.0
118.04315959172582 140.86381395193783 0.0
165.78628154506893 133.9566059321947 0.0
110.91430523452368 70.78858612873246 0.0
110.08878302894827 37.08649078993642 0.0
91.00824781349988 49.30025933278257 0.0
198.2953530172579 24.66764729555471 0.0
105.98753082502455 43.442811774112776 0.0
90.66522437533844 4.037110721588633 0.0
59.43873437865819 169.9627014407449 0.0
176.0905855737999 95.22349934988318 0.0
93.2374288471837 185.32806127084052 0.0
60.65933078807642 138.19382084018255 0.0
187.7973281997992 37.28594721755265 0.0
55.31852045427084 3.4261155284107003 0.0
25.693222163049544 107.48047712632611 0.0
140.6475329557286 199.88146024885515 0.0
24.498749554867217 11.568527248311899 0.0
62.72652633421718 51.987812257360424 0.0
186.2815830179358 191.43388007162264 0.0
171.3124068824515 126.03738222840082 0.0
34.050282911553495 33.514677372564904 0.0
150.0109536158915 26.43812782387849 0.0
9.54850423189535 77.92314320425263 0.0
107.8604375295763 153.549192755377 0.0
92.1439564620079 44.95062711643367 0.0
2.718558165648499 117.3690159926094 0.0
65.1608993364881 98.71497094958626 0.0
49.07111325377609 35.13400977630467 0.0
3.856675213614058 192.1214432811094 0.0
26.357365067827065 105.92471825987361 0.0
188.3442737762865 92.97236433111588 0.0
48.63364417369296 51.66545934946287 0.0
155.11447131386723 177.9747045900977 0.0
182.37328378091738 41.44246864459915 0.0
192.41267294893836 99.55905478502885 0.0
106.42752681638564 174.85468213524823 0.0
57.57719994522525 179.83723337873784 0.0
196.6486705978133 90.15034063229362 0.0
48.54716426661203 66.69012095419806 0.0
187.40317814001705 184.19159763903738 0.0
197.09988470110608 198.8911438371286 0.0
113.17912744420744 83.82850789038179 0.0
67.97909030508215 170.33503046385815 0.0
165.71894324052948 192.05267435554921 0.0
45.926949881819176 157.85547004288213 0.0
15.58477613029623 147.34007488923467 0.0
71.73437555525466 182.77938816931083 0.0
41.79071026953889 80.88144278783149 0.0
148.77566134077807 113.27958710123855 0.0
189.1122449357879 33.93783994429889 0.0
183.0951283137378 182.75162244711504 0.0
29.910334053184286 6.348009920682296 0.0
42.96492242269736 198.854728862098 0.0
45.783623034659016 47.25314234330389 0.0
127.93473529063937 148.52086568813147 0.0
164.08918985601483 170.39385533499822 0.0
22.74576301539961 166.14978125883204 0.0
185.34866285301902 78.87312776174895 0.0
178.08278136827968 25.372265034225094 0.0
119.78307219069542 118.0681034678658 0.0
7.989747233089317 39.17768305063751 0.0
14.696442653161213 140.41262088355128 0.0
122.87599655934922 108.8660108094345 0.0
199.1546632600655 62.06154773454098 0.0
27.391511092848873 49.198632384804064 0.0
198.38272026332808 18.98686939459926 0.0
104.05147170111701 35.286260572881886 0.0
77.5299006712734 188.84470893398318 0.0
76.34172275743984 66.16632516241441 0.0
62.929316906138745 134.99144214340723 0.0
199.13842391037298 120.68631031922669 0.0
158.7043781114377 150.31611275700598 0.0
159.6267199195316 193.22356220464718 0.0
127.55168306905308 131.0954875220881 0.0
88.50475482582661 39.936150520801085 0.0
36.75615779838943 194.86708819022041 0.0
179.11103792428617 40.653390108440625 0.0
183.97095109714877 171.35462443102628 0.0
