95.76098282224139 178.58380308588008 0.0
84.87387957132648 19.38755386059605 0.0
75.94865698497675 193.3057873619362 0.0
76.15168909662093 9.126284857040034 0.0
85.36377545221394 129.2656005239177 0.0
180.36172263177593 185.1863259442011 0.0
107.70968695819127 148.06287992557893 0.0
7.689844073855179 62.9968367115838 0.0
91.48979873159983 56.1974430761969 0.0
164.41851084063498 151.89059918451179 0.0
169.18238793329422 193.40154550371568 0.0
145.88286493303903 70.59965186070139 0.0
140.68482078995746 199.04925882602043 0.0
104.96642417336035 175.755482609278 0.0
113.73356545137791 118.92935508941807 0.0
89.33093514670512 166.9495470664162 0.0
77.79526877691607 12.519618601994399 0.0
114.9890284302616 145.3867422024895 0.0
102.96340319519597 0.0021259428029773986 0.0
149.49242415750575 197.8907042558584 0.0
1.6839099080278919 148.61052994956367 0.0
114.92236917650858 153.9966798466705 0.0
68.67239652616226 139.50194203233767 0.0
189.03324372189437 121.09401988531509 0.0
123.1745433714121 79.19770065407681 0.0
182.3141284520475 141.05703346970603 0.0
117.76034076976694 123.7386535029291 0.0
199.3973676288847 31.529569268760227 0.0
49.13191771657486 169.05239526028322 0.0
155.15709482186023 176.00503543841293 0.0
8.963756136326895 127.6312054858805 0.0
9.00481640079953 109.07039183094827 0.0
146.58317253834986 59.47125613750106 0.0
5.303207022756573 6.658996464009159 0.0
80.33792329279078 54.324983398083205 0.0
163.4833080000836 35.88389637741274 0.0
90.78702950815538 72.67025276849391 0.0
148.36440538585796 144.99960421575898 0.0
56.38977289171703 144.40143116821054 0.0
69.33989254036949 81.26709681180158 0.0
151.15700027307432 197.09904289444316 0.0
106.50656470200674 12.973159366683973 0.0
13.767953574872838 139.83625321692 0.0
142.47872583227158 101.58195206091666 0.0
18.944804982515052 63.832023932996115 0.0
190.54271737728524 120.97307684841655 0.0
34.41623086048939 137.86232400849582 0.0
152.97132807430327 152.94706981172166 0.0
30.590359860042348 174.19225846399618 0.0
117.73187183831769 101.65583480595079 0.0
125.09654888220179 119.89371583871811 0.0
7.4855018909019355 64.34196586429846 0.0
90.64445754467853 88.76455965045578 0.0
131.68963056419096 71.7476528357671 0.0
32.18795060207662 190.666946324649 0.0
60.77921579482155 168.78022364163544 0.0
48.17048818845184 137.95403512831984 0.0
40.81686949129946 44.49815203354375 0.0
30.667627370994488 12.755795166360828 0.0
97.66567048924489 40.20771436778945 0.0
130.53140699087822 64.24623069131673 0.0
41.65275916387188 165.43722032040301 0.0
16.180378395409466 171.61590638523847 0.0
176.8557870316503 133.78217328147247 0.0
88.46819929960574 56.32521551781178 0.0
43.55831934102843 194.09136090587864 0.0
79.10264518550818 56.31539596877779 0.0
178.0844370927967 77.1903832936883 0.0
156.3760951515082 85.20583222234744 0.0
61.1368127650995 104.3157577873653 0.0
189.50747455948033 91.10779884568629 0.0
143.9265515148495 10.659194401245053 0.0
181.68481269566254 102.53633277937877 0.0
90.7972070549578 125.89832869365665 0.0
71.93657676903962 3.0034782636601642 0.0
157.7094646549146 23.31664963627795 0.0
127.24901531727173 111.22770257804294 0.0
137.86693443317253 0.09198596128692227 0.0
198.88579506800363 60.495895568636456 0.0
148.9276918127637 183.55945629442135 0.0
0.6553200184964192 168.56587130373003 0.0
110.66022146410528 71.7313593600057 0.0
81.91015775942031 68.59885898754676 0.0
67.56637950984464 111.0830389490937 0.0
114.35201654328277 31.96309651401603 0.0
147.90825874489158 90.59028033225518 0.0
89.25486927618478 155.35108533837774 0.0
118.73971383521109 88.23048004975955 0.0
30.507815430640495 7.504758837860526 0.0
195.95742163166642 44.63620268682502 0.0
68.9183710974985 34.94428714688043 0.0
199.05052215511714 158.31650861571043 0.0
194.50585451891573 11.447814432495008 0.0
102.14177469007521 197.83784282027693 0.0
106.05381564506993 82.63105501874044 0.0
126.07731316877553 108.58288007613164 0.0
110.97917330703639 104.8271421367883 0.0
140.73621549369173 155.18234116618413 0.0
193.61517187825962 6.568758177364109 0.0
102.3949980576059 85.44130925811295 0.0
166.29399645398365 11.326086089810893 0.0
137.89636975997905 27.558083404514445 0.0
45.15418801289515 151.7557434469053 0.0
105.53555708198155 39.660310004182776 0.0
51.38695684631238 178.56736419815982 0.0
11.991571095673104 19.159538265498455 0.0
128.674500118417 121.21606602150064 0.0
145.2949107640777 49.152066168121245 0.0
188.8626457085744 192.98067749343636 0.0
195.73718486272068 10.070302614375514 0.0
50.4491045674996 49.58901590906086 0.0
179.79223169862448 17.015700881676764 0.0
18.25760379518997 8.403219075644742 0.0
56.532449994226866 156.6806048531148 0.0
67.70748458292522 114.2796420981476 0.0
131.68791589703136 92.49312397523752 0.0
43.377086004324575 98.56930294496244 0.0
81.41018916862689 182.59557504467762 0.0
159.0985865041128 119.32661433220505 0.0
95.9665346433059 12.493724607302937 0.0
195.61084905288385 93.64547384030774 0.0
43.004529879098776 82.6904359383702 0.0
131.83595240935705 37.143584306540525 0.0
80.69095447479472 11.344162001496173 0.0
117.1341768340099 110.96721258891068 0.0
12.94300319770949 12.968945653595165 0.0
94.43120024583132 43.29033997872431 0.0
72.13391795396294 196.41951389538224 0.0
17.90039756654016 40.13359659519635 0.0
139.06915234049765 188.88130729531167 0.0
73.9221595935255 29.43000570488554 0.0
65.69328923551797 137.3120162283231 0.0
10.331189314199051 92.61609404818039 0.0
152.90198952077947 64.75779430212611 0.0
6.501882527379488 29.62850589665247 0.0
153.99727050613842 66.1936432418215 0.0
75.61084602759662 176.0377784599957 0.0
23.738527074196526 117.01437683578048 0.0
180.4547676683248 45.15258216411699 0.0
13.60577392960498 137.02879579225583 0.0
65.49084091993969 103.2791942688144 0.0
25.80557680152844 3.7865220170386626 0.0
60.30608096248873 2.9225980308491106 0.0
181.71428348679964 41.29333363841252 0.0
193.51085783941366 96.56716160889958 0.0
134.86718805405252 123.64750845103407 0.0
71.09109190776421 32.776366052044615 0.0
164.2663540904675 127.85620609267312 0.0
119.54259913693437 96.70269286652315 0.0
120.6938335708549 46.067450198820545 0.0
171.65010429665065 98.70025377357368 0.0
66.88111067641425 24.679930209307944 0.0
181.56258986605968 37.58437021924483 0.0
151.79970316206203 136.26928272133904 0.0
95.85558976375674 69.1838555170777 0.0
90.00186037836188 9.996166428384923 0.0
178.56022869923208 96.18333442554648 0.0
178.85430812471267 147.13797896823155 0.0
190.67773449930877 161.85441639342434 0.0
79.67224754336169 30.612630417932408 0.0
158.48736053143796 178.1262355524333 0.0
13.174629825369898 0.8392675092249835 0.0
29.994582085081323 147.5473089407135 0.0
175.34600061999396 115.00763424623244 0.0
115.15558092231966 149.04229739811214 0.0
66.70411219373942 32.80400614157462 0.0
33.05308132397835 148.96879200251144 0.0
46.13668726520827 178.868443472819 0.0
147.98757566003252 171.83082096538476 0.0
169.88470324918873 20.73458866953444 0.0
166.4872473516544 119.1073060489059 0.0
56.91363846074251 70.72972987901262 0.0
88.52867132521214 160.0053338771616 0.0
133.82822901315606 171.28955468062176 0.0
58.79970764850193 134.54954200664042 0.0
155.65030450301455 155.36841818527446 0.0
47.624913549388914 7.270652975206526 0.0
173.1933153601555 87.1026712361662 0.0
106.21286657236864 88.8575661131269 0.0
123.43131839636605 182.6110559744838 0.0
187.17393080260177 103.48912510804628 0.0
156.1741277493234 186.7927233561359 0.0
198.7959794018394 21.16320656815571 0.0
78.52449524088081 39.21010798643412 0.0
70.35472904119489 97.1922403334649 0.0
98.00720250374006 100.62030754770521 0.0
145.77430245522197 165.13600386961224 0.0
175.92402079291614 31.445296552070445 0.0
194.24280767088305 114.793940656046 0.0
164.4025606033182 14.447813103492635 0.0
128.92668329076113 53.48091421574206 0.0
93.7710801413113 196.1063043961455 0.0
158.71674066595403 96.66181703506669 0.0
101.30540895093039 184.65891373113922 0.0
162.97772924101358 63.122060409692835 0.0
148.05818414775945 187.5130763157577 0.0
175.56252538284255 160.20248053030338 0.0
57.394657330469826 96.69374678957578 0.0
191.8908810340054 36.2287956447968 0.0
127.02343714372688 138.22998380938415 0.0
