1 3 36.0
1 16 75.0
1 87 8.0
1 118 94.0
1 128 50.0
1 137 31.0
1 173 93.0
1 192 70.0
1 14 95.0
1 94 93.0
1 180 50.0
1 194 60.0
2 4 83.0
2 17 78.0
2 60 99.0
2 75 25.0
2 91 22.0
2 120 34.0
2 124 39.0
2 127 95.0
2 131 72.0
2 143 9.0
2 147 96.0
2 152 75.0
2 156 13.0
2 160 23.0
2 166 6.0
2 184 99.0
2 19 92.0
2 42 54.0
2 104 90.0
3 1 42.0
3 16 59.0
3 56 64.0
3 105 47.0
3 118 35.0
3 128 53.0
3 137 62.0
3 192 60.0
3 94 50.0
3 194 23.0
4 2 55.0
4 17 62.0
4 75 94.0
4 91 50.0
4 120 11.0
4 124 85.0
4 131 55.0
4 143 27.0
4 147 9.0
4 152 68.0
4 156 52.0
4 160 48.0
4 166 69.0
4 177 70.0
4 19 46.0
5 23 43.0
5 74 24.0
5 84 76.0
5 87 26.0
5 115 94.0
5 132 51.0
5 175 80.0
5 7 29.0
6 11 45.0
6 30 91.0
6 109 40.0
6 159 12.0
6 161 99.0
6 182 75.0
6 197 81.0
7 5 14.0
7 16 18.0
7 74 45.0
7 87 8.0
7 173 80.0
7 14 63.0
7 15 29.0
7 18 67.0
7 22 46.0
7 27 60.0
7 165 69.0
7 200 34.0
8 45 43.0
8 52 22.0
8 129 3.0
8 133 6.0
9 35 65.0
9 37 37.0
9 60 42.0
9 65 37.0
9 67 24.0
9 83 41.0
9 127 26.0
9 155 32.0
9 160 88.0
9 184 46.0
9 82 83.0
9 104 11.0
10 26 10.0
10 30 86.0
10 38 47.0
10 48 84.0
10 64 36.0
10 98 8.0
10 148 2.0
10 154 20.0
10 158 41.0
10 159 40.0
10 161 20.0
10 169 56.0
10 176 53.0
10 187 7.0
10 197 92.0
11 6 39.0
11 13 84.0
11 20 54.0
11 30 90.0
11 41 91.0
11 80 8.0
11 109 35.0
11 161 26.0
11 182 29.0
11 196 1.0
12 25 50.0
12 33 10.0
12 54 82.0
12 61 43.0
12 69 11.0
12 86 8.0
12 108 31.0
12 116 70.0
12 134 10.0
12 136 97.0
12 191 13.0
12 193 39.0
12 195 76.0
13 11 25.0
13 20 50.0
13 30 90.0
13 41 17.0
13 80 45.0
13 130 73.0
13 161 98.0
13 169 9.0
13 174 96.0
13 180 50.0
13 182 9.0
13 196 42.0
14 1 35.0
14 16 52.0
14 87 58.0
14 118 88.0
14 137 94.0
14 173 64.0
14 192 74.0
14 7 86.0
14 22 2.0
14 94 37.0
14 165 9.0
14 174 94.0
14 180 3.0
14 194 31.0
15 149 41.0
15 74 21.0
15 186 73.0
15 7 31.0
15 18 54.0
15 27 54.0
15 50 35.0
15 51 68.0
15 77 15.0
15 96 82.0
15 97 64.0
15 107 45.0
15 125 55.0
15 146 42.0
15 200 25.0
16 1 71.0
16 3 64.0
16 56 30.0
16 87 8.0
16 118 4.0
16 137 36.0
16 173 9.0
16 192 59.0
16 7 95.0
16 14 21.0
16 22 51.0
16 194 55.0
17 2 17.0
17 4 44.0
17 75 90.0
17 91 19.0
17 120 41.0
17 124 33.0
17 131 91.0
17 143 64.0
17 147 61.0
17 152 96.0
17 156 31.0
17 160 44.0
17 166 77.0
17 184 65.0
17 19 33.0
17 42 72.0
18 87 5.0
18 7 62.0
18 15 8.0
18 22 53.0
18 27 54.0
18 51 51.0
18 98 46.0
18 107 24.0
18 146 59.0
18 165 35.0
18 200 48.0
19 2 62.0
19 4 92.0
19 17 25.0
19 120 5.0
19 124 75.0
19 156 33.0
19 42 28.0
20 11 90.0
20 13 91.0
20 30 62.0
20 41 19.0
20 80 22.0
20 130 34.0
20 161 34.0
20 169 82.0
20 182 97.0
20 196 64.0
21 31 67.0
21 43 85.0
21 63 51.0
21 81 72.0
21 140 41.0
21 163 63.0
22 16 55.0
22 87 26.0
22 173 19.0
22 7 69.0
22 14 64.0
22 18 39.0
22 98 40.0
22 165 96.0
22 174 2.0
22 180 41.0
22 200 57.0
23 5 72.0
23 39 4.0
23 57 60.0
23 74 89.0
23 84 60.0
23 87 63.0
23 103 38.0
23 114 51.0
23 115 50.0
23 132 56.0
23 173 90.0
23 175 74.0
24 71 53.0
24 121 8.0
24 145 31.0
24 151 84.0
24 157 53.0
24 26 11.0
24 46 68.0
24 64 56.0
24 73 72.0
24 119 29.0
24 148 15.0
24 158 14.0
24 164 5.0
24 171 89.0
24 181 81.0
24 189 25.0
25 155 3.0
25 12 31.0
25 54 18.0
25 61 56.0
25 82 56.0
25 86 72.0
25 88 49.0
25 95 8.0
25 100 90.0
25 116 69.0
25 149 80.0
25 179 42.0
25 191 94.0
25 44 37.0
25 50 65.0
25 96 6.0
25 97 36.0
26 10 68.0
26 24 59.0
26 46 32.0
26 64 62.0
26 92 8.0
26 148 79.0
26 158 54.0
26 159 59.0
26 164 36.0
26 171 99.0
26 189 91.0
26 197 26.0
27 149 70.0
27 74 93.0
27 7 17.0
27 15 99.0
27 18 18.0
27 50 18.0
27 51 81.0
27 77 17.0
27 96 93.0
27 97 5.0
27 107 77.0
27 125 64.0
27 146 87.0
27 165 86.0
27 200 82.0
28 79 9.0
28 90 78.0
28 93 32.0
28 99 84.0
28 110 29.0
28 112 58.0
28 139 19.0
28 144 86.0
28 153 14.0
28 183 19.0
28 188 90.0
28 199 53.0
29 39 64.0
29 49 45.0
29 55 83.0
29 56 15.0
29 62 22.0
29 66 35.0
29 103 11.0
29 105 38.0
29 114 37.0
29 137 43.0
29 163 8.0
29 167 35.0
29 168 97.0
30 6 28.0
30 10 23.0
30 11 32.0
30 13 2.0
30 20 81.0
30 41 50.0
30 48 4.0
30 80 22.0
30 98 63.0
30 130 40.0
30 161 54.0
30 169 6.0
30 174 59.0
30 176 39.0
30 182 52.0
30 187 41.0
30 196 74.0
30 197 16.0
31 21 25.0
31 32 41.0
31 43 5.0
31 47 22.0
31 138 80.0
31 140 48.0
31 163 52.0
32 133 62.0
32 31 48.0
32 138 43.0
32 140 86.0
33 12 61.0
33 36 37.0
33 54 35.0
33 61 55.0
33 69 60.0
33 108 47.0
33 123 3.0
33 134 72.0
33 136 79.0
33 150 10.0
33 191 64.0
33 195 67.0
34 59 77.0
34 89 28.0
34 106 46.0
34 113 30.0
34 126 36.0
34 135 28.0
34 142 59.0
34 162 68.0
35 9 91.0
35 37 58.0
35 40 15.0
35 60 92.0
35 65 84.0
35 67 76.0
35 83 13.0
35 91 17.0
35 127 93.0
35 131 91.0
35 147 18.0
35 155 54.0
35 160 50.0
35 166 66.0
35 172 65.0
35 184 42.0
35 104 90.0
36 33 70.0
36 76 65.0
36 101 58.0
36 102 26.0
36 108 92.0
36 112 97.0
36 139 9.0
36 144 58.0
36 153 95.0
36 170 99.0
36 188 87.0
36 190 65.0
36 195 7.0
36 199 37.0
37 9 89.0
37 35 99.0
37 40 46.0
37 53 72.0
37 65 80.0
37 67 37.0
37 83 62.0
37 127 76.0
37 155 64.0
37 82 15.0
37 95 62.0
37 100 53.0
37 179 31.0
37 186 59.0
38 10 13.0
38 48 64.0
38 98 36.0
38 119 86.0
38 146 66.0
38 148 45.0
38 154 40.0
38 169 23.0
38 176 77.0
38 187 89.0
38 200 23.0
39 23 35.0
39 29 57.0
39 47 61.0
39 56 30.0
39 57 1.0
39 62 99.0
39 103 94.0
39 114 73.0
39 132 7.0
39 163 95.0
39 167 78.0
39 175 38.0
40 35 53.0
40 37 68.0
40 53 86.0
40 67 5.0
40 83 79.0
40 122 3.0
40 155 76.0
40 172 58.0
40 185 24.0
40 198 67.0
40 70 4.0
40 84 81.0
40 141 24.0
41 11 98.0
41 13 27.0
41 20 81.0
41 30 65.0
41 80 83.0
41 130 2.0
41 161 61.0
41 169 36.0
41 182 74.0
41 196 84.0
42 2 66.0
42 17 33.0
42 60 79.0
42 120 31.0
42 124 83.0
42 156 31.0
42 19 72.0
42 85 13.0
42 104 46.0
43 21 45.0
43 31 26.0
43 47 25.0
43 138 85.0
43 140 81.0
43 163 18.0
43 167 23.0
44 25 34.0
44 69 99.0
44 86 31.0
44 88 42.0
44 116 63.0
44 149 17.0
44 151 24.0
44 193 24.0
44 50 92.0
44 51 1.0
44 77 18.0
44 96 10.0
44 107 13.0
44 119 27.0
44 125 58.0
44 146 11.0
44 171 89.0
45 8 4.0
45 52 57.0
45 58 63.0
45 129 18.0
46 71 42.0
46 121 59.0
46 145 34.0
46 151 47.0
46 157 25.0
46 24 22.0
46 26 91.0
46 64 75.0
46 73 80.0
46 148 26.0
46 158 31.0
46 164 42.0
46 171 53.0
46 181 45.0
46 189 29.0
47 31 74.0
47 39 67.0
47 43 22.0
47 57 12.0
47 62 40.0
47 103 52.0
47 114 91.0
47 138 40.0
47 140 55.0
47 163 97.0
47 167 73.0
47 175 27.0
48 10 64.0
48 30 56.0
48 38 75.0
48 98 8.0
48 148 37.0
48 154 75.0
48 158 43.0
48 161 66.0
48 169 14.0
48 174 90.0
48 176 77.0
48 187 11.0
48 197 80.0
48 200 50.0
49 29 19.0
49 55 57.0
49 62 2.0
49 63 72.0
49 66 60.0
49 103 46.0
49 105 8.0
49 163 52.0
49 167 43.0
49 168 70.0
50 53 77.0
50 25 65.0
50 88 62.0
50 95 44.0
50 100 28.0
50 116 76.0
50 149 68.0
50 179 50.0
50 186 35.0
50 15 10.0
50 27 33.0
50 44 77.0
50 51 22.0
50 77 73.0
50 96 33.0
50 97 18.0
50 107 44.0
50 125 30.0
50 146 51.0
51 116 56.0
51 149 73.0
51 15 56.0
51 18 67.0
51 27 28.0
51 44 49.0
51 50 9.0
51 77 13.0
51 96 64.0
51 97 74.0
51 107 27.0
51 125 84.0
51 146 68.0
51 200 5.0
52 8 81.0
52 45 94.0
52 129 82.0
52 133 33.0
53 37 65.0
53 40 35.0
53 83 32.0
53 155 74.0
53 185 66.0
53 82 32.0
53 88 99.0
53 95 51.0
53 100 58.0
53 149 92.0
53 179 17.0
53 141 87.0
53 186 57.0
53 50 66.0
53 97 8.0
54 12 63.0
54 25 53.0
54 33 29.0
54 61 7.0
54 69 33.0
54 82 46.0
54 86 39.0
54 88 33.0
54 95 48.0
54 108 53.0
54 116 94.0
54 134 58.0
54 136 53.0
54 149 31.0
54 150 60.0
54 191 49.0
55 29 55.0
55 49 3.0
55 62 87.0
55 63 94.0
55 66 44.0
55 105 37.0
55 168 53.0
56 3 69.0
56 16 9.0
56 29 26.0
56 39 6.0
56 62 73.0
56 103 82.0
56 105 76.0
56 114 65.0
56 118 30.0
56 128 76.0
56 137 11.0
56 168 3.0
56 173 87.0
57 23 47.0
57 39 88.0
57 47 9.0
57 62 86.0
57 103 31.0
57 114 61.0
57 132 92.0
57 163 8.0
57 167 90.0
57 175 55.0
58 45 44.0
58 91 6.0
58 111 15.0
58 129 51.0
58 166 73.0
59 34 85.0
59 89 81.0
59 106 96.0
59 113 44.0
59 126 22.0
59 135 11.0
59 142 58.0
59 162 65.0
59 177 72.0
60 2 34.0
60 9 57.0
60 35 89.0
60 65 76.0
60 67 69.0
60 91 61.0
60 120 89.0
60 127 17.0
60 131 79.0
60 147 72.0
60 155 83.0
60 160 82.0
60 184 44.0
60 42 25.0
60 85 21.0
60 104 45.0
60 150 56.0
61 12 59.0
61 25 93.0
61 33 55.0
61 54 39.0
61 82 9.0
61 88 97.0
61 108 60.0
61 116 20.0
61 123 57.0
61 134 54.0
61 136 26.0
61 150 65.0
61 191 73.0
62 29 85.0
62 39 84.0
62 47 8.0
62 49 50.0
62 55 83.0
62 56 22.0
62 57 65.0
62 63 78.0
62 66 92.0
62 103 37.0
62 105 91.0
62 114 14.0
62 163 7.0
62 167 61.0
62 168 49.0
63 21 72.0
63 49 22.0
63 55 43.0
63 62 19.0
63 81 72.0
63 163 80.0
63 167 31.0
64 10 62.0
64 24 46.0
64 26 90.0
64 46 92.0
64 119 23.0
64 148 75.0
64 154 70.0
64 158 16.0
64 164 49.0
64 171 91.0
64 189 37.0
64 197 5.0
65 9 47.0
65 35 19.0
65 37 20.0
65 60 11.0
65 67 14.0
65 83 71.0
65 91 34.0
65 127 59.0
65 147 18.0
65 155 67.0
65 160 7.0
65 184 33.0
65 82 91.0
65 104 13.0
66 29 40.0
66 49 12.0
66 55 62.0
66 62 55.0
66 105 92.0
66 128 12.0
66 168 49.0
67 9 71.0
67 35 76.0
67 37 4.0
67 40 53.0
67 60 78.0
67 65 97.0
67 83 31.0
67 91 14.0
67 111 27.0
67 127 15.0
67 131 18.0
67 147 24.0
67 155 98.0
67 160 55.0
67 166 43.0
67 172 82.0
67 184 16.0
68 69 97.0
68 71 55.0
68 79 93.0
68 121 19.0
68 134 37.0
68 136 86.0
68 145 61.0
68 151 96.0
68 157 41.0
68 178 32.0
68 193 89.0
68 195 15.0
68 73 51.0
68 181 67.0
69 12 44.0
69 33 12.0
69 54 92.0
69 68 22.0
69 86 59.0
69 116 17.0
69 134 52.0
69 136 92.0
69 151 16.0
69 157 9.0
69 178 23.0
69 193 87.0
69 195 8.0
69 44 80.0
70 40 10.0
70 117 75.0
70 122 62.0
70 185 98.0
70 198 2.0
70 84 80.0
70 115 9.0
70 141 4.0
71 68 33.0
71 121 27.0
71 145 94.0
71 151 91.0
71 157 71.0
71 178 3.0
71 24 58.0
71 46 55.0
71 73 51.0
71 164 23.0
71 181 44.0
71 189 33.0
72 76 12.0
72 78 63.0
72 101 88.0
72 102 42.0
72 123 86.0
72 170 4.0
72 190 73.0
73 68 23.0
73 71 89.0
73 121 67.0
73 145 61.0
73 151 23.0
73 157 70.0
73 178 49.0
73 193 7.0
73 24 95.0
73 46 91.0
73 119 15.0
73 164 83.0
73 171 41.0
73 181 98.0
73 189 34.0
74 5 86.0
74 23 94.0
74 84 23.0
74 87 18.0
74 115 40.0
74 132 46.0
74 186 27.0
74 7 51.0
74 15 1.0
74 27 71.0
74 97 6.0
75 2 42.0
75 4 34.0
75 17 11.0
75 120 32.0
75 124 68.0
75 131 44.0
75 143 80.0
75 147 2.0
75 152 41.0
75 156 59.0
75 160 82.0
75 177 16.0
76 36 48.0
76 72 93.0
76 101 67.0
76 102 59.0
76 108 38.0
76 112 68.0
76 123 6.0
76 144 16.0
76 153 50.0
76 170 32.0
76 188 56.0
76 190 45.0
77 86 67.0
77 88 3.0
77 116 19.0
77 149 43.0
77 15 91.0
77 27 40.0
77 44 94.0
77 50 22.0
77 51 99.0
77 96 89.0
77 97 11.0
77 107 78.0
77 125 44.0
77 146 30.0
77 200 14.0
78 72 71.0
78 102 88.0
79 28 37.0
79 68 72.0
79 90 76.0
79 139 76.0
79 144 11.0
79 153 89.0
79 199 83.0
80 11 19.0
80 13 75.0
80 20 12.0
80 30 77.0
80 41 88.0
80 98 99.0
80 130 41.0
80 161 60.0
80 169 66.0
80 174 17.0
80 176 93.0
80 180 13.0
80 182 88.0
80 187 14.0
80 196 96.0
81 21 91.0
81 63 65.0
82 9 46.0
82 37 14.0
82 53 64.0
82 65 10.0
82 83 10.0
82 155 91.0
82 25 22.0
82 54 70.0
82 61 62.0
82 88 51.0
82 95 9.0
82 100 61.0
82 116 67.0
82 149 98.0
82 150 8.0
82 179 42.0
82 191 29.0
83 9 35.0
83 35 49.0
83 37 70.0
83 40 19.0
83 53 10.0
83 65 21.0
83 67 1.0
83 127 92.0
83 155 18.0
83 172 36.0
83 184 61.0
83 82 72.0
83 95 2.0
83 100 63.0
84 40 37.0
84 117 3.0
84 185 55.0
84 198 4.0
84 5 69.0
84 23 93.0
84 70 63.0
84 74 3.0
84 115 44.0
84 132 28.0
84 141 28.0
84 175 98.0
85 60 85.0
85 120 31.0
85 127 67.0
85 42 27.0
85 102 45.0
85 104 39.0
85 123 46.0
85 150 57.0
85 191 85.0
86 12 98.0
86 25 19.0
86 54 81.0
86 69 10.0
86 88 36.0
86 116 44.0
86 134 68.0
86 136 93.0
86 149 66.0
86 151 6.0
86 178 60.0
86 193 87.0
86 44 10.0
86 77 38.0
86 96 34.0
87 1 71.0
87 5 4.0
87 16 29.0
87 23 26.0
87 74 4.0
87 118 71.0
87 132 96.0
87 137 91.0
87 173 40.0
87 7 88.0
87 14 6.0
87 18 8.0
87 22 95.0
87 165 9.0
88 53 82.0
88 155 89.0
88 25 78.0
88 54 73.0
88 61 59.0
88 82 2.0
88 86 83.0
88 95 33.0
88 100 26.0
88 116 10.0
88 149 52.0
88 179 65.0
88 186 37.0
88 44 56.0
88 50 2.0
88 77 29.0
88 96 54.0
88 97 82.0
88 125 56.0
89 34 75.0
89 59 31.0
89 106 27.0
89 113 43.0
89 126 27.0
89 142 98.0
89 162 47.0
89 177 3.0
90 28 33.0
90 79 83.0
90 139 36.0
90 144 83.0
90 153 56.0
90 183 35.0
90 188 41.0
90 199 59.0
91 2 66.0
91 4 6.0
91 17 69.0
91 35 88.0
91 58 54.0
91 60 36.0
91 65 22.0
91 67 28.0
91 111 13.0
91 124 46.0
91 127 90.0
91 131 28.0
91 147 25.0
91 152 45.0
91 160 71.0
91 166 35.0
91 184 94.0
92 26 75.0
92 158 59.0
92 159 41.0
92 197 89.0
93 28 2.0
93 99 16.0
93 101 44.0
93 110 73.0
93 112 82.0
93 153 85.0
93 170 38.0
93 183 73.0
93 188 62.0
93 199 64.0
94 1 34.0
94 3 84.0
94 118 3.0
94 192 52.0
94 14 23.0
94 180 94.0
94 194 15.0
95 37 69.0
95 53 4.0
95 83 94.0
95 155 14.0
95 25 92.0
95 54 65.0
95 82 80.0
95 88 75.0
95 100 35.0
95 116 81.0
95 149 44.0
95 179 69.0
95 186 99.0
95 50 80.0
95 97 17.0
96 25 13.0
96 86 42.0
96 88 56.0
96 116 74.0
96 149 67.0
96 179 8.0
96 186 79.0
96 15 95.0
96 27 35.0
96 44 62.0
96 50 75.0
96 51 38.0
96 77 66.0
96 97 73.0
96 107 87.0
96 125 28.0
96 146 43.0
96 200 85.0
97 53 46.0
97 25 42.0
97 88 90.0
97 95 43.0
97 100 68.0
97 116 38.0
97 149 36.0
97 179 69.0
97 74 57.0
97 186 93.0
97 15 96.0
97 27 91.0
97 50 84.0
97 51 45.0
97 77 10.0
97 96 94.0
97 107 9.0
97 125 15.0
98 10 90.0
98 18 56.0
98 22 81.0
98 30 8.0
98 38 96.0
98 48 93.0
98 80 97.0
98 154 77.0
98 161 19.0
98 165 10.0
98 169 93.0
98 174 89.0
98 176 37.0
98 187 63.0
98 200 19.0
99 28 55.0
99 93 60.0
99 101 53.0
99 110 83.0
99 112 56.0
99 170 72.0
99 183 3.0
99 199 60.0
100 37 95.0
100 53 7.0
100 83 6.0
100 155 79.0
100 25 34.0
100 82 2.0
100 88 20.0
100 95 24.0
100 149 75.0
100 179 15.0
100 186 28.0
100 50 72.0
100 97 70.0
100 125 58.0
101 36 5.0
101 72 77.0
101 76 66.0
101 93 43.0
101 99 24.0
101 110 81.0
101 112 84.0
101 170 71.0
101 188 71.0
101 190 31.0
102 36 47.0
102 72 24.0
102 76 74.0
102 78 99.0
102 85 11.0
102 108 38.0
102 123 95.0
102 150 1.0
102 190 22.0
102 191 34.0
103 23 28.0
103 29 85.0
103 39 45.0
103 47 16.0
103 49 20.0
103 56 85.0
103 57 49.0
103 62 58.0
103 105 35.0
103 114 52.0
103 132 72.0
103 163 11.0
103 167 99.0
103 168 78.0
103 175 74.0
104 2 62.0
104 9 5.0
104 35 77.0
104 60 26.0
104 65 25.0
104 120 95.0
104 127 97.0
104 160 24.0
104 184 17.0
104 42 27.0
104 85 39.0
104 123 99.0
104 150 71.0
104 191 60.0
105 3 93.0
105 29 17.0
105 49 44.0
105 55 73.0
105 56 30.0
105 62 30.0
105 66 98.0
105 103 57.0
105 114 65.0
105 128 78.0
105 137 78.0
105 168 95.0
106 34 38.0
106 59 9.0
106 89 66.0
106 113 14.0
106 126 24.0
106 129 89.0
106 135 47.0
106 142 52.0
106 162 70.0
107 116 85.0
107 149 49.0
107 15 7.0
107 18 38.0
107 27 82.0
107 44 38.0
107 50 57.0
107 51 56.0
107 77 86.0
107 96 98.0
107 97 11.0
107 125 83.0
107 146 75.0
107 154 97.0
107 200 26.0
108 12 84.0
108 33 54.0
108 36 60.0
108 54 79.0
108 61 81.0
108 76 18.0
108 102 62.0
108 123 56.0
108 134 35.0
108 136 79.0
108 150 22.0
108 191 30.0
108 195 71.0
109 6 66.0
109 11 48.0
110 28 72.0
110 93 7.0
110 99 83.0
110 101 72.0
110 112 46.0
110 170 85.0
110 183 30.0
110 188 23.0
110 199 21.0
111 58 78.0
111 67 66.0
111 91 64.0
111 147 33.0
111 152 97.0
111 166 53.0
111 172 45.0
111 184 95.0
112 28 32.0
112 36 42.0
112 76 24.0
112 93 79.0
112 99 71.0
112 101 19.0
112 110 59.0
112 139 33.0
112 144 29.0
112 153 20.0
112 170 54.0
112 183 13.0
112 188 31.0
112 190 91.0
112 199 48.0
113 34 5.0
113 59 25.0
113 89 92.0
113 106 14.0
113 126 49.0
113 135 35.0
113 142 39.0
113 162 19.0
113 177 89.0
114 23 57.0
114 29 52.0
114 39 78.0
114 47 83.0
114 56 13.0
114 57 91.0
114 62 49.0
114 103 12.0
114 105 51.0
114 132 49.0
114 137 18.0
114 163 69.0
114 167 2.0
114 168 41.0
114 175 24.0
115 117 84.0
115 185 9.0
115 198 50.0
115 5 31.0
115 23 66.0
115 70 97.0
115 74 76.0
115 84 48.0
115 132 72.0
115 141 99.0
115 175 73.0
116 12 34.0
116 25 80.0
116 54 8.0
116 61 16.0
116 69 9.0
116 82 80.0
116 86 56.0
116 88 91.0
116 95 99.0
116 149 12.0
116 179 57.0
116 193 75.0
116 44 24.0
116 50 37.0
116 51 34.0
116 77 55.0
116 96 78.0
116 97 83.0
116 107 95.0
116 125 88.0
117 122 95.0
117 185 3.0
117 198 13.0
117 70 56.0
117 84 50.0
117 115 22.0
117 138 12.0
117 141 75.0
118 1 66.0
118 3 57.0
118 16 25.0
118 56 32.0
118 87 6.0
118 128 4.0
118 137 42.0
118 173 4.0
118 192 38.0
118 14 17.0
118 94 52.0
118 194 7.0
119 151 36.0
119 193 7.0
119 24 31.0
119 38 12.0
119 44 3.0
119 64 97.0
119 73 23.0
119 146 89.0
119 148 87.0
119 154 12.0
119 164 87.0
119 171 72.0
120 2 95.0
120 4 34.0
120 17 92.0
120 60 85.0
120 75 11.0
120 124 44.0
120 131 47.0
120 156 25.0
120 160 77.0
120 19 1.0
120 42 8.0
120 85 4.0
120 104 9.0
121 68 71.0
121 71 13.0
121 145 5.0
121 151 84.0
121 157 4.0
121 178 74.0
121 24 57.0
121 46 71.0
121 73 70.0
121 164 56.0
121 181 39.0
121 189 36.0
122 40 55.0
122 117 74.0
122 172 70.0
122 198 31.0
122 70 47.0
123 33 3.0
123 61 98.0
123 72 54.0
123 76 24.0
123 85 15.0
123 102 80.0
123 104 97.0
123 108 70.0
123 150 19.0
123 191 20.0
124 2 60.0
124 4 29.0
124 17 1.0
124 75 62.0
124 91 57.0
124 120 39.0
124 131 70.0
124 143 29.0
124 147 43.0
124 152 43.0
124 156 56.0
124 160 28.0
124 166 22.0
124 184 13.0
124 19 50.0
124 42 51.0
125 88 6.0
125 100 91.0
125 116 49.0
125 149 83.0
125 179 81.0
125 186 70.0
125 15 61.0
125 27 76.0
125 44 58.0
125 50 84.0
125 51 79.0
125 77 27.0
125 96 99.0
125 97 67.0
125 107 19.0
125 146 94.0
125 200 86.0
126 34 6.0
126 59 50.0
126 89 50.0
126 106 37.0
126 113 10.0
126 129 13.0
126 135 67.0
126 142 35.0
126 162 56.0
127 2 22.0
127 9 50.0
127 35 10.0
127 37 77.0
127 60 23.0
127 65 58.0
127 67 71.0
127 83 18.0
127 91 23.0
127 131 69.0
127 147 12.0
127 155 48.0
127 160 7.0
127 166 53.0
127 184 25.0
127 85 88.0
127 104 61.0
127 150 32.0
128 1 50.0
128 3 15.0
128 56 80.0
128 66 52.0
128 105 21.0
128 118 4.0
128 137 72.0
128 192 40.0
129 8 85.0
129 45 98.0
129 52 69.0
129 58 92.0
129 106 50.0
129 126 48.0
129 135 92.0
130 13 34.0
130 20 70.0
130 30 86.0
130 41 99.0
130 80 62.0
130 161 37.0
130 169 20.0
130 174 28.0
130 180 52.0
130 182 23.0
130 187 65.0
130 196 62.0
131 2 82.0
131 4 4.0
131 17 91.0
131 35 83.0
131 60 28.0
131 67 91.0
131 75 22.0
131 91 60.0
131 120 97.0
131 124 54.0
131 127 9.0
131 143 57.0
131 147 16.0
131 152 84.0
131 156 24.0
131 160 25.0
131 166 84.0
131 184 6.0
132 5 86.0
132 23 18.0
132 39 37.0
132 57 74.0
132 74 15.0
132 84 70.0
132 87 65.0
132 103 44.0
132 114 13.0
132 115 18.0
132 175 78.0
133 8 6.0
133 52 77.0
133 32 8.0
133 138 5.0
134 12 2.0
134 33 74.0
134 54 13.0
134 61 93.0
134 68 63.0
134 69 52.0
134 86 48.0
134 108 12.0
134 136 60.0
134 191 41.0
134 195 91.0
135 34 81.0
135 59 81.0
135 106 23.0
135 113 57.0
135 126 72.0
135 129 33.0
135 162 6.0
136 12 34.0
136 33 52.0
136 54 85.0
136 61 85.0
136 68 62.0
136 69 97.0
136 86 92.0
136 108 38.0
136 134 52.0
136 178 95.0
136 191 26.0
136 195 88.0
137 1 88.0
137 3 61.0
137 16 31.0
137 29 10.0
137 56 77.0
137 87 15.0
137 105 24.0
137 114 94.0
137 118 7.0
137 128 40.0
137 168 73.0
137 173 12.0
137 192 13.0
137 14 97.0
137 194 37.0
138 117 92.0
138 133 10.0
138 31 16.0
138 32 93.0
138 43 43.0
138 47 48.0
138 140 23.0
139 28 39.0
139 36 94.0
139 79 36.0
139 90 77.0
139 112 81.0
139 144 67.0
139 153 13.0
139 170 38.0
139 188 34.0
139 195 58.0
139 199 39.0
140 21 28.0
140 31 83.0
140 32 62.0
140 43 13.0
140 47 54.0
140 138 82.0
140 163 37.0
140 167 29.0
141 40 14.0
141 53 1.0
141 117 92.0
141 185 82.0
141 198 34.0
141 70 98.0
141 84 58.0
141 115 73.0
142 34 2.0
142 59 12.0
142 89 92.0
142 106 43.0
142 113 83.0
142 126 39.0
142 162 54.0
142 177 15.0
143 2 83.0
143 4 79.0
143 17 49.0
143 75 43.0
143 124 58.0
143 131 95.0
143 152 23.0
143 177 41.0
144 28 81.0
144 36 34.0
144 76 4.0
144 79 33.0
144 90 56.0
144 112 70.0
144 139 86.0
144 153 27.0
144 170 88.0
144 183 46.0
144 188 20.0
144 195 90.0
144 199 58.0
145 68 92.0
145 71 61.0
145 121 14.0
145 151 65.0
145 157 41.0
145 178 88.0
145 24 11.0
145 46 22.0
145 73 90.0
145 164 69.0
145 181 24.0
145 189 65.0
146 15 18.0
146 18 63.0
146 27 11.0
146 38 64.0
146 44 54.0
146 50 57.0
146 51 3.0
146 77 80.0
146 96 60.0
146 107 55.0
146 119 23.0
146 125 75.0
146 148 32.0
146 154 96.0
146 200 36.0
147 2 17.0
147 4 70.0
147 17 18.0
147 35 79.0
147 60 38.0
147 65 48.0
147 67 78.0
147 75 8.0
147 91 43.0
147 111 48.0
147 124 10.0
147 127 11.0
147 131 69.0
147 152 52.0
147 156 35.0
147 160 71.0
147 166 74.0
147 184 6.0
148 10 17.0
148 24 96.0
148 26 95.0
148 38 14.0
148 46 50.0
148 48 60.0
148 64 80.0
148 119 95.0
148 146 62.0
148 154 61.0
148 158 25.0
148 164 34.0
148 171 31.0
148 176 58.0
149 53 35.0
149 25 71.0
149 54 52.0
149 82 98.0
149 86 81.0
149 88 46.0
149 95 59.0
149 100 10.0
149 116 44.0
149 179 26.0
149 186 16.0
149 15 52.0
149 27 17.0
149 44 13.0
149 50 55.0
149 51 42.0
149 77 16.0
149 96 79.0
149 97 52.0
149 107 10.0
149 125 17.0
150 60 47.0
150 127 7.0
150 33 11.0
150 54 70.0
150 61 3.0
150 82 86.0
150 85 65.0
150 102 58.0
150 104 12.0
150 108 46.0
150 123 18.0
150 191 87.0
151 68 88.0
151 69 2.0
151 71 74.0
151 86 91.0
151 121 86.0
151 145 95.0
151 157 49.0
151 178 50.0
151 193 31.0
151 24 98.0
151 44 2.0
151 46 54.0
151 73 94.0
151 119 92.0
151 164 23.0
151 171 31.0
151 181 68.0
151 189 84.0
152 2 23.0
152 4 39.0
152 17 31.0
152 75 76.0
152 91 66.0
152 111 31.0
152 124 73.0
152 131 21.0
152 143 57.0
152 147 66.0
152 156 31.0
152 160 5.0
152 166 51.0
152 177 64.0
152 184 36.0
153 28 61.0
153 36 18.0
153 76 48.0
153 79 86.0
153 90 12.0
153 93 38.0
153 112 38.0
153 139 48.0
153 144 66.0
153 170 12.0
153 183 33.0
153 188 81.0
153 190 40.0
153 199 47.0
154 10 99.0
154 38 83.0
154 48 70.0
154 64 40.0
154 98 64.0
154 107 5.0
154 119 11.0
154 146 31.0
154 148 24.0
154 158 54.0
154 171 40.0
154 176 64.0
154 187 9.0
154 200 81.0
155 9 7.0
155 35 11.0
155 37 68.0
155 40 58.0
155 53 67.0
155 60 49.0
155 65 20.0
155 67 4.0
155 83 79.0
155 127 23.0
155 25 32.0
155 82 72.0
155 88 51.0
155 95 87.0
155 100 57.0
155 179 69.0
156 2 21.0
156 4 74.0
156 17 74.0
156 75 46.0
156 120 87.0
156 124 83.0
156 131 59.0
156 147 55.0
156 152 39.0
156 160 6.0
156 19 2.0
156 42 94.0
157 68 67.0
157 69 35.0
157 71 62.0
157 121 89.0
157 145 50.0
157 151 7.0
157 178 15.0
157 193 9.0
157 24 46.0
157 46 45.0
157 73 94.0
157 164 82.0
157 171 61.0
157 181 44.0
157 189 73.0
158 10 26.0
158 24 40.0
158 26 60.0
158 46 96.0
158 48 49.0
158 64 5.0
158 92 81.0
158 148 33.0
158 154 21.0
158 159 56.0
158 176 8.0
158 197 49.0
159 6 26.0
159 10 71.0
159 26 20.0
159 92 45.0
159 158 22.0
159 197 68.0
160 2 86.0
160 4 1.0
160 9 57.0
160 17 17.0
160 35 67.0
160 60 39.0
160 65 58.0
160 67 92.0
160 75 21.0
160 91 39.0
160 120 22.0
160 124 71.0
160 127 32.0
160 131 23.0
160 147 92.0
160 152 32.0
160 156 96.0
160 166 29.0
160 184 5.0
160 104 63.0
161 6 91.0
161 10 59.0
161 11 91.0
161 13 70.0
161 20 37.0
161 30 38.0
161 41 48.0
161 48 28.0
161 80 83.0
161 98 25.0
161 130 42.0
161 169 68.0
161 174 71.0
161 176 96.0
161 182 33.0
161 187 82.0
161 196 21.0
161 197 50.0
162 34 26.0
162 59 68.0
162 89 28.0
162 106 80.0
162 113 77.0
162 126 75.0
162 135 22.0
162 142 82.0
163 21 81.0
163 29 17.0
163 31 38.0
163 39 3.0
163 43 44.0
163 47 35.0
163 49 17.0
163 57 48.0
163 62 50.0
163 63 65.0
163 103 32.0
163 114 54.0
163 140 4.0
163 167 94.0
164 71 67.0
164 121 87.0
164 145 66.0
164 151 1.0
164 157 78.0
164 178 47.0
164 193 96.0
164 24 52.0
164 26 9.0
164 46 86.0
164 64 32.0
164 73 28.0
164 119 82.0
164 148 19.0
164 171 77.0
164 181 98.0
164 189 96.0
165 87 45.0
165 173 15.0
165 7 86.0
165 14 48.0
165 18 26.0
165 22 48.0
165 27 29.0
165 98 37.0
165 174 37.0
165 200 19.0
166 2 3.0
166 4 74.0
166 17 25.0
166 35 8.0
166 58 97.0
166 67 10.0
166 91 66.0
166 111 53.0
166 124 74.0
166 127 46.0
166 131 25.0
166 147 76.0
166 152 15.0
166 160 21.0
166 184 21.0
167 29 84.0
167 39 68.0
167 43 13.0
167 47 56.0
167 49 75.0
167 57 71.0
167 62 54.0
167 63 68.0
167 103 36.0
167 114 66.0
167 140 2.0
167 163 81.0
167 175 53.0
168 29 40.0
168 49 93.0
168 55 57.0
168 56 89.0
168 62 85.0
168 66 87.0
168 103 67.0
168 105 16.0
168 114 13.0
168 137 40.0
169 10 18.0
169 13 92.0
169 20 67.0
169 30 12.0
169 38 58.0
169 41 91.0
169 48 37.0
169 80 57.0
169 98 68.0
169 130 79.0
169 161 7.0
169 174 42.0
169 176 54.0
169 180 16.0
169 182 92.0
169 187 97.0
169 196 74.0
169 197 53.0
170 36 66.0
170 72 91.0
170 76 69.0
170 93 50.0
170 99 5.0
170 101 13.0
170 110 20.0
170 112 95.0
170 139 93.0
170 144 66.0
170 153 12.0
170 183 64.0
170 188 86.0
170 190 39.0
170 199 84.0
171 151 99.0
171 157 45.0
171 193 81.0
171 24 32.0
171 26 14.0
171 44 66.0
171 46 10.0
171 64 33.0
171 73 34.0
171 119 79.0
171 148 81.0
171 154 24.0
171 164 35.0
171 181 24.0
171 189 54.0
172 35 71.0
172 40 95.0
172 67 70.0
172 83 60.0
172 111 66.0
172 122 17.0
172 185 66.0
172 198 59.0
173 1 17.0
173 16 5.0
173 23 50.0
173 56 47.0
173 87 48.0
173 118 19.0
173 137 97.0
173 7 15.0
173 14 79.0
173 22 41.0
173 165 9.0
173 194 22.0
174 13 15.0
174 14 60.0
174 22 66.0
174 30 78.0
174 48 76.0
174 80 45.0
174 98 68.0
174 130 63.0
174 161 26.0
174 165 80.0
174 169 3.0
174 176 15.0
174 180 7.0
174 182 6.0
174 187 36.0
174 196 55.0
175 5 18.0
175 23 64.0
175 39 75.0
175 47 1.0
175 57 50.0
175 84 35.0
175 103 8.0
175 114 95.0
175 115 93.0
175 132 70.0
175 167 29.0
176 10 10.0
176 30 99.0
176 38 86.0
176 48 58.0
176 80 84.0
176 98 8.0
176 148 9.0
176 154 80.0
176 158 4.0
176 161 10.0
176 169 64.0
176 174 48.0
176 187 90.0
176 197 10.0
177 4 59.0
177 59 84.0
177 75 3.0
177 89 35.0
177 113 47.0
177 142 32.0
177 143 17.0
177 152 53.0
178 68 20.0
178 69 13.0
178 71 13.0
178 86 93.0
178 121 1.0
178 136 61.0
178 145 19.0
178 151 91.0
178 157 34.0
178 193 76.0
178 195 26.0
178 73 60.0
178 164 79.0
178 181 93.0
179 37 48.0
179 53 27.0
179 155 37.0
179 25 13.0
179 82 26.0
179 88 10.0
179 95 11.0
179 100 66.0
179 116 10.0
179 149 68.0
179 186 7.0
179 50 12.0
179 96 66.0
179 97 24.0
179 125 44.0
180 1 91.0
180 13 79.0
180 14 25.0
180 22 28.0
180 80 34.0
180 94 1.0
180 130 63.0
180 169 82.0
180 174 83.0
180 187 6.0
180 194 33.0
180 196 90.0
181 68 72.0
181 71 85.0
181 121 59.0
181 145 39.0
181 151 28.0
181 157 87.0
181 178 3.0
181 193 87.0
181 24 41.0
181 46 74.0
181 73 61.0
181 164 98.0
181 171 42.0
181 189 16.0
182 6 24.0
182 11 86.0
182 13 99.0
182 20 92.0
182 30 71.0
182 41 43.0
182 80 95.0
182 130 9.0
182 161 71.0
182 169 78.0
182 174 47.0
182 187 45.0
182 196 32.0
183 28 15.0
183 90 94.0
183 93 88.0
183 99 98.0
183 110 40.0
183 112 46.0
183 144 3.0
183 153 60.0
183 170 87.0
183 188 35.0
183 199 73.0
184 2 5.0
184 9 60.0
184 17 49.0
184 35 76.0
184 60 29.0
184 65 89.0
184 67 89.0
184 83 78.0
184 91 35.0
184 111 9.0
184 124 55.0
184 127 52.0
184 131 58.0
184 147 2.0
184 152 78.0
184 160 58.0
184 166 10.0
184 104 59.0
185 40 4.0
185 53 76.0
185 117 53.0
185 172 11.0
185 198 43.0
185 70 36.0
185 84 31.0
185 115 91.0
185 141 94.0
185 186 96.0
186 37 5.0
186 53 94.0
186 185 19.0
186 88 87.0
186 95 99.0
186 100 26.0
186 149 89.0
186 179 91.0
186 74 47.0
186 15 81.0
186 50 71.0
186 96 90.0
186 97 29.0
186 125 79.0
187 10 19.0
187 30 65.0
187 38 23.0
187 48 98.0
187 80 61.0
187 98 50.0
187 130 47.0
187 154 35.0
187 161 24.0
187 169 74.0
187 174 18.0
187 176 2.0
187 180 25.0
187 182 60.0
187 196 33.0
188 28 66.0
188 36 91.0
188 76 11.0
188 90 50.0
188 93 56.0
188 101 6.0
188 110 69.0
188 112 23.0
188 139 68.0
188 144 62.0
188 153 74.0
188 170 34.0
188 183 8.0
188 190 74.0
188 199 47.0
189 71 62.0
189 121 71.0
189 145 30.0
189 151 94.0
189 157 58.0
189 24 70.0
189 26 6.0
189 46 83.0
189 64 22.0
189 73 47.0
189 164 46.0
189 171 90.0
189 181 38.0
190 36 8.0
190 72 14.0
190 76 63.0
190 101 86.0
190 102 35.0
190 112 15.0
190 153 78.0
190 170 32.0
190 188 91.0
191 12 64.0
191 25 86.0
191 33 81.0
191 54 45.0
191 61 35.0
191 82 59.0
191 85 43.0
191 102 72.0
191 104 6.0
191 108 45.0
191 123 4.0
191 134 19.0
191 136 18.0
191 150 58.0
192 1 37.0
192 3 76.0
192 16 99.0
192 118 69.0
192 128 69.0
192 137 45.0
192 14 95.0
192 94 94.0
192 194 46.0
193 12 29.0
193 68 35.0
193 69 94.0
193 86 97.0
193 116 77.0
193 151 98.0
193 157 92.0
193 178 46.0
193 44 71.0
193 73 51.0
193 119 30.0
193 164 82.0
193 171 84.0
193 181 67.0
194 1 69.0
194 3 21.0
194 16 4.0
194 118 23.0
194 137 11.0
194 173 39.0
194 192 41.0
194 14 17.0
194 94 76.0
194 180 57.0
195 12 83.0
195 33 60.0
195 36 83.0
195 68 8.0
195 69 38.0
195 108 83.0
195 134 50.0
195 136 29.0
195 139 67.0
195 144 41.0
195 178 45.0
196 11 67.0
196 13 64.0
196 20 14.0
196 30 15.0
196 41 63.0
196 80 63.0
196 130 79.0
196 161 34.0
196 169 87.0
196 174 95.0
196 180 76.0
196 182 58.0
196 187 8.0
197 6 35.0
197 10 82.0
197 26 50.0
197 30 10.0
197 48 89.0
197 64 10.0
197 92 36.0
197 158 22.0
197 159 80.0
197 161 68.0
197 169 53.0
197 176 56.0
198 40 72.0
198 117 31.0
198 122 9.0
198 172 81.0
198 185 66.0
198 70 35.0
198 84 55.0
198 115 89.0
198 141 69.0
199 28 71.0
199 36 6.0
199 79 67.0
199 90 10.0
199 93 11.0
199 99 19.0
199 110 82.0
199 112 13.0
199 139 23.0
199 144 61.0
199 153 50.0
199 170 14.0
199 183 16.0
199 188 26.0
200 7 67.0
200 15 17.0
200 18 92.0
200 22 83.0
200 27 33.0
200 38 12.0
200 48 23.0
200 51 61.0
200 77 73.0
200 96 33.0
200 98 12.0
200 107 41.0
200 125 90.0
200 146 81.0
200 154 3.0
200 165 58.0
