89.88327544739634 165.8591766351746 0.0
56.89603957761642 199.21413209899177 0.0
180.34887933751648 72.03021614134472 0.0
196.4381934407193 86.27093440399707 0.0
134.14745646306508 126.53149935727708 0.0
104.05122290631196 9.77257316553619 0.0
185.3424088287397 93.9509740963983 0.0
116.75869431162373 71.40760495979531 0.0
109.514245982359 0.34896218481599295 0.0
23.18636435626773 4.806804084252025 0.0
179.73878143596198 102.62101079404566 0.0
3.0865319094552257 95.42682506912085 0.0
44.04759211602103 8.128745747645215 0.0
31.035686951160834 122.3235547642609 0.0
138.9032302604753 73.63311504035362 0.0
21.045003102393835 32.58785566879341 0.0
47.94819982259515 158.85353359109476 0.0
49.174706380756604 96.13044267109024 0.0
191.26334766112407 187.51547073990437 0.0
132.84493222388647 56.66681156090865 0.0
187.59773384623657 177.53807940275695 0.0
68.3873345935557 94.16697272610254 0.0
170.50882835781397 42.05256799880486 0.0
132.48307151881522 44.699080759258614 0.0
59.078160088330534 134.23101425008096 0.0
38.48464753891911 85.5098948772226 0.0
84.8444389545781 11.444470024231324 0.0
5.220300756681695 186.34916672196164 0.0
158.8224015706815 28.058153898700322 0.0
143.73156045792157 52.45912893320421 0.0
125.95245895783198 131.21072606528597 0.0
196.49582806033607 40.31423794087823 0.0
199.05262596400678 30.213567026477616 0.0
174.03765188701078 14.110487860362397 0.0
90.32084507097247 137.7451558198913 0.0
25.433728854288915 129.1675985778745 0.0
165.6623542505416 139.80464205144912 0.0
152.068420006859 77.8214732090055 0.0
135.59335639037099 141.4277732007571 0.0
128.09795792590884 14.048378029554542 0.0
166.19868812298037 56.45742679969863 0.0
26.433184188277448 184.9763872795383 0.0
44.59793549728366 62.200061474100444 0.0
65.65220279598279 40.60363373901368 0.0
165.60084419844466 123.58842657727911 0.0
91.10589003560659 67.45702824489004 0.0
19.709507074807277 6.5099257786823905 0.0
82.58072680298731 197.58916364611815 0.0
157.35135970492814 46.24921384836556 0.0
41.23509187421301 181.225160685174 0.0
80.20357100078964 14.53246500338441 0.0
50.12653284464397 179.53525984776599 0.0
167.69605490089663 137.4500037913196 0.0
25.49933969006808 33.423103747155025 0.0
185.25669045106227 56.57292628379081 0.0
80.10303939447527 194.8836328044089 0.0
140.58917798025507 96.86848784008785 0.0
105.16422211629714 169.398598091993 0.0
55.250268355181944 7.558000487277794 0.0
144.23554758287014 111.00181664044506 0.0
1.0198400751003867 175.85017932039486 0.0
179.9973207868803 136.06025659093527 0.0
114.03375297218372 178.52176681277888 0.0
84.18874907490344 177.48122079976892 0.0
44.3760632904602 32.60651709455278 0.0
91.1973231820457 187.9698210271876 0.0
24.803598873306456 33.99251192995254 0.0
47.4365222419805 19.12515201513274 0.0
49.50269094446822 31.516967913303805 0.0
61.4935448151877 152.57749549096548 0.0
142.254158371865 174.18667962985802 0.0
34.130238047344804 40.033026986903366 0.0
163.10938311039544 190.44136593793672 0.0
82.57213023759296 121.00658319630362 0.0
53.65684607850658 110.91618088221323 0.0
90.12188423728067 30.186999892087908 0.0
53.184957064801374 29.948788245621905 0.0
109.98513453697434 80.79371677813569 0.0
31.523741191212864 16.11537540563699 0.0
131.29820988653938 15.947327937224575 0.0
79.0743329911272 28.369158587607266 0.0
175.69878907876688 56.990865584853665 0.0
70.5119269849181 71.89387268956335 0.0
34.38214375552444 45.86262606032261 0.0
75.87431921102099 36.573873742870376 0.0
178.43715167606953 178.03544131729808 0.0
31.224778303704426 101.0215306294554 0.0
79.35777344438293 53.201356347189034 0.0
0.8045077235300235 56.391658147914555 0.0
161.97744642730282 132.79471086136238 0.0
63.56653079311503 6.7517594808709225 0.0
78.67508664747479 186.6107256190681 0.0
139.2094979331727 36.565951576117286 0.0
141.5533038382793 135.19074974831173 0.0
132.30624283776692 0.889519724820409 0.0
178.39074808232166 50.309305464492525 0.0
17.848750639463606 190.16004001766652 0.0
188.5221453729956 162.81228069056607 0.0
117.50754801679679 49.01016476333713 0.0
166.40120131335823 145.21956158331787 0.0
23.130243975304943 187.31617045850078 0.0
133.45299904576535 85.9194890660165 0.0
12.480346295224543 11.735414219687645 0.0
172.92422748355645 52.446608205954725 0.0
171.94426465925574 27.274959547067933 0.0
97.79095592633136 153.24822387361826 0.0
191.91071404459487 10.972699659225494 0.0
98.38538577481224 150.50936104472524 0.0
132.75353754153107 43.561266811861586 0.0
114.25455268045937 151.0197281873931 0.0
172.82532267201267 0.024187876826253785 0.0
153.86539757470777 107.73044179326183 0.0
44.59594187212381 146.24284092843342 0.0
146.12232429032306 1.5622167345014981 0.0
141.0465222712947 166.47160584773303 0.0
149.2648827792612 41.19094951634559 0.0
131.65607836566164 55.167982714530226 0.0
65.56472118009951 17.950469956490878 0.0
165.79446203173995 46.743248483673106 0.0
14.342595145896308 83.65650410016659 0.0
161.06196082336663 128.08842755380985 0.0
1.1777377090963936 81.06981433344518 0.0
75.09237848626707 81.26936034629951 0.0
87.78345932799868 149.88065177342972 0.0
41.56299952918161 37.57376096224221 0.0
114.87442986655351 55.510597235380764 0.0
14.631395022214754 189.13213089878738 0.0
159.45263250121369 143.6920333989396 0.0
110.74564405774639 0.6235804284624447 0.0
118.29057823335629 10.69953055096211 0.0
162.75101887085057 191.11656448309665 0.0
100.99185894018188 97.27143087806229 0.0
108.44283035954665 114.88365018695679 0.0
88.86079474420919 63.67407841310806 0.0
124.19162386458706 160.06851079732994 0.0
169.91435386691197 184.02507001595583 0.0
83.99354164638937 5.372332090806142 0.0
195.72125331958537 109.90616343378173 0.0
175.27515137155018 27.466026163614423 0.0
122.3544834393711 196.4602907196187 0.0
135.0087188396111 35.623490069036045 0.0
195.59535929227732 158.5814338227606 0.0
183.17029832499026 25.110424376626472 0.0
119.6284548497508 130.4699762876934 0.0
125.29977496987672 187.15218262773612 0.0
8.818568990303177 38.74036729279564 0.0
71.89838750427666 190.84314122958799 0.0
63.76232661435572 167.43189289720934 0.0
179.62592097876836 161.1493215084885 0.0
135.6586073457685 92.68742581374983 0.0
157.73626796112092 17.194778958433353 0.0
47.14353365306383 195.5292073665645 0.0
2.916648208105732 106.31163629524221 0.0
123.08736790712803 123.07451178615109 0.0
126.67237667277662 171.87249493411213 0.0
51.45218508624123 61.69847586096142 0.0
121.62549903127513 26.71307688957325 0.0
142.16071183200816 110.06503059383303 0.0
76.57234358853134 68.99205166989361 0.0
81.02842620460808 195.6113135050682 0.0
194.87148134332165 173.62402791813847 0.0
186.16240702466783 64.98472516947982 0.0
96.71023091810362 119.96072376607731 0.0
165.83207336610667 97.09598839528806 0.0
193.02429859721667 175.18449232423626 0.0
49.66852979350285 36.865618825187106 0.0
107.321843962557 142.91731776421463 0.0
119.15076112120366 28.405234913027 0.0
91.38970490945565 107.83754519159305 0.0
98.68846737465876 138.28924539290034 0.0
131.83617304390526 59.63562719311539 0.0
185.21292803985196 102.73648065751149 0.0
176.65117927413988 163.42928210751379 0.0
92.03886604889966 106.93543885184936 0.0
24.441381482279212 58.79744913864289 0.0
161.86176580260192 10.410792330358154 0.0
113.7242149976526 15.881537781540956 0.0
164.10673621348738 169.2429911279427 0.0
125.64145431112578 54.541536773634824 0.0
33.44653700524205 74.1167453212602 0.0
170.67946458668243 41.34357389478702 0.0
129.15796227867108 22.58830570097745 0.0
168.4598794659421 119.1946275909989 0.0
199.087343026092 174.62547613339325 0.0
49.39095722555009 195.72907001061282 0.0
117.34746004297993 2.388410838924049 0.0
7.946498488756948 19.09091432573984 0.0
31.4697459152111 138.38321031475598 0.0
19.56568719012082 3.544567347985028 0.0
2.5872666698219637 150.5345480119929 0.0
196.64387017165637 32.38606999676059 0.0
151.3253837691745 28.387443077661857 0.0
103.81078586390875 161.91571265923085 0.0
132.42877760737557 151.56253390285343 0.0
78.66933037516549 77.7722193861682 0.0
52.75488073266719 29.753090604571387 0.0
111.39454441121843 113.71746840479962 0.0
120.11541110392838 152.96623524534968 0.0
125.0690273697897 33.00000862006236 0.0
164.54931775041905 71.37480561375844 0.0
168.3575429862968 193.71459921384658 0.0
108.96188932867594 136.0603265958775 0.0
83.10020981384332 172.1140325482028 0.0
82.66644153109273 175.09176475218712 0.0
41.63011926066951 1.6186559575455783 0.0
169.21648976582452 153.7986240761671 0.0
162.09793793739223 100.30794593011913 0.0
159.0179478821049 173.76112585944142 0.0
4.812427677287268 105.96771526988111 0.0
137.56240075771447 1.9542501282553415 0.0
128.58256210066327 15.305394445421715 0.0
81.72404220896743 89.64643435787761 0.0
43.27336244679118 32.73511223410392 0.0
59.41453635492451 140.06784632446897 0.0
33.26414674732818 174.17312282831523 0.0
131.9915105201161 114.52720810527994 0.0
46.22456142185163 142.57344940157486 0.0
44.16797266127934 128.57011162494544 0.0
142.60012580648623 94.47242743651243 0.0
52.771609529058324 182.9359993366998 0.0
83.42578919686395 50.600088568742386 0.0
193.5543056974246 98.48489653655727 0.0
97.56243759921016 68.65526436095017 0.0
114.35396896167198 179.92909895676496 0.0
114.1778644148915 92.6304099690948 0.0
113.26218088774316 20.1191290756505 0.0
172.27035824825515 20.611205718478722 0.0
12.05280124944197 74.79721906204261 0.0
126.25948476343545 191.76504679594834 0.0
167.9782330995149 187.14580149834737 0.0
155.14535466248475 183.27156268450727 0.0
81.14161022635035 122.12236216811017 0.0
152.46412507173474 129.2374378274415 0.0
90.00466200712079 182.4862653886168 0.0
25.24409711845934 126.17685151649944 0.0
164.19272232241298 121.58709232151155 0.0
62.39329195571821 73.42780921204842 0.0
1.6097368444897509 42.39810430099909 0.0
46.426004664804864 111.91391069448906 0.0
115.97783336169458 177.94258495437506 0.0
77.16236555760838 70.94995053772331 0.0
161.2674717098657 185.17481515691014 0.0
152.01147082238882 10.328903544037992 0.0
181.08584528396338 52.54150525898063 0.0
4.67530139548642 53.71699608076972 0.0
193.9426805494752 120.86355716059927 0.0
142.5870817111595 49.4224056893301 0.0
129.4142291111845 47.84217091620706 0.0
43.124424359933734 165.89244075697874 0.0
15.577720039398235 8.407224765659738 0.0
69.6140530528302 131.832932401229 0.0
84.69019592859392 16.290113030140695 0.0
50.37156850154998 64.63269554844572 0.0
111.93713694280329 176.61707514595997 0.0
27.49614602620023 95.81505303392863 0.0
31.177883889345903 134.98332868011852 0.0
26.866814017972818 98.52732699199154 0.0
81.96645514615903 175.38217713270754 0.0
26.763280973713677 149.61839248072906 0.0
33.727820660734096 137.5274983849119 0.0
9.761076574315176 117.64339130084113 0.0
5.821397927738259 173.52194038371954 0.0
71.02715810987996 158.1737815815067 0.0
56.324954257597824 144.4873590723121 0.0
25.868798875529176 119.07995555142226 0.0
47.72377023121399 169.6879246913867 0.0
10.365084858647045 110.99274465370274 0.0
114.29143866522382 83.8405550226556 0.0
1.1369683321740043 181.93913753078272 0.0
153.80022348197286 132.72126419132698 0.0
193.7882697965203 150.1866680357862 0.0
145.30047762816793 142.8401618498987 0.0
174.27676289216114 195.61993102007415 0.0
155.06020967533263 37.87186316484777 0.0
193.4508439232777 187.51180652257568 0.0
34.357414497423136 142.69214191378597 0.0
12.214011627051136 135.34097674624803 0.0
35.669333863243956 15.28569074663264 0.0
123.25584986556572 189.3464313482419 0.0
77.90442664665511 177.45401116334142 0.0
75.01478555652055 88.79865455588802 0.0
176.67436855529547 77.16636848367469 0.0
124.51448804743241 58.50636749345834 0.0
22.20492443307989 108.56094451278796 0.0
127.94231573038594 87.86661681018903 0.0
35.33617045304116 140.01734080396864 0.0
41.3147725162309 91.80515393706375 0.0
61.1640445061439 156.3855624972213 0.0
48.301507858203905 49.243122163730305 0.0
170.22678240497828 108.3708625741201 0.0
158.25596145387226 42.26505823742741 0.0
28.74140151457434 80.23766356204692 0.0
124.72731458082711 177.95234784058113 0.0
172.2468999064343 36.41003568985466 0.0
123.20494337406693 64.8852789016605 0.0
71.1123881771794 88.21014026315748 0.0
196.57320338149685 37.60596953492901 0.0
111.72005208691631 33.89017209195282 0.0
27.73083525705713 74.87345218892301 0.0
133.734239922031 68.27736310336925 0.0
131.05596781980736 141.3312332433686 0.0
161.7196511772071 32.76573154287126 0.0
67.87408538118831 97.24684896003426 0.0
48.47315554952576 182.05223004895961 0.0
185.81313945763097 167.27178580429947 0.0
107.78522612609113 180.92907430367282 0.0
57.9062462057387 36.70941845277132 0.0
55.94870949546584 112.60814906054684 0.0
54.52925263068884 152.56751378354508 0.0
104.18404353282591 79.4672517145519 0.0
119.73678308004496 146.71097965844473 0.0
48.25175327234048 107.77225748039874 0.0
43.28717920172069 69.71963512989909 0.0
86.87442113442975 129.84315379473222 0.0
120.6230409199757 126.59476337273551 0.0
67.19216236435533 10.29603087147013 0.0
75.30086740532431 39.247294729827416 0.0
103.32691168192723 107.40720259235242 0.0
81.83974803783556 25.73961304696337 0.0
43.23258890148705 116.30961644269415 0.0
71.68561400356805 82.54189487398762 0.0
69.35969373706136 127.64586420651717 0.0
30.964183737100328 183.60305496335073 0.0
10.26447953056322 153.46609282965966 0.0
105.92222025372406 168.82546093862544 0.0
113.1443248718728 21.573220366193514 0.0
20.43336054585927 84.57149072615624 0.0
81.38266633014035 120.18192132974175 0.0
179.67125478454074 160.11925690323275 0.0
116.53818635207375 186.6718709980132 0.0
85.02941475559074 56.523768785841845 0.0
120.81472611218678 177.37986039627518 0.0
117.59363232137119 108.12886607090843 0.0
113.89982992091386 29.789398236848896 0.0
160.94946226183154 192.01439543872775 0.0
97.16137572420847 34.1405324949162 0.0
128.83380437226592 6.952075292443771 0.0
58.54347678831127 168.39663201878616 0.0
39.116174468126964 120.98261966755761 0.0
153.10413594772743 118.66896728084623 0.0
32.82181402871376 155.51573186697456 0.0
116.98895245763565 6.613999864422793 0.0
75.3853655224931 113.89363885438331 0.0
76.73657183988558 75.98231765054364 0.0
197.05042009605634 133.6478741673183 0.0
101.16323745945937 152.4122084426987 0.0
30.306736869301275 44.21819102362976 0.0
109.67526909839424 183.72502345294507 0.0
84.48358890085966 45.69134539597422 0.0
98.70996679849497 192.3934247842464 0.0
61.094161282899236 189.15678809733035 0.0
77.10688260880833 127.51767454801912 0.0
158.25258134200968 135.56517512862678 0.0
11.563080534777349 190.55936715712235 0.0
138.46163299437018 97.5147917453996 0.0
74.92745400724846 27.24578392258088 0.0
141.29586647759047 127.17996338310455 0.0
162.9408674082253 127.47238853729044 0.0
10.981240745769693 3.6346652890885123 0.0
199.13027034255663 55.694801527523666 0.0
78.59917415093041 94.11352355842925 0.0
182.91670376542078 146.21590457218878 0.0
89.61930677451875 116.29156598758614 0.0
52.59849494367978 40.93751845153641 0.0
99.6918508926494 112.45300855109335 0.0
32.7226507215864 121.56039947148014 0.0
75.10706793380315 161.45858285370602 0.0
14.458855987311958 93.880205506528 0.0
29.055850973602727 0.7098136461043847 0.0
77.9422699311281 118.741220162285 0.0
0.8020195999149937 7.847854364079598 0.0
107.1526015198471 152.3736611718004 0.0
42.10353429613467 100.71347005912168 0.0
170.74879556774928 158.25446217845519 0.0
13.696249398555205 54.133813095265836 0.0
146.37998109669968 183.29547571928956 0.0
14.380604488653592 103.39080335571373 0.0
151.3450184171554 153.0771531508392 0.0
66.22801402136697 106.76480804247652 0.0
109.07456263082513 34.00971477912218 0.0
61.65038124268361 173.33658701533943 0.0
28.76102713393538 134.71802097681956 0.0
141.5527654653135 127.26935016221084 0.0
104.56350901293034 174.61030681606493 0.0
18.515640419624656 76.08194897480409 0.0
151.16615809529108 134.50505998665398 0.0
84.92991423884091 77.96324828677558 0.0
184.07021101205697 22.35437502901787 0.0
53.23434262624582 61.966780790303 0.0
125.85131231424576 136.51617175408768 0.0
163.88154629825226 144.9638705211719 0.0
73.71540548937656 189.69175195052867 0.0
66.38544355300886 110.52242662431296 0.0
99.03798339442218 168.55914006236864 0.0
129.77939764951097 67.417775918583 0.0
166.1731053984225 47.29693662998877 0.0
171.04104567948568 189.27081974005796 0.0
55.670123696583374 47.60712875628181 0.0
3.5162422841386265 151.84798581761478 0.0
156.13755256098452 43.50974906876574 0.0
2.1011487159601883 30.846446527821737 0.0
49.34525081355468 146.09603500702403 0.0
57.91808232104441 0.5271351671752189 0.0
154.75745859712916 71.59092837988774 0.0
52.44726881629054 182.34723869060815 0.0
122.54091407313972 195.48989715134854 0.0
119.55324088865457 32.78273596924139 0.0
168.19379417240492 26.1988980480957 0.0
83.57112283636168 130.82079298493127 0.0
127.29282034763685 193.52062257657553 0.0
162.5947093662763 128.14083041830338 0.0
75.45733680639857 140.4940118181047 0.0
108.33467896564295 158.79202659481695 0.0
106.48090131222571 131.50826312510358 0.0
17.39197319870216 170.21429119970725 0.0
90.68227763883598 145.27645739329037 0.0
93.51781321954742 33.73863326212718 0.0
145.87951265235333 108.16813478245717 0.0
66.40853528265507 120.24196754953287 0.0
144.99209888751133 141.56411806159676 0.0
179.80978520325735 85.42053020767545 0.0
57.12805183273824 46.31098081029901 0.0
50.18143415476972 99.1849866922925 0.0
73.11400004249529 128.0166245651779 0.0
66.90084565040183 74.9695521877675 0.0
101.7782460228829 78.8424676378614 0.0
155.95898343029086 7.286398828272667 0.0
139.89808602102224 174.6118451765051 0.0
61.33016083504514 109.64565573632552 0.0
16.574335696951657 120.46823204473517 0.0
11.672968627423597 60.000512539709085 0.0
91.89762363971394 83.98105672826574 0.0
134.7463678504875 107.16586460525687 0.0
50.12242487441427 191.51076447812196 0.0
57.901579980580564 69.1980447126237 0.0
169.16655131633297 31.809090753384318 0.0
190.23692946205992 163.51226266659182 0.0
171.1052339501253 110.24433362644324 0.0
20.479309926879942 148.55343631386145 0.0
162.43054686760735 127.70562744703456 0.0
184.38264276054988 28.12515949080754 0.0
58.19853651105178 20.15424454299275 0.0
56.41008343832667 172.02053709631073 0.0
50.7878666275259 87.95396289941193 0.0
2.693459892626482 140.38785854450066 0.0
131.84547585518467 68.52667567466074 0.0
195.7398513741472 164.30291967476208 0.0
5.09622051951053 61.54345360357325 0.0
36.081905059444466 131.30908914683226 0.0
138.04505900112355 2.775293212100771 0.0
152.04491055536135 52.22506925875561 0.0
192.2019454806973 100.8919055725848 0.0
56.030363778969104 144.30951573663066 0.0
44.31106115677315 100.9109581518261 0.0
24.192191166874565 55.910707994756436 0.0
65.16769865836439 18.66415826388479 0.0
36.10844068635042 179.01844072387198 0.0
57.95757436064783 102.56076769997281 0.0
62.02777965952251 48.67449871389229 0.0
74.65494320755177 22.093102332895608 0.0
17.49669614055904 111.98705040243078 0.0
26.867491378751794 56.94261676811492 0.0
118.64990434630651 64.5333706463149 0.0
186.61746748142093 166.20938886437224 0.0
166.17295046103223 98.22440513443966 0.0
132.9001362187888 54.201612087951844 0.0
61.9226384542062 182.24372530946505 0.0
41.462191071889265 117.38610039596071 0.0
19.417446691032247 107.46243238606694 0.0
38.0942921115341 56.51454406676264 0.0
67.88658805894339 64.77078152257943 0.0
39.83350296243546 168.6045862481566 0.0
169.2931218062269 199.05615511748923 0.0
93.82292027750903 95.36866397382934 0.0
168.72280327280626 83.09628646228143 0.0
90.17738972096004 97.84773992571816 0.0
80.75722511112988 189.42546924116513 0.0
73.05575029333338 151.42103863494827 0.0
77.92613987977255 3.270859162174111 0.0
3.2415885637836483 111.02700008087814 0.0
192.06050542970476 15.944626655264749 0.0
135.88607858926335 83.34472873511612 0.0
165.34437684326613 65.61722466371616 0.0
168.66804259017687 160.84925296562915 0.0
95.09028182869241 151.1857390564765 0.0
188.47791863938716 22.068010752445446 0.0
104.73928260811522 134.9905560474671 0.0
198.8338766272272 183.02996107679405 0.0
43.31358222706228 71.42256781752367 0.0
45.58987960912142 96.81293183676374 0.0
166.52590730984002 51.002210864188925 0.0
75.0971545931593 41.2586914508076 0.0
84.9766750609606 33.300743770258244 0.0
56.83187976857762 9.33943404722788 0.0
178.34636086806336 157.1130926059353 0.0
181.60369791367546 22.323390663663 0.0
169.21712918372393 62.580841622088414 0.0
106.8110848474865 22.801285108344228 0.0
26.13429298241181 37.50288648371276 0.0
61.811158844206474 172.79954274004638 0.0
22.744788265091543 108.86034704836393 0.0
149.3232208536169 181.62006849000335 0.0
18.326366300138552 140.6214344245157 0.0
182.88664462391765 18.71057341839024 0.0
44.74780231976649 170.18098142161045 0.0
85.74556361352701 28.783513184287113 0.0
85.87694026395218 18.328479182809822 0.0
43.134120587030786 59.56564442644938 0.0
117.68002067307155 41.42744755221066 0.0
47.78781565234398 136.9743846922186 0.0
40.73222561684409 159.52804396938228 0.0
7.607859845100173 78.1811788623887 0.0
81.58598585139778 190.42398242526977 0.0
194.75718310222362 19.936150537987118 0.0
165.420173265998 47.20368196298133 0.0
107.06816319545578 157.69231050981824 0.0
69.61977161043156 115.63489206697162 0.0
185.49381408235405 40.48179232554725 0.0
56.41232619013616 117.7608635977802 0.0
85.43562432003193 147.1605221858428 0.0
152.41390011850876 189.37534574668646 0.0
135.1329365721287 181.5518509952534 0.0
93.9138936220375 151.5827345019711 0.0
30.900171380374864 167.18373300578685 0.0
188.95464856330756 40.43866574289736 0.0
116.84988553255948 196.72809666693885 0.0
160.7383074830202 73.7055283718022 0.0
175.8411556026997 196.91508327238483 0.0
31.61992208470008 180.04638540885807 0.0
118.74430514349035 106.60898274279053 0.0
82.92248602845362 193.51981252206684 0.0
100.71471050820959 33.896627699265316 0.0
83.03596604907119 25.02730133523665 0.0
16.019738263424777 57.453184759345 0.0
114.73909299329863 162.403893610725 0.0
27.064674734288864 168.11427359337077 0.0
52.40920632663348 122.13177595438003 0.0
168.61490537080448 8.497444756718053 0.0
40.76197994383741 178.19561641296292 0.0
134.8132469674869 161.68010765091557 0.0
8.989420551589511 27.387556616589205 0.0
104.4428597615783 164.3549963224191 0.0
117.64116121935363 15.408741581339648 0.0
88.9877329891299 175.5484554421044 0.0
80.3205126353927 144.40334513129838 0.0
198.39434063340892 118.9007717063537 0.0
128.24344807516258 110.10025298649965 0.0
11.039551864361208 134.67185151188494 0.0
192.93510990423542 75.52635549134168 0.0
107.2615123214721 127.04972129866098 0.0
70.81509886133269 178.29476716405523 0.0
179.91176143766705 73.00321499812503 0.0
103.14931026531184 89.76013698656804 0.0
170.73835618189938 170.83442749548067 0.0
55.82268188395627 96.87233436735723 0.0
198.0114147069522 49.75047574971314 0.0
15.613725757294826 161.3489257569618 0.0
38.65400322559949 136.18826426814158 0.0
33.12837814320788 25.825841004660187 0.0
7.242892500281273 78.28986985005028 0.0
137.27713349829648 82.93469321305314 0.0
34.595195022354865 66.84041708120098 0.0
22.156077057240743 0.7943402133041566 0.0
190.25857916164642 159.1441927418004 0.0
164.41901896755084 7.1932601720204215 0.0
16.074180349437796 111.72893549867271 0.0
167.70437166675444 74.77845925465785 0.0
42.083022199529 158.43224226941146 0.0
150.40714531027072 20.8556138448297 0.0
141.39823659475925 32.33810779189865 0.0
194.0628198403289 137.94423283418718 0.0
147.2669262133379 123.19568768121067 0.0
51.83654238039299 5.020765230375246 0.0
3.3971666021619606 186.36641780525355 0.0
80.08765695151232 194.42150954027838 0.0
47.72712950207407 75.00966992327598 0.0
100.70602387869103 85.66634514672708 0.0
40.16486907178738 154.1312944169827 0.0
27.89326545299744 125.00331179861742 0.0
36.4289181406513 173.28327836980338 0.0
0.2886128899232121 28.2631974792954 0.0
182.97138833742522 24.116963025194327 0.0
47.81554658573801 14.652244381690949 0.0
162.06683039857091 189.656285318095 0.0
192.3520244096312 180.40024387193947 0.0
151.5016057087677 4.0715572422427515 0.0
132.30361438728175 173.72033932079174 0.0
179.90028095440744 84.89828786323568 0.0
93.38552108926453 16.325835227463536 0.0
56.57681577782019 74.05985536182 0.0
41.395866340087984 31.788511236247285 0.0
33.90020099416964 129.71653268233786 0.0
47.489345924540615 187.3118687138761 0.0
20.51549441865439 47.87780425234014 0.0
172.4368284723642 133.0318842733848 0.0
105.36295957200079 60.878708943990276 0.0
193.58301980351123 31.746899053899714 0.0
175.2894586663879 59.23511328454811 0.0
36.69097975391826 112.01725853726691 0.0
113.14784427766953 14.05691781756473 0.0
94.58871807005715 148.86451832375934 0.0
48.631702852834714 139.1121480021623 0.0
115.5097613745812 178.8389459212726 0.0
0.6942905933929211 24.799078466041568 0.0
26.24602743032698 90.01322260792395 0.0
198.25212161552318 0.6974374359207891 0.0
118.70809048663781 92.49924769290601 0.0
194.97519311873947 139.03404009177004 0.0
73.21425116424231 71.37404718640943 0.0
4.317426509267941 198.31194579368713 0.0
117.80658846916884 51.439808202256046 0.0
72.54245079325064 24.51662564615331 0.0
30.11861612364919 62.032190091434146 0.0
180.35142064339246 76.72643285779759 0.0
76.79576729982011 180.13006790265774 0.0
117.82108674610929 24.61886634186059 0.0
155.19652414726434 51.308907200151246 0.0
12.71199916854988 177.27814471938888 0.0
153.07846604828836 140.61914988675795 0.0
108.80814109609345 45.873671950066665 0.0
74.20021180480884 149.2598972101323 0.0
188.8010057635676 17.193041461716028 0.0
191.2467229625109 47.957339052543134 0.0
115.33258047359584 120.67722731375952 0.0
182.2119357685034 24.24644625328234 0.0
124.1632846340575 8.519864516959096 0.0
82.34941837521619 118.39342700777138 0.0
145.03252838619215 136.5562721427649 0.0
141.02808795745335 31.485575826834 0.0
148.63109840635232 133.0822637195739 0.0
111.30684558961616 129.2542263686298 0.0
122.20600804547419 73.40661561629003 0.0
119.76830857926598 36.48545336628861 0.0
161.67027974071598 39.85523164638918 0.0
65.12852560038796 19.412442624440086 0.0
134.691449622567 140.1090860720024 0.0
76.36606528942053 187.27227784651305 0.0
17.084211051466937 81.17211444033717 0.0
124.59049284418329 9.249161030634756 0.0
133.93429213084494 51.92916448943357 0.0
27.596714438670176 139.31496679108557 0.0
147.23202250970365 54.168436277207135 0.0
12.028303760820048 69.0172484605348 0.0
123.39581418409225 140.10655420078814 0.0
105.29949921795085 87.05378704064242 0.0
186.91716977149676 63.868808162425 0.0
117.90202069136882 14.511836781068531 0.0
120.46052233850754 35.040954908457756 0.0
46.44958858792707 5.939307814381678 0.0
7.102690710153858 174.32310010272008 0.0
178.78939458208177 158.95423387656191 0.0
26.9983311045771 114.4802651301136 0.0
14.73649408347677 158.88779904396725 0.0
18.609354749485462 164.1982441972295 0.0
129.46356011513828 99.99543335608851 0.0
193.73776051920447 158.11749754195438 0.0
101.30506523779262 171.05940732038962 0.0
55.952993645865504 153.2318193806956 0.0
1.7114294822515586 70.74550201328415 0.0
113.60643751818556 100.00260898924205 0.0
102.31536048326657 26.865347171967446 0.0
1.477216885201904 115.95369148599049 0.0
192.54905818897504 133.73511889212614 0.0
129.19510762790668 20.17553708528268 0.0
20.97757788255814 193.110322294873 0.0
159.93780203272655 149.08200986035203 0.0
74.49023616097881 146.71546307119627 0.0
89.50147152856196 166.9266675197261 0.0
191.7183678789869 122.1764666084299 0.0
43.69500939532011 8.999737345017511 0.0
170.5245551883923 79.20276723329442 0.0
141.1100097943988 51.09102548745825 0.0
174.1347079493014 39.15504806877274 0.0
78.67001447673363 85.71800144159332 0.0
166.46120746960042 108.6737088009482 0.0
88.96413569526274 103.78235724443134 0.0
14.39168071947483 166.8321342160329 0.0
191.22180444296916 29.732516490537897 0.0
83.29472605745376 175.3179631552658 0.0
11.886843835299054 38.97344139530505 0.0
121.72027433181813 192.43457414734974 0.0
86.10068588458249 98.1793393531215 0.0
182.2489860442728 124.25412201111637 0.0
68.00616918110707 112.32882423145014 0.0
57.67159877812562 30.042425855414166 0.0
75.63473966235719 136.69615030771183 0.0
25.155651956633427 14.115228450394945 0.0
75.24169429066347 117.6962606096596 0.0
185.78367125981438 182.5741791544944 0.0
170.30541333648023 163.395388706974 0.0
162.823361884107 20.910228543903898 0.0
102.00829561567221 12.663077041859916 0.0
179.31702868920564 57.25095230748369 0.0
190.86852885114004 171.3554455376471 0.0
174.05386808561303 16.067506126989596 0.0
153.29346950666925 114.58374891698058 0.0
34.715482815566155 38.44596936255227 0.0
112.176957069438 16.036154512634916 0.0
27.961426087674155 147.5668289716721 0.0
87.26441538249507 58.484892133997256 0.0
88.44819115343947 171.8255216449168 0.0
98.8611965973993 104.02487175392312 0.0
192.2516296664891 3.0659071930775106 0.0
147.5611704998632 158.253977458584 0.0
184.8893249242141 163.68768911987164 0.0
143.02411296232162 49.519357383855755 0.0
160.1159911786945 183.92783699861417 0.0
146.43202593870222 62.51795447134456 0.0
192.8916040460059 49.40507126619489 0.0
64.1060889952941 114.95374163270158 0.0
118.3984661228471 169.05567979153463 0.0
183.86747502563168 46.61809192994255 0.0
118.70992226827406 134.87776890340234 0.0
81.07684397323993 102.17377834923036 0.0
129.69023480754217 197.44040652395688 0.0
37.88894020252669 132.08723780437754 0.0
112.9313071542725 64.9028532009173 0.0
17.11014107787683 10.567684913507769 0.0
51.008935537851684 148.32846774179959 0.0
11.148551914273796 75.03580729784277 0.0
119.06748122112465 122.36662142715883 0.0
46.897669039155645 28.558811671763173 0.0
61.71861898263013 47.91527733123342 0.0
68.99620317093078 114.85265889904461 0.0
161.4663061935264 112.16582649278335 0.0
146.75834583277657 74.86634005475983 0.0
123.34668816982966 81.47077951202036 0.0
154.1701310066513 24.62720999178647 0.0
120.19825896169098 33.764181336198895 0.0
57.699263244118626 155.94033147567555 0.0
143.95404757877216 39.80341837978103 0.0
13.267294684186592 54.69896845897482 0.0
90.57432699778549 196.2903535177933 0.0
21.584542519923566 55.97732169857503 0.0
69.71473620733342 178.96873169662626 0.0
120.1497944167449 10.740758791159966 0.0
74.95142860810564 80.08372573902116 0.0
0.5683601532046723 125.92274552057961 0.0
176.36126957310253 122.12883905836148 0.0
131.4435572426529 157.78189513269183 0.0
4.481765146747629 98.59413318244268 0.0
139.94838869074803 187.86641775125304 0.0
83.15197595728475 82.46902974642197 0.0
159.28557405773546 91.57754252269959 0.0
138.46217331512068 64.54190256269148 0.0
84.59586541507687 21.237330000335717 0.0
62.01653545913393 136.0777516851869 0.0
196.47590102981277 168.73052621455676 0.0
138.93991596549785 14.244342689703227 0.0
9.118624687329735 147.20403843117816 0.0
64.53599673886939 123.69621426341027 0.0
79.19073175197262 136.97181393976302 0.0
168.2310108253872 94.01503676615599 0.0
71.91323378723351 77.6868170543865 0.0
139.41352024999892 10.243896009603958 0.0
22.412722066578937 57.00596825280706 0.0
7.0074387033730146 62.54209367103556 0.0
53.26258144766673 45.38793665565022 0.0
163.0920885663318 181.02614156790483 0.0
13.234854545164643 57.32775358980695 0.0
40.6094274507568 13.151689079766339 0.0
187.6351051135943 81.24621562005865 0.0
56.17545495634582 3.530173236931855 0.0
197.1941124730207 113.41622646993068 0.0
11.239089164655102 169.86308496525976 0.0
50.341927146714596 155.7221565532763 0.0
108.30853951775288 33.71571492921015 0.0
42.79115048584945 92.71247708111584 0.0
83.69168290280551 61.14143001811474 0.0
8.708164981754084 150.31989989850285 0.0
84.17356339643736 95.70649271890687 0.0
119.35228982182326 156.7873521692075 0.0
22.280671617261127 25.254534000670436 0.0
197.91465416331252 75.75223245366539 0.0
33.25816467528242 113.78887689068182 0.0
173.39001788583553 62.105320021452705 0.0
126.61293051384416 51.13992006326163 0.0
31.66629711512925 3.1549281813687546 0.0
176.0517074809038 25.623892404493898 0.0
38.61828581661426 150.7908357756763 0.0
23.870271074190285 8.68835548795801 0.0
107.84336448752474 24.756651765470792 0.0
89.32609494903222 155.57884927812182 0.0
164.77885378894302 72.80333953387111 0.0
65.25356195133179 172.35017829918263 0.0
19.291936602914017 10.410644192279573 0.0
63.15728716575053 77.08489281792995 0.0
0.43488982480892613 130.92724402141064 0.0
124.24572571459358 191.9705769931231 0.0
29.909744789920722 176.3945504503422 0.0
152.34380045265624 42.926613440928364 0.0
114.8881329404824 189.9830904642168 0.0
44.34979281696905 114.7601572166085 0.0
26.183699963768237 132.88447898671933 0.0
94.87841146489744 112.37011287620615 0.0
194.37583683416176 141.6661266070788 0.0
33.95834689504629 112.30701076189382 0.0
4.335313109180561 126.50969026661869 0.0
120.12937674282344 154.0356441370452 0.0
97.70371404410434 166.4186330669517 0.0
