3 202
6 391
10 902
13 256
15 588
18 234
22 167
25 34
26 768
29 720
31 204
34 279
35 928
37 909
43 151
40 146
41 437
44 117
49 996
48 214
55 815
54 532
53 204
58 50
56 416
62 596
68 223
69 439
70 640
71 956
64 625
66 767
76 411
78 562
74 259
84 83
86 271
80 461
83 138
93 56
92 962
89 305
88 525
91 736
103 488
100 95
98 951
99 913
97 337
110 832
108 805
109 948
106 745
107 655
105 354
116 387
114 74
113 856
112 981
126 968
125 492
124 129
121 244
120 895
136 572
139 763
141 458
140 351
129 810
128 932
131 676
135 210
153 372
154 61
156 697
157 734
158 72
145 691
170 903
169 559
173 783
163 125
160 898
166 131
165 789
187 848
184 248
191 674
189 525
179 450
177 8
182 48
183 386
180 777
204 433
207 785
201 968
200 959
203 423
199 624
192 104
195 925
220 200
222 243
217 986
218 425
219 708
212 246
213 341
209 365
210 819
211 266
239 218
236 349
234 352
232 546
231 463
228 413
226 235
225 522
224 559
255 509
252 981
251 461
249 470
246 674
245 972
243 193
273 370
272 649
276 247
282 793
280 214
287 107
258 787
259 375
256 496
257 704
262 779
261 243
265 642
271 505
269 78
305 53
306 614
311 646
310 578
313 675
315 266
314 297
317 863
318 167
290 731
292 837
293 391
294 425
296 37
299 742
300 521
303 108
343 304
342 702
341 460
337 999
351 599
348 801
345 881
326 458
324 986
325 150
321 385
334 443
335 644
332 571
333 917
330 476
328 543
372 916
375 677
369 779
368 714
380 151
382 440
376 102
379 668
356 287
358 730
359 240
352 259
354 138
365 724
366 141
361 805
362 233
414 628
402 782
403 752
406 877
407 917
404 713
405 645
395 880
393 354
392 656
399 278
396 759
387 212
385 164
440 784
441 514
442 595
445 109
446 620
432 148
433 305
435 713
439 336
425 318
424 938
427 112
426 571
429 835
428 480
431 728
418 669
478 863
476 771
477 217
474 284
472 9
473 53
471 902
469 51
463 634
462 603
461 774
458 77
457 264
453 751
452 623
451 23
448 660
497 866
493 543
489 204
488 212
490 640
485 998
481 930
482 830
