198.72024049793163 160.66481246664338 0.0
24.687877012866565 92.56167510331352 0.0
154.96772479527257 111.58069338953499 0.0
52.19819675374071 24.595666427507613 0.0
23.527485408059178 51.22582088231753 0.0
122.61552860702577 47.808565584791964 0.0
47.579228777303115 38.79152398423016 0.0
180.0667704307646 75.96664519463336 0.0
92.20289691323518 92.54587182570695 0.0
175.027613826365 155.99876621185834 0.0
136.32648502573096 168.2204903910162 0.0
102.61668796389426 59.4814066791925 0.0
17.829536951304092 197.35998998763887 0.0
41.36297418682273 135.2368655530198 0.0
45.23620169591614 186.81203987036844 0.0
131.75916579142142 91.50774912652857 0.0
130.25199847534589 166.66887621152432 0.0
77.85898505956337 90.42872495558008 0.0
192.46870663336756 66.35383569709703 0.0
155.371986586819 58.02428161477087 0.0
140.8822287048079 197.1793038969763 0.0
66.15431819171394 39.71904982888974 0.0
146.4384434924856 124.58537739517452 0.0
91.68962528180961 164.35511557783423 0.0
185.64250182541213 124.40120980574179 0.0
67.09926647058677 118.96848600525311 0.0
157.33727362562314 134.85393299996707 0.0
122.41654196605913 182.08472259362557 0.0
53.07689792561347 139.68281677934573 0.0
119.30482771794443 15.051572168630823 0.0
96.09190961032981 47.59911675944737 0.0
49.09486713478732 168.9342346658295 0.0
54.662451987345186 169.46496271012919 0.0
151.96179272963712 28.75669233170468 0.0
82.78663715446517 136.94730934034263 0.0
167.25772040180655 87.3803954273615 0.0
44.3512835252273 155.0359360221758 0.0
131.46112226402008 18.069348920631345 0.0
136.58262889530437 35.69719285603452 0.0
102.89944924404088 197.79846978629894 0.0
144.3749258262715 121.06803521717664 0.0
111.34683584273955 122.61999134513442 0.0
29.165115610798775 171.97768569901558 0.0
105.7939856816694 151.91029213017248 0.0
184.34211323019292 171.21713933068276 0.0
105.1326657748561 20.07762971617848 0.0
173.74958573878004 170.8594317755457 0.0
144.19260000936526 162.318765079777 0.0
110.66126775410501 199.06649046251795 0.0
151.51373056033216 115.2705237231708 0.0
31.678390480979445 34.20119320030592 0.0
195.43232547869675 73.9100261612865 0.0
73.31894797205598 152.69598267738144 0.0
191.5044974751305 112.81513908003137 0.0
168.63886429288988 162.01235022252558 0.0
176.98624811054265 12.904557134929927 0.0
147.04552082469223 141.15817185045861 0.0
27.03423335965367 74.034695824748 0.0
142.5343097241361 128.61275164313534 0.0
12.486954909097925 139.3384280170382 0.0
93.89926413521148 121.14229628372055 0.0
80.5312476854416 108.94846362885356 0.0
55.03907114932212 176.87119549034404 0.0
177.25436296852843 78.7560116284801 0.0
24.300179878399895 152.1075241578471 0.0
125.02714629336775 104.11317757527456 0.0
48.86889883252476 43.80375490098585 0.0
117.8592212537342 58.89535027548452 0.0
63.544790053909765 58.16668039255111 0.0
4.312359645115138 137.09768038715623 0.0
82.79796048573762 180.8132334453843 0.0
190.25348221430644 27.147452281338346 0.0
180.83311623441708 185.00173603546332 0.0
12.674183352682157 78.37216903646103 0.0
166.45362874874453 81.85097527389178 0.0
10.998812661395396 74.57075808948576 0.0
187.83911016946732 190.0922397366671 0.0
53.74859631781608 131.39323665156536 0.0
86.92036449782323 82.78228899087763 0.0
166.12453196365814 142.24205216640215 0.0
163.85581549180358 54.538059365659805 0.0
148.01709573623998 111.66591926952944 0.0
109.18395405086136 45.23673894652971 0.0
72.14616205538431 35.72502615209805 0.0
14.546472772688436 154.75754329237327 0.0
108.47978896659689 115.56410673538662 0.0
182.44730245711162 188.22454050050027 0.0
33.77588178331694 23.437794818599844 0.0
121.3328315817364 82.34244703728817 0.0
54.03603069280904 79.69046023890189 0.0
34.34908415253608 180.80033529950333 0.0
192.85614608118922 144.70054197205675 0.0
88.45191010997497 150.35086743260902 0.0
80.10381408733747 181.55714959754604 0.0
185.1164337974564 59.05556375138457 0.0
113.04765372001707 3.2446589535814585 0.0
44.7124943238572 174.31937353734293 0.0
56.00916715113669 82.36864069298646 0.0
163.68301583036347 180.72069136626152 0.0
194.80301204001918 71.96449774017775 0.0
6.982553133950398 166.2756673453312 0.0
168.6768538348732 62.68776719368632 0.0
57.803654064486686 80.65860300480256 0.0
165.15726900116022 184.6930819293526 0.0
62.43888985823076 30.032953098264436 0.0
82.15356406197714 151.76638104590668 0.0
180.19678982551898 140.5302771629793 0.0
136.86656708087247 140.7829855256176 0.0
176.6102288154496 196.04731098982754 0.0
32.4948788470504 1.3217726523356177 0.0
82.74603191348461 35.91414523044383 0.0
181.42626071930565 198.2736408560902 0.0
84.24504689768872 184.11929728637213 0.0
27.547288507516644 104.5401745921483 0.0
0.7920355947065749 174.16027616407186 0.0
10.499598358700046 81.42630788514155 0.0
170.0352968035064 132.22105323921826 0.0
171.15641158123717 11.088526390677433 0.0
59.54595453535192 186.2606857155788 0.0
10.288345049903281 178.40800052797243 0.0
96.22742267787423 179.73011650177642 0.0
181.33280122645454 38.915848465168445 0.0
24.655740135414316 186.01700453206487 0.0
123.37655247087021 54.90555305923157 0.0
184.1517448048492 43.35126660042343 0.0
21.90648522667189 33.62533569957331 0.0
28.956509822870725 159.7867729759586 0.0
122.57869586797383 59.45112966713884 0.0
6.701612609065233 174.0075638996531 0.0
17.20154442044386 176.19858881031564 0.0
157.43626323721946 100.08957761170458 0.0
71.32348460274707 46.2404183637565 0.0
98.7935054300005 132.9819151005507 0.0
69.26192783275049 89.8530716042384 0.0
22.448157431323935 146.35431359694206 0.0
15.104534522444135 91.22472140478708 0.0
142.8393059815186 75.59035004508661 0.0
47.159834659904035 146.81417801799645 0.0
111.20063343181428 46.08881325749512 0.0
198.52922522831906 127.25827432662457 0.0
36.262070501903956 80.66829667167808 0.0
67.91782413175792 125.78306111509877 0.0
137.55661571778438 99.75308783101721 0.0
152.49691108850053 74.08191783718704 0.0
98.08648921445081 114.15109402881139 0.0
38.57597595258626 20.881525973475235 0.0
80.17305162606189 2.617418188262599 0.0
46.037816519941146 88.9245068223205 0.0
121.63530596952971 65.02999889973454 0.0
78.93528767637751 52.85522655662434 0.0
39.012022673602 46.88656982903397 0.0
147.34377693573967 13.50322391767056 0.0
30.362936881790592 141.96492147466412 0.0
94.50862426733053 183.3164103866883 0.0
92.25468735470189 197.37138435305604 0.0
88.52218717475282 143.20406418863774 0.0
143.85756130377462 168.83515009386568 0.0
19.210425572805235 82.80746154332408 0.0
185.64932763672147 3.9889467069022633 0.0
78.60428453712431 94.22374628516393 0.0
111.0428996176202 167.5093258300242 0.0
97.3164169240594 153.46649921776236 0.0
136.3246886765506 164.37266832407528 0.0
59.33910887113878 194.45430320292135 0.0
17.6109824785734 66.11588073966526 0.0
24.22461054840994 57.07627787557472 0.0
83.0999420960361 199.87342436460776 0.0
48.30434879141394 73.89160056707034 0.0
24.71707979838871 21.09526164680384 0.0
15.548820656408413 49.27761198486969 0.0
165.3224578682608 158.23310454279357 0.0
163.8653345174527 180.3490340800414 0.0
145.96812539476895 91.31506835196255 0.0
124.07595157546297 70.72866524075418 0.0
62.26464809766272 106.21175300231897 0.0
76.51343856663264 196.25763765823066 0.0
19.735836887368485 52.52951306635543 0.0
174.1182832836124 195.9912125038394 0.0
75.11118248482758 25.449565830320342 0.0
81.11507773542877 182.33387625080584 0.0
183.82577884965804 190.46429867194016 0.0
132.7920539480202 90.92526355745956 0.0
83.56773892116269 174.84503044811504 0.0
34.60266253956663 123.89637125678897 0.0
9.533653733793468 160.808285354232 0.0
187.7535623317773 179.37319117405363 0.0
159.1226202967244 32.730387553280906 0.0
53.638653274230165 5.612798260942808 0.0
102.12004622604509 54.39310430334328 0.0
50.924010697428116 69.91471236224297 0.0
66.99242927861255 182.12574306419828 0.0
116.78404055281526 190.4581915935815 0.0
24.73485637609867 55.84205673770335 0.0
57.73439004696217 43.47386081470654 0.0
138.7831038309988 152.35302415277513 0.0
165.70244077779228 128.66596249005804 0.0
52.822708252544714 133.96944651510947 0.0
81.42163875749884 52.55930985919988 0.0
47.897497783621134 80.29104870194072 0.0
149.93109608996195 72.45280128005615 0.0
116.04056201728683 52.21169501637692 0.0
131.90730045648579 132.9192182054899 0.0
69.72082859132067 104.55297528931791 0.0
109.75004226535756 122.29878975394838 0.0
134.71878189851537 37.37142977960617 0.0
158.78997925086358 178.39188477486198 0.0
58.615184042034855 55.867324057505584 0.0
41.68063128806616 180.56391350785765 0.0
7.896907326486335 94.95579871278738 0.0
27.98278090111439 79.73345494042879 0.0
23.7543787633832 56.94393541016125 0.0
141.14473018274992 38.22227508271021 0.0
159.9653812018679 9.390292259843601 0.0
91.52704848545979 78.20393019222689 0.0
35.83035675560884 95.10595705653475 0.0
66.8158022066499 70.49520812972987 0.0
2.9445019324041866 117.38930299609096 0.0
20.11361243756422 34.69272206521463 0.0
46.662488915540855 80.9692427349211 0.0
121.19312492962828 67.16457702638425 0.0
121.43178913266573 192.76464095322427 0.0
17.842811348945208 165.1650038342726 0.0
53.74089174388239 156.45037383708893 0.0
91.93042133748872 173.34751730952928 0.0
37.249135420880044 30.95333994805083 0.0
188.75451981072382 43.210129126527285 0.0
91.73509980921276 65.38450696010194 0.0
148.45011825399575 166.51381939337614 0.0
60.82080754774242 171.54590615985518 0.0
74.65945309696154 120.4733396626606 0.0
182.9993358801816 50.03435248490522 0.0
38.37450970694902 145.52727501402012 0.0
186.313757208051 47.09633379980491 0.0
33.803007315959086 65.75201786648029 0.0
29.105593580110224 186.77153936215836 0.0
78.30506188547481 157.49217545711022 0.0
37.571327121807684 96.49509425157707 0.0
179.892849697467 73.53775274801416 0.0
75.4358077679165 124.2115475250494 0.0
83.48111198191701 138.1862288563352 0.0
121.87168011529525 31.18636541208599 0.0
51.02151317183474 142.7854584081257 0.0
30.86435283155222 37.08353910549285 0.0
30.84920501607047 191.86118843731686 0.0
98.54219325096385 92.5107508248598 0.0
28.01531570729292 176.69076737631403 0.0
174.56213962752162 59.116283284491985 0.0
100.07434328688036 86.1923680975028 0.0
19.461044898857537 188.45475086459837 0.0
171.74074382245408 4.257017105850425 0.0
31.95351996023068 108.2214716803972 0.0
187.0243612569125 88.15835060769514 0.0
148.4772740513175 48.08819533232429 0.0
198.899622230343 74.43299074315345 0.0
51.85729168647821 67.25560271456305 0.0
34.258707965298264 116.63212592056782 0.0
16.780526362646686 181.9709310120984 0.0
165.84432078975067 23.60276178799312 0.0
166.8430267498833 133.6417720912722 0.0
173.05285722504036 37.464906757280225 0.0
21.25179154744714 86.80999888068538 0.0
79.94420598128151 167.2087724689879 0.0
168.8339809578894 1.1325463413113468 0.0
121.4896411114275 176.84383958603067 0.0
122.82630340594729 182.6485483275413 0.0
108.03463725772056 16.289526743423476 0.0
81.98785697997113 186.99523123409412 0.0
133.14869868523817 178.704943100276 0.0
51.899935422236254 20.86771860616019 0.0
101.47969313434785 169.71305605806336 0.0
164.88660636399513 67.9007075373678 0.0
40.92533098713358 181.98242525523557 0.0
77.81027363453587 151.28280490960938 0.0
7.379970582194284 182.88742106080667 0.0
24.06660314412119 37.79717722183666 0.0
190.51000938121564 143.47570650005716 0.0
49.42367439145312 86.61486031513597 0.0
185.45661427766004 63.72954598066216 0.0
170.92037930754339 51.0500060007846 0.0
108.0597582486934 182.11534645786335 0.0
63.859508064853166 52.61907632264828 0.0
100.14287307789036 96.67358181066912 0.0
4.001208499858255 64.12889950378487 0.0
196.59271424392918 70.40917039861722 0.0
170.38286504085738 62.15112750462595 0.0
107.4144311724124 145.50007861995613 0.0
48.761738667172 139.12374649607543 0.0
5.637024999279805 48.84980318783829 0.0
166.49697125320634 101.45275891726857 0.0
105.88976508682877 35.76719740223942 0.0
136.75800322810173 22.37028448630185 0.0
68.66546846715882 189.06486980320517 0.0
193.26657616944664 66.93788076659129 0.0
71.7317575977942 67.62524625730015 0.0
56.3499861418081 61.46689878246332 0.0
152.84688575027639 181.49116695962337 0.0
86.90349045872439 140.76036702289088 0.0
146.88183016588349 159.79574598076823 0.0
56.93000042975742 173.96376547306102 0.0
15.645836920689993 73.35395317608575 0.0
93.64567185221084 143.44487761158655 0.0
0.1578592182480465 175.49630240817157 0.0
38.71020303884589 31.00563896247155 0.0
12.801577148970832 132.73270503827146 0.0
4.960939567395295 51.86189044304681 0.0
30.747106595230633 31.0925278414812 0.0
110.1003849041786 69.2094721858022 0.0
152.2177343319122 64.49452722334618 0.0
20.106681534600245 120.82824949836122 0.0
33.62540118062953 38.258281453530564 0.0
44.707384431109865 194.0581567212063 0.0
38.29385855577539 53.87650592638102 0.0
93.07674655566223 96.61441076331982 0.0
196.43387504547135 180.4254188444754 0.0
19.98731242866969 88.09164692083739 0.0
1.2301009038609534 163.49821262636206 0.0
170.96683943953423 60.639729480462634 0.0
147.34444195115194 74.30439068112986 0.0
69.58185475759619 87.17666438133718 0.0
155.8363245657356 59.58567316318213 0.0
180.78956207092128 91.6369332585584 0.0
23.44528726913364 17.25686718230066 0.0
131.36993460241413 38.13630498956429 0.0
184.3768267807483 93.18797479091619 0.0
71.77045868983944 184.56712897972378 0.0
179.17766594153545 171.30164642456774 0.0
23.265915694160945 1.0207195324853702 0.0
87.9819641423531 12.1678038270298 0.0
70.1562515515783 114.56650443481928 0.0
4.355195583417415 184.53516181243265 0.0
128.7956686263355 109.300173715658 0.0
1.157944732490912 29.747189380834694 0.0
153.56651348624766 184.2060681569847 0.0
171.29690409819284 0.7477468495034723 0.0
24.481724804038297 151.26174649607765 0.0
13.92596487360651 25.389639982595934 0.0
1.9200961477230827 42.34556603220887 0.0
80.60532470521453 58.01695616335956 0.0
131.06872244970512 85.8908310127872 0.0
196.12205976579773 103.79997690881142 0.0
131.96746361362383 12.862952429466713 0.0
125.12084559690386 127.05922162017085 0.0
120.6204779838793 156.51883262158842 0.0
68.38877278098306 187.823061455881 0.0
172.4602665174144 21.540546978738597 0.0
41.583593713424236 90.12100688114816 0.0
61.51986783291539 115.51814040040188 0.0
14.39003205309417 171.0227572105885 0.0
86.98935256786322 59.38920854584442 0.0
69.53405538191942 11.190809272357182 0.0
133.40279288729835 123.32577706242844 0.0
178.78038532977936 5.722248573692346 0.0
1.5225113840470872 170.69173352832996 0.0
86.98376248214979 98.31318573101689 0.0
194.05747771769614 135.07690050120652 0.0
45.45989678800571 152.28709085771857 0.0
143.67314801101833 4.04675190680952 0.0
142.38720963264467 8.786093585287036 0.0
130.32035740092098 38.129378620434615 0.0
140.64592979473542 65.43214748792288 0.0
50.7311606925813 14.694353507975677 0.0
52.44630274699675 198.02275720333617 0.0
174.99978469140666 53.76077905577623 0.0
155.29306418076834 43.33373449321869 0.0
53.48731412384373 56.40471642356477 0.0
185.278586410804 62.85938256113288 0.0
21.858832742119795 166.3189581886126 0.0
31.392448004847573 15.328165068941257 0.0
92.88228690244114 151.21095066997918 0.0
198.4804923143562 80.08986668975915 0.0
20.68841865993165 193.1074733397872 0.0
6.68173551857274 93.97797714534157 0.0
176.51167099005468 75.26744840436422 0.0
151.6168219189005 191.00885534412674 0.0
184.50201266855487 158.28717092642913 0.0
62.29697240397898 167.28710677913784 0.0
32.018213661830174 49.11496719288617 0.0
62.66780840959567 132.7443182056372 0.0
190.88318051581453 84.07510741467394 0.0
67.89759638560284 56.84619940493505 0.0
164.4024709768417 70.63371231503537 0.0
27.96489213683502 67.16093982637017 0.0
9.517213467544462 162.52205601358895 0.0
168.79582637204274 17.68938881906541 0.0
174.2832094408066 78.96561628749413 0.0
75.14654416823493 108.1155656627982 0.0
37.93806521267202 121.14993326693946 0.0
9.621731908472775 5.643704640222191 0.0
44.13873234477699 187.68718440940583 0.0
168.6653600698197 197.8459403118517 0.0
77.52192005724015 45.73029268985904 0.0
39.0551651980344 187.95246941187793 0.0
149.5604391388077 75.51397785271521 0.0
37.377661681152375 33.27399368860966 0.0
131.75853275577495 173.48520917624734 0.0
190.15583108228725 22.95379393679542 0.0
2.549828596996151 72.81817909533757 0.0
143.74687519654137 193.00493759041385 0.0
58.8317016106515 19.99176837918344 0.0
80.82280389851402 84.59556926152534 0.0
183.89020495906294 132.24033953303376 0.0
164.19192778742146 65.80340603494008 0.0
160.54004350007168 53.07140283379228 0.0
128.91460418140343 57.56807731224427 0.0
171.62434697870017 121.67662740787841 0.0
0.11191170652917748 31.327909267605314 0.0
39.5893534891526 176.94537098123843 0.0
26.561267806544308 178.83558432715603 0.0
22.669385652811158 127.92282341069377 0.0
189.11827748048054 193.9048094938696 0.0
107.28782348298415 139.93757466968498 0.0
68.1994624287261 51.34804951762288 0.0
114.60014013105588 109.25630013895042 0.0
36.00577085870085 20.12312846494726 0.0
173.6752967779093 29.006009800776035 0.0
76.86209126305911 5.714317573597905 0.0
4.632156089709549 85.23722531692658 0.0
32.99342727937822 81.03139646260225 0.0
2.1179000251114077 64.38406208875742 0.0
123.25346141365239 35.61792595540911 0.0
112.83569755936492 102.01028307415562 0.0
188.76680722795234 149.71778575631686 0.0
160.3992279726461 157.61292620951707 0.0
82.14138974263616 182.7569030380471 0.0
186.61195586199526 61.388115936050845 0.0
135.8527549563715 155.05482301512737 0.0
150.33937034593745 146.2463915990984 0.0
120.5974620650665 97.08868655989076 0.0
153.46271025563107 151.99773264890516 0.0
135.8579429147839 142.38988053404827 0.0
47.97302328810162 68.50922698536786 0.0
62.61664431891318 148.16151311004842 0.0
19.084693511354867 70.77120817279253 0.0
152.10241432843816 41.96271840563735 0.0
136.31792554628578 91.19044416529351 0.0
24.647588155538138 113.31343641845592 0.0
117.81992235284132 73.06181218609208 0.0
9.179405642969328 95.83135051231228 0.0
62.764887157359354 154.05266864116737 0.0
166.5647834062662 118.52030879163131 0.0
72.49321767094008 139.6669445892261 0.0
108.97269852374798 44.08743345428208 0.0
103.12063144763606 44.03886931602141 0.0
52.61389241987451 157.67393561229147 0.0
70.66821169643238 199.03895921703602 0.0
22.662719057474966 21.142470660213043 0.0
164.33475237263434 62.557712114474185 0.0
166.8614649202024 166.07162846725424 0.0
114.35302383009108 192.96535706540047 0.0
128.2526681143713 162.8660591076987 0.0
7.941952877258385 99.12876141705074 0.0
177.68029238278592 73.89845771891447 0.0
150.186933605613 23.99933934443559 0.0
113.1459407522799 175.3574664303057 0.0
26.25092739716792 174.66880460502568 0.0
195.80165571401494 115.4834345550658 0.0
37.139219073509544 72.92218229237248 0.0
11.306015803017267 166.13169282257465 0.0
153.31102586951323 167.7005519160389 0.0
120.46574162299486 120.11084137596985 0.0
158.7515024925682 24.518580524644573 0.0
94.5301763403035 88.50141727845697 0.0
142.68801021973906 86.76491985230797 0.0
18.20142037484922 160.16802250983181 0.0
136.95473734430067 189.94619584474523 0.0
187.36818703531236 199.93592446003828 0.0
94.08017927343306 102.31820845621537 0.0
128.76668564762014 182.41081984291273 0.0
154.49223071105502 163.9807564768332 0.0
25.217299529983062 185.1783804395908 0.0
160.80601659772952 1.3953613235852869 0.0
142.78098643440526 98.12795790485711 0.0
42.97979480007106 105.41782890770399 0.0
125.12474014634122 44.90262364726283 0.0
20.194722157863577 178.32062015954412 0.0
45.580714459985195 57.985588327440496 0.0
143.63442612450595 178.9126207091506 0.0
88.82896910558445 100.69078413315142 0.0
138.91079868466355 124.74677913855648 0.0
71.82905470183863 87.33327586557313 0.0
197.70261655452146 146.53900656378906 0.0
107.57098627458545 117.11293174873687 0.0
115.24396572172515 32.3042897787706 0.0
165.41151761909512 107.75263440864885 0.0
173.61971412096926 147.34905688921768 0.0
88.2068608548594 191.6900499651483 0.0
30.395684006765244 171.1414916277219 0.0
189.14834428804602 20.629926463513716 0.0
187.9313886109344 153.21427767486318 0.0
70.1528360275703 113.52152848265793 0.0
190.79349014020792 157.63722095964474 0.0
178.85505387393096 178.5338002644726 0.0
127.0086392091823 39.22985135719499 0.0
52.69415467718468 141.35849370061507 0.0
93.46439588329471 74.56699976575207 0.0
186.28240361377496 20.179479481724407 0.0
26.587463299762824 56.963139501725536 0.0
2.188934855605784 1.9041448702438402 0.0
96.49867273817787 57.0041123720284 0.0
105.46698156616172 94.76061693654725 0.0
