4 335
5 122
6 554
7 865
8 510
9 726
13 515
15 363
18 961
21 20
23 433
22 540
25 697
24 709
27 653
29 822
28 991
31 164
34 385
32 967
33 820
38 585
39 915
36 229
37 696
41 616
47 63
44 342
45 810
49 564
48 464
53 525
52 249
56 148
63 331
61 790
68 621
69 31
64 825
67 291
77 485
78 588
72 87
73 639
93 774
95 771
91 131
90 263
102 236
100 551
110 844
111 977
109 864
106 748
119 502
118 524
115 942
114 645
113 873
127 575
137 714
138 943
131 366
133 910
132 783
152 426
154 6
156 750
157 635
144 93
145 638
147 794
151 858
170 760
169 154
168 798
175 174
173 109
163 869
162 800
167 80
165 656
185 146
189 671
176 726
183 870
181 811
204 588
207 264
206 865
200 11
203 637
202 360
197 665
199 770
198 616
192 646
220 991
221 773
223 789
216 845
217 827
218 903
219 500
213 14
215 917
209 584
210 773
239 230
238 184
236 151
233 302
232 71
231 2
230 575
229 383
225 160
224 297
253 924
250 625
247 786
242 8
241 329
275 629
274 856
273 622
279 200
276 434
283 361
280 888
285 661
284 238
262 878
263 444
261 975
264 221
265 706
270 374
271 515
268 416
269 467
307 296
311 222
317 828
316 540
319 522
292 119
294 347
296 908
301 834
302 680
303 576
343 767
342 437
339 559
336 100
347 910
346 235
344 333
326 29
325 245
322 72
323 9
321 734
334 370
335 606
332 186
333 962
328 469
373 840
372 296
368 666
371 792
370 802
381 222
377 774
376 532
357 812
358 470
359 368
352 285
353 869
354 224
355 548
364 843
366 100
367 377
360 171
361 759
413 82
402 268
407 63
405 790
394 476
393 623
392 153
398 277
397 868
386 29
385 990
391 121
389 838
444 467
446 400
432 777
433 96
434 777
435 705
437 331
438 459
425 736
427 778
426 903
429 135
431 218
430 153
417 572
416 418
418 810
421 793
420 21
479 864
476 833
477 195
474 856
473 703
468 434
466 827
467 931
465 842
463 651
462 261
458 443
456 813
455 928
452 998
450 906
449 288
448 246
500 695
498 652
492 620
495 672
494 236
490 750
484 370
487 906
486 475
481 380
482 931
