116.57120785049213 156.17478026864836 0.0
70.37714003007727 126.13270381872634 0.0
120.3660113076745 150.71384756898334 0.0
33.98628814668483 148.18686006318904 0.0
136.49358693532406 156.6627806882235 0.0
113.84096534692843 137.80771458519678 0.0
130.01699882351505 102.78601697337359 0.0
157.4401471802122 51.94291567418372 0.0
91.66268713603196 18.143190469519087 0.0
178.278771978535 152.98146540378926 0.0
61.3896206281058 181.40239487986702 0.0
113.1991990706562 87.87358216939505 0.0
20.366844406027873 178.5230944830163 0.0
184.82404484207123 109.09496409978242 0.0
198.19170858755206 176.8225697108872 0.0
126.15652846339364 172.12946434760948 0.0
101.75136548932056 178.3226425194935 0.0
187.12990175334156 127.15210529446401 0.0
187.95037026623658 176.40625801201026 0.0
61.832700609953676 111.85211501548117 0.0
174.5977284623784 7.196198691241262 0.0
50.33198113718951 147.84349243358022 0.0
112.06678546773239 60.701166637051564 0.0
100.46195689978614 44.86843784961982 0.0
122.91185042008735 96.6571742236545 0.0
62.64075817457413 25.00674547616477 0.0
157.4457498969464 196.12505294434155 0.0
134.72342241394603 193.36216178604855 0.0
10.352668452456658 172.2876721578125 0.0
74.0944470573209 102.20442518579922 0.0
196.7311543481471 162.5232922013823 0.0
110.64857742154655 182.30357338590736 0.0
95.53232252703489 28.714272905277415 0.0
7.0038593631032375 148.2009113474364 0.0
34.17866307439339 3.8831816738631453 0.0
181.23625442558898 23.418831462018975 0.0
110.21917599287599 140.63116517164437 0.0
32.62038367224307 177.1194716500825 0.0
124.19686467963669 140.48622652123345 0.0
192.30642310983438 115.48008468786402 0.0
32.47490122625669 73.15191095693798 0.0
158.55832679878355 129.06071401720666 0.0
19.58813087680724 130.77967422771445 0.0
70.12394879740289 61.69762259626634 0.0
36.756897426424274 104.77105063950522 0.0
21.502956101008543 36.96375896295334 0.0
56.52041622002157 121.24852033920625 0.0
130.32367766984964 154.99532688293527 0.0
153.0173172554072 126.21683536138278 0.0
129.73540724793992 155.49130836474907 0.0
33.26127438735706 72.56928948787487 0.0
177.66798816380302 31.95069961576533 0.0
16.829878433084723 128.47633593515636 0.0
50.005726871529575 177.71990103677894 0.0
89.705340513608 100.3267354987207 0.0
116.1681573235655 46.180659269118074 0.0
142.57580999723783 43.274121612975016 0.0
83.28532922001853 115.41659258968573 0.0
44.72650299540491 118.57487035815848 0.0
39.10071281920216 161.9544005554962 0.0
1.7200840078032797 149.2858458545885 0.0
23.930087068347937 68.68331866852844 0.0
98.38605152101442 24.52340474414911 0.0
18.45006725445233 18.81457900929202 0.0
38.20926899400852 107.36793690541919 0.0
46.78531960981724 160.7501537223785 0.0
56.02800537569219 112.63096072408058 0.0
63.308684450143595 67.98799857584743 0.0
3.0221842358150175 138.0846245232923 0.0
16.76392887731253 163.69880337374568 0.0
81.29292516618301 56.386277900738605 0.0
166.76598343036127 131.36713021573223 0.0
39.90465094521303 104.81361540377685 0.0
165.42892804679104 190.89745760459243 0.0
35.08142840651822 46.05864099222898 0.0
10.81730579297362 183.84369491177483 0.0
4.319571592859073 115.71160840962635 0.0
129.111602740532 81.92836219863864 0.0
107.4986450534794 120.69879930002445 0.0
148.82410003770235 9.775509448649643 0.0
147.64360513339304 107.82092788160018 0.0
193.09658295551026 155.7892997317086 0.0
99.81088260770967 182.67164032366856 0.0
135.0566887664737 34.367907328709535 0.0
148.64164404295258 126.5985331913805 0.0
36.40506524428713 58.15026155389971 0.0
163.44577412174544 33.00182390131625 0.0
120.85073209610448 80.75096448630626 0.0
124.25040115535609 64.14862469933735 0.0
121.70739273831697 78.44651248613826 0.0
53.067108695491804 15.813682348011614 0.0
86.90877853003236 53.533754247435716 0.0
101.70231966105325 69.44011470866869 0.0
124.8963354590764 162.5893758685008 0.0
0.7556133300659074 110.14659744123006 0.0
131.27803898088655 199.61693123240934 0.0
84.02105614078559 93.79023275250064 0.0
48.85220549122451 97.0758974694995 0.0
168.32697363738313 157.4271075715217 0.0
82.53571111561516 47.04483437571723 0.0
90.91982301374553 84.8954548293204 0.0
115.93117181494337 190.27874122568372 0.0
84.81827435955893 162.87900508161525 0.0
157.71305080972607 172.67841621136475 0.0
7.133758315790417 192.6910899983196 0.0
183.70791980247927 26.69743806785323 0.0
126.17417550770746 59.15270244379287 0.0
34.48945976782915 199.47021392982282 0.0
120.2177060450473 0.3207005389763262 0.0
78.50400080452486 119.95238401660309 0.0
144.1640274259517 170.45502746111524 0.0
157.18787997435211 74.12262018104126 0.0
79.84049601431073 43.49664587308553 0.0
91.2330332227401 140.30272221454032 0.0
1.5612003570911748 65.46082001962354 0.0
146.1026612136053 125.9107093628005 0.0
60.607119858614666 131.53298456809475 0.0
130.09409304347113 42.46940225988016 0.0
20.615878009341216 137.28747120558708 0.0
29.691238516668083 57.45084607641322 0.0
160.43995919260564 33.3319933275168 0.0
74.6444507586169 69.54467518840038 0.0
1.852538546526139 98.8137251608596 0.0
69.16077832369096 68.19638066288233 0.0
116.55034782715761 141.60555963901754 0.0
125.7830030795156 58.76926531439668 0.0
120.22341571450765 31.623963466567528 0.0
194.98116449175674 161.4416093276953 0.0
71.03171493693858 178.61266675281556 0.0
196.17554891921992 124.95847280726964 0.0
55.64914713495317 76.85921047180604 0.0
124.85543674329588 135.61530823770974 0.0
168.10557469709227 56.69424405226917 0.0
35.65325357868474 47.3584169219478 0.0
164.97789800887756 106.25616429418562 0.0
82.67903629392137 10.645044430284178 0.0
15.051575008074058 56.88666556428057 0.0
36.11547594421065 135.71376167662802 0.0
152.39416875117885 161.65542783391132 0.0
88.01906215176164 90.17357738845699 0.0
88.85291105993971 138.8950638731479 0.0
110.46825643806697 1.3280608803482474 0.0
145.30858522941406 101.26025197881832 0.0
35.64479596960941 110.40851686942479 0.0
20.58827016152671 45.707779438398546 0.0
90.12970162439868 108.89808665561537 0.0
132.7598786379198 140.92700855541364 0.0
34.640742155332305 176.38656127093617 0.0
139.60167468058705 116.13318261569168 0.0
135.63349913734748 34.9032709080229 0.0
173.36033430901446 28.768650069050516 0.0
126.63345453290789 36.43352533621904 0.0
109.48134332671202 168.54009152377557 0.0
104.86184204685935 8.33161941773255 0.0
29.815923942966815 41.35241700165337 0.0
152.66335304616194 95.6014203872972 0.0
137.87891825159826 69.08306328972309 0.0
73.4389858982957 159.52328313905093 0.0
137.05242887067405 39.77301245721689 0.0
188.23283607024328 18.86383612044902 0.0
92.20028399673994 47.69379522647596 0.0
51.81670413027517 152.91306442658924 0.0
60.97874945922514 73.88254217639951 0.0
16.06190821419098 24.850867782154793 0.0
103.19918718229724 75.11989112317924 0.0
193.58289937953475 129.4530859876041 0.0
54.918674001621405 72.9584352400872 0.0
156.0825680848667 20.90485415056267 0.0
88.50496194338055 64.29223069245292 0.0
39.524590183636455 134.49689282842695 0.0
170.74235435489405 11.09057344778992 0.0
22.20321612874303 180.23816865070373 0.0
78.1155685173841 109.30222268705596 0.0
191.97655294205083 56.9262343660899 0.0
31.72873931614919 185.56895048899102 0.0
25.374337452633533 11.974279854654068 0.0
73.88724551826039 25.270157378348035 0.0
63.9868580179529 155.30176568061717 0.0
24.190217471128705 96.55306356133799 0.0
92.48670632881029 24.85340863149339 0.0
25.051949028698118 102.38591953749474 0.0
197.83055450928757 96.81892849013427 0.0
114.89072199493282 66.304258716015 0.0
120.63335685478147 135.3839609453549 0.0
151.7939192792305 37.40332380542088 0.0
97.4027321406276 84.85024337368401 0.0
151.28852976798376 186.26234136266214 0.0
136.266573923756 21.22100545188723 0.0
98.91654655512035 55.869305280251936 0.0
169.0222550375159 100.8553229977337 0.0
151.63502069792128 30.247683644994837 0.0
178.78114152548665 70.55306280827489 0.0
51.630833886681195 88.36923763906066 0.0
15.177355601680699 136.43973207301758 0.0
141.96065196225143 22.07005220263696 0.0
178.05514276665386 28.278456475627102 0.0
195.4966892586422 114.0695862906851 0.0
175.74441454125335 141.3441125761758 0.0
146.97939071069712 195.82542528322446 0.0
145.47948455548914 89.75243381435409 0.0
152.5482987006159 34.83921507003451 0.0
61.21109888310006 63.14467463086007 0.0
191.94283162986582 137.1620569929639 0.0
48.00748455316701 42.88636536586916 0.0
75.63483236578661 93.23051075728243 0.0
72.43514974872676 4.44636280429036 0.0
22.4753010237118 143.79702933749556 0.0
184.75570376747757 109.38023857181545 0.0
133.00773644999404 97.6016692643369 0.0
151.4701064598094 173.3499963993768 0.0
99.42115444089836 93.56452450927284 0.0
135.68728937561892 185.86968974916346 0.0
165.1858436868209 167.66129138070983 0.0
57.98910229261658 152.97454001643092 0.0
75.73552032870585 158.27711022737057 0.0
1.9091348312589185 35.76885166713848 0.0
146.12958656329758 163.71665129268558 0.0
115.83812126538884 65.81581935585734 0.0
12.449772740512621 151.68126015512166 0.0
107.11398624213943 32.59025011351184 0.0
130.75552065985795 12.906769376632909 0.0
24.24986766921875 58.722893670147116 0.0
40.742948323591996 149.78834110673418 0.0
179.69888700999059 105.52298954331141 0.0
20.82244970974092 195.70164502977985 0.0
178.249531928252 184.27339238598253 0.0
27.150362302046215 71.86235612351261 0.0
85.09109716960903 188.0505014306208 0.0
131.2203672320519 105.9488272328955 0.0
192.78369837706876 4.3289781309430175 0.0
48.94070573684552 160.34567066048822 0.0
27.81281534387514 120.3890909461748 0.0
188.6934929226335 47.74860559250848 0.0
175.1036681102531 91.55229285945397 0.0
136.69282662372942 148.0039945728041 0.0
192.81588594516194 6.528530249445619 0.0
45.02862610754068 82.43906363209904 0.0
139.93440821933834 54.666509079332684 0.0
191.10347860105418 150.5718128699894 0.0
45.61779420793704 76.65595934990202 0.0
36.74009593338556 188.9722487676881 0.0
11.960387161091868 163.2388741660118 0.0
31.05727112078227 173.17959008153275 0.0
160.77019277777168 155.74432047439407 0.0
173.2825380499279 50.96269626691241 0.0
110.15957760778439 97.76940105823306 0.0
179.99009144365294 168.84396057339828 0.0
98.19118048517119 89.0866360691775 0.0
185.82275510743435 33.68958695898294 0.0
58.516843310039526 0.8659666624214246 0.0
47.5772099599872 37.30212386065021 0.0
96.89258448002118 125.55726547644717 0.0
118.60189529453085 164.33374172194425 0.0
117.64796897116751 55.28713070195741 0.0
13.777364529140957 2.4717779552354546 0.0
5.633572153309174 109.38155025167322 0.0
194.91923455127818 178.7307399652135 0.0
181.8655779757847 64.63382457984848 0.0
172.26403682917572 56.81775167956058 0.0
120.03170544111627 181.19492206684922 0.0
139.76878327214902 147.92141430764855 0.0
136.21821336290023 162.47127514508153 0.0
140.27519107778636 10.906631732010341 0.0
45.662816091602586 139.1728906165261 0.0
191.15996290050202 47.7809475743626 0.0
118.03380155429724 25.66231144104163 0.0
191.9127253689583 136.4306542135207 0.0
156.68089644636825 61.013016764179426 0.0
82.1536313437595 85.00781686195424 0.0
77.49875187664837 17.693358231517276 0.0
21.922868733490787 40.98205060310902 0.0
69.48922487448834 37.55024215218465 0.0
125.64468323937506 42.753886791292814 0.0
81.80396354225729 137.77436422045835 0.0
96.98879949983277 62.85915216414482 0.0
0.9940679320998624 118.78672074608276 0.0
183.92247568859108 159.1768296423024 0.0
57.38899163674962 101.49390170578097 0.0
1.5667016720902982 124.18547406170268 0.0
130.9720904689875 23.117486283508136 0.0
155.04035764213677 102.19619684162606 0.0
114.81556182221821 128.8106840932694 0.0
35.296545332465115 30.623039959413468 0.0
138.08282916609164 10.53315027229267 0.0
58.025492460106044 53.73430012610398 0.0
50.80177322099786 65.16276334284359 0.0
169.01882417626086 55.96121158952185 0.0
129.0574218201469 170.5809123540544 0.0
48.960315905158346 166.72327602677944 0.0
71.94818067868991 111.47567612498388 0.0
116.42848105241954 99.86221402910978 0.0
30.59484206112908 25.86511791091923 0.0
149.96676693721855 108.15943984230196 0.0
34.68701987569005 88.85070390203389 0.0
128.39730975202173 157.04469419188328 0.0
163.49693761696344 1.8686164194782418 0.0
123.12465294032775 51.486322117950635 0.0
145.98582162013614 13.714654292972273 0.0
166.99605050666756 86.18649581790177 0.0
168.57344283501905 163.87616288020953 0.0
171.35531506202742 131.58750124972835 0.0
119.33668624210974 9.21220823696849 0.0
166.2474748897531 116.82793035611827 0.0
103.84831274867288 71.7811322177442 0.0
198.30188526047175 25.670620759401075 0.0
30.562442070266815 28.622295448609925 0.0
136.6416135075656 182.55677023547761 0.0
182.5985240664943 53.55678749009001 0.0
9.237373755339927 173.32369144888798 0.0
167.97094251945362 116.57955907139272 0.0
120.44450412959871 18.75625435025363 0.0
71.75667696128944 48.173319648127276 0.0
85.0318442050725 199.025086351386 0.0
21.388771964083 183.88231986829936 0.0
54.83162705605687 13.197309903630593 0.0
120.20862797317425 18.741981639877658 0.0
11.209913816387672 150.38833911844725 0.0
4.605586613620938 121.66815301011972 0.0
49.8772697713824 47.75628192532626 0.0
136.51734932311678 186.66749138749273 0.0
94.12983421848537 15.423068823775221 0.0
155.76035907484254 130.73844756720337 0.0
38.431138183502945 19.539390998538654 0.0
185.60435074936203 187.58998917856013 0.0
146.31541563986917 32.09330722584585 0.0
110.20075132709077 191.81309007750593 0.0
4.9134103040328725 179.6951672986471 0.0
123.9198397916702 99.89780893629283 0.0
72.9720248882194 153.4543681858374 0.0
90.34689522601059 52.49660504371467 0.0
50.05947665343653 78.19615151440654 0.0
42.632928323575634 146.59229377590307 0.0
141.71790327997098 81.64965598238152 0.0
107.09081867303625 156.73697270847003 0.0
198.6456869260251 152.87105263953757 0.0
38.37308360933884 121.28590786114573 0.0
67.56210505548641 134.0485358283409 0.0
17.26275335273739 192.55834818199173 0.0
107.22723245985341 50.96868151765746 0.0
181.0541272154507 39.1149003003068 0.0
95.16021450962597 54.80657541427598 0.0
131.6956024084368 183.84899316820963 0.0
78.91955706207834 21.534821816247618 0.0
198.31195770161958 163.34778650666692 0.0
110.37918856720654 135.12942830530116 0.0
118.41879948785665 101.9855892294112 0.0
42.25444510635485 166.88339158527452 0.0
46.0873495949319 8.470838687722338 0.0
63.20251730582067 55.52153837589087 0.0
195.5127943158397 23.07526022678359 0.0
1.1420349115678352 191.44306154650732 0.0
184.88499116107224 170.53193582481194 0.0
34.00695527819217 113.30098528316816 0.0
58.15546030089433 106.59651609022885 0.0
112.97010152368712 136.260607273227 0.0
31.240019598978176 85.5239126533689 0.0
125.24210405339116 148.66170529753194 0.0
34.39162804017168 121.22035465774772 0.0
1.871745151334947 37.44228806624099 0.0
103.9233905164011 66.58873565370362 0.0
10.544058595949203 132.56427487082152 0.0
14.157017877882506 93.59281271392481 0.0
164.19281596580865 96.81441792718842 0.0
34.41718981102109 20.823730499155246 0.0
23.31439939231381 29.73661494051223 0.0
146.08781561489653 105.86016273467484 0.0
173.19028453183677 3.0844527274889177 0.0
61.191271008186355 96.47108317327397 0.0
116.79576827565705 0.06577503793447903 0.0
146.64716005418381 117.71808372068622 0.0
39.992812583890355 91.7837962268232 0.0
77.31239919561474 161.27194202088364 0.0
77.67524876371638 51.6620851635524 0.0
116.09973730600937 138.765947492425 0.0
137.8548064300166 82.27362966798843 0.0
150.9171430450975 62.766272909229585 0.0
25.24687677753368 108.87693433507452 0.0
5.865811632300755 126.9475801215742 0.0
146.7351376625593 180.0949363095782 0.0
88.07981974117993 71.31977539255104 0.0
78.16443848077756 108.55538479527853 0.0
131.78586540235838 38.859668183977746 0.0
125.23185369086897 182.94403605414317 0.0
57.60667619233033 156.65912977545702 0.0
120.81586173600496 187.8049418800828 0.0
177.8271675085157 107.70911437466708 0.0
66.90410300850147 78.55486560827514 0.0
147.28761283468882 198.6967622690392 0.0
51.35046371579224 76.56163935991529 0.0
184.76344728426716 74.70055240317576 0.0
148.01245912920933 72.76922247472282 0.0
171.13666767657742 83.42641154614545 0.0
143.3902523866143 58.23478558688673 0.0
68.35900668451575 149.63528845681682 0.0
123.70902456641737 36.07628718913662 0.0
97.1525326211925 84.67077478683144 0.0
3.456566755144319 111.71151983000533 0.0
61.58843733964587 126.50292534372731 0.0
179.70845259688676 6.90258100678951 0.0
115.13030928484827 182.46242264309785 0.0
56.143311709381294 98.0025315815207 0.0
125.42325885179595 129.84691425161392 0.0
196.47117132571123 39.93370772454228 0.0
14.055822541791695 18.8392805854404 0.0
139.0680052890519 104.81012052884057 0.0
22.71668517817098 117.68527086249408 0.0
32.93008935438158 137.74905621490964 0.0
188.61367368098416 41.835912253920384 0.0
39.63192849036543 112.29986801872171 0.0
199.71779523663525 116.76773205180464 0.0
86.79198263244257 54.050760203431516 0.0
44.34032309366343 38.45184416175318 0.0
55.620582028523046 193.35716774363556 0.0
69.74634587086332 15.950564580199412 0.0
38.44486116598846 6.768129119108646 0.0
20.953448452074362 107.3782016467942 0.0
111.67575655433704 111.60989988805557 0.0
143.5594869190121 193.47034223954188 0.0
135.5025226141017 189.31883313806205 0.0
103.38882508481504 172.26389094857112 0.0
13.670407337316458 30.498414508180225 0.0
100.9415971516831 103.8978387864218 0.0
25.017583995900395 18.308057740291495 0.0
140.075949177212 186.3025779347318 0.0
73.01762948076242 96.67418735899255 0.0
148.04852913534353 0.5534112392307389 0.0
190.39420598987974 105.94690940957632 0.0
137.98372053762927 28.921717726067044 0.0
182.94494703297053 111.00830053112585 0.0
55.03753096080719 19.165004480847436 0.0
100.03176379531 195.47132504929687 0.0
153.96735042382866 145.35491405618336 0.0
78.76520460950334 150.4910380957456 0.0
118.51398239121625 98.55011747029793 0.0
24.730755033298223 147.84266988667213 0.0
51.94783948249162 29.878759796972698 0.0
164.17527638074696 54.30387577978837 0.0
143.32636685108466 64.10293204089832 0.0
130.8921405427479 118.01139415736512 0.0
45.45517788497562 103.49557010628921 0.0
135.61386464843665 137.34504311105812 0.0
188.24057359747698 49.867850710930114 0.0
106.5414070587074 109.02486032726179 0.0
195.0665933409057 186.84308065282545 0.0
86.70961925664318 144.48997728865604 0.0
70.02486953849704 84.98075922329701 0.0
27.20856401961862 142.26069177186568 0.0
80.27106016743491 19.112514924017464 0.0
24.850860491717587 108.86787553045096 0.0
70.47677064072676 120.2591514617361 0.0
18.69538584269881 132.0668753695195 0.0
115.29133102078102 123.75615118650005 0.0
181.90811436494457 27.435624919930724 0.0
140.9230346716163 20.722481633864763 0.0
123.76106572036696 3.0898035260065404 0.0
28.39472979984783 171.76572008925135 0.0
151.1407295213566 117.13032991518695 0.0
148.72407823415566 99.82391862153904 0.0
29.757611648457562 38.5716207070782 0.0
74.22396583842168 43.30284841556751 0.0
132.31884576322008 64.8817031313284 0.0
160.31401152762248 21.17476457079206 0.0
164.2461879920359 97.89798698077018 0.0
198.67924216842243 38.46278907692269 0.0
17.091925317117273 134.76559767360422 0.0
5.3075893213882175 143.5428392816993 0.0
115.62566028386783 191.6776340768665 0.0
25.882838994545644 137.9527258705453 0.0
96.63512130348326 45.57986169591306 0.0
16.205290947086603 34.906004553587586 0.0
185.80459573519025 152.63488159967073 0.0
186.75749731683854 64.46584988039834 0.0
23.604734770657053 182.12383667534732 0.0
88.22780842461707 131.3421136546574 0.0
131.94798162418363 190.59640694505654 0.0
158.74983301537924 145.53251243467164 0.0
110.43399153893867 153.46269944895766 0.0
53.8111510569389 166.53667183014454 0.0
4.329891690050935 169.85348871202152 0.0
36.22997073303473 28.629667890751854 0.0
96.00041554868544 161.45794119118082 0.0
16.293691802728283 47.689375298917255 0.0
37.323361207988135 97.18100672890316 0.0
101.09875751056896 149.32987390787432 0.0
162.69602548759065 92.84517592753548 0.0
137.32631160778996 103.6008757473954 0.0
0.5587172642277816 158.79440805366852 0.0
113.13369931647755 103.27106694877142 0.0
35.93160903943626 98.140594114771 0.0
22.53696551417943 80.72091243871427 0.0
67.28162937678977 94.52593249924892 0.0
89.60495509384612 122.72842984435357 0.0
48.10634176259831 70.65726431388649 0.0
99.9808818622239 112.939178317529 0.0
106.94208972821735 147.50130853344768 0.0
193.69255083811828 108.56952594936955 0.0
99.07397662838966 88.91254335190828 0.0
35.907672210798204 140.90008159989134 0.0
159.04562540883538 77.5982086340434 0.0
1.236173660044404 118.37400629226977 0.0
95.13687569786768 135.70787399476612 0.0
82.3765468997668 106.62267833151218 0.0
95.29797726878331 176.96766451780456 0.0
65.34868897618735 61.49909255942574 0.0
98.59911443754015 57.162157511465765 0.0
101.25098391540494 99.20704916254984 0.0
127.07442111748936 75.89974473508272 0.0
148.42469160742502 1.8721467872770292 0.0
69.90991376131865 174.9800293257302 0.0
59.103984887950325 77.4083287670126 0.0
65.2451491531214 177.31471740044134 0.0
141.0753397260697 119.29150527058547 0.0
134.4286884136824 15.2362147044947 0.0
37.56525843151684 44.85970138805067 0.0
89.38776070081067 8.160939456227911 0.0
137.52067663379984 30.016883090019487 0.0
155.84286694362132 66.9572703276859 0.0
53.64155555260523 3.725509842464736 0.0
33.418272691603136 26.000732492448208 0.0
186.97076530694648 17.430575941079773 0.0
48.26984788024318 133.78193190203746 0.0
34.54135279617918 62.565855540700134 0.0
44.6717987987149 69.06552377275364 0.0
90.52680939889122 173.55071649375805 0.0
109.07428163228505 91.98132448954071 0.0
141.53523749564317 124.19383536553707 0.0
123.46422272642744 88.06144841490782 0.0
63.13353944251827 102.177831336449 0.0
104.43187731952399 118.1202750847928 0.0
87.38315652302069 29.306716969824077 0.0
100.16604586063762 48.00668690519452 0.0
130.11415566165115 84.45591848060437 0.0
89.67114012516471 99.64101838451049 0.0
141.85980094928195 81.67226837192285 0.0
56.8197005037278 138.3818218119842 0.0
177.81900331640404 57.62938833719717 0.0
196.42408489523893 191.65047716894438 0.0
169.90942063145476 130.6515568202564 0.0
50.3315848986925 79.87439996107051 0.0
27.919282422191216 7.776994264169423 0.0
68.6173658467651 133.19245145182882 0.0
96.96124725915219 36.839386612029365 0.0
44.27004420996199 165.99900628973555 0.0
154.87703482255048 27.30410602674398 0.0
79.33495006708904 186.28586056569932 0.0
45.93681838703385 196.6036714660026 0.0
6.300546215278824 127.87404905320024 0.0
116.12262849913644 137.97448952267723 0.0
110.58361522373032 11.010409592115678 0.0
40.48047486315096 51.304996071009754 0.0
178.28933697082806 160.4365700509995 0.0
14.471037233336714 30.262950584681427 0.0
127.99254668865036 39.92083473443535 0.0
18.944224341911475 156.9775804537113 0.0
176.10679987200348 98.37626017542883 0.0
162.30812209182207 119.8099629987256 0.0
32.47827724336361 165.0710230467537 0.0
153.6582388212669 40.25294202040932 0.0
26.161742277249765 180.06998649902124 0.0
167.07818453827642 171.75964600102515 0.0
120.90617155311878 0.9292311521127417 0.0
120.01829661203107 116.307470406534 0.0
95.69793891560703 87.79803653517573 0.0
107.60404979768232 193.76226652672494 0.0
137.77978351318984 36.46569687347871 0.0
9.921304058597391 194.6151816764194 0.0
123.88408024947599 2.523360556921528 0.0
120.7709070620409 148.4225465364671 0.0
149.98925438283294 39.6938192367591 0.0
34.08027447419044 148.28689233895358 0.0
10.728474384739561 61.51506976200385 0.0
168.10517559471393 85.97504457116447 0.0
126.65009918145857 127.94625888388727 0.0
7.749895139569962 172.77709015253257 0.0
70.84967305150074 57.09739517335335 0.0
1.7796426937768173 147.96778010246138 0.0
156.06350604920817 167.1671000825745 0.0
64.39403449634928 109.73970493200144 0.0
109.13431213304423 64.80539039509883 0.0
199.57611127913185 142.73549648907297 0.0
81.82952733892202 13.501398058552173 0.0
91.82636657744561 161.8140637815921 0.0
125.31343114359714 139.22863824748194 0.0
188.33683137597663 43.4436312687051 0.0
190.14431843412675 160.46334969445067 0.0
35.35539775059915 174.12228016014012 0.0
104.48845931448376 65.82418032584042 0.0
25.435939848332033 9.484400026558193 0.0
30.312718123411074 4.964305522893975 0.0
62.465142852936076 108.25931202875951 0.0
0.6381967642430597 6.97993993783097 0.0
157.80216626394704 182.00616240789788 0.0
100.50741742289988 195.48191619225267 0.0
33.56268661867994 184.5569489180697 0.0
70.1379858628845 130.60989769719413 0.0
28.024075437884967 154.35734687559278 0.0
180.80594660220325 175.6516149413568 0.0
173.32389386926454 18.40295273434087 0.0
162.32232825016092 159.56221125207776 0.0
47.06906430297255 68.22613407254099 0.0
145.53675859798923 86.56174863312131 0.0
87.16852671969417 126.39668515734219 0.0
24.12223947558165 30.121632303536373 0.0
103.14738812476554 136.257266286969 0.0
136.96563410020747 41.03354547234026 0.0
117.39597713610787 28.122322769620855 0.0
125.80853264505205 97.8873661986245 0.0
26.25244115979242 41.927091983441315 0.0
32.353679044532925 33.16720364539594 0.0
83.51291929199355 19.321080686847548 0.0
164.87231261104927 179.30769596126157 0.0
77.90857422531015 117.45819054582243 0.0
186.41813830594046 196.4353441414359 0.0
101.28410048882108 142.24354731907238 0.0
55.0739540476068 167.1525801202801 0.0
185.65767278921834 50.554789013041976 0.0
81.22730377755967 173.60506877939662 0.0
25.037525914708738 128.96350781915956 0.0
57.69174808947071 8.205488083306477 0.0
91.81576463732002 120.7402488986795 0.0
165.56076298146291 11.769915874258396 0.0
107.75527537840127 143.43437523952204 0.0
162.0015281296024 81.45574649087854 0.0
36.03087625622692 16.077809543244737 0.0
15.766193379846193 45.77286665005915 0.0
123.48124156484471 198.0695965226115 0.0
72.01850564799055 65.07259026399194 0.0
41.17341741991092 131.05593910586106 0.0
0.1440424105710214 83.30177678943893 0.0
46.57698473626921 170.62823132243952 0.0
6.5325476897930335 30.442229032382564 0.0
122.09036527226334 96.41943941109162 0.0
78.89123434053388 54.938390697590435 0.0
32.35699491518058 197.1869173006248 0.0
169.46817603960326 151.54913308754968 0.0
186.7544096744901 141.72763340587431 0.0
21.635260352108965 142.44220707214285 0.0
93.63460862723613 66.97956443550557 0.0
197.60050927904894 67.98281527515633 0.0
49.33942498702035 141.42082763590554 0.0
174.58980338694334 48.55049491788663 0.0
117.70980418518049 94.8859308930519 0.0
142.65843820533033 189.85137108534062 0.0
24.753422604175988 45.176344223766975 0.0
159.36323181060843 121.57564664147864 0.0
118.33013600286154 197.35040362660692 0.0
194.8462125845389 82.88296245849062 0.0
24.160294276982942 43.33534605057465 0.0
135.45115961598708 98.08113905282983 0.0
67.15609003503116 147.51218244779125 0.0
4.814781871427387 121.99657760047444 0.0
121.02155865690023 68.18171833100575 0.0
108.44432825274524 76.91739172632721 0.0
99.26205675695788 35.328165403626265 0.0
111.11407233982051 51.62326573592324 0.0
7.189404704571123 81.85424071429537 0.0
15.983101678083278 187.8986847701148 0.0
137.2042201708327 8.469747613254984 0.0
30.157461298950892 141.0591150185658 0.0
8.582213103932968 51.673314591174744 0.0
173.48974775972962 68.40249549204383 0.0
28.186569683809147 19.774770304555457 0.0
15.729733657921674 73.13119487895365 0.0
179.97388359846119 163.66350507131702 0.0
111.70985574089994 111.17241154016773 0.0
138.85632589407737 157.03594396273465 0.0
145.0697144583549 154.4577951035692 0.0
48.42817472185823 75.05310419673367 0.0
88.0940375662107 96.60593083256093 0.0
2.2600065013229864 180.90691825620414 0.0
38.558893929865555 85.58407116694633 0.0
24.909295923111465 56.532024029519626 0.0
4.051240426529024 72.80834608747186 0.0
61.491362283210236 146.70726751752952 0.0
170.04721931691145 179.2744981462538 0.0
153.6000256134566 125.04922468927377 0.0
110.1048823967399 196.69401681800838 0.0
4.562509192019348 35.90768812439287 0.0
174.84738940316743 165.2432829731062 0.0
118.45862940784104 117.93095468615455 0.0
130.98305954825892 99.41626385526949 0.0
35.02940455669137 173.07658268104393 0.0
12.428815551161687 169.6040106921825 0.0
76.54574032971513 109.10101309524592 0.0
92.67411538642621 189.40708048564457 0.0
72.90298301359788 54.06934969692212 0.0
90.84255687111677 107.31978922035825 0.0
137.65255720813195 18.184360092024775 0.0
183.4787569196156 156.30801596559968 0.0
130.37720296930075 61.24158197513066 0.0
109.90846039195795 175.93513102302808 0.0
159.7615483679578 113.27523324054167 0.0
31.0900126805441 189.07336738514363 0.0
156.9052313017681 191.46744025338083 0.0
30.19577361529624 188.8708227902804 0.0
179.87091700439413 158.1510975442213 0.0
27.732301943234063 71.52704011364133 0.0
98.15500667249945 172.74447832577775 0.0
24.828437973607475 136.56302599994828 0.0
49.71408239783819 4.713614963101231 0.0
185.39079273693955 168.6542172695161 0.0
163.37544640892852 195.1660923107499 0.0
121.1463529251561 13.72788478217284 0.0
95.90545571202513 81.43794799637053 0.0
53.1623670743214 166.9091760957663 0.0
145.70459544408564 132.04295523011257 0.0
89.25384155862675 1.03283777890395 0.0
74.04370641695009 78.61158750437436 0.0
78.75941122831782 81.8204646985276 0.0
89.95084667232172 176.954584232594 0.0
184.4865880685034 139.455962567038 0.0
136.30382639171933 181.14400297766983 0.0
46.197703281395206 96.17468613352347 0.0
52.378613164461285 72.51235841344585 0.0
0.828258602648857 85.61452698687573 0.0
182.04917731801598 49.72831883834352 0.0
71.69958448918734 42.06012862960882 0.0
147.0296277947873 156.61518969776418 0.0
142.30810415533088 186.3440297510009 0.0
10.994844810607173 1.1363075305954151 0.0
89.84379546068458 190.0515559894751 0.0
123.11110916219361 101.9791483478651 0.0
69.41075551703193 160.8089896118812 0.0
148.45348340546127 88.42794023870341 0.0
11.993057898736925 58.8173090398703 0.0
167.9821347607965 74.72223215129536 0.0
127.52946276068866 128.42673715108546 0.0
62.1949594606253 31.856727874843504 0.0
189.03078141291587 8.43004856267986 0.0
80.26933958293621 87.78559426086836 0.0
14.49408017278171 170.88540141319388 0.0
140.4509805607796 1.2520976452285337 0.0
60.43812665022743 30.662357634447226 0.0
7.643306441833397 174.97241427295648 0.0
194.20496715253518 66.53743038391411 0.0
50.59601401027103 100.66010489226638 0.0
121.74258222841947 199.54846078999 0.0
193.78683325205728 61.38572304508254 0.0
13.404128339388244 85.44981816396957 0.0
148.03574410030296 56.023670386903454 0.0
192.36943423887126 95.49329432896805 0.0
29.086346697522238 56.04638521055036 0.0
128.61478286350805 183.39234952606748 0.0
54.83423811474877 56.6836263775774 0.0
15.927299214853718 166.2102015723365 0.0
149.57770265946613 142.47251561848663 0.0
100.28065468706713 183.04504215709315 0.0
177.6112093410661 151.4818047833122 0.0
74.95897267227801 37.76848291719199 0.0
178.67765624517241 93.00157090993733 0.0
61.13624396651296 180.70612558504448 0.0
184.2404829757853 50.2474582879604 0.0
152.1888848181266 39.03206108589969 0.0
156.23218963582485 82.63635818571966 0.0
15.839244743682324 66.7817147411109 0.0
108.88102487884356 31.448174707435395 0.0
20.298369340084953 52.77052271044806 0.0
149.41301784715998 128.19623922957618 0.0
178.89647767446462 98.33850374536624 0.0
4.871724002856093 106.78664840262866 0.0
92.26002644175459 56.72375641478404 0.0
189.99347403235132 128.5547290289643 0.0
7.914501612751201 112.00067213915055 0.0
115.02118265335228 43.52447954066785 0.0
114.26240838870821 167.90145002619093 0.0
132.53503332602952 131.74482219132443 0.0
39.20620272291673 15.472312761332319 0.0
178.82380226361562 95.31424725803667 0.0
33.256304259418876 53.398725192991094 0.0
78.0157439140976 104.7131640417734 0.0
82.78455027054395 45.96655412001724 0.0
146.13337264655527 142.3212048520312 0.0
21.15381789365298 21.009116905339063 0.0
57.431793035807324 131.5044938773817 0.0
183.7748520373087 133.82271178886876 0.0
16.825424095042287 191.41568659188053 0.0
87.71158874804928 152.9161657655741 0.0
119.90347511263953 15.657427990149642 0.0
7.276702980084626 159.59264913018717 0.0
175.97961734836346 37.217644311464724 0.0
164.12927663578347 95.74488265896233 0.0
19.81680908196395 112.59298460186653 0.0
153.7068870644947 142.87764760124182 0.0
44.11339652355526 134.77442870693125 0.0
189.394694332712 170.2543253590909 0.0
147.5320199759574 67.77698835842598 0.0
161.65446910633676 51.19700419890585 0.0
111.99813681590314 184.65315452498874 0.0
181.40670455654515 113.95252138677068 0.0
198.19021079991006 186.43766860992991 0.0
5.279391685405921 167.1696041450244 0.0
79.58911786561329 181.22884950179866 0.0
124.90726977179256 19.915043711934977 0.0
123.14939057656665 10.619694922399336 0.0
143.28572604829074 2.289774284416346 0.0
68.60045773739441 124.94965918301739 0.0
158.25377579737892 85.08839166100421 0.0
158.5811652391229 129.3558642096443 0.0
26.500917396639778 195.57856546016058 0.0
128.2563399000726 49.36035665874186 0.0
