153.47196322310546 116.07088173212819 0.0
51.58657230028547 132.72436122450912 0.0
7.746789692640643 33.91864262753002 0.0
186.597913795921 57.27919860369952 0.0
170.24673309384661 91.1814818497787 0.0
45.832679673885735 37.44896263964426 0.0
78.2093517282186 161.90364403829665 0.0
28.237926301259787 169.34061345152494 0.0
179.8741824334341 82.24794377073019 0.0
167.41157552280202 104.14438175497982 0.0
127.80677683290781 96.45480508798596 0.0
149.9692310402299 33.20804871940943 0.0
139.37526924580126 164.46838315394018 0.0
76.628149013978 14.371199076590791 0.0
15.010672729018037 63.12059711347111 0.0
55.17469162304418 67.6416892742183 0.0
53.514809419256196 119.20928578575727 0.0
191.23922401680747 27.86694000042196 0.0
158.5625384440474 75.50196463968007 0.0
25.810435431885438 157.8729573877184 0.0
191.67791606889585 9.641989378373417 0.0
157.6787381098314 197.6142871232641 0.0
94.34654815947685 1.1292707267545943 0.0
84.50624457839166 53.198404586239256 0.0
75.5593867388695 172.99292938089351 0.0
197.97870179900744 114.21843737012762 0.0
40.96588303563906 22.468670940141067 0.0
176.50240737581206 28.6482941834165 0.0
25.947332015463466 198.93892084044398 0.0
133.16721901880072 61.62474577653876 0.0
87.30397199138775 87.58909149601372 0.0
197.204220872529 117.76114634717447 0.0
106.88230408425008 113.67868651092104 0.0
133.92481496961673 116.20796838257776 0.0
65.3518243484179 195.0211517922642 0.0
141.13543706659516 73.49548551460639 0.0
155.47319047006692 39.21192857877352 0.0
99.28028232736827 171.26434293473224 0.0
21.582745283505144 7.3391696245554305 0.0
98.07186271949071 64.3100515750958 0.0
35.651010793663104 47.35715569353738 0.0
14.127376815315618 118.93772597506921 0.0
50.15563637002416 137.9976205901117 0.0
72.13641879979458 162.4437161254544 0.0
104.1420710285261 178.03952839984635 0.0
86.343526980372 71.61110697018592 0.0
101.22817364213086 105.95320637002044 0.0
49.6368352023042 131.42635478660674 0.0
126.94149537255251 41.379977872002826 0.0
114.29185489134328 154.7946510042173 0.0
27.66112655772861 2.603827396795544 0.0
191.4273091250396 69.85191539548094 0.0
134.56856190586953 73.11685359725293 0.0
185.48773965651878 53.54161304010206 0.0
183.3949687325724 165.57569953459674 0.0
75.57531020024658 118.44496435407423 0.0
154.38500669073488 162.89131765594735 0.0
57.2112219681989 144.42332444721754 0.0
136.78019134312672 3.8898700457191016 0.0
166.11482648916413 87.45193753830765 0.0
8.257583904022358 24.927784458098714 0.0
19.846390674492433 95.09449794203688 0.0
112.14241195600239 169.03936502016705 0.0
133.66728063027085 111.38831099341306 0.0
13.846060069265498 130.64061017347225 0.0
93.72912856212419 63.48012763584114 0.0
22.863613685666316 116.50824887390084 0.0
103.71137597810443 88.17304745856961 0.0
77.79802385608285 72.69831432344351 0.0
60.28438964302416 78.61523182625618 0.0
9.260775821370615 152.2638206419893 0.0
158.28312735434292 109.68142814928774 0.0
119.1316313994283 80.07656310373343 0.0
78.23426144880048 35.168642210956946 0.0
44.543074362802535 108.75318445888938 0.0
66.88728111394606 140.74763627107114 0.0
11.087586650103054 53.63116859404844 0.0
85.65811128573846 183.6821661364629 0.0
22.128983640859488 44.935509849169186 0.0
72.4014611044311 53.64828960970583 0.0
79.73165701302376 141.72238259756807 0.0
38.68599693873711 48.556294267929424 0.0
187.60446789386322 14.881149185438169 0.0
7.754202007714528 175.09816499206846 0.0
47.588870302722675 125.42167221108203 0.0
87.60664822740674 155.81377880274238 0.0
28.603544801785553 199.46890260482672 0.0
69.1581753501554 152.78939987965444 0.0
160.59075436733542 132.83229312162234 0.0
41.17126695796427 2.672256103936821 0.0
185.89244412147056 145.7126975785584 0.0
21.679839705689318 198.50539153697608 0.0
86.61675497973921 52.05487604259875 0.0
119.87431905381489 150.9572284454343 0.0
198.9386836585607 108.24890339050037 0.0
62.926771203856966 14.840638803895988 0.0
23.911209738374907 62.32926330912883 0.0
48.99270796948845 176.38660407709378 0.0
149.24618588133188 137.51551642679593 0.0
20.63389543680305 162.55782887043264 0.0
107.65698824444098 152.88391088335078 0.0
192.16441823420013 55.7581058312222 0.0
114.73780062551222 9.15454233070978 0.0
9.929940952043115 75.61333808718136 0.0
52.98718970903828 149.0240018923271 0.0
76.28804058144576 24.07070724540441 0.0
198.4664510726055 139.1687200277062 0.0
126.06525942915168 180.88247156162902 0.0
22.716027628463653 14.989624202230111 0.0
108.52425409985625 183.61147049829182 0.0
144.93610006767204 79.36392112547155 0.0
198.382378920769 29.615626964783548 0.0
158.0702345667016 53.115204345017574 0.0
136.1807081541597 197.0388929791453 0.0
7.313877638726085 37.60842780843012 0.0
81.31044866712516 197.65672368967347 0.0
60.70218075830609 68.82144748327634 0.0
150.26137802136003 46.494135297655134 0.0
178.81453251103176 117.44036759716793 0.0
8.16486288832381 161.45500977044875 0.0
164.26598741665703 20.97105470559746 0.0
83.46176099505823 90.77132845191773 0.0
151.53851718601823 21.55454832544903 0.0
183.53332488159737 6.901648798399407 0.0
183.8379104171703 127.11948968990198 0.0
103.3911076024308 102.57817351866613 0.0
16.044939413553514 13.699895709316623 0.0
40.0295658120857 78.02221563490006 0.0
81.46215752127246 43.191957248604226 0.0
51.8029727304051 17.918182085362467 0.0
164.94061363137573 183.51885458013717 0.0
35.1960197574851 122.55642120121041 0.0
36.10348484617627 187.11794476918632 0.0
130.61528875612666 179.62569777256016 0.0
113.76649139402082 108.8598622787643 0.0
114.33663512244922 141.45628604222333 0.0
156.28776405847495 125.95453227743782 0.0
185.50126186953523 107.08503067486556 0.0
2.4626700923744638 60.09428061465436 0.0
15.061149315062883 199.33403079002608 0.0
123.7117959611333 196.02968355613552 0.0
187.83230411395812 74.16490020320418 0.0
190.69332604141346 140.9689142586203 0.0
39.322017232082686 102.89090173425063 0.0
6.103605165261183 175.6368656074484 0.0
165.75428892149176 27.399492824746673 0.0
10.31270716227024 10.525479621314005 0.0
168.725259350505 104.3582458186777 0.0
127.61448406566707 79.81213289592088 0.0
85.17832925803536 26.4473137919226 0.0
188.25350302397987 80.61816549716858 0.0
48.8965198099353 36.98198323561319 0.0
135.02400144006717 196.72501024927388 0.0
31.46737062509619 38.85914680745779 0.0
103.11883922975255 133.56063313461357 0.0
18.683506406003048 139.5818440915662 0.0
48.03928114385138 135.2143928102638 0.0
92.59984422682932 171.18633796976607 0.0
88.7591289765113 154.4336283047329 0.0
9.97614609266484 77.21651582563047 0.0
131.96974684877162 103.00070899998816 0.0
194.591593573278 68.46066281133507 0.0
48.115036223119304 22.584506835579244 0.0
193.92562940375512 114.98604848258931 0.0
81.05860998524747 85.10560511901215 0.0
189.95738688350193 64.07702406687505 0.0
90.60780266754571 156.84989237791387 0.0
99.34365802011807 52.00265409133298 0.0
50.752360911648495 42.01040499728643 0.0
149.99320918805063 112.11022557282581 0.0
156.35818253758137 59.03274849807627 0.0
179.063121046744 172.56126960235028 0.0
127.18945851386052 97.08457798725641 0.0
61.66058837994057 184.09708930649964 0.0
40.515262727328036 150.16506449224335 0.0
50.041408427999556 121.54104198662515 0.0
72.18956617534708 132.81548510240978 0.0
179.8542698129983 62.31515947633963 0.0
80.97636311023957 144.08746234975592 0.0
82.98770180431603 61.06904087470686 0.0
32.024465246020185 65.37064404624414 0.0
135.83439385894906 111.58919957681054 0.0
22.779319892913485 52.87694065105006 0.0
67.29539908436108 115.47741247258128 0.0
148.25200736117608 117.02376654262332 0.0
152.60450741338983 61.65684701880676 0.0
22.448393034011094 168.65400471334246 0.0
127.06099068431635 161.5852488406728 0.0
58.89426803124933 55.97579530145984 0.0
168.01659803469727 82.12449564852781 0.0
5.575009695420463 16.300450923671118 0.0
113.97060778327925 71.33641756504319 0.0
128.24122560073755 23.102246184756137 0.0
116.3844682949646 82.04487358371864 0.0
40.914630943641114 121.6190381811634 0.0
152.8354785900251 163.82458865421427 0.0
93.56112948716616 15.158030752877272 0.0
69.38660773457886 16.14736134825052 0.0
44.28100880280077 89.46631587824909 0.0
65.55757704514073 73.73672902265405 0.0
