1 10 34.0
1 34 72.0
1 64 93.0
1 72 15.0
1 89 87.0
1 99 68.0
1 119 25.0
1 137 47.0
1 148 41.0
1 161 21.0
1 170 40.0
1 182 62.0
1 185 71.0
2 17 36.0
2 43 18.0
2 48 47.0
2 56 8.0
2 58 14.0
2 75 16.0
2 76 38.0
2 81 36.0
2 85 87.0
2 88 99.0
2 105 94.0
2 132 96.0
2 157 60.0
2 175 91.0
2 176 94.0
2 177 33.0
2 184 29.0
2 195 82.0
3 39 66.0
3 61 95.0
3 77 91.0
3 79 21.0
3 109 57.0
3 115 5.0
3 127 28.0
3 139 24.0
3 147 66.0
3 154 17.0
3 183 10.0
3 191 37.0
4 9 11.0
4 18 13.0
4 52 79.0
4 54 97.0
4 102 79.0
4 113 19.0
4 142 96.0
4 151 54.0
4 162 22.0
4 166 28.0
4 178 51.0
5 9 42.0
5 19 63.0
5 60 82.0
5 111 30.0
5 142 79.0
5 151 96.0
5 190 47.0
5 10 65.0
5 72 46.0
5 119 75.0
5 138 26.0
5 148 75.0
5 170 47.0
6 27 84.0
6 41 98.0
6 79 81.0
6 82 74.0
6 96 63.0
6 130 37.0
6 152 15.0
6 154 54.0
6 163 72.0
6 169 57.0
6 183 87.0
6 189 27.0
7 25 73.0
7 38 55.0
7 44 50.0
7 58 38.0
7 76 26.0
7 78 3.0
7 81 13.0
7 86 81.0
7 88 60.0
7 105 38.0
7 158 89.0
7 159 27.0
7 167 87.0
7 174 63.0
7 177 16.0
7 179 88.0
8 20 90.0
8 29 85.0
8 71 97.0
8 84 61.0
8 92 26.0
8 98 46.0
8 100 9.0
8 120 82.0
8 133 81.0
8 145 18.0
8 175 82.0
8 187 64.0
9 4 95.0
9 5 40.0
9 19 34.0
9 52 54.0
9 54 16.0
9 60 22.0
9 102 33.0
9 142 12.0
9 151 60.0
9 162 41.0
9 166 99.0
9 178 90.0
9 190 25.0
9 10 15.0
9 138 38.0
9 148 24.0
10 5 77.0
10 9 45.0
10 19 23.0
10 60 72.0
10 190 32.0
10 1 84.0
10 72 54.0
10 89 75.0
10 119 58.0
10 125 93.0
10 137 65.0
10 138 1.0
10 148 83.0
10 164 21.0
10 170 1.0
10 185 20.0
11 36 44.0
11 53 79.0
11 68 40.0
11 73 63.0
11 111 40.0
11 149 29.0
11 173 90.0
11 192 44.0
11 194 67.0
11 33 43.0
11 34 28.0
11 47 96.0
11 64 78.0
11 126 94.0
11 135 39.0
11 161 13.0
11 170 82.0
11 182 21.0
11 185 43.0
12 28 87.0
12 37 32.0
12 49 57.0
12 113 5.0
12 118 80.0
12 121 87.0
12 123 12.0
12 146 18.0
12 171 8.0
12 186 83.0
12 193 86.0
13 50 45.0
13 57 61.0
13 63 82.0
13 94 92.0
13 99 11.0
13 108 9.0
13 134 66.0
13 188 80.0
13 196 7.0
14 23 88.0
14 74 14.0
14 96 94.0
14 106 56.0
14 129 82.0
14 130 63.0
14 150 38.0
14 163 70.0
14 197 13.0
14 198 14.0
15 41 5.0
15 77 2.0
15 79 90.0
15 82 88.0
15 97 59.0
15 104 25.0
15 115 18.0
15 128 43.0
15 139 71.0
15 154 9.0
15 160 16.0
15 181 95.0
15 183 86.0
16 41 41.0
16 69 48.0
16 70 76.0
16 80 28.0
16 82 13.0
16 117 72.0
16 128 59.0
16 169 90.0
16 180 74.0
16 181 76.0
16 189 97.0
16 199 54.0
16 200 59.0
17 2 95.0
17 43 11.0
17 48 49.0
17 56 5.0
17 58 63.0
17 75 99.0
17 76 43.0
17 85 78.0
17 105 87.0
17 132 28.0
17 144 92.0
17 157 97.0
17 176 84.0
17 177 3.0
17 184 49.0
17 195 48.0
18 4 96.0
18 21 14.0
18 28 9.0
18 54 59.0
18 83 17.0
18 102 25.0
18 112 23.0
18 121 65.0
18 124 56.0
18 146 9.0
19 5 17.0
19 9 94.0
19 30 28.0
19 36 87.0
19 53 70.0
19 60 33.0
19 111 96.0
19 113 27.0
19 142 74.0
19 171 12.0
19 178 96.0
19 186 26.0
19 190 87.0
19 10 12.0
20 8 26.0
20 65 6.0
20 71 62.0
20 84 22.0
20 98 58.0
20 100 42.0
20 105 53.0
20 120 20.0
20 145 40.0
20 156 11.0
20 175 59.0
20 187 26.0
21 18 66.0
21 28 19.0
21 83 91.0
21 112 60.0
21 121 86.0
21 124 40.0
22 114 24.0
22 131 95.0
22 153 92.0
23 14 86.0
23 106 25.0
23 150 13.0
23 197 22.0
23 198 10.0
23 103 17.0
24 40 88.0
24 46 29.0
24 66 7.0
24 69 89.0
24 74 33.0
24 80 23.0
24 93 27.0
24 117 41.0
24 129 46.0
24 150 52.0
24 168 10.0
24 180 77.0
24 189 28.0
24 200 29.0
25 7 71.0
25 35 98.0
25 38 71.0
25 44 63.0
25 78 17.0
25 86 30.0
25 88 6.0
25 98 54.0
25 116 50.0
25 158 72.0
25 159 86.0
25 167 13.0
25 174 15.0
25 179 95.0
25 45 32.0
26 32 81.0
26 95 91.0
26 107 80.0
26 119 14.0
26 125 84.0
26 138 73.0
26 143 26.0
26 164 21.0
27 6 9.0
27 39 91.0
27 41 78.0
27 51 31.0
27 79 86.0
27 82 28.0
27 90 81.0
27 96 52.0
27 109 49.0
27 127 38.0
27 130 95.0
27 152 93.0
27 154 75.0
27 163 55.0
27 169 56.0
27 198 98.0
28 12 76.0
28 18 60.0
28 21 31.0
28 37 26.0
28 54 15.0
28 83 24.0
28 112 47.0
28 121 94.0
28 123 68.0
28 124 96.0
28 146 44.0
29 8 26.0
29 84 40.0
29 87 97.0
29 92 43.0
29 133 87.0
29 140 6.0
30 19 67.0
30 36 22.0
30 49 32.0
30 53 94.0
30 73 12.0
30 111 91.0
30 113 44.0
30 118 18.0
30 149 93.0
30 171 9.0
30 186 47.0
30 192 31.0
30 194 74.0
31 40 63.0
31 46 16.0
31 66 78.0
31 69 8.0
31 70 12.0
31 122 20.0
31 165 19.0
31 180 34.0
31 200 48.0
31 68 75.0
31 194 9.0
31 47 41.0
31 126 47.0
32 26 27.0
32 95 96.0
32 107 29.0
32 119 30.0
32 125 81.0
32 138 23.0
32 143 85.0
32 164 66.0
33 11 13.0
33 68 47.0
33 173 26.0
33 34 27.0
33 47 36.0
33 64 34.0
33 126 62.0
33 135 90.0
33 136 64.0
33 155 1.0
33 161 78.0
33 182 10.0
34 11 37.0
34 173 9.0
34 1 47.0
34 33 37.0
34 64 46.0
34 72 83.0
34 99 92.0
34 135 12.0
34 137 47.0
34 161 25.0
34 170 38.0
34 182 15.0
34 185 14.0
35 25 69.0
35 78 69.0
35 98 15.0
35 116 22.0
35 174 81.0
36 11 59.0
36 19 31.0
36 30 76.0
36 53 3.0
36 60 50.0
36 73 61.0
36 111 76.0
36 113 66.0
36 118 34.0
36 149 24.0
36 171 93.0
36 173 4.0
36 186 12.0
36 190 25.0
36 192 85.0
36 194 73.0
37 12 88.0
37 28 24.0
37 49 2.0
37 113 66.0
37 118 67.0
37 121 61.0
37 123 29.0
37 146 28.0
37 171 45.0
37 186 1.0
38 7 28.0
38 25 16.0
38 44 60.0
38 78 87.0
38 86 55.0
38 158 61.0
38 159 33.0
38 167 59.0
38 45 32.0
38 50 89.0
38 63 86.0
38 94 89.0
38 101 3.0
38 108 49.0
38 110 24.0
38 188 75.0
39 3 67.0
39 27 43.0
39 51 69.0
39 61 46.0
39 90 2.0
39 109 96.0
39 127 54.0
39 147 96.0
39 191 75.0
40 24 12.0
40 31 49.0
40 46 20.0
40 66 68.0
40 69 36.0
40 80 26.0
40 93 54.0
40 129 40.0
40 165 76.0
40 168 4.0
40 180 47.0
40 68 40.0
40 73 77.0
40 192 55.0
40 194 43.0
41 6 72.0
41 15 3.0
41 16 81.0
41 27 40.0
41 77 19.0
41 79 18.0
41 82 40.0
41 97 74.0
41 115 91.0
41 152 65.0
41 154 21.0
41 163 76.0
41 169 36.0
41 181 7.0
41 183 64.0
41 189 27.0
42 62 43.0
42 65 72.0
42 67 98.0
42 132 25.0
42 144 35.0
42 156 16.0
42 195 38.0
43 2 15.0
43 17 49.0
43 48 45.0
43 58 5.0
43 75 71.0
43 76 48.0
43 81 77.0
43 85 68.0
43 88 71.0
43 105 88.0
43 132 30.0
43 157 70.0
43 175 1.0
43 176 18.0
43 177 65.0
43 184 96.0
43 195 26.0
44 7 66.0
44 25 37.0
44 38 74.0
44 58 67.0
44 76 67.0
44 78 50.0
44 81 43.0
44 86 93.0
44 88 95.0
44 98 38.0
44 105 99.0
44 158 74.0
44 159 49.0
44 167 52.0
44 174 53.0
44 177 30.0
44 179 12.0
45 25 67.0
45 38 41.0
45 78 16.0
45 86 3.0
45 158 62.0
45 159 36.0
45 167 10.0
45 50 5.0
45 63 9.0
45 101 60.0
45 108 67.0
45 110 13.0
45 134 14.0
45 141 32.0
45 188 33.0
46 24 23.0
46 31 60.0
46 40 49.0
46 66 34.0
46 69 52.0
46 70 23.0
46 80 53.0
46 93 71.0
46 117 81.0
46 122 8.0
46 129 52.0
46 165 87.0
46 168 36.0
46 180 36.0
46 200 93.0
46 68 3.0
46 192 2.0
47 31 56.0
47 122 52.0
47 165 36.0
47 11 32.0
47 68 40.0
47 173 87.0
47 194 97.0
47 56 40.0
47 33 96.0
47 126 20.0
47 135 28.0
47 155 5.0
48 2 27.0
48 17 66.0
48 43 62.0
48 56 91.0
48 58 98.0
48 75 85.0
48 76 85.0
48 85 86.0
48 88 35.0
48 105 56.0
48 132 44.0
48 157 83.0
48 175 75.0
48 176 80.0
48 177 96.0
48 184 94.0
48 195 84.0
49 168 96.0
49 12 55.0
49 30 81.0
49 37 44.0
49 118 62.0
49 193 34.0
50 38 52.0
50 86 93.0
50 158 85.0
50 159 71.0
50 167 89.0
50 13 76.0
50 45 14.0
50 63 65.0
50 94 70.0
50 101 38.0
50 108 78.0
50 110 18.0
50 134 95.0
50 136 42.0
50 155 74.0
50 188 82.0
51 27 8.0
51 39 94.0
51 61 93.0
51 90 42.0
51 109 13.0
51 127 46.0
51 130 70.0
51 147 63.0
51 163 7.0
51 191 84.0
52 4 7.0
52 9 27.0
52 54 12.0
52 102 45.0
52 142 19.0
52 151 28.0
52 162 75.0
52 166 84.0
52 178 28.0
52 190 20.0
53 11 37.0
53 19 84.0
53 30 41.0
53 36 80.0
53 73 75.0
53 111 2.0
53 149 7.0
53 171 54.0
53 173 64.0
53 186 82.0
53 192 15.0
53 194 28.0
53 161 12.0
54 4 22.0
54 9 98.0
54 18 3.0
54 28 35.0
54 52 72.0
54 102 34.0
54 112 19.0
54 113 55.0
54 142 56.0
54 151 88.0
54 162 92.0
54 166 77.0
54 171 59.0
54 178 64.0
55 57 54.0
55 91 42.0
55 131 72.0
55 143 65.0
55 172 53.0
56 122 90.0
56 2 57.0
56 17 20.0
56 48 51.0
56 76 10.0
56 81 78.0
56 85 77.0
56 176 99.0
56 177 76.0
56 179 28.0
56 184 90.0
56 47 69.0
57 13 94.0
57 55 79.0
57 99 26.0
57 131 61.0
57 134 17.0
57 172 21.0
57 188 91.0
57 196 30.0
58 2 81.0
58 7 48.0
58 17 69.0
58 43 3.0
58 44 41.0
58 48 84.0
58 76 26.0
58 81 83.0
58 85 74.0
58 88 67.0
58 105 49.0
58 157 9.0
58 175 43.0
58 176 12.0
58 177 79.0
58 179 7.0
58 195 57.0
59 103 35.0
59 123 59.0
59 193 22.0
60 5 27.0
60 9 31.0
60 19 78.0
60 36 39.0
60 111 29.0
60 142 39.0
60 151 15.0
60 178 62.0
60 186 97.0
60 190 59.0
60 10 88.0
60 72 91.0
60 138 55.0
60 148 54.0
60 170 1.0
61 3 58.0
61 39 27.0
61 51 68.0
61 77 38.0
61 79 73.0
61 109 64.0
61 115 99.0
61 127 1.0
61 147 71.0
61 154 56.0
61 191 47.0
62 104 88.0
62 128 33.0
62 160 76.0
62 199 76.0
62 42 36.0
62 67 2.0
62 75 17.0
62 144 51.0
63 38 77.0
63 86 11.0
63 158 51.0
63 159 67.0
63 167 69.0
63 13 94.0
63 45 88.0
63 50 73.0
63 94 28.0
63 101 38.0
63 108 79.0
63 110 55.0
63 134 51.0
63 136 98.0
63 141 20.0
63 188 76.0
64 11 81.0
64 173 35.0
64 1 75.0
64 33 21.0
64 34 9.0
64 72 27.0
64 135 70.0
64 137 69.0
64 161 1.0
64 170 1.0
64 182 21.0
64 185 2.0
65 20 12.0
65 42 42.0
65 67 70.0
65 71 33.0
65 132 67.0
65 156 84.0
65 195 84.0
66 24 31.0
66 31 68.0
66 40 58.0
66 46 94.0
66 69 4.0
66 80 35.0
66 93 86.0
66 122 17.0
66 129 85.0
66 165 19.0
66 168 23.0
66 180 94.0
66 200 84.0
66 68 50.0
66 192 34.0
66 194 77.0
67 62 25.0
67 42 51.0
67 65 35.0
67 75 42.0
67 85 45.0
67 132 35.0
67 144 17.0
67 156 73.0
67 176 81.0
67 195 41.0
68 31 2.0
68 40 78.0
68 46 17.0
68 66 84.0
68 122 96.0
68 165 86.0
68 11 39.0
68 73 99.0
68 149 49.0
68 173 62.0
68 192 12.0
68 194 44.0
68 33 7.0
68 47 37.0
68 126 29.0
68 135 74.0
69 16 37.0
69 24 71.0
69 31 7.0
69 40 52.0
69 46 12.0
69 66 6.0
69 70 1.0
69 80 40.0
69 93 31.0
69 117 4.0
69 122 76.0
69 129 68.0
69 165 7.0
69 168 11.0
69 180 62.0
69 189 76.0
69 200 47.0
70 16 63.0
70 31 70.0
70 46 32.0
70 69 54.0
70 80 13.0
70 117 2.0
70 122 18.0
70 128 73.0
70 165 54.0
70 180 65.0
70 189 9.0
70 199 2.0
70 200 94.0
71 8 31.0
71 20 23.0
71 65 18.0
71 84 97.0
71 100 31.0
71 120 17.0
71 145 29.0
71 156 37.0
71 187 2.0
72 5 92.0
72 60 51.0
72 190 44.0
72 1 3.0
72 10 63.0
72 34 10.0
72 64 91.0
72 89 99.0
72 99 47.0
72 119 39.0
72 137 68.0
72 138 50.0
72 148 7.0
72 161 92.0
72 170 17.0
72 182 17.0
72 185 28.0
73 40 82.0
73 11 44.0
73 30 58.0
73 36 37.0
73 53 34.0
73 68 31.0
73 111 44.0
73 149 95.0
73 173 7.0
73 192 45.0
73 194 96.0
73 126 47.0
73 135 44.0
73 161 4.0
74 14 46.0
74 24 31.0
74 80 78.0
74 93 27.0
74 96 31.0
74 106 18.0
74 129 18.0
74 150 69.0
74 152 12.0
74 168 64.0
74 169 33.0
74 180 78.0
74 189 77.0
74 197 56.0
74 198 62.0
75 62 64.0
75 199 79.0
75 2 95.0
75 17 38.0
75 43 40.0
75 48 45.0
75 67 60.0
75 85 59.0
75 132 99.0
75 144 93.0
75 157 63.0
75 176 33.0
75 184 44.0
75 195 90.0
76 2 83.0
76 7 4.0
76 17 21.0
76 43 41.0
76 44 95.0
76 48 25.0
76 56 21.0
76 58 80.0
76 81 38.0
76 85 20.0
76 86 34.0
76 88 55.0
76 105 46.0
76 157 16.0
76 159 59.0
76 167 54.0
76 175 61.0
76 176 40.0
76 177 84.0
76 179 19.0
76 184 78.0
77 3 98.0
77 15 35.0
77 41 8.0
77 61 11.0
77 79 95.0
77 82 14.0
77 97 73.0
77 104 78.0
77 115 54.0
77 139 37.0
77 154 59.0
77 160 94.0
77 181 69.0
77 183 44.0
78 7 28.0
78 25 2.0
78 35 25.0
78 38 58.0
78 44 66.0
78 86 40.0
78 116 84.0
78 158 70.0
78 159 36.0
78 167 70.0
78 174 59.0
78 45 23.0
78 110 89.0
79 3 38.0
79 6 57.0
79 15 34.0
79 27 59.0
79 41 86.0
79 61 34.0
79 77 75.0
79 82 43.0
79 97 40.0
79 109 14.0
79 115 27.0
79 139 56.0
79 152 39.0
79 154 26.0
79 169 56.0
79 181 64.0
79 183 3.0
80 16 59.0
80 24 56.0
80 40 61.0
80 46 2.0
80 66 66.0
80 69 26.0
80 70 95.0
80 74 70.0
80 93 63.0
80 106 49.0
80 117 35.0
80 129 51.0
80 152 99.0
80 168 22.0
80 169 61.0
80 180 69.0
80 189 65.0
80 200 93.0
81 2 8.0
81 7 66.0
81 43 59.0
81 44 63.0
81 56 77.0
81 58 55.0
81 76 50.0
81 86 32.0
81 88 45.0
81 105 78.0
81 159 95.0
81 167 28.0
81 177 47.0
81 179 19.0
81 184 28.0
81 155 67.0
82 6 3.0
82 15 86.0
82 16 33.0
82 27 70.0
82 41 99.0
82 77 58.0
82 79 14.0
82 97 41.0
82 117 65.0
82 128 44.0
82 152 50.0
82 154 64.0
82 163 96.0
82 169 64.0
82 181 17.0
82 183 87.0
82 189 64.0
83 18 7.0
83 21 1.0
83 28 75.0
83 112 7.0
83 121 76.0
83 124 52.0
83 146 85.0
84 8 32.0
84 20 80.0
84 29 22.0
84 71 1.0
84 92 24.0
84 100 15.0
84 120 55.0
84 140 52.0
84 145 47.0
84 187 3.0
85 2 88.0
85 17 35.0
85 43 81.0
85 48 89.0
85 56 62.0
85 58 53.0
85 67 48.0
85 75 71.0
85 76 26.0
85 105 54.0
85 132 84.0
85 144 32.0
85 157 77.0
85 175 31.0
85 176 53.0
85 177 76.0
85 184 81.0
85 195 13.0
86 7 60.0
86 25 28.0
86 38 40.0
86 44 63.0
86 76 96.0
86 78 17.0
86 81 17.0
86 88 2.0
86 158 9.0
86 159 18.0
86 167 73.0
86 177 6.0
86 179 68.0
86 45 4.0
86 50 70.0
86 63 22.0
86 101 91.0
86 155 4.0
87 29 73.0
87 92 94.0
87 133 23.0
87 140 73.0
88 2 4.0
88 7 60.0
88 25 1.0
88 43 93.0
88 44 57.0
88 48 94.0
88 58 92.0
88 76 79.0
88 81 35.0
88 86 72.0
88 105 89.0
88 157 48.0
88 158 99.0
88 159 28.0
88 167 20.0
88 175 19.0
88 177 17.0
88 179 13.0
89 1 58.0
89 10 23.0
89 72 13.0
89 91 25.0
89 99 96.0
89 119 17.0
89 125 18.0
89 137 73.0
89 148 36.0
89 170 22.0
89 185 57.0
90 27 62.0
90 39 74.0
90 51 90.0
90 96 3.0
90 109 6.0
90 127 73.0
90 130 9.0
90 163 73.0
91 55 2.0
91 89 73.0
91 107 42.0
91 119 42.0
91 125 46.0
91 143 81.0
91 172 28.0
92 8 96.0
92 29 40.0
92 84 27.0
92 87 59.0
92 133 75.0
92 140 79.0
92 145 42.0
92 187 42.0
93 24 73.0
93 40 16.0
93 46 14.0
93 66 42.0
93 69 18.0
93 74 87.0
93 80 93.0
93 106 93.0
93 129 94.0
93 150 56.0
93 168 85.0
93 180 61.0
93 189 90.0
94 38 85.0
94 167 62.0
94 13 31.0
94 50 33.0
94 63 49.0
94 101 75.0
94 136 16.0
94 155 93.0
94 188 44.0
95 151 98.0
95 26 68.0
95 32 19.0
95 119 74.0
95 125 55.0
95 138 72.0
95 164 81.0
96 6 31.0
96 14 37.0
96 27 70.0
96 74 21.0
96 90 26.0
96 106 79.0
96 130 70.0
96 150 88.0
96 152 45.0
96 163 75.0
96 169 73.0
96 198 97.0
97 15 18.0
97 41 21.0
97 77 49.0
97 79 14.0
97 82 8.0
97 104 66.0
97 115 93.0
97 128 42.0
97 139 51.0
97 154 98.0
97 160 20.0
97 181 79.0
97 183 39.0
98 8 44.0
98 20 74.0
98 25 42.0
98 35 78.0
98 44 46.0
98 105 93.0
98 133 5.0
98 174 46.0
98 175 48.0
98 187 75.0
99 1 11.0
99 13 3.0
99 34 75.0
99 57 35.0
99 72 69.0
99 89 81.0
99 137 1.0
99 170 15.0
99 182 77.0
99 185 92.0
99 196 28.0
100 8 99.0
100 20 57.0
100 71 60.0
100 84 59.0
100 120 8.0
100 133 42.0
100 145 8.0
100 156 27.0
100 175 91.0
100 187 99.0
101 38 42.0
101 86 51.0
101 158 60.0
101 159 19.0
101 167 43.0
101 179 63.0
101 45 21.0
101 50 63.0
101 63 20.0
101 94 55.0
101 136 22.0
101 155 34.0
101 188 71.0
102 4 84.0
102 9 74.0
102 18 53.0
102 52 60.0
102 54 92.0
102 112 3.0
102 142 56.0
102 151 19.0
102 162 71.0
102 166 15.0
102 178 21.0
103 23 2.0
103 197 43.0
103 59 97.0
103 193 66.0
104 15 97.0
104 62 16.0
104 77 73.0
104 97 1.0
104 139 3.0
104 160 92.0
104 181 88.0
104 183 94.0
105 2 7.0
105 7 34.0
105 17 10.0
105 20 18.0
105 43 77.0
105 44 80.0
105 48 9.0
105 58 88.0
105 76 49.0
105 81 85.0
105 85 38.0
105 88 34.0
105 98 90.0
105 157 12.0
105 175 95.0
105 176 90.0
105 177 41.0
105 179 83.0
105 195 55.0
106 14 31.0
106 23 79.0
106 74 37.0
106 80 56.0
106 93 27.0
106 96 6.0
106 129 99.0
106 130 24.0
106 150 43.0
106 163 24.0
106 197 27.0
106 198 34.0
107 26 50.0
107 32 78.0
107 91 16.0
107 119 84.0
107 125 90.0
107 143 98.0
107 164 88.0
108 38 41.0
108 13 78.0
108 45 69.0
108 50 78.0
108 63 99.0
108 110 81.0
108 114 61.0
108 134 3.0
108 141 3.0
108 153 26.0
108 188 46.0
109 3 46.0
109 27 67.0
109 39 66.0
109 51 67.0
109 61 78.0
109 79 24.0
109 90 25.0
109 115 57.0
109 127 29.0
109 130 46.0
109 147 81.0
109 154 17.0
109 163 56.0
109 191 66.0
110 38 67.0
110 78 92.0
110 158 89.0
110 45 78.0
110 50 10.0
110 63 71.0
110 108 2.0
110 134 22.0
110 141 34.0
110 153 44.0
110 188 32.0
111 5 10.0
111 11 43.0
111 19 99.0
111 30 73.0
111 36 85.0
111 53 76.0
111 60 31.0
111 73 93.0
111 113 40.0
111 149 21.0
111 171 39.0
111 173 61.0
111 186 93.0
111 190 80.0
111 194 95.0
111 161 34.0
112 18 52.0
112 21 84.0
112 28 72.0
112 54 20.0
112 83 67.0
112 102 17.0
112 124 80.0
113 4 78.0
113 12 1.0
113 19 77.0
113 30 72.0
113 36 49.0
113 37 67.0
113 54 57.0
113 111 46.0
113 118 57.0
113 146 60.0
113 171 66.0
113 178 57.0
113 186 98.0
114 22 77.0
114 108 26.0
114 134 89.0
114 141 45.0
114 153 75.0
115 3 79.0
115 15 50.0
115 41 93.0
115 61 45.0
115 77 98.0
115 79 72.0
115 97 7.0
115 109 42.0
115 127 68.0
115 139 55.0
115 147 8.0
115 154 62.0
115 183 77.0
115 191 73.0
116 25 86.0
116 35 24.0
116 78 62.0
116 158 70.0
116 174 36.0
117 16 57.0
117 24 98.0
117 46 12.0
117 69 6.0
117 70 87.0
117 80 51.0
117 82 19.0
117 128 42.0
117 165 36.0
117 169 55.0
117 180 23.0
117 181 59.0
117 189 95.0
117 199 25.0
117 200 65.0
118 12 75.0
118 30 95.0
118 36 46.0
118 37 70.0
118 49 16.0
118 113 16.0
118 121 60.0
118 123 32.0
118 146 95.0
118 171 83.0
118 186 73.0
119 5 29.0
119 1 69.0
119 10 3.0
119 26 22.0
119 32 57.0
119 72 37.0
119 89 93.0
119 91 48.0
119 95 78.0
119 107 95.0
119 125 87.0
119 137 24.0
119 138 43.0
119 143 9.0
119 148 18.0
119 164 1.0
119 170 81.0
120 8 12.0
120 20 70.0
120 71 73.0
120 84 90.0
120 100 13.0
120 145 84.0
120 156 70.0
120 187 43.0
121 12 40.0
121 18 4.0
121 21 86.0
121 28 14.0
121 37 15.0
121 83 60.0
121 118 43.0
121 123 80.0
121 124 24.0
121 146 10.0
122 31 43.0
122 46 96.0
122 66 21.0
122 69 3.0
122 70 64.0
122 165 38.0
122 180 56.0
122 200 66.0
122 68 38.0
122 56 16.0
122 184 28.0
122 47 76.0
122 126 25.0
123 12 26.0
123 28 99.0
123 37 67.0
123 59 27.0
123 118 44.0
123 121 46.0
123 146 75.0
123 193 23.0
124 18 90.0
124 21 28.0
124 28 29.0
124 83 82.0
124 112 34.0
124 121 38.0
124 146 27.0
125 10 28.0
125 26 16.0
125 32 9.0
125 89 2.0
125 91 13.0
125 95 10.0
125 107 92.0
125 119 46.0
125 137 13.0
125 138 19.0
125 143 6.0
125 148 9.0
125 164 97.0
126 31 37.0
126 122 45.0
126 165 85.0
126 11 28.0
126 68 19.0
126 73 76.0
126 173 31.0
126 194 55.0
126 33 48.0
126 47 13.0
126 135 90.0
126 161 30.0
127 3 51.0
127 27 89.0
127 39 88.0
127 51 36.0
127 61 41.0
127 90 93.0
127 109 60.0
127 115 90.0
127 147 72.0
127 154 81.0
127 191 11.0
128 15 12.0
128 16 74.0
128 62 63.0
128 70 68.0
128 82 45.0
128 97 97.0
128 117 45.0
128 181 77.0
128 189 13.0
128 199 36.0
128 200 55.0
128 144 90.0
129 14 68.0
129 24 34.0
129 40 1.0
129 46 83.0
129 66 4.0
129 69 45.0
129 74 24.0
129 80 63.0
129 93 68.0
129 106 18.0
129 150 1.0
129 168 63.0
129 180 43.0
129 189 24.0
129 198 7.0
130 6 44.0
130 14 51.0
130 27 69.0
130 51 72.0
130 90 57.0
130 96 33.0
130 106 56.0
130 109 49.0
130 152 62.0
130 154 93.0
130 163 25.0
130 169 85.0
130 198 29.0
131 22 64.0
131 55 1.0
131 57 55.0
131 172 83.0
131 196 20.0
132 2 97.0
132 17 19.0
132 42 55.0
132 43 24.0
132 48 37.0
132 65 79.0
132 67 20.0
132 75 78.0
132 85 89.0
132 144 45.0
132 156 50.0
132 157 1.0
132 175 60.0
132 176 62.0
132 195 50.0
133 8 56.0
133 29 57.0
133 87 71.0
133 92 93.0
133 98 26.0
133 100 62.0
133 140 88.0
133 174 62.0
133 187 91.0
134 13 86.0
134 45 96.0
134 50 65.0
134 57 17.0
134 63 41.0
134 108 15.0
134 110 99.0
134 114 51.0
134 141 49.0
134 153 68.0
134 188 34.0
134 196 30.0
135 11 54.0
135 68 92.0
135 73 83.0
135 173 99.0
135 194 35.0
135 33 69.0
135 34 24.0
135 47 18.0
135 64 89.0
135 126 91.0
135 155 59.0
135 161 71.0
135 182 88.0
136 159 48.0
136 167 62.0
136 33 62.0
136 50 18.0
136 63 88.0
136 94 66.0
136 101 23.0
136 155 84.0
136 188 76.0
137 1 3.0
137 10 34.0
137 34 73.0
137 64 82.0
137 72 43.0
137 89 26.0
137 99 33.0
137 119 11.0
137 125 43.0
137 148 78.0
137 170 47.0
137 182 56.0
137 185 8.0
138 5 27.0
138 9 91.0
138 60 74.0
138 151 15.0
138 10 50.0
138 26 7.0
138 32 92.0
138 72 86.0
138 95 90.0
138 119 26.0
138 125 91.0
138 148 94.0
138 164 36.0
139 3 75.0
139 15 95.0
139 77 72.0
139 79 90.0
139 97 45.0
139 104 54.0
139 115 67.0
139 160 30.0
139 183 30.0
140 29 11.0
140 84 36.0
140 87 32.0
140 92 10.0
140 133 83.0
140 145 47.0
141 45 76.0
141 63 1.0
141 108 22.0
141 110 32.0
141 114 99.0
141 134 82.0
141 153 23.0
142 4 25.0
142 5 69.0
142 9 90.0
142 19 61.0
142 52 54.0
142 54 84.0
142 60 62.0
142 102 82.0
142 151 19.0
142 162 76.0
142 166 40.0
142 178 91.0
142 190 51.0
143 26 21.0
143 32 49.0
143 55 12.0
143 91 19.0
143 107 51.0
143 119 94.0
143 125 10.0
143 164 93.0
144 62 35.0
144 128 95.0
144 199 80.0
144 17 73.0
144 42 14.0
144 67 76.0
144 75 4.0
144 85 56.0
144 132 6.0
144 176 59.0
144 195 77.0
145 8 57.0
145 20 41.0
145 71 48.0
145 84 64.0
145 92 71.0
145 100 59.0
145 120 76.0
145 140 79.0
145 187 1.0
146 12 96.0
146 18 23.0
146 28 13.0
146 37 39.0
146 83 73.0
146 113 90.0
146 118 33.0
146 121 91.0
146 123 68.0
146 124 66.0
147 3 22.0
147 39 22.0
147 51 58.0
147 61 23.0
147 109 56.0
147 115 70.0
147 127 17.0
147 191 81.0
148 5 21.0
148 9 55.0
148 60 20.0
148 190 78.0
148 1 61.0
148 10 74.0
148 72 49.0
148 89 87.0
148 119 20.0
148 125 48.0
148 137 53.0
148 138 6.0
148 164 41.0
148 170 14.0
148 185 58.0
149 11 23.0
149 30 94.0
149 36 54.0
149 53 2.0
149 68 58.0
149 73 74.0
149 111 73.0
149 173 6.0
149 192 38.0
149 194 23.0
149 161 45.0
150 14 81.0
150 23 34.0
150 24 56.0
150 74 80.0
150 93 31.0
150 96 56.0
150 106 47.0
150 129 3.0
150 168 61.0
150 197 89.0
150 198 42.0
151 4 83.0
151 5 21.0
151 9 16.0
151 52 18.0
151 54 32.0
151 60 47.0
151 102 47.0
151 142 64.0
151 162 22.0
151 166 66.0
151 178 28.0
151 190 46.0
151 95 41.0
151 138 15.0
152 6 41.0
152 27 69.0
152 41 93.0
152 74 89.0
152 79 13.0
152 80 50.0
152 82 50.0
152 96 74.0
152 130 87.0
152 154 73.0
152 163 45.0
152 169 29.0
152 189 94.0
152 198 95.0
153 22 30.0
153 108 80.0
153 110 56.0
153 114 46.0
153 134 45.0
153 141 2.0
154 3 63.0
154 6 57.0
154 15 70.0
154 27 11.0
154 41 83.0
154 61 56.0
154 77 1.0
154 79 91.0
154 82 45.0
154 97 39.0
154 109 37.0
154 115 78.0
154 127 66.0
154 130 46.0
154 152 50.0
154 163 26.0
154 169 35.0
154 181 53.0
154 183 65.0
155 81 45.0
155 86 5.0
155 159 25.0
155 167 33.0
155 179 37.0
155 33 82.0
155 47 30.0
155 50 5.0
155 94 64.0
155 101 3.0
155 135 92.0
155 136 5.0
156 20 32.0
156 42 32.0
156 65 8.0
156 67 96.0
156 71 63.0
156 100 37.0
156 120 22.0
156 132 72.0
156 157 10.0
156 175 57.0
156 187 35.0
156 195 66.0
157 2 37.0
157 17 48.0
157 43 78.0
157 48 54.0
157 58 98.0
157 75 54.0
157 76 72.0
157 85 58.0
157 88 22.0
157 105 26.0
157 132 59.0
157 156 88.0
157 175 98.0
157 176 66.0
157 177 94.0
157 184 38.0
157 195 75.0
158 7 82.0
158 25 54.0
158 38 56.0
158 44 68.0
158 78 62.0
158 86 5.0
158 88 43.0
158 116 66.0
158 159 40.0
158 167 83.0
158 179 76.0
158 45 73.0
158 50 96.0
158 63 25.0
158 101 60.0
158 110 59.0
159 7 76.0
159 25 61.0
159 38 99.0
159 44 91.0
159 76 5.0
159 78 39.0
159 81 60.0
159 86 56.0
159 88 3.0
159 158 84.0
159 167 14.0
159 177 48.0
159 179 41.0
159 45 72.0
159 50 15.0
159 63 10.0
159 101 72.0
159 136 45.0
159 155 19.0
160 15 14.0
160 62 40.0
160 77 56.0
160 97 75.0
160 104 41.0
160 139 41.0
160 181 24.0
160 183 51.0
161 11 3.0
161 53 53.0
161 73 5.0
161 111 94.0
161 149 14.0
161 173 20.0
161 194 6.0
161 1 61.0
161 33 46.0
161 34 25.0
161 64 99.0
161 72 12.0
161 126 46.0
161 135 9.0
161 170 23.0
161 182 68.0
161 185 24.0
162 4 74.0
162 9 68.0
162 52 47.0
162 54 78.0
162 102 92.0
162 142 30.0
162 151 52.0
162 166 87.0
162 178 10.0
162 190 87.0
163 6 58.0
163 14 6.0
163 27 26.0
163 41 52.0
163 51 59.0
163 82 9.0
163 90 3.0
163 96 67.0
163 106 65.0
163 109 59.0
163 130 61.0
163 152 64.0
163 154 15.0
163 169 29.0
163 198 82.0
164 10 73.0
164 26 46.0
164 32 97.0
164 95 83.0
164 107 93.0
164 119 95.0
164 125 93.0
164 138 37.0
164 143 17.0
164 148 59.0
165 31 21.0
165 40 52.0
165 46 62.0
165 66 85.0
165 69 6.0
165 70 29.0
165 117 4.0
165 122 38.0
165 180 43.0
165 200 74.0
165 68 97.0
165 47 16.0
165 126 34.0
166 4 58.0
166 9 22.0
166 52 73.0
166 54 73.0
166 102 53.0
166 142 78.0
166 151 84.0
166 162 36.0
166 178 42.0
166 190 24.0
167 7 78.0
167 25 95.0
167 38 87.0
167 44 13.0
167 76 81.0
167 78 16.0
167 81 81.0
167 86 18.0
167 88 86.0
167 158 39.0
167 159 16.0
167 179 41.0
167 45 79.0
167 50 1.0
167 63 40.0
167 94 78.0
167 101 56.0
167 136 92.0
167 155 29.0
168 24 22.0
168 40 65.0
168 46 21.0
168 66 54.0
168 69 44.0
168 74 50.0
168 80 96.0
168 93 98.0
168 129 56.0
168 150 11.0
168 180 18.0
168 49 46.0
168 192 62.0
169 6 35.0
169 16 10.0
169 27 98.0
169 41 30.0
169 74 21.0
169 79 17.0
169 80 24.0
169 82 87.0
169 96 16.0
169 117 54.0
169 130 4.0
169 152 3.0
169 154 7.0
169 163 53.0
169 181 66.0
169 189 66.0
170 5 88.0
170 11 64.0
170 60 2.0
170 173 70.0
170 1 63.0
170 10 8.0
170 34 44.0
170 64 43.0
170 72 96.0
170 89 3.0
170 99 60.0
170 119 62.0
170 137 53.0
170 148 27.0
170 161 29.0
170 182 74.0
170 185 5.0
171 12 25.0
171 19 19.0
171 30 73.0
171 36 33.0
171 37 3.0
171 53 63.0
171 54 51.0
171 111 29.0
171 113 93.0
171 118 4.0
171 178 28.0
171 186 64.0
171 190 56.0
172 55 33.0
172 57 48.0
172 91 3.0
172 131 78.0
172 196 97.0
173 11 31.0
173 36 91.0
173 53 48.0
173 68 36.0
173 73 56.0
173 111 51.0
173 149 98.0
173 192 92.0
173 194 52.0
173 33 4.0
173 34 94.0
173 47 47.0
173 64 71.0
173 126 8.0
173 135 91.0
173 161 18.0
173 170 39.0
173 182 78.0
173 185 83.0
174 7 28.0
174 25 40.0
174 35 93.0
174 44 99.0
174 78 25.0
174 98 78.0
174 116 3.0
174 133 6.0
175 2 20.0
175 8 85.0
175 20 47.0
175 43 34.0
175 48 66.0
175 58 32.0
175 76 6.0
175 85 51.0
175 88 41.0
175 98 71.0
175 100 84.0
175 105 47.0
175 132 97.0
175 156 11.0
175 157 37.0
175 187 32.0
175 195 44.0
176 2 69.0
176 17 99.0
176 43 3.0
176 48 92.0
176 56 90.0
176 58 18.0
176 67 34.0
176 75 33.0
176 76 35.0
176 85 63.0
176 105 62.0
176 132 59.0
176 144 60.0
176 157 90.0
176 177 9.0
176 184 31.0
176 195 21.0
177 2 65.0
177 7 97.0
177 17 75.0
177 43 54.0
177 44 88.0
177 48 53.0
177 56 55.0
177 58 73.0
177 76 16.0
177 81 8.0
177 85 7.0
177 86 34.0
177 88 84.0
177 105 54.0
177 157 35.0
177 159 85.0
177 176 94.0
177 179 3.0
177 184 59.0
178 4 90.0
178 9 83.0
178 19 77.0
178 52 80.0
178 54 15.0
178 60 10.0
178 102 83.0
178 113 79.0
178 142 6.0
178 151 93.0
178 162 24.0
178 166 92.0
178 171 82.0
178 186 29.0
178 190 21.0
179 7 16.0
179 25 79.0
179 44 51.0
179 56 11.0
179 58 62.0
179 76 10.0
179 81 58.0
179 86 16.0
179 88 91.0
179 105 21.0
179 158 23.0
179 159 30.0
179 167 13.0
179 177 71.0
179 101 10.0
179 155 11.0
180 16 64.0
180 24 54.0
180 31 89.0
180 40 83.0
180 46 71.0
180 66 47.0
180 69 78.0
180 70 56.0
180 74 61.0
180 80 87.0
180 93 81.0
180 117 23.0
180 122 76.0
180 129 28.0
180 165 98.0
180 168 77.0
180 189 23.0
180 200 53.0
181 15 40.0
181 16 20.0
181 41 66.0
181 77 91.0
181 79 83.0
181 82 76.0
181 97 89.0
181 104 2.0
181 117 4.0
181 128 55.0
181 154 89.0
181 160 57.0
181 169 50.0
181 183 72.0
181 189 21.0
181 199 30.0
182 11 53.0
182 173 10.0
182 1 46.0
182 33 91.0
182 34 68.0
182 64 77.0
182 72 23.0
182 99 55.0
182 135 71.0
182 137 80.0
182 161 47.0
182 170 9.0
182 185 16.0
183 3 34.0
183 6 32.0
183 15 77.0
183 41 81.0
183 77 60.0
183 79 38.0
183 82 11.0
183 97 20.0
183 104 86.0
183 115 69.0
183 139 84.0
183 154 92.0
183 160 57.0
183 181 50.0
184 122 37.0
184 2 96.0
184 17 45.0
184 43 77.0
184 48 4.0
184 56 49.0
184 75 50.0
184 76 55.0
184 81 33.0
184 85 37.0
184 157 78.0
184 176 99.0
184 177 94.0
184 195 73.0
185 11 82.0
185 173 34.0
185 1 59.0
185 10 12.0
185 34 36.0
185 64 49.0
185 72 29.0
185 89 44.0
185 99 62.0
185 137 3.0
185 148 86.0
185 161 65.0
185 170 79.0
185 182 4.0
186 12 28.0
186 19 44.0
186 30 19.0
186 36 45.0
186 37 62.0
186 53 37.0
186 60 94.0
186 111 2.0
186 113 30.0
186 118 87.0
186 171 21.0
186 178 47.0
186 190 41.0
187 8 36.0
187 20 91.0
187 71 33.0
187 84 13.0
187 92 84.0
187 98 66.0
187 100 32.0
187 120 7.0
187 133 44.0
187 145 28.0
187 156 58.0
187 175 4.0
188 38 29.0
188 13 3.0
188 45 37.0
188 50 34.0
188 57 33.0
188 63 4.0
188 94 86.0
188 101 43.0
188 108 99.0
188 110 24.0
188 134 92.0
188 136 74.0
188 196 14.0
189 6 27.0
189 16 95.0
189 24 84.0
189 41 16.0
189 69 63.0
189 70 86.0
189 74 53.0
189 80 57.0
189 82 28.0
189 93 95.0
189 117 52.0
189 128 93.0
189 129 85.0
189 152 21.0
189 169 17.0
189 180 57.0
189 181 88.0
189 200 40.0
190 5 78.0
190 9 86.0
190 19 23.0
190 36 4.0
190 52 62.0
190 60 19.0
190 111 13.0
190 142 54.0
190 151 12.0
190 162 3.0
190 166 37.0
190 171 21.0
190 178 51.0
190 186 98.0
190 10 38.0
190 72 36.0
190 148 47.0
191 3 45.0
191 39 79.0
191 51 94.0
191 61 80.0
191 109 24.0
191 115 88.0
191 127 34.0
191 147 24.0
192 40 15.0
192 46 90.0
192 66 16.0
192 168 53.0
192 11 73.0
192 30 3.0
192 36 30.0
192 53 10.0
192 68 54.0
192 73 73.0
192 149 1.0
192 173 94.0
192 194 95.0
193 12 89.0
193 49 53.0
193 59 40.0
193 103 51.0
193 123 5.0
194 31 24.0
194 40 90.0
194 66 89.0
194 11 96.0
194 30 31.0
194 36 2.0
194 53 7.0
194 68 84.0
194 73 17.0
194 111 42.0
194 149 87.0
194 173 2.0
194 192 36.0
194 47 71.0
194 126 45.0
194 135 51.0
194 161 36.0
195 2 68.0
195 17 1.0
195 42 49.0
195 43 85.0
195 48 45.0
195 58 24.0
195 65 80.0
195 67 42.0
195 75 11.0
195 85 29.0
195 105 94.0
195 132 16.0
195 144 29.0
195 156 65.0
195 157 73.0
195 175 48.0
195 176 5.0
195 184 40.0
196 13 44.0
196 57 18.0
196 99 72.0
196 131 24.0
196 134 91.0
196 172 14.0
196 188 22.0
197 14 64.0
197 23 78.0
197 74 30.0
197 106 53.0
197 150 50.0
197 198 84.0
197 103 8.0
198 14 18.0
198 23 71.0
198 27 13.0
198 74 97.0
198 96 69.0
198 106 27.0
198 129 43.0
198 130 66.0
198 150 22.0
198 152 23.0
198 163 38.0
198 197 66.0
199 16 74.0
199 62 83.0
199 70 50.0
199 117 5.0
199 128 51.0
199 181 2.0
199 200 24.0
199 75 69.0
199 144 71.0
200 16 19.0
200 24 14.0
200 31 78.0
200 46 55.0
200 66 86.0
200 69 98.0
200 70 98.0
200 80 58.0
200 117 74.0
200 122 24.0
200 128 84.0
200 165 1.0
200 180 4.0
200 189 33.0
200 199 7.0
