53.529872427032046 106.14033990135229 0.0
78.56691352963774 10.938059062797812 0.0
158.81354282332114 59.34313825416502 0.0
145.35412492426804 79.11510700390367 0.0
155.6537670705717 111.55849416195787 0.0
122.62820172392377 155.80820078773036 0.0
185.0981591062097 71.51836478628435 0.0
42.307784826310794 81.00170113417842 0.0
162.6373979433779 168.01931011073296 0.0
184.67019137350115 68.57859488405067 0.0
138.513219547341 108.20397972983034 0.0
135.98309106682657 132.27249685211336 0.0
197.32864232807682 176.3487534686923 0.0
195.08506193698793 60.33202956739907 0.0
76.06814266205402 95.08749317463996 0.0
72.18282437413485 147.64383441691612 0.0
9.518188019417018 108.69665926168797 0.0
181.14078443469487 184.8810007373836 0.0
148.21150927868473 42.01227672905434 0.0
190.79635682493793 151.3137158234343 0.0
36.40113375154932 138.74475606327093 0.0
71.34228020752833 61.239535365380895 0.0
86.20310832234395 89.40259490854996 0.0
48.57508359008889 73.56081635454058 0.0
138.92973182794256 21.73157059469162 0.0
61.816476092287445 89.8571986503494 0.0
65.76766847940773 145.521192108899 0.0
110.57245542797551 38.37134963411777 0.0
127.33848343093335 18.825491052453103 0.0
70.50258812108233 69.64656126415996 0.0
85.31161027188583 34.09065877250603 0.0
161.02978794358233 174.12494217527188 0.0
39.122839556217585 110.37720271377995 0.0
54.92877586279465 72.83540375300494 0.0
46.984034606601675 121.80975043767704 0.0
34.4890988821587 29.370930463430646 0.0
182.75276126264933 92.58278462122928 0.0
19.356518885816687 84.67482861814713 0.0
178.86317951033698 45.296066563750294 0.0
117.91430593774761 125.72615461256929 0.0
10.402426455325408 2.088706228781012 0.0
187.07388279196385 165.03461227686554 0.0
86.54963413156442 6.986183845691296 0.0
124.60191564609744 29.925672065034025 0.0
132.9772549359352 163.06995469610513 0.0
63.61898606766157 138.91701362045933 0.0
172.44754917050193 159.524577895391 0.0
90.66254627302399 177.05746388308876 0.0
40.719573211024155 1.3125659860137473 0.0
166.71488139590198 72.92027451261897 0.0
11.015044901261328 48.17257850499765 0.0
194.85448828343493 127.01253475091379 0.0
142.6741399659826 19.831783001215374 0.0
48.69711350123862 44.68309600025147 0.0
118.26515578560416 130.76856868988403 0.0
52.55057228639455 186.18157609272933 0.0
188.2947836599513 180.55713626712063 0.0
87.21519250328853 162.34129726786256 0.0
3.798487510104276 44.77072786087592 0.0
184.61958827457542 176.42945782520667 0.0
184.4733984814286 186.61565698577184 0.0
169.98928210391367 41.027957498859415 0.0
43.648852430539684 140.91353081346068 0.0
12.003500721501602 183.37881202715437 0.0
171.2725575703516 9.744459853117405 0.0
49.403259627163806 193.44824022429705 0.0
162.22317995471872 53.009259670233824 0.0
176.77171080550988 166.03392487081078 0.0
69.64298527608786 57.364023183876476 0.0
192.71548747028842 41.56019883231519 0.0
161.61687695048042 123.42580751952758 0.0
40.433635655808416 159.77625225179486 0.0
64.4071577879227 23.843312839131436 0.0
3.668502158731446 106.3927702693697 0.0
186.58595110135067 153.7719846928804 0.0
60.29081565642358 54.762711387052555 0.0
35.79024261504045 120.48807303054578 0.0
141.27888158726202 183.03223325476333 0.0
63.457106569265484 0.32160195394208557 0.0
194.60984205515604 181.75812491261235 0.0
2.7796686043261243 28.78351841319575 0.0
111.58851899189747 157.80838423317988 0.0
101.25708465370727 183.70755495251944 0.0
137.3973382650792 187.43292355688715 0.0
191.59456528519217 171.42265964382977 0.0
158.15860744813827 174.7116373512686 0.0
193.34250500026516 132.41721252856294 0.0
33.55820216908205 131.15747945098818 0.0
192.54628425360298 145.65151022758965 0.0
127.08752022680436 108.07237767890527 0.0
107.81141895320494 129.62029000643176 0.0
175.21846053416235 185.32426406863854 0.0
118.57132036065524 13.462479845696818 0.0
32.33388037217957 148.53372478734462 0.0
104.97787977889072 82.86052347528307 0.0
29.99387579074768 171.2290702368178 0.0
128.71783498707475 193.16712003075156 0.0
97.12604506688855 159.34904335547134 0.0
70.19072198313488 86.14233066627112 0.0
1.9856160506150466 12.542577146344168 0.0
129.867017212601 146.8795258920322 0.0
97.23928771740071 110.0353862285705 0.0
0.27785295920246256 193.94376399158907 0.0
176.28424931809127 38.403505254105966 0.0
119.97059394009656 108.44165363475742 0.0
81.92188395307505 144.41414848629594 0.0
131.89726558082336 76.6869815891746 0.0
147.76324610823568 118.16459679278164 0.0
86.0856964711467 146.32174581699013 0.0
198.25138298252517 90.07018499948299 0.0
50.07606454612574 77.19748084335114 0.0
84.94331848191246 59.822661329179326 0.0
20.488315616831553 106.01718816313914 0.0
194.70230179265658 66.2606327795807 0.0
165.21870167579957 37.68335151766426 0.0
29.708805043427922 154.16399212249308 0.0
68.1466377770556 26.492982427156164 0.0
29.706501282413498 97.30468613000214 0.0
196.86569956035777 116.76580042076581 0.0
83.657324112396 196.6563167276842 0.0
68.83551642385817 75.18712783194617 0.0
60.98746840554241 88.48558229444501 0.0
152.4841526371198 66.09220623172128 0.0
181.8640312753769 169.1186367691173 0.0
7.173250722683977 96.11415071238511 0.0
141.4498185487061 171.49604710159682 0.0
139.5711673726119 86.06291617245789 0.0
4.841630513262762 13.20007413605946 0.0
133.86203450551452 115.59801677393398 0.0
197.40516026286892 76.45844191000042 0.0
199.3515708641439 30.203095307793127 0.0
29.47745871867804 177.69913067923622 0.0
171.41323391879382 0.1656849657531767 0.0
114.9157006492796 37.55086284260951 0.0
0.35110765078523176 177.7108267497159 0.0
169.72886879528969 71.7544712094725 0.0
67.6387988455212 111.1325835739056 0.0
10.03671116623126 189.27047086771316 0.0
80.12634526902336 43.71272735276046 0.0
107.85815813760624 5.938578763083435 0.0
10.190015598276059 50.411203458559605 0.0
8.739242588737305 60.3652426209984 0.0
173.43261712180484 146.75834721260296 0.0
66.98831387675976 53.28543812864266 0.0
65.42488661103776 42.07406966927019 0.0
112.2942014367225 22.465463738796743 0.0
15.111150180551135 103.08457434135327 0.0
25.760772517017916 112.28362193176726 0.0
54.8853938003981 144.20243686397808 0.0
173.89912743003583 0.4461501269357404 0.0
55.976719499894976 67.18132922294939 0.0
25.876523463048983 103.86589801964416 0.0
132.6658136048555 135.55176263966433 0.0
62.328907965522376 1.5517085044286505 0.0
179.98703815949074 188.18975125061692 0.0
73.30174661210643 84.42670412973033 0.0
176.95347597335527 171.5654368206347 0.0
138.3916603959843 70.31400227491349 0.0
160.97510391323843 1.6641811213112812 0.0
183.91922857453687 106.89869054073868 0.0
159.0230622960757 154.26781634202288 0.0
19.971016616151637 126.295198140068 0.0
47.22581993875126 126.22913671875648 0.0
174.40686541595184 111.91959473395544 0.0
102.96582411781101 10.567973739029757 0.0
61.43612269187992 191.6864954329183 0.0
112.17808861566544 84.66258805011392 0.0
49.124450290866875 181.12071581822553 0.0
99.43488170194397 123.50529977657041 0.0
23.20054184409561 165.79410315445517 0.0
59.53364357155733 118.93673025801164 0.0
83.78999872685273 134.56817973096307 0.0
86.6878874278122 10.968244550208572 0.0
57.21133031033856 153.44368739088165 0.0
21.05386511766618 118.74752600029647 0.0
156.72690678654945 104.38833896444453 0.0
162.2083308086336 196.41750895640396 0.0
184.14954741111268 4.334470810622371 0.0
135.32585474400108 33.06428327446487 0.0
128.46311887066577 166.60846951753598 0.0
38.18666133431861 66.14479353913372 0.0
88.1234469921522 170.37435742014736 0.0
145.77897058266237 184.23049378553537 0.0
120.46363168175401 163.24404474711886 0.0
104.14256702109537 157.59852538939026 0.0
104.63558027737614 38.027194242282626 0.0
106.2331129200013 154.14716962211207 0.0
193.77753942408822 96.66387845946748 0.0
9.969592322856435 173.30768351566186 0.0
127.60507965537991 142.70357140826627 0.0
132.26001382051257 162.0700031771819 0.0
178.38086778328218 128.26431707806373 0.0
132.68338411232102 64.93501968226055 0.0
11.22637280574661 122.22623507432017 0.0
186.63872904599987 103.55149122084761 0.0
53.99645987550294 63.4837657775205 0.0
140.15476875843063 181.99095159579562 0.0
92.44557731651742 116.40153998596932 0.0
137.1866563683671 70.05934955165536 0.0
133.17219300235573 55.1888193171832 0.0
115.10900414236932 129.73931069771666 0.0
109.83579688689684 169.7280622944789 0.0
175.24726802876228 18.80245599126631 0.0
147.39869552397977 107.46319156699772 0.0
152.67231576130985 30.826270617056338 0.0
44.6526184403647 44.273684709700035 0.0
133.11584120829164 112.29556321251242 0.0
187.0479186823535 11.830769593510148 0.0
194.74712483727086 135.16366089303816 0.0
59.85103869285109 99.75239231286767 0.0
88.68442045663087 97.19400277430881 0.0
95.9137043751421 197.9439490456839 0.0
114.49707310983803 172.5978951641321 0.0
162.8450315842948 147.83200021655796 0.0
95.58727657224078 141.92969486915234 0.0
171.13571116266624 30.768602040373484 0.0
114.22320603653388 92.89584807332591 0.0
67.7910789955575 37.70413335173539 0.0
127.12808842993455 2.679656844472711 0.0
69.2878350379772 136.29683577725697 0.0
149.91249805574444 87.57882514957541 0.0
183.1768567875044 179.9476125138722 0.0
172.2701405617099 37.198281790198216 0.0
69.41247979203611 187.81886775109203 0.0
145.7400026598323 38.13596438555062 0.0
100.49635835108799 65.71660122073999 0.0
71.97074063485094 36.04465922995696 0.0
93.78184479642135 34.78519814283922 0.0
11.805851166480164 185.14825698500837 0.0
9.792681977917294 88.28465112257942 0.0
134.14110343961414 90.73611235072747 0.0
137.16752692103296 106.29038886624083 0.0
128.38837548531365 62.85447682607624 0.0
117.84974784887108 23.975999027131966 0.0
15.513029210140772 168.35933258683673 0.0
5.399659543514446 71.20967604499795 0.0
9.994595159124064 193.69025230737776 0.0
194.81420224267626 179.5153054343032 0.0
8.69351113220107 112.17020403673274 0.0
113.99690175913855 187.0196434407477 0.0
112.48931268430258 87.33152989014945 0.0
25.028734528874818 62.82710270632317 0.0
122.68862519338697 37.71370299877796 0.0
147.6483830287037 19.334253642441034 0.0
196.58406484038633 138.7736764143239 0.0
187.858060076752 84.31618896177304 0.0
195.17788640319012 143.99504408064527 0.0
31.329060914450977 64.18743324488439 0.0
110.96722022692762 69.97750079416778 0.0
44.28886766033895 45.66024326992406 0.0
124.82034556242807 9.23336131101471 0.0
113.82954200725241 55.0935222380909 0.0
108.35639176143283 9.613375116225043 0.0
55.084893593979366 23.145896743641735 0.0
161.87366276351952 90.72911507966252 0.0
114.4817476991582 186.91677340439125 0.0
57.75449456971693 155.43480876084217 0.0
6.278461411708469 102.57950977532771 0.0
45.40747203420628 198.37659231079508 0.0
33.861619445817006 138.58121045483415 0.0
166.1906582555558 13.812609376427098 0.0
167.77967763713994 72.80388256357115 0.0
25.39214664635312 161.35259979863548 0.0
79.25012149321924 26.652047093103313 0.0
73.22726288622133 60.96097985737063 0.0
60.88454944141986 34.85222219067226 0.0
57.944391261132246 157.5127374816255 0.0
105.63380574873528 71.81995934720442 0.0
31.514321091826236 120.38674028907728 0.0
160.46329073186482 133.77051144232308 0.0
112.01075404094578 25.026400758082467 0.0
123.02614759706596 10.319408886799808 0.0
136.67247412494788 1.0929420546487156 0.0
107.61005415663718 70.13963392204663 0.0
175.77042380463232 125.78181666328692 0.0
70.89099333700003 132.31234393911512 0.0
19.78587345228968 191.06814800328527 0.0
58.535330236100535 98.3284170429572 0.0
1.038490292929839 180.09236582885308 0.0
110.4492252215834 79.26842634746482 0.0
65.78615164985635 50.59257881972301 0.0
45.482273457950306 68.50890423607477 0.0
73.95094470388999 142.23539520657815 0.0
135.65006077351705 182.37314863822212 0.0
71.00876758444679 199.89242780697876 0.0
75.44820101711092 119.46508203275003 0.0
150.21267754137023 36.354810730525045 0.0
53.588081927575274 173.99498815016534 0.0
103.20295796514681 45.67355167230052 0.0
142.4925404287715 79.22630034474307 0.0
143.1897136833956 122.25870407336683 0.0
35.147367458494095 154.24290397749735 0.0
177.27656981681287 41.06581717685405 0.0
179.4124195414874 80.5566786547373 0.0
3.1269283024725425 10.64322965505764 0.0
186.65389726181127 144.6454444798754 0.0
10.05697764702289 123.50933955124981 0.0
24.567200510694075 148.33166938560646 0.0
75.77250887661921 197.27401139183195 0.0
143.31751700948863 10.982644450878198 0.0
167.34939115092345 25.113870185698573 0.0
129.63319447292753 165.83315311760302 0.0
78.69038755168592 135.6563147151072 0.0
135.2446988030239 187.30202887207915 0.0
166.57375275510142 0.02256204631949643 0.0
184.06978844563997 76.9941519851666 0.0
83.54194932686576 17.725238016317093 0.0
126.80336399414087 83.14994853775298 0.0
148.26152935479305 163.31140161882774 0.0
82.07825248534435 31.62457913588872 0.0
142.61818816990376 82.08718139899256 0.0
80.12098740448741 106.04948252099734 0.0
179.69358711474567 85.95551943984808 0.0
107.83448396094977 30.649132935073943 0.0
47.90362696471839 119.34382752260788 0.0
43.49728040686929 81.25620280175463 0.0
103.96042239560681 140.39365758626806 0.0
64.77690482095721 78.38871356529815 0.0
160.95320469038185 94.02988198869686 0.0
15.512634846545925 100.82297493275436 0.0
97.72607029649024 141.22201661369118 0.0
124.73080894451316 98.91646921428901 0.0
101.86343630336039 52.69586318805209 0.0
185.61365953778665 84.00513625746171 0.0
150.9767776110787 75.54875882428651 0.0
22.650370984642045 123.51986887203775 0.0
135.6190204097545 137.6671339252161 0.0
1.9569957845626096 181.03723598686506 0.0
132.03588536755112 167.5404007859083 0.0
72.75957654075197 106.29994022290623 0.0
144.0961987093242 176.01044834780052 0.0
167.29267958557867 2.3125996730330334 0.0
151.1260002991134 171.6913615519698 0.0
131.87334914372798 174.93898173678798 0.0
122.00414213581965 163.2393122950859 0.0
113.66831892890832 104.9969783821975 0.0
185.75984230089156 39.3478831126665 0.0
85.68008173664316 173.66797238170471 0.0
185.04549929228025 11.289312874265311 0.0
156.7353106230675 19.107564476801507 0.0
181.24087851240523 153.01761783924005 0.0
83.7668496245177 5.46495080899525 0.0
128.57751174592502 180.29472282936462 0.0
180.4383635796744 145.08852851102404 0.0
89.55515939358634 172.99608902106493 0.0
199.1685528092916 130.51559488405834 0.0
25.05480048885933 63.697677072234306 0.0
152.86957534627342 104.91443514514343 0.0
159.93545998298038 190.8413296880621 0.0
38.222242331699505 27.96723914113557 0.0
198.53519981701385 46.221052597059575 0.0
24.068294531799218 178.75272983615383 0.0
44.37903590785097 134.2278715455508 0.0
76.50785022400687 78.00764895194712 0.0
164.52978316667634 4.23639534138307 0.0
6.548056156393955 109.2165484117521 0.0
131.4002657179461 17.711405605319918 0.0
146.65661196796665 171.29969212911854 0.0
173.47840500696822 68.05813995402859 0.0
89.33180319654484 5.239111320566958 0.0
171.29939523533133 83.9353444545593 0.0
153.80841447300105 2.8032610268824865 0.0
46.131970382851506 115.69530361026273 0.0
86.27666496597732 127.6009591360967 0.0
106.22865996239706 129.81051684934872 0.0
144.4993033346707 57.01563801405696 0.0
39.122683191328164 117.59197881073744 0.0
169.46951901431612 188.14126279502054 0.0
68.33697292823852 162.19923202492527 0.0
104.76044944366174 141.6615545637727 0.0
129.0035637615722 101.88784057722104 0.0
88.47463847638795 44.6844666374661 0.0
159.2745478928314 177.63505020767184 0.0
113.20975357105625 176.8642247518019 0.0
153.0384138059665 159.72992890666745 0.0
126.21460834081077 123.71350220024651 0.0
74.33857227351157 110.6093849623385 0.0
124.91739645069715 196.82859297714762 0.0
95.02355358545533 160.16692934721186 0.0
92.2658081003953 152.82087106378498 0.0
84.54128034167228 44.9562842902516 0.0
111.82656811870993 171.0680066612892 0.0
54.42253170792646 94.15724683031374 0.0
104.34969044660241 34.968764668282624 0.0
139.88162599080667 32.86660104864203 0.0
135.51060803506965 102.20562377520031 0.0
87.09507130827281 17.222085191821822 0.0
158.80110727698366 146.58953877135667 0.0
107.10182068718966 116.06280572953168 0.0
178.04783594087536 107.38177340111557 0.0
155.9015141236087 10.274799203976027 0.0
140.79495291098303 191.55776857723396 0.0
5.209985078158752 193.6656894212121 0.0
6.795303486104731 40.298521063633586 0.0
79.46399491985193 28.15778072495334 0.0
175.1123295894274 193.0651381347335 0.0
152.05016049777896 31.28421744133556 0.0
198.84270932860758 60.932664487713154 0.0
17.365603312798285 155.41808171297876 0.0
68.22754538621957 55.42940046493558 0.0
185.20094225589602 155.85977103383945 0.0
100.92776585363978 9.948496454769074 0.0
80.06879673233853 38.85309084590518 0.0
42.497139176748135 177.86868436751365 0.0
170.48398244047922 30.79604506930489 0.0
150.59421402109686 94.84146653710911 0.0
101.83428432004129 116.35744712177365 0.0
13.232217459553786 52.27236797534849 0.0
61.363554083800544 155.90583169038948 0.0
34.37379088102575 44.844079872034406 0.0
64.92165593956454 111.6025205923031 0.0
109.43533194843774 26.99980543721383 0.0
22.518580884544036 186.7059384704262 0.0
8.773341794225686 141.62524075176677 0.0
113.3530103627904 114.07960337168524 0.0
188.98318720189977 68.7381104068763 0.0
180.86815595327036 17.591535101821144 0.0
159.8483863688654 182.81431511553274 0.0
144.52079869661668 14.038163424376382 0.0
149.03634909256294 4.450284208513811 0.0
17.33203274948487 23.421092245723194 0.0
27.1443465412045 85.3811390914766 0.0
16.92119224759676 111.85035940855754 0.0
82.45729851776883 175.44493557016384 0.0
62.60715787133424 104.04327361482379 0.0
67.7867055782111 85.90323426368755 0.0
62.29412383413546 171.3330513597812 0.0
181.01802052551028 85.59881273987975 0.0
10.241602206309075 26.296922569018278 0.0
86.50134070283445 144.751491084684 0.0
40.4514115812129 36.558620230418114 0.0
136.1783853400341 75.76342914897735 0.0
10.287092724312895 8.015481944045067 0.0
7.346269807518291 11.225552796433803 0.0
125.07402927072502 181.6857699746604 0.0
38.216596397899515 106.38702876902421 0.0
156.81141350462354 138.56702266550457 0.0
12.936101150313316 56.67015084944054 0.0
158.75992185159976 13.341629665043463 0.0
24.492921645689904 180.38310825196035 0.0
32.55190659031353 80.46119155616861 0.0
126.94038328580703 32.603655475413326 0.0
65.60354194148677 195.08634274128823 0.0
177.627993640976 188.27680011453185 0.0
23.991363613397688 146.55430902327768 0.0
165.63714561534573 160.89008197223725 0.0
159.58835244221922 113.49146534777374 0.0
24.376893217612427 7.6603087244518475 0.0
170.13749259067419 97.38382421572538 0.0
34.30285810120495 12.985799965484679 0.0
137.07363650373497 55.363338508700586 0.0
35.980306727313824 138.98872272097995 0.0
158.2872910666632 53.163476057000466 0.0
194.22006625651278 85.29219961622958 0.0
191.65670051623076 115.6427754687645 0.0
180.77394926685056 9.747346453502615 0.0
130.05749063209944 164.9702768467025 0.0
176.083952307324 27.645575450450167 0.0
139.6918873611586 105.51223937921324 0.0
29.837575195249233 129.0219262248697 0.0
10.962393563569739 139.65468918824342 0.0
65.58908310899778 131.9754475071116 0.0
94.74755265606372 180.24178858211346 0.0
166.46476089975678 124.50291243295383 0.0
126.8203157865845 163.0051948919377 0.0
136.9775644208384 138.16261177265176 0.0
79.28227668261005 156.3050674907123 0.0
100.23477962483778 143.95508422335553 0.0
120.26988687221602 15.698485050061928 0.0
60.32988149266134 64.12813810884663 0.0
11.821573511267935 137.2965413425664 0.0
136.46769520843495 153.18372692055266 0.0
30.677470443424394 26.56655784993727 0.0
158.37967685968286 17.18456144817797 0.0
157.9163238184117 118.18125431343938 0.0
101.84411225893541 112.52868438006934 0.0
50.716933349462856 157.71196971289376 0.0
38.633672283705025 193.68055449913751 0.0
183.16422122150783 87.40837930409783 0.0
76.97065150254494 63.91743629582687 0.0
122.90305529668886 166.0024652304081 0.0
176.57806173291692 123.97029048268804 0.0
196.57543031593414 196.41975693162013 0.0
136.6724909769643 10.508568798852114 0.0
189.35978494243128 35.476256817248284 0.0
75.75252720398763 69.73877073126924 0.0
22.56374474899605 16.084714389090248 0.0
148.79423998651407 120.9567690099962 0.0
158.104596887337 125.18920786512331 0.0
80.47322663051281 130.71435398377616 0.0
189.84448672804663 149.59241981981955 0.0
132.29030917078362 40.33069847179347 0.0
99.13023156876936 127.03513816260654 0.0
166.98593697392994 67.7997517770848 0.0
175.5203901046772 121.33298687404648 0.0
125.3861374792665 139.71492529594633 0.0
33.56505609940446 178.07056049912782 0.0
88.8306168043445 99.65271335650753 0.0
92.63671886269826 111.29860446576643 0.0
164.59143791394172 186.52718501494633 0.0
