5 827
6 467
7 60
9 255
10 914
12 823
14 463
15 533
16 800
18 760
22 299
25 591
24 221
29 391
28 47
31 508
30 641
32 671
33 184
37 461
42 220
41 49
46 218
47 330
44 450
49 792
48 626
54 566
52 656
57 92
61 413
64 321
66 640
78 732
79 843
73 939
84 772
87 668
80 558
92 789
95 747
89 310
88 937
103 996
96 933
110 237
111 407
108 375
106 805
107 317
104 106
119 704
115 42
114 343
113 236
112 383
127 401
125 376
121 29
120 970
136 963
139 248
138 49
140 97
143 351
142 344
131 477
133 85
135 36
134 52
152 590
153 153
155 92
156 425
157 199
158 896
159 608
144 392
145 645
148 166
150 260
171 232
170 104
169 675
175 415
174 298
173 112
163 642
161 458
186 62
184 553
190 240
191 290
189 627
178 925
177 551
205 764
204 467
207 693
206 242
201 100
202 652
196 275
199 739
222 249
219 579
212 47
215 200
209 216
210 212
211 364
239 228
237 948
236 596
235 631
234 898
232 959
230 127
225 827
254 837
255 608
250 725
251 115
249 978
243 369
240 672
241 957
274 887
273 907
272 217
278 919
276 381
280 464
286 144
285 586
256 784
262 261
263 905
261 343
265 639
270 314
271 579
268 466
269 247
305 152
317 549
316 586
289 10
291 726
292 274
293 249
294 645
295 175
297 635
298 326
299 7
300 691
301 499
303 773
343 933
342 584
341 86
339 0
336 674
351 774
350 538
348 980
347 604
326 284
325 24
320 91
321 282
334 362
335 28
333 921
328 409
373 380
372 927
369 165
381 990
382 63
377 214
379 126
356 109
357 203
359 35
354 607
355 872
364 341
367 809
360 73
362 332
410 864
411 38
408 139
409 509
412 967
405 553
392 32
398 290
397 986
396 778
387 750
386 979
385 235
384 585
388 686
440 599
441 260
446 286
447 405
433 546
438 38
424 328
426 198
429 139
428 448
431 473
430 641
421 227
423 483
422 958
478 484
476 433
477 790
470 381
467 341
464 531
462 834
460 903
459 361
458 927
457 580
456 964
453 228
452 168
451 82
450 246
449 741
448 324
496 772
497 262
492 741
495 378
490 457
484 75
487 69
486 233
481 379
483 865
