57.51019082308926 166.55596764361573 0.0
180.8858013149061 102.45526086246149 0.0
195.6725916356447 68.76239147295135 0.0
124.57424157845264 176.18625471198243 0.0
165.51208747301627 9.857881487583375 0.0
76.8145047034952 100.92806349455171 0.0
73.65211597382422 36.85040846984826 0.0
139.74058590862484 128.66796030111283 0.0
172.37789375015925 83.41977995173704 0.0
90.88932941287273 26.781644969583486 0.0
137.77895569922862 57.32291693774791 0.0
55.71412017029773 164.4948184883964 0.0
27.406988688794275 35.98411309549468 0.0
93.13736877064875 47.81607441056679 0.0
13.841732949484342 57.1416389415438 0.0
6.257345209178422 90.69122623651562 0.0
48.56560887314942 182.2423466697114 0.0
26.457570859604253 4.074750179781539 0.0
74.80553798743547 157.34622336435606 0.0
61.54992935896255 134.80913661648495 0.0
78.50816465266122 99.62318207600147 0.0
147.21539959219314 192.64834397409348 0.0
143.3725849462637 197.09466134232017 0.0
195.88910384770804 66.45687522957917 0.0
158.8724800613769 25.092967265256693 0.0
98.3692730285015 49.56127340331249 0.0
119.45732871696958 154.98152064790781 0.0
100.81241880008444 169.42610315648966 0.0
48.630199142262434 58.99958085732999 0.0
153.40994061335942 48.27197136372372 0.0
83.35747529625147 99.66527422569776 0.0
6.924094899412769 8.948169786392214 0.0
162.2736229838584 32.99103078565962 0.0
19.394134606828885 184.31815271863806 0.0
75.40196699047056 151.8359749877136 0.0
127.70625122195098 188.61110558413515 0.0
153.6202186799278 149.03997375288077 0.0
37.35368271573671 65.63835106844027 0.0
2.8573256199064367 189.55447011585912 0.0
188.59625473815277 141.4685383813673 0.0
21.016060049190145 146.6054817378187 0.0
68.36138888826994 78.10098125627843 0.0
174.87350217421755 78.99449489541968 0.0
154.61141387882657 49.87170427365981 0.0
59.71944877636523 4.963260349793797 0.0
3.5348737496509797 145.77216909943388 0.0
16.250563909245773 62.61882889634727 0.0
119.80228997312791 38.555903764667065 0.0
37.24593259825482 37.73553351192427 0.0
86.25966822986459 55.45360250239955 0.0
160.80740160875112 186.8207636292146 0.0
171.81588322898364 35.51256380856724 0.0
17.45604817223907 86.65194381062035 0.0
84.91279805505442 165.02164395158965 0.0
175.1337626692415 101.06218817219361 0.0
94.84992682974531 145.17822509939012 0.0
109.1669322352264 171.57262189819428 0.0
4.368100499496008 165.09898387968235 0.0
13.506812102992738 10.53949272211161 0.0
24.27954134732211 28.47163761021394 0.0
65.06917190380135 3.804710210787343 0.0
74.56452150057748 13.590025725687305 0.0
154.75351966684394 14.408529510715562 0.0
16.23749943686814 34.21030608258053 0.0
106.73001537186654 19.743627008872778 0.0
4.4186658261335054 12.61133731303492 0.0
21.840067761281958 111.5999606792997 0.0
145.42935748362223 76.43760141388576 0.0
1.4643064059437272 41.870250204291295 0.0
139.3628409459822 47.34832807934162 0.0
134.96958873821325 6.256126754582714 0.0
194.4646996966274 102.19185265878377 0.0
66.8543279694223 124.1353352932842 0.0
10.789803222018657 56.36948529003172 0.0
98.96943967298242 94.82079065096363 0.0
47.9857677112052 44.24851920108508 0.0
28.699821518373092 188.762372191455 0.0
15.685540946029342 52.92933920028246 0.0
175.749274065203 66.81294895657133 0.0
154.8746451989895 3.366790756961713 0.0
108.17942839497638 111.5001550569892 0.0
14.731259626213888 66.79148582712517 0.0
42.61117067802436 1.3159685706891189 0.0
71.8203793258724 54.571808643254485 0.0
164.00481241060132 162.3563190718952 0.0
87.15586381844372 26.102853687445982 0.0
187.19306258912303 91.21331942612336 0.0
151.5271564026024 122.00380381763189 0.0
165.34871451493441 158.8430661135318 0.0
130.62019180032644 48.85050293058397 0.0
39.82671325199703 177.20212709142726 0.0
88.84487035501982 16.865376416834298 0.0
121.32815841005875 138.76636457862347 0.0
44.4142243684164 63.43217749394099 0.0
194.0914990321291 123.61581151620014 0.0
88.10330119644973 182.99815418522363 0.0
42.82412804133913 9.589846782145672 0.0
84.24852852698832 127.87190616088135 0.0
116.34524650671312 118.08706402657954 0.0
64.93115421238637 144.6200977332403 0.0
162.41885684786067 81.40466088107425 0.0
26.92120652254637 67.21185079759427 0.0
195.0133437593749 27.08239158124379 0.0
145.84119343126693 100.75473025112267 0.0
88.23210781880486 40.53653203782017 0.0
33.141564798885994 98.61167231622284 0.0
30.417438033574374 189.33951466771296 0.0
178.8627901269256 160.8834597797106 0.0
17.43758274839411 170.8213002041568 0.0
146.7917807774613 163.6866767159257 0.0
115.92491662437862 79.2388254975238 0.0
18.50302008874629 166.35235660030736 0.0
185.24077864102796 79.5801281456993 0.0
18.907813330313882 137.6159774765046 0.0
111.20044611939012 122.14018840971863 0.0
198.31767361847227 92.06451659251829 0.0
175.09952055632553 35.3256903011113 0.0
94.6607886567165 134.55192622545084 0.0
158.3407862400287 193.7163263941266 0.0
54.3733432821297 72.98935971099564 0.0
165.9684039090785 74.23056738853705 0.0
151.62012680229645 178.8620732850181 0.0
141.67419362708725 185.31403541074206 0.0
12.88191612312004 150.0200585050012 0.0
42.348433628357604 82.38909923890519 0.0
127.57966884399876 161.73486978703926 0.0
42.005600529320716 67.37446594633015 0.0
5.288630894590196 79.71035791486439 0.0
142.9230767995 110.90393119941517 0.0
26.228029746518587 52.68041617546224 0.0
186.088858407015 132.9437715990926 0.0
24.095046388645102 2.422048324473769 0.0
73.56198490078145 30.828531918827128 0.0
138.94443840367938 185.4574851756 0.0
42.10726568196554 153.3053060179961 0.0
82.69806800946593 13.414324791672882 0.0
60.473669313726575 84.99691040728467 0.0
71.00132712328883 87.9580242122891 0.0
61.94365325453484 27.76466351724709 0.0
92.52640101964116 131.40630188627867 0.0
169.28831618340354 143.7717967712471 0.0
110.45491269743968 175.5804830751262 0.0
121.02129619305117 159.61881472797282 0.0
20.755567175960277 9.143909607013523 0.0
165.85204069893305 121.74251302614407 0.0
128.00497618249122 77.62310177751873 0.0
156.49682537843725 40.34054469074238 0.0
141.8828099706101 180.502432356488 0.0
44.51384882694538 62.403838620464484 0.0
46.10519230917496 16.22852973969293 0.0
54.58647754478891 174.00950584574767 0.0
46.4430922492491 88.6559656193574 0.0
99.68646500718359 47.84703299889949 0.0
165.605157532532 107.41090677204835 0.0
87.80690369239224 124.02108587369771 0.0
120.14748907015735 189.84499718849307 0.0
66.46239070053429 140.49435411092196 0.0
88.20539462643515 103.69675463725872 0.0
52.911735733100016 114.10435367041394 0.0
56.725166164893004 77.2733831139427 0.0
106.06634782833612 13.908263504629147 0.0
23.006651215525853 147.910873742502 0.0
110.30524012303286 65.68033854247706 0.0
17.750230473375296 19.665971413120744 0.0
61.92542877987957 179.7065987977014 0.0
115.43462262782174 157.63849390244005 0.0
175.7142687733387 3.5919193179577924 0.0
102.73469824812132 159.01813030595807 0.0
62.13815322054808 167.61495035890403 0.0
86.82144477303223 109.89497654234216 0.0
164.89974211665992 12.236499483427066 0.0
42.768812066260374 62.06840868147723 0.0
194.12371314437874 65.68749169954648 0.0
122.92519024785011 145.534262147677 0.0
42.18894465550036 174.13278229418228 0.0
80.98999247718845 170.0255781089432 0.0
27.23262875523469 77.72751679960308 0.0
199.66856585176015 62.927352878986184 0.0
73.60988426141826 172.95292180666436 0.0
53.161642213441084 141.08136009597672 0.0
9.100083209321784 4.938944298722414 0.0
84.37812369078743 20.442034589177393 0.0
135.40892849601167 93.0511685747906 0.0
131.64305441997675 130.24002085155547 0.0
11.52321691777094 8.840019425087963 0.0
100.80520640446815 117.25517137541726 0.0
178.73298859413268 197.5204275202094 0.0
146.0317098846746 100.99609404292278 0.0
151.64353172284507 62.470466141776335 0.0
196.209868658008 172.02870686730444 0.0
1.2575582576121347 116.80785118855093 0.0
43.75913872931625 113.39152854326959 0.0
64.21578548427162 146.92336657717547 0.0
98.78905652967163 68.98074561663864 0.0
126.54171845750626 129.92078904413106 0.0
103.92172244093867 182.9834814260752 0.0
50.74452589914442 100.23297998597367 0.0
3.73026458362693 90.88285624104597 0.0
41.891509270462635 70.25430989249838 0.0
167.62752080574498 155.25396826635287 0.0
