136 503
139 416
3 261
4 75
141 543
140 368
5 157
7 63
129 120
128 660
10 887
12 504
133 704
13 462
14 985
15 55
134 964
153 813
21 362
156 357
159 192
22 643
25 6
24 100
27 78
147 378
29 46
149 707
150 112
34 529
170 564
32 956
168 680
33 935
38 491
175 299
174 380
39 18
37 757
42 845
163 23
162 939
46 39
166 930
47 610
164 474
45 479
187 161
184 938
185 258
48 14
191 15
189 579
176 145
177 760
182 476
62 451
61 271
180 495
181 330
68 225
69 616
70 271
71 402
64 803
66 967
67 981
196 765
77 839
79 592
193 281
72 188
192 617
75 874
85 771
84 852
87 420
86 136
81 370
92 497
88 356
91 803
103 262
100 422
99 727
108 702
109 183
106 951
107 620
104 637
105 135
117 571
116 307
115 386
114 546
113 697
112 140
127 645
126 822
124 757
