186.374912924707 156.63446524299098 0.0
190.2964689761139 140.57949490821943 0.0
67.55821636259036 60.310202703407434 0.0
134.97192993318913 80.94383524795947 0.0
155.21752978707397 2.1708786870028307 0.0
93.16414637854481 20.690989641958744 0.0
121.31439376322687 174.7766483722954 0.0
14.364843293651465 52.182523568627936 0.0
178.86389670523468 1.469454723286301 0.0
1.4918740190601243 140.20617249668362 0.0
95.34450138670691 111.02005919723305 0.0
82.65331179538103 110.78541167416358 0.0
107.63239109286056 75.18415695801406 0.0
135.73309018150385 109.39531715389836 0.0
4.775077945119177 37.835837306668196 0.0
66.58551822695944 126.88185133370355 0.0
40.426739175950765 192.66694446430367 0.0
15.25888515832512 22.82704155166475 0.0
138.52564146300682 151.01108293359823 0.0
144.55108508971338 63.7977665976859 0.0
63.80176294220552 182.17153053746495 0.0
51.33305674973363 137.8612081563651 0.0
42.960586489525745 105.70242284883915 0.0
33.45870934120203 106.94533701349363 0.0
142.8967808526005 68.41306272689604 0.0
143.71262221415563 15.068132042527903 0.0
139.04941220940586 148.43538770775015 0.0
167.1299080954679 83.15452287431346 0.0
40.01797281620569 94.51503548386093 0.0
169.15511151340024 190.10530474314226 0.0
73.81651931059771 130.75666939368554 0.0
79.49013642099739 64.9777764367328 0.0
186.6508806034337 35.3746610827048 0.0
100.11380054799939 96.58286343957326 0.0
156.86175758713173 36.57040243187242 0.0
155.83849143867982 104.4991288155796 0.0
84.68436760980566 59.47793415881853 0.0
141.9022434988026 9.44911031105271 0.0
82.73306793331645 105.18983482965709 0.0
165.4773130345427 91.17892347583852 0.0
62.62723447739449 46.195661714507594 0.0
126.60921677668983 28.427283300649854 0.0
189.93242007931272 82.13553092670193 0.0
38.982873037810364 178.26543818421231 0.0
62.59876233196866 115.5917013866575 0.0
52.045479890083435 171.03484586479462 0.0
157.33626306434056 179.71144031863736 0.0
3.3984408273224798 72.30467081051033 0.0
183.8744531586865 177.77464555468077 0.0
104.00347318270295 94.7165669987155 0.0
88.81183433881856 179.39004845344084 0.0
38.6309604302262 130.27949656876189 0.0
158.7681511575132 158.8242283553074 0.0
150.11125493323172 17.62258906940648 0.0
186.81048041669953 158.03781332394462 0.0
68.33258386261143 58.909482519049746 0.0
186.6318935773648 10.323679771659755 0.0
143.56196317222816 57.56278008045938 0.0
65.71926791407738 170.0122573377049 0.0
148.54833004867393 60.64260417286451 0.0
1.7546376172479894 59.529290452128045 0.0
124.99997804808038 58.66862005444056 0.0
5.7522092586819396 67.16183385101506 0.0
167.41109171633335 120.87007700728442 0.0
100.94120742305222 107.20842483753263 0.0
160.84509244907923 25.29383322052905 0.0
98.16219564182249 88.7598852942314 0.0
19.165264076239772 180.89562074647233 0.0
106.55263608046901 130.17725668290234 0.0
6.335915887240029 132.68506188669505 0.0
82.5550672956408 103.40397181761915 0.0
65.80024599430206 191.19034984428404 0.0
90.7891914983982 95.5694511413095 0.0
131.5737612364193 133.953771332394 0.0
127.08692707827933 34.91172794246218 0.0
149.57503531060706 89.46453799102268 0.0
136.99733111877413 43.867051104814145 0.0
198.848285523957 32.880736735351256 0.0
52.32604251320716 54.24458426117269 0.0
69.71520030730194 198.08756779730624 0.0
63.78183411403597 47.724835183325 0.0
129.52609413525477 142.08423441318809 0.0
149.56051528099857 169.49056382520874 0.0
86.56345940912134 185.38725238332222 0.0
87.70436047852388 103.61936478329498 0.0
148.78361390319165 96.08328988357906 0.0
194.33302307667202 95.93740532791715 0.0
66.46512876738949 185.3597968130696 0.0
50.34966332328277 63.35400405833569 0.0
46.465416129581946 38.78720486147231 0.0
105.98386796518082 138.26728381587017 0.0
130.66968024199244 120.32165911755088 0.0
85.54076785554902 162.45113466401722 0.0
142.3493292832465 54.94255923486995 0.0
153.98354227084732 66.90434378291069 0.0
121.5296560211052 121.03457437616689 0.0
52.48429119833806 152.4628237569638 0.0
94.09947920853534 165.06902785687313 0.0
61.83614299088012 20.546319850822957 0.0
49.27820772514264 188.83493156481924 0.0
110.62720014012979 94.23122528504004 0.0
136.1886249010792 53.415185843748446 0.0
9.334793614702019 116.91150012397837 0.0
132.6664987841389 94.29884859635959 0.0
62.00625398576045 119.12991489420999 0.0
188.07094109565264 148.46562284520903 0.0
183.95038496771804 103.73226420850608 0.0
96.74221558328198 156.97409502875564 0.0
136.87135658282816 115.31742806805023 0.0
119.88656654909431 125.53050570399755 0.0
182.1348848583352 32.0264494932218 0.0
41.05042169546014 0.7101735939417431 0.0
148.364090026694 146.03426888072536 0.0
113.97910651607037 150.94900086804722 0.0
11.320407447457326 183.67780301483887 0.0
41.53807371123639 29.117818801201455 0.0
192.03268243059256 56.97463960789759 0.0
110.50742767213617 37.43763487754703 0.0
93.39536811518869 135.35676207388155 0.0
99.44335698918592 15.689109029108273 0.0
115.96464203079917 179.76407661999104 0.0
175.43288182781748 130.11499087914257 0.0
120.43892517478297 90.81283135463774 0.0
100.45115238643179 53.109490593007095 0.0
37.31831448371494 88.57435158076072 0.0
79.16331307944439 192.73387164366244 0.0
63.49497609404191 63.56977140336526 0.0
97.3958593475394 156.29293255380483 0.0
31.034641818417285 16.90680102384419 0.0
24.13502795382618 13.652257004144763 0.0
85.16694384687177 142.05488558959763 0.0
79.79284617846984 63.67150032423932 0.0
166.51028900445385 191.57535541339456 0.0
109.61400719657823 101.07428900856486 0.0
156.8146374464787 119.1936159344157 0.0
43.479748413403854 31.27055044711804 0.0
118.01352835713594 190.92054252018264 0.0
171.99762071757624 87.09251286625938 0.0
31.13438503000825 18.500763242737015 0.0
23.648881630788708 64.10082417088292 0.0
24.623974724420016 84.28569300589868 0.0
88.89806026835505 110.06262933419009 0.0
70.90374291761992 98.69949572988983 0.0
4.552032839787001 79.39869733128899 0.0
125.47753336542672 159.7865977150677 0.0
85.28878563759865 94.84204175633803 0.0
84.67198348614997 168.89946306963975 0.0
69.1588446394153 146.2458060500246 0.0
146.0977771443243 97.4058848004445 0.0
29.99517062733197 100.42340422853988 0.0
170.17765484954103 96.36522028707088 0.0
2.050081603525733 196.09934599219625 0.0
61.59498232929077 94.44332594816642 0.0
160.81068482909657 154.4944287700834 0.0
16.274419656539465 38.90628587407026 0.0
8.826988623570454 48.76422744060245 0.0
112.51409475457852 100.35338900236219 0.0
126.5197691505145 44.45526079238555 0.0
164.14646450772338 183.91996255489528 0.0
65.31802917218535 48.33841224092659 0.0
199.11287798713747 168.00121198282457 0.0
84.10873068070941 184.42455408620035 0.0
178.5946917727108 26.118282332476085 0.0
59.864244511972075 53.662613385656385 0.0
29.85149290407825 178.36830834486395 0.0
39.44586699905359 127.76562465313752 0.0
130.1749897799582 65.97029215978336 0.0
141.96444581659225 177.80566689958292 0.0
49.87472306952914 45.73921572785362 0.0
69.71207548025234 144.6638429151452 0.0
38.96976484779411 60.890873483792205 0.0
140.56155324424262 121.11678212666095 0.0
25.26817429332211 160.40036078868152 0.0
115.86318899267268 134.28654378995805 0.0
180.7740624215354 11.207453567403846 0.0
165.25126263818723 192.37593686771572 0.0
8.869595704836474 75.88236875789596 0.0
83.40533079583116 191.05674678649848 0.0
6.477453334750516 112.93575266302385 0.0
153.69437028569203 162.57366370191366 0.0
63.41667009594527 97.77708882464371 0.0
39.764489800812356 194.57182702743305 0.0
75.42301096940183 159.3958936507201 0.0
178.51392001876079 145.85151033275906 0.0
167.81245811929531 81.16058932016294 0.0
146.53156578616492 42.69851726972305 0.0
53.52454490211771 123.70005844779475 0.0
176.9584777560439 152.13434131537983 0.0
182.2897770406413 193.653323770471 0.0
14.864185570827694 197.3753922611841 0.0
76.92343320260424 104.14302525327324 0.0
16.612794626866755 5.985845962251446 0.0
198.2557418448321 51.148791823467185 0.0
22.326499503496812 62.65415738936528 0.0
31.966208540634256 64.52674560217136 0.0
60.43702221571754 176.21837657075426 0.0
48.59776280521431 83.24189165074267 0.0
179.44819519499325 164.51090637180718 0.0
152.28421493564963 51.45026996106925 0.0
44.415867728011605 110.78849220052602 0.0
4.2321721817554225 35.388214813627286 0.0
184.28401980942866 151.9587012364284 0.0
183.75659312342665 20.596256835774838 0.0
131.0987974811759 121.50934853528273 0.0
132.67682035125128 164.82558599201002 0.0
153.25504039014803 88.99264083121604 0.0
18.137766832576773 54.04531302784539 0.0
52.312639268967345 113.11126286346935 0.0
44.42882148550016 137.28901362884451 0.0
166.55288138218285 156.89870107651146 0.0
146.1307550005583 0.6494134217945202 0.0
104.32779184084883 101.18166474787141 0.0
2.928742887209168 81.55037922084958 0.0
16.388209060328762 136.4576040961511 0.0
130.68754629696403 21.49564644963715 0.0
8.759283265860041 113.51568244239454 0.0
23.892455352417976 108.8140864426133 0.0
196.3647035146973 89.57495026692082 0.0
151.31774922505144 172.49157086750262 0.0
102.48397433965759 119.40863076043951 0.0
39.79190439653475 53.99988011543692 0.0
20.259756610417192 109.86888671386103 0.0
120.18681824427411 6.103342074117801 0.0
169.85508472916888 81.42165194319608 0.0
55.266086767994935 45.94417988776485 0.0
8.493182766934758 61.74650307751455 0.0
120.78505577373524 24.27800834483127 0.0
80.49535440481132 74.1517379793797 0.0
69.24342205117986 163.55105072168627 0.0
130.56514968115002 77.50030705680729 0.0
169.94867710827725 64.58105921505839 0.0
45.9500761692496 64.53739933578015 0.0
189.5568082529542 84.92421018665088 0.0
141.74459050786425 31.95590945889377 0.0
154.01418430072806 151.5805980746121 0.0
158.48123583672137 198.23123388211962 0.0
15.832621209917352 86.5111663426782 0.0
102.28938359792994 64.20226976954152 0.0
39.88727792748896 195.50934190620504 0.0
125.28399140155506 86.57063861784786 0.0
16.43486475434046 199.290866842693 0.0
17.47948531165664 65.93569605037877 0.0
111.8075721624948 170.23568760925278 0.0
161.40680076560008 38.67791947448789 0.0
75.24574786716178 179.03603201242103 0.0
186.7443273398379 105.94887716089045 0.0
34.590364428472874 52.5751357591155 0.0
54.65639807075473 33.221031370347085 0.0
34.063965791470196 197.68144077876877 0.0
100.1656923621588 10.296142601602408 0.0
194.12670865925386 54.97326504930777 0.0
65.76887009178374 74.36622018248444 0.0
106.40187639822997 12.829439062668268 0.0
170.63733030151758 167.66631589319022 0.0
15.923030031016271 133.5915616778584 0.0
177.12812661292563 26.453830105187336 0.0
88.46286814918645 22.42390225440889 0.0
39.96254837553022 79.49424502924359 0.0
12.461540627030466 3.8273341782542047 0.0
53.31295216848906 71.92846908369428 0.0
143.08013926091232 61.62389009499811 0.0
47.17106849619015 24.342451913344632 0.0
160.16272220599035 145.29894196022633 0.0
126.75394350175128 187.05484794648112 0.0
182.39818888528228 48.908268794940234 0.0
97.33635392651333 56.08396792691364 0.0
56.73108636466615 128.32760531371662 0.0
71.78154247409951 79.95048741496333 0.0
125.07817285510998 38.44254616455625 0.0
19.17466447247007 5.417727503023295 0.0
159.66550657717326 43.947074315114754 0.0
180.34645238745088 85.4666101040481 0.0
153.80849782592566 85.73916031456295 0.0
149.70712705565302 4.247740334595207 0.0
56.71532495100997 69.47235733387748 0.0
2.6936519222404254 161.44837443948558 0.0
148.90179295158288 183.6424602504538 0.0
134.26601985022106 102.45726061021907 0.0
169.0635594745969 51.65877018734424 0.0
66.27127230227083 180.90580485835602 0.0
123.75960163223405 175.669662132767 0.0
180.12656726038222 196.6092141391439 0.0
138.01834456101423 39.48260647964004 0.0
136.15560702300974 164.6265767087588 0.0
137.9859578043377 3.7390090959706246 0.0
52.04543945160651 140.10421053715834 0.0
195.99396791557191 148.57460523586107 0.0
130.27345269940332 148.76196104120754 0.0
13.931163979262662 97.31639306607613 0.0
147.98728798450225 154.32723891225234 0.0
72.56270060690238 189.33750891685372 0.0
52.7030935831587 31.917181585112854 0.0
32.44697275305559 161.0116441179686 0.0
43.32046805118019 110.31442935607355 0.0
36.35868651166301 140.778966901936 0.0
158.33512979568064 196.27737436391607 0.0
33.63448154335582 67.65585161080882 0.0
141.76329227408334 100.47110235970904 0.0
123.61508652242183 2.091001528950809 0.0
12.174430534176683 147.30048717887425 0.0
198.36591694405044 13.890819824484236 0.0
121.36199785954555 169.87228133366457 0.0
54.115843526593885 4.007320091206035 0.0
156.56444955001848 66.50829004354995 0.0
36.361596101911765 145.30201786511475 0.0
113.78171395152809 126.67704383253265 0.0
185.34318158961455 11.96970627196774 0.0
149.61513498304194 21.90679654610326 0.0
156.6033562447507 108.12622640037061 0.0
5.191639290003547 1.1878106682994272 0.0
105.60221578103115 3.134734182927157 0.0
188.11573492586737 30.567337256897464 0.0
45.8655922438332 34.565162016454586 0.0
97.02576917350055 173.08598874591695 0.0
116.90381140867213 149.25208170067427 0.0
178.21368758855422 17.899491281199698 0.0
131.14528125694375 118.73625642553066 0.0
14.900293913427443 36.375074255671414 0.0
108.38701992574349 87.44566093562516 0.0
167.14089594755563 168.14721095180408 0.0
51.772162647049605 190.2919592323033 0.0
3.969021190733635 121.56254413912248 0.0
171.06231819286347 10.928829116390926 0.0
99.26859810102965 10.63931148868762 0.0
116.98031960261501 142.73869827516174 0.0
198.99803241937752 44.61178104394434 0.0
154.6568904430331 61.68495285833133 0.0
109.7721108627299 36.32560548623003 0.0
174.72246625508592 123.4868140965291 0.0
107.44082270914792 102.19523898503691 0.0
17.343213904224818 157.14452800452057 0.0
19.186683148506823 89.12994197195894 0.0
167.50816138762065 42.66271133630764 0.0
193.79518370613954 182.78015304176697 0.0
69.13217103631001 32.890144399145285 0.0
142.1357173161329 26.65138668398366 0.0
101.04716759396808 7.714449725744377 0.0
103.52307443308086 113.07801669998511 0.0
59.71203427362535 133.42054695539417 0.0
173.51259948283126 194.74479586049924 0.0
1.4792738391162352 140.84204280758257 0.0
114.81470811537721 9.38905715298819 0.0
111.51439572817148 33.00498254007964 0.0
165.39739847133688 110.51203657980062 0.0
86.97176302771051 86.28374517435151 0.0
56.478179091220795 53.3729962450662 0.0
148.78850248368522 118.65919281552722 0.0
57.98965801759286 198.23508955291135 0.0
29.46583806151559 164.48948459195168 0.0
180.2357758352444 161.77734376308064 0.0
123.46506546523008 117.27418742667686 0.0
77.83859106474289 72.78232466017003 0.0
32.3531745808753 180.21282559863187 0.0
125.70829376325796 69.65443774402402 0.0
188.59090565699844 98.92911744079684 0.0
166.6518426619934 115.01913297981446 0.0
99.8639541045799 141.55258071338014 0.0
166.36862646787864 196.5985068162129 0.0
20.11565317446642 38.41948922599834 0.0
53.96415860521344 133.75423987257747 0.0
123.947538312514 196.97540965022594 0.0
174.7457836497049 115.53401543566417 0.0
137.81172438279546 67.03194777886874 0.0
36.947115907031744 158.7528933011475 0.0
64.42708305119858 147.35060462886096 0.0
195.16069336999925 93.58651786147551 0.0
126.10886856354371 196.59690097984998 0.0
180.6412894862035 59.348187873514036 0.0
148.20931390136133 140.0283679054059 0.0
162.27497116220133 24.567289182339703 0.0
105.62451379192963 147.85021229656357 0.0
101.8919470890123 133.1818096861352 0.0
63.33074847660316 1.9927572619892198 0.0
153.73393465208105 122.60296966882677 0.0
56.17115733311113 165.13524086428987 0.0
150.26968706561473 59.605401361186374 0.0
173.6215768614826 119.12060110861592 0.0
15.185101358150055 196.4414713920543 0.0
42.02205257146476 149.47646391438312 0.0
49.25711548444234 62.27383086371026 0.0
29.768477907505453 18.577643872611628 0.0
45.95343789132911 173.96542957697906 0.0
40.21647205399845 92.05591428623059 0.0
110.98296677675465 175.46162458768947 0.0
102.5576081273152 61.38309666925017 0.0
83.65457885397902 196.44438951640237 0.0
122.68572266596082 40.1237141871371 0.0
187.7847509834139 158.6337454788491 0.0
114.07900663290107 102.17396866779043 0.0
176.02729408810623 52.05706068775366 0.0
192.98127149593455 77.37393644562658 0.0
173.8813362663224 53.80206758029325 0.0
192.67370203195057 23.200275170376816 0.0
78.26643896412786 168.21477078421626 0.0
128.38612711603824 50.81704611033637 0.0
120.43660787112283 30.198717337970994 0.0
127.4047185345647 99.58251718953896 0.0
64.13766785012331 32.2175064365563 0.0
28.190788640924993 26.18019387313064 0.0
77.29549448442839 10.797563016617717 0.0
47.83325973388124 2.8625866562727476 0.0
189.1550873384288 159.77368972849598 0.0
118.91500414874953 103.86655009361571 0.0
24.67362387158878 25.215101539321473 0.0
104.88134330874652 99.87936538456876 0.0
194.1031874840304 180.91498638490893 0.0
117.25654502954741 77.50500007751573 0.0
108.08181678187287 83.52200174961891 0.0
178.5620920962917 154.00033136679528 0.0
87.1842619042826 62.83736179090405 0.0
101.5483406622109 67.12143855992292 0.0
39.76671229951183 15.496510195902502 0.0
88.35892349011485 185.74032280662772 0.0
93.0725223740738 139.19968817165656 0.0
192.50508908842178 108.96284248485017 0.0
179.9487589594582 169.851027610876 0.0
32.03499311365332 99.79877495404834 0.0
107.15627224792561 65.41109375907817 0.0
194.04075513995045 134.0054807315054 0.0
61.13879179061441 117.9630934782781 0.0
28.65397528202285 135.5466740264235 0.0
43.249244505367336 69.43835876530147 0.0
194.93803145454675 17.17841752697369 0.0
168.81452050246995 156.64195423927652 0.0
191.593576435043 47.994458343563174 0.0
113.0524851423502 117.66455345941891 0.0
182.151160425787 29.333624982359584 0.0
41.738075962210175 54.462120913874415 0.0
107.33296389250533 176.27212139158362 0.0
125.64793687887435 65.33020975640599 0.0
166.52328937964992 73.99391364613912 0.0
5.19597147067532 136.19496204962837 0.0
45.79534071151494 6.652796117308868 0.0
145.30503387013565 111.08825886757245 0.0
171.69961248192303 140.90992945654907 0.0
100.44263045458032 49.869783966620005 0.0
178.02699353822507 87.15100811280713 0.0
95.88153242682309 125.2040010894969 0.0
87.01759534884918 58.457525824542714 0.0
23.628817711864826 10.995505305741183 0.0
26.993983139034672 0.7269202051655155 0.0
150.09981243595135 70.9313209092789 0.0
35.1554628494259 76.90667429252103 0.0
137.49614817932573 168.47423926843567 0.0
27.277758309968814 154.12776952214327 0.0
191.97994154308486 188.59643883503836 0.0
155.32026842350854 64.59323293118126 0.0
69.11899992858869 186.7380231752922 0.0
119.45097460802087 189.3977584540471 0.0
90.71070251466766 61.92043250100565 0.0
152.75674477563916 149.02479105398808 0.0
56.97499790899079 188.63993273570915 0.0
154.91471962702207 75.08766465746146 0.0
174.23987733143065 136.11176928230006 0.0
15.358217015850162 84.95183341568782 0.0
60.62538173238474 53.630854928697104 0.0
136.97840092984313 184.19538830780937 0.0
140.86503164495855 107.26012022164343 0.0
148.16080641956947 81.43550952959532 0.0
96.28650597482446 115.75314049576173 0.0
173.96358627634476 115.86872409811961 0.0
97.10599033037593 52.562672171132505 0.0
26.50219544706458 69.94320507647527 0.0
111.57365665003962 155.9824144162819 0.0
70.11300904551447 67.90159556248463 0.0
60.14034462478215 20.91423924375495 0.0
118.62618964513263 45.50324127288212 0.0
162.69852024650964 33.44878175760273 0.0
130.08598527783863 17.05496620589484 0.0
113.08319201520757 53.392362165566645 0.0
78.51432471973136 162.94984403748413 0.0
107.40150239409041 150.06864915572982 0.0
2.821543153198247 14.233743995088922 0.0
51.39234058724409 53.16870705402812 0.0
59.725773773768665 120.28975203660328 0.0
76.90017145724286 193.1184812752307 0.0
40.55042043325467 151.55086239966676 0.0
8.680272875437778 174.37796264423034 0.0
51.026834291183334 11.22162779923821 0.0
40.135028591165444 50.28168419202379 0.0
98.73730965976746 8.30984410729152 0.0
0.2141083771776353 49.47550725537242 0.0
184.59115598421943 78.83955008571893 0.0
23.593937672408003 41.699870972667895 0.0
152.73446640467563 32.937046993505504 0.0
172.38475695315566 24.615123495376135 0.0
17.55208892280715 52.55185153803996 0.0
199.99639428852717 63.559789310682824 0.0
156.92801715001704 167.89489399963736 0.0
196.42662893600232 22.57793513845181 0.0
37.688278790281494 0.2465336024214171 0.0
109.11891802452934 87.74714414177348 0.0
22.15821173361947 74.60728500920924 0.0
94.66900923355442 102.78390526826145 0.0
94.02384249075189 77.73449742017044 0.0
124.0427815033315 112.09853996419044 0.0
37.19482133807126 165.4284759850447 0.0
37.60048658033259 37.917080552306246 0.0
103.12432694827653 7.501895693082483 0.0
126.10539171042512 105.78286072271916 0.0
110.04897613273717 99.68667859178157 0.0
100.02757055566008 76.69587156635296 0.0
31.869744090019147 168.8027622630679 0.0
1.8365057675342467 144.34325386800154 0.0
54.902671858533544 50.83358062937218 0.0
14.608841328400345 112.31958532696433 0.0
7.4858654820322945 31.123279546540484 0.0
25.16058625464044 178.93101707817254 0.0
0.4372260541831041 101.73113139935863 0.0
11.045784118254275 126.12248653990288 0.0
55.61510388251585 113.04883311267197 0.0
38.146476755049875 134.2626689934571 0.0
45.3418700002963 175.10671037311863 0.0
79.21166972487224 25.966626074215604 0.0
17.208196473633098 98.5651733129146 0.0
193.58574295600982 79.83133704782037 0.0
136.78379433290252 156.2080724577016 0.0
44.4996316246054 48.90470273895562 0.0
45.01790229779212 192.82490626658532 0.0
72.68083464757638 68.90388232911594 0.0
197.62088953707416 114.6891986592635 0.0
93.67123989139081 147.64416557990967 0.0
130.47603147748694 49.41055811399131 0.0
41.12439160049863 89.83483345706394 0.0
178.13833088914598 182.75839924612006 0.0
39.48684314100037 30.343863006423245 0.0
161.73503513588358 51.12547805525889 0.0
156.85088591872415 24.22853301922656 0.0
158.0904621447771 96.61982056316931 0.0
62.398840174348955 173.27444745580806 0.0
63.65535289783955 176.34381663576355 0.0
192.74189553508452 156.4806236886092 0.0
74.82898001986268 58.23971005028301 0.0
117.58925533710392 175.87379571182367 0.0
20.519852686786866 132.9508492666724 0.0
187.56624465913367 29.230222428758367 0.0
103.29889313305256 24.468604027463137 0.0
45.63275393931756 77.72873256087306 0.0
32.256552246586146 91.90487399091629 0.0
188.43624475093665 89.2539680245132 0.0
163.68334239350136 180.55074660576375 0.0
75.06641363779607 107.01420018322956 0.0
104.95089004855632 2.45192219066368 0.0
98.06128524082622 18.333211368127444 0.0
82.47862984273875 5.0519445199090685 0.0
55.14748796270619 179.92129656350266 0.0
26.42881696917485 121.02460214369731 0.0
190.08009250554468 93.62559781391188 0.0
182.7806636336895 183.23713494916967 0.0
7.080410835908024 120.60524932173777 0.0
127.69189742249792 35.85620534628895 0.0
105.75277668068506 172.0723244421592 0.0
129.56408419934456 75.92892327649217 0.0
31.994261871238017 21.184690134828088 0.0
80.98576434848543 119.3414715058954 0.0
195.2940548553069 143.37225151004324 0.0
105.73529866562387 100.87831569837986 0.0
63.952011339687864 11.323467512988628 0.0
35.28308544884236 190.17510784860002 0.0
117.12880152107977 146.05417328199715 0.0
44.740710912672796 33.67890512563554 0.0
6.272721376335966 156.9261976980804 0.0
39.96233291749631 17.299457154507113 0.0
58.35123882590678 91.17850053295172 0.0
95.5113817897138 85.25577850083212 0.0
39.44799996023558 57.478858503760264 0.0
157.4636377369612 147.69245039914867 0.0
189.6689487968206 88.1995511384616 0.0
145.52533089177356 62.96037268018313 0.0
138.9339304377159 161.56562139389666 0.0
115.70290604876583 190.02717433911744 0.0
18.113048394309917 17.519785981720126 0.0
77.76880530048975 172.30252763416937 0.0
91.09977163018416 70.09325791166448 0.0
1.02548910000968 136.2342420740503 0.0
150.79569317159184 144.2671314571932 0.0
87.37768944441522 66.35101924889032 0.0
145.61459020212365 146.7542457203021 0.0
142.48069603293402 152.99828649236255 0.0
32.996213148085076 117.8267451723831 0.0
33.74038297113966 199.83377726912917 0.0
92.55319334606615 5.2599595417758715 0.0
188.19830839923583 125.21972439972275 0.0
73.85708988396674 151.65839741989123 0.0
53.8432954546725 194.96907513544798 0.0
2.502513029420994 92.87509162584442 0.0
24.648405037522146 83.47316935219658 0.0
22.9710828354164 27.930754985832284 0.0
112.64032506354253 176.05891960804422 0.0
117.94972194308725 39.78459315845249 0.0
39.565770934574054 97.49362162153983 0.0
111.14067672452681 21.50382182315651 0.0
16.22748044387059 79.87590457794307 0.0
34.23337395776358 93.82441386228146 0.0
79.32006906871456 67.72177904189896 0.0
118.59117439476225 87.79074716000963 0.0
63.603928006252005 198.8747584483728 0.0
158.3387374691728 10.1072283803741 0.0
101.51307120769215 96.93967018108852 0.0
183.9186381783827 109.030301765287 0.0
162.80072966894994 64.25985395724632 0.0
83.8186606317155 15.074449047402073 0.0
173.5842175564575 174.02783884676282 0.0
17.0539550728829 43.50124635255703 0.0
87.15851003286832 25.93993813580189 0.0
170.12114729258278 114.50575387262963 0.0
118.20568052783898 151.87541399098598 0.0
29.52423620344433 72.20983771021335 0.0
197.53525992627738 136.40130508072716 0.0
64.60492451131327 65.01739208623849 0.0
156.24826660648813 51.47421206713063 0.0
145.2928839829791 87.58170995007639 0.0
6.225624073236902 195.53068264586383 0.0
155.52425647274737 178.5804945829513 0.0
148.09934797037758 174.22820739272657 0.0
105.4594584706084 118.6894584186904 0.0
8.37281872892941 63.41906020116612 0.0
194.2642394847635 179.59065906519953 0.0
84.11412356755224 154.5095667460205 0.0
130.10071061282545 137.54705190482696 0.0
56.65449276317762 198.1777509167515 0.0
175.1078522402589 184.0200744726758 0.0
124.98137896067416 134.4925077539464 0.0
50.533942180392486 141.0024200589514 0.0
5.023774892905908 25.797890387743294 0.0
10.81595580162531 120.1833695638982 0.0
142.78510275159059 93.29627415681574 0.0
75.28400495092438 52.759462357568566 0.0
197.28672070704076 199.084642706002 0.0
192.30157560170966 160.64854709417395 0.0
163.543118467653 12.46838766964682 0.0
3.0351451438088706 40.060627342760014 0.0
26.297451358441283 52.69738881013386 0.0
70.6796494886978 184.82410351897107 0.0
162.00403756795225 9.839548501596962 0.0
145.84896542428046 89.5614738727191 0.0
39.552222898328914 11.327077322791457 0.0
49.97351003391852 141.75375676184677 0.0
109.48374162502958 23.78131296097765 0.0
75.92975369666537 136.92830499906685 0.0
116.96366299351118 158.0420678409503 0.0
28.759370066624147 32.64987452536021 0.0
25.522679968719086 79.89787103348549 0.0
159.21843461233755 94.69024895385212 0.0
96.59643039314577 19.833681160847362 0.0
79.03003942161007 82.69696160912542 0.0
34.14523108081657 22.183170080301796 0.0
89.09635277926753 172.87695087770908 0.0
74.14556815801066 77.39268060502124 0.0
0.559116531755377 121.65639557097985 0.0
75.50233207084406 40.674607705913665 0.0
83.4802136341621 136.9731588749921 0.0
51.93875088472992 156.14798088952602 0.0
39.04694990657245 42.803693199501794 0.0
173.6786736954366 177.63455037312264 0.0
58.58934179024444 197.72149766746304 0.0
63.243737171056516 105.59881912957157 0.0
106.32956097478312 59.72955822861372 0.0
11.445717405684608 44.2909440284607 0.0
142.66659027225344 77.3045659108563 0.0
147.66223500524185 23.971593524579006 0.0
90.93180098026798 130.53589888518889 0.0
12.741732047178989 30.16825692420295 0.0
142.93409472438236 46.43775922437199 0.0
3.391457052923097 135.23273992147128 0.0
97.24602728672171 168.9581893800359 0.0
183.66013798953037 137.04000450891905 0.0
29.06513596727809 176.90390284335913 0.0
192.13456309374507 75.48870427569123 0.0
101.61749578443873 111.94527899656038 0.0
12.727426345566982 19.534098062868765 0.0
146.45338694620781 104.06110637605255 0.0
22.44132767590814 195.8044691256182 0.0
163.61773240282068 163.2280303380587 0.0
181.2518441994357 64.4222773809972 0.0
122.56074635175331 43.85495884729493 0.0
87.26020490888584 138.47175319463693 0.0
180.78716535864848 182.40793062107798 0.0
84.52415075671307 190.62489749204042 0.0
79.62505730688159 58.866394553722046 0.0
81.48307034797415 193.75813809062126 0.0
25.128234950110915 39.096999461268986 0.0
14.651672588653453 101.96225074034335 0.0
17.008926812796823 17.926450731354528 0.0
175.2638938473029 194.16844238276192 0.0
149.63024911558747 1.6402070746236008 0.0
105.80690774938581 174.6837821357517 0.0
76.47091305498444 143.82915368275883 0.0
68.89259800299756 153.24954785166972 0.0
3.1072030572934395 79.9516652457625 0.0
192.67192928992745 11.806315223186115 0.0
53.640333514754744 93.67382738041037 0.0
105.00530986952204 105.96990729560005 0.0
41.62987436215233 91.9958392588357 0.0
182.85984241817403 146.29269555109298 0.0
168.9769147940973 166.36801499982207 0.0
63.912336566812385 57.70504150674156 0.0
174.83336572640414 73.44501185026293 0.0
194.09453539792236 25.101922796779807 0.0
161.49657733228898 81.82232081011615 0.0
117.82502626763298 198.86020562658396 0.0
135.38142608782414 100.04429953294056 0.0
156.92998886689767 56.142192038874825 0.0
18.544577412182804 26.36838820757632 0.0
69.76281687055842 192.16156080651342 0.0
109.86873568310529 42.215412118007166 0.0
33.79039409765448 150.15797036921552 0.0
104.89725344102072 108.93125724486555 0.0
52.921718784631636 189.6470120111411 0.0
19.442433680215345 21.430433432052375 0.0
55.11228676679423 39.582438437321834 0.0
104.4736450972972 22.487399397832732 0.0
116.28547005610824 86.38801063761039 0.0
88.42412307711353 187.88689005178313 0.0
23.37003169298808 106.38647229359125 0.0
37.93822785816863 155.33961480806485 0.0
172.2606057929894 167.97359454709735 0.0
189.2136538683793 89.01531303834247 0.0
185.76582785634457 100.95550555518389 0.0
69.4760002064967 46.74008229252744 0.0
32.11671439042409 158.7878315614152 0.0
101.75582827405538 148.35059972643 0.0
26.36550210438482 184.02543682992228 0.0
66.02119136399469 131.39282633460405 0.0
105.01313592372732 128.11202097732388 0.0
75.85142588980477 24.29836713937401 0.0
178.46138751703603 173.70889112973555 0.0
122.22083430014547 167.36678852986574 0.0
186.39328431501312 161.08282958226877 0.0
134.593637418388 68.32759067425928 0.0
107.94348182021561 129.6430434223395 0.0
114.41444355115439 191.9508347561062 0.0
11.527957418664858 151.5376258270656 0.0
7.211291430514799 152.12075092069944 0.0
68.46016840937146 56.290287720709166 0.0
196.91106495034688 99.98187809039302 0.0
99.98878235897072 123.77829145726866 0.0
29.60004477146334 183.21276884631243 0.0
79.14969984289935 157.42300605263443 0.0
3.8449323339258212 189.177408509536 0.0
66.83309619015454 140.2847191244422 0.0
0.8228212237412436 78.64994774213969 0.0
125.72381130342171 123.82362087213536 0.0
169.8909968333829 67.0036555903218 0.0
26.281512030141286 102.40929167034987 0.0
33.86073013694195 16.200176829093714 0.0
35.6845372269786 186.231270191647 0.0
33.12155338766543 163.61068269649712 0.0
163.66940666329478 1.083550115166143 0.0
88.89573920425842 32.64567005297086 0.0
128.45566267310815 115.5663083682593 0.0
33.28524349743833 145.36555989269542 0.0
1.4535633721896257 24.568311770053207 0.0
127.40630478460116 88.68946665690787 0.0
191.20992286900272 2.463871985142241 0.0
168.78967524582015 173.51498708797854 0.0
135.05527602911184 180.27852150112986 0.0
75.3572741829178 170.00695066754156 0.0
181.17327968270575 98.1478016782931 0.0
125.66888447363598 2.508560842788765 0.0
64.32110797421599 137.71404243087943 0.0
33.765261797545044 43.97364121572445 0.0
105.18747637538641 48.676116136367995 0.0
141.8169422085598 162.5138849786284 0.0
196.38257147789756 49.527649732513424 0.0
24.92075841289394 141.6005152984039 0.0
177.31218299637993 104.5893514754765 0.0
119.76889498328582 120.65488978761614 0.0
145.69599731022993 157.7615008585635 0.0
12.548227700363457 84.20806572868554 0.0
5.24788757743091 137.99295476612124 0.0
151.31032675082386 165.5044899457803 0.0
107.04382594235517 42.2832847644578 0.0
184.18547155752495 24.370419955681633 0.0
6.36088572296285 149.10503448334805 0.0
67.19679608728416 9.362932516192313 0.0
127.27856755093524 18.45336072125663 0.0
134.0634274513894 20.660697169191856 0.0
104.0915431243205 194.30066112763726 0.0
75.26438523618224 152.85300835916837 0.0
151.59069662322352 41.054069906794474 0.0
34.767767312650896 115.7289010586099 0.0
5.527131440744282 117.6840341986465 0.0
0.21258637242300704 106.36342618157862 0.0
170.08171790305155 121.51253185951933 0.0
135.96342091358324 37.24358077540009 0.0
10.920431446532985 118.21970429898731 0.0
88.34083763591649 12.871568736091232 0.0
40.42365606424434 115.4481402767148 0.0
178.4634037072956 91.2285023342414 0.0
155.93542027843108 34.45415611933318 0.0
190.51989407984976 66.67689612972028 0.0
12.38623416396627 187.5760002059382 0.0
161.92307653137297 67.32560323531784 0.0
137.4012441332776 78.85892469076397 0.0
186.6793356527541 172.57625300540704 0.0
30.012950049143683 110.99760604797919 0.0
154.4411709600073 25.515444230646644 0.0
123.35575301681779 3.826614730637523 0.0
165.09240779020502 140.01231922403065 0.0
