2 6
3 551
4 610
5 487
8 415
9 394
10 222
12 298
17 802
16 823
19 300
18 794
21 718
23 563
22 838
24 742
29 959
28 966
31 335
35 452
33 107
39 745
36 610
37 341
42 995
43 47
41 54
50 164
48 364
55 680
54 714
57 199
63 529
62 313
68 745
69 624
66 703
73 215
75 378
86 478
81 388
83 129
82 23
92 828
89 421
102 934
103 264
100 315
101 227
98 868
99 380
96 755
97 993
111 967
108 795
109 644
106 61
107 906
118 58
117 484
112 208
127 856
126 331
125 393
124 812
137 155
136 537
139 621
143 753
142 566
129 437
128 346
132 980
135 94
134 656
152 283
153 20
154 818
156 510
157 314
159 474
144 956
146 27
147 320
151 764
171 904
169 781
174 807
173 62
163 505
160 645
167 27
164 991
186 603
188 283
189 511
179 931
176 35
182 365
180 451
205 626
204 698
206 307
200 283
203 780
202 344
196 498
193 603
192 503
194 686
220 828
221 839
217 863
218 292
213 713
209 855
210 248
211 697
239 156
238 504
237 715
236 704
232 3
228 93
227 475
226 831
224 820
248 140
246 915
243 660
275 241
274 269
279 318
278 120
277 960
276 93
282 530
287 445
286 450
285 513
284 809
259 812
256 606
262 278
263 110
267 46
264 633
265 669
268 329
269 653
305 899
304 619
307 870
306 203
309 825
311 287
310 48
312 832
315 419
314 77
317 734
316 177
319 274
318 975
288 104
292 331
293 656
295 507
300 200
301 864
303 531
343 768
342 271
341 360
339 255
338 714
337 931
349 512
348 39
345 61
344 186
325 176
335 552
332 590
333 77
330 678
331 299
373 940
372 228
375 529
371 548
370 470
381 786
380 976
383 851
382 542
357 421
358 272
355 447
367 531
360 756
362 972
363 978
414 60
412 165
402 295
400 845
407 968
395 666
394 205
393 112
392 323
398 759
397 783
387 702
386 667
385 819
384 158
389 123
441 121
433 961
435 327
438 979
424 226
426 994
428 532
416 297
423 365
422 544
479 139
477 168
474 375
472 41
470 847
468 810
462 66
461 694
458 340
457 186
456 996
455 71
454 153
453 568
451 452
449 22
448 582
509 856
511 983
505 628
500 941
501 135
503 416
499 259
493 285
494 580
490 199
487 458
486 72
483 711
551 272
548 566
549 151
559 233
556 756
554 915
553 44
567 495
563 997
561 199
573 180
572 92
571 330
568 879
516 208
512 361
513 58
526 305
527 672
520 988
523 422
532 821
535 392
534 715
528 711
531 96
543 447
537 243
536 407
539 838
610 994
611 113
609 147
612 635
613 688
618 444
616 558
617 167
623 582
620 325
621 241
627 668
629 3
628 957
639 933
638 285
637 965
577 17
578 475
580 196
581 938
583 348
584 699
585 328
586 515
587 282
588 906
590 162
593 3
595 772
597 799
599 298
598 149
602 236
604 435
687 619
686 435
682 559
681 968
675 783
702 795
703 130
700 914
699 544
697 988
694 162
695 283
692 261
693 470
689 292
653 635
652 957
649 887
651 365
645 196
668 986
669 290
670 744
671 235
664 301
660 667
662 890
659 458
746 523
745 69
744 451
748 683
739 553
737 484
743 444
742 279
760 593
766 734
767 215
765 333
758 600
756 27
757 983
713 734
717 867
716 470
719 629
718 28
705 222
707 940
708 924
728 699
730 160
731 962
732 34
720 224
722 975
724 787
725 803
727 478
800 123
791 414
789 219
787 487
786 698
784 150
796 352
795 567
793 319
773 963
770 890
783 917
780 864
778 853
776 840
777 299
