57.8876181892092 39.05503920607172 0.0
86.88127069733713 107.98602267009403 0.0
104.65486673063312 55.523483532871175 0.0
45.4757411732899 158.18077411391843 0.0
161.50483599861158 160.4112647605153 0.0
151.70921727538146 85.33101010003037 0.0
131.21081489897367 51.94855329091461 0.0
135.74759106858457 110.61617934873014 0.0
80.15180051953874 77.81785877559817 0.0
142.84837439454233 58.37092095645004 0.0
1.6334627140735414 72.99284784244529 0.0
61.322924552680824 162.94825651341404 0.0
193.80201212987447 87.74536495814733 0.0
148.7250715568861 48.82286582090345 0.0
122.39639117556145 9.708568247710424 0.0
117.62467905326932 104.71694279701906 0.0
153.6231781234578 62.98570260490073 0.0
147.988954280754 67.25762398004393 0.0
88.72768156090748 27.645578213202594 0.0
130.1082258659493 5.651608337018255 0.0
9.37380739938427 164.54734835909588 0.0
10.167000991386232 56.08915908753753 0.0
151.73428142975334 53.28883218963711 0.0
9.97522866867726 193.06610953234636 0.0
167.23190963234978 55.17405715728123 0.0
123.03873215762341 44.53928313180062 0.0
199.16162796165048 98.44743576817491 0.0
51.06177868244954 58.80707268754928 0.0
106.96210034468385 149.64334751167925 0.0
38.13890136066882 13.233632946398055 0.0
103.69477975643484 82.75164733925118 0.0
84.30713527975 118.41165604390955 0.0
37.3273097376503 87.00105748475826 0.0
175.79381865503717 16.085246434514055 0.0
142.7072791692024 64.41401747460351 0.0
56.20927641759845 195.13101217638015 0.0
118.65137733115326 59.88814136704559 0.0
81.09767488382755 157.12200258210817 0.0
43.36404250271395 39.41093476372464 0.0
47.67349381941561 51.475747986022455 0.0
131.43880030488322 86.11605066774224 0.0
172.2350038974018 69.91414537594329 0.0
56.98450757977391 119.2408684426488 0.0
199.660328179623 40.93957893480626 0.0
119.95782073249399 157.64684707742978 0.0
172.55562600563127 197.25815421098184 0.0
116.57225108179263 147.41547372828506 0.0
62.03906292391661 2.5575030646747043 0.0
189.6931747361414 52.13441038393904 0.0
67.8082617668575 18.77323901786607 0.0
181.41740203362517 64.83988148864452 0.0
132.05302560553324 70.95462737273827 0.0
87.5746991837871 42.182866648929675 0.0
79.93909834896952 24.066628817662593 0.0
122.67802954822467 184.2384022371683 0.0
198.80296762451178 124.54203913972613 0.0
43.888072762999485 187.47861005706298 0.0
198.86153183841336 79.12401985143845 0.0
153.84680587922995 183.78188710534877 0.0
160.15476091945632 44.51585329344334 0.0
4.773951128647513 144.95206609705903 0.0
63.6033692226525 83.58132665987496 0.0
60.00914524676659 80.07298621266389 0.0
28.477651026364637 7.315743467742797 0.0
34.22171186345846 82.12552329292035 0.0
34.23771789224412 66.53405308665413 0.0
129.79912395492985 90.64557838045538 0.0
91.61933644646672 83.19921747886309 0.0
114.46407937964894 128.8032183975165 0.0
146.00379423398465 118.54049661628198 0.0
143.95939865750606 146.13460813842204 0.0
45.52409136589621 63.58781821977122 0.0
23.678885733734756 52.25999481623123 0.0
87.02396707814108 7.475071727645166 0.0
24.411361235175065 62.272590559315 0.0
164.90025680343538 89.84160457167634 0.0
19.904218111219652 91.08470278158917 0.0
191.0231945555317 175.88794332222284 0.0
197.74182313667313 31.86901838038856 0.0
28.343238253001736 106.11805608045101 0.0
110.07318660152676 132.83466253667982 0.0
86.45718949898192 67.5273170030116 0.0
177.01243039425506 146.9289185361491 0.0
164.3203483081625 8.971724704687368 0.0
133.07454662859536 70.65742312328874 0.0
93.45550621759011 180.6805102078599 0.0
115.79809769558717 111.06685067548487 0.0
34.42372919289278 16.35087126044006 0.0
135.74550353482252 24.03600839245179 0.0
109.9858226835678 95.99015544361798 0.0
138.36069103461605 152.37251581156366 0.0
20.297555105064504 28.647274268816947 0.0
170.7028517273852 158.81401545367675 0.0
178.64566907461784 176.40177734397358 0.0
99.86421901133839 196.88434665373623 0.0
130.64584615442936 4.455584432035864 0.0
94.91875651311356 91.65668118462574 0.0
175.4878454191766 86.89889661193504 0.0
80.53776081290054 12.827177734375228 0.0
194.7270476079835 23.69833942841879 0.0
197.94741894780137 114.10428648785145 0.0
112.2857748171354 131.68206499248927 0.0
167.69243117908863 85.7703922118603 0.0
158.74172261575475 160.77297499903852 0.0
138.708876691828 121.37406010998049 0.0
193.64504839441202 56.44791132070661 0.0
129.49855823057354 34.862680715543235 0.0
151.5195285211768 140.3770677158954 0.0
119.73614394507561 181.06689359540783 0.0
20.367439756426563 13.424625142561686 0.0
34.4293997949457 30.29974205867827 0.0
35.91178171572382 198.66803066539737 0.0
77.79204329079496 126.9350664427988 0.0
180.4735542017686 36.819959443858096 0.0
120.27759348041317 122.18114016130501 0.0
12.295827335570397 22.413555551549578 0.0
119.76186546617878 12.867285585881794 0.0
119.29048135819353 26.33813279092678 0.0
66.65062887929567 40.91254419105779 0.0
90.59746958611727 88.78900308111812 0.0
82.72818157708961 112.24723081624805 0.0
30.010585209796538 86.42179735510452 0.0
74.8515356610714 79.30966014120386 0.0
97.23772816598016 178.47803066482487 0.0
147.13401679039103 197.84190281906083 0.0
156.12777782576018 118.87538904966924 0.0
9.051137031870038 116.56006148237488 0.0
133.41017508616622 84.73268462881201 0.0
81.94068468935505 87.37600567252511 0.0
147.15746887405282 16.526024761122613 0.0
102.65799228471208 94.19918091369439 0.0
51.09505030080972 191.0492385198532 0.0
150.6864570529238 89.94860534772424 0.0
159.04643441246165 55.57830611686381 0.0
183.79239132843173 104.25670512243647 0.0
163.21647153995272 40.1159495642536 0.0
157.35240847743364 38.44833331257793 0.0
40.67892370020721 134.31916943917113 0.0
23.770568132951887 99.72964202849874 0.0
54.348965072948175 66.68911172146252 0.0
160.94159421030244 43.12336336548215 0.0
197.88515960567287 155.8291249362581 0.0
62.5054617061773 87.5382770908512 0.0
8.379544876120493 117.05351927781314 0.0
37.67789912417201 151.4624501738951 0.0
176.35856476454092 102.35604713206207 0.0
14.73016918843275 114.12132242491441 0.0
19.531604186163932 27.723679188277895 0.0
119.73074153298057 149.5432084695985 0.0
54.88791525746819 199.00787299657776 0.0
110.95046587331221 3.826452956286963 0.0
3.1569050274425914 186.04200979129106 0.0
189.37189974299963 190.00397054972964 0.0
190.31067498543882 14.42034146618667 0.0
177.0325352507491 60.25249908710508 0.0
72.70185667898224 45.33022254349659 0.0
157.47073891762525 181.79540848589411 0.0
105.59380936947476 196.05610846405358 0.0
6.332228746878066 190.69956013591155 0.0
199.25435823850518 17.250218276787898 0.0
5.234056975126911 126.8681797143006 0.0
162.44822873482946 187.7914590268922 0.0
128.2720593512584 163.88329461627217 0.0
20.077478205684773 14.030675252988246 0.0
18.096801766169325 38.95290608886548 0.0
109.88323898249939 127.44686869178385 0.0
127.2722115531273 161.06957263886227 0.0
12.536185147210244 163.2156381667964 0.0
190.6699304043746 129.58861841035824 0.0
50.107136497134384 171.91763425923605 0.0
115.94180903015578 30.785837399344885 0.0
99.82339491525731 67.59129878339152 0.0
131.65164064499885 196.55603462806434 0.0
13.180278700580894 147.5609020820865 0.0
16.436679298007473 107.26534464548602 0.0
4.891609576716505 32.94726693050913 0.0
47.608228793712605 199.8718678020298 0.0
181.8267984925783 73.49524992144597 0.0
153.8898642147547 102.78059877362196 0.0
118.9963136869948 136.32857170521373 0.0
34.53082341206923 60.500411322957916 0.0
57.81132826051299 155.46914306870576 0.0
115.82114386065763 34.02214401711123 0.0
101.25751184421863 57.43461263902603 0.0
156.07426867316005 166.93865261211937 0.0
111.28684060498924 97.95445802770534 0.0
81.43182119724486 192.6790666297898 0.0
75.64551802335811 45.82136475662326 0.0
37.384369381137205 124.83117918962341 0.0
104.51999977532809 32.121413827595966 0.0
74.69100671399518 20.377376957874116 0.0
141.79736125459064 46.56300809793854 0.0
153.41975213659398 134.77112684329472 0.0
131.40014437279825 7.3510163436447895 0.0
45.11963705551376 198.13257514926676 0.0
166.0699732797202 57.02933481270978 0.0
40.67463959810165 33.44340547429796 0.0
64.13826402325171 43.941422751740134 0.0
130.1785189915664 110.47260366638024 0.0
69.23645271551273 37.43509992695584 0.0
111.20872228643562 83.26644788140595 0.0
148.5621218694065 194.66436874674628 0.0
103.16663123274921 94.38746799969154 0.0
77.23165033391865 147.81759587474042 0.0
197.8904263719057 45.68878709551125 0.0
139.41385131177887 112.82795687199095 0.0
60.535917339628995 133.26178388243966 0.0
51.353326774675146 134.098686930159 0.0
9.759808084923094 123.2965927873358 0.0
17.056219081642165 74.50202458595625 0.0
52.528830540337324 105.9464534275244 0.0
64.32510196828511 135.8876119451158 0.0
126.41732103615462 5.8885900791116885 0.0
176.9938666837375 52.56237700241129 0.0
11.044883075963341 151.12578660154696 0.0
38.627499738930005 38.680706591207034 0.0
10.344718378835394 105.67441826749821 0.0
33.61569099967517 90.21011932133422 0.0
178.64247429977385 157.136245125077 0.0
113.50329345426795 143.11437884325136 0.0
166.06432566877797 116.75284235769519 0.0
29.564716322886685 71.62232173279821 0.0
92.58218905484436 37.39313266466726 0.0
57.04341297830722 173.92754403708074 0.0
25.042965726157874 84.02597773402987 0.0
92.14162010618298 37.3902860838393 0.0
27.817856947406728 101.58142777720951 0.0
89.75968584953176 101.28980108506795 0.0
185.24671622031775 16.705769503624012 0.0
28.148230420107943 42.401681363151745 0.0
52.841637056187565 82.76701045646375 0.0
136.05062674686886 97.15155171165554 0.0
84.25286025782468 131.56908204362975 0.0
198.57718571534832 3.822738317474572 0.0
102.2893367386561 30.58459348129501 0.0
169.96656455695344 199.2723785650337 0.0
34.82514960026093 61.117480846216196 0.0
64.55405849611273 36.83682538881088 0.0
120.21223056457175 130.65850957767012 0.0
171.68029577330475 105.58384681432844 0.0
1.8587482425642454 11.79812328655634 0.0
45.938164790179094 25.79560969738923 0.0
177.9216610534401 160.41271178754815 0.0
61.06961761586294 171.54309724251192 0.0
149.60102515222968 107.44190746322153 0.0
183.98831184869087 28.439067144979635 0.0
120.31259932941634 141.42613656660106 0.0
24.81785956604412 133.13333136940295 0.0
38.05448790426662 3.0751333135760506 0.0
149.49972831314383 160.84057665591223 0.0
144.57250548479382 198.48975869169192 0.0
103.43877117610936 128.167593867873 0.0
197.4680990279133 104.26099949716499 0.0
187.81846057508162 60.733384982152685 0.0
165.18166527550028 85.52155753550458 0.0
154.63198766601843 38.551978139599164 0.0
59.823205705241065 177.1270874316759 0.0
42.13943337234261 76.87466367873763 0.0
69.1112788647462 88.49560308984685 0.0
159.37526278344285 26.16457239662864 0.0
76.22034996962537 184.23516640527998 0.0
146.49447473865365 182.10339252185986 0.0
15.125575095796396 65.5416109351233 0.0
87.15981709997828 185.00637195287644 0.0
99.07324815874397 31.44949648190767 0.0
29.836507820761014 57.748378892757415 0.0
181.09415697455088 34.37111344273891 0.0
186.7749748279542 82.28043483868505 0.0
158.0160771299768 160.95995567268332 0.0
122.62621117001086 47.04257140377472 0.0
13.22086525395103 167.18655021432974 0.0
19.048376236119967 11.055481110594446 0.0
8.430461791112842 175.6161815011193 0.0
7.327351512685376 125.20003540427813 0.0
81.09539709333653 103.22954872422012 0.0
197.94801176429453 27.170223400263318 0.0
81.49827910249661 129.72900128123013 0.0
4.217065274032827 83.8117173503554 0.0
92.47390260977542 139.12455362773858 0.0
56.45230978096314 93.03469911014794 0.0
114.68664181108072 171.49538444953373 0.0
33.91732415273647 177.21635226493703 0.0
71.69487825087894 107.17418746050143 0.0
103.5945434554173 100.9847621597774 0.0
191.57124114751076 72.20321064161067 0.0
148.05385357017963 128.50268448563597 0.0
155.63653659275678 1.7624669186249164 0.0
189.08781998086033 198.8461253896365 0.0
169.90429700776738 27.37204662105337 0.0
169.44874078136797 42.79930377287911 0.0
111.1219133780954 64.02219933044668 0.0
141.93685652531346 90.36405639219929 0.0
126.83342151036211 164.98620936019793 0.0
133.25296719919615 25.508339991317918 0.0
127.67803295904608 84.92280718935514 0.0
99.4428732019705 33.1550985056148 0.0
100.17760421747678 45.97638437639348 0.0
70.42515685321551 153.1392185993109 0.0
89.5552752407325 136.93477273797265 0.0
193.00772249921692 106.83696593318763 0.0
54.66655487558501 92.10601254820831 0.0
124.96275020261625 94.39879913561921 0.0
180.91325783948378 194.42702646921393 0.0
107.1436703985806 173.99297429334217 0.0
52.04968497963578 126.41870706474694 0.0
46.29187883330375 129.19410340845775 0.0
128.079509171937 152.95348494550976 0.0
78.09494415048113 6.627115330077626 0.0
53.98099530877627 61.40298674816758 0.0
148.2221636698272 163.2038795801196 0.0
32.78708674669046 7.585000706957001 0.0
148.47734123663975 100.76617434150607 0.0
36.58605388014566 20.03048756479382 0.0
75.87273160354975 185.6752699470779 0.0
0.29749237057470346 0.4429490411947068 0.0
144.34220075353196 151.8650303489189 0.0
145.61736872162047 24.82402648176103 0.0
171.97565379630876 68.10183903959575 0.0
16.315075794124102 197.59078144099223 0.0
91.07089018471231 13.67144666689053 0.0
71.1043831234105 40.111654152617525 0.0
83.9630782092142 51.43916874598658 0.0
176.59920549262696 5.43966770433717 0.0
34.50613114813685 13.206573853251546 0.0
70.40437839787643 2.623000553363375 0.0
103.24430878966469 119.51433221985315 0.0
23.180408538150132 186.8246086570733 0.0
83.72641096362719 144.5174235256082 0.0
118.56046561386842 125.58417373198445 0.0
178.07907853425579 106.28546370625986 0.0
191.08681041297936 186.90716976508247 0.0
141.869659085338 113.85758121683986 0.0
114.87297070646605 11.467430856346073 0.0
191.4532494891509 34.607642167850706 0.0
19.487039466969215 29.06115354106731 0.0
41.412549983313966 58.95237652311644 0.0
124.59047042434163 158.55187129269112 0.0
145.36322117825893 34.16141462534481 0.0
31.155922398894752 90.89740124606436 0.0
50.311571285862165 15.004786167447737 0.0
84.62666281622111 96.45144391529665 0.0
142.91527307020974 36.200136860286555 0.0
34.169142914879934 120.5840283796991 0.0
165.41219343485162 50.09828376195842 0.0
52.20941763551545 35.76647218593387 0.0
109.64608830180002 92.77244100320468 0.0
49.733185473646444 103.61831575175104 0.0
59.53234672089205 42.652964045965106 0.0
125.36816205239103 167.0149579112478 0.0
45.47074238342952 18.07600914517358 0.0
120.05676756409606 40.206520395905244 0.0
198.62643913249084 123.59108236735881 0.0
14.165924700609956 193.999934271926 0.0
48.66436089083284 99.5989908081377 0.0
100.17004517206783 143.40779980605183 0.0
95.43624456577847 55.86835059541468 0.0
91.5822336815435 136.7691096602638 0.0
3.28372837851032 76.70523000094688 0.0
187.59778147073754 18.19861657402273 0.0
116.03479201088889 74.02720920868677 0.0
2.953175161413135 89.32301182523415 0.0
71.435092752299 34.3196203249539 0.0
193.79282150602998 31.61375283413337 0.0
105.66963145518488 156.42829604670354 0.0
162.87480371381335 67.22796475875256 0.0
181.79440412311928 109.36977918809667 0.0
11.236028638840367 134.1202524195871 0.0
150.31161755022805 152.81640448481213 0.0
118.47617975113245 130.2900556681821 0.0
155.7862398299188 157.6403491605028 0.0
180.1089912427645 42.3805050727287 0.0
40.31555251001209 39.877170892396705 0.0
7.96832205447342 15.446434899580353 0.0
162.82768594628797 178.69611306019104 0.0
108.44574929645017 143.56078614385623 0.0
52.59885759956584 27.44072303905778 0.0
193.3752389869818 165.03009572592163 0.0
46.04340758725913 146.5302471931847 0.0
149.66973761055988 131.34140800604942 0.0
117.74457444830935 87.98853675955824 0.0
196.35338451471156 85.56449027584083 0.0
109.85813213716371 143.59388592556604 0.0
191.42227728484409 33.78479215037502 0.0
88.43496538504934 132.11981151827786 0.0
116.00569516935508 22.244144908409645 0.0
10.872883513304178 145.86329667981317 0.0
59.588765941715536 143.21773888833286 0.0
75.6218635272693 102.63352724736285 0.0
157.59657046824594 184.25757915542738 0.0
43.431079827606034 56.60091452887033 0.0
91.42893260449448 8.284038223014466 0.0
68.84014165938066 109.88247670803493 0.0
151.07390971259284 6.108761572194621 0.0
161.28090259646436 36.466462464603076 0.0
81.71732117776027 98.3238105745466 0.0
107.0704908657256 181.05554154749092 0.0
188.3045840706303 180.09333062233023 0.0
126.74003644990502 27.634416944902675 0.0
55.8002327974126 0.23572837187153528 0.0
116.55775427335966 46.04442434447093 0.0
157.9295060404776 45.08587503236037 0.0
28.769159178068794 19.574067147832096 0.0
173.47551899564397 57.97836861563832 0.0
181.99106200470155 32.55112120720369 0.0
6.744593243003805 166.79448237013054 0.0
61.360321299273664 54.148458829517246 0.0
117.60127862460834 14.867033688771404 0.0
67.45207378983889 193.09233082552888 0.0
6.513849734251553 194.63883985195693 0.0
103.64657263592196 17.688365415931106 0.0
171.33988177642618 68.8221847212461 0.0
53.5375023228877 36.55713073450555 0.0
155.12084539644079 130.40808570175483 0.0
93.13896763192677 117.6976860037507 0.0
37.94345261946535 0.7258232955214883 0.0
7.062213381381444 86.97409433956476 0.0
90.96479126513015 193.85475020135664 0.0
33.49732030896946 191.84639054869353 0.0
106.98713157052535 86.04197324974064 0.0
49.749151789009204 142.14415412854078 0.0
149.5075345649255 120.38092664072937 0.0
128.24085400630793 46.90730909850052 0.0
120.95633067925145 149.85766542037442 0.0
42.312325165686374 154.7953980316846 0.0
40.877648959570664 175.97301875788384 0.0
181.8050884892409 75.29306565302281 0.0
46.09424751010951 175.50048618433502 0.0
150.33910497608946 108.91615352882593 0.0
77.4379154766043 24.541233189392187 0.0
59.35110808083201 46.84929704638705 0.0
1.415864809293077 126.88910009281645 0.0
8.37808129098747 113.92247046886526 0.0
130.22244560833997 32.820165011422084 0.0
46.733593635134255 23.560530449386086 0.0
149.79475041572564 94.77290431443579 0.0
48.63877100563614 189.31638253273627 0.0
143.1496481720372 47.98659869860449 0.0
2.033733694311679 194.82486137718593 0.0
105.02879976691071 127.01711342122334 0.0
10.709351854574646 62.49111939978111 0.0
83.91738828856923 133.1509038730817 0.0
40.063357414764525 80.95375364643189 0.0
58.791281652392534 153.0894694879388 0.0
98.69872941767169 152.3395407702018 0.0
60.48643128397791 195.87817946349097 0.0
141.24651636336333 2.5531851232310387 0.0
81.37335191732144 62.90490733069958 0.0
102.20918247245004 161.32204029945282 0.0
182.05861971100157 94.89544965030905 0.0
126.28472216833093 163.44236980901076 0.0
100.12436447644875 50.184344523424905 0.0
47.545791069524945 148.65018612688962 0.0
193.45584500252806 60.14114121323415 0.0
88.01216696365846 144.7663739830462 0.0
109.49613391023169 180.48390068610752 0.0
195.5689776228034 7.242317742331483 0.0
161.8061919186008 111.31308754250217 0.0
21.847105299387557 57.958774992269554 0.0
16.597483473722274 194.05076187701616 0.0
52.59632515814508 117.10738226413142 0.0
144.44346482042621 10.071335123414071 0.0
46.245702104903444 54.210699778663574 0.0
176.16531474630682 3.6619722310993863 0.0
110.75997469992554 197.81322540206273 0.0
16.92631151035313 131.05197540422876 0.0
54.56453878861607 138.10246773077452 0.0
118.85836735008064 197.60237612727389 0.0
84.22585683628556 32.695618688498726 0.0
90.0832415881236 86.84824656425994 0.0
89.73809845245103 83.05404828977692 0.0
26.780064407349926 107.93797067512641 0.0
57.680941723334264 187.4642606029376 0.0
194.98980721642997 192.11521004871824 0.0
183.1774148539471 96.25066071463692 0.0
160.1365361691226 54.24091415545425 0.0
13.494880288262511 95.86197207858736 0.0
164.78409572458202 101.95417337144683 0.0
49.29618076240836 130.6996653420464 0.0
88.93621301473217 22.92246063598604 0.0
53.96212701431955 135.03341789337864 0.0
92.22690178109836 9.733162561975828 0.0
77.0705226936486 192.07511397880955 0.0
33.63711750735949 92.33003808450202 0.0
85.03095730074438 163.259492477734 0.0
191.91277177739417 39.499682813269274 0.0
110.03876002151884 38.00609833154145 0.0
68.64818859106741 163.7647357303463 0.0
177.92547425095256 42.71372995366733 0.0
146.03815553304435 118.14201259206098 0.0
156.14730329669112 117.4652268584569 0.0
192.59086745189336 8.575470150615283 0.0
75.06702235241922 119.89688736835487 0.0
62.63296674327095 62.45528317919844 0.0
18.84903510286278 47.91343600333495 0.0
119.22716338967393 91.48604963841491 0.0
156.70107160912002 86.40604752570675 0.0
25.161738105302113 66.26858741177473 0.0
90.86036553375834 177.85739914121186 0.0
92.9604962783716 80.31138993819309 0.0
34.63598809985451 92.69441273082234 0.0
