4 801
7 978
8 445
10 548
11 18
12 599
14 382
17 764
16 184
19 635
18 631
20 140
24 12
26 266
28 459
30 592
32 197
39 640
36 786
37 113
42 443
41 774
46 743
47 61
45 245
50 656
55 91
63 295
70 27
65 782
67 517
76 445
77 113
79 918
75 572
85 400
84 593
87 962
80 371
83 641
88 860
91 365
90 191
103 302
101 164
96 641
110 648
109 651
106 153
105 485
118 73
116 22
115 726
113 58
112 894
125 379
124 127
123 812
136 770
139 142
140 314
142 222
129 410
128 518
131 487
133 774
132 386
153 6
156 181
157 800
145 881
146 24
150 538
169 742
173 819
172 443
161 830
184 220
190 947
191 595
189 205
178 937
181 411
205 431
204 303
201 442
200 26
202 29
197 278
196 777
199 440
192 362
195 403
194 251
220 929
221 38
216 358
218 40
219 827
212 563
213 952
214 955
215 678
208 119
209 582
210 408
211 648
239 159
237 956
233 93
232 354
230 483
229 204
227 561
255 690
252 25
253 546
250 178
248 485
249 969
247 77
245 347
242 697
243 767
241 108
274 458
272 156
279 495
277 106
281 191
287 445
284 91
258 503
259 584
262 797
263 360
260 901
261 937
305 73
304 935
307 276
309 297
308 663
310 687
313 994
312 400
314 907
316 119
318 275
288 45
289 485
290 761
292 512
294 676
296 368
298 266
301 423
302 780
343 193
340 15
338 423
337 239
336 506
351 577
350 583
347 474
345 306
324 249
320 778
321 988
334 339
335 862
333 872
330 148
329 776
374 99
369 204
368 379
370 161
380 302
376 893
379 48
378 236
356 123
357 244
352 130
353 98
355 631
364 145
367 24
360 779
361 192
362 922
408 493
409 407
414 234
413 210
403 223
400 522
401 540
407 153
404 22
405 882
393 337
399 773
398 498
397 624
385 763
384 229
391 173
390 809
388 298
441 958
442 191
447 656
432 697
433 84
434 240
437 842
438 577
439 847
427 313
426 990
428 143
430 15
416 291
419 847
418 113
420 845
423 121
479 519
476 175
477 7
471 370
466 185
462 388
461 576
458 790
457 971
456 387
453 658
448 82
497 999
498 662
488 392
490 398
484 20
486 113
481 845
482 419
