184.99170538272497 26.787654354132684 0.0
120.93755162020643 174.44478002952897 0.0
135.3489254208983 148.65110953889163 0.0
43.82210728569791 92.24943147261855 0.0
96.85382568270502 69.76381801912805 0.0
71.69437610167262 179.0102644124777 0.0
34.67878316202992 155.42596535225167 0.0
17.388158761851578 102.66290973394172 0.0
106.01839955694241 89.43763611258267 0.0
122.12433877079714 130.7668775591675 0.0
10.59751665298565 15.494143935767003 0.0
11.582360462238729 98.49475157120867 0.0
19.421930132290676 195.33265080880486 0.0
194.15787738199748 102.75074225064908 0.0
138.22320907089068 26.65377995503555 0.0
159.5181186179032 189.7586857900572 0.0
66.93181454473374 76.5371629259385 0.0
168.57440912300484 69.27984286627806 0.0
127.64563671453377 155.0152830141863 0.0
65.24897603790801 110.69125791229783 0.0
150.9436944263879 178.66519045436598 0.0
85.92110562667013 154.47567509443954 0.0
34.027780004761524 55.523057509361884 0.0
94.1954406437453 7.244372870436 0.0
114.05742920034751 60.321794566715425 0.0
126.64307741439728 79.23454828182818 0.0
36.17656877107607 162.9972733868345 0.0
199.42387337735704 70.29320701199558 0.0
38.11293097257802 123.60407383162809 0.0
196.20625964579568 113.67987485731686 0.0
121.86411737744743 73.22687714173146 0.0
134.5586368328025 146.59066477977987 0.0
37.86710949581611 163.1690386915322 0.0
190.9941934465365 92.12664492082166 0.0
168.18069704471222 83.64514638722873 0.0
154.10886763920948 109.49969028971675 0.0
62.59320026735218 28.399638614372936 0.0
70.76000810004994 97.58937423959668 0.0
155.20069943245397 13.118999681930465 0.0
151.99096516656846 21.534676227650152 0.0
68.88366612112557 143.2001733510546 0.0
113.4148296674867 72.86475503480506 0.0
101.24284330808509 70.38333961331928 0.0
39.02820279537418 170.74315362685374 0.0
177.9379975300722 77.95235921842844 0.0
177.9338244640328 65.22026352812851 0.0
158.0058619747484 190.6516333744142 0.0
10.208579653648165 112.9591167063386 0.0
80.61662433089683 18.163286309930406 0.0
51.16124153680042 61.71995512137842 0.0
153.8609098747133 109.93406694604988 0.0
2.482281809443143 101.95916186138196 0.0
3.542155308732853 24.336521162425218 0.0
4.295556774138998 22.218765253863705 0.0
123.58201395673518 96.59441006668892 0.0
93.87989615433735 139.55268620787206 0.0
199.52928799396435 27.597595251709308 0.0
134.83607534100918 167.05647081455606 0.0
12.795693485112626 109.67694747368996 0.0
44.73269977241969 127.6374514317666 0.0
175.62451719182192 155.60515619697048 0.0
119.77223663129477 26.48260780206655 0.0
195.43112603297445 3.5346389299175662 0.0
31.776247006428427 54.251709171427876 0.0
122.03701886969827 33.27899373445129 0.0
55.796783226483626 8.84364465073768 0.0
92.45200866950545 48.28985308880402 0.0
75.91850101962187 195.65417133239004 0.0
55.24184537337522 152.8762277714262 0.0
112.32416471146325 94.56356237460086 0.0
30.15144589004366 85.65880045884573 0.0
114.45375739701804 166.4630528547602 0.0
38.536771344205256 57.946872070855534 0.0
173.09533932697786 112.94916329924558 0.0
126.29104161096345 89.67105075377972 0.0
118.50366171887794 99.88544500083508 0.0
93.3339874032005 135.7000534272467 0.0
92.15023851124788 108.85132956880783 0.0
42.36549548583923 151.81527926093244 0.0
106.46647179252207 90.06827499534047 0.0
64.46789901768501 62.31214905791638 0.0
39.949195891098285 156.213504024292 0.0
90.27394493979723 160.14255449829645 0.0
154.25589478756083 78.60211157599227 0.0
152.80030659261845 195.7080013707789 0.0
65.42450891754879 25.53859526892417 0.0
31.679280162860056 91.85837586782056 0.0
153.11074681817584 17.209023112953716 0.0
78.40418098887871 60.34660843342217 0.0
49.74346599865069 162.30564061151225 0.0
158.33670177139814 88.93475420395917 0.0
115.75662067627002 188.64578212755842 0.0
87.60732690188931 118.5424001307633 0.0
77.56401179487185 83.36737654944635 0.0
91.67277371046627 136.27353945461823 0.0
81.70089419574174 17.853672042706204 0.0
67.17712297090542 72.8534372412848 0.0
101.5643730990017 148.36004005150207 0.0
189.8962157741657 11.95228392319503 0.0
122.44224856042354 155.3860871772884 0.0
78.92766830524651 194.067746237156 0.0
26.027834357155164 113.15661735730578 0.0
100.92166000460377 29.08386468035897 0.0
197.3760454272184 65.14524589204346 0.0
78.0304959855839 19.31903912138935 0.0
185.26395098017667 122.3948322611856 0.0
49.38767942158429 138.8211312225286 0.0
61.176680022909565 198.45922131024432 0.0
28.31019365738372 14.863107103258177 0.0
42.647444636319285 48.11102354204204 0.0
96.05028801162699 14.037830297898356 0.0
73.43830229954442 86.53055438632151 0.0
77.80611710658772 48.04607931059701 0.0
186.05599565881062 131.51130930520662 0.0
57.83317125461722 183.21702778337087 0.0
11.355060559771557 133.2877088801207 0.0
107.88144603754908 162.9958338500951 0.0
145.48826169579922 134.91114170432246 0.0
26.815922112606284 134.07831082568615 0.0
36.22212701669678 140.67059575699517 0.0
19.160906524104714 4.567813508964824 0.0
8.64325279967435 60.874615536544255 0.0
76.44150450616038 156.4750333434715 0.0
14.538807221132988 48.381439982476884 0.0
167.5783005753248 85.07646635387064 0.0
60.242471059406945 145.58470421455 0.0
193.22420579173382 144.09279422618806 0.0
44.49494662721012 20.13221276137869 0.0
13.815174737401058 138.34361865479622 0.0
120.87587493744726 83.47571955343565 0.0
122.23933453813531 24.48044559936804 0.0
88.62185725306557 58.41992752204506 0.0
99.41187397145958 55.59493333451022 0.0
111.15311068749799 90.15922103004965 0.0
64.67589680335605 136.94489648804094 0.0
63.38907754536136 179.86097948223662 0.0
112.83215328633483 147.7358224660697 0.0
16.94110528736843 60.674630719703494 0.0
15.733514660409732 127.84089450880177 0.0
186.52816903283917 33.1158524293395 0.0
58.76271406549562 128.53796850913687 0.0
81.46937534637819 130.09580788002086 0.0
181.14484252519472 182.78710903694784 0.0
32.86482562475592 91.43537106126935 0.0
193.92879733402566 63.26774681162701 0.0
100.0842373185988 193.5248438572106 0.0
160.60470182166088 65.33971487041488 0.0
199.44050658999222 1.859826991108804 0.0
42.70719047403564 177.28780390524244 0.0
143.43320940640848 192.5042850909262 0.0
36.387217849497986 81.65476854450027 0.0
130.7049003651147 123.10214931126771 0.0
55.81781688731273 69.16301706618533 0.0
84.86081581762315 24.87908512613153 0.0
155.43219578090492 140.67056588829112 0.0
104.56042575683581 134.14642248823137 0.0
125.3751831571982 122.80210010041766 0.0
157.7971061124202 185.13950681918172 0.0
43.18198537898652 129.3413221506176 0.0
30.040025533088578 45.59301040053647 0.0
19.580976888136426 163.16611509743078 0.0
18.92006305041487 92.27623243317082 0.0
137.4500639137562 72.45330517191988 0.0
157.39954092454593 195.7814507102412 0.0
50.33897801617755 50.0751208392227 0.0
42.87320124329346 112.17894304289014 0.0
80.60264200258761 196.5548180641458 0.0
51.405840074415664 63.72250504039958 0.0
137.07363190317295 154.64420121716844 0.0
24.31960005882079 131.60957279038544 0.0
158.3344786377267 67.53110674077138 0.0
28.602041112405185 180.87047699474186 0.0
80.03344253759808 112.8801713987067 0.0
113.1135851647748 190.78154560505587 0.0
123.3201907561966 21.3556379328929 0.0
109.33101928196382 73.76716710079398 0.0
106.36052074369593 100.97014698199926 0.0
58.371378154547735 131.57622526125726 0.0
92.02231961063003 157.54881856313452 0.0
185.2984508798461 19.588608005076512 0.0
2.2074501922248357 126.79327835083534 0.0
87.22187350867084 68.42779847050156 0.0
52.93736032020695 14.875517176701125 0.0
153.45667731441947 46.62592664987406 0.0
194.1828076046197 82.18686378014314 0.0
194.01888468574344 138.90788297597584 0.0
174.5610451724378 98.81260284258451 0.0
16.99062267025009 61.73151103288639 0.0
193.4065282560561 150.498121152639 0.0
65.79602902783625 41.0410877970532 0.0
151.35410642648043 80.31775642600736 0.0
4.18698401039701 36.761758243794816 0.0
65.45637419307313 13.952848228253911 0.0
119.74557688257255 114.38276245722285 0.0
75.98977789629235 135.43078603639088 0.0
5.968012740567263 36.04768419706708 0.0
39.486787168326586 155.37221407396498 0.0
178.5024420775374 171.8902592006591 0.0
176.16431023813794 145.23873582460152 0.0
82.87106007296244 116.92457787771889 0.0
