131.97555938169535 161.00356965710156 0.0
73.60527806961537 4.911868610608328 0.0
97.24756167445811 23.29583819052732 0.0
173.8255928204959 84.54176991221192 0.0
116.05448519036759 198.6308326656703 0.0
113.86339196210014 155.70432197891154 0.0
71.30165519192582 38.40752038514066 0.0
32.186470300281854 49.07090673505819 0.0
16.1374488725478 136.72755199686065 0.0
86.66865466814919 76.06206254785653 0.0
185.7413721805505 83.0229042523546 0.0
44.81650240993134 120.51332316607267 0.0
124.3039122261133 0.9401525977764669 0.0
47.833495438862016 7.201297632684867 0.0
44.53835708915768 184.81555286207058 0.0
54.2406533446044 88.34938027912096 0.0
102.8849379532223 56.20803129583771 0.0
37.71797013296205 28.490277196153848 0.0
95.6380191893388 80.3398217824278 0.0
139.02620014540332 13.57035195606695 0.0
159.5473273802603 5.927581326635267 0.0
53.3139858433072 61.93863479282009 0.0
195.01462660913106 21.76930790414815 0.0
171.81056720769837 172.87112248513753 0.0
120.82742422738713 159.5854377369439 0.0
190.84956897745366 112.53877447588829 0.0
116.44168473987855 114.99520903576057 0.0
51.364821542632974 107.83556013353237 0.0
111.14588310093066 7.14220219613706 0.0
178.4443601677837 195.24051991782315 0.0
139.0088965719345 52.36576823885852 0.0
53.22404383228723 54.895808649979315 0.0
194.33469020600236 88.44793331639438 0.0
168.3476989457017 49.340361950270825 0.0
94.41700325992166 153.34807298503338 0.0
193.41584172798449 81.84676025962123 0.0
184.70756656945935 95.97058799925553 0.0
108.29041151995146 191.06649842274552 0.0
106.08164899124884 76.39349188211379 0.0
149.8182934479099 106.69696253774778 0.0
84.70514408860024 199.1187490827432 0.0
61.481657142978776 105.14088784668687 0.0
102.07760571150448 15.28796093682554 0.0
135.6784853055139 24.637185471854206 0.0
56.146049166067534 28.43978755370582 0.0
94.78201048038521 26.099646324910243 0.0
33.95458075657953 43.26837974975981 0.0
169.8229803987006 18.907920470051167 0.0
82.11524401320933 7.974808010648249 0.0
4.584122056351703 10.152983901081525 0.0
183.45585204805684 118.18639070452559 0.0
38.09141934417746 181.3470689177457 0.0
126.52076783295301 174.05155395390688 0.0
199.93207607555004 48.365927872852566 0.0
189.17099711508715 112.00073449174855 0.0
90.52451131081234 18.399022005159637 0.0
48.350244355721195 68.79656645414099 0.0
112.41081898685863 21.941105199210064 0.0
75.15391142545684 77.87951314432064 0.0
68.83768031136658 68.36645946306328 0.0
177.65827856793345 146.64782194982914 0.0
152.33682726323278 150.38483899625527 0.0
13.537470205918734 18.193531572821577 0.0
8.711596694244573 105.68604359731681 0.0
110.31613443859743 182.1491144125358 0.0
80.78133560898182 33.33777015720618 0.0
3.1759830408908396 66.68202642577381 0.0
111.43085730451202 58.00929900669416 0.0
128.55481499341715 17.307429982378775 0.0
116.95728065775832 36.851296343742824 0.0
96.34673731506649 48.071981575859056 0.0
129.40206660756542 11.869915469342395 0.0
104.33286948669691 36.79454205955999 0.0
150.50129478355635 24.8910706769254 0.0
55.54186770589129 28.432343527106173 0.0
60.082533070872856 132.71873607014564 0.0
192.5601518384806 9.27411518752499 0.0
78.18198406417862 86.84877041841939 0.0
172.38183736063738 119.54430475173974 0.0
192.85091207332272 175.10766358399766 0.0
71.20881187383699 183.13552932233674 0.0
134.56568047820633 161.8434450254833 0.0
30.68170686927001 50.56900252437024 0.0
3.3509455626078433 108.80372185527862 0.0
135.3426913776674 174.91572027440947 0.0
136.17101711387193 110.59365834080097 0.0
45.70152882190091 70.29377891047307 0.0
39.83961035867183 36.614596085623006 0.0
102.09647653740357 38.690213644517456 0.0
8.643482198198305 35.64167320585312 0.0
61.61203363121026 193.23834500648914 0.0
196.07093112188937 29.706791912726626 0.0
133.63578027708797 154.71469423382436 0.0
16.48124857074047 100.71093945251037 0.0
139.20693099758714 52.902035321629356 0.0
15.246661105530945 156.197762524254 0.0
35.129456881372874 25.59827781903483 0.0
164.8435551096989 149.9781410121225 0.0
115.89303591073768 75.43342238302608 0.0
119.56511502338981 28.803183922728472 0.0
134.76532986351083 118.28979896020803 0.0
92.97280411440596 78.04104372527661 0.0
169.98943776726594 137.00358027232596 0.0
109.89940930618567 47.320657550009756 0.0
102.84066676831128 140.15831898523766 0.0
28.761739068805127 151.36336233859652 0.0
71.36707796016977 118.1641583968905 0.0
130.13632702239815 161.73112022502062 0.0
16.958610176342415 187.44911268424167 0.0
23.99683251725473 131.97798810953532 0.0
50.459839780815095 18.47161827869199 0.0
140.7070940295821 31.699140765547185 0.0
30.36178386141195 54.39643769564635 0.0
139.8092320859978 104.22971056891517 0.0
67.67849363758923 144.658781253026 0.0
195.84129108239915 108.25340857974967 0.0
50.43438916584966 41.27423335849896 0.0
101.86447633801635 155.3387733720499 0.0
115.25874895329251 135.6350592316377 0.0
69.07515717097898 13.428663633664396 0.0
84.40398223341998 49.66610516685781 0.0
194.8222048149742 110.56646186319756 0.0
33.57459332281194 37.596467248551214 0.0
21.545555009443884 43.65025536116085 0.0
159.27423077310993 3.235769913000097 0.0
15.597149949888411 173.7640071498823 0.0
173.9482492692902 92.52683017633447 0.0
157.60079881391425 72.64269466157668 0.0
173.01986632559414 82.2792565605357 0.0
154.9526694769043 174.08602964380674 0.0
89.98794855184337 153.3712808409727 0.0
62.25967042412479 179.6433254567322 0.0
84.07509643295239 110.34007518707014 0.0
126.95800718403393 169.6497934538487 0.0
89.48478432758338 89.16342168994777 0.0
65.04978367483383 178.70243971941287 0.0
96.14672099564696 81.16864754738877 0.0
115.84061067069122 8.92148713728349 0.0
128.89991115645557 193.38732323761866 0.0
124.75663350196815 74.85108314442668 0.0
145.38319784582617 64.30720712645694 0.0
159.76468948553438 100.61086030925392 0.0
182.4733129185128 58.85564948611346 0.0
179.61450310073138 122.91776361561624 0.0
46.93093907386397 177.58145776286017 0.0
41.06732889540427 92.85532283815239 0.0
67.98540118155545 32.38514464058968 0.0
57.47055518980502 14.775355833532045 0.0
107.90905184476375 164.7801823207014 0.0
2.4833232893601176 12.474953846111037 0.0
161.20271028235857 12.550728103705078 0.0
90.45327622852169 170.79940680656583 0.0
63.8337620279688 166.80414860510822 0.0
58.890084701735425 65.07945124634188 0.0
81.03891142628041 3.799439518736647 0.0
28.67659815102417 161.31915196152832 0.0
45.52384613591609 124.56543396390951 0.0
124.1037710867069 146.80847350687154 0.0
77.4624165388218 90.20553896071908 0.0
97.51090371719235 133.84242124449588 0.0
133.51821899779318 101.91855898400158 0.0
22.257964496324867 168.4864714276377 0.0
104.1818046047434 142.1479280491174 0.0
92.95216106819717 171.83574943825909 0.0
107.03701905511171 66.90454725461548 0.0
103.29611382995563 142.97334986178294 0.0
8.140342718426652 19.191192611057595 0.0
59.62048150331511 160.84088049801 0.0
44.51736105729933 119.58926435310211 0.0
32.10898439023304 36.492174887286374 0.0
117.85082713050485 82.45153548664152 0.0
145.91929689203042 187.70899056241439 0.0
82.75509059334286 4.777234981833356 0.0
170.84839894892744 34.71518142315051 0.0
162.60201204410123 79.72879132689347 0.0
80.88645222817419 148.73380305042875 0.0
91.68370874756839 197.88218263335935 0.0
23.948472324694347 124.38931616779267 0.0
104.56787975790753 116.68581730783887 0.0
167.26841719070867 92.46488324810433 0.0
71.82176704292043 102.23557862927115 0.0
65.38563758715557 141.28261704745836 0.0
115.85097371583994 77.35650078509404 0.0
135.34891966848636 72.98237967305454 0.0
131.41997099528342 146.11441659770256 0.0
117.70868526078505 85.2326059377772 0.0
182.49106743201523 107.26361671770694 0.0
52.06320362347563 139.41440872374423 0.0
150.33925220907238 17.769485823875254 0.0
102.37005254829108 153.07800329685952 0.0
67.47043704438376 22.42781909899505 0.0
129.9291978585061 137.47839907510894 0.0
87.69101306496536 126.73536996943393 0.0
30.88967186381828 190.25498766665393 0.0
14.746934469840411 157.54897687137873 0.0
130.32680253437312 48.82758785731496 0.0
140.2708650247655 29.703443104859595 0.0
156.38255460090008 111.83925354666722 0.0
26.346181068214026 16.64112813214316 0.0
105.65661427502539 43.98395676696114 0.0
8.817057153684328 9.239094021055516 0.0
54.98140303420782 93.81512784967055 0.0
194.54403259435642 139.40230930072715 0.0
74.90924455161124 74.63882249927588 0.0
179.12485777050608 43.62446417543984 0.0
56.685505256181344 185.35298801267965 0.0
21.170705381189812 46.60048388063976 0.0
77.17657751608125 81.10238902211924 0.0
175.04815586138176 56.10789298573589 0.0
95.16713005166547 42.8762047199305 0.0
106.0676623788692 177.75682301625466 0.0
97.63613836640046 140.683441807673 0.0
190.41950791480963 181.8413543366779 0.0
96.06670492384318 136.69892532682832 0.0
36.728629621408814 184.40764443397003 0.0
10.539878180932183 132.7804870722806 0.0
156.91990426413247 40.78717189013938 0.0
73.30801354609953 31.015877728222918 0.0
161.15592072208383 192.22616511043583 0.0
133.7385924976466 146.46555339322208 0.0
154.9294642038295 54.87516146333435 0.0
152.96464071881078 188.0255033094087 0.0
175.96334013117612 95.28538766838133 0.0
39.27324232281335 106.34193640114486 0.0
124.39038910023076 97.69155512082419 0.0
194.20898008184696 196.96759127262112 0.0
111.7569574963172 195.74336077936397 0.0
114.56440527564358 142.45709646635453 0.0
82.71331868793865 14.980907399044785 0.0
126.87496560655727 178.85678109195672 0.0
147.82489719912564 152.23202479549516 0.0
18.731141944818617 80.0520064689636 0.0
106.75842722316435 4.242223570145143 0.0
175.16585552907105 167.6930472749601 0.0
138.16752630547663 50.23096484585092 0.0
28.57048877209314 74.92816404145142 0.0
185.9224627997932 91.70058934000669 0.0
187.03826104112292 118.93055553554626 0.0
180.8991775525201 57.70720960393329 0.0
118.72885806856131 70.21351619980064 0.0
103.36300242439324 194.93552847618952 0.0
138.79372008802804 45.98599114545703 0.0
13.052735475487953 179.30248289850869 0.0
70.59656094912276 0.3085837674531744 0.0
152.39116042865192 109.44737223102274 0.0
134.40902200106143 35.56776496019722 0.0
62.81828041193644 72.34897037826772 0.0
154.45676806340717 117.7940051960457 0.0
145.06399450324875 7.442838743379121 0.0
69.13654606096411 142.6072112976942 0.0
41.24708719402497 137.99504267530298 0.0
179.42006281393367 69.08073801333461 0.0
20.007896105480928 87.12110777446756 0.0
176.90589869598446 15.573110149936653 0.0
5.452177736826291 150.722007708662 0.0
155.67592429150528 194.58421349819318 0.0
6.504136508959846 60.74165005594405 0.0
131.05804237572008 152.95078350640335 0.0
75.33674370477858 139.53329333983726 0.0
63.59234975291139 179.20363661949114 0.0
151.8679521052434 19.755023589985065 0.0
17.943199414052067 141.6669418073448 0.0
35.88161015206812 84.09722093830096 0.0
74.19485105292642 28.887743230016238 0.0
69.15223144724503 65.27792747206256 0.0
152.91379377789508 78.24161822257987 0.0
107.02306376963378 39.12459970559272 0.0
15.556125752760064 199.0682259237584 0.0
12.207263640206612 142.19372408594805 0.0
158.24363215866794 23.44839508607659 0.0
13.152238986323805 150.2625183829056 0.0
129.6275970838129 150.74204369016738 0.0
35.12760609972807 165.15972471203403 0.0
172.5046246561118 191.26418120582457 0.0
134.26736618538646 74.78542262964697 0.0
14.044113058079933 59.983983235897554 0.0
43.117482108808346 174.8024270467576 0.0
110.93228358426292 22.889781632171502 0.0
170.81005591231565 170.3648502275715 0.0
93.43304211742252 56.67057534894195 0.0
191.8058332486163 112.38202798642132 0.0
146.3112098521246 146.62252903494414 0.0
4.216966548600243 65.19900925551 0.0
14.75899749852343 18.196723744855923 0.0
142.0423432576308 51.20741358424101 0.0
29.911890365463268 74.36221380217745 0.0
85.21801591635338 72.78349241313788 0.0
11.235470919112633 193.966267489146 0.0
127.20569101420263 173.08286161706485 0.0
122.00996076797739 135.53155369856626 0.0
131.91244405523534 164.6043111486903 0.0
129.33460329192997 186.43768393379673 0.0
40.05522551754037 28.067785330463103 0.0
51.51930912232838 199.1924953307598 0.0
169.6539546918714 64.03460088359623 0.0
63.42635668073542 64.50623819862946 0.0
196.15737867670092 65.83064203992409 0.0
174.2701256754498 185.13951226169095 0.0
194.7761726077207 74.71613479533971 0.0
192.5783196751812 35.00382040813654 0.0
80.91800729247058 76.87842009347486 0.0
49.46327579874088 14.751256096053634 0.0
194.18972340175182 106.70699298117117 0.0
64.04742679013391 148.09769773833096 0.0
37.25197259113766 31.94277869962965 0.0
3.8321712830173382 102.38175071109504 0.0
102.88208791726272 13.676564697112603 0.0
17.994798734286555 162.36942099413838 0.0
100.92114422469314 57.80422283354667 0.0
103.04339637942076 138.07234141357162 0.0
131.35160190419327 4.429190261744709 0.0
97.95497968330078 145.35519174802624 0.0
40.572144547041475 137.83552332586262 0.0
99.8673963864935 162.36575459992483 0.0
145.0067248740618 142.03763373026445 0.0
41.59086333893778 35.32888356679693 0.0
109.50501859064201 175.54558404303546 0.0
178.6503793763762 184.0034275464622 0.0
27.561944248526405 193.8677093195782 0.0
196.2654274472254 40.10900994619468 0.0
66.20412618165317 109.40508994330258 0.0
165.61880293532795 41.28738493044472 0.0
10.461481972068597 145.77523331841013 0.0
53.96171011815167 198.67082800990508 0.0
70.66250569299348 17.235118545575247 0.0
124.54755031792644 57.88793048734262 0.0
0.3620817729499626 143.75661105214527 0.0
150.08210440656464 81.3449138059638 0.0
113.53091795654022 198.4399964413125 0.0
107.3232170639801 93.87839017202606 0.0
186.7061500411836 76.33427981021887 0.0
120.6583374415432 54.383384846109095 0.0
85.1228451658538 72.36564448145614 0.0
78.9335811850711 42.77813201578486 0.0
61.41646741290987 60.95827707263699 0.0
162.5033282830924 184.67505952749417 0.0
41.30674716796432 181.06466495626367 0.0
86.41465561801951 75.38517206263357 0.0
32.74370379678351 147.70513855216163 0.0
190.83620883704165 110.39079315728753 0.0
73.31669947388039 34.74940396930801 0.0
191.28647800857368 181.17955432389337 0.0
65.2980746311667 3.5554594637391634 0.0
38.91170349711466 53.34021912481677 0.0
38.512800322975394 188.21427957638411 0.0
135.00894264530208 8.078794762997155 0.0
28.29628617111699 190.5312773441054 0.0
94.18520697934672 198.82120497724088 0.0
59.12250540358175 186.50855375629453 0.0
156.98885791919764 51.32661152218046 0.0
84.05506438059653 100.97457854070757 0.0
15.544688962592357 118.74319978934294 0.0
145.99416282600757 68.14089689878264 0.0
34.669586283034135 92.29623587335256 0.0
98.76253592829778 63.24818951088898 0.0
26.14080821366651 163.8057721526149 0.0
154.39404553110543 164.09688264345087 0.0
65.23439793192149 37.989479911210886 0.0
107.55866794566084 181.14024329176718 0.0
126.34638120213977 0.5135703085234145 0.0
128.87804197189823 180.95078410667395 0.0
158.4548877285187 162.01290762495736 0.0
115.95606931814808 120.25355529744203 0.0
21.37650890717606 118.80896053776036 0.0
144.26932162290157 6.352792939067453 0.0
60.21561788679022 197.81224215331207 0.0
169.6323407968422 104.66106453129294 0.0
8.10059473828504 186.10358278094776 0.0
199.7732300319636 125.17303672086972 0.0
176.2463225267189 184.9464080132471 0.0
74.62528117178127 37.10867287988597 0.0
115.57751107877708 173.49011089503955 0.0
173.26060330939097 184.58353848953962 0.0
115.59285002490685 19.18227107167887 0.0
199.96216808653574 106.04668476984997 0.0
43.845157804606494 29.91538648543186 0.0
92.75082084417532 96.35942983193497 0.0
123.35815096127092 107.19153614530192 0.0
44.75435964067975 92.7711038583199 0.0
95.49565687634586 130.0962867337143 0.0
32.12579359266958 114.68068203477961 0.0
22.244500997808903 176.63086350768654 0.0
101.78850837535185 41.95606503422873 0.0
144.56746659011188 171.95947578956458 0.0
188.1061694766253 177.7155132438236 0.0
132.42828288092107 142.3865613708116 0.0
199.6455697135642 8.858600286517571 0.0
137.2856044508893 49.38633607172551 0.0
145.520996449308 51.26685086434606 0.0
89.29852137361097 179.76511082536578 0.0
155.37890688126822 46.47704204851959 0.0
69.18129652674467 76.04436762736574 0.0
187.90209049393076 62.76296990050185 0.0
128.59041633289596 5.410697022706201 0.0
19.782759317454502 45.94427300539954 0.0
33.12226161888534 186.08620139303565 0.0
160.43436550440055 63.873687956277834 0.0
58.44517949746073 16.731061197336807 0.0
47.282232058031525 93.43709766169891 0.0
182.78486614966897 187.49757560128023 0.0
42.29335592134005 110.03322418451494 0.0
187.92738294798056 190.61290244709085 0.0
172.47616399884427 56.882990849468015 0.0
106.09946688199616 193.87549717204286 0.0
35.401202484424864 195.1511103573419 0.0
131.53103986852915 92.20808277511966 0.0
25.364075735944304 165.74542247811257 0.0
153.2001222378945 10.417786831193144 0.0
26.632366246669136 29.7922896566841 0.0
59.20577905345854 194.57187474168526 0.0
167.28841630767408 197.1690777814298 0.0
113.40992823496609 99.90535049471909 0.0
130.5002711762421 101.10775112505699 0.0
11.434201167830427 159.93451268043844 0.0
79.6234212953852 131.76618577400626 0.0
85.79331627069926 4.458323506852269 0.0
69.35615092226155 102.79686666774683 0.0
148.89183632031552 183.38730321845813 0.0
87.24180309747014 192.32519917653045 0.0
37.806397409962834 148.8474466619432 0.0
198.13139692769442 73.38272341229192 0.0
56.220804367685375 149.76452476229497 0.0
48.79051281783697 28.723096636721166 0.0
196.57680216439243 1.1418280489371657 0.0
30.65455382570792 31.081715173914027 0.0
69.44853939528485 4.502388080571995 0.0
95.80683183640959 62.32254305484402 0.0
67.3440959486393 16.474379612809 0.0
174.57431443689774 143.54858003456926 0.0
46.582764729227776 189.25628317503705 0.0
152.7060459138283 53.13517437016857 0.0
123.59210446324924 39.706215092142294 0.0
31.91970351710509 120.77823570111923 0.0
50.91399200785338 43.05759500143287 0.0
19.671970328745726 3.032223245829102 0.0
63.40440651296102 92.7711864685027 0.0
72.32873551802246 169.4455385555307 0.0
66.55677984201837 119.79130876173112 0.0
50.48152972606124 158.28379820204108 0.0
176.57420185032134 122.48187091876441 0.0
135.97674594111342 96.96434041434607 0.0
115.76103602257426 22.775667957586187 0.0
107.29469246692744 124.70797154037574 0.0
16.99981304352185 134.57821073801355 0.0
73.23570985925292 3.546976360913856 0.0
197.52456155170225 7.225137218994315 0.0
124.44096464898769 158.71101692125055 0.0
24.897107934509656 189.800104813143 0.0
78.09576953835413 50.545544256576534 0.0
117.0381279070361 51.377892864878284 0.0
63.23373911732999 147.5000189925639 0.0
193.3600584729095 187.7651496444135 0.0
122.38019085607404 43.35614058674293 0.0
125.49433200884454 147.0691721857374 0.0
89.84371804566167 41.749054370600106 0.0
123.80067033774478 14.432832965443843 0.0
147.78505538648164 17.167331291656375 0.0
139.791447283514 10.531595626606482 0.0
58.26265821458978 154.00028707053877 0.0
64.79959002957854 78.93637944902193 0.0
122.77488549603966 63.834136976726995 0.0
161.66357340813207 64.20385395522474 0.0
30.38870972057637 186.0811314940954 0.0
178.89860745378502 115.5635381381533 0.0
121.36551080989958 88.15874409701357 0.0
165.76827481720565 190.3289088663283 0.0
15.264571910479386 98.81880073965203 0.0
131.86625189909546 176.66753344148145 0.0
30.82534210142256 31.859169356659645 0.0
176.26301800689546 7.123020130813473 0.0
159.49976856768671 187.33348423948982 0.0
148.96784993385722 192.28945890168364 0.0
145.3264041772935 153.50723941959714 0.0
101.40160218814904 68.2967849935878 0.0
70.90820206976109 175.1913428493784 0.0
132.77118798985322 122.2733221649313 0.0
152.57628636055972 2.7169894926843297 0.0
145.68188885376486 36.709543161990155 0.0
7.39232579650666 190.69867417361138 0.0
87.019072160199 176.65503973152798 0.0
70.46232191082689 176.86481456538493 0.0
69.07601437995787 132.9382541124436 0.0
113.10514070197391 138.61838111644653 0.0
141.10005166080225 30.10660034662751 0.0
140.73921011824012 198.622645250277 0.0
12.874404638503867 9.542234329892608 0.0
133.92127635316012 30.590112834316695 0.0
119.64850758481833 6.216634516383923 0.0
136.7913640982763 102.58532256607347 0.0
61.67479511154183 51.804925282681545 0.0
94.24838768089587 87.53522449081595 0.0
51.805422573419136 57.38869990551887 0.0
192.50120249432342 169.27346595918465 0.0
161.047517370584 155.7339530875558 0.0
67.21016201834527 77.32786985452971 0.0
64.67100472010259 16.138447085969034 0.0
109.25463980286818 94.79310278282038 0.0
60.40830756587647 84.10075944591915 0.0
20.232124459243252 1.0134491376360577 0.0
155.4804947429047 43.570997744340254 0.0
