36.86167531453641 114.112128405146 0.0
96.00273016632075 163.29841018747103 0.0
34.93607227495674 192.63374055423844 0.0
192.98019140349524 38.27138567659194 0.0
8.237724246872236 87.69149847587485 0.0
58.01857247722819 28.812178144120203 0.0
95.74631323169018 70.76333762660755 0.0
62.90909982368553 2.0767751534036094 0.0
108.8987616821665 114.5862250401298 0.0
121.84307411630597 67.91717958051716 0.0
24.815680900339654 129.17895952709014 0.0
179.76973946966945 40.07786413597441 0.0
162.47404936561136 49.50175337447469 0.0
112.54860492456503 129.65949775105344 0.0
150.93863167625497 159.6950493554472 0.0
110.99710127890805 19.561970625976066 0.0
7.553756855498661 61.69189618767066 0.0
120.34836588561694 7.095488941123662 0.0
84.03615909247408 0.0996018865301096 0.0
137.2982674700853 21.675042188002802 0.0
109.69856409246471 40.597903795786095 0.0
128.73451692890833 25.49005055818805 0.0
63.57288110349526 65.70267949315642 0.0
29.40506843233177 187.26762286734692 0.0
140.99080819415838 99.59545767851886 0.0
100.19691316095222 82.72439443190108 0.0
45.21878179226457 102.82092127515614 0.0
84.36043449151182 20.02845558463402 0.0
31.033333962420183 88.00580473895022 0.0
85.92866284208958 14.569511539351709 0.0
154.66177332045953 199.35439123932332 0.0
112.74469200642277 144.56188871449856 0.0
43.30240801067693 71.52732483981366 0.0
175.92472117137015 7.481622404878774 0.0
187.4774533034643 137.6119035038085 0.0
118.24806293350825 167.06542617377627 0.0
80.76083066666608 191.24375042861362 0.0
155.879815153472 31.575851544570988 0.0
83.96221001907197 24.541186762963928 0.0
60.9955651588699 136.2635882362777 0.0
74.63759214714946 161.36528165084587 0.0
187.29195086315244 116.43436209038687 0.0
157.8359388726012 184.520048337919 0.0
146.03066363326332 152.25440600834278 0.0
160.28024739286505 115.85887983864716 0.0
77.17771642476254 142.40523217737098 0.0
107.72068196988684 149.86484193436934 0.0
128.36381149433353 120.92471231189185 0.0
193.98633668886737 164.12397532354592 0.0
153.8056484135961 70.04829283762493 0.0
90.30134842258737 34.212454567152896 0.0
175.99220289956952 101.59058022137913 0.0
14.72002198815714 65.86979646471916 0.0
14.853933111132744 180.38417471183868 0.0
184.0748525692432 23.932100381819943 0.0
82.29698851294228 145.5190973333386 0.0
104.62024669224029 85.35067356060053 0.0
64.3986611471152 148.6028682586592 0.0
22.593867969663627 172.72312640195685 0.0
69.22413082744214 172.98770333529023 0.0
152.20665288151076 135.1154336381621 0.0
5.138908450636159 23.887956855851034 0.0
26.11144643922525 134.5551164423544 0.0
72.65524414379556 86.53743541488865 0.0
72.18947881247884 169.4272591592238 0.0
102.26487247398693 38.01285876596463 0.0
110.53277299634998 120.10654143014861 0.0
51.37462171955096 168.07620029760585 0.0
85.78974369042787 37.51018475264192 0.0
85.3753291608639 15.365274613369717 0.0
2.5803253612546984 11.858148496708697 0.0
111.03868315010487 57.488469607894466 0.0
115.47591124208392 56.77849325302156 0.0
4.850650053497141 7.056118230840758 0.0
140.07862394262176 22.997457781806084 0.0
84.55412943247704 60.407509891542 0.0
198.02330780444237 16.205293933281517 0.0
9.087664381806547 21.769158814990707 0.0
186.26488118341803 135.29047735645227 0.0
60.271028342592395 182.80648885986633 0.0
69.80256841072216 169.98650397858088 0.0
59.00254145415711 176.00763585746247 0.0
37.03178239611091 1.0769947751270603 0.0
199.39711608676308 140.06467797193994 0.0
128.2033046332055 31.65647287556821 0.0
46.208027366650775 36.39411502430965 0.0
50.00863096258723 44.54562569924232 0.0
34.03950358545704 38.1650139393384 0.0
23.099298956372238 28.81154676038531 0.0
31.271239662732132 176.67980025687595 0.0
74.38713920285535 147.44492594849834 0.0
87.2801016622532 74.67921691785907 0.0
182.26144477206068 128.5977691860185 0.0
168.45824816180158 22.119556855560553 0.0
110.39808139655909 154.38676977372032 0.0
106.69098180827558 57.19680694685974 0.0
24.62469057646426 194.11900492161652 0.0
133.3717811891797 103.8689457563968 0.0
77.34509771196412 82.8982604746964 0.0
52.69591377931668 186.85417914776014 0.0
65.31524173336669 81.92171453680699 0.0
119.88818558833647 96.0594358449806 0.0
19.10184913516857 173.37844619206248 0.0
33.18437269186474 4.6200598708468155 0.0
166.34425901191548 140.712644031888 0.0
122.8000050797034 58.20813475081161 0.0
125.97881960477875 164.11604590199445 0.0
25.784207701412896 47.993520693200864 0.0
36.874314713917 21.4656796186693 0.0
72.570333659188 155.61817665437698 0.0
1.8659997174726772 26.52448973519137 0.0
79.1992723798459 15.770885867935158 0.0
136.9648530495335 159.074103600633 0.0
38.605262407109485 180.42617758549818 0.0
55.557690095163515 45.75044735647202 0.0
135.01823420725594 88.53769373628246 0.0
188.70291706648155 135.7045148682333 0.0
167.4506345152035 45.95282074934881 0.0
145.16568411115963 181.81220962122896 0.0
61.40084392347418 102.54203429167596 0.0
148.62534557824466 186.0086633690504 0.0
72.31935984718912 77.0129480859935 0.0
54.52708147707881 96.42404211076636 0.0
140.04786874362404 124.60548450212524 0.0
145.3387605109284 154.34942779594704 0.0
40.355561955075345 168.8414187852988 0.0
30.512987917564228 80.66285341102355 0.0
97.86098061379597 25.727857781783882 0.0
136.24354066368994 64.19723204654338 0.0
74.0417745940289 137.2908710543718 0.0
60.14432114212216 168.63339955472324 0.0
24.69885864544605 101.04210991741782 0.0
87.26804716807428 109.85309840471888 0.0
33.155459167864464 32.95773279599577 0.0
16.42103347542465 172.28827063389863 0.0
168.63567620521255 33.775532904052106 0.0
129.5193666766462 130.65461362594831 0.0
193.68110336134717 41.892741174856596 0.0
51.770931122262255 22.55889441388277 0.0
50.1283524981583 150.87358048562058 0.0
196.75678243195404 77.82106995217354 0.0
190.08411129660703 45.55210960388874 0.0
68.02437211628394 51.95386703070821 0.0
186.49867504614008 167.94253583105106 0.0
97.59427947935015 34.09399316302451 0.0
157.35277378206172 162.64574070833322 0.0
141.82111680602424 103.78076066638127 0.0
168.13666842896444 71.16727126429487 0.0
26.33829864505106 196.32936290245937 0.0
139.2145692242824 45.538631250417595 0.0
34.3555518325946 3.1477853392042565 0.0
77.8313738045596 33.86035667233289 0.0
166.36696060634472 81.1977001347336 0.0
78.93298989388346 153.86173197168307 0.0
164.36650929847434 174.90141447047495 0.0
94.63531771827552 115.29877992071216 0.0
89.95708941426876 64.14836422167116 0.0
159.09124097341908 77.98856479806138 0.0
73.27801682071926 43.6563588153168 0.0
173.66895243671485 139.5044837465809 0.0
108.4652106020668 11.794212123405924 0.0
106.76895194407041 35.03378138857241 0.0
61.397136093030504 101.07402375094397 0.0
143.27125243889154 1.6250286523758373 0.0
176.76882194730894 17.872945823288887 0.0
130.51822836759717 110.02997590355778 0.0
124.07520329826002 175.545785336282 0.0
10.90276867162916 99.57060266140698 0.0
5.874152254118448 102.94138541574841 0.0
5.545289418581767 64.93894342390212 0.0
166.73867518939446 89.43730507286728 0.0
119.20739225722137 38.56360252187485 0.0
87.5966719507199 187.95884643630302 0.0
73.50388362287303 188.15366858495096 0.0
127.69588971024572 139.05008020014725 0.0
43.63901154109286 6.257089176951802 0.0
185.22063196351192 101.9159914928486 0.0
173.30679521248277 107.1472999315699 0.0
87.62592560238073 82.45660591729667 0.0
173.05941102503112 66.07833463688215 0.0
94.0438365483511 33.66529454428462 0.0
169.3616588848164 136.925324522597 0.0
94.65583559684742 170.36524950712433 0.0
164.71357670221803 66.45370793643617 0.0
125.7139161094369 88.10944467223334 0.0
193.63735216312367 186.93723554403522 0.0
83.93254939593862 5.171208283837125 0.0
114.98872206696025 113.57117244796872 0.0
20.26236082078141 56.90388580644545 0.0
167.9671786757019 99.10391789004993 0.0
120.5956122650745 63.349739257087066 0.0
137.36322464732197 5.336607960747508 0.0
39.74258555100152 163.82980285836896 0.0
22.995154764105365 139.61698635659033 0.0
45.057071831321885 166.3479057741976 0.0
88.95177392251409 74.18026108923983 0.0
47.37817514770835 194.9937164508039 0.0
80.1715725047583 17.16637740262099 0.0
49.4947400033926 35.13113483123982 0.0
37.052957726145586 136.36951804951315 0.0
26.12773406419231 74.01003395102232 0.0
113.20416198503784 50.2523978313441 0.0
164.46509045557468 113.54079604218367 0.0
107.10554180359213 95.48429293562583 0.0
140.57239252713038 192.32274432725086 0.0
55.371051250197965 156.23849111326382 0.0
84.54202902125128 95.61907658528557 0.0
3.459680055400449 197.71124192644066 0.0
96.03238577743367 54.82251065857937 0.0
169.10180056860187 184.80098281800161 0.0
11.887784027416615 42.05737354675036 0.0
144.36932354602817 186.6130980448532 0.0
198.81885842074172 50.91544169550832 0.0
144.23274370430394 168.43206140636542 0.0
46.66220308967524 20.924473510480347 0.0
2.6120762406510734 55.02935627137753 0.0
171.52716587841803 11.199762028528104 0.0
41.34291135433274 112.65219177458903 0.0
103.17664528460517 57.83080786917489 0.0
93.14273425689838 141.76450379630185 0.0
27.277957595888047 59.90664885089758 0.0
46.57677092983279 198.58831465979162 0.0
180.69876863001687 30.684930025955516 0.0
99.18676106459672 170.7201906152444 0.0
156.81222608232272 123.26147126429252 0.0
54.35998184249367 120.57394734218761 0.0
67.8144539440523 194.19855511584413 0.0
78.17998161398327 80.12740859245326 0.0
32.346649651876746 103.92170756407153 0.0
144.41457183877847 131.42756706530307 0.0
9.253094978198572 69.29642017497804 0.0
138.96067182954613 139.53506078563544 0.0
182.09541145036826 181.6477362196953 0.0
69.47956814049108 18.065426882399404 0.0
114.0825242073666 82.58712508283928 0.0
31.620387544713545 102.21114263861786 0.0
139.36478240447366 150.36284006203985 0.0
120.14350830570311 80.10512127536767 0.0
134.17981162269004 191.0512762803747 0.0
141.41970484420193 190.6127216304155 0.0
120.12670283138908 151.75856425884263 0.0
183.19501209007652 34.1161004281257 0.0
91.88419845961427 177.1031785259035 0.0
28.175154794483028 162.5810696073431 0.0
32.97762799428987 15.601783981300388 0.0
59.89765295808742 16.173431129272565 0.0
85.73839873658211 149.1823147353017 0.0
102.52361542626365 155.91809415361035 0.0
75.38886787119132 66.89963575410202 0.0
160.595407381735 105.37100765638033 0.0
53.22455586886057 33.03082787592218 0.0
80.47037689421298 59.00040981599246 0.0
20.154684932426203 110.07865200063813 0.0
142.0549101454283 40.95050912656157 0.0
119.40104997991175 88.81332393689374 0.0
107.62715906910796 5.0872298106865 0.0
145.94439956585163 150.334281087877 0.0
103.95079528475064 55.702296234880144 0.0
10.346438704504134 139.2351965342127 0.0
94.54631089867718 37.97836091341671 0.0
15.8647356525623 62.307071287887794 0.0
10.900322565588393 198.29458409837852 0.0
60.31679416119295 43.81573405874229 0.0
54.557475262661924 46.67854921612442 0.0
157.93868722466115 66.24176205526133 0.0
56.453615324923476 167.18701111159945 0.0
191.52265183314012 4.472256119132578 0.0
85.51290246477501 116.72442815886761 0.0
151.40713125728416 121.78555954729322 0.0
135.44565444548013 128.78501056683297 0.0
95.43184446571532 137.57155955928604 0.0
86.8477452609082 95.8302971487559 0.0
72.75943921422368 199.58176379025784 0.0
41.11641538028572 42.49110047461795 0.0
94.5044680122874 197.60486268785252 0.0
153.36153197731392 21.509022407681577 0.0
105.39935263248228 40.81514213781121 0.0
53.40523190457558 65.30942532203959 0.0
13.266215483744936 187.64258313367546 0.0
37.12707164195752 108.32426004846552 0.0
166.8523559935923 64.8651314882323 0.0
34.82581374423705 58.659738220041824 0.0
37.626360005825 41.725091771073444 0.0
118.93306367868803 42.43030643222452 0.0
57.420804716452324 135.2232475152636 0.0
0.3280121890350429 70.0571527069475 0.0
191.3465916473512 14.345806441084852 0.0
180.6666288345208 181.05575941530108 0.0
84.1930549305604 143.83088917750538 0.0
177.55269378458928 112.31382434719934 0.0
108.56699379380869 62.1827843038373 0.0
120.04207710304702 104.58730000891035 0.0
164.31286031497646 23.993810962879138 0.0
23.885913068893384 12.91887202100468 0.0
31.295415783420143 153.2351273743375 0.0
199.08205331834205 18.90983617437454 0.0
61.41524540899081 52.02948838601855 0.0
116.71865653049443 156.25278696074838 0.0
10.766451584229507 88.52038838904987 0.0
67.75742237598668 155.65920949862232 0.0
59.13516389319759 147.80367154684455 0.0
83.31840090818787 191.2925217106832 0.0
141.57628569970564 71.48929006544282 0.0
54.192083929405335 168.04376458735223 0.0
25.595143796370824 134.31231203504797 0.0
186.71874161806898 27.463606903541994 0.0
107.49972187961652 110.31398811523907 0.0
62.83895781872999 169.89102811413736 0.0
72.77818789370593 166.465192261407 0.0
34.033323996982354 91.29544779744616 0.0
167.89552916381655 188.20607633460747 0.0
72.03345077979908 115.57573328787744 0.0
64.69216850472743 189.2274171686889 0.0
123.60036742088245 66.53610227315463 0.0
163.60645212813617 186.92065502911572 0.0
72.3305756550428 68.48539942397218 0.0
78.23201326863207 135.27512571526955 0.0
197.36397773424272 190.38281889489804 0.0
171.26008691524137 198.60271623097856 0.0
137.03202918351556 155.67983798218913 0.0
170.64583616874927 22.321550791781576 0.0
14.89853953914253 28.484471331953266 0.0
84.87690584465923 111.1319896426019 0.0
166.30947856798153 56.400685978123086 0.0
57.51139234027471 160.26976857264754 0.0
15.482435934234573 101.37230036453755 0.0
53.69162175402453 2.1226264435956654 0.0
96.33023325621133 122.08730683878204 0.0
155.12896473935922 128.34837772151766 0.0
184.6273112562986 184.97505655780992 0.0
155.09422701980748 126.73392599001696 0.0
14.791687734963087 75.55532799231779 0.0
91.2370477966637 32.38630491120533 0.0
91.46915868725571 157.87493247581713 0.0
131.5968700973712 134.44830819942993 0.0
74.27063577788347 86.99395409676032 0.0
37.957059813100116 2.383020290506921 0.0
113.4274825520196 117.96039391044944 0.0
70.73290899896807 199.97283648832413 0.0
144.79381661382794 74.43844589717995 0.0
70.87321825287096 140.53045025558276 0.0
114.53877693692355 141.1323094280563 0.0
156.79427325708392 3.4205551502387355 0.0
197.03588435391936 126.3739021260196 0.0
8.154028738596653 179.84276834027332 0.0
93.870557043055 104.71948919890308 0.0
73.31353190626884 144.92780448010294 0.0
57.55108216768969 194.12667334126107 0.0
33.62144590772112 163.55034115221486 0.0
170.42221917690665 48.25998323828726 0.0
85.19680350121182 28.8638833313845 0.0
27.444837878597838 51.69957640960576 0.0
57.674083919295114 105.41411894760498 0.0
120.9189523816311 194.30435284250723 0.0
79.41377010363027 102.78920304004684 0.0
105.89157886054585 170.70726088107523 0.0
19.970649509269258 41.11664197323825 0.0
136.90499996305005 1.897123787470889 0.0
93.15112050047993 186.31823832691424 0.0
9.904957573712569 8.06788851163207 0.0
187.77991130840232 130.88599836226194 0.0
117.54244473987256 75.3927825946334 0.0
108.33559070874009 75.04352193045705 0.0
31.76679307190731 54.10741608546541 0.0
153.90340067265925 123.50892110354887 0.0
64.52183266355127 1.2624186338058951 0.0
141.43289871707316 54.67691556590684 0.0
25.520942171504647 38.73273965108874 0.0
88.07711154660463 141.889283875216 0.0
195.49087867268818 35.54740167973143 0.0
107.42877877251729 10.5644143935266 0.0
63.93836836125977 143.32991134674077 0.0
45.7584825265168 0.30829204066222804 0.0
42.407445747781416 14.616237925105334 0.0
186.8984434549487 67.73075484484845 0.0
157.35963853434296 116.04372418213968 0.0
188.20485264780643 113.542543661035 0.0
51.22313192830767 111.88092999194264 0.0
75.07063861433762 146.6100248751754 0.0
75.82112605270535 38.094904264287585 0.0
17.74969343497459 107.99628215447355 0.0
49.30365178758325 113.12903907826627 0.0
141.7925732199351 69.61859268475948 0.0
165.87116065592727 138.79110599659597 0.0
182.18281618927415 95.00404674847658 0.0
196.99230093379902 133.12772858841936 0.0
181.30200989581942 103.7265455263721 0.0
103.48233368920397 106.88806447796979 0.0
52.14088238428407 16.45996934005276 0.0
89.72270344371698 146.1560335775745 0.0
80.71270431462474 74.18392930970495 0.0
174.46630496086442 195.95703655612783 0.0
125.41435504979945 122.93001182685242 0.0
127.08717103055925 153.12158320467952 0.0
186.1194866744609 34.55802681391684 0.0
123.79722582676236 71.41489519261026 0.0
162.07726222761386 94.40334036987485 0.0
115.26684852060278 57.91808161917342 0.0
195.22922856514307 128.237889222843 0.0
65.25017696599949 196.8730249850277 0.0
4.345920810410497 163.83910829920816 0.0
119.2299252661792 175.67972530188004 0.0
55.42390947258673 126.56245267149761 0.0
192.76075481682963 7.461346251100354 0.0
85.0729516142027 53.664926079781836 0.0
31.104180946907878 145.5888637755292 0.0
196.16211712456914 178.72839342362496 0.0
84.9120993389592 167.7836676741052 0.0
78.78274740658581 185.38320511197094 0.0
171.13008131186928 70.89312789891255 0.0
74.6251020493975 158.63405187881426 0.0
43.95563267165967 62.160645740448 0.0
199.15476497437638 72.4416940171669 0.0
87.60069678489455 158.78828050606012 0.0
63.51379058614286 43.815613301604174 0.0
160.77172833821766 114.81660014281063 0.0
96.86075675930029 56.524386732573426 0.0
172.19470269904588 182.8230329759535 0.0
159.90285436623785 11.631859079814632 0.0
47.17657609578963 187.66640526506066 0.0
161.66228483309996 197.41914341708414 0.0
157.10865510630958 140.48210782613657 0.0
44.05822113358793 187.85365405279012 0.0
26.981481452696855 153.35874417527765 0.0
82.6747474796639 176.61818114075874 0.0
10.394873944265836 128.60373876167506 0.0
67.12415919566459 32.81452693015978 0.0
27.21084856094995 191.23195865412802 0.0
170.70413449567766 124.80772320568998 0.0
195.91112601564134 109.28792254549653 0.0
196.58629206052473 0.2784869900566145 0.0
60.88514064033508 3.838753372736292 0.0
196.56281151285742 133.40308775041655 0.0
114.28837548751547 88.9516245523752 0.0
198.4167008841979 154.18140278496247 0.0
42.77499660639379 1.6959653955429976 0.0
149.2705390224528 60.28541656882294 0.0
191.32284652015022 83.18723300108348 0.0
184.80742508978602 78.40215011911428 0.0
129.53279060804772 153.9157390786838 0.0
168.04701299403476 89.8963143648678 0.0
130.1986582816345 90.08044435546509 0.0
106.39859179840785 64.71982373319997 0.0
25.60790106405131 52.37424750392228 0.0
152.0021342593712 157.84665152814753 0.0
93.9472814286604 144.6439151220869 0.0
17.907420358338697 14.113185687608354 0.0
146.35191480926267 187.07426922623225 0.0
1.4303099446834944 0.19577829989367856 0.0
34.550042036952554 177.02285508464362 0.0
196.06435794445218 136.55870299449046 0.0
179.72001654863882 80.35789409539736 0.0
94.61499263197071 37.55740192429471 0.0
35.08996825526691 47.12885398940523 0.0
38.762585063734136 184.48332811838696 0.0
37.97481754215137 177.62554026985288 0.0
54.049726260023554 154.188364223929 0.0
181.3591773542738 178.35819271780338 0.0
124.32717525118117 5.028328702079188 0.0
40.79890203073513 42.2175993965054 0.0
105.98194467895048 82.21658758547564 0.0
129.32809099366202 63.05085198429199 0.0
59.810089677325884 46.2804289158953 0.0
21.222266350311592 52.1148905846391 0.0
187.1857784577925 151.1644223241422 0.0
184.88273151307385 162.3465187694106 0.0
197.21735204646166 102.62643616679479 0.0
95.7709962992251 46.11426249938597 0.0
2.870108408469041 12.923679804253595 0.0
162.23630511382234 173.0937990558372 0.0
146.57456811553223 34.38767964045557 0.0
90.24336217648185 17.135495890662746 0.0
89.62813781690804 2.33852915014392 0.0
137.42137093059955 84.46890280468804 0.0
64.73707411799742 46.890507428376594 0.0
62.519612981136575 0.31583545223858867 0.0
187.3347024730936 43.55260003932493 0.0
63.26882719210192 96.96006487414832 0.0
148.85099316158207 164.12902119172497 0.0
13.811710284977895 153.54835250066864 0.0
73.89758006007163 62.27647090218878 0.0
62.279946414555496 126.37393652525206 0.0
13.371384046439294 182.17636812962996 0.0
129.75923707525735 78.1204122344608 0.0
66.76908802910368 114.13182690568995 0.0
63.79775788229281 65.52017396399208 0.0
79.54378988484106 37.500839239110604 0.0
142.7777861546065 77.10849027657845 0.0
45.12413466346257 89.22851919932833 0.0
101.88395720529992 26.2305435011978 0.0
156.2554171625275 175.34296399423675 0.0
57.06600826059061 99.18558096820806 0.0
96.61107355282026 103.13078744913639 0.0
40.307669520091615 34.36870272413586 0.0
41.16218258736974 153.3099145067037 0.0
127.67760512053343 165.49745254770693 0.0
142.58151873014106 134.36890246996694 0.0
141.0522505941819 100.48699067231632 0.0
20.997892638149196 165.34344952855523 0.0
35.064523599984064 127.26401403440202 0.0
145.70545132152156 118.652471610274 0.0
142.74642408830113 38.78642664459528 0.0
199.97181253061663 21.217608541222923 0.0
46.49758996686082 51.7620087180199 0.0
153.87780625332826 159.9416026049234 0.0
165.42597946976224 57.03618059459827 0.0
35.16084332003493 166.72249507009377 0.0
5.77082999882963 184.3453214251605 0.0
84.32281473277787 168.53231905195267 0.0
8.032267736366938 190.1087639153876 0.0
107.80260707073658 179.69029837401226 0.0
42.59573332746211 84.15912489440771 0.0
1.8023581015375267 86.31230848987653 0.0
55.053804380872506 99.78719611981771 0.0
9.395615598531503 27.019855396026493 0.0
143.09170625661437 181.20413604021152 0.0
94.83458642674705 109.3433500378574 0.0
58.717143739720456 13.50039770761715 0.0
71.51288083102536 17.85605262651273 0.0
172.77897591892003 52.40719104585851 0.0
3.8290022947442326 167.9266948003164 0.0
113.1333594880221 24.643054294828893 0.0
118.23508715738787 38.08017754000803 0.0
193.48016467586467 164.3544651999611 0.0
5.044336187585952 174.30752993146768 0.0
186.80629989484996 27.13619782629908 0.0
70.10969722367577 101.26761611443335 0.0
165.53684977939932 80.34348532202135 0.0
4.275424338458134 198.1749232409888 0.0
29.908945150250087 6.884769318355577 0.0
78.54216071908218 101.26906718879785 0.0
176.7472422639413 179.41028900370642 0.0
144.17531262805505 180.11339562758735 0.0
122.73407859139127 62.78838958085666 0.0
119.52549479120471 101.57154350819641 0.0
189.43138502333875 184.9879008631333 0.0
79.11889129533725 43.162388581574774 0.0
181.72548738055735 179.9616247174933 0.0
25.61451143394857 146.5954032278809 0.0
147.02999063060233 50.85240702310947 0.0
21.5142586927739 112.63994540656074 0.0
189.49603708273358 27.81994156108638 0.0
185.05092025302184 30.083671294404567 0.0
131.64324285905846 2.0129038088722018 0.0
113.46812929029196 4.386725879882913 0.0
165.23874777864145 105.6876919968272 0.0
186.94555364043268 105.73990490643286 0.0
113.91577335981025 178.2015199198866 0.0
127.71144988536702 191.58675793850526 0.0
141.93725341387685 8.584242354047799 0.0
141.4239710751523 75.27081627962033 0.0
86.67410020125786 177.61977764043135 0.0
151.69153773336248 110.32104760011508 0.0
66.78176754965688 35.84464195376555 0.0
53.641697031933624 138.98995013151423 0.0
23.72275313661003 48.597589201081504 0.0
158.73698949217032 114.01037172999777 0.0
191.19691486408865 15.230990205956974 0.0
80.57533580440466 144.1386723242522 0.0
155.205314190609 126.8210689191972 0.0
20.201571877248004 36.90346874073504 0.0
166.88758286190406 65.19076074323745 0.0
149.49581325407812 16.08062850021552 0.0
100.93668634825184 165.78543785901846 0.0
162.49337123331134 176.7669056417061 0.0
114.30913973052846 67.91837460523686 0.0
67.03001114313807 7.526049847810601 0.0
53.11278168382793 58.12931935864904 0.0
122.8954501716802 156.93284099578534 0.0
179.96817429054366 75.87622582605138 0.0
97.71699488881318 150.94205738196015 0.0
49.80391340084886 95.50657550465833 0.0
108.08426612779576 177.86094580893942 0.0
148.96007566620676 124.43145590940972 0.0
40.965164472190516 149.3052807817155 0.0
30.638117393861066 164.65203803588116 0.0
109.25206571523513 18.37076002464535 0.0
129.14967567931052 173.26466117242435 0.0
85.31651294800213 190.35296552131328 0.0
16.080665450976394 127.2973090891188 0.0
177.73957678596744 196.7006706529109 0.0
173.40120751705385 149.20685477454046 0.0
168.92424927254854 19.48892457022302 0.0
1.7160240203165422 81.5929182130952 0.0
115.08515991911277 151.54982645872138 0.0
156.26382602894978 113.16089572475904 0.0
25.15008165500032 56.500477106071045 0.0
8.938528109787258 52.69308705929403 0.0
81.39673677760044 153.2592124925973 0.0
71.51895661448458 23.76363366805716 0.0
142.18735407424882 191.242699223548 0.0
183.45794228699205 110.15931516034073 0.0
75.95273305090933 105.28812637239766 0.0
166.99568080365253 20.44502197721718 0.0
115.61632769619862 143.44619911864288 0.0
83.02626328531962 159.8390963190837 0.0
93.93825060527465 46.14230791125868 0.0
183.06048956707278 198.54047030272923 0.0
122.79783112611162 121.80467765631884 0.0
145.79194363359568 107.87595368706506 0.0
13.2227497729118 11.910001253706293 0.0
11.187551363052496 99.11265483430888 0.0
98.01153695822433 167.49852703410755 0.0
180.68779693801784 144.50709560495406 0.0
115.08550557547316 169.56216088169705 0.0
139.0158244681861 186.13906189704176 0.0
37.24513773108029 17.310718018925407 0.0
171.25886407154394 145.30490859584012 0.0
192.79503685690202 181.17305532065137 0.0
98.29923361454478 33.721487606045876 0.0
111.54062659673527 171.4912120783108 0.0
134.33647854771098 37.51853146943036 0.0
51.948818314499114 9.217567824085249 0.0
182.15614362249838 195.97378261370847 0.0
117.80396624308935 101.52616825489527 0.0
24.964719436971894 29.17182080536298 0.0
56.47946397255359 23.101374851213976 0.0
148.02443796907514 182.2440512623429 0.0
45.98439161063945 182.96817663495938 0.0
128.98562570309366 48.573863856831444 0.0
24.23371443909503 117.08030608648272 0.0
72.72837090590765 10.327589705974315 0.0
191.52958970977093 188.48378676976995 0.0
34.68931412410478 191.89838043516886 0.0
26.030370296518957 199.72507724621067 0.0
176.0635144777161 60.32677082398303 0.0
92.02299462930112 26.274567370898417 0.0
124.9352807980199 26.488180247400138 0.0
92.10351141722313 65.08774859513453 0.0
79.30601524897656 1.8141888025211328 0.0
16.909487235993105 59.02794328647407 0.0
181.1511639983964 47.54102469799244 0.0
79.83723247185787 105.72602442211705 0.0
15.052400133339239 16.955233953527937 0.0
189.21569742261764 188.5540892929403 0.0
140.6152081468158 35.83302237390789 0.0
6.6980868998322896 177.74175384838628 0.0
154.7962340502949 192.24643299900174 0.0
168.17119989439755 141.2650656145066 0.0
98.42863067142227 114.13593255616381 0.0
2.2715962695492697 177.98983315419036 0.0
70.64781962982288 1.5257268804695245 0.0
71.63683860431522 39.652547720554 0.0
95.58420155406904 149.98450150665536 0.0
83.3089472625538 143.6137701594535 0.0
197.60319549591904 52.91098406840919 0.0
167.2464335742148 194.92030402074823 0.0
84.5372924695014 2.450219284491517 0.0
5.690249600344877 134.0641451169885 0.0
12.768747029375028 122.32301530888134 0.0
11.168091801134562 105.92769205173178 0.0
113.68556375809563 160.57762035048276 0.0
97.21051142070618 5.7562450451290825 0.0
97.9476071645531 146.2492372803972 0.0
163.39143112009774 99.60049515827103 0.0
22.163628091968988 171.13944567857388 0.0
25.09463240661587 39.52311042868555 0.0
101.99411194669511 96.40438967907903 0.0
158.4469193512871 97.96524360285864 0.0
186.3588963288835 103.36690139156953 0.0
102.14766505190624 31.02022502148738 0.0
69.34259420275546 108.94443979409397 0.0
60.46358246853587 46.96334359676422 0.0
109.55487139806847 148.31128842657796 0.0
185.44653558825703 104.23814579394491 0.0
51.116742799393066 90.88993753038699 0.0
181.47134819205277 192.2012431231521 0.0
96.10810912342949 100.49319801438581 0.0
71.47956883500848 158.27924564436515 0.0
165.22575570681565 76.41514418544078 0.0
191.8542802324303 36.792861187711054 0.0
101.56516994279781 119.49556088923401 0.0
141.63999806556504 107.55492999244692 0.0
121.85358735780159 55.659077237682155 0.0
101.86092041502242 66.45059430403424 0.0
100.125695492069 19.15681504866573 0.0
61.97970133386379 125.55945069985836 0.0
80.74749914908273 48.71483468639879 0.0
43.07803712510694 176.98105085327168 0.0
160.85798318671647 182.02039504329747 0.0
191.12949883663862 152.37667396597394 0.0
156.71216440058168 47.45334567113384 0.0
28.77396005001738 189.34188523982237 0.0
74.07323300266401 46.696838908622354 0.0
0.29214397647758794 176.07597779773778 0.0
139.71561559584146 97.83785577612562 0.0
122.01783989179388 87.41585417038185 0.0
19.26471590936536 165.7947321099748 0.0
59.21437399384297 48.15359844882763 0.0
46.01325094646975 45.385417427398345 0.0
90.48102345735072 63.658459527532216 0.0
16.018167797177064 82.07674735986204 0.0
192.04415432316745 43.1755820555771 0.0
166.69612700917526 116.43154924680692 0.0
76.82677700146618 107.77533741809293 0.0
149.29960917804075 120.49703991192678 0.0
56.97948999177696 22.778707058429326 0.0
130.0698661569272 157.85441970726114 0.0
63.59467786969404 123.58571763428421 0.0
10.52683340680014 43.77624377970204 0.0
53.614942687101234 114.18551128463888 0.0
144.2703415578222 7.914690641225786 0.0
161.48587304383213 9.228132479431217 0.0
45.83089036203911 169.17028825128688 0.0
111.89217763709149 63.38977288971708 0.0
36.52245207191254 120.86742214032127 0.0
199.95545162135727 185.86469174567998 0.0
152.91369955528953 194.08935316379367 0.0
166.56074002406672 73.16862820716968 0.0
155.4481988934115 18.002113303361323 0.0
149.01822370877719 110.04011918673069 0.0
117.90815984063023 28.223148036025194 0.0
171.0553835867916 186.07759970810017 0.0
52.83034207585955 187.7672639793744 0.0
151.17409464578074 154.8518479015497 0.0
133.6469060848033 179.82878136916796 0.0
154.6960840757831 122.58479907661393 0.0
111.2378591984798 107.63564670188634 0.0
192.35934939187837 95.0873774226463 0.0
90.74603973673356 93.83749909127563 0.0
77.11711833117636 134.50052346830037 0.0
133.9194709002611 110.36655326160603 0.0
90.83004642322692 81.48517353359874 0.0
182.9100298501774 89.43649438033563 0.0
83.83136698012163 83.85851442807619 0.0
163.37150471382952 67.3212602480874 0.0
132.88380467889263 39.27536576347948 0.0
17.864062324555043 194.7821050945958 0.0
16.836118705030458 7.405152668963932 0.0
44.98630381111768 111.4879675766967 0.0
134.32619333505872 76.15646248810278 0.0
75.32008905198819 26.500569752506053 0.0
84.1666458383516 76.852764310773 0.0
102.18744762254444 72.8724707227362 0.0
156.58803625863825 134.8643668979519 0.0
3.3828085419980614 111.63263593920956 0.0
42.30376516020227 115.05338777617933 0.0
139.45806693763657 148.91078342614955 0.0
156.39983048798533 175.48990631212763 0.0
94.80183716246613 99.678294899951 0.0
95.34168196674085 78.2491665123586 0.0
39.66844743311479 182.56000586133132 0.0
97.92951161601127 22.701174489452814 0.0
134.47631299912533 162.39783635955632 0.0
164.82227615131058 164.5556645816044 0.0
72.10920274625995 170.7236535453496 0.0
106.28991294489462 63.02688898526216 0.0
59.61823766578378 129.02550775916458 0.0
34.14223714471716 58.83434628500845 0.0
77.63629001573604 75.66771366689771 0.0
91.32205144991148 27.357037873037694 0.0
123.98068928907226 154.55203602435884 0.0
121.43910363865733 74.11045278764159 0.0
147.33405811060229 62.08365752032927 0.0
120.56055016867224 143.8170610927862 0.0
107.55728203537487 168.73220515879402 0.0
84.86263729040327 199.69255714244733 0.0
61.10262680166536 132.45470701953107 0.0
70.28746565385788 196.1718332947395 0.0
163.15903967640486 3.4738505954810206 0.0
114.13763252635938 116.15001429000948 0.0
2.5758452104323926 183.38155566378177 0.0
133.580715366801 72.9156502269054 0.0
141.27497362446653 146.26437270274081 0.0
12.324551409461492 87.30457104012872 0.0
116.77604285319711 155.52379275651887 0.0
14.263407922675064 42.204534708882434 0.0
84.62258806816119 117.2911586891952 0.0
21.684093138615257 89.39239880596872 0.0
126.91185588819052 199.81335194856757 0.0
85.66026659428887 37.787032948028035 0.0
33.79459816923014 117.91208236003254 0.0
197.5520647934021 187.55278280426867 0.0
76.72539105716038 32.596118167813025 0.0
43.067480277688674 91.08986641422474 0.0
135.40807054024728 48.132329407884214 0.0
184.13073292770713 19.79970218017648 0.0
114.79491009153095 102.3580631807013 0.0
28.842146994590156 94.61453999387675 0.0
94.16225557257702 40.743853291116736 0.0
96.1029496098077 98.63260778588887 0.0
87.19938201112589 40.692069179524594 0.0
59.01760390170778 131.8012850504264 0.0
60.211384909303554 109.78366616950794 0.0
59.97524294338936 90.44256799666019 0.0
154.9510577733997 120.1617465658832 0.0
30.35089679885519 58.51652602887405 0.0
93.25862167616015 160.9672267367448 0.0
19.056229742021568 82.87010270441088 0.0
102.60239830988338 91.71845151787909 0.0
36.70862201112266 71.32012257172038 0.0
194.77748295876447 61.75316667261408 0.0
55.97644055377975 100.27092802656155 0.0
54.433538719995546 24.327802060852967 0.0
173.69738618642492 47.66867264136301 0.0
149.76695045139493 118.69563096536841 0.0
136.65598474400332 177.44583799300818 0.0
164.6265883664865 19.461884818175037 0.0
60.44516903778958 93.21106454137289 0.0
69.44650680922733 159.74045743586203 0.0
