2 198
7 397
11 916
17 772
16 20
23 24
25 552
24 533
27 893
29 670
31 861
30 563
34 463
35 892
32 529
33 759
39 458
36 414
37 244
42 924
43 395
41 653
46 764
47 6
44 557
45 969
51 229
55 649
57 978
62 619
70 350
71 491
64 306
65 290
67 120
76 143
77 371
78 456
79 247
72 431
85 366
84 392
87 331
81 749
83 146
82 198
95 272
94 350
89 226
88 602
90 352
102 932
101 193
98 443
106 755
107 198
104 662
117 756
116 797
115 734
114 874
113 150
112 646
122 526
121 438
120 402
136 351
138 472
141 42
140 665
129 55
128 41
131 136
130 890
132 661
134 794
152 703
154 167
144 256
145 355
151 164
171 508
168 779
175 307
172 418
163 908
162 588
165 96
187 610
190 2
191 659
188 415
189 702
178 810
176 304
177 129
180 31
196 330
193 789
192 883
