5 966
6 312
7 598
9 369
10 852
11 841
12 693
14 926
16 670
19 933
21 938
20 570
23 708
22 92
29 769
34 912
35 762
32 785
33 130
39 659
37 888
43 516
47 381
44 983
45 667
51 282
50 405
49 242
55 876
52 511
58 19
56 634
62 387
60 579
70 296
71 16
64 464
66 489
76 838
77 97
78 797
79 388
72 44
73 974
74 763
85 925
87 44
86 233
81 976
80 912
83 250
82 976
92 170
94 37
89 899
88 526
90 955
102 610
103 751
100 580
99 208
110 421
111 957
107 463
117 488
126 438
124 170
122 275
121 726
120 843
138 950
141 238
140 786
142 694
128 723
131 143
155 106
156 65
157 394
145 269
147 240
149 74
151 932
168 115
173 633
172 713
162 930
160 97
167 906
164 902
186 489
185 470
188 278
178 847
176 581
177 177
182 784
183 71
206 89
203 783
196 826
199 659
195 553
194 743
220 384
222 782
216 60
217 42
215 196
208 12
209 257
210 606
239 791
237 779
236 500
234 969
231 272
230 861
254 597
253 506
250 860
249 2
247 414
244 811
242 746
243 691
241 463
275 978
274 953
273 961
272 480
276 647
280 321
286 484
285 322
260 649
266 147
267 495
265 34
268 185
304 278
307 49
309 59
308 160
312 607
314 670
316 207
319 964
318 540
291 260
294 26
295 853
297 517
301 10
302 979
303 806
342 551
341 234
349 391
348 152
346 559
325 296
322 227
323 128
335 943
332 18
333 582
330 40
331 864
329 503
373 466
372 266
375 644
374 364
369 853
368 73
371 302
370 489
381 904
383 450
382 585
377 283
376 315
379 72
356 761
357 306
352 890
354 614
366 186
367 362
361 417
363 284
410 916
411 480
408 807
409 533
414 256
412 482
413 394
402 295
403 225
400 537
401 479
407 689
404 249
394 818
393 932
399 123
397 719
396 647
387 628
391 743
389 714
442 13
447 245
432 965
434 221
437 55
439 314
431 404
430 639
417 687
419 264
418 517
422 861
478 340
477 304
474 393
475 319
472 872
470 96
468 43
466 980
467 728
465 605
463 264
462 42
460 647
454 82
452 323
450 686
508 228
509 46
510 181
511 724
505 575
506 660
502 306
503 700
496 123
497 212
498 190
499 441
492 285
494 642
485 694
481 263
550 266
546 976
545 635
557 144
567 183
566 517
565 952
564 740
563 626
561 649
575 509
573 347
572 574
570 108
569 325
516 607
518 12
519 466
512 34
513 987
526 636
520 357
521 185
522 122
532 411
535 183
529 599
528 149
530 582
543 561
542 482
537 661
536 277
539 469
538 132
609 161
614 395
612 229
619 762
616 748
617 658
627 711
624 284
631 847
629 43
633 117
632 821
636 447
577 107
578 301
579 297
583 994
585 345
591 282
593 182
595 35
597 260
599 316
598 171
601 335
603 153
687 619
686 510
685 707
684 81
683 35
680 618
679 412
678 369
673 508
672 269
702 587
703 332
698 801
696 271
692 331
693 915
691 835
689 998
653 720
652 13
655 794
654 271
648 70
650 329
644 71
647 271
668 163
670 80
671 425
664 959
660 602
663 712
656 874
745 950
744 157
749 602
748 581
738 160
742 526
740 149
763 950
760 436
761 314
766 476
767 621
765 620
755 442
752 338
758 681
756 693
757 120
713 758
715 910
717 863
719 650
704 721
707 954
709 54
708 702
711 828
730 649
721 534
722 707
723 671
724 451
791 285
789 239
787 308
784 143
799 563
797 306
796 234
795 959
792 333
774 494
772 158
770 95
768 366
769 82
783 323
780 763
779 598
