1 57 10.0
1 63 99.0
1 99 79.0
1 140 70.0
1 148 3.0
1 180 63.0
2 3 21.0
2 19 92.0
2 58 7.0
2 72 42.0
2 92 1.0
2 100 6.0
2 117 59.0
2 137 54.0
2 146 68.0
2 150 69.0
2 169 67.0
2 174 58.0
3 2 55.0
3 10 37.0
3 19 70.0
3 32 66.0
3 58 91.0
3 72 39.0
3 100 54.0
3 118 96.0
3 137 20.0
3 152 9.0
3 155 70.0
3 157 46.0
3 169 29.0
4 17 10.0
4 38 9.0
4 71 73.0
4 87 1.0
4 144 83.0
4 151 55.0
4 153 86.0
4 162 78.0
4 168 95.0
4 8 66.0
4 20 97.0
4 102 95.0
4 166 87.0
5 67 1.0
5 89 64.0
5 94 48.0
5 97 25.0
5 112 31.0
5 113 73.0
5 132 36.0
5 133 54.0
5 182 88.0
5 9 21.0
5 25 56.0
5 31 90.0
5 42 77.0
5 43 36.0
5 70 32.0
5 80 62.0
5 130 27.0
5 134 63.0
5 176 84.0
6 22 71.0
6 68 56.0
6 83 71.0
6 90 37.0
6 101 23.0
6 108 41.0
6 115 42.0
6 123 55.0
6 136 56.0
6 149 6.0
6 167 46.0
6 179 36.0
7 27 37.0
7 33 68.0
7 44 44.0
7 60 81.0
7 69 42.0
7 79 17.0
7 82 39.0
7 90 89.0
7 107 24.0
7 119 99.0
7 120 19.0
7 126 30.0
7 129 89.0
7 149 83.0
7 159 54.0
7 161 4.0
7 170 17.0
7 172 20.0
7 197 4.0
8 4 68.0
8 12 64.0
8 71 48.0
8 87 50.0
8 144 12.0
8 151 53.0
8 162 71.0
8 29 24.0
8 48 5.0
8 52 92.0
8 59 20.0
8 102 22.0
8 139 80.0
8 166 16.0
8 170 27.0
8 181 99.0
9 5 50.0
9 94 7.0
9 182 28.0
9 26 32.0
9 31 79.0
9 42 2.0
9 43 43.0
9 55 63.0
9 70 30.0
9 75 62.0
9 76 36.0
9 80 37.0
9 130 69.0
9 134 22.0
9 176 47.0
9 78 73.0
9 177 56.0
9 194 52.0
10 56 25.0
10 77 4.0
10 3 16.0
10 19 62.0
10 32 61.0
10 98 95.0
10 100 23.0
10 118 55.0
10 137 33.0
10 152 89.0
10 156 14.0
10 157 60.0
10 169 67.0
10 194 69.0
11 53 80.0
11 54 77.0
11 109 95.0
11 121 19.0
11 192 89.0
11 196 64.0
12 71 82.0
12 87 79.0
12 144 23.0
12 151 96.0
12 162 37.0
12 8 4.0
12 48 20.0
12 52 4.0
12 59 89.0
12 102 21.0
12 139 66.0
12 181 1.0
13 149 92.0
13 172 80.0
14 34 70.0
14 45 72.0
14 185 30.0
14 187 3.0
14 30 24.0
14 74 81.0
14 106 76.0
14 114 55.0
15 39 61.0
15 40 91.0
15 62 77.0
15 65 41.0
15 88 93.0
15 131 41.0
15 175 18.0
15 184 84.0
16 21 96.0
16 47 31.0
16 85 28.0
16 143 43.0
16 150 24.0
16 158 3.0
16 164 29.0
16 198 38.0
17 4 23.0
17 38 88.0
17 50 85.0
17 81 65.0
17 89 11.0
17 94 41.0
17 97 82.0
17 112 16.0
17 132 3.0
17 153 60.0
17 168 37.0
17 182 14.0
18 35 52.0
18 45 78.0
18 46 6.0
18 84 19.0
18 91 22.0
18 104 50.0
18 125 26.0
18 145 7.0
18 147 63.0
18 171 2.0
18 184 24.0
18 185 82.0
18 191 56.0
19 2 99.0
19 3 75.0
19 10 34.0
19 32 16.0
19 58 9.0
19 72 11.0
19 98 45.0
19 100 73.0
19 117 43.0
19 118 35.0
19 137 63.0
19 169 72.0
20 4 79.0
20 38 22.0
20 94 1.0
20 112 51.0
20 60 12.0
20 78 35.0
20 93 89.0
20 135 17.0
20 141 27.0
20 142 28.0
20 159 39.0
20 166 30.0
20 173 52.0
20 178 73.0
20 195 33.0
20 200 7.0
21 16 94.0
21 47 68.0
21 58 11.0
21 85 21.0
21 150 16.0
21 158 80.0
21 164 17.0
21 169 95.0
21 198 81.0
22 6 89.0
22 41 38.0
22 56 66.0
22 77 52.0
22 83 22.0
22 95 88.0
22 123 6.0
22 126 13.0
22 135 44.0
22 142 63.0
22 179 96.0
22 195 1.0
22 98 52.0
22 117 73.0
22 137 44.0
22 156 13.0
23 50 67.0
23 64 31.0
23 73 40.0
23 110 71.0
23 122 14.0
23 124 56.0
23 138 97.0
23 151 21.0
23 153 45.0
23 160 13.0
23 165 87.0
23 168 57.0
23 188 46.0
24 49 42.0
24 96 43.0
24 105 64.0
24 111 50.0
24 154 38.0
24 193 95.0
24 103 11.0
25 5 64.0
25 67 48.0
25 132 64.0
25 133 84.0
25 182 14.0
25 26 92.0
25 31 15.0
25 42 90.0
25 43 99.0
25 65 8.0
25 130 66.0
25 134 80.0
25 163 44.0
25 176 83.0
26 9 43.0
26 25 54.0
26 31 33.0
26 42 8.0
26 43 7.0
26 55 8.0
26 70 27.0
26 75 2.0
26 76 57.0
26 80 53.0
26 84 48.0
26 130 78.0
26 134 17.0
26 163 49.0
26 176 54.0
26 191 12.0
26 177 79.0
27 7 46.0
27 33 88.0
27 44 10.0
27 69 54.0
27 79 57.0
27 82 79.0
27 90 65.0
27 107 58.0
27 115 60.0
27 120 2.0
27 126 75.0
27 149 25.0
27 161 18.0
27 172 89.0
27 197 5.0
28 34 94.0
28 45 48.0
28 46 99.0
28 104 62.0
28 145 68.0
28 185 99.0
29 8 32.0
29 48 12.0
29 59 35.0
29 60 22.0
29 79 75.0
29 102 64.0
29 107 75.0
29 116 68.0
29 119 58.0
29 120 28.0
29 129 5.0
29 135 65.0
29 139 33.0
29 141 71.0
29 159 6.0
29 166 7.0
29 170 53.0
29 178 19.0
30 34 60.0
30 187 59.0
30 14 51.0
30 74 64.0
30 106 6.0
30 114 57.0
30 186 75.0
31 5 91.0
31 133 81.0
31 9 61.0
31 25 76.0
31 26 8.0
31 42 62.0
31 43 65.0
31 55 18.0
31 70 77.0
31 75 41.0
31 76 37.0
31 80 96.0
31 130 87.0
31 134 23.0
31 163 13.0
31 176 64.0
32 3 36.0
32 10 5.0
32 19 26.0
32 58 68.0
32 72 37.0
32 100 79.0
32 118 55.0
32 137 13.0
32 152 33.0
32 155 65.0
32 157 82.0
32 169 95.0
33 7 63.0
33 27 98.0
33 44 8.0
33 69 76.0
33 79 25.0
33 82 8.0
33 90 47.0
33 107 57.0
33 115 47.0
33 120 36.0
33 126 39.0
33 149 90.0
33 161 31.0
33 172 55.0
33 197 17.0
34 28 59.0
34 35 90.0
34 45 79.0
34 46 75.0
34 104 91.0
34 125 76.0
34 145 54.0
34 185 29.0
34 187 53.0
34 14 37.0
34 30 93.0
34 74 15.0
35 18 31.0
35 34 48.0
35 45 81.0
35 46 75.0
35 84 36.0
35 91 74.0
35 125 76.0
35 147 12.0
35 171 53.0
35 185 88.0
35 187 1.0
35 191 13.0
35 36 30.0
35 51 16.0
35 74 38.0
36 35 79.0
36 91 52.0
36 125 28.0
36 187 85.0
36 191 40.0
36 51 5.0
36 74 96.0
36 118 72.0
36 152 17.0
37 49 71.0
37 66 13.0
37 86 94.0
37 96 46.0
37 105 4.0
37 110 53.0
37 113 70.0
37 128 61.0
37 154 28.0
37 165 99.0
37 183 64.0
37 190 59.0
37 193 65.0
38 4 58.0
38 17 5.0
38 94 23.0
38 97 64.0
38 112 15.0
38 20 54.0
38 78 53.0
38 93 65.0
38 173 35.0
38 200 86.0
39 15 57.0
39 40 60.0
39 88 1.0
40 15 60.0
40 39 83.0
40 88 14.0
40 131 68.0
40 175 64.0
40 184 62.0
41 22 70.0
41 56 88.0
41 60 84.0
41 69 60.0
41 77 95.0
41 79 85.0
41 83 18.0
41 90 38.0
41 95 50.0
41 107 83.0
41 123 18.0
41 126 84.0
41 135 20.0
41 141 97.0
41 142 75.0
41 159 17.0
41 178 96.0
41 179 53.0
41 195 82.0
41 200 10.0
42 5 27.0
42 132 81.0
42 133 54.0
42 182 65.0
42 9 25.0
42 25 31.0
42 26 43.0
42 31 90.0
42 43 76.0
42 55 80.0
42 70 91.0
42 75 17.0
42 76 38.0
42 80 7.0
42 130 69.0
42 134 40.0
42 163 91.0
42 176 37.0
42 177 29.0
43 5 74.0
43 67 72.0
43 89 45.0
43 94 27.0
43 132 8.0
43 133 63.0
43 182 86.0
43 9 65.0
43 25 16.0
43 26 30.0
43 31 63.0
43 42 13.0
43 70 52.0
43 80 14.0
43 130 85.0
43 134 86.0
43 176 61.0
44 7 20.0
44 27 55.0
44 33 76.0
44 69 58.0
44 79 80.0
44 82 30.0
44 90 39.0
44 115 11.0
44 136 77.0
44 149 40.0
44 161 82.0
44 172 35.0
44 197 89.0
45 18 22.0
45 28 10.0
45 34 43.0
45 35 27.0
45 46 91.0
45 84 9.0
45 91 95.0
45 104 91.0
45 125 56.0
45 145 15.0
45 147 47.0
45 171 15.0
45 185 39.0
45 187 90.0
45 191 88.0
45 14 15.0
46 18 52.0
46 28 36.0
46 34 23.0
46 35 24.0
46 45 84.0
46 84 50.0
46 104 52.0
46 125 38.0
46 145 62.0
46 147 34.0
46 171 63.0
46 185 42.0
47 16 64.0
47 21 68.0
47 85 96.0
47 143 95.0
47 150 1.0
47 158 29.0
47 164 24.0
47 198 58.0
48 12 28.0
48 162 97.0
48 8 50.0
48 29 66.0
48 52 4.0
48 59 42.0
48 102 23.0
48 116 89.0
48 119 48.0
48 129 21.0
48 139 2.0
48 170 5.0
48 181 15.0
49 24 33.0
49 37 35.0
49 66 89.0
49 86 62.0
49 96 91.0
49 105 48.0
49 111 24.0
49 154 24.0
49 183 66.0
49 190 81.0
49 193 61.0
49 103 10.0
50 17 29.0
50 23 26.0
50 64 28.0
50 73 41.0
50 81 95.0
50 89 13.0
50 97 95.0
50 110 28.0
50 113 45.0
50 151 60.0
50 153 68.0
50 160 70.0
50 165 70.0
50 168 47.0
50 190 9.0
51 35 9.0
51 91 23.0
51 125 1.0
51 187 52.0
51 191 98.0
51 36 68.0
51 74 8.0
51 118 28.0
51 152 35.0
52 12 84.0
52 162 97.0
52 8 45.0
52 48 44.0
52 59 32.0
52 102 73.0
52 139 81.0
52 181 49.0
53 11 2.0
53 54 40.0
53 109 41.0
53 121 7.0
53 124 64.0
53 192 41.0
53 196 65.0
54 11 12.0
54 53 52.0
54 109 85.0
54 121 80.0
54 124 25.0
54 192 89.0
54 196 45.0
55 9 5.0
55 26 73.0
55 31 25.0
55 42 15.0
55 70 58.0
55 75 29.0
55 76 11.0
55 80 7.0
55 130 32.0
55 134 55.0
55 163 12.0
55 176 14.0
55 152 38.0
55 157 37.0
55 177 10.0
55 194 95.0
56 22 42.0
56 41 1.0
56 77 53.0
56 83 76.0
56 93 73.0
56 95 61.0
56 123 54.0
56 135 25.0
56 142 10.0
56 179 68.0
56 195 23.0
56 200 51.0
56 10 95.0
56 98 85.0
56 117 36.0
56 137 19.0
56 156 74.0
57 1 59.0
57 63 64.0
57 99 90.0
57 140 18.0
57 148 44.0
57 180 47.0
58 2 18.0
58 3 12.0
58 19 6.0
58 21 19.0
58 32 91.0
58 72 82.0
58 92 33.0
58 100 49.0
58 117 16.0
58 137 71.0
58 150 63.0
58 158 7.0
58 169 7.0
59 12 24.0
59 71 8.0
59 87 7.0
59 144 41.0
59 162 48.0
59 8 89.0
59 29 46.0
59 48 78.0
59 52 43.0
59 102 55.0
59 116 5.0
59 119 28.0
59 129 83.0
59 139 86.0
59 170 35.0
59 181 37.0
60 7 11.0
60 20 50.0
60 29 44.0
60 41 34.0
60 69 60.0
60 79 52.0
60 82 13.0
60 102 44.0
60 107 50.0
60 119 29.0
60 120 94.0
60 126 11.0
60 135 11.0
60 139 73.0
60 141 87.0
60 159 85.0
60 166 55.0
60 170 47.0
60 178 61.0
60 197 27.0
61 114 47.0
61 127 36.0
61 143 97.0
61 155 38.0
61 186 51.0
61 189 96.0
61 198 77.0
61 199 94.0
62 111 7.0
62 15 51.0
62 65 39.0
62 103 73.0
62 131 11.0
62 175 90.0
63 1 36.0
63 57 66.0
63 99 49.0
63 148 21.0
63 180 72.0
64 23 68.0
64 50 69.0
64 73 70.0
64 110 31.0
64 122 82.0
64 124 57.0
64 138 83.0
64 151 98.0
64 153 22.0
64 160 13.0
64 165 65.0
64 168 56.0
64 188 2.0
65 15 33.0
65 25 21.0
65 62 73.0
65 103 27.0
65 131 25.0
65 175 14.0
66 37 83.0
66 49 36.0
66 86 84.0
66 96 17.0
66 105 79.0
66 109 23.0
66 128 25.0
66 183 45.0
66 193 46.0
67 5 81.0
67 89 37.0
67 113 94.0
67 132 94.0
67 133 35.0
67 154 22.0
67 182 55.0
67 190 55.0
67 25 2.0
67 43 37.0
67 103 73.0
68 6 18.0
68 101 76.0
68 108 78.0
68 115 41.0
68 136 53.0
68 167 18.0
68 146 12.0
69 7 28.0
69 27 38.0
69 33 69.0
69 41 52.0
69 44 79.0
69 60 83.0
69 79 18.0
69 82 5.0
69 90 36.0
69 107 66.0
69 120 14.0
69 123 54.0
69 126 52.0
69 135 16.0
69 136 61.0
69 141 17.0
69 149 41.0
69 159 63.0
69 178 6.0
69 195 61.0
69 197 60.0
70 5 66.0
70 9 72.0
70 26 7.0
70 31 80.0
70 42 24.0
70 43 81.0
70 55 47.0
70 75 82.0
70 76 92.0
70 80 36.0
70 130 27.0
70 134 50.0
70 176 13.0
70 78 46.0
70 177 36.0
70 194 65.0
71 4 74.0
71 12 35.0
71 73 18.0
71 87 95.0
71 138 55.0
71 144 17.0
71 151 84.0
71 162 54.0
71 188 78.0
71 8 93.0
71 59 78.0
71 102 65.0
71 166 35.0
72 83 68.0
72 179 54.0
72 2 98.0
72 3 91.0
72 19 33.0
72 32 68.0
72 58 57.0
72 92 41.0
72 98 84.0
72 100 24.0
72 117 87.0
72 137 70.0
72 169 24.0
72 174 36.0
73 23 47.0
73 50 73.0
73 64 47.0
73 71 51.0
73 81 18.0
73 110 23.0
73 124 18.0
73 138 69.0
73 151 84.0
73 153 10.0
73 160 3.0
73 165 96.0
73 168 76.0
73 188 39.0
74 34 82.0
74 35 98.0
74 91 83.0
74 125 63.0
74 187 7.0
74 14 53.0
74 30 95.0
74 36 29.0
74 51 65.0
74 106 22.0
74 114 53.0
75 9 15.0
75 26 26.0
75 31 48.0
75 42 31.0
75 55 35.0
75 70 79.0
75 76 16.0
75 80 41.0
75 130 86.0
75 134 46.0
75 163 26.0
75 176 45.0
75 191 27.0
75 177 64.0
75 194 54.0
76 9 89.0
76 26 84.0
76 31 28.0
76 42 6.0
76 55 18.0
76 70 98.0
76 75 81.0
76 80 58.0
76 130 26.0
76 134 39.0
76 176 88.0
76 78 88.0
76 152 95.0
76 157 20.0
76 177 44.0
76 194 34.0
77 22 22.0
77 41 12.0
77 56 30.0
77 78 50.0
77 83 68.0
77 93 19.0
77 95 79.0
77 123 87.0
77 135 25.0
77 142 56.0
77 173 8.0
77 179 46.0
77 195 34.0
77 200 93.0
77 10 91.0
77 98 11.0
77 137 15.0
77 156 36.0
78 38 38.0
78 94 21.0
78 112 78.0
78 9 84.0
78 70 61.0
78 76 83.0
78 80 57.0
78 134 53.0
78 20 79.0
78 77 85.0
78 93 89.0
78 95 41.0
78 142 2.0
78 173 38.0
78 200 55.0
78 156 41.0
78 177 25.0
78 194 17.0
79 7 79.0
79 27 86.0
79 29 58.0
79 33 72.0
79 41 3.0
79 44 12.0
79 60 10.0
79 69 88.0
79 82 91.0
79 90 51.0
79 107 21.0
79 119 22.0
79 120 27.0
79 126 62.0
79 135 9.0
79 141 35.0
79 149 5.0
79 159 18.0
79 161 92.0
79 170 10.0
79 178 37.0
79 197 94.0
80 5 84.0
80 94 11.0
80 182 67.0
80 9 28.0
80 26 23.0
80 31 50.0
80 42 35.0
80 43 4.0
80 55 94.0
80 70 1.0
80 75 22.0
80 76 16.0
80 130 2.0
80 134 68.0
80 176 53.0
80 78 7.0
80 177 98.0
80 194 77.0
81 17 12.0
81 50 78.0
81 73 79.0
81 89 52.0
81 94 22.0
81 97 60.0
81 110 99.0
81 112 38.0
81 113 64.0
81 132 6.0
81 153 59.0
81 165 74.0
81 168 86.0
81 182 68.0
81 190 11.0
82 7 42.0
82 27 99.0
82 33 20.0
82 44 61.0
82 60 26.0
82 69 22.0
82 79 64.0
82 90 46.0
82 107 37.0
82 119 22.0
82 120 93.0
82 126 74.0
82 149 54.0
82 159 18.0
82 161 52.0
82 170 67.0
82 172 65.0
82 197 68.0
83 6 65.0
83 22 34.0
83 41 10.0
83 56 23.0
83 77 15.0
83 95 38.0
83 123 53.0
83 179 41.0
83 195 50.0
83 72 94.0
83 98 30.0
83 117 92.0
83 137 29.0
83 156 60.0
84 18 57.0
84 26 41.0
84 35 27.0
84 45 85.0
84 46 22.0
84 91 58.0
84 125 53.0
84 147 5.0
84 163 3.0
84 171 78.0
84 187 48.0
84 191 70.0
85 16 19.0
85 21 13.0
85 47 70.0
85 150 56.0
85 158 37.0
85 164 29.0
86 37 94.0
86 49 45.0
86 66 28.0
86 96 1.0
86 105 8.0
86 113 30.0
86 128 99.0
86 154 61.0
86 165 91.0
86 183 43.0
86 190 87.0
86 193 38.0
87 4 60.0
87 12 45.0
87 71 58.0
87 144 60.0
87 151 32.0
87 162 42.0
87 8 98.0
87 59 1.0
87 102 87.0
87 166 40.0
88 15 82.0
88 39 5.0
88 40 96.0
88 184 82.0
89 5 12.0
89 17 70.0
89 50 73.0
89 67 79.0
89 81 47.0
89 94 97.0
89 97 51.0
89 112 46.0
89 113 76.0
89 132 15.0
89 133 52.0
89 153 92.0
89 165 80.0
89 168 38.0
89 182 68.0
89 190 49.0
89 43 81.0
90 6 45.0
90 7 56.0
90 27 23.0
90 33 12.0
90 41 88.0
90 44 5.0
90 69 53.0
90 79 42.0
90 82 79.0
90 107 21.0
90 115 8.0
90 120 74.0
90 123 84.0
90 126 24.0
90 135 8.0
90 136 23.0
90 149 98.0
90 172 69.0
90 197 83.0
91 18 67.0
91 35 83.0
91 45 53.0
91 84 52.0
91 125 93.0
91 147 83.0
91 163 59.0
91 171 11.0
91 187 94.0
91 191 47.0
91 36 12.0
91 51 65.0
91 74 59.0
92 2 55.0
92 58 45.0
92 72 67.0
92 117 21.0
92 146 6.0
92 150 50.0
92 174 34.0
93 38 11.0
93 20 77.0
93 56 15.0
93 77 20.0
93 78 14.0
93 95 57.0
93 135 83.0
93 142 65.0
93 173 87.0
93 195 74.0
93 200 93.0
93 156 15.0
93 177 77.0
94 5 87.0
94 17 9.0
94 38 87.0
94 81 48.0
94 89 81.0
94 97 19.0
94 112 27.0
94 132 76.0
94 153 22.0
94 182 55.0
94 9 93.0
94 43 98.0
94 80 31.0
94 20 31.0
94 78 53.0
94 173 15.0
95 22 42.0
95 41 79.0
95 56 33.0
95 77 5.0
95 78 39.0
95 83 39.0
95 93 46.0
95 123 24.0
95 135 31.0
95 142 24.0
95 173 52.0
95 179 10.0
95 195 51.0
95 200 58.0
95 98 30.0
95 137 65.0
95 156 23.0
96 24 5.0
96 37 43.0
96 49 23.0
96 66 57.0
96 86 11.0
96 105 42.0
96 111 56.0
96 154 76.0
96 183 75.0
96 190 43.0
96 193 45.0
96 103 79.0
97 5 57.0
97 17 74.0
97 38 72.0
97 50 5.0
97 81 2.0
97 89 3.0
97 94 65.0
97 112 3.0
97 113 97.0
97 132 30.0
97 153 88.0
97 165 16.0
97 168 42.0
97 182 14.0
98 22 21.0
98 56 3.0
98 77 39.0
98 83 23.0
98 95 59.0
98 123 56.0
98 142 8.0
98 179 55.0
98 195 23.0
98 10 78.0
98 19 46.0
98 72 56.0
98 100 48.0
98 117 56.0
98 137 57.0
98 156 19.0
99 1 84.0
99 57 5.0
99 63 6.0
99 140 84.0
99 148 62.0
99 180 34.0
100 2 51.0
100 3 91.0
100 10 97.0
100 19 58.0
100 32 70.0
100 58 40.0
100 72 56.0
100 98 84.0
100 117 57.0
100 137 42.0
100 156 55.0
100 169 82.0
101 6 73.0
101 68 70.0
101 108 85.0
101 115 71.0
101 136 99.0
101 167 16.0
101 146 14.0
102 4 2.0
102 12 22.0
102 71 20.0
102 87 62.0
102 144 9.0
102 162 80.0
102 8 33.0
102 29 25.0
102 48 83.0
102 52 5.0
102 59 58.0
102 60 15.0
102 116 82.0
102 119 24.0
102 120 63.0
102 129 14.0
102 139 26.0
102 159 92.0
102 166 36.0
102 170 59.0
102 181 57.0
103 24 15.0
103 49 5.0
103 67 53.0
103 96 14.0
103 105 95.0
103 111 19.0
103 113 51.0
103 133 64.0
103 154 38.0
103 62 95.0
103 65 75.0
103 131 64.0
103 175 10.0
104 18 27.0
104 28 45.0
104 34 79.0
104 45 38.0
104 46 43.0
104 145 21.0
104 185 64.0
105 24 80.0
105 37 84.0
105 49 12.0
105 66 18.0
105 86 57.0
105 96 38.0
105 111 10.0
105 113 68.0
105 154 53.0
105 183 67.0
105 190 71.0
105 193 11.0
105 103 13.0
106 187 88.0
106 14 89.0
106 30 4.0
106 74 88.0
106 114 79.0
106 127 45.0
106 186 57.0
106 189 35.0
106 199 6.0
107 7 90.0
107 27 9.0
107 29 69.0
107 33 14.0
107 41 39.0
107 60 38.0
107 69 71.0
107 79 13.0
107 82 8.0
107 90 96.0
107 119 19.0
107 120 81.0
107 126 11.0
107 135 51.0
107 141 17.0
107 159 62.0
107 166 59.0
107 170 18.0
107 178 14.0
107 195 94.0
107 197 78.0
108 6 20.0
108 68 52.0
108 101 79.0
108 115 27.0
108 136 80.0
108 149 64.0
108 167 58.0
109 11 76.0
109 53 42.0
109 54 68.0
109 66 75.0
109 121 56.0
109 128 24.0
109 183 79.0
110 23 1.0
110 37 72.0
110 50 23.0
110 64 34.0
110 73 97.0
110 81 68.0
110 124 77.0
110 128 58.0
110 138 32.0
110 153 83.0
110 160 96.0
110 165 24.0
110 168 1.0
110 188 36.0
110 190 37.0
111 24 62.0
111 49 34.0
111 96 75.0
111 105 8.0
111 154 14.0
111 62 57.0
111 103 94.0
111 131 56.0
111 175 68.0
112 5 11.0
112 17 25.0
112 38 44.0
112 81 12.0
112 89 59.0
112 94 10.0
112 97 17.0
112 153 5.0
112 182 46.0
112 20 67.0
112 78 18.0
112 173 84.0
113 5 58.0
113 37 29.0
113 50 31.0
113 67 10.0
113 81 56.0
113 86 88.0
113 89 40.0
113 97 96.0
113 105 53.0
113 132 62.0
113 133 99.0
113 154 82.0
113 165 33.0
113 182 1.0
113 190 39.0
113 103 61.0
114 14 22.0
114 30 90.0
114 61 17.0
114 74 11.0
114 106 16.0
114 127 24.0
114 186 16.0
114 189 95.0
114 199 65.0
115 6 99.0
115 27 6.0
115 33 74.0
115 44 31.0
115 68 85.0
115 90 47.0
115 101 1.0
115 108 97.0
115 136 68.0
115 149 10.0
115 167 94.0
115 172 92.0
116 29 64.0
116 48 55.0
116 59 21.0
116 102 1.0
116 119 78.0
116 120 98.0
116 129 57.0
116 139 60.0
116 170 75.0
116 181 28.0
117 22 68.0
117 56 44.0
117 83 12.0
117 179 36.0
117 2 19.0
117 19 79.0
117 58 71.0
117 72 54.0
117 92 87.0
117 98 14.0
117 100 59.0
117 137 38.0
117 156 1.0
117 174 69.0
118 3 81.0
118 10 95.0
118 19 12.0
118 32 20.0
118 36 62.0
118 51 17.0
118 152 18.0
118 155 22.0
118 157 45.0
118 169 21.0
119 7 48.0
119 29 72.0
119 48 42.0
119 59 74.0
119 60 86.0
119 79 31.0
119 82 87.0
119 102 71.0
119 107 66.0
119 116 36.0
119 120 4.0
119 129 10.0
119 139 19.0
119 159 62.0
119 161 52.0
119 166 39.0
119 170 99.0
119 181 15.0
119 197 25.0
120 7 39.0
120 27 12.0
120 29 39.0
120 33 98.0
120 60 63.0
120 69 72.0
120 79 23.0
120 82 48.0
120 90 58.0
120 102 55.0
120 107 1.0
120 116 11.0
120 119 84.0
120 126 12.0
120 129 38.0
120 135 48.0
120 139 78.0
120 141 38.0
120 159 53.0
120 161 86.0
120 166 12.0
120 170 26.0
120 178 56.0
120 197 42.0
121 11 24.0
121 53 42.0
121 54 34.0
121 109 3.0
121 128 3.0
122 23 26.0
122 64 77.0
122 124 63.0
122 138 81.0
122 160 12.0
122 188 44.0
122 192 74.0
122 196 33.0
123 6 43.0
123 22 3.0
123 41 16.0
123 56 22.0
123 69 70.0
123 77 26.0
123 83 48.0
123 90 35.0
123 95 78.0
123 126 25.0
123 135 78.0
123 136 51.0
123 142 25.0
123 179 95.0
123 195 10.0
123 98 23.0
124 23 55.0
124 53 26.0
124 54 36.0
124 64 42.0
124 73 49.0
124 110 46.0
124 122 89.0
124 138 18.0
124 160 94.0
124 188 34.0
124 192 37.0
124 196 73.0
125 18 66.0
125 34 94.0
125 35 83.0
125 45 68.0
125 46 13.0
125 84 97.0
125 91 23.0
125 147 74.0
125 171 63.0
125 185 32.0
125 187 52.0
125 191 11.0
125 36 11.0
125 51 63.0
125 74 71.0
126 7 27.0
126 22 97.0
126 27 87.0
126 33 35.0
126 41 16.0
126 60 29.0
126 69 85.0
126 79 53.0
126 82 15.0
126 90 91.0
126 107 38.0
126 120 13.0
126 123 18.0
126 135 55.0
126 141 4.0
126 142 85.0
126 159 87.0
126 178 19.0
126 195 19.0
126 197 99.0
127 61 40.0
127 106 28.0
127 114 44.0
127 186 36.0
127 189 86.0
127 199 31.0
128 37 97.0
128 66 39.0
128 86 27.0
128 109 69.0
128 110 53.0
128 121 19.0
128 160 74.0
128 183 71.0
128 190 38.0
128 193 51.0
129 7 78.0
129 29 36.0
129 48 68.0
129 59 75.0
129 102 25.0
129 116 85.0
129 119 65.0
129 120 41.0
129 139 38.0
129 161 84.0
129 170 67.0
129 181 35.0
130 5 97.0
130 9 20.0
130 25 93.0
130 26 78.0
130 31 67.0
130 42 67.0
130 43 67.0
130 55 97.0
130 70 90.0
130 75 61.0
130 76 89.0
130 80 93.0
130 134 27.0
130 163 31.0
130 176 58.0
130 177 90.0
131 111 43.0
131 15 73.0
131 40 83.0
131 62 61.0
131 65 34.0
131 103 63.0
131 175 93.0
132 5 77.0
132 17 44.0
132 67 21.0
132 81 49.0
132 89 68.0
132 94 78.0
132 97 18.0
132 113 74.0
132 133 33.0
132 182 53.0
132 190 90.0
132 25 6.0
132 42 77.0
132 43 98.0
132 176 24.0
133 5 90.0
133 67 15.0
133 89 47.0
133 113 52.0
133 132 27.0
133 182 37.0
133 25 65.0
133 31 32.0
133 42 22.0
133 43 77.0
133 103 53.0
133 176 18.0
134 5 56.0
134 9 8.0
134 25 28.0
134 26 89.0
134 31 98.0
134 42 27.0
134 43 25.0
134 55 89.0
134 70 54.0
134 75 90.0
134 76 98.0
134 80 13.0
134 130 73.0
134 176 10.0
134 78 71.0
134 177 12.0
134 194 34.0
135 20 85.0
135 22 3.0
135 29 20.0
135 41 75.0
135 56 76.0
135 60 54.0
135 69 53.0
135 77 73.0
135 79 21.0
135 90 13.0
135 93 43.0
135 95 14.0
135 107 68.0
135 120 1.0
135 123 2.0
135 126 85.0
135 141 22.0
135 142 35.0
135 159 17.0
135 173 82.0
135 178 17.0
135 195 15.0
135 200 41.0
136 6 92.0
136 44 18.0
136 68 34.0
136 69 24.0
136 90 71.0
136 101 58.0
136 108 59.0
136 115 31.0
136 123 59.0
136 149 92.0
136 167 95.0
137 22 49.0
137 56 78.0
137 77 90.0
137 83 66.0
137 95 33.0
137 179 47.0
137 2 43.0
137 3 78.0
137 10 59.0
137 19 94.0
137 32 41.0
137 58 89.0
137 72 33.0
137 98 11.0
137 100 98.0
137 117 97.0
137 156 21.0
137 157 83.0
137 169 17.0
138 23 90.0
138 64 58.0
138 71 52.0
138 73 3.0
138 110 34.0
138 122 20.0
138 124 7.0
138 151 49.0
138 160 55.0
138 188 99.0
138 192 97.0
138 196 75.0
139 12 85.0
139 8 39.0
139 29 44.0
139 48 55.0
139 52 51.0
139 59 68.0
139 60 66.0
139 102 98.0
139 116 71.0
139 119 25.0
139 120 9.0
139 129 88.0
139 159 85.0
139 170 73.0
139 181 37.0
140 1 95.0
140 57 83.0
140 99 28.0
140 180 76.0
141 20 50.0
141 29 28.0
141 41 69.0
141 60 45.0
141 69 94.0
141 79 36.0
141 107 7.0
141 120 61.0
141 126 61.0
141 135 2.0
141 142 34.0
141 159 57.0
141 166 6.0
141 173 47.0
141 178 40.0
141 195 11.0
141 200 47.0
142 20 62.0
142 22 67.0
142 41 9.0
142 56 41.0
142 77 75.0
142 78 77.0
142 93 9.0
142 95 68.0
142 123 4.0
142 126 15.0
142 135 99.0
142 141 60.0
142 173 73.0
142 178 16.0
142 179 1.0
142 195 98.0
142 200 82.0
142 98 71.0
142 156 89.0
143 16 26.0
143 47 46.0
143 61 92.0
143 158 88.0
143 164 43.0
143 198 37.0
144 4 4.0
144 12 25.0
144 71 92.0
144 87 19.0
144 151 39.0
144 162 51.0
144 8 35.0
144 59 38.0
144 102 7.0
144 166 6.0
145 18 80.0
145 28 53.0
145 34 17.0
145 45 87.0
145 46 65.0
145 104 12.0
145 185 80.0
146 68 64.0
146 101 80.0
146 167 70.0
146 2 41.0
146 92 3.0
146 174 29.0
147 18 9.0
147 35 88.0
147 45 9.0
147 46 14.0
147 84 67.0
147 91 70.0
147 125 69.0
147 163 95.0
147 171 16.0
147 184 38.0
147 191 74.0
148 1 46.0
148 57 27.0
148 63 99.0
148 99 33.0
148 180 24.0
149 6 33.0
149 7 2.0
149 13 56.0
149 27 2.0
149 33 78.0
149 44 2.0
149 69 57.0
149 79 97.0
149 82 65.0
149 90 42.0
149 108 43.0
149 115 56.0
149 136 35.0
149 161 90.0
149 172 18.0
149 197 51.0
150 2 98.0
150 16 48.0
150 21 61.0
150 47 96.0
150 58 30.0
150 85 21.0
150 92 92.0
150 158 83.0
150 164 56.0
151 4 67.0
151 12 96.0
151 23 58.0
151 50 31.0
151 64 27.0
151 71 8.0
151 73 18.0
151 87 63.0
151 138 95.0
151 144 66.0
151 153 6.0
151 162 84.0
151 168 70.0
151 188 36.0
151 8 37.0
152 55 60.0
152 76 76.0
152 3 48.0
152 10 4.0
152 32 44.0
152 36 58.0
152 51 64.0
152 118 87.0
152 156 39.0
152 157 91.0
152 194 91.0
153 4 83.0
153 17 68.0
153 23 51.0
153 50 59.0
153 64 68.0
153 73 7.0
153 81 78.0
153 89 63.0
153 94 23.0
153 97 98.0
153 110 55.0
153 112 17.0
153 151 15.0
153 165 88.0
153 168 82.0
153 190 13.0
154 24 84.0
154 37 50.0
154 49 85.0
154 67 67.0
154 86 50.0
154 96 20.0
154 105 29.0
154 111 56.0
154 113 78.0
154 190 78.0
154 193 47.0
154 103 69.0
155 3 85.0
155 32 6.0
155 61 98.0
155 118 8.0
155 169 42.0
155 199 4.0
156 22 47.0
156 56 17.0
156 77 69.0
156 78 41.0
156 83 6.0
156 93 7.0
156 95 69.0
156 142 99.0
156 179 61.0
156 195 35.0
156 200 16.0
156 10 5.0
156 98 43.0
156 100 35.0
156 117 8.0
156 137 96.0
156 152 7.0
156 157 64.0
156 194 77.0
157 55 99.0
157 76 24.0
157 3 8.0
157 10 23.0
157 32 33.0
157 118 95.0
157 137 21.0
157 152 41.0
157 156 77.0
157 177 43.0
157 194 83.0
158 16 3.0
158 21 66.0
158 47 62.0
158 58 10.0
158 85 47.0
158 143 77.0
158 150 39.0
158 164 31.0
158 198 25.0
159 7 36.0
159 20 6.0
159 29 31.0
159 41 72.0
159 60 77.0
159 69 15.0
159 79 50.0
159 82 45.0
159 102 22.0
159 107 81.0
159 119 74.0
159 120 26.0
159 126 18.0
159 135 77.0
159 139 29.0
159 141 47.0
159 166 49.0
159 170 27.0
159 178 35.0
159 197 49.0
160 23 67.0
160 50 76.0
160 64 88.0
160 73 85.0
160 110 35.0
160 122 21.0
160 124 65.0
160 128 11.0
160 138 26.0
160 165 60.0
160 168 46.0
160 188 7.0
160 192 82.0
160 196 97.0
161 7 48.0
161 27 47.0
161 33 88.0
161 44 86.0
161 79 91.0
161 82 11.0
161 119 52.0
161 120 68.0
161 129 79.0
161 149 94.0
161 172 18.0
161 197 53.0
162 4 75.0
162 12 25.0
162 71 77.0
162 87 30.0
162 144 66.0
162 151 89.0
162 8 95.0
162 48 28.0
162 52 37.0
162 59 64.0
162 102 3.0
163 25 53.0
163 26 94.0
163 31 57.0
163 42 56.0
163 55 6.0
163 75 22.0
163 84 26.0
163 91 61.0
163 130 79.0
163 147 25.0
163 171 10.0
163 176 15.0
163 191 12.0
164 16 73.0
164 21 32.0
164 47 22.0
164 85 83.0
164 143 4.0
164 150 18.0
164 158 43.0
165 23 30.0
165 37 6.0
165 50 20.0
165 64 63.0
165 73 59.0
165 81 19.0
165 86 24.0
165 89 69.0
165 97 36.0
165 110 67.0
165 113 44.0
165 153 69.0
165 160 52.0
165 168 27.0
165 190 28.0
166 4 90.0
166 71 52.0
166 87 77.0
166 144 35.0
166 8 42.0
166 20 48.0
166 29 27.0
166 60 48.0
166 102 24.0
166 107 54.0
166 119 84.0
166 120 41.0
166 141 75.0
166 159 69.0
166 170 67.0
166 178 37.0
167 6 49.0
167 68 8.0
167 101 74.0
167 108 35.0
167 115 57.0
167 136 59.0
167 146 8.0
168 4 26.0
168 17 1.0
168 23 5.0
168 50 43.0
168 64 64.0
168 73 60.0
168 81 59.0
168 89 60.0
168 97 91.0
168 110 25.0
168 151 24.0
168 153 86.0
168 160 82.0
168 165 62.0
168 190 87.0
169 2 7.0
169 3 8.0
169 10 9.0
169 19 51.0
169 21 96.0
169 32 96.0
169 58 1.0
169 72 89.0
169 100 47.0
169 118 4.0
169 137 37.0
169 155 24.0
170 7 59.0
170 8 89.0
170 29 45.0
170 48 20.0
170 59 25.0
170 60 34.0
170 79 47.0
170 82 80.0
170 102 83.0
170 107 36.0
170 116 62.0
170 119 66.0
170 120 49.0
170 129 58.0
170 139 76.0
170 159 34.0
170 166 13.0
170 181 8.0
170 197 77.0
171 18 35.0
171 35 97.0
171 45 66.0
171 46 29.0
171 84 10.0
171 91 11.0
171 125 24.0
171 147 78.0
171 163 52.0
171 184 72.0
171 191 93.0
172 7 5.0
172 13 7.0
172 27 1.0
172 33 16.0
172 44 18.0
172 82 51.0
172 90 43.0
172 115 31.0
172 149 68.0
172 161 59.0
172 197 11.0
173 38 94.0
173 94 95.0
173 112 56.0
173 20 4.0
173 77 10.0
173 78 48.0
173 93 43.0
173 95 68.0
173 135 45.0
173 141 30.0
173 142 72.0
173 178 18.0
173 195 13.0
173 200 92.0
173 177 24.0
174 2 19.0
174 72 88.0
174 92 63.0
174 117 50.0
174 146 42.0
175 111 58.0
175 15 34.0
175 40 44.0
175 62 75.0
175 65 89.0
175 103 47.0
175 131 83.0
176 5 38.0
176 132 46.0
176 133 20.0
176 182 16.0
176 9 33.0
176 25 83.0
176 26 1.0
176 31 53.0
176 42 23.0
176 43 60.0
176 55 26.0
176 70 45.0
176 75 96.0
176 76 69.0
176 80 51.0
176 130 37.0
176 134 13.0
176 163 71.0
176 177 56.0
177 9 12.0
177 26 94.0
177 42 87.0
177 55 89.0
177 70 38.0
177 75 69.0
177 76 97.0
177 80 95.0
177 130 88.0
177 134 94.0
177 176 73.0
177 78 3.0
177 93 96.0
177 173 39.0
177 200 83.0
177 157 65.0
177 194 58.0
178 20 44.0
178 29 57.0
178 41 60.0
178 60 12.0
178 69 49.0
178 79 41.0
178 107 98.0
178 120 78.0
178 126 79.0
178 135 53.0
178 141 81.0
178 142 65.0
178 159 14.0
178 166 41.0
178 173 50.0
178 195 90.0
178 200 7.0
179 6 67.0
179 22 96.0
179 41 22.0
179 56 49.0
179 77 52.0
179 83 83.0
179 95 74.0
179 123 24.0
179 142 97.0
179 195 82.0
179 72 72.0
179 98 3.0
179 117 75.0
179 137 13.0
179 156 8.0
180 1 48.0
180 57 15.0
180 63 36.0
180 99 23.0
180 140 52.0
180 148 11.0
181 12 3.0
181 8 63.0
181 48 76.0
181 52 58.0
181 59 18.0
181 102 50.0
181 116 26.0
181 119 57.0
181 129 27.0
181 139 62.0
181 170 61.0
182 5 70.0
182 17 85.0
182 67 82.0
182 81 48.0
182 89 30.0
182 94 66.0
182 97 71.0
182 112 27.0
182 113 57.0
182 132 76.0
182 133 66.0
182 9 10.0
182 25 60.0
182 42 81.0
182 43 3.0
182 80 20.0
182 176 58.0
183 37 36.0
183 49 43.0
183 66 29.0
183 86 89.0
183 96 89.0
183 105 59.0
183 109 75.0
183 128 44.0
183 190 88.0
183 193 38.0
184 15 41.0
184 18 86.0
184 40 43.0
184 88 35.0
184 147 67.0
184 171 98.0
185 18 94.0
185 28 20.0
185 34 28.0
185 35 53.0
185 45 78.0
185 46 53.0
185 104 42.0
185 125 38.0
185 145 50.0
185 187 14.0
185 14 95.0
186 30 86.0
186 61 87.0
186 106 31.0
186 114 73.0
186 127 68.0
186 189 9.0
186 199 59.0
187 34 40.0
187 35 16.0
187 45 23.0
187 84 57.0
187 91 85.0
187 125 10.0
187 185 50.0
187 191 36.0
187 14 71.0
187 30 40.0
187 36 53.0
187 51 62.0
187 74 23.0
187 106 17.0
188 23 11.0
188 64 26.0
188 71 85.0
188 73 25.0
188 110 19.0
188 122 3.0
188 124 72.0
188 138 65.0
188 151 56.0
188 160 57.0
188 192 92.0
188 196 39.0
189 61 58.0
189 106 80.0
189 114 70.0
189 127 16.0
189 186 57.0
189 198 64.0
189 199 60.0
190 37 35.0
190 49 97.0
190 50 84.0
190 67 38.0
190 81 54.0
190 86 8.0
190 89 56.0
190 96 16.0
190 105 18.0
190 110 41.0
190 113 14.0
190 128 32.0
190 132 61.0
190 153 89.0
190 154 75.0
190 165 21.0
190 168 34.0
190 183 88.0
190 193 27.0
191 18 11.0
191 26 83.0
191 35 66.0
191 45 93.0
191 75 11.0
191 84 95.0
191 91 69.0
191 125 23.0
191 147 44.0
191 163 93.0
191 171 81.0
191 187 70.0
191 36 62.0
191 51 7.0
192 11 83.0
192 53 43.0
192 54 24.0
192 122 62.0
192 124 68.0
192 138 76.0
192 160 43.0
192 188 67.0
192 196 68.0
193 24 64.0
193 37 48.0
193 49 89.0
193 66 16.0
193 86 49.0
193 96 31.0
193 105 70.0
193 128 44.0
193 154 14.0
193 183 85.0
193 190 48.0
194 9 38.0
194 55 55.0
194 70 31.0
194 75 2.0
194 76 13.0
194 80 17.0
194 134 54.0
194 78 65.0
194 10 44.0
194 152 42.0
194 156 22.0
194 157 39.0
194 177 96.0
195 20 71.0
195 22 50.0
195 41 22.0
195 56 7.0
195 69 31.0
195 77 4.0
195 83 84.0
195 93 49.0
195 95 13.0
195 107 31.0
195 123 47.0
195 126 77.0
195 135 81.0
195 141 26.0
195 142 74.0
195 173 82.0
195 178 1.0
195 179 32.0
195 200 60.0
195 98 91.0
195 156 6.0
196 11 33.0
196 53 76.0
196 54 77.0
196 122 37.0
196 124 63.0
196 138 56.0
196 160 62.0
196 188 47.0
196 192 48.0
197 7 49.0
197 27 90.0
197 33 32.0
197 44 28.0
197 60 55.0
197 69 70.0
197 79 26.0
197 82 69.0
197 90 18.0
197 107 55.0
197 119 26.0
197 120 45.0
197 126 63.0
197 149 76.0
197 159 26.0
197 161 76.0
197 170 10.0
197 172 46.0
198 16 72.0
198 21 85.0
198 47 10.0
198 61 27.0
198 143 76.0
198 158 46.0
198 189 39.0
198 199 70.0
199 61 32.0
199 106 39.0
199 114 55.0
199 127 25.0
199 155 49.0
199 186 36.0
199 189 46.0
199 198 81.0
200 38 16.0
200 20 75.0
200 41 89.0
200 56 93.0
200 77 75.0
200 78 93.0
200 93 20.0
200 95 36.0
200 135 1.0
200 141 69.0
200 142 68.0
200 173 50.0
200 178 53.0
200 195 77.0
200 156 59.0
200 177 58.0
