2 903
4 14
6 13
10 413
12 114
14 278
15 710
19 356
22 942
25 553
27 42
28 762
31 67
30 864
34 634
35 48
33 517
37 456
42 823
49 774
48 689
53 650
58 907
62 40
61 993
60 120
69 571
70 535
71 478
64 712
66 335
67 939
78 905
79 121
73 762
74 142
75 470
87 41
81 37
80 660
82 333
92 89
95 83
94 455
88 70
91 648
90 792
102 542
103 432
100 780
101 771
96 45
97 327
108 360
106 117
104 489
119 488
116 799
115 28
114 954
113 162
127 87
122 185
121 258
120 154
137 432
136 731
139 692
138 282
143 203
129 717
131 958
133 960
135 0
134 35
153 769
154 263
144 639
146 364
147 39
149 732
150 320
171 772
169 820
175 479
163 454
162 657
161 916
160 948
167 335
164 24
187 84
184 677
189 23
176 116
182 717
183 286
180 353
205 946
204 564
206 588
201 727
197 659
199 453
198 667
192 545
195 343
220 773
223 658
216 649
219 634
213 318
208 949
239 303
237 902
234 253
228 111
227 585
226 677
225 799
254 890
255 882
249 401
246 194
242 349
243 587
274 483
279 473
277 768
283 192
282 860
281 343
287 871
286 969
285 186
284 861
259 881
256 112
263 955
267 846
264 876
270 114
271 335
307 439
306 894
313 758
315 293
317 108
316 442
288 811
289 389
291 630
294 702
295 255
297 661
302 833
342 645
340 361
339 522
337 305
336 590
350 432
349 405
345 900
327 511
324 621
325 975
323 170
320 807
321 474
331 26
329 642
373 399
374 254
369 174
368 583
371 284
370 57
383 341
377 575
376 525
379 386
358 924
359 131
352 699
355 184
365 102
362 82
363 81
410 508
412 606
413 249
402 801
400 894
404 97
395 517
393 361
392 383
399 629
397 177
396 904
385 275
390 138
389 499
388 761
441 769
443 396
445 616
447 523
434 923
437 58
438 120
425 394
427 192
429 726
430 588
418 86
421 729
420 689
423 132
478 797
476 793
474 626
475 317
473 64
467 269
464 619
463 520
462 215
460 386
459 889
457 245
456 330
454 462
451 86
449 622
448 197
500 559
498 380
499 736
494 950
489 472
488 335
491 156
485 198
484 426
487 744
486 365
480 250
482 359
