2 978
3 293
6 50
8 473
10 243
12 130
13 975
15 265
19 145
18 851
20 413
23 575
25 782
27 182
26 792
29 786
28 348
32 890
38 723
36 996
37 859
43 375
44 482
49 739
59 671
56 816
62 484
61 102
71 5
64 566
65 469
66 862
77 22
78 578
79 359
73 4
74 373
75 30
85 144
86 865
81 674
80 96
82 270
93 885
95 9
94 268
88 431
102 759
103 213
100 549
98 198
96 438
97 893
110 344
111 487
108 890
106 416
119 678
116 796
114 834
112 733
125 444
124 224
122 603
120 228
136 792
139 752
138 105
140 232
129 73
128 810
130 653
132 709
134 971
152 429
155 35
156 614
157 46
159 8
144 367
145 160
146 499
148 487
171 620
169 131
168 555
173 575
160 920
167 790
166 163
186 227
187 767
190 617
189 423
178 351
176 387
177 422
182 810
180 929
205 349
204 169
200 615
202 640
199 723
198 215
193 144
192 85
195 741
194 938
221 16
216 766
219 541
212 338
214 375
209 785
210 387
211 792
239 26
238 638
236 506
234 236
231 100
230 637
226 323
224 118
252 301
250 374
251 163
243 665
241 996
275 975
278 292
277 35
276 164
281 544
286 733
285 914
284 569
258 698
256 839
257 401
262 870
261 950
264 877
265 791
271 69
268 179
269 86
305 857
307 298
306 719
308 995
310 245
312 412
318 822
288 487
290 143
292 752
293 17
295 760
301 369
302 603
303 269
343 201
342 307
340 860
339 196
338 905
337 851
351 589
348 921
347 932
344 158
323 516
320 413
321 443
330 308
331 906
373 382
372 730
369 25
368 206
381 271
380 671
377 623
378 223
358 227
359 954
353 97
366 829
361 547
362 965
363 755
410 763
412 39
413 633
402 877
403 419
400 593
394 18
392 702
399 189
397 733
385 576
391 757
388 974
442 628
444 876
445 179
446 321
432 616
435 195
436 133
437 924
425 386
424 66
427 117
428 506
430 663
416 278
418 655
421 520
422 329
478 510
479 889
476 22
477 490
474 72
473 436
470 421
471 67
469 780
466 352
467 447
465 666
462 585
460 323
457 63
455 762
454 122
453 385
449 406
508 204
510 5
504 384
505 439
506 828
501 128
503 339
496 464
499 494
492 664
494 166
488 101
491 335
490 23
484 9
487 995
486 680
551 361
548 53
546 965
544 381
557 907
552 91
553 655
565 292
564 977
562 556
561 333
560 25
575 531
574 99
573 958
572 895
571 747
570 431
568 355
516 872
512 29
515 52
525 462
526 477
521 603
529 945
531 552
542 977
539 772
611 421
608 83
614 503
615 625
612 819
619 673
622 477
620 868
621 916
626 215
630 632
629 533
628 795
634 74
632 438
639 882
636 259
578 852
579 723
581 242
583 157
587 723
593 595
592 998
595 342
597 447
599 711
600 252
602 29
605 693
604 898
607 434
687 451
683 972
682 187
681 259
680 746
677 91
676 165
674 153
673 616
701 286
698 937
694 272
695 605
692 859
690 645
688 931
689 119
653 405
648 486
644 525
646 735
641 436
640 729
666 733
667 260
660 807
661 544
656 551
657 878
750 808
737 272
736 707
741 149
762 362
761 190
766 301
767 496
764 465
765 602
754 696
755 193
752 181
758 155
759 959
716 69
718 237
705 482
704 26
707 801
706 468
709 163
711 993
732 424
735 819
720 670
721 680
723 538
724 483
725 700
726 135
800 351
791 932
790 573
789 605
787 457
786 591
785 262
784 865
799 238
798 261
797 767
796 868
795 268
792 658
774 491
771 590
782 720
783 2
780 729
776 939
