6.07741734406162 142.26815463056448 0.0
8.057957746209897 61.04709228249921 0.0
30.837781255727137 188.20028528637263 0.0
68.31488816571061 36.53423831841882 0.0
9.896108140102067 94.81350605449106 0.0
124.86785429016814 100.39793778477699 0.0
24.740352302616266 4.9436618289550704 0.0
84.04726631814619 117.5868305569812 0.0
196.52212793744272 120.92786352271922 0.0
188.31539683998372 94.12080285905166 0.0
110.18845767940886 103.23696217971421 0.0
159.27453851367807 181.2277308184379 0.0
26.508170458189937 8.298110329398067 0.0
82.29591724852719 98.98350193314249 0.0
70.15819433516019 25.987153456013523 0.0
11.266797212578151 74.79821564023908 0.0
83.01161071384699 179.80967597993794 0.0
138.5545732216879 85.25575399033983 0.0
113.99590570963257 86.57852730054762 0.0
123.13834589442547 14.227719053429478 0.0
180.3663069780607 37.4348007265666 0.0
198.95993124261693 95.84712203087835 0.0
179.96583822565458 58.34816197213109 0.0
195.89791316665355 97.84092544860563 0.0
60.02013013353083 35.771708450297226 0.0
197.3698470098885 118.88487171761275 0.0
155.24163195410785 51.91533946449136 0.0
31.419279474251248 23.05795655078604 0.0
196.49450272161724 164.14089617769793 0.0
146.2458916317082 15.1380023840336 0.0
60.99791027121124 184.27127532559643 0.0
56.488538203185 72.39385240968146 0.0
86.02211155894793 166.14480589032385 0.0
63.17255468196132 91.69375797200033 0.0
100.25821917167028 93.53529011722443 0.0
148.08430908259916 85.16362752318048 0.0
40.519113502466176 75.59710330647962 0.0
22.43747087011425 163.29279806163993 0.0
116.15555870562018 3.2838025390481196 0.0
70.04706458360161 181.29913925344061 0.0
159.54807422314204 97.72789038793326 0.0
166.82895358482574 192.72931718927802 0.0
58.26177657443965 90.35825080519888 0.0
81.29390659120112 53.68403922258753 0.0
2.927865692470477 114.5709793937017 0.0
164.80705673130706 51.7223745722377 0.0
104.64204698185429 160.05833272839675 0.0
125.73498235940932 95.41301355497403 0.0
136.64678161349138 143.43959844689695 0.0
48.204407889152904 193.6646464404509 0.0
137.29068838412937 82.62672325367491 0.0
64.04781593131325 78.38159904427853 0.0
174.73515163474988 127.39669070942344 0.0
15.613101265907092 79.65485862336901 0.0
118.60460731076418 94.93153025668246 0.0
57.46577830680233 149.61284518738785 0.0
189.75364354347494 86.62611305552232 0.0
36.613841319021276 49.22019652873673 0.0
166.5505578244944 121.25278294916176 0.0
63.7370246938193 161.72699442440324 0.0
14.553571529297127 109.61097531510804 0.0
142.00366277437297 177.13487118556102 0.0
176.18252912398876 117.07916453275114 0.0
55.410019307807026 3.9605086412426216 0.0
7.965389283970903 113.0253052784868 0.0
135.17840450295643 107.74114593842015 0.0
85.16544638769794 89.82124023034228 0.0
20.60204013021416 50.14066642824213 0.0
107.07170241970022 149.24541017350487 0.0
109.82622573100997 108.17905461950876 0.0
130.9615018325909 100.34743852974306 0.0
56.40677664015039 90.02194143205715 0.0
38.720956619789895 90.38706169218796 0.0
9.088426981811605 31.931051710570692 0.0
97.33532939844211 199.24906508108083 0.0
115.09739057831293 160.39050401343866 0.0
12.93814047457078 167.77486484710593 0.0
111.34377034709107 134.08785661355418 0.0
197.83423423316074 101.74052214607832 0.0
13.2812138520354 142.3429745917988 0.0
70.88866686690152 95.74993028394456 0.0
177.77261364035473 129.7417429729539 0.0
93.89983493108896 55.10107413539846 0.0
164.16235380280153 41.14580218157995 0.0
110.05177931077526 158.72226248458205 0.0
46.8570724015807 136.91352175762944 0.0
195.26725966430257 2.5643485234671415 0.0
143.0684857433185 115.08142183331536 0.0
59.259624755592746 90.37395219471362 0.0
110.9734632108196 195.41945861425188 0.0
40.30819604431291 197.561836681048 0.0
46.39799420701583 69.68748252800891 0.0
126.25834372997839 23.919554217883654 0.0
160.23328549352607 103.08438463098054 0.0
3.9740625140725294 72.22666587136534 0.0
54.143860536238655 183.79540503596655 0.0
90.44737447199687 42.329794044264844 0.0
128.72898484434347 160.70724549387052 0.0
30.995486368743343 14.063857776217258 0.0
56.15038225607842 83.77451509510736 0.0
63.45318333884793 107.42495614383765 0.0
128.3407505818187 67.185361585658 0.0
141.99442326035472 154.69334628799047 0.0
52.259096528136276 132.38793840419692 0.0
190.19381334810902 196.74409888242576 0.0
5.260606952046465 56.20359185535915 0.0
110.16508093306805 124.57200122645821 0.0
86.5001138305675 48.66664732729442 0.0
13.090285819784487 127.09643547919558 0.0
104.39004324313986 15.894741063555816 0.0
156.17999545522113 177.6009113447634 0.0
125.48507173604587 25.207748947308573 0.0
72.08134680901124 193.7010930193008 0.0
176.76739901515873 182.87734213704258 0.0
158.97738544196525 139.5241628526541 0.0
141.15805947525914 59.30336711205062 0.0
163.0975798876349 3.821462280410337 0.0
15.181319742850352 52.07719347084336 0.0
130.08616680733923 84.02536235102696 0.0
108.06065014188518 64.30636159263985 0.0
127.65130990928057 133.80046512574123 0.0
53.126482684557 193.73880228278216 0.0
149.14478781226433 90.42819255990872 0.0
75.26737185515016 177.63907755522544 0.0
96.19844597600222 88.40296265314822 0.0
12.257856120580124 119.03303190222925 0.0
8.27014922813063 86.90719757986744 0.0
123.14782179114374 131.8514355211047 0.0
157.92859138358767 91.37146843023427 0.0
133.4997439284202 185.66717115343272 0.0
62.932907963257655 33.11507563817104 0.0
65.1117201263223 5.134577367944226 0.0
79.63953449093208 86.10158819047764 0.0
176.96586820736917 184.90373414586995 0.0
36.99532913412018 146.13273715444524 0.0
4.493073531703451 117.69633831404805 0.0
146.35258091089122 175.34326538372102 0.0
25.846749370455324 101.39415349773185 0.0
179.5680460233831 123.6483449823882 0.0
106.72980635594489 90.40476490872791 0.0
46.324759011641504 178.8341869007931 0.0
179.42058426215283 187.23371255787796 0.0
21.341855653732523 168.2716438361252 0.0
196.99500976430065 132.1059743026942 0.0
173.1143069718935 37.77156396617478 0.0
70.34395473554585 141.6438751820269 0.0
28.050913889896268 66.88975850485828 0.0
43.43612077804793 72.0225703511735 0.0
167.35560301908845 45.02853970046794 0.0
191.3785478758503 37.688333296545686 0.0
98.72349207051106 28.970760413812968 0.0
36.1782485366037 103.63886861030451 0.0
170.89984427591185 130.02146963901814 0.0
66.7101413278284 87.4290068015249 0.0
106.37660096770082 37.721237269434106 0.0
22.247928434485043 56.479191973117814 0.0
115.97765819599614 77.1343490601902 0.0
153.0161913761914 186.92818044593668 0.0
128.8107081510173 118.00411915323288 0.0
106.57352592568094 62.185490495767006 0.0
22.03998032635244 6.606593176513531 0.0
5.438102892940333 32.50316868875427 0.0
67.16079643907787 174.92300921328177 0.0
79.21854233538339 131.30052480857543 0.0
122.93338386751907 96.79047235440166 0.0
93.61464844084244 49.63957247942496 0.0
199.8600297486875 106.97926784741192 0.0
179.00409066524523 7.162850271288512 0.0
97.06612175327776 176.68441288601178 0.0
102.93257541385702 25.969568145407184 0.0
69.67225763350235 147.70807319513503 0.0
153.67679224199622 113.31988746069526 0.0
123.22116059824042 67.64842226558132 0.0
6.150816349645405 189.72132659283386 0.0
151.4496322726022 39.6997977294278 0.0
26.778316001985324 60.86530571919661 0.0
134.67243892295082 3.207892707174098 0.0
40.5544411327579 125.04590019000081 0.0
198.27153790859126 94.91282988808547 0.0
31.372818712061257 32.10695915888451 0.0
94.26056791004369 105.85207314861269 0.0
175.79466936608512 165.62778729845166 0.0
13.621179511284055 45.18416712473721 0.0
20.788586895513173 6.971659964237409 0.0
163.0842979981886 149.73333681865836 0.0
107.5711606053209 157.985471588222 0.0
47.25594871020942 36.844038959332835 0.0
116.53004488616885 48.55299113509373 0.0
85.46391443306445 88.17367617324716 0.0
62.31282771833371 135.868087987486 0.0
62.427939103963226 173.34072994600047 0.0
3.516434249720013 114.20847778567963 0.0
162.83289849313775 74.88450012377925 0.0
148.01346407988456 97.15461224094888 0.0
172.11078412393954 59.781972896793704 0.0
132.80343181338426 108.61227294775271 0.0
39.21402197983821 157.80609532781222 0.0
36.37836876882679 124.66166483246597 0.0
191.88910760408424 53.299036085628515 0.0
141.94388488310372 145.16969040468288 0.0
170.93619529862747 74.47295312502588 0.0
11.43829475089657 142.2663098549561 0.0
107.16679748710334 173.1398524191865 0.0
53.14399496438238 32.199813520222584 0.0
103.24826801299349 27.811259813816157 0.0
69.78689378341684 47.750024519708155 0.0
102.35041219028021 74.3973932752388 0.0
59.371121115382095 50.292391889381435 0.0
126.4860500438022 171.2746967170888 0.0
7.59798749537175 13.770105149206735 0.0
49.66390472935964 139.27952621669084 0.0
158.5695416989596 137.2453248106148 0.0
134.4488432931216 182.22494459015866 0.0
79.57883688905827 198.36477624266016 0.0
5.250960712607777 189.82665315911768 0.0
146.1403322512193 46.98894787709034 0.0
157.64163712600933 152.46301348735116 0.0
65.01571736503013 156.398228225221 0.0
110.22117553664104 175.98335776927735 0.0
125.84168482221946 98.90340231473245 0.0
94.03931858413956 74.81773154545068 0.0
26.06803261130186 93.35187580205624 0.0
144.29633560369487 42.930270755520716 0.0
149.26585779884496 183.93530187469182 0.0
10.029102918824616 54.697589796514755 0.0
93.46719250214119 152.86800441372876 0.0
29.713042302970404 31.58245782350757 0.0
44.04907709513544 143.91998733875343 0.0
34.18740865743661 25.51224517575996 0.0
64.77653752124996 179.45216376927274 0.0
33.03793910538124 116.1605851517471 0.0
140.97054940787646 90.51557599475002 0.0
116.54748560879705 196.8698624457615 0.0
50.36857508779673 47.74047148307623 0.0
62.5517730637581 132.74105242143102 0.0
60.09693375471612 80.15509167014483 0.0
176.0140006500301 114.4566433962719 0.0
52.27568960069535 99.73812171696032 0.0
108.85858534050416 2.691391468445592 0.0
166.1284185815695 11.422896091896684 0.0
8.5808554277768 60.50465698567531 0.0
11.070697377837968 81.43530804716777 0.0
126.37619499953381 104.89719062748763 0.0
153.10277300831567 61.26171461135171 0.0
179.00845720754313 173.7543679572148 0.0
105.9334127760241 20.206892710553625 0.0
103.36434966064137 100.68673107746233 0.0
68.61349416757511 26.416454710532378 0.0
168.61673935582053 117.81801186868024 0.0
143.05947894912137 134.40194949330422 0.0
118.14665807930096 165.3596623133133 0.0
137.69841771545651 186.521087976827 0.0
101.85013033701131 176.8501023099847 0.0
117.56778897262446 116.52954966937999 0.0
29.182667819231312 30.22592540520417 0.0
196.55495370219595 155.23486697814008 0.0
24.270763239447636 107.43132404556164 0.0
84.06262413227714 181.4469763665369 0.0
96.64626715571943 89.06116027311923 0.0
196.23825378681613 35.83409855167423 0.0
154.63615004451148 125.57203676125019 0.0
121.0068872589888 120.95661308748433 0.0
83.16667751948962 72.88489355465322 0.0
86.49851519709696 47.66573152735991 0.0
183.7175754002413 57.741689346200054 0.0
24.062568338522517 56.21778862158213 0.0
31.38833631851714 46.96771796208379 0.0
39.913722948636064 39.86901467177344 0.0
142.51546540587057 134.83032617609604 0.0
13.554800906676867 29.37981364382121 0.0
166.00581276793505 133.97370159196817 0.0
26.474040194638814 158.77147244274724 0.0
12.52798467856875 157.94851662067248 0.0
191.2156509287873 25.842459944052322 0.0
17.930126600891438 17.144367723459975 0.0
198.7740871254564 185.36543496900356 0.0
100.72911273848075 14.971860929610958 0.0
131.36398326322322 68.5501190733238 0.0
118.24264656317607 127.43034796802061 0.0
197.96942706798748 109.27140709791745 0.0
51.91240082927165 176.73640819014008 0.0
41.67757571991344 75.72591370203399 0.0
59.59281190460357 68.47708953985668 0.0
140.65341228711105 155.59448163330322 0.0
21.056768988749354 51.79120954588845 0.0
178.71380346183489 23.451996986643575 0.0
172.6959983112358 83.37081934753756 0.0
96.81073347124027 131.08008905690957 0.0
178.37046253038542 128.61423359183263 0.0
53.335080151773305 4.502290887911431 0.0
115.58769251527616 17.050962391842294 0.0
119.00384179544203 5.975284385169699 0.0
169.66952327995836 84.19790438779442 0.0
11.195356240550037 24.833924069373502 0.0
123.29027169474445 78.29538853364333 0.0
132.94856221223813 98.0018798461691 0.0
4.746952842667973 87.91053221869664 0.0
23.443892091461894 29.14360690798301 0.0
115.54866365847407 155.18458825932845 0.0
49.635083254810056 74.84764638011887 0.0
96.38889493273956 179.53988413298663 0.0
172.8025452423669 96.8951759334254 0.0
110.2910513082054 87.95116491861408 0.0
109.15065839400042 41.58178685005276 0.0
22.693970827498443 50.42509733221128 0.0
170.17289827864036 0.22463016464504548 0.0
40.470955487845984 153.12078131515335 0.0
116.36016102046607 29.40103658637041 0.0
35.352153092462046 6.583258439075101 0.0
86.92936678065328 165.12881268394278 0.0
121.94693868782554 62.85089597072875 0.0
78.6008355439557 52.11253007695233 0.0
186.5393250504761 142.73684128615196 0.0
138.054612328882 127.34404948636862 0.0
170.0560893710304 33.373485057961275 0.0
5.547432874667524 146.7597670747264 0.0
197.08381726412583 6.148280058982514 0.0
1.2735058285454626 24.320980901154844 0.0
112.53767094927711 126.44801528686777 0.0
81.40405042691768 64.79788398963753 0.0
38.561189203854205 79.16791960956 0.0
7.341845437473027 114.70183652815365 0.0
196.4630877262288 117.73093675588872 0.0
69.57881871647493 130.2244729398169 0.0
51.97345349370357 59.40159146172979 0.0
186.64613247362806 166.70639941683672 0.0
36.82844901770164 195.96792379981508 0.0
59.997812806321726 31.072254166682068 0.0
75.6690362390859 166.40407967624753 0.0
7.270631937732297 6.8329119209372235 0.0
104.4659746623492 46.915107513262356 0.0
119.21432322161571 160.66978905446817 0.0
105.15971404186561 153.80469678481492 0.0
89.68796589311934 170.28015852547895 0.0
100.93053058425166 125.89556821525576 0.0
53.46981243454827 175.07651114671538 0.0
57.49076011239958 155.77127121374065 0.0
33.22946186791409 44.49702427287261 0.0
118.0174705651724 172.89735388531636 0.0
144.862779456725 83.0983294554378 0.0
62.82059819834671 146.71871723271397 0.0
139.4915983989822 147.26570597029533 0.0
129.56809523975164 74.11921684069011 0.0
170.7817707229135 35.290056123525474 0.0
155.86611478350528 43.16852610224131 0.0
67.83467302519819 30.724900137007683 0.0
13.218968546391485 23.870374918244643 0.0
66.75883877993789 28.350878463433517 0.0
89.87001619334112 126.6653598860461 0.0
108.13005124075403 152.73914040347535 0.0
149.75131175001985 190.73052370334688 0.0
42.89960202794656 191.31917064607748 0.0
45.7463527482592 116.65704040838271 0.0
5.912173870120885 107.02063067269223 0.0
97.69676444331887 141.8763539151818 0.0
14.046259181896904 169.97285761240892 0.0
59.060544447216934 72.2441639963964 0.0
125.09160239923112 53.40971248290094 0.0
90.8557192315605 129.48081390187053 0.0
53.82975491385065 175.84158624845435 0.0
37.50013612097629 151.70556445202274 0.0
183.38536466111262 39.72032331292017 0.0
156.38452397798335 193.09139370659014 0.0
32.76735646660829 116.23701027360747 0.0
91.49248391725887 108.7059785731963 0.0
45.62082527624602 156.5565976803207 0.0
101.10778364682696 81.89363936561445 0.0
50.561871971947056 71.70731424285539 0.0
150.62571281580958 54.09199510783063 0.0
110.06933579529594 116.50697522423916 0.0
63.71199154596532 50.76619625122034 0.0
122.7588015564292 37.32237997027654 0.0
88.52911872342686 62.182714476029275 0.0
72.96592917762214 99.12192142947225 0.0
180.4767711800871 34.03358266979814 0.0
31.9176415372322 94.19572226460708 0.0
28.869299712668628 50.46123739689268 0.0
106.3713031224093 153.08164455515004 0.0
162.19997192740922 150.82298507752992 0.0
103.45359255783268 27.64950638712993 0.0
155.1182599897498 11.57331289783321 0.0
134.5323166526857 96.96000532171392 0.0
29.972844616575898 145.9312925152515 0.0
116.3059441200596 58.42887992092838 0.0
196.7497517838305 126.53933387822052 0.0
143.89729960336578 109.99082261544795 0.0
107.46156256847064 20.108666095210914 0.0
8.58932824782006 3.3718733472290596 0.0
14.520046589147428 138.08599431399233 0.0
111.94238600254226 54.24291630555238 0.0
17.351381234818607 153.6648000465775 0.0
88.38420563609614 31.94111840915386 0.0
157.48947992834084 13.003806705865696 0.0
189.96511884309837 19.610077021963 0.0
79.60959620006349 77.30426700996236 0.0
109.82268910366571 35.02362216732837 0.0
114.44094169692056 172.43673872348714 0.0
25.00161024955556 33.02220415112538 0.0
159.22360906967228 94.09704895350852 0.0
24.626060252564443 72.40487413987236 0.0
32.351592182230824 19.01027344640156 0.0
156.02348516571806 123.2839464391909 0.0
61.07037575029377 6.490609147907467 0.0
69.25020485214802 15.32350505971063 0.0
124.57404585231397 139.70402549430813 0.0
69.57084637442954 182.94694191858025 0.0
19.573414024590186 52.26970641068138 0.0
97.79518725020475 150.5127671911491 0.0
41.38330449814971 13.37532026549486 0.0
149.9775262279066 118.62209436539376 0.0
80.80365833721181 3.3702221204684912 0.0
120.83525340397063 162.1350919915573 0.0
125.54562072990865 101.83981642185648 0.0
9.344894192402698 31.1379725728008 0.0
24.680459394140275 31.453214622695814 0.0
60.32546644221999 158.01593098510898 0.0
125.56561662406457 53.415589270199845 0.0
132.42043045137063 16.951687691501284 0.0
124.92885406921326 194.145520701209 0.0
180.74129862395418 56.58321759080891 0.0
189.26786981444243 197.8367864706798 0.0
21.537327220296977 32.218443700868974 0.0
94.449523919462 45.853072543643634 0.0
106.60734039149456 100.91858573629968 0.0
10.369203907195491 161.44317388429033 0.0
76.77140401329827 110.92604324617848 0.0
13.757509688545522 127.05323944429492 0.0
186.57142803175958 116.32669641072162 0.0
50.697974488943174 81.55182753151682 0.0
96.47153145942744 78.5005692375006 0.0
90.1461015900292 135.97240886586965 0.0
14.180450481312956 177.8288750433451 0.0
10.716571216785486 148.91718963629484 0.0
133.31985735936044 152.2895259357838 0.0
145.23202192362373 36.55508779167156 0.0
165.5140578128082 3.9872752606816553 0.0
171.00337510536147 57.18576707912266 0.0
91.07804597168905 70.32864651066117 0.0
178.53824083997722 6.630755380880693 0.0
63.83250660644233 43.465940291914265 0.0
77.3504734560541 188.25167682242795 0.0
97.17584061076705 39.79867910770736 0.0
4.770614822826991 180.18469272418193 0.0
131.39496458182393 70.73483303409014 0.0
92.13331044874819 12.419365805867933 0.0
136.2981113715042 46.578318176549075 0.0
12.444642510503613 187.63911756995083 0.0
38.60442177701784 157.32326416144463 0.0
184.60858031159228 32.279675601992494 0.0
80.12674127642218 117.2996303504571 0.0
141.5185557378004 148.0507619014009 0.0
110.63554108098418 135.0288414443638 0.0
182.7965902630026 49.205545057279075 0.0
98.39349030862499 175.31210735615247 0.0
27.689012107994348 17.131260468035947 0.0
1.701674382327889 117.48824002225224 0.0
159.60435394776064 181.37360912581954 0.0
86.4002070172762 181.9617295171253 0.0
111.00562932777329 44.99650752332063 0.0
197.1172773027972 96.51606133707702 0.0
75.84563511086195 112.21788728288811 0.0
194.16252268888624 104.59115891815438 0.0
156.46064102590128 147.55126791552675 0.0
153.311962189492 79.61799255500294 0.0
52.81423948387038 98.22189274136015 0.0
192.3333605180996 102.66743536351264 0.0
84.2098591540796 45.415320483074154 0.0
135.95252217200053 85.08451779161337 0.0
97.06676419662284 114.95535138786283 0.0
60.06246182651018 173.4432867459662 0.0
57.081268884435275 74.29732304377544 0.0
66.32904525901951 161.0714808849826 0.0
150.07106543613546 170.26178864593757 0.0
29.948215569595483 148.55846421195523 0.0
23.027466434068966 20.72269928104571 0.0
136.16148853357925 45.073683976868175 0.0
185.3767177405496 63.50327302087495 0.0
175.2380095715749 182.98720926971578 0.0
160.178168873546 187.0217770496218 0.0
0.9828984766545146 130.19781121547717 0.0
125.96367945636916 119.76851641897366 0.0
74.4333763172373 127.73818424957672 0.0
122.14911214800699 139.484423269555 0.0
12.255514857947624 54.6409408162283 0.0
4.42544519740764 77.95060658483905 0.0
138.45615919112458 27.713096942828507 0.0
31.263499312556277 43.58743920369355 0.0
198.37608280442382 80.78082601548769 0.0
38.64288940288372 161.60062688376925 0.0
35.53198242392865 36.130256951082515 0.0
17.342346503043427 140.20096575776665 0.0
154.72653448946338 80.28429309031893 0.0
145.60513994761294 11.463392579244601 0.0
98.94723722544366 86.91932586495655 0.0
149.71988715377978 166.680122365151 0.0
52.926360582861975 191.63992356818008 0.0
66.03360096511499 8.601593105239335 0.0
52.83588077497588 116.49351817551428 0.0
60.140344730402106 176.74818124949613 0.0
29.442861216750416 66.52131366531167 0.0
122.46552195111295 167.0145173293069 0.0
41.152232236346876 76.30548970532045 0.0
4.192295584186656 63.07745443368955 0.0
63.71558617685184 71.38714513297381 0.0
83.45323379836003 24.657694519525176 0.0
194.98608780036642 27.59314215033337 0.0
158.93687110126433 136.47422360054432 0.0
105.95117642588964 60.72434713923192 0.0
56.535375814580455 11.769668244388765 0.0
23.376352332955854 59.72167737704402 0.0
4.386093768730404 165.57390656496764 0.0
64.74483769241002 188.34051631022297 0.0
182.63636997502695 25.412115219328378 0.0
162.77946343819852 23.528018307374833 0.0
86.4874994735517 130.95272042753493 0.0
114.6847789312378 73.11197737661435 0.0
154.55031893994544 189.12961126556337 0.0
70.34884574763342 121.07398517004344 0.0
109.2714255928834 197.56211116515038 0.0
34.095767412675215 85.59359939512345 0.0
32.1656749855328 26.635296628103045 0.0
96.18165485379122 43.214387164272 0.0
153.8170858992601 59.392190357209415 0.0
133.0781019542237 171.89672167860311 0.0
77.08684892809765 128.4286340401256 0.0
19.689053169637027 196.3862946349097 0.0
71.69379246776305 60.27040856980752 0.0
181.9982558897186 81.2413535783935 0.0
179.30905701617831 40.2515698950793 0.0
185.24627862203576 10.025760583325539 0.0
150.53348584176447 144.70173738885072 0.0
0.5874391355923825 113.58898586116793 0.0
98.60262404415954 152.28931426547655 0.0
22.278735049858533 166.01826704395194 0.0
199.3908993716795 142.65662985774668 0.0
17.804278795092433 153.76219123501852 0.0
193.26305109295498 18.022006916357714 0.0
184.94037862589175 41.58904147119835 0.0
51.54752941413911 142.21294339368075 0.0
162.61796749794868 8.457281731551557 0.0
158.8829931356075 181.63349846344056 0.0
196.5406336435154 107.03963638578867 0.0
132.415753697293 153.95816199338154 0.0
95.86802974248513 112.55631821791154 0.0
149.80251004767044 42.88352723497746 0.0
133.87609857626697 69.73691295489365 0.0
190.19924122744854 121.05807050994126 0.0
43.35700030337475 121.14465778911763 0.0
105.89377351312481 138.34951651698776 0.0
136.62328022160614 5.760718937099685 0.0
136.96601541426443 178.89824016333827 0.0
140.33230057259794 153.64032090358626 0.0
157.33649352791585 67.9442593298421 0.0
176.94862726780946 170.61650746482937 0.0
197.79031527982193 118.20446763541305 0.0
47.51347427646979 106.4414340476812 0.0
30.04030510639253 145.6157079652856 0.0
174.4920698028715 30.41916772374598 0.0
15.619582156121137 55.54849859973932 0.0
48.82111761012813 100.49798359856514 0.0
24.370422106100477 103.13516970454802 0.0
191.8803822979413 104.9542648279254 0.0
9.522810613640175 165.14525403306385 0.0
90.96371142594735 180.21413220084582 0.0
189.83270787912915 25.880121476278674 0.0
95.9265601928941 64.0230031636949 0.0
133.97644648424222 175.84777243958297 0.0
75.03860260041921 30.08737057919353 0.0
168.3745039381342 149.51789570112254 0.0
119.67147248226925 168.47710603057385 0.0
36.84417055884774 187.24623087599258 0.0
160.30341523165478 125.49070096812697 0.0
28.957427439996874 196.49651415666858 0.0
10.424062385562305 197.3498885993131 0.0
63.70677913536262 8.777137209174747 0.0
90.27410451937877 184.0041682945114 0.0
66.0583788374613 181.24888187645152 0.0
98.95634508905655 52.4898019520867 0.0
6.1983912188038115 75.74907884619888 0.0
1.3059324894536761 33.701948705011084 0.0
184.75502563600782 63.01660748592508 0.0
75.00941950888516 82.10262538705268 0.0
142.00528146596363 46.191214245816134 0.0
23.813591825850434 64.80124749904743 0.0
145.0520229778132 75.19972904431329 0.0
104.26677137471643 14.608630945936408 0.0
164.1835254631869 32.43075387032659 0.0
36.28674952152235 81.0792741740328 0.0
188.10419675692012 10.138535799336147 0.0
171.95110693549395 44.22093161952381 0.0
47.45178474180849 71.30571672477677 0.0
182.25725002214384 17.464512370760875 0.0
16.99292763572524 188.23379919638634 0.0
188.20099905697356 59.65126715426061 0.0
149.11539576808357 86.91917486969717 0.0
10.3742331828937 40.20859265885899 0.0
154.71206150468836 90.31161099973461 0.0
40.383526897959655 57.34947318751531 0.0
92.2780947825065 49.84125566305981 0.0
147.74339032096705 196.04495167751224 0.0
152.01948491759185 82.13910163420475 0.0
27.499225207653556 30.68291594690853 0.0
28.99755911662809 86.66514839033603 0.0
66.68665987759536 26.74057216032013 0.0
167.81070445529764 109.99730664035357 0.0
161.8355676443842 76.462106948828 0.0
131.04107451052514 143.82337758775415 0.0
155.0785516995879 15.447015671701081 0.0
94.67065050671812 96.21737835567488 0.0
73.02524502383712 110.21872479723511 0.0
5.897528430541787 59.57054650426967 0.0
150.4154297663804 181.25706791568052 0.0
52.25994160193574 13.586474789855686 0.0
99.66544054531043 31.642409019610685 0.0
185.7020135784823 148.0388711218763 0.0
47.77389319877228 188.3731473497165 0.0
121.19187001932241 67.52947065253979 0.0
3.654432939571284 31.58240551964986 0.0
86.72926096338472 49.272709669886815 0.0
41.814613687544245 186.2938282568368 0.0
40.05637013356831 64.97285379406512 0.0
192.40171617579648 182.02045391552787 0.0
87.11219715786743 49.14831715572821 0.0
112.98781537173797 47.42463943955497 0.0
38.24721085496128 98.79694456704975 0.0
184.06790557640977 100.42112896368127 0.0
20.441840639829923 123.08514756705407 0.0
118.09666440770583 118.51945541616782 0.0
27.248642334387686 126.78279689894434 0.0
100.99066815113147 129.86581623055324 0.0
32.90477670720373 7.454878133422271 0.0
95.37482727440198 52.358705357895666 0.0
23.037793418692722 73.95993795493561 0.0
26.45297233102695 126.37668769420843 0.0
1.6144959019915195 52.59444999013419 0.0
144.23443674381758 136.0706197899194 0.0
122.25900085703887 137.2612589877189 0.0
109.94981593771543 194.83683806675592 0.0
161.7928428818719 61.329357747012516 0.0
89.84069923005609 182.5018222511626 0.0
4.826424857429301 21.39127832851728 0.0
156.10981250514425 164.91286854333134 0.0
40.45778467968528 166.91345399250753 0.0
192.66944652094566 101.04348444575675 0.0
185.61106195857718 84.81402504087279 0.0
82.42774263502588 48.386160724963936 0.0
44.27379148267805 54.29149080509619 0.0
13.203816431851978 114.31928800604443 0.0
87.868538128494 24.766834227044043 0.0
80.9644341120658 169.29909612864046 0.0
99.22107910495606 78.5906836738733 0.0
191.9263579350081 37.14144865296139 0.0
61.063848189274175 180.2062145916853 0.0
169.17016537692916 108.32247446270475 0.0
189.7399094274763 84.74750350902163 0.0
154.7628093790181 84.14107716609125 0.0
115.74932166143714 181.59214630786653 0.0
64.98784730459784 52.75034584776981 0.0
95.00628589587927 182.17600747603475 0.0
4.133748494302725 122.47907781493733 0.0
198.15206904415504 126.41699512208355 0.0
171.3922538819881 193.52855933511287 0.0
69.9952150185168 178.38389496286968 0.0
105.77044177529878 136.04389889684 0.0
77.12714243112704 109.3852740834474 0.0
105.52151649934471 60.72325333354345 0.0
68.98781880091347 25.442574081928736 0.0
131.45109044506387 117.54231368134293 0.0
166.13266596854555 186.15058635519807 0.0
57.55718076148872 138.83552026125685 0.0
159.17856293633207 83.21750399220258 0.0
167.81372459717662 54.889538955855684 0.0
52.88320432758524 99.51590449780998 0.0
114.50903010262105 153.36853510865666 0.0
22.03880969275911 53.26498966499689 0.0
151.4020306374345 128.3049275869447 0.0
159.33757850426056 147.00349434985952 0.0
134.06094679855363 70.05333999552334 0.0
90.092985647955 87.3017942163544 0.0
140.1003114661754 84.51944543455258 0.0
4.677446292915177 18.70072085230925 0.0
3.6340638339017906 98.13961762187961 0.0
116.7635896041619 24.153714137156722 0.0
181.11387197430605 4.50123906893507 0.0
193.93279267119507 84.28798582785024 0.0
169.8234409652065 39.15761738372397 0.0
26.941293581210957 159.08941548879193 0.0
185.65109336885598 131.1055359200542 0.0
104.91071449799475 58.155015689447474 0.0
173.36455271019148 172.5575387407765 0.0
145.93640841322218 199.4457762331524 0.0
70.46333839941236 73.05505664934697 0.0
96.08361346978937 21.51183700658097 0.0
174.78576050936206 119.63260266263363 0.0
154.46791767380589 110.45098955148171 0.0
76.39911044367938 151.6573050532459 0.0
108.0931593851008 30.40054912485084 0.0
105.90313874653827 177.13207848757307 0.0
167.3463946683268 5.15166289002178 0.0
24.128553389220464 106.66488399593221 0.0
181.52619875727106 188.51431372382535 0.0
132.31376577976735 61.97046572796718 0.0
183.50699578732733 82.35017205732767 0.0
117.19466013533119 27.685135625472657 0.0
63.61889780960106 113.72965411752307 0.0
162.04386010002156 58.43916223153924 0.0
5.048798766070495 66.45851554201425 0.0
152.54733178639762 27.545375070226584 0.0
126.54535002732554 177.2584141469506 0.0
185.50790108133265 9.32678992021403 0.0
172.936743219293 53.174938806614655 0.0
48.71667473219674 24.019889209803868 0.0
69.9469209092035 144.32560506965345 0.0
81.93508314732982 42.354493124520445 0.0
117.02243156531584 114.88953647341175 0.0
51.78164043359166 46.325054654079125 0.0
130.35854668215043 95.27934873467072 0.0
177.419262189343 173.33237924518147 0.0
168.04001045569944 69.72513643059368 0.0
29.29036083640697 132.78873013326574 0.0
170.18825813157636 156.03923336470186 0.0
89.74870580813446 177.44345699298404 0.0
129.2334161565656 68.11967228447813 0.0
112.28837810925239 136.10024912034874 0.0
68.90620740561558 16.789273842598938 0.0
45.17189711150449 170.06123448798357 0.0
155.27117568556642 100.85629901232463 0.0
195.61105457285512 2.5472051417827934 0.0
89.09937208836485 67.82177345248337 0.0
102.2555829404281 188.50725945344635 0.0
136.105141027938 182.44754317809847 0.0
56.5963630067849 141.64530940415517 0.0
140.04825761368403 31.438286423180585 0.0
167.9913952321226 116.15485766289966 0.0
33.429203694355806 13.779672530247744 0.0
102.37437151333842 152.56758024794482 0.0
111.48183042920358 18.813988655084902 0.0
141.30722596189125 140.28531164255733 0.0
67.3944787027382 177.92360167583115 0.0
5.889594812260723 23.77905911945877 0.0
100.16688824315226 190.731654488032 0.0
169.13967394132848 185.10273727760753 0.0
101.2369948159024 173.0185261006386 0.0
140.81256339897382 172.28340942962507 0.0
1.9882025816615467 51.09153050001345 0.0
50.22373050368787 11.31388393335242 0.0
21.474277299206832 36.134569937204276 0.0
175.49674220685418 138.88750209363965 0.0
192.17559379556062 52.10331164489182 0.0
71.75605662666918 123.67913809142854 0.0
161.32700755158018 162.02069786488192 0.0
36.137166597506855 5.890381373049625 0.0
66.33423053095062 40.06653903115696 0.0
14.087981270521555 77.94098740453632 0.0
65.02205199675555 170.64410650842507 0.0
99.2869168887655 53.602769948566916 0.0
64.93445238337132 120.64557845628181 0.0
108.60459285323006 28.536116391430475 0.0
140.63307588054857 127.42739489307402 0.0
123.8878513984297 22.103383165556643 0.0
53.91722744579861 172.54551837022868 0.0
183.94608195288816 8.49752627616651 0.0
199.114985187166 70.08972783247553 0.0
82.97164917801143 194.6383380403642 0.0
184.07167311038788 88.4951597937089 0.0
85.7276162619403 82.95276823696902 0.0
127.18851513839537 45.99824859407009 0.0
105.18758092438591 169.0698360723425 0.0
1.8407354429249345 72.44343537463054 0.0
104.91403850373149 167.62468703906504 0.0
191.73111461134738 113.93600091187236 0.0
186.31316206163123 33.78047250496836 0.0
34.211367573048214 171.87538987520244 0.0
0.005550616875149572 153.74078070812516 0.0
123.33047027057556 14.192600300002066 0.0
180.90396790015228 114.43928700591674 0.0
120.34543801977068 74.1540995062641 0.0
48.190718131243294 30.7575776890046 0.0
176.65683912175388 60.883928147936395 0.0
34.238861722921655 108.03594864261666 0.0
12.60758869595966 45.794687733283546 0.0
10.62299231376067 148.3061594981684 0.0
15.310510930995424 60.40705725840243 0.0
64.71689633442345 70.58921247489931 0.0
19.646325665367126 143.57674195490316 0.0
146.97701993281487 8.765130476713058 0.0
118.80060646989612 109.93667187806764 0.0
156.86209372853259 174.9359765662695 0.0
114.1845996487719 76.40133189184317 0.0
64.44100229445577 31.86728633200635 0.0
59.31146895539274 179.86929071972767 0.0
175.09241854521233 5.007125909242371 0.0
178.17608037667154 146.79891769576506 0.0
36.3013212451333 182.74622496032958 0.0
45.91290977881619 34.1214353267429 0.0
158.40913954144952 2.996445872677178 0.0
107.98342499845295 150.9944156711301 0.0
75.27570422495926 4.82914974842763 0.0
183.8705524821842 92.18808953132651 0.0
106.16286643410464 135.82888852409752 0.0
