42.87558000467722 13.39364693100289 0.0
62.848163050798654 157.80521230039236 0.0
11.181502895193308 68.63342509540291 0.0
193.37117284249038 154.10385752195916 0.0
137.80475001568337 38.09644713552793 0.0
68.7495741020313 39.33278678405969 0.0
54.23735809298185 19.390120106738372 0.0
195.66962853099605 85.52063012314947 0.0
92.50321384553553 150.5276601325719 0.0
82.21534173530914 81.51641237177355 0.0
49.65121960596708 21.76686436246076 0.0
125.70618501104198 57.96548569063367 0.0
186.0972580330082 94.40098164376889 0.0
27.868053044463025 155.4222263580983 0.0
83.5045907358861 189.54489861473988 0.0
147.49982992280266 118.27167673257087 0.0
83.40025302743935 38.280138937513875 0.0
174.43076066020558 28.577477201882772 0.0
129.48269124710507 69.09256662730758 0.0
188.44653374289777 181.66893108430313 0.0
144.58388149442771 49.35686504984269 0.0
152.99497730028295 49.22515961188263 0.0
187.50680161586487 94.69234375410316 0.0
185.8648361982967 75.8098210899895 0.0
155.46701582025088 113.33479791411871 0.0
147.66418926267178 11.254950641790295 0.0
124.624996199726 162.2394687274802 0.0
193.80757930664117 193.98804848507066 0.0
154.20352253349233 57.450630639920576 0.0
146.8540825750126 69.34162197454457 0.0
118.94236311418007 103.34336668809978 0.0
63.4209706978939 52.07984586393999 0.0
80.15026912719124 183.663678994042 0.0
193.53079248758758 23.82226823362432 0.0
57.372062668192704 91.8632012453036 0.0
60.132274866104666 93.73978874945381 0.0
20.696520102919912 69.04518189318549 0.0
22.668344691059914 144.84350414945678 0.0
87.98841304272773 64.90872720881387 0.0
30.947386041659453 138.38224150039915 0.0
81.83604689393495 40.39852927346752 0.0
124.20663023872125 155.309989790154 0.0
177.7632999297216 90.33772962649059 0.0
185.13946261363046 116.47972064273819 0.0
158.26312209752936 80.14174357712929 0.0
119.79108404458039 42.165414332966364 0.0
176.4671062661384 62.78132060677244 0.0
1.6099915315338054 186.7093735287742 0.0
128.7737271440801 170.48335706750692 0.0
191.57537168413668 15.537299075783206 0.0
137.5154870927803 160.22826482159047 0.0
26.20341046204868 179.47886038040636 0.0
52.7531691648923 132.92306932718355 0.0
151.36830950346834 185.2767933784362 0.0
96.54313351842048 143.19970500616122 0.0
172.25661589686945 161.36291361654028 0.0
193.53136317064516 70.10828393700992 0.0
188.40627358964633 174.42474823721372 0.0
158.48590893346085 28.54540619738437 0.0
187.6646056866502 164.9817269202549 0.0
144.38706321939142 167.0779221019609 0.0
184.0323360191495 139.13529929687115 0.0
193.9524731414762 119.89287661620591 0.0
1.7434247547882809 178.8525448033403 0.0
182.9822405713867 58.9246315930241 0.0
131.56341522973034 114.5882425134283 0.0
95.6667462604087 26.780542050201127 0.0
115.17179806657354 141.7456274755486 0.0
30.0079297626038 21.90676641934628 0.0
49.62663273880696 56.42140297960072 0.0
195.76240703792783 154.50627948767413 0.0
46.29256745338539 136.0758589581607 0.0
37.822703341305285 95.04126007018188 0.0
27.246176464875926 197.21429651743364 0.0
94.71069547633392 196.7225062310375 0.0
97.05528507502557 24.861246264900917 0.0
84.86510066987782 89.20875134959243 0.0
88.96191204885355 187.5542830598689 0.0
2.662769545816568 12.809107889027004 0.0
151.8811233332371 26.77957013922081 0.0
101.62123263106211 90.80214673820161 0.0
18.26096047545358 141.2165248368589 0.0
143.98786650993628 122.0554655505087 0.0
72.7314584898448 173.85442474017262 0.0
3.928793763466931 116.94989932880075 0.0
127.60351766417955 153.9889260360159 0.0
25.78848138923795 96.68280444467179 0.0
103.66125054966517 46.30191719670571 0.0
59.39876476026158 29.345240424173525 0.0
13.324180523639683 115.67338036445591 0.0
21.173906964179977 185.7380960781582 0.0
148.13859305289856 29.069233130167895 0.0
162.73605026698056 63.7125976503351 0.0
183.68999106376947 84.79450169170941 0.0
168.07327780783004 151.89085387309655 0.0
32.41159557028619 184.59637333751618 0.0
145.74026487687698 181.94252955086975 0.0
98.39648243117895 145.54715376954533 0.0
134.36940761521464 153.16395445881062 0.0
118.2038846288943 86.33227220536706 0.0
97.76796143359073 103.92628981615677 0.0
7.782945912790962 116.51397954055436 0.0
150.13473666335972 151.62980824989293 0.0
78.019976758891 7.536559834023171 0.0
122.43754583200625 126.12140624746498 0.0
30.048216184032107 130.68422069936418 0.0
157.7505102857881 181.1031321628195 0.0
96.3417512746498 109.89822463520625 0.0
6.3580874904469065 83.8794457242344 0.0
154.74816851476876 156.30501460728772 0.0
80.69054542864554 55.86153932531921 0.0
9.997292871822182 126.5024249715883 0.0
125.66334270077115 64.56722659488754 0.0
110.85619093657924 178.0965232992696 0.0
161.7508030297699 152.425185219629 0.0
150.98335698568764 83.6766753094124 0.0
166.13216873707867 128.51276747866189 0.0
87.6679577048889 8.362032510100747 0.0
171.50598768730774 146.42679985278983 0.0
105.02267881859156 56.247695685430024 0.0
82.67663549877872 144.80716088311684 0.0
146.83161953806362 147.52433224539826 0.0
137.77446835511472 36.603248537566024 0.0
49.13742219514656 0.7401544297948481 0.0
173.97906770302563 98.99367105561907 0.0
13.784759318729911 163.61963156326183 0.0
96.87272812049986 37.93997024865363 0.0
181.51994593964062 161.04853483161116 0.0
198.05922754472584 79.6752906670593 0.0
186.87936433998468 110.28022521478862 0.0
17.44064723236236 175.99945550926893 0.0
6.982245029088041 191.11344658586046 0.0
104.55297067690086 1.0719857106469277 0.0
152.4759834777115 152.73719014133133 0.0
97.6188021033065 64.46509638150566 0.0
91.26521292392842 189.1334979694625 0.0
9.483548176708556 168.55892728902882 0.0
144.2884261699117 21.374342887726883 0.0
86.35908594390065 197.93158392659805 0.0
147.489012294352 87.84415538343961 0.0
88.3068351958423 44.21690539990757 0.0
135.2601402918281 162.36472847879995 0.0
129.6498829264968 141.97316335673517 0.0
168.025857006449 95.39468385719833 0.0
113.01174687746129 19.42621296259299 0.0
0.2536451792794381 104.92087032825215 0.0
92.43701958039041 52.52095353700263 0.0
165.0763331437366 131.35450425481363 0.0
9.057076044772439 51.53522648810045 0.0
37.83416135933213 14.690041296428525 0.0
157.02179535119512 6.580615727123718 0.0
133.23065878580883 52.380196379897484 0.0
57.92600579283611 71.63495822418497 0.0
89.42871340294612 52.82579589688537 0.0
148.71729963493377 76.32158865238819 0.0
97.29601180977929 112.07439282185283 0.0
21.07953893929708 120.47079574711184 0.0
144.1420277627734 10.267046119992095 0.0
89.54427698658574 128.56914946146665 0.0
158.67122857871445 149.56781509183722 0.0
111.09011683712194 19.522726183294047 0.0
167.5103664101785 136.75589256128544 0.0
130.74779400719197 181.73059663665376 0.0
103.55012646236457 51.35570434181722 0.0
185.73666205446432 34.28522377969485 0.0
142.47461664454278 134.1254411687444 0.0
64.91597407960535 2.186711596225277 0.0
186.23466513753954 80.91991162608336 0.0
190.8422861323005 36.77816506135092 0.0
160.85388666739954 133.38896481819992 0.0
68.48200428315623 72.17984124805228 0.0
150.83927560935908 120.66786274570353 0.0
127.63594907902069 124.31985939783094 0.0
53.60080659505571 125.16151933164224 0.0
175.3907149299918 111.22979250682823 0.0
4.667475043176128 120.71966412540063 0.0
70.4192417771613 101.59361137104963 0.0
98.11984261677556 162.94535377612993 0.0
32.710958405100186 183.1088258997557 0.0
106.54216042339613 99.07463479879029 0.0
10.319659917849688 83.0389757819415 0.0
190.92982546229857 108.81033939700562 0.0
138.97502069755336 70.40695268409354 0.0
183.37073340166216 87.68845197530979 0.0
150.91151530617307 122.59891754250629 0.0
123.95202025727643 141.00066910627035 0.0
16.026353399740078 48.71885687408233 0.0
138.22634951284854 68.99219973512263 0.0
131.48576225595954 27.85426527849677 0.0
52.704853993782464 92.9990652908671 0.0
15.156849131310324 42.483597426816466 0.0
163.22651713702228 197.3845634596262 0.0
103.7500383991431 165.57653826892547 0.0
94.68670667063274 143.5797821343966 0.0
108.31491985239632 194.50843433632267 0.0
120.49032895500275 50.228437192105055 0.0
37.74010971134998 115.73053405754597 0.0
46.22788680102068 27.38159402341531 0.0
65.16562337457302 131.20798007901354 0.0
4.455543825097741 102.88312544139666 0.0
82.72396990504572 80.95786514096123 0.0
56.09313028697878 185.53208156381368 0.0
66.78408114284625 55.5899084010659 0.0
148.83678841760184 72.30350348065961 0.0
58.87991363198309 8.57267262609016 0.0
144.11582531455605 125.85442614993347 0.0
56.76347879073087 50.01851874844145 0.0
91.50611292591226 23.737268480279372 0.0
5.5297457294391394 32.10083490174718 0.0
103.14521137214147 112.18796351716148 0.0
180.51881952601718 20.787371938821387 0.0
60.57717168096395 185.05161721479527 0.0
161.70842658047172 89.39385600369849 0.0
172.5878429626731 152.35377725611647 0.0
113.5677769835847 166.53227898489533 0.0
94.97425851749132 63.22056761950241 0.0
4.851418640696292 24.348738306905116 0.0
121.8245258790277 104.29655440695986 0.0
129.569816112745 102.51582439560593 0.0
62.76746026823741 107.50414221743935 0.0
23.380898601246393 129.26502273419956 0.0
31.783985320892327 169.93395579974083 0.0
8.904870620944493 22.81478186071084 0.0
90.55516568519847 13.850739470891105 0.0
148.97222392005628 134.87033240754536 0.0
112.95454077763813 96.24474859128067 0.0
138.57283643839193 132.44155745166447 0.0
167.17520955530227 15.053867864751469 0.0
24.28175709636873 105.0455805793841 0.0
148.11500970259448 53.126978996480915 0.0
4.19510565044805 31.431007813367806 0.0
135.02584609624054 151.19454046366795 0.0
131.9174081083996 143.28116237894227 0.0
198.0660955317343 7.557410312818069 0.0
124.8993780106011 182.92381169315644 0.0
132.2778567318278 164.9005718055381 0.0
60.433074384984664 67.8953642266922 0.0
58.64351634483966 63.58344910161353 0.0
131.86908027910954 47.27769012751097 0.0
199.25903550643895 115.95398397619827 0.0
33.128283596843985 63.046168890807785 0.0
7.294122271577663 87.67889340331776 0.0
141.33852470189123 114.23768790553042 0.0
12.292242498957018 59.77784866449114 0.0
75.43424695049508 162.56785842193128 0.0
27.496268371368515 188.9946498544755 0.0
22.81516220671471 115.19682206046586 0.0
158.2683772742597 184.33374671057982 0.0
46.66758207685098 73.66349608254382 0.0
149.30563297494732 74.03576699465613 0.0
13.310110805103736 147.57827275545185 0.0
13.235419519308689 49.961137674024414 0.0
11.932971312062923 97.48465523458525 0.0
194.307830172888 145.2959450420608 0.0
178.3582477217849 93.37044168624251 0.0
138.28484270827096 26.689858187390804 0.0
79.95599509113403 153.6295999812537 0.0
63.258945344229886 63.38083813365245 0.0
70.60909491392226 163.84606081767026 0.0
156.0166746036062 73.55704013179228 0.0
82.62740178151556 165.5911678074573 0.0
154.6953886040751 142.15137934397728 0.0
186.76976116999393 52.496663165589055 0.0
120.86436887651774 54.459642068159255 0.0
122.04001642430926 114.18559328751923 0.0
152.7941548301623 196.41836252213773 0.0
73.68118684183223 28.213599931136415 0.0
46.56083466939152 35.0738924112187 0.0
60.79962570620907 115.99358717960106 0.0
72.76488067693612 111.71954851398833 0.0
184.30892310724417 150.74693805081756 0.0
104.02680179466539 55.37288099334587 0.0
81.39099841643842 133.84481311789872 0.0
102.0548662132725 55.71054918052416 0.0
34.42974397079737 40.4733852163432 0.0
52.96280431775979 122.27353641050863 0.0
90.38035337984257 176.37711347497844 0.0
25.64833387320602 100.70072548709452 0.0
60.795267765892326 84.50458983876948 0.0
120.42605111559614 16.94425708990599 0.0
193.23549521515292 93.70166981867432 0.0
73.74118325290195 76.8653277424375 0.0
31.55390871744752 11.167009204470846 0.0
189.67336036008862 161.3044170802439 0.0
115.54486881482178 126.20539142138689 0.0
80.07248017054917 125.66522602087767 0.0
109.71237854168618 14.884593459714868 0.0
12.551511454755149 38.24703685599109 0.0
96.4168110099733 13.52173661771332 0.0
89.19392511137136 73.00531430541805 0.0
120.41797370573197 63.49557552891723 0.0
8.71617200232353 110.11585056737138 0.0
29.84021008373383 120.7012530176681 0.0
0.9585886482642803 191.66302430192036 0.0
22.842923457799014 70.03458331090755 0.0
64.96071905880747 29.967995952442106 0.0
79.78784414590687 88.61307862432797 0.0
90.5101008457283 172.51805779407817 0.0
37.452041701264214 61.01133296584567 0.0
197.9361286432063 190.15361943777555 0.0
44.84364628515849 165.60865261025697 0.0
92.05359862888092 174.11463490857832 0.0
129.4349056693429 123.21715092955752 0.0
193.543281070509 102.7436062528161 0.0
198.13514515993717 27.478855449803554 0.0
184.68965537812173 70.08755044443782 0.0
199.08388643004247 161.0905909185111 0.0
186.27883968587918 156.33673851524293 0.0
178.35234235533875 142.73590017731533 0.0
68.59245053763475 63.98321195627332 0.0
179.89916626126393 146.67335928953048 0.0
191.81602523572735 143.77746280020432 0.0
157.6342438747016 190.2511393340671 0.0
169.81342883027455 91.0069621763037 0.0
95.2021081588613 194.18785525060392 0.0
56.10146282505735 5.315553759476077 0.0
162.1043383855817 86.28011086406396 0.0
61.99169941644067 76.22793248053242 0.0
174.03814977043186 41.26750799444541 0.0
134.2494341276053 81.73896110165512 0.0
70.8362231976154 27.906021794185687 0.0
43.25240521797684 168.77263610659463 0.0
177.15050506126028 168.87123066221085 0.0
62.514719248738814 22.011011760499134 0.0
69.03071082505426 9.932937824538012 0.0
56.57436191853185 121.5386148839413 0.0
133.80591604064753 41.91318065960861 0.0
36.62529683264222 139.94325307240715 0.0
181.185538135326 122.25994173946968 0.0
191.9081625887478 35.95932881233577 0.0
140.25371550330593 2.639094078741633 0.0
59.756189631766766 64.43523545002252 0.0
160.0390601102377 184.76750045291516 0.0
58.326025095970536 141.35158287782485 0.0
120.59940586114777 198.78049848686214 0.0
73.42563323298923 177.81239371308246 0.0
57.06908747407808 126.74727230608327 0.0
164.4846304009121 128.37670875436714 0.0
100.87409101607163 178.51796007666684 0.0
134.59487751019927 186.79333897454114 0.0
50.328174219313105 167.90663764451855 0.0
95.68220356898638 6.146785349467265 0.0
197.08092313570563 34.28467092942997 0.0
52.2528536320553 20.617796239012563 0.0
155.39654259633807 107.97916790127908 0.0
125.79106026677378 102.5071054111855 0.0
167.999849128648 27.44165010477577 0.0
146.76695808010044 100.86645341795992 0.0
95.23398587065086 81.97233558476663 0.0
152.34693166609628 77.0261706647563 0.0
33.53193640033771 75.8557406287494 0.0
45.28117905539848 77.50390774484666 0.0
54.711911081935895 188.08363718458546 0.0
93.07623539186301 66.22448081071323 0.0
109.36444794715412 136.41169844572963 0.0
76.4428599422479 175.6760661917586 0.0
95.60679207296565 45.31646566663663 0.0
132.14262480767712 130.57330199520598 0.0
58.73804918789061 164.48963140176497 0.0
77.73930881585707 147.7931426573448 0.0
57.83636340593057 187.82689712024322 0.0
54.39398278524774 22.79471733731031 0.0
12.09721675242128 182.43899044756066 0.0
78.72553227126153 75.42956829445187 0.0
22.719665991679825 53.03272971862973 0.0
155.89118778124947 146.99422111993857 0.0
55.40528378077008 39.08041434206542 0.0
173.42433087257223 115.57205758507878 0.0
64.04230634192206 170.5159470061312 0.0
68.9998645612732 28.157053430907176 0.0
37.90524410646492 92.26665835709215 0.0
145.1799972469331 135.7470437130151 0.0
62.70816394950663 8.749894499624089 0.0
90.3263535171948 61.53957709390345 0.0
100.10759341519434 96.53383822846375 0.0
57.24689137517964 32.55878395631812 0.0
10.758707541157975 186.68242059370837 0.0
49.77918393329548 161.4868892055608 0.0
172.78651601716405 27.874263067485174 0.0
72.3941326134606 178.16934715987568 0.0
80.54130222927999 7.206224563532748 0.0
9.037292598041336 179.20799743059024 0.0
147.7655954863904 27.662104869510973 0.0
14.807615942589392 89.25173185614612 0.0
184.80765787638992 119.54765520421282 0.0
127.70620606162957 9.039728039202988 0.0
71.27430863149687 97.76315300143514 0.0
37.570709698560776 62.94740607047644 0.0
3.523712781947297 167.6052222722429 0.0
85.44348605073853 152.73069136842452 0.0
160.65660771112042 28.85988193336255 0.0
9.004757344380065 174.35947714595486 0.0
103.17219986268584 131.26905085680647 0.0
98.3346399493114 161.2764582804892 0.0
95.21279522419721 94.02313573058574 0.0
81.15071222443484 80.11276623292132 0.0
24.329116420523754 117.75257809928907 0.0
17.800791386461867 23.837328434212512 0.0
81.95590529115162 89.56159945659753 0.0
153.6731396202649 122.51199130774427 0.0
63.295402783688594 9.967643412743987 0.0
50.319341152538776 23.26981861055568 0.0
47.06396135914712 155.180383355005 0.0
196.46783607280636 78.8294093619089 0.0
123.56501068199731 28.974380398091746 0.0
86.23883152805067 27.803172932125907 0.0
153.80921546894638 55.479948075603744 0.0
44.25429879984952 150.2530337091744 0.0
62.91068005297278 117.53694985009425 0.0
75.96934110403548 38.39217073932233 0.0
97.74572540549367 54.82657313284043 0.0
126.43430858483113 35.02680834428358 0.0
11.868618550782362 101.81658910511024 0.0
141.82958294544105 61.277425184394495 0.0
79.9364807680119 167.6256907392379 0.0
45.49790813953298 180.31386573179586 0.0
189.40336520177672 38.23304245564714 0.0
163.83201976505617 25.2844646974006 0.0
9.001319542786113 16.02929167235898 0.0
167.25792755809857 157.3142365474813 0.0
191.5340876129108 2.525742085470939 0.0
27.687215153158196 113.39284551962888 0.0
132.76689240802497 177.10865528242616 0.0
36.194450623648365 154.1681571223563 0.0
178.70353606229713 28.04591600899866 0.0
173.30862873217214 128.106508482315 0.0
150.29993870571442 151.52367735439807 0.0
79.19033335177022 31.176308839128385 0.0
37.67093815084317 150.3109164728128 0.0
132.09922180300296 160.15665653842493 0.0
105.10511193834544 135.72002259964628 0.0
110.93912531879849 32.868175464265434 0.0
43.71007373550102 164.85203321987316 0.0
191.30099045525284 80.06844520149075 0.0
10.268605314384448 29.685341218362638 0.0
4.306578174847742 101.44980945208953 0.0
198.89375272831992 155.38694947369876 0.0
173.68876141554662 22.12262083823746 0.0
6.328816690485195 162.29585230376244 0.0
138.92701887382486 186.1622274767812 0.0
72.246002537055 99.34821084133978 0.0
170.88948830558323 80.24349880676813 0.0
102.65532876628431 66.28448435538196 0.0
91.31588079886235 193.08173367927552 0.0
17.5431355774591 107.79888436392173 0.0
118.60825990449753 85.34442085739377 0.0
3.1174334489661115 84.86185928125833 0.0
79.77952577413284 69.89333575063871 0.0
94.5450498266105 106.76666615487262 0.0
152.0423072609829 183.6619839500956 0.0
166.82346283239465 42.021338468496275 0.0
127.40371719671305 170.1686044929712 0.0
69.43789857473254 17.027705751698964 0.0
129.76426148289474 185.61029762487908 0.0
104.71216315857856 58.559436673519706 0.0
156.4019890381663 91.67915241023883 0.0
120.26947489427748 139.37137730921492 0.0
164.35587901432623 104.68652482610482 0.0
162.77736973591857 45.842779098144916 0.0
77.10505786290665 33.27701491485207 0.0
123.15851403895621 102.37728513159992 0.0
48.073532421477424 155.95890222229448 0.0
92.70723557328029 59.35292975451498 0.0
184.87265821358028 164.87317377738907 0.0
45.0591445525444 179.73567257642839 0.0
111.82664922463783 133.66857389865126 0.0
160.71927021422647 144.0402560542199 0.0
28.208952980876155 155.04545723144986 0.0
18.861811999552835 34.14260378443328 0.0
105.75042510980977 137.4764150922837 0.0
195.3724191787092 153.51816815545428 0.0
161.36282311207933 50.807138317423714 0.0
126.61183606213491 194.80105001524407 0.0
139.6540253497313 66.88613663400457 0.0
25.13742112504669 75.1289173750469 0.0
44.694282153093965 154.06735411844917 0.0
166.62692640543486 25.559209809725747 0.0
171.62547410795582 153.37491680215146 0.0
6.506778937729774 42.91223110445321 0.0
6.088235041631362 189.31473750780526 0.0
130.29483742725927 190.71727969577842 0.0
183.0746227795653 49.762784197075426 0.0
193.42545817424477 70.50803261153797 0.0
26.696840057334548 107.05538555112994 0.0
164.33248878439207 75.53393164253399 0.0
28.495249520678257 46.352020693486025 0.0
148.82368930959322 186.02447995387183 0.0
164.29178126338599 117.53652489026611 0.0
44.28774224224776 68.4637452722478 0.0
198.22774221509096 33.3678751345245 0.0
49.03305128668774 100.90262155920074 0.0
77.50759858666115 199.2870355050337 0.0
35.06509170472554 62.15684656447416 0.0
182.5034542831153 79.23171824395435 0.0
181.86709807236392 194.8088326633548 0.0
164.25740820294843 177.00611718380617 0.0
64.25655084827527 180.2520144728678 0.0
175.05208574317186 144.19806502090793 0.0
189.14779960450295 48.58638231531924 0.0
77.60224531091677 113.33139569975718 0.0
