1 14 67.0
1 26 1.0
1 33 92.0
1 52 59.0
1 129 17.0
1 143 86.0
1 148 67.0
1 171 3.0
1 178 14.0
1 199 66.0
2 34 80.0
2 47 19.0
2 118 33.0
2 127 67.0
2 132 77.0
2 140 44.0
2 155 9.0
2 166 89.0
3 32 53.0
3 9 47.0
3 25 96.0
3 35 75.0
3 97 65.0
3 168 99.0
4 15 28.0
4 22 37.0
4 28 86.0
4 29 84.0
4 55 19.0
4 80 13.0
4 91 60.0
4 121 23.0
4 147 28.0
4 159 57.0
4 195 79.0
4 194 10.0
5 23 53.0
5 41 39.0
5 58 91.0
5 74 81.0
5 77 77.0
5 78 67.0
5 83 44.0
5 100 71.0
5 103 20.0
5 104 4.0
5 126 9.0
5 164 83.0
6 44 75.0
6 98 58.0
6 111 56.0
6 116 77.0
6 119 60.0
6 160 57.0
6 177 92.0
6 200 43.0
6 169 59.0
6 189 36.0
7 72 75.0
7 137 79.0
7 185 4.0
7 51 26.0
7 63 37.0
7 84 69.0
7 167 77.0
8 39 17.0
8 120 57.0
8 146 10.0
9 3 50.0
9 24 13.0
9 25 83.0
9 35 16.0
9 65 79.0
9 66 28.0
9 69 20.0
9 97 45.0
9 144 23.0
9 168 68.0
10 13 35.0
10 41 24.0
10 61 32.0
10 67 93.0
10 77 39.0
10 78 19.0
10 83 34.0
10 95 49.0
10 104 88.0
10 126 29.0
10 172 85.0
10 191 10.0
11 61 80.0
11 73 6.0
11 157 55.0
12 16 32.0
12 36 49.0
12 42 39.0
12 68 38.0
12 75 30.0
12 82 97.0
12 101 42.0
12 115 18.0
12 127 85.0
12 140 23.0
12 145 94.0
12 152 63.0
12 166 18.0
12 176 55.0
12 184 61.0
12 193 56.0
12 197 1.0
12 198 11.0
13 10 52.0
13 61 18.0
13 67 39.0
13 73 43.0
13 83 52.0
13 95 69.0
13 126 20.0
13 157 37.0
13 172 80.0
13 191 32.0
14 1 3.0
14 26 11.0
14 33 80.0
14 129 92.0
14 143 45.0
14 148 77.0
14 171 44.0
14 178 55.0
14 199 69.0
15 4 28.0
15 28 22.0
15 29 70.0
15 55 87.0
15 71 99.0
15 76 8.0
15 80 5.0
15 91 85.0
15 121 42.0
15 147 94.0
15 159 91.0
15 185 1.0
15 195 8.0
15 194 4.0
16 12 37.0
16 82 17.0
16 101 5.0
16 107 6.0
16 115 25.0
16 145 16.0
16 149 51.0
16 176 31.0
16 184 57.0
16 190 82.0
16 193 75.0
17 20 32.0
17 31 59.0
17 38 60.0
17 46 58.0
17 49 87.0
17 85 12.0
17 109 20.0
17 117 35.0
17 130 2.0
17 133 54.0
17 173 30.0
17 24 87.0
17 65 47.0
18 19 50.0
18 20 31.0
18 38 56.0
18 62 58.0
18 86 26.0
18 87 52.0
18 89 18.0
18 92 38.0
18 109 39.0
18 117 84.0
18 130 22.0
18 133 17.0
18 154 49.0
18 173 56.0
18 181 16.0
18 182 83.0
19 22 64.0
19 30 81.0
19 40 83.0
19 54 40.0
19 64 50.0
19 91 34.0
19 102 51.0
19 112 8.0
19 121 69.0
19 138 5.0
19 151 3.0
19 161 5.0
19 163 4.0
19 165 71.0
19 174 45.0
19 18 21.0
19 20 91.0
19 21 7.0
19 62 24.0
19 86 18.0
19 87 62.0
19 89 63.0
19 92 89.0
19 117 37.0
19 154 12.0
19 181 16.0
19 182 56.0
19 183 26.0
20 161 6.0
20 174 58.0
20 18 46.0
20 19 88.0
20 38 33.0
20 62 58.0
20 86 74.0
20 87 12.0
20 89 58.0
20 92 91.0
20 109 30.0
20 117 38.0
20 130 29.0
20 133 28.0
20 154 72.0
20 173 69.0
20 181 19.0
20 182 1.0
20 17 41.0
21 30 99.0
21 54 59.0
21 57 49.0
21 64 10.0
21 76 22.0
21 102 26.0
21 108 33.0
21 112 79.0
21 121 32.0
21 131 18.0
21 138 11.0
21 151 46.0
21 163 93.0
21 174 11.0
21 19 86.0
21 60 74.0
21 86 54.0
21 87 74.0
21 89 86.0
21 92 67.0
21 106 76.0
21 113 45.0
21 123 55.0
21 154 6.0
21 181 94.0
21 182 23.0
21 183 46.0
22 4 22.0
22 40 37.0
22 54 75.0
22 64 52.0
22 80 2.0
22 91 86.0
22 121 42.0
22 138 26.0
22 147 32.0
22 161 62.0
22 163 94.0
22 165 45.0
22 174 36.0
22 19 54.0
22 87 37.0
22 92 31.0
22 128 62.0
22 196 41.0
23 5 2.0
23 41 29.0
23 58 64.0
23 74 76.0
23 77 17.0
23 78 73.0
23 79 43.0
23 100 11.0
23 103 44.0
23 164 1.0
23 189 65.0
24 31 93.0
24 32 27.0
24 46 62.0
24 49 79.0
24 85 48.0
24 9 44.0
24 17 39.0
24 25 86.0
24 35 9.0
24 65 34.0
24 168 16.0
25 32 8.0
25 49 62.0
25 3 60.0
25 9 87.0
25 24 5.0
25 35 10.0
25 69 49.0
25 97 55.0
25 168 74.0
26 1 13.0
26 14 28.0
26 33 89.0
26 129 47.0
26 143 94.0
26 148 12.0
26 171 95.0
26 178 42.0
26 199 85.0
27 33 81.0
27 88 35.0
27 93 43.0
27 99 81.0
27 129 97.0
27 141 51.0
27 179 54.0
27 187 77.0
27 192 57.0
28 4 15.0
28 15 87.0
28 29 40.0
28 55 4.0
28 71 11.0
28 72 12.0
28 137 81.0
28 147 19.0
28 159 90.0
28 185 55.0
28 195 81.0
28 70 30.0
28 194 62.0
29 4 48.0
29 15 73.0
29 28 68.0
29 55 19.0
29 71 84.0
29 147 77.0
29 159 66.0
29 179 66.0
29 185 97.0
29 195 36.0
30 54 23.0
30 57 6.0
30 64 13.0
30 76 6.0
30 102 38.0
30 108 1.0
30 112 98.0
30 121 82.0
30 131 76.0
30 138 63.0
30 151 57.0
30 163 42.0
30 174 85.0
30 19 42.0
30 21 70.0
30 60 56.0
30 86 75.0
30 87 97.0
30 89 45.0
30 92 50.0
30 106 83.0
30 113 43.0
30 123 66.0
30 154 20.0
30 182 72.0
30 183 59.0
31 32 53.0
31 38 23.0
31 46 2.0
31 49 22.0
31 81 85.0
31 85 61.0
31 96 48.0
31 133 27.0
31 158 8.0
31 173 97.0
31 180 86.0
31 186 84.0
31 17 90.0
31 24 83.0
31 168 6.0
32 31 6.0
32 49 53.0
32 81 38.0
32 85 7.0
32 96 32.0
32 180 78.0
32 3 54.0
32 24 83.0
32 25 59.0
32 35 94.0
32 168 52.0
33 1 85.0
33 14 28.0
33 26 78.0
33 27 23.0
33 52 28.0
33 88 22.0
33 129 61.0
33 143 98.0
33 148 34.0
33 171 40.0
33 178 99.0
33 192 46.0
33 199 47.0
34 2 38.0
34 44 61.0
34 47 88.0
34 105 31.0
34 127 58.0
34 132 43.0
34 140 70.0
34 155 17.0
34 166 38.0
34 198 16.0
35 32 99.0
35 49 25.0
35 3 71.0
35 9 34.0
35 24 63.0
35 25 3.0
35 65 47.0
35 69 93.0
35 144 48.0
35 168 67.0
36 12 52.0
36 42 69.0
36 68 95.0
36 75 55.0
36 98 79.0
36 111 82.0
36 119 90.0
36 152 83.0
36 166 76.0
36 177 62.0
36 184 8.0
36 197 49.0
36 198 80.0
37 43 78.0
37 53 46.0
37 160 45.0
37 196 79.0
37 200 36.0
37 79 26.0
37 100 3.0
37 103 95.0
37 164 68.0
37 169 73.0
37 189 6.0
38 18 22.0
38 20 10.0
38 31 99.0
38 46 89.0
38 49 98.0
38 62 34.0
38 85 28.0
38 109 14.0
38 117 33.0
38 130 56.0
38 133 81.0
38 158 17.0
38 173 98.0
38 181 20.0
38 182 88.0
38 17 7.0
39 8 31.0
39 59 43.0
39 90 69.0
39 120 62.0
39 134 5.0
39 146 29.0
39 170 37.0
40 22 53.0
40 54 52.0
40 64 80.0
40 80 82.0
40 91 61.0
40 112 36.0
40 121 40.0
40 138 21.0
40 147 11.0
40 161 43.0
40 163 40.0
40 165 41.0
40 174 1.0
40 19 86.0
40 62 66.0
40 86 34.0
40 87 87.0
40 92 80.0
40 154 13.0
40 128 71.0
40 196 68.0
41 5 81.0
41 10 91.0
41 23 94.0
41 58 51.0
41 66 35.0
41 67 18.0
41 69 56.0
41 74 53.0
41 77 1.0
41 78 62.0
41 83 17.0
41 126 23.0
41 144 3.0
41 191 96.0
42 12 1.0
42 36 94.0
42 68 52.0
42 75 17.0
42 98 89.0
42 111 22.0
42 119 45.0
42 127 35.0
42 152 90.0
42 166 35.0
42 177 8.0
42 184 78.0
42 197 10.0
42 198 83.0
43 80 32.0
43 53 10.0
43 128 46.0
43 194 20.0
43 196 44.0
43 200 44.0
43 37 50.0
44 6 44.0
44 34 70.0
44 94 45.0
44 105 18.0
44 111 42.0
44 116 52.0
44 136 55.0
44 142 41.0
44 155 70.0
45 108 68.0
45 106 27.0
45 113 74.0
45 114 43.0
45 120 7.0
45 123 16.0
45 146 7.0
45 162 85.0
46 31 64.0
46 38 26.0
46 49 59.0
46 81 91.0
46 85 3.0
46 109 2.0
46 117 83.0
46 130 5.0
46 133 9.0
46 158 94.0
46 173 42.0
46 17 27.0
46 24 15.0
46 65 90.0
47 2 96.0
47 34 94.0
47 118 4.0
47 127 66.0
47 132 78.0
47 140 28.0
47 153 20.0
47 155 78.0
48 71 3.0
48 72 9.0
48 185 25.0
49 31 71.0
49 32 53.0
49 38 35.0
49 46 96.0
49 81 83.0
49 85 98.0
49 96 82.0
49 133 64.0
49 158 25.0
49 180 74.0
49 17 55.0
49 24 99.0
49 25 44.0
49 35 56.0
49 65 63.0
49 168 98.0
50 56 82.0
50 59 40.0
50 122 13.0
50 124 54.0
50 125 69.0
50 134 56.0
50 139 26.0
50 156 55.0
50 170 39.0
50 175 6.0
50 188 34.0
51 7 39.0
51 72 90.0
51 137 98.0
51 63 5.0
51 84 27.0
51 149 40.0
51 167 5.0
51 190 71.0
52 1 37.0
52 33 24.0
52 71 33.0
52 88 21.0
52 129 68.0
52 171 20.0
52 178 18.0
52 179 7.0
52 192 78.0
52 199 44.0
53 43 40.0
53 119 4.0
53 128 68.0
53 152 77.0
53 177 84.0
53 194 6.0
53 196 11.0
53 200 35.0
53 37 38.0
54 22 39.0
54 30 85.0
54 40 84.0
54 57 8.0
54 64 84.0
54 76 60.0
54 91 56.0
54 102 14.0
54 108 71.0
54 112 81.0
54 121 45.0
54 131 85.0
54 138 24.0
54 151 76.0
54 163 45.0
54 165 92.0
54 174 59.0
54 19 3.0
54 21 84.0
54 62 82.0
54 86 61.0
54 87 69.0
54 89 53.0
54 92 97.0
54 106 59.0
54 123 90.0
54 154 24.0
54 183 24.0
55 4 8.0
55 15 88.0
55 28 68.0
55 29 69.0
55 71 87.0
55 147 10.0
55 159 66.0
55 185 59.0
55 195 97.0
56 50 94.0
56 81 87.0
56 96 36.0
56 156 80.0
56 158 44.0
56 175 4.0
56 180 49.0
56 186 72.0
56 188 26.0
57 30 35.0
57 54 65.0
57 76 50.0
57 93 83.0
57 99 24.0
57 102 60.0
57 108 25.0
57 110 63.0
57 112 39.0
57 121 25.0
57 131 24.0
57 138 7.0
57 141 73.0
57 151 74.0
57 187 83.0
57 21 50.0
57 123 15.0
57 183 53.0
58 5 88.0
58 23 42.0
58 41 95.0
58 74 47.0
58 77 16.0
58 78 1.0
58 79 18.0
58 100 94.0
58 103 98.0
58 104 39.0
58 126 76.0
58 164 75.0
58 189 51.0
59 39 27.0
59 50 63.0
59 122 64.0
59 125 12.0
59 134 12.0
59 139 39.0
59 156 50.0
59 170 83.0
59 175 61.0
60 30 21.0
60 108 51.0
60 21 57.0
60 89 11.0
60 90 83.0
60 106 13.0
60 113 84.0
60 120 38.0
60 123 47.0
60 146 50.0
60 154 59.0
60 162 53.0
60 181 59.0
60 182 40.0
60 183 45.0
61 10 87.0
61 11 90.0
61 13 22.0
61 67 58.0
61 73 5.0
61 95 24.0
61 157 19.0
61 172 33.0
61 191 38.0
62 40 99.0
62 54 75.0
62 64 20.0
62 138 2.0
62 161 14.0
62 163 92.0
62 165 11.0
62 174 37.0
62 18 22.0
62 19 58.0
62 20 8.0
62 38 54.0
62 86 38.0
62 87 95.0
62 89 81.0
62 92 25.0
62 109 49.0
62 117 86.0
62 130 64.0
62 133 64.0
62 154 69.0
62 173 91.0
62 181 38.0
62 182 42.0
63 7 78.0
63 137 40.0
63 51 38.0
63 70 64.0
63 84 90.0
63 101 92.0
63 149 33.0
63 167 41.0
63 190 73.0
64 22 21.0
64 30 29.0
64 40 35.0
64 54 33.0
64 76 31.0
64 91 9.0
64 102 32.0
64 112 51.0
64 121 38.0
64 131 65.0
64 138 79.0
64 147 95.0
64 151 92.0
64 161 40.0
64 163 88.0
64 165 33.0
64 174 82.0
64 19 11.0
64 21 62.0
64 62 42.0
64 86 55.0
64 87 82.0
64 89 89.0
64 92 28.0
64 154 79.0
64 183 82.0
65 46 23.0
65 49 15.0
65 9 70.0
65 17 36.0
65 24 81.0
65 35 37.0
66 9 58.0
66 41 21.0
66 67 37.0
66 69 22.0
66 73 94.0
66 78 61.0
66 97 73.0
66 126 9.0
66 144 66.0
67 10 37.0
67 13 83.0
67 41 60.0
67 61 62.0
67 66 6.0
67 69 8.0
67 73 72.0
67 95 10.0
67 126 45.0
67 144 36.0
67 157 3.0
67 172 39.0
67 191 31.0
68 12 70.0
68 36 27.0
68 42 10.0
68 75 38.0
68 82 86.0
68 98 66.0
68 111 14.0
68 119 54.0
68 152 30.0
68 166 75.0
68 177 97.0
68 184 67.0
68 197 77.0
68 198 12.0
69 9 11.0
69 25 25.0
69 35 17.0
69 41 20.0
69 66 1.0
69 67 49.0
69 97 95.0
69 144 76.0
70 28 35.0
70 137 24.0
70 63 89.0
70 75 67.0
70 149 78.0
70 152 92.0
70 167 42.0
70 190 13.0
70 194 73.0
71 15 49.0
71 28 46.0
71 29 1.0
71 48 7.0
71 52 17.0
71 55 9.0
71 72 95.0
71 159 28.0
71 179 4.0
71 185 65.0
71 195 25.0
72 7 45.0
72 28 33.0
72 48 98.0
72 71 31.0
72 137 39.0
72 185 39.0
72 51 11.0
72 84 86.0
73 11 8.0
73 13 74.0
73 61 85.0
73 66 53.0
73 67 33.0
73 95 84.0
73 157 17.0
73 172 28.0
73 191 35.0
74 5 9.0
74 23 96.0
74 41 20.0
74 58 11.0
74 77 81.0
74 78 28.0
74 79 25.0
74 83 43.0
74 100 87.0
74 103 62.0
74 104 31.0
74 126 38.0
74 164 11.0
75 12 90.0
75 36 25.0
75 42 75.0
75 68 91.0
75 70 67.0
75 82 18.0
75 98 28.0
75 119 58.0
75 152 94.0
75 176 72.0
75 184 14.0
75 190 79.0
75 197 2.0
75 198 9.0
76 15 11.0
76 30 81.0
76 54 19.0
76 57 90.0
76 64 3.0
76 91 70.0
76 93 87.0
76 99 40.0
76 102 44.0
76 110 59.0
76 112 35.0
76 121 75.0
76 131 92.0
76 138 87.0
76 141 34.0
76 147 74.0
76 151 94.0
76 163 40.0
76 195 66.0
76 21 93.0
77 5 21.0
77 10 68.0
77 23 52.0
77 41 65.0
77 58 4.0
77 74 19.0
77 78 13.0
77 83 6.0
77 100 80.0
77 103 6.0
77 104 25.0
77 126 44.0
78 5 23.0
78 10 13.0
78 23 77.0
78 41 55.0
78 58 31.0
78 66 72.0
78 74 14.0
78 77 56.0
78 83 60.0
78 100 18.0
78 103 72.0
78 104 92.0
78 126 77.0
78 144 60.0
79 200 44.0
79 23 48.0
79 37 2.0
79 58 48.0
79 74 73.0
79 100 25.0
79 103 96.0
79 164 16.0
79 169 25.0
79 189 79.0
80 4 81.0
80 15 17.0
80 22 56.0
80 40 12.0
80 91 3.0
80 121 67.0
80 147 54.0
80 159 37.0
80 161 11.0
80 163 92.0
80 165 45.0
80 174 42.0
80 43 83.0
80 128 71.0
80 194 50.0
80 196 50.0
81 31 8.0
81 32 45.0
81 46 38.0
81 49 74.0
81 56 25.0
81 85 23.0
81 96 97.0
81 156 43.0
81 158 70.0
81 180 67.0
81 186 98.0
81 188 15.0
81 168 39.0
82 12 5.0
82 16 86.0
82 68 78.0
82 75 93.0
82 101 25.0
82 107 36.0
82 115 67.0
82 127 40.0
82 140 79.0
82 145 13.0
82 166 66.0
82 176 24.0
82 184 92.0
82 193 95.0
82 197 84.0
82 198 40.0
83 5 34.0
83 10 40.0
83 13 51.0
83 41 95.0
83 74 56.0
83 77 49.0
83 78 97.0
83 95 61.0
83 104 51.0
83 126 46.0
83 150 11.0
83 172 95.0
83 191 4.0
84 7 46.0
84 72 12.0
84 137 80.0
84 185 46.0
84 51 23.0
84 63 2.0
84 149 55.0
84 167 27.0
84 190 67.0
85 31 85.0
85 32 60.0
85 38 7.0
85 46 84.0
85 49 55.0
85 81 57.0
85 96 13.0
85 158 97.0
85 180 41.0
85 186 31.0
85 17 25.0
85 24 5.0
85 168 19.0
86 30 17.0
86 40 91.0
86 54 2.0
86 64 62.0
86 112 17.0
86 138 94.0
86 161 91.0
86 163 67.0
86 165 65.0
86 174 70.0
86 18 74.0
86 19 90.0
86 20 38.0
86 21 34.0
86 62 77.0
86 87 50.0
86 89 47.0
86 92 75.0
86 109 95.0
86 117 18.0
86 130 20.0
86 154 45.0
86 173 69.0
86 181 47.0
86 182 18.0
86 183 69.0
87 22 16.0
87 30 27.0
87 40 92.0
87 54 12.0
87 64 85.0
87 112 39.0
87 138 91.0
87 161 39.0
87 163 50.0
87 165 54.0
87 174 72.0
87 18 17.0
87 19 6.0
87 20 29.0
87 21 80.0
87 62 43.0
87 86 58.0
87 89 52.0
87 92 37.0
87 109 19.0
87 117 58.0
87 130 55.0
87 154 26.0
87 181 79.0
87 182 33.0
87 128 84.0
88 27 59.0
88 33 16.0
88 52 66.0
88 93 98.0
88 99 20.0
88 110 15.0
88 129 30.0
88 141 83.0
88 178 49.0
88 179 99.0
88 187 12.0
88 192 60.0
88 199 47.0
89 30 82.0
89 54 8.0
89 64 43.0
89 102 14.0
89 108 56.0
89 112 69.0
89 131 73.0
89 138 17.0
89 151 36.0
89 18 73.0
89 19 48.0
89 20 54.0
89 21 97.0
89 60 59.0
89 62 68.0
89 86 59.0
89 87 16.0
89 92 31.0
89 106 36.0
89 113 37.0
89 123 97.0
89 154 87.0
89 181 2.0
89 182 93.0
89 183 77.0
90 39 89.0
90 60 60.0
90 120 22.0
90 134 85.0
90 146 82.0
90 156 40.0
90 181 6.0
90 182 75.0
91 4 84.0
91 15 3.0
91 22 29.0
91 40 20.0
91 54 52.0
91 64 22.0
91 76 99.0
91 80 9.0
91 102 10.0
91 112 29.0
91 121 85.0
91 138 40.0
91 147 16.0
91 159 72.0
91 161 85.0
91 163 65.0
91 165 69.0
91 174 26.0
91 195 71.0
91 19 76.0
91 194 82.0
92 22 34.0
92 30 32.0
92 40 29.0
92 54 84.0
92 64 31.0
92 112 55.0
92 138 44.0
92 161 88.0
92 163 23.0
92 165 17.0
92 174 38.0
92 18 35.0
92 19 47.0
92 20 14.0
92 21 89.0
92 62 4.0
92 86 46.0
92 87 8.0
92 89 93.0
92 109 7.0
92 117 24.0
92 130 42.0
92 133 29.0
92 154 81.0
92 173 27.0
92 181 95.0
92 182 68.0
93 27 73.0
93 57 26.0
93 76 20.0
93 88 18.0
93 99 4.0
93 102 24.0
93 108 58.0
93 110 78.0
93 131 43.0
93 141 27.0
93 151 80.0
93 179 36.0
93 187 46.0
93 192 49.0
94 44 94.0
94 116 82.0
94 136 42.0
94 142 8.0
94 150 12.0
95 10 66.0
95 13 74.0
95 61 9.0
95 67 99.0
95 73 52.0
95 83 14.0
95 126 34.0
95 157 68.0
95 172 31.0
95 191 30.0
96 31 30.0
96 32 50.0
96 49 19.0
96 56 60.0
96 81 47.0
96 85 78.0
96 156 74.0
96 158 87.0
96 180 52.0
96 186 10.0
96 188 83.0
97 3 60.0
97 9 2.0
97 25 93.0
97 66 34.0
97 69 68.0
97 144 73.0
98 6 98.0
98 36 57.0
98 42 25.0
98 68 22.0
98 75 80.0
98 105 36.0
98 111 61.0
98 119 14.0
98 127 74.0
98 132 53.0
98 166 80.0
98 177 62.0
98 184 86.0
98 197 93.0
98 198 82.0
99 27 13.0
99 57 6.0
99 76 66.0
99 88 5.0
99 93 6.0
99 110 12.0
99 131 8.0
99 141 60.0
99 179 71.0
99 187 60.0
99 192 1.0
100 200 42.0
100 5 19.0
100 23 59.0
100 37 87.0
100 58 47.0
100 74 28.0
100 77 28.0
100 78 25.0
100 79 61.0
100 103 49.0
100 104 73.0
100 164 49.0
100 169 81.0
100 189 98.0
101 12 42.0
101 16 78.0
101 63 63.0
101 82 59.0
101 115 66.0
101 145 63.0
101 149 58.0
101 167 48.0
101 176 81.0
101 190 58.0
101 193 32.0
102 30 96.0
102 54 94.0
102 57 42.0
102 64 76.0
102 76 54.0
102 91 59.0
102 93 44.0
102 108 79.0
102 110 60.0
102 112 50.0
102 121 3.0
102 131 72.0
102 138 90.0
102 151 41.0
102 163 56.0
102 174 50.0
102 19 22.0
102 21 60.0
102 89 46.0
102 106 63.0
102 123 39.0
102 154 32.0
102 183 51.0
103 200 65.0
103 5 1.0
103 23 18.0
103 37 32.0
103 58 51.0
103 74 96.0
103 77 40.0
103 78 97.0
103 79 32.0
103 100 3.0
103 104 95.0
103 164 39.0
103 169 70.0
103 189 63.0
104 5 98.0
104 10 83.0
104 58 52.0
104 74 68.0
104 77 96.0
104 78 48.0
104 83 70.0
104 100 96.0
104 103 7.0
104 126 56.0
104 150 89.0
104 169 7.0
104 189 57.0
105 34 85.0
105 44 71.0
105 98 83.0
105 111 20.0
105 116 89.0
105 127 96.0
105 132 85.0
105 136 15.0
105 155 4.0
105 166 37.0
105 198 72.0
106 30 98.0
106 54 26.0
106 102 11.0
106 108 24.0
106 112 74.0
106 131 97.0
106 138 48.0
106 151 48.0
106 21 2.0
106 45 57.0
106 60 48.0
106 89 7.0
106 113 71.0
106 120 90.0
106 123 69.0
106 146 57.0
106 154 75.0
106 162 12.0
106 181 78.0
106 182 2.0
106 183 97.0
107 16 16.0
107 82 50.0
107 115 13.0
107 145 82.0
107 153 87.0
107 176 61.0
107 193 60.0
108 30 32.0
108 54 94.0
108 57 92.0
108 93 27.0
108 102 65.0
108 112 42.0
108 131 48.0
108 138 36.0
108 141 7.0
108 151 85.0
108 21 85.0
108 45 66.0
108 60 42.0
108 89 15.0
108 106 13.0
108 113 45.0
108 114 97.0
108 123 49.0
108 162 87.0
108 183 22.0
109 18 75.0
109 20 61.0
109 38 54.0
109 46 55.0
109 62 14.0
109 86 59.0
109 87 96.0
109 92 24.0
109 117 74.0
109 130 19.0
109 133 65.0
109 173 72.0
109 17 20.0
110 57 50.0
110 76 55.0
110 88 71.0
110 93 95.0
110 99 29.0
110 102 95.0
110 121 68.0
110 131 35.0
110 141 85.0
110 151 72.0
110 179 33.0
110 187 82.0
110 192 86.0
111 6 26.0
111 36 73.0
111 42 77.0
111 44 80.0
111 68 47.0
111 98 48.0
111 105 39.0
111 116 98.0
111 119 39.0
111 132 6.0
111 155 53.0
111 160 28.0
111 166 52.0
111 177 41.0
111 198 34.0
112 30 66.0
112 40 60.0
112 54 40.0
112 57 98.0
112 64 90.0
112 76 95.0
112 91 14.0
112 102 81.0
112 108 19.0
112 121 95.0
112 131 15.0
112 138 45.0
112 151 72.0
112 163 60.0
112 165 87.0
112 174 42.0
112 19 71.0
112 21 97.0
112 86 39.0
112 87 51.0
112 89 86.0
112 92 17.0
112 106 9.0
112 123 43.0
112 154 92.0
112 182 27.0
112 183 55.0
113 30 14.0
113 108 61.0
113 131 29.0
113 21 46.0
113 45 9.0
113 60 76.0
113 89 95.0
113 106 54.0
113 114 74.0
113 120 79.0
113 123 19.0
113 146 25.0
113 162 57.0
113 183 77.0
114 108 19.0
114 45 55.0
114 113 67.0
114 120 17.0
114 123 55.0
114 162 94.0
115 12 88.0
115 16 58.0
115 82 92.0
115 101 8.0
115 107 78.0
115 127 42.0
115 140 72.0
115 145 21.0
115 153 88.0
115 166 35.0
115 176 85.0
115 184 58.0
115 193 12.0
115 197 91.0
115 198 50.0
116 6 40.0
116 44 15.0
116 94 38.0
116 105 15.0
116 111 4.0
116 136 84.0
116 142 21.0
116 150 94.0
117 18 28.0
117 19 37.0
117 20 18.0
117 38 38.0
117 46 24.0
117 62 96.0
117 86 10.0
117 87 18.0
117 92 63.0
117 109 51.0
117 130 63.0
117 133 81.0
117 154 53.0
117 173 42.0
117 181 60.0
117 182 91.0
117 17 92.0
118 2 92.0
118 47 16.0
118 127 87.0
118 132 42.0
118 140 64.0
118 153 31.0
119 6 25.0
119 36 26.0
119 42 7.0
119 53 88.0
119 68 58.0
119 75 24.0
119 98 70.0
119 111 79.0
119 152 10.0
119 166 14.0
119 177 72.0
119 184 31.0
119 197 14.0
119 198 80.0
120 8 53.0
120 39 12.0
120 45 4.0
120 60 93.0
120 90 66.0
120 106 99.0
120 113 10.0
120 114 67.0
120 146 87.0
120 162 67.0
121 4 61.0
121 15 9.0
121 22 14.0
121 30 19.0
121 40 65.0
121 54 52.0
121 57 8.0
121 64 85.0
121 76 43.0
121 80 21.0
121 91 90.0
121 102 40.0
121 110 4.0
121 112 72.0
121 131 66.0
121 138 24.0
121 147 42.0
121 151 83.0
121 163 41.0
121 165 49.0
121 174 21.0
121 195 20.0
121 19 45.0
121 21 35.0
122 50 16.0
122 59 51.0
122 124 37.0
122 125 69.0
122 135 5.0
122 139 97.0
122 170 70.0
122 175 17.0
123 30 25.0
123 54 28.0
123 57 98.0
123 102 46.0
123 108 90.0
123 112 16.0
123 131 28.0
123 138 94.0
123 151 93.0
123 21 85.0
123 45 45.0
123 60 36.0
123 89 29.0
123 106 28.0
123 113 21.0
123 114 96.0
123 162 62.0
123 183 11.0
124 50 53.0
124 122 33.0
124 125 80.0
124 135 4.0
124 139 81.0
124 170 38.0
125 50 92.0
125 59 58.0
125 122 33.0
125 124 79.0
125 135 89.0
125 139 10.0
125 170 43.0
125 175 17.0
126 5 42.0
126 10 11.0
126 13 55.0
126 41 67.0
126 58 81.0
126 66 43.0
126 67 33.0
126 74 94.0
126 77 15.0
126 78 85.0
126 83 78.0
126 95 33.0
126 104 94.0
126 144 15.0
126 191 42.0
127 2 13.0
127 12 65.0
127 34 35.0
127 42 85.0
127 47 78.0
127 82 38.0
127 98 15.0
127 105 88.0
127 115 56.0
127 118 13.0
127 132 21.0
127 140 98.0
127 155 82.0
127 166 41.0
127 184 76.0
127 193 61.0
127 198 90.0
128 22 77.0
128 40 77.0
128 80 47.0
128 161 90.0
128 163 32.0
128 165 36.0
128 174 33.0
128 87 9.0
128 43 59.0
128 53 78.0
128 196 10.0
129 1 99.0
129 14 59.0
129 26 55.0
129 27 67.0
129 33 73.0
129 52 18.0
129 88 72.0
129 143 46.0
129 171 56.0
129 178 49.0
129 179 38.0
129 192 65.0
129 199 52.0
130 18 31.0
130 20 71.0
130 38 98.0
130 46 46.0
130 62 57.0
130 86 84.0
130 87 16.0
130 92 57.0
130 109 21.0
130 117 79.0
130 133 19.0
130 154 63.0
130 173 64.0
130 181 39.0
130 182 57.0
130 17 56.0
131 30 95.0
131 54 16.0
131 57 65.0
131 64 50.0
131 76 13.0
131 93 39.0
131 99 54.0
131 102 18.0
131 108 39.0
131 110 63.0
131 112 53.0
131 121 68.0
131 138 1.0
131 141 70.0
131 151 55.0
131 21 90.0
131 89 32.0
131 106 43.0
131 113 81.0
131 123 45.0
131 183 62.0
132 2 79.0
132 34 88.0
132 47 40.0
132 98 20.0
132 105 8.0
132 111 44.0
132 118 91.0
132 127 14.0
132 140 6.0
132 155 91.0
132 166 97.0
132 184 27.0
132 198 84.0
133 18 14.0
133 20 96.0
133 31 40.0
133 38 29.0
133 46 2.0
133 49 89.0
133 62 98.0
133 92 29.0
133 109 51.0
133 117 38.0
133 130 50.0
133 173 45.0
133 181 51.0
133 182 42.0
133 17 22.0
134 39 64.0
134 50 72.0
134 59 74.0
134 90 22.0
134 146 21.0
134 156 33.0
134 170 1.0
134 175 49.0
134 188 16.0
135 122 93.0
135 124 91.0
135 125 29.0
135 139 90.0
135 170 41.0
136 44 94.0
136 94 35.0
136 105 61.0
136 116 18.0
136 142 29.0
136 150 7.0
137 7 80.0
137 28 97.0
137 72 29.0
137 185 48.0
137 51 68.0
137 63 40.0
137 70 19.0
137 84 97.0
137 149 91.0
137 167 19.0
137 190 6.0
138 22 29.0
138 30 81.0
138 40 91.0
138 54 96.0
138 57 3.0
138 64 74.0
138 76 84.0
138 91 94.0
138 102 98.0
138 108 75.0
138 112 38.0
138 121 61.0
138 131 8.0
138 151 69.0
138 163 18.0
138 165 99.0
138 174 53.0
138 19 99.0
138 21 12.0
138 62 20.0
138 86 68.0
138 87 95.0
138 89 81.0
138 92 1.0
138 106 69.0
138 123 73.0
138 154 38.0
138 182 29.0
138 183 74.0
139 50 17.0
139 59 44.0
139 122 64.0
139 124 38.0
139 125 7.0
139 135 88.0
139 170 2.0
140 2 38.0
140 12 20.0
140 34 87.0
140 47 51.0
140 82 88.0
140 115 54.0
140 118 64.0
140 127 79.0
140 132 47.0
140 153 80.0
140 155 54.0
140 166 67.0
140 184 60.0
140 193 35.0
140 198 5.0
141 27 56.0
141 57 10.0
141 76 94.0
141 88 44.0
141 93 31.0
141 99 54.0
141 108 62.0
141 110 67.0
141 131 12.0
141 151 65.0
141 179 10.0
141 187 14.0
141 192 57.0
142 44 53.0
142 94 84.0
142 116 15.0
142 136 8.0
142 150 28.0
143 1 93.0
143 14 56.0
143 26 87.0
143 33 7.0
143 129 20.0
143 148 29.0
143 171 28.0
143 178 27.0
143 199 96.0
144 9 40.0
144 35 98.0
144 41 4.0
144 66 24.0
144 67 12.0
144 69 86.0
144 78 8.0
144 97 17.0
144 126 42.0
145 12 82.0
145 16 5.0
145 82 54.0
145 101 59.0
145 107 24.0
145 115 44.0
145 153 74.0
145 176 14.0
145 193 86.0
146 8 78.0
146 39 95.0
146 45 13.0
146 60 68.0
146 90 69.0
146 106 46.0
146 113 55.0
146 120 37.0
146 134 74.0
146 162 61.0
147 4 28.0
147 15 40.0
147 22 11.0
147 28 16.0
147 29 86.0
147 40 99.0
147 55 44.0
147 64 98.0
147 76 8.0
147 80 9.0
147 91 13.0
147 121 46.0
147 159 47.0
147 163 48.0
147 165 60.0
147 174 53.0
147 195 96.0
147 194 44.0
148 1 50.0
148 14 82.0
148 26 53.0
148 33 36.0
148 143 23.0
148 178 72.0
148 199 31.0
149 137 24.0
149 16 96.0
149 51 30.0
149 63 4.0
149 70 6.0
149 84 40.0
149 101 51.0
149 152 90.0
149 167 74.0
149 176 83.0
149 190 79.0
150 94 16.0
150 116 74.0
150 136 26.0
150 142 55.0
150 83 99.0
150 104 69.0
151 30 62.0
151 54 59.0
151 57 13.0
151 64 70.0
151 76 52.0
151 93 66.0
151 102 65.0
151 108 10.0
151 110 74.0
151 112 56.0
151 121 18.0
151 131 29.0
151 138 38.0
151 141 49.0
151 163 65.0
151 19 60.0
151 21 60.0
151 89 16.0
151 106 12.0
151 123 58.0
151 154 85.0
151 183 18.0
152 12 10.0
152 36 11.0
152 42 97.0
152 53 17.0
152 68 69.0
152 70 33.0
152 75 73.0
152 119 58.0
152 149 39.0
152 176 93.0
152 190 21.0
152 197 2.0
153 47 68.0
153 107 86.0
153 115 76.0
153 118 43.0
153 140 47.0
153 145 76.0
153 193 78.0
154 30 75.0
154 40 41.0
154 54 2.0
154 64 77.0
154 102 31.0
154 112 28.0
154 138 7.0
154 151 27.0
154 161 23.0
154 163 34.0
154 165 22.0
154 174 72.0
154 18 47.0
154 19 80.0
154 20 77.0
154 21 60.0
154 60 16.0
154 62 51.0
154 86 36.0
154 87 11.0
154 89 78.0
154 92 45.0
154 106 42.0
154 117 36.0
154 130 86.0
154 181 37.0
154 182 97.0
154 183 1.0
155 2 40.0
155 34 24.0
155 44 4.0
155 47 40.0
155 105 6.0
155 111 12.0
155 127 4.0
155 132 74.0
155 140 93.0
155 166 33.0
155 198 48.0
156 50 98.0
156 56 88.0
156 59 49.0
156 81 24.0
156 90 5.0
156 96 15.0
156 134 80.0
156 158 93.0
156 175 35.0
156 186 11.0
156 188 86.0
157 11 56.0
157 13 11.0
157 61 50.0
157 67 58.0
157 73 86.0
157 95 28.0
157 172 20.0
157 191 84.0
158 31 68.0
158 38 87.0
158 46 14.0
158 49 14.0
158 56 68.0
158 81 17.0
158 85 58.0
158 96 91.0
158 156 27.0
158 180 55.0
158 186 2.0
158 188 18.0
159 4 72.0
159 15 66.0
159 28 51.0
159 29 74.0
159 55 42.0
159 71 17.0
159 80 36.0
159 91 59.0
159 147 49.0
159 185 73.0
159 195 7.0
159 194 13.0
160 6 66.0
160 111 60.0
160 177 56.0
160 200 22.0
160 37 20.0
160 164 1.0
160 169 48.0
160 189 82.0
161 22 40.0
161 40 46.0
161 64 32.0
161 80 32.0
161 91 94.0
161 163 42.0
161 165 67.0
161 174 70.0
161 19 55.0
161 20 69.0
161 62 57.0
161 86 83.0
161 87 31.0
161 92 79.0
161 154 61.0
161 128 88.0
161 196 93.0
162 108 89.0
162 45 43.0
162 60 69.0
162 106 97.0
162 113 69.0
162 114 20.0
162 120 91.0
162 123 55.0
162 146 62.0
162 183 36.0
163 22 83.0
163 30 77.0
163 40 76.0
163 54 38.0
163 64 9.0
163 76 79.0
163 80 14.0
163 91 19.0
163 102 75.0
163 112 20.0
163 121 42.0
163 138 95.0
163 147 40.0
163 151 40.0
163 161 51.0
163 165 71.0
163 174 55.0
163 19 34.0
163 21 50.0
163 62 23.0
163 86 93.0
163 87 39.0
163 92 90.0
163 154 90.0
163 128 5.0
164 160 81.0
164 200 41.0
164 5 45.0
164 23 46.0
164 37 62.0
164 58 51.0
164 74 20.0
164 79 25.0
164 100 99.0
164 103 60.0
164 169 71.0
164 189 60.0
165 22 51.0
165 40 54.0
165 54 17.0
165 64 33.0
165 80 79.0
165 91 74.0
165 112 69.0
165 121 96.0
165 138 2.0
165 147 98.0
165 161 58.0
165 163 83.0
165 174 70.0
165 19 72.0
165 62 52.0
165 86 96.0
165 87 17.0
165 92 35.0
165 154 82.0
165 128 79.0
165 196 79.0
166 2 31.0
166 12 51.0
166 34 26.0
166 36 47.0
166 42 43.0
166 68 89.0
166 82 14.0
166 98 6.0
166 105 24.0
166 111 70.0
166 115 4.0
166 119 6.0
166 127 84.0
166 132 77.0
166 140 18.0
166 155 16.0
166 184 3.0
166 193 33.0
166 197 63.0
166 198 59.0
167 7 86.0
167 137 62.0
167 51 49.0
167 63 42.0
167 70 74.0
167 84 67.0
167 101 13.0
167 149 1.0
167 190 80.0
168 31 22.0
168 32 26.0
168 49 79.0
168 81 43.0
168 85 2.0
168 180 90.0
168 3 72.0
168 9 3.0
168 24 60.0
168 25 83.0
168 35 99.0
169 6 19.0
169 160 50.0
169 177 38.0
169 200 8.0
169 37 29.0
169 79 76.0
169 100 32.0
169 103 13.0
169 104 85.0
169 164 26.0
169 189 43.0
170 39 75.0
170 50 95.0
170 59 97.0
170 122 14.0
170 124 38.0
170 125 88.0
170 134 97.0
170 135 3.0
170 139 77.0
170 175 38.0
171 1 93.0
171 14 9.0
171 26 79.0
171 33 94.0
171 52 91.0
171 129 29.0
171 143 24.0
171 178 42.0
171 179 89.0
171 192 38.0
171 199 3.0
172 10 11.0
172 13 91.0
172 61 96.0
172 67 75.0
172 73 94.0
172 83 56.0
172 95 46.0
172 157 59.0
172 191 90.0
173 18 92.0
173 20 92.0
173 31 40.0
173 38 73.0
173 46 26.0
173 62 79.0
173 86 23.0
173 92 55.0
173 109 24.0
173 117 23.0
173 130 64.0
173 133 12.0
173 181 63.0
173 182 82.0
173 17 8.0
174 22 94.0
174 30 22.0
174 40 91.0
174 54 43.0
174 64 41.0
174 80 16.0
174 91 76.0
174 102 2.0
174 112 43.0
174 121 39.0
174 138 58.0
174 147 50.0
174 161 76.0
174 163 90.0
174 165 13.0
174 19 36.0
174 20 46.0
174 21 14.0
174 62 24.0
174 86 64.0
174 87 17.0
174 92 48.0
174 154 84.0
174 128 53.0
174 196 43.0
175 50 39.0
175 56 13.0
175 59 30.0
175 122 66.0
175 125 9.0
175 134 56.0
175 156 70.0
175 170 52.0
175 188 91.0
176 12 58.0
176 16 94.0
176 75 89.0
176 82 11.0
176 101 53.0
176 107 34.0
176 115 24.0
176 145 30.0
176 149 98.0
176 152 97.0
176 184 77.0
176 190 72.0
176 193 1.0
176 197 21.0
177 6 1.0
177 36 61.0
177 42 29.0
177 53 13.0
177 68 80.0
177 98 30.0
177 111 16.0
177 119 23.0
177 160 99.0
177 200 34.0
177 169 98.0
177 189 61.0
178 1 12.0
178 14 67.0
178 26 97.0
178 33 28.0
178 52 5.0
178 88 14.0
178 129 23.0
178 143 53.0
178 148 63.0
178 171 68.0
178 199 50.0
179 27 89.0
179 29 33.0
179 52 39.0
179 71 52.0
179 88 20.0
179 93 70.0
179 99 31.0
179 110 52.0
179 129 29.0
179 141 18.0
179 171 76.0
179 187 32.0
179 192 50.0
180 31 9.0
180 32 45.0
180 49 52.0
180 56 24.0
180 81 24.0
180 85 14.0
180 96 26.0
180 158 41.0
180 186 22.0
180 188 22.0
180 168 48.0
181 18 90.0
181 19 73.0
181 20 63.0
181 21 6.0
181 38 19.0
181 60 18.0
181 62 12.0
181 86 83.0
181 87 40.0
181 89 63.0
181 90 59.0
181 92 14.0
181 106 6.0
181 117 67.0
181 130 73.0
181 133 71.0
181 154 71.0
181 173 97.0
181 182 81.0
182 30 61.0
182 112 21.0
182 138 96.0
182 18 50.0
182 19 30.0
182 20 45.0
182 21 67.0
182 38 31.0
182 60 17.0
182 62 56.0
182 86 73.0
182 87 93.0
182 89 75.0
182 90 42.0
182 92 45.0
182 106 40.0
182 117 94.0
182 130 57.0
182 133 8.0
182 154 29.0
182 173 32.0
182 181 93.0
182 183 79.0
183 30 94.0
183 54 54.0
183 57 1.0
183 64 22.0
183 102 47.0
183 108 34.0
183 112 42.0
183 131 14.0
183 138 5.0
183 151 54.0
183 19 50.0
183 21 70.0
183 60 78.0
183 86 32.0
183 89 85.0
183 106 56.0
183 113 49.0
183 123 51.0
183 154 31.0
183 162 9.0
183 182 78.0
184 12 44.0
184 16 89.0
184 36 75.0
184 42 65.0
184 68 8.0
184 75 58.0
184 82 35.0
184 98 29.0
184 115 89.0
184 119 73.0
184 127 7.0
184 132 88.0
184 140 62.0
184 166 97.0
184 176 63.0
184 193 32.0
184 197 17.0
184 198 27.0
185 7 85.0
185 15 42.0
185 28 79.0
185 29 68.0
185 48 99.0
185 55 63.0
185 71 10.0
185 72 95.0
185 137 39.0
185 159 31.0
185 195 71.0
185 84 86.0
186 31 26.0
186 56 97.0
186 81 13.0
186 85 32.0
186 96 18.0
186 156 4.0
186 158 77.0
186 180 29.0
186 188 16.0
187 27 31.0
187 57 46.0
187 88 25.0
187 93 39.0
187 99 76.0
187 110 20.0
187 141 62.0
187 179 39.0
187 192 57.0
188 50 67.0
188 56 42.0
188 81 67.0
188 96 33.0
188 134 88.0
188 156 61.0
188 158 25.0
188 175 82.0
188 180 17.0
188 186 46.0
189 6 64.0
189 160 48.0
189 177 19.0
189 200 17.0
189 23 94.0
189 37 70.0
189 58 59.0
189 79 64.0
189 100 82.0
189 103 97.0
189 104 67.0
189 164 6.0
189 169 81.0
190 137 65.0
190 16 88.0
190 51 42.0
190 63 77.0
190 70 53.0
190 75 90.0
190 84 74.0
190 101 98.0
190 149 39.0
190 152 77.0
190 167 91.0
190 176 69.0
191 10 69.0
191 13 90.0
191 41 51.0
191 61 21.0
191 67 33.0
191 73 80.0
191 83 18.0
191 95 78.0
191 126 22.0
191 157 86.0
191 172 5.0
192 27 94.0
192 33 24.0
192 52 22.0
192 88 97.0
192 93 15.0
192 99 46.0
192 110 9.0
192 129 95.0
192 141 96.0
192 171 18.0
192 179 31.0
192 187 23.0
192 199 91.0
193 12 79.0
193 16 42.0
193 82 98.0
193 101 94.0
193 107 45.0
193 115 2.0
193 127 52.0
193 140 96.0
193 145 26.0
193 153 56.0
193 166 94.0
193 176 77.0
193 184 25.0
193 198 89.0
194 4 21.0
194 15 46.0
194 28 83.0
194 80 3.0
194 91 48.0
194 147 79.0
194 159 18.0
194 43 77.0
194 53 6.0
194 70 99.0
194 196 88.0
195 4 65.0
195 15 36.0
195 28 5.0
195 29 81.0
195 55 68.0
195 71 50.0
195 76 7.0
195 91 2.0
195 121 88.0
195 147 82.0
195 159 6.0
195 185 88.0
196 22 89.0
196 40 89.0
196 80 21.0
196 161 17.0
196 165 37.0
196 174 8.0
196 43 9.0
196 53 5.0
196 128 15.0
196 194 35.0
196 37 4.0
197 12 59.0
197 36 36.0
197 42 19.0
197 68 70.0
197 75 97.0
197 82 37.0
197 98 1.0
197 115 91.0
197 119 32.0
197 152 17.0
197 166 85.0
197 176 97.0
197 184 40.0
197 198 54.0
198 12 92.0
198 34 13.0
198 36 8.0
198 42 63.0
198 68 69.0
198 75 93.0
198 82 42.0
198 98 43.0
198 105 89.0
198 111 70.0
198 115 74.0
198 119 21.0
198 127 20.0
198 132 87.0
198 140 1.0
198 155 44.0
198 166 78.0
198 184 30.0
198 193 86.0
198 197 29.0
199 1 49.0
199 14 62.0
199 26 71.0
199 33 67.0
199 52 32.0
199 88 70.0
199 129 87.0
199 143 76.0
199 148 39.0
199 171 16.0
199 178 84.0
199 192 4.0
200 6 37.0
200 43 2.0
200 53 93.0
200 160 8.0
200 177 52.0
200 37 78.0
200 79 75.0
200 100 6.0
200 103 17.0
200 164 48.0
200 169 56.0
200 189 7.0
