15.757886502487462 15.754432481630909 0.0
38.03791848985543 198.98015328299797 0.0
192.8893257015729 115.98622210127641 0.0
61.321539398576455 86.39763367249049 0.0
136.55168757260319 148.09115338714426 0.0
88.11033649079529 161.1047906264353 0.0
2.0424394408926627 99.04386325640418 0.0
143.31200497247548 7.094237556819194 0.0
170.09207598799043 128.19978878137172 0.0
149.38867840207928 178.01148528587487 0.0
192.88479823932215 199.90913867168928 0.0
30.099771610107062 159.39738151533538 0.0
157.66743934933896 188.7743342644529 0.0
9.094453799491564 5.078538639325592 0.0
54.744694634042105 74.47598362797112 0.0
8.608808665297119 152.61909089304294 0.0
143.88536353424968 101.88146285010357 0.0
126.37439684787589 72.16114835995575 0.0
101.64077898037489 72.18933815213188 0.0
122.94650594055851 83.64541201941336 0.0
101.80326048006094 52.151786693907276 0.0
87.01181288785232 89.31747947642165 0.0
132.2088549905507 140.95638435623778 0.0
162.8369489085217 111.58942017705212 0.0
183.3153785913591 118.13760684171282 0.0
21.870820883164875 0.7402496579155926 0.0
57.46314178508671 10.927401366087208 0.0
39.61521177301792 82.6029966272719 0.0
42.45241439824385 65.74345055614053 0.0
99.22976865552316 53.30018807284449 0.0
169.0482750995598 86.05250796737587 0.0
184.9389397087439 96.2535019558987 0.0
29.24992993531641 7.635589235896911 0.0
51.16007473700237 196.1075312197816 0.0
170.63826739043037 122.32053404042291 0.0
57.37348044256536 154.8716436209328 0.0
101.84192112733098 132.53680817369406 0.0
144.1066798895504 77.49783610344865 0.0
145.13869501234936 21.586259619229352 0.0
92.00678734155578 87.27681844735085 0.0
154.43571333927127 158.3127001436282 0.0
53.82645301874891 155.84835611075695 0.0
80.3483575425798 119.8922998987163 0.0
78.25034672024785 188.28610725126595 0.0
108.82441761808374 12.755684028355718 0.0
154.84075390288655 90.63125846954925 0.0
25.73665209299143 199.1918645951006 0.0
0.9824334885801367 65.4132246904729 0.0
167.09330706811173 95.9730577298242 0.0
184.55838272555064 30.109870530541528 0.0
2.992944938162112 101.37862080942426 0.0
30.189839074539847 34.16367155905344 0.0
73.17622916828914 128.28528210354884 0.0
92.22520972987847 62.08429484986797 0.0
43.00413412621307 73.52999061720718 0.0
194.26445173890653 53.332313646915 0.0
80.91838516093104 37.540779828217 0.0
132.85670753209357 144.0925102772708 0.0
171.9166958317247 23.27000673599482 0.0
122.11081086435502 41.70965673367848 0.0
176.30172792074714 189.75348916397922 0.0
116.30963917933342 79.47338098372376 0.0
18.93947815281671 113.1581096478351 0.0
89.22098702411738 67.60307313022784 0.0
151.4891738333487 116.96941627807422 0.0
171.64916472252895 155.6976593410939 0.0
168.5434263332638 173.0100318801975 0.0
52.8729913688478 152.57920016350474 0.0
178.34393522617057 146.26843652195885 0.0
36.96761491899396 111.3733554137974 0.0
29.714555265793784 59.057091727607784 0.0
11.60894543748463 80.83378538937063 0.0
179.0801882525894 183.80762261126137 0.0
134.81115460234955 148.33162901051196 0.0
44.9163964708073 138.85008831111134 0.0
74.14931178830182 55.59525108318406 0.0
141.70135147972042 157.81228303750365 0.0
143.3706126466478 155.1995487436957 0.0
111.41815047004758 130.81409194563187 0.0
72.89941506582727 93.96815295513488 0.0
177.8821915707905 74.42106763906511 0.0
23.59273235475907 158.86586361416138 0.0
137.64483284421948 177.36036194547398 0.0
7.204460022504988 101.62286375451231 0.0
170.95106260500808 90.29126554580493 0.0
112.36808790544734 70.2461300783408 0.0
107.20563148304166 80.46163964443649 0.0
51.50938190902317 18.737696943083805 0.0
111.6284343310669 55.87063901377085 0.0
141.9518715153672 40.75338630908707 0.0
73.25672606382821 78.59707409275916 0.0
113.57969849928212 78.5996982837491 0.0
69.17809189312636 33.24200628126166 0.0
95.7738908277219 195.88065849312102 0.0
155.85486028277333 193.97301479632466 0.0
177.93966191102072 70.27041142172999 0.0
195.62710421087613 142.4468320260531 0.0
60.793946911145305 162.30151024747977 0.0
64.95785678027426 28.92596025277654 0.0
119.68393462237242 146.72279911086005 0.0
10.710971864735196 140.194057926564 0.0
86.55887426601885 54.894930428885644 0.0
121.72835485365351 140.41385045637614 0.0
123.81907443432408 169.8556365930484 0.0
65.20005017767593 184.86044829804905 0.0
111.11750411886898 40.100786809671085 0.0
0.797066696860238 171.50201149776782 0.0
95.29102148690984 33.79159007591963 0.0
130.2636151313562 91.6886937374088 0.0
63.94977726776057 42.01206787848821 0.0
66.14168771924741 168.7499866240758 0.0
94.8549033715524 57.86521784054985 0.0
110.52776466559797 32.08951049479951 0.0
106.06625732851818 7.610228156289223 0.0
23.237823738231135 164.4054650279541 0.0
85.94334399680288 190.707179939991 0.0
128.48340527972186 80.95397701551768 0.0
17.43434366038128 197.54982203290362 0.0
60.13813765315332 152.3116097862379 0.0
127.68957585861456 16.83088955015457 0.0
77.90059844116281 65.88242732672838 0.0
191.8873320029124 18.89873108388558 0.0
100.135963656213 36.43403048948923 0.0
199.26159948693027 7.127845740147776 0.0
193.90552119022448 22.23603691426783 0.0
149.67271001961547 166.24017434330574 0.0
38.66962586045859 180.91358426391108 0.0
90.66359584240307 104.67791797653587 0.0
37.37623050977872 7.917440135598763 0.0
127.79578362601968 87.54281692297354 0.0
87.12375857453787 40.551380367025814 0.0
45.16089951002322 187.28081467804324 0.0
141.31356482492242 81.78662657285787 0.0
158.3150317284984 41.20516496364828 0.0
196.18383977222433 0.6320811615085242 0.0
88.48475187451636 198.11499868458628 0.0
16.843382632210655 99.6182750680239 0.0
94.74532846494606 60.68056081860907 0.0
181.40018581258454 4.9918970003128615 0.0
29.973063148131217 185.93028344726673 0.0
66.506383706627 31.506926326105365 0.0
96.72534563696367 193.08896496502555 0.0
23.617671112869342 1.2374259420088185 0.0
170.803529095552 146.18039217472838 0.0
2.491803782994184 154.6260798126871 0.0
133.10536234152744 28.221813211525483 0.0
66.92745212243207 82.02164195215447 0.0
4.4751867852905525 4.501685430299207 0.0
17.47117898615309 125.24759347999247 0.0
113.6117244563329 184.34621169332337 0.0
86.7968535015122 51.283228703220665 0.0
44.69483716867957 133.94432898450899 0.0
5.688478357194238 183.9275838065098 0.0
109.24421525945995 67.2146494448293 0.0
51.033795690967445 194.3555998817939 0.0
165.82445308849273 47.362192354023655 0.0
181.9628350227407 197.76505120237903 0.0
171.56261411022226 68.68658491841788 0.0
46.24188154365769 80.85173009988624 0.0
91.04590664099777 156.36763211241254 0.0
96.26010133887624 93.63954300452886 0.0
111.0186284759238 21.368060907302187 0.0
92.42250779251864 79.23116861151647 0.0
113.39920154869387 138.2575085183186 0.0
91.48954051310474 86.33404186085704 0.0
44.489504543592886 175.67564314643195 0.0
18.380159259163698 111.9554091052227 0.0
184.85051019486787 102.31662679935111 0.0
102.18181000047673 155.44939023732823 0.0
172.16954193455115 15.730936887140846 0.0
20.587214325148896 30.137887935891005 0.0
158.5462412103566 196.9048696808837 0.0
141.70460729179774 75.01642543623691 0.0
93.97577156728849 80.49189774330748 0.0
178.1644240400882 36.594863042714756 0.0
19.409388089818023 148.73427657307064 0.0
75.67212593947401 149.7121731124124 0.0
25.624059439404068 6.527246239051854 0.0
46.63341872072755 36.203432505623546 0.0
188.23441602033623 75.74231365352293 0.0
129.2045955813621 61.586239402943235 0.0
124.53182831885938 58.84014722143513 0.0
103.0973880238877 42.47290773409418 0.0
34.43694187001181 164.96758280837562 0.0
25.694207290138493 81.203736246153 0.0
185.7037331309933 66.1475067815521 0.0
65.50627493633957 19.23584047381719 0.0
182.61442726646007 56.834209198840234 0.0
104.73362499286605 147.11097686295184 0.0
17.756477561196114 127.0210493376001 0.0
158.66265499649563 186.36492905594463 0.0
48.07417100530629 27.25121353050217 0.0
16.86330531211846 167.5301195141038 0.0
59.239043584700404 103.29648430994655 0.0
49.62462777993637 68.42201813777346 0.0
86.48486691220054 108.93300597444455 0.0
42.793994956461745 148.18914700826224 0.0
45.40456763698468 167.15696527491417 0.0
25.161878552610183 15.14551719737054 0.0
92.80786885717794 143.3474016947743 0.0
