4 41
5 435
9 29
10 844
11 463
12 901
13 125
20 594
23 497
26 213
29 326
28 44
34 638
32 736
38 185
37 230
42 687
43 655
46 651
47 198
44 524
49 687
48 703
55 376
53 299
58 764
57 579
56 250
60 566
71 53
64 637
65 665
66 736
67 328
77 91
78 930
79 92
72 438
75 300
86 253
81 937
92 593
94 117
91 499
103 294
100 602
98 539
99 584
108 902
104 984
118 290
117 43
116 240
115 355
114 777
112 595
126 574
122 606
121 563
120 892
137 728
138 474
141 786
143 39
142 333
129 535
128 873
131 575
134 237
153 229
156 886
158 688
146 917
148 297
150 698
151 466
171 375
175 932
173 207
163 587
162 766
161 717
167 573
166 770
164 259
187 319
184 272
185 983
191 623
188 725
178 162
179 553
176 254
180 353
181 512
197 591
196 236
193 764
195 940
194 240
