1 57 76.0
1 87 90.0
1 104 42.0
1 110 30.0
1 172 92.0
1 174 83.0
1 11 21.0
1 14 10.0
1 41 6.0
1 49 66.0
1 61 61.0
1 69 15.0
1 96 90.0
1 99 71.0
1 108 56.0
1 165 26.0
1 195 96.0
2 12 49.0
2 23 93.0
2 31 18.0
2 33 82.0
2 66 66.0
2 82 24.0
2 93 34.0
2 94 25.0
2 114 39.0
2 127 65.0
2 132 34.0
2 146 12.0
2 167 49.0
2 170 53.0
2 191 17.0
2 192 29.0
2 193 99.0
3 14 9.0
3 24 29.0
3 27 75.0
3 29 75.0
3 30 41.0
3 34 93.0
3 47 56.0
3 49 99.0
3 62 9.0
3 67 60.0
3 136 54.0
3 139 98.0
3 154 3.0
3 155 28.0
3 175 31.0
3 179 11.0
3 195 34.0
3 199 81.0
4 21 67.0
4 38 89.0
4 56 29.0
4 58 8.0
4 71 26.0
4 72 16.0
4 83 8.0
4 109 71.0
4 125 20.0
4 131 22.0
4 134 97.0
4 143 68.0
4 153 49.0
4 168 2.0
4 196 56.0
5 7 71.0
5 13 75.0
5 16 13.0
5 44 14.0
5 95 46.0
5 149 62.0
5 185 11.0
6 17 37.0
6 25 27.0
6 53 85.0
6 63 5.0
6 115 76.0
6 122 67.0
6 124 89.0
6 158 92.0
6 181 48.0
6 186 60.0
7 5 50.0
7 13 42.0
7 16 84.0
7 44 11.0
7 95 95.0
7 149 93.0
7 155 50.0
7 185 26.0
8 59 90.0
8 65 79.0
8 76 47.0
8 85 26.0
8 107 38.0
8 166 36.0
8 55 72.0
8 111 20.0
8 123 57.0
8 189 27.0
9 85 51.0
9 89 61.0
9 22 15.0
9 26 15.0
9 55 75.0
9 72 44.0
9 74 16.0
9 120 10.0
9 123 98.0
9 134 50.0
9 135 77.0
9 138 93.0
9 184 88.0
9 189 62.0
9 198 67.0
10 51 98.0
10 57 27.0
10 64 64.0
10 73 60.0
10 86 79.0
10 87 50.0
10 90 77.0
10 98 2.0
10 118 56.0
10 144 62.0
10 172 16.0
10 174 64.0
10 194 9.0
11 57 19.0
11 87 27.0
11 104 7.0
11 110 83.0
11 172 79.0
11 174 89.0
11 1 89.0
11 14 79.0
11 41 31.0
11 49 77.0
11 61 51.0
11 96 70.0
11 99 64.0
11 108 18.0
11 165 97.0
11 195 11.0
12 2 22.0
12 23 59.0
12 33 33.0
12 66 88.0
12 94 98.0
12 97 30.0
12 114 65.0
12 119 96.0
12 127 39.0
12 132 89.0
12 151 70.0
12 191 71.0
12 192 21.0
12 193 60.0
13 5 40.0
13 7 18.0
13 16 17.0
13 24 39.0
13 34 54.0
13 44 79.0
13 149 32.0
13 155 68.0
13 175 24.0
13 179 8.0
13 199 83.0
14 1 79.0
14 3 3.0
14 11 41.0
14 30 35.0
14 34 24.0
14 41 42.0
14 47 78.0
14 49 24.0
14 60 3.0
14 61 81.0
14 69 14.0
14 108 48.0
14 136 59.0
14 147 66.0
14 148 75.0
14 154 23.0
14 195 75.0
15 79 91.0
15 80 9.0
15 89 25.0
15 103 74.0
15 142 13.0
15 19 3.0
15 22 54.0
15 26 19.0
15 46 26.0
15 129 79.0
15 133 58.0
15 135 73.0
15 138 23.0
15 140 38.0
15 182 99.0
15 198 78.0
16 5 42.0
16 7 56.0
16 13 61.0
16 29 50.0
16 44 95.0
16 95 35.0
16 149 5.0
16 155 55.0
16 185 24.0
17 6 86.0
17 18 62.0
17 81 50.0
17 100 47.0
17 102 73.0
17 105 13.0
17 115 3.0
17 152 10.0
17 171 8.0
17 181 35.0
17 183 90.0
17 186 90.0
18 17 19.0
18 35 22.0
18 52 98.0
18 63 16.0
18 100 62.0
18 102 65.0
18 105 5.0
18 115 82.0
18 183 80.0
19 77 72.0
19 36 81.0
19 79 85.0
19 80 41.0
19 103 28.0
19 142 42.0
19 15 74.0
19 46 4.0
19 133 54.0
19 182 65.0
20 53 39.0
20 70 97.0
20 88 11.0
20 112 51.0
20 122 55.0
20 130 20.0
20 158 78.0
20 163 3.0
20 169 11.0
20 117 85.0
20 121 25.0
20 126 7.0
20 129 83.0
20 159 39.0
20 177 75.0
20 187 61.0
20 190 87.0
21 4 2.0
21 38 81.0
21 45 84.0
21 71 43.0
21 83 74.0
21 109 92.0
21 116 10.0
21 125 91.0
21 128 43.0
21 131 20.0
21 137 69.0
21 143 78.0
21 160 12.0
22 89 13.0
22 142 47.0
22 9 80.0
22 15 6.0
22 26 24.0
22 46 69.0
22 129 69.0
22 133 79.0
22 135 29.0
22 138 25.0
22 140 38.0
22 182 88.0
22 184 64.0
22 198 61.0
23 2 78.0
23 12 76.0
23 31 21.0
23 33 35.0
23 75 95.0
23 82 72.0
23 92 40.0
23 93 91.0
23 94 70.0
23 97 63.0
23 127 37.0
23 146 55.0
23 157 1.0
23 167 97.0
23 176 18.0
23 180 12.0
23 191 79.0
23 192 24.0
23 193 76.0
24 3 99.0
24 13 17.0
24 29 56.0
24 30 95.0
24 34 17.0
24 49 89.0
24 96 54.0
24 136 13.0
24 155 3.0
24 165 39.0
24 175 59.0
24 179 28.0
24 199 28.0
25 6 35.0
25 32 39.0
25 37 21.0
25 43 23.0
25 50 39.0
25 53 72.0
25 54 99.0
25 63 14.0
25 122 51.0
25 124 8.0
25 158 86.0
25 163 65.0
25 181 83.0
25 186 8.0
26 89 22.0
26 9 69.0
26 15 30.0
26 22 6.0
26 58 13.0
26 74 44.0
26 101 93.0
26 133 16.0
26 134 6.0
26 135 79.0
26 138 51.0
26 140 96.0
26 168 51.0
26 184 47.0
26 198 31.0
27 3 37.0
27 29 26.0
27 30 43.0
27 34 6.0
27 47 97.0
27 62 34.0
27 67 56.0
27 136 32.0
27 139 81.0
27 154 76.0
27 155 31.0
27 179 28.0
28 77 15.0
28 84 65.0
28 104 49.0
28 110 28.0
28 41 51.0
28 61 91.0
28 69 1.0
28 79 92.0
28 108 13.0
28 148 9.0
29 3 91.0
29 16 20.0
29 24 44.0
29 27 73.0
29 30 5.0
29 34 63.0
29 62 55.0
29 67 89.0
29 136 74.0
29 139 94.0
29 154 78.0
29 155 59.0
29 179 52.0
29 197 82.0
30 3 94.0
30 14 73.0
30 24 69.0
30 27 3.0
30 29 36.0
30 34 11.0
30 47 14.0
30 49 46.0
30 60 92.0
30 62 9.0
30 67 12.0
30 108 37.0
30 136 24.0
30 139 17.0
30 154 81.0
30 155 6.0
30 179 2.0
30 195 51.0
31 2 26.0
31 23 76.0
31 33 81.0
31 75 33.0
31 82 21.0
31 84 77.0
31 92 43.0
31 93 78.0
31 94 43.0
31 98 91.0
31 127 2.0
31 146 6.0
31 157 83.0
31 167 65.0
31 170 61.0
31 180 91.0
31 192 2.0
32 25 22.0
32 37 34.0
32 42 56.0
32 43 60.0
32 50 34.0
32 54 32.0
32 68 57.0
32 124 12.0
33 2 66.0
33 12 89.0
33 23 15.0
33 31 93.0
33 66 60.0
33 82 67.0
33 93 13.0
33 94 22.0
33 97 58.0
33 114 66.0
33 127 34.0
33 132 82.0
33 146 73.0
33 167 33.0
33 191 73.0
33 192 30.0
33 193 10.0
34 3 65.0
34 13 25.0
34 14 48.0
34 24 65.0
34 27 71.0
34 29 93.0
34 30 25.0
34 47 49.0
34 49 63.0
34 62 88.0
34 67 47.0
34 136 4.0
34 139 17.0
34 154 67.0
34 155 43.0
34 175 77.0
34 179 70.0
34 195 44.0
34 199 33.0
35 145 12.0
35 173 9.0
35 18 84.0
35 52 85.0
35 102 32.0
35 106 73.0
36 88 66.0
36 156 33.0
36 164 80.0
36 169 73.0
36 171 69.0
36 181 25.0
36 79 28.0
36 80 56.0
36 19 89.0
37 25 62.0
37 32 18.0
37 43 19.0
37 50 66.0
37 54 92.0
37 68 5.0
37 122 54.0
37 124 51.0
37 158 7.0
38 4 81.0
38 21 47.0
38 45 58.0
38 71 43.0
38 83 16.0
38 109 54.0
38 131 57.0
38 137 48.0
38 143 16.0
38 160 11.0
39 56 20.0
39 72 15.0
39 109 26.0
39 134 81.0
39 178 12.0
39 196 98.0
40 50 8.0
40 54 36.0
40 63 51.0
40 78 47.0
40 91 12.0
40 105 22.0
40 115 45.0
40 141 95.0
41 28 34.0
41 104 12.0
41 110 46.0
41 172 21.0
41 1 75.0
41 11 56.0
41 14 10.0
41 61 39.0
41 69 55.0
41 99 7.0
41 108 76.0
41 148 27.0
41 195 20.0
42 32 29.0
42 68 62.0
42 188 97.0
42 126 81.0
42 161 62.0
43 25 6.0
43 32 91.0
43 37 38.0
43 50 65.0
43 54 23.0
43 68 8.0
43 122 17.0
43 124 81.0
43 141 74.0
43 158 96.0
44 5 29.0
44 7 8.0
44 13 88.0
44 16 45.0
44 95 70.0
44 149 3.0
44 155 98.0
45 21 84.0
45 38 34.0
45 71 45.0
45 83 49.0
45 109 37.0
45 137 57.0
45 143 34.0
45 160 86.0
46 79 45.0
46 80 51.0
46 103 43.0
46 142 23.0
46 147 41.0
46 15 59.0
46 19 92.0
46 22 65.0
46 133 93.0
46 138 78.0
46 182 6.0
46 198 19.0
47 3 30.0
47 14 12.0
47 27 56.0
47 30 68.0
47 34 18.0
47 60 96.0
47 61 34.0
47 62 79.0
47 67 34.0
47 103 25.0
47 108 35.0
47 136 31.0
47 139 50.0
47 147 89.0
47 148 48.0
47 154 81.0
47 195 38.0
48 188 64.0
48 116 35.0
48 117 88.0
48 121 64.0
48 126 46.0
48 128 89.0
48 161 76.0
48 162 46.0
48 177 50.0
48 187 30.0
48 190 73.0
48 200 35.0
49 1 24.0
49 3 39.0
49 11 13.0
49 14 45.0
49 24 48.0
49 30 6.0
49 34 63.0
49 61 4.0
49 96 46.0
49 99 94.0
49 108 69.0
49 136 34.0
49 165 57.0
49 175 23.0
49 179 27.0
49 195 22.0
49 199 61.0
50 25 96.0
50 32 85.0
50 37 12.0
50 40 24.0
50 43 11.0
50 54 60.0
50 91 77.0
50 124 3.0
50 141 15.0
51 10 77.0
51 64 28.0
51 73 37.0
51 86 95.0
51 90 12.0
51 118 31.0
51 144 12.0
51 194 15.0
52 145 65.0
52 173 35.0
52 18 78.0
52 35 27.0
52 100 48.0
52 102 8.0
52 105 14.0
52 106 72.0
52 183 58.0
53 6 16.0
53 20 36.0
53 25 46.0
53 88 7.0
53 112 22.0
53 122 79.0
53 124 8.0
53 130 71.0
53 158 59.0
53 163 7.0
53 164 16.0
53 169 21.0
53 181 38.0
53 186 81.0
54 25 54.0
54 32 68.0
54 37 6.0
54 40 42.0
54 43 12.0
54 50 37.0
54 63 86.0
54 91 46.0
54 124 91.0
54 141 58.0
55 8 3.0
55 65 14.0
55 76 30.0
55 85 49.0
55 166 92.0
55 9 67.0
55 74 94.0
55 111 79.0
55 120 22.0
55 123 12.0
55 178 78.0
55 189 14.0
56 4 89.0
56 39 9.0
56 71 84.0
56 72 66.0
56 83 43.0
56 109 88.0
56 125 40.0
56 131 26.0
56 134 13.0
56 153 37.0
56 168 90.0
56 178 75.0
56 184 93.0
56 196 15.0
57 10 39.0
57 73 80.0
57 86 8.0
57 87 39.0
57 98 48.0
57 118 94.0
57 144 11.0
57 172 16.0
57 174 33.0
57 1 30.0
57 11 4.0
57 96 39.0
57 99 95.0
57 165 5.0
58 4 64.0
58 26 10.0
58 101 34.0
58 117 22.0
58 125 11.0
58 131 98.0
58 134 44.0
58 140 34.0
58 153 43.0
58 168 48.0
58 177 14.0
58 184 81.0
59 8 69.0
59 65 73.0
59 76 39.0
59 107 24.0
59 166 7.0
59 197 38.0
60 14 42.0
60 30 69.0
60 47 46.0
60 67 70.0
60 89 31.0
60 103 28.0
60 108 51.0
60 136 13.0
60 139 86.0
60 147 24.0
60 148 57.0
60 154 99.0
60 195 24.0
61 28 78.0
61 104 49.0
61 110 53.0
61 1 50.0
61 11 73.0
61 14 67.0
61 41 53.0
61 47 74.0
61 49 4.0
61 69 39.0
61 99 92.0
61 103 39.0
61 108 87.0
61 136 82.0
61 147 28.0
61 148 57.0
61 195 88.0
62 3 4.0
62 27 61.0
62 29 76.0
62 30 76.0
62 34 59.0
62 47 71.0
62 67 12.0
62 136 10.0
62 139 40.0
62 154 34.0
62 179 8.0
62 197 87.0
63 6 69.0
63 18 51.0
63 25 54.0
63 40 71.0
63 54 22.0
63 91 8.0
63 100 77.0
63 105 40.0
63 115 14.0
63 124 39.0
63 183 9.0
63 186 41.0
64 10 10.0
64 51 19.0
64 73 46.0
64 86 1.0
64 90 69.0
64 118 70.0
64 144 77.0
64 170 59.0
64 174 40.0
64 194 61.0
65 8 97.0
65 59 90.0
65 76 1.0
65 85 45.0
65 107 84.0
65 166 65.0
65 55 29.0
65 111 80.0
65 120 61.0
65 123 78.0
65 189 95.0
66 2 44.0
66 12 43.0
66 33 65.0
66 97 48.0
66 114 55.0
66 119 13.0
66 191 5.0
66 193 81.0
67 3 99.0
67 27 29.0
67 29 34.0
67 30 66.0
67 34 80.0
67 47 74.0
67 60 32.0
67 62 40.0
67 85 41.0
67 136 70.0
67 139 37.0
67 154 61.0
67 166 24.0
68 32 5.0
68 37 18.0
68 42 33.0
68 43 92.0
68 188 79.0
68 126 98.0
68 161 51.0
69 28 15.0
69 77 40.0
69 104 61.0
69 110 2.0
69 1 19.0
69 14 94.0
69 41 60.0
69 61 5.0
69 103 89.0
69 108 45.0
69 147 74.0
69 148 3.0
69 195 13.0
70 20 96.0
70 88 7.0
70 112 7.0
70 130 97.0
70 163 81.0
70 164 57.0
70 169 91.0
70 101 99.0
70 117 24.0
70 129 53.0
70 140 8.0
70 159 53.0
70 177 97.0
70 190 99.0
71 4 71.0
71 21 84.0
71 38 2.0
71 45 13.0
71 56 89.0
71 72 70.0
71 83 95.0
71 109 36.0
71 125 61.0
71 131 75.0
71 137 60.0
71 143 6.0
71 153 8.0
71 160 33.0
71 168 33.0
72 4 14.0
72 9 61.0
72 39 61.0
72 56 5.0
72 71 57.0
72 74 95.0
72 83 82.0
72 109 70.0
72 120 61.0
72 125 5.0
72 131 10.0
72 134 58.0
72 153 13.0
72 168 56.0
72 178 6.0
72 184 67.0
72 196 65.0
73 10 41.0
73 51 40.0
73 57 99.0
73 64 65.0
73 86 66.0
73 87 98.0
73 90 73.0
73 98 90.0
73 118 76.0
73 144 67.0
73 170 59.0
73 172 56.0
73 174 56.0
73 194 91.0
74 85 3.0
74 89 8.0
74 9 74.0
74 26 30.0
74 55 53.0
74 72 20.0
74 120 67.0
74 123 87.0
74 134 50.0
74 135 6.0
74 138 86.0
74 184 43.0
74 189 56.0
74 196 69.0
74 198 78.0
75 23 49.0
75 31 6.0
75 77 99.0
75 82 71.0
75 84 43.0
75 92 54.0
75 93 42.0
75 146 61.0
75 157 27.0
75 180 89.0
76 8 79.0
76 59 20.0
76 65 19.0
76 85 30.0
76 107 58.0
76 166 15.0
76 55 16.0
76 111 74.0
76 120 45.0
76 123 87.0
76 189 37.0
77 28 58.0
77 75 55.0
77 84 58.0
77 104 89.0
77 110 12.0
77 180 18.0
77 156 21.0
77 69 12.0
77 79 25.0
77 80 11.0
77 19 24.0
78 40 46.0
78 91 50.0
78 141 47.0
79 28 11.0
79 77 79.0
79 36 95.0
79 80 57.0
79 103 56.0
79 142 54.0
79 15 16.0
79 19 33.0
79 46 9.0
79 133 66.0
79 182 94.0
80 77 52.0
80 36 1.0
80 79 6.0
80 103 14.0
80 142 27.0
80 15 7.0
80 19 74.0
80 46 74.0
80 133 65.0
80 182 59.0
81 145 89.0
81 173 41.0
81 17 8.0
81 102 55.0
81 106 22.0
81 152 79.0
81 171 88.0
82 2 37.0
82 23 61.0
82 31 36.0
82 33 29.0
82 75 59.0
82 92 95.0
82 93 42.0
82 94 81.0
82 127 96.0
82 132 65.0
82 146 5.0
82 157 78.0
82 167 97.0
82 170 29.0
82 180 62.0
82 192 7.0
83 4 16.0
83 21 26.0
83 38 3.0
83 45 7.0
83 56 48.0
83 71 90.0
83 72 51.0
83 109 27.0
83 131 99.0
83 137 38.0
83 143 45.0
83 153 12.0
83 160 8.0
84 28 52.0
84 31 52.0
84 75 56.0
84 77 89.0
84 87 97.0
84 93 92.0
84 98 93.0
84 104 40.0
84 110 88.0
84 146 69.0
84 157 92.0
84 167 92.0
84 172 65.0
84 180 34.0
85 8 1.0
85 65 1.0
85 67 2.0
85 76 48.0
85 89 78.0
85 107 92.0
85 166 55.0
85 9 43.0
85 55 46.0
85 74 13.0
85 120 82.0
85 123 10.0
85 189 60.0
86 10 44.0
86 51 88.0
86 57 10.0
86 64 56.0
86 73 99.0
86 87 64.0
86 90 29.0
86 98 39.0
86 118 42.0
86 144 52.0
86 170 52.0
86 172 86.0
86 174 85.0
86 194 15.0
87 10 96.0
87 57 47.0
87 73 26.0
87 84 51.0
87 86 69.0
87 98 18.0
87 104 36.0
87 110 69.0
87 118 22.0
87 144 88.0
87 172 67.0
87 174 57.0
87 194 81.0
87 1 3.0
87 11 92.0
87 99 27.0
88 20 48.0
88 36 13.0
88 53 31.0
88 70 78.0
88 112 81.0
88 156 52.0
88 164 14.0
88 169 33.0
88 181 5.0
88 129 31.0
88 159 31.0
89 60 3.0
89 85 88.0
89 142 54.0
89 147 52.0
89 9 29.0
89 15 6.0
89 22 87.0
89 26 3.0
89 74 98.0
89 120 64.0
89 135 84.0
89 138 98.0
89 184 56.0
89 189 77.0
89 198 32.0
90 10 77.0
90 51 75.0
90 64 59.0
90 73 39.0
90 86 90.0
90 118 24.0
90 144 68.0
90 194 75.0
91 40 23.0
91 50 26.0
91 54 76.0
91 63 8.0
91 78 77.0
91 141 95.0
92 23 72.0
92 31 16.0
92 75 76.0
92 82 15.0
92 93 77.0
92 94 61.0
92 127 56.0
92 145 47.0
92 146 81.0
92 157 65.0
92 180 12.0
93 2 78.0
93 23 77.0
93 31 24.0
93 33 49.0
93 75 87.0
93 82 32.0
93 84 15.0
93 92 88.0
93 94 55.0
93 127 85.0
93 146 59.0
93 157 81.0
93 167 73.0
93 170 27.0
93 180 22.0
93 192 84.0
94 2 62.0
94 12 5.0
94 23 72.0
94 31 70.0
94 33 41.0
94 82 29.0
94 92 8.0
94 93 24.0
94 127 74.0
94 132 87.0
94 146 39.0
94 157 44.0
94 167 29.0
94 170 74.0
94 192 89.0
95 5 22.0
95 7 92.0
95 16 13.0
95 44 80.0
95 149 43.0
95 185 87.0
96 57 49.0
96 1 3.0
96 11 37.0
96 24 89.0
96 49 40.0
96 99 65.0
96 165 78.0
96 175 75.0
96 199 19.0
97 12 68.0
97 23 93.0
97 33 79.0
97 66 33.0
97 173 5.0
97 176 57.0
97 191 7.0
97 193 14.0
98 10 21.0
98 31 99.0
98 57 51.0
98 73 89.0
98 84 60.0
98 86 76.0
98 87 95.0
98 104 95.0
98 110 7.0
98 118 99.0
98 144 45.0
98 167 94.0
98 170 97.0
98 172 69.0
98 174 95.0
98 194 79.0
99 57 10.0
99 87 13.0
99 104 91.0
99 110 95.0
99 144 50.0
99 172 43.0
99 174 53.0
99 1 75.0
99 11 65.0
99 41 64.0
99 49 14.0
99 61 65.0
99 96 60.0
99 165 44.0
100 17 19.0
100 18 63.0
100 52 68.0
100 63 1.0
100 102 74.0
100 105 97.0
100 115 35.0
100 183 45.0
101 70 60.0
101 26 31.0
101 58 98.0
101 117 46.0
101 121 28.0
101 129 57.0
101 140 24.0
101 159 24.0
101 177 8.0
101 187 43.0
101 190 2.0
102 17 47.0
102 18 88.0
102 35 71.0
102 52 98.0
102 81 7.0
102 100 4.0
102 105 95.0
102 106 9.0
102 115 5.0
102 183 41.0
103 47 46.0
103 60 12.0
103 61 66.0
103 69 37.0
103 79 97.0
103 80 79.0
103 108 4.0
103 142 49.0
103 147 29.0
103 148 36.0
103 15 9.0
103 19 94.0
103 46 81.0
103 133 11.0
103 182 73.0
104 28 36.0
104 77 63.0
104 84 38.0
104 87 6.0
104 98 47.0
104 110 16.0
104 172 31.0
104 1 45.0
104 11 45.0
104 41 5.0
104 61 30.0
104 69 25.0
104 99 69.0
104 108 97.0
104 148 78.0
105 17 98.0
105 18 12.0
105 40 93.0
105 52 85.0
105 63 89.0
105 100 45.0
105 102 33.0
105 115 42.0
105 183 1.0
106 145 87.0
106 173 91.0
106 176 42.0
106 35 63.0
106 52 14.0
106 81 27.0
106 102 99.0
107 8 85.0
107 59 9.0
107 65 50.0
107 76 10.0
107 85 33.0
107 166 56.0
107 111 57.0
107 123 90.0
108 28 28.0
108 104 9.0
108 1 55.0
108 11 53.0
108 14 52.0
108 30 40.0
108 41 98.0
108 47 5.0
108 49 6.0
108 60 95.0
108 61 57.0
108 69 35.0
108 103 49.0
108 136 51.0
108 147 11.0
108 148 76.0
108 195 63.0
109 4 63.0
109 21 1.0
109 38 16.0
109 39 25.0
109 45 88.0
109 56 21.0
109 71 14.0
109 72 8.0
109 83 94.0
109 125 99.0
109 131 71.0
109 134 95.0
109 143 16.0
109 153 58.0
109 168 99.0
109 196 12.0
110 28 79.0
110 77 24.0
110 84 57.0
110 87 46.0
110 98 77.0
110 104 16.0
110 172 52.0
110 174 96.0
110 1 66.0
110 11 95.0
110 41 26.0
110 61 4.0
110 69 17.0
110 99 60.0
110 148 27.0
111 8 23.0
111 65 4.0
111 76 10.0
111 107 97.0
111 166 47.0
111 55 81.0
111 120 5.0
111 123 89.0
111 178 18.0
111 189 40.0
112 20 27.0
112 53 28.0
112 70 18.0
112 88 86.0
112 122 9.0
112 130 8.0
112 158 1.0
112 163 8.0
112 169 10.0
112 121 17.0
112 126 91.0
112 159 60.0
112 190 98.0
113 114 37.0
113 119 3.0
113 150 98.0
113 151 87.0
114 2 56.0
114 12 19.0
114 33 17.0
114 66 84.0
114 113 82.0
114 119 89.0
114 132 89.0
114 150 77.0
114 151 30.0
115 6 58.0
115 17 10.0
115 18 45.0
115 40 79.0
115 63 22.0
115 100 6.0
115 102 4.0
115 105 81.0
115 124 59.0
115 183 75.0
115 186 99.0
116 21 30.0
116 48 14.0
116 128 18.0
116 162 80.0
116 200 28.0
117 20 53.0
117 70 65.0
117 130 75.0
117 48 61.0
117 58 99.0
117 101 97.0
117 121 60.0
117 129 97.0
117 140 77.0
117 159 18.0
117 177 64.0
117 187 20.0
117 190 81.0
117 200 94.0
118 10 57.0
118 51 6.0
118 57 30.0
118 64 31.0
118 73 5.0
118 86 4.0
118 87 40.0
118 90 7.0
118 98 1.0
118 144 87.0
118 172 32.0
118 174 34.0
118 194 38.0
119 12 99.0
119 66 36.0
119 113 49.0
119 114 73.0
119 150 71.0
119 151 53.0
120 65 61.0
120 76 39.0
120 85 81.0
120 89 10.0
120 9 53.0
120 55 44.0
120 72 60.0
120 74 9.0
120 111 84.0
120 123 99.0
120 134 77.0
120 135 87.0
120 138 44.0
120 178 5.0
120 184 39.0
120 189 59.0
120 196 57.0
120 198 31.0
121 20 25.0
121 112 30.0
121 130 74.0
121 163 57.0
121 188 34.0
121 48 49.0
121 101 72.0
121 117 4.0
121 126 55.0
121 159 83.0
121 161 29.0
121 162 23.0
121 177 95.0
121 187 69.0
121 190 34.0
121 200 44.0
122 6 90.0
122 20 33.0
122 25 14.0
122 37 59.0
122 43 85.0
122 53 50.0
122 112 8.0
122 124 63.0
122 130 45.0
122 158 55.0
122 163 93.0
122 181 17.0
122 186 65.0
123 8 89.0
123 65 88.0
123 76 69.0
123 85 48.0
123 107 24.0
123 166 50.0
123 9 74.0
123 55 44.0
123 74 91.0
123 111 4.0
123 120 12.0
123 189 44.0
124 6 11.0
124 25 71.0
124 32 8.0
124 37 29.0
124 43 68.0
124 50 40.0
124 53 40.0
124 54 39.0
124 63 2.0
124 115 91.0
124 122 17.0
124 158 60.0
124 186 27.0
125 4 64.0
125 21 89.0
125 56 87.0
125 58 2.0
125 71 43.0
125 72 98.0
125 109 61.0
125 131 46.0
125 134 76.0
125 153 10.0
125 168 50.0
126 20 97.0
126 42 98.0
126 68 31.0
126 112 8.0
126 130 7.0
126 163 10.0
126 188 15.0
126 48 57.0
126 121 31.0
126 161 95.0
126 162 26.0
126 187 11.0
126 190 51.0
126 200 73.0
127 2 21.0
127 12 64.0
127 23 61.0
127 31 87.0
127 33 53.0
127 82 64.0
127 92 63.0
127 93 92.0
127 94 79.0
127 132 83.0
127 146 46.0
127 157 69.0
127 167 44.0
127 170 95.0
127 180 99.0
127 192 12.0
128 21 44.0
128 48 25.0
128 116 66.0
128 162 48.0
128 187 34.0
128 200 32.0
129 20 27.0
129 70 41.0
129 88 24.0
129 169 84.0
129 15 62.0
129 22 73.0
129 101 99.0
129 117 55.0
129 133 32.0
129 140 72.0
129 159 4.0
129 177 64.0
129 182 71.0
129 190 48.0
130 20 85.0
130 53 29.0
130 70 10.0
130 112 4.0
130 122 41.0
130 158 4.0
130 163 74.0
130 169 81.0
130 188 54.0
130 117 2.0
130 121 57.0
130 126 34.0
130 159 67.0
130 161 64.0
130 177 94.0
130 187 54.0
130 190 82.0
131 4 22.0
131 21 15.0
131 38 24.0
131 56 56.0
131 58 95.0
131 71 5.0
131 72 98.0
131 83 92.0
131 109 36.0
131 125 39.0
131 153 39.0
131 168 34.0
132 2 75.0
132 12 40.0
132 33 37.0
132 82 93.0
132 94 34.0
132 114 10.0
132 127 6.0
132 150 42.0
132 151 97.0
132 167 26.0
132 170 10.0
132 192 72.0
132 194 70.0
133 79 78.0
133 80 69.0
133 103 82.0
133 142 57.0
133 147 45.0
133 15 91.0
133 19 62.0
133 22 86.0
133 26 35.0
133 46 15.0
133 129 5.0
133 138 52.0
133 140 36.0
133 182 87.0
133 198 66.0
134 4 97.0
134 9 45.0
134 26 90.0
134 39 13.0
134 56 93.0
134 58 76.0
134 72 42.0
134 74 24.0
134 109 23.0
134 120 73.0
134 125 66.0
134 135 1.0
134 153 18.0
134 168 99.0
134 178 8.0
134 184 47.0
134 189 80.0
134 196 9.0
135 89 95.0
135 142 49.0
135 9 16.0
135 15 44.0
135 22 67.0
135 26 66.0
135 74 64.0
135 120 49.0
135 134 60.0
135 138 37.0
135 184 33.0
135 189 38.0
135 198 95.0
136 3 54.0
136 14 86.0
136 24 14.0
136 27 33.0
136 29 47.0
136 30 9.0
136 34 70.0
136 47 2.0
136 49 25.0
136 60 44.0
136 61 92.0
136 62 87.0
136 67 90.0
136 108 62.0
136 139 94.0
136 154 93.0
136 155 19.0
136 179 40.0
136 195 49.0
137 21 23.0
137 38 46.0
137 45 25.0
137 71 72.0
137 83 62.0
137 143 35.0
137 160 79.0
138 89 35.0
138 142 93.0
138 9 16.0
138 15 97.0
138 22 43.0
138 26 64.0
138 46 59.0
138 74 17.0
138 120 77.0
138 133 60.0
138 135 35.0
138 182 72.0
138 184 97.0
138 198 54.0
139 3 99.0
139 27 17.0
139 29 68.0
139 30 13.0
139 34 75.0
139 47 45.0
139 60 70.0
139 62 4.0
139 67 35.0
139 136 61.0
139 154 43.0
139 155 10.0
139 179 62.0
140 70 21.0
140 169 81.0
140 15 95.0
140 22 29.0
140 26 19.0
140 58 33.0
140 101 52.0
140 117 50.0
140 129 64.0
140 133 8.0
140 159 95.0
140 177 79.0
140 190 50.0
141 40 43.0
141 43 80.0
141 50 60.0
141 54 78.0
141 78 50.0
141 91 21.0
142 79 89.0
142 80 23.0
142 89 73.0
142 103 58.0
142 147 74.0
142 148 91.0
142 15 32.0
142 19 76.0
142 22 84.0
142 46 61.0
142 133 89.0
142 135 99.0
142 138 12.0
142 182 86.0
142 198 42.0
143 4 13.0
143 21 23.0
143 38 39.0
143 45 18.0
143 71 22.0
143 83 60.0
143 109 19.0
143 137 12.0
143 160 42.0
144 10 62.0
144 51 10.0
144 57 15.0
144 64 61.0
144 73 29.0
144 86 84.0
144 87 89.0
144 90 4.0
144 98 79.0
144 118 25.0
144 172 31.0
144 174 71.0
144 194 38.0
144 99 56.0
145 92 39.0
145 173 63.0
145 176 62.0
145 35 79.0
145 52 83.0
145 81 80.0
145 106 77.0
146 2 87.0
146 23 4.0
146 31 6.0
146 33 20.0
146 75 93.0
146 82 90.0
146 84 3.0
146 92 81.0
146 93 46.0
146 94 83.0
146 127 37.0
146 157 72.0
146 167 16.0
146 180 45.0
146 192 9.0
147 14 15.0
147 47 45.0
147 60 28.0
147 61 15.0
147 69 30.0
147 89 6.0
147 103 28.0
147 108 4.0
147 142 63.0
147 148 67.0
147 195 47.0
147 46 60.0
147 133 58.0
147 182 28.0
148 28 81.0
148 104 73.0
148 110 71.0
148 14 10.0
148 41 91.0
148 47 45.0
148 60 1.0
148 61 86.0
148 69 3.0
148 103 4.0
148 108 81.0
148 142 87.0
148 147 44.0
148 195 32.0
149 5 99.0
149 7 43.0
149 13 14.0
149 16 63.0
149 44 44.0
149 95 78.0
149 185 33.0
150 113 28.0
150 114 32.0
150 119 34.0
150 132 40.0
150 151 24.0
151 12 26.0
151 113 1.0
151 114 65.0
151 119 70.0
151 132 65.0
151 150 67.0
152 17 88.0
152 81 45.0
152 156 33.0
152 164 48.0
152 171 23.0
152 181 51.0
153 4 89.0
153 56 50.0
153 58 97.0
153 71 58.0
153 72 10.0
153 83 23.0
153 109 83.0
153 125 72.0
153 131 78.0
153 134 8.0
153 168 30.0
153 184 26.0
153 196 94.0
154 3 52.0
154 14 56.0
154 27 57.0
154 29 90.0
154 30 60.0
154 34 98.0
154 47 45.0
154 60 42.0
154 62 69.0
154 67 39.0
154 136 80.0
154 139 22.0
154 179 96.0
155 3 72.0
155 7 43.0
155 13 38.0
155 16 98.0
155 24 48.0
155 27 82.0
155 29 48.0
155 30 55.0
155 34 87.0
155 44 72.0
155 136 68.0
155 139 79.0
155 175 61.0
155 179 92.0
155 199 39.0
156 77 76.0
156 36 55.0
156 88 6.0
156 152 27.0
156 164 97.0
156 171 90.0
156 181 59.0
157 23 30.0
157 31 28.0
157 75 65.0
157 82 79.0
157 84 50.0
157 92 43.0
157 93 70.0
157 94 76.0
157 127 70.0
157 146 85.0
157 167 4.0
157 180 57.0
158 6 41.0
158 20 88.0
158 25 20.0
158 37 51.0
158 43 94.0
158 53 31.0
158 112 40.0
158 122 88.0
158 124 10.0
158 130 59.0
158 163 25.0
158 169 37.0
158 181 84.0
158 186 6.0
159 20 61.0
159 70 95.0
159 88 33.0
159 112 50.0
159 130 45.0
159 163 59.0
159 169 25.0
159 101 20.0
159 117 47.0
159 121 24.0
159 129 21.0
159 140 97.0
159 177 43.0
159 187 75.0
159 190 49.0
160 21 15.0
160 38 20.0
160 45 9.0
160 71 44.0
160 83 24.0
160 137 84.0
160 143 58.0
161 42 48.0
161 68 27.0
161 130 5.0
161 188 78.0
161 48 58.0
161 121 1.0
161 126 64.0
161 162 8.0
161 187 90.0
161 200 95.0
162 188 98.0
162 48 72.0
162 116 20.0
162 121 8.0
162 126 57.0
162 128 5.0
162 161 56.0
162 187 20.0
162 200 25.0
163 20 56.0
163 25 93.0
163 53 80.0
163 70 92.0
163 112 80.0
163 122 1.0
163 130 52.0
163 158 14.0
163 169 60.0
163 188 84.0
163 121 69.0
163 126 98.0
163 159 67.0
163 190 98.0
164 36 86.0
164 53 58.0
164 70 63.0
164 88 56.0
164 152 59.0
164 156 79.0
164 169 34.0
164 181 28.0
165 57 80.0
165 1 6.0
165 11 19.0
165 24 10.0
165 49 25.0
165 96 16.0
165 99 42.0
165 175 93.0
165 199 8.0
166 8 10.0
166 59 76.0
166 65 33.0
166 67 7.0
166 76 86.0
166 85 70.0
166 107 12.0
166 55 50.0
166 111 50.0
166 123 53.0
166 189 51.0
167 2 46.0
167 23 72.0
167 31 84.0
167 33 97.0
167 82 55.0
167 84 72.0
167 93 58.0
167 94 38.0
167 98 16.0
167 127 84.0
167 132 68.0
167 146 14.0
167 157 36.0
167 170 31.0
167 180 75.0
167 192 69.0
167 194 24.0
168 4 18.0
168 26 21.0
168 56 1.0
168 58 75.0
168 71 33.0
168 72 55.0
168 109 17.0
168 125 79.0
168 131 38.0
168 134 3.0
168 153 77.0
168 184 66.0
169 20 99.0
169 36 69.0
169 53 25.0
169 70 60.0
169 88 37.0
169 112 82.0
169 130 79.0
169 158 6.0
169 163 10.0
169 164 35.0
169 181 26.0
169 129 7.0
169 140 26.0
169 159 9.0
169 190 90.0
170 2 16.0
170 31 87.0
170 64 12.0
170 73 61.0
170 82 30.0
170 86 51.0
170 93 20.0
170 94 69.0
170 98 67.0
170 127 47.0
170 132 15.0
170 167 42.0
170 192 33.0
170 194 42.0
171 17 53.0
171 36 84.0
171 81 16.0
171 152 10.0
171 156 16.0
171 181 47.0
172 10 51.0
172 57 36.0
172 73 35.0
172 84 5.0
172 86 94.0
172 87 46.0
172 98 20.0
172 104 50.0
172 110 79.0
172 118 35.0
172 144 46.0
172 174 21.0
172 194 13.0
172 1 26.0
172 11 28.0
172 41 25.0
172 99 39.0
173 97 94.0
173 145 97.0
173 176 72.0
173 191 46.0
173 35 61.0
173 52 39.0
173 81 61.0
173 106 2.0
174 10 34.0
174 57 68.0
174 64 26.0
174 73 40.0
174 86 87.0
174 87 43.0
174 98 7.0
174 110 68.0
174 118 42.0
174 144 81.0
174 172 29.0
174 194 41.0
174 1 16.0
174 11 11.0
174 99 1.0
175 3 80.0
175 13 2.0
175 24 31.0
175 34 13.0
175 49 41.0
175 96 40.0
175 155 80.0
175 165 77.0
175 179 7.0
175 199 50.0
176 23 74.0
176 97 44.0
176 145 87.0
176 173 98.0
176 191 1.0
176 193 41.0
176 106 17.0
177 20 79.0
177 70 53.0
177 130 41.0
177 48 4.0
177 58 18.0
177 101 74.0
177 117 55.0
177 121 72.0
177 129 2.0
177 140 21.0
177 159 96.0
177 187 30.0
177 190 77.0
177 200 17.0
178 39 94.0
178 55 58.0
178 56 67.0
178 72 74.0
178 111 75.0
178 120 49.0
178 134 90.0
178 189 26.0
178 196 44.0
179 3 55.0
179 13 1.0
179 24 31.0
179 27 92.0
179 29 92.0
179 30 82.0
179 34 15.0
179 49 49.0
179 62 28.0
179 136 82.0
179 139 80.0
179 154 75.0
179 155 24.0
179 175 2.0
179 199 71.0
180 23 53.0
180 31 60.0
180 75 1.0
180 77 23.0
180 82 57.0
180 84 41.0
180 92 17.0
180 93 33.0
180 127 74.0
180 146 94.0
180 157 57.0
180 167 67.0
181 6 87.0
181 17 55.0
181 25 59.0
181 36 3.0
181 53 9.0
181 88 20.0
181 122 84.0
181 152 36.0
181 156 26.0
181 158 33.0
181 164 38.0
181 169 26.0
181 171 60.0
181 186 40.0
182 79 21.0
182 80 20.0
182 103 67.0
182 142 9.0
182 147 21.0
182 15 20.0
182 19 30.0
182 22 20.0
182 46 57.0
182 129 71.0
182 133 16.0
182 138 3.0
182 198 60.0
183 17 28.0
183 18 31.0
183 52 64.0
183 63 20.0
183 100 26.0
183 102 1.0
183 105 5.0
183 115 25.0
184 89 24.0
184 9 95.0
184 22 6.0
184 26 1.0
184 56 3.0
184 58 9.0
184 72 16.0
184 74 31.0
184 120 8.0
184 134 91.0
184 135 91.0
184 138 13.0
184 153 3.0
184 168 63.0
184 189 39.0
184 198 24.0
185 5 43.0
185 7 77.0
185 16 98.0
185 95 36.0
185 149 24.0
185 197 95.0
186 6 72.0
186 17 26.0
186 25 61.0
186 53 50.0
186 63 17.0
186 115 10.0
186 122 65.0
186 124 66.0
186 158 59.0
186 181 60.0
187 20 6.0
187 130 68.0
187 188 81.0
187 48 44.0
187 101 60.0
187 117 45.0
187 121 74.0
187 126 23.0
187 128 93.0
187 159 65.0
187 161 45.0
187 162 93.0
187 177 99.0
187 190 54.0
187 200 57.0
188 42 43.0
188 68 38.0
188 130 66.0
188 163 11.0
188 48 97.0
188 121 9.0
188 126 33.0
188 161 39.0
188 162 89.0
188 187 33.0
189 8 82.0
189 65 81.0
189 76 76.0
189 85 90.0
189 89 81.0
189 166 4.0
189 9 68.0
189 55 15.0
189 74 62.0
189 111 88.0
189 120 54.0
189 123 60.0
189 134 85.0
189 135 84.0
189 178 52.0
189 184 38.0
190 20 88.0
190 70 6.0
190 112 36.0
190 130 35.0
190 163 38.0
190 169 99.0
190 48 37.0
190 101 34.0
190 117 82.0
190 121 61.0
190 126 58.0
190 129 35.0
190 140 98.0
190 159 53.0
190 177 81.0
190 187 43.0
191 2 46.0
191 12 2.0
191 23 95.0
191 33 25.0
191 66 66.0
191 97 82.0
191 173 25.0
191 176 42.0
191 193 34.0
192 2 81.0
192 12 98.0
192 23 5.0
192 31 58.0
192 33 10.0
192 82 48.0
192 93 90.0
192 94 64.0
192 127 69.0
192 132 80.0
192 146 15.0
192 167 9.0
192 170 36.0
193 2 45.0
193 12 84.0
193 23 99.0
193 33 95.0
193 66 85.0
193 97 32.0
193 176 40.0
193 191 80.0
194 10 10.0
194 51 93.0
194 64 41.0
194 73 91.0
194 86 14.0
194 87 51.0
194 90 63.0
194 98 60.0
194 118 59.0
194 132 6.0
194 144 43.0
194 167 91.0
194 170 75.0
194 172 93.0
194 174 21.0
195 1 63.0
195 3 57.0
195 11 5.0
195 14 30.0
195 30 88.0
195 34 97.0
195 41 91.0
195 47 65.0
195 49 46.0
195 60 85.0
195 61 75.0
195 69 63.0
195 108 76.0
195 136 16.0
195 147 18.0
195 148 50.0
196 4 80.0
196 39 99.0
196 56 99.0
196 72 1.0
196 74 18.0
196 109 23.0
196 120 83.0
196 134 66.0
196 153 8.0
196 178 56.0
197 29 69.0
197 59 52.0
197 62 14.0
197 185 45.0
198 89 9.0
198 142 48.0
198 9 2.0
198 15 5.0
198 22 68.0
198 26 11.0
198 46 70.0
198 74 75.0
198 120 41.0
198 133 53.0
198 135 20.0
198 138 68.0
198 182 64.0
198 184 11.0
199 3 86.0
199 13 97.0
199 24 87.0
199 34 61.0
199 49 10.0
199 96 71.0
199 155 33.0
199 165 65.0
199 175 8.0
199 179 60.0
200 48 66.0
200 116 62.0
200 117 12.0
200 121 83.0
200 126 98.0
200 128 58.0
200 161 23.0
200 162 82.0
200 177 12.0
200 187 36.0
