2 992
5 384
9 760
11 776
12 342
15 164
21 377
20 390
25 229
24 120
27 163
31 153
34 850
35 75
32 604
39 746
36 52
40 108
46 622
47 109
51 214
50 743
52 57
59 98
57 851
62 109
61 3
60 16
68 356
69 682
65 766
78 713
79 696
72 879
74 70
75 961
85 105
87 703
81 197
83 848
82 871
89 887
91 557
90 607
101 955
98 919
108 682
109 863
106 922
107 805
104 682
105 212
119 196
115 329
113 73
112 665
125 320
120 458
137 13
139 502
138 574
143 807
142 195
131 916
130 872
133 370
154 516
156 648
157 598
158 615
145 447
146 998
149 436
150 291
151 676
171 125
170 259
169 752
168 498
175 456
174 73
173 988
161 126
167 525
165 269
164 104
186 986
187 822
184 251
185 198
178 781
177 941
183 824
180 668
181 452
205 637
204 323
206 950
200 333
202 571
196 40
193 896
195 3
194 316
221 562
216 488
218 475
219 487
213 749
209 746
239 586
237 675
235 437
233 109
232 481
231 955
230 430
226 235
225 454
224 94
254 889
255 382
253 688
250 916
248 863
246 157
241 22
275 57
273 221
277 862
276 245
282 382
281 652
257 269
263 357
261 821
267 700
304 187
307 974
309 506
308 157
311 938
313 756
315 514
316 754
318 316
288 924
290 395
295 90
297 420
299 282
300 954
302 468
341 252
338 577
337 84
351 150
350 141
348 446
347 452
346 946
345 485
344 745
326 211
327 398
325 563
322 616
323 542
320 303
321 942
334 434
332 361
330 81
372 579
375 429
369 650
381 92
380 597
383 917
376 464
379 927
378 935
357 466
358 81
359 418
353 773
364 972
365 675
367 187
361 273
362 614
363 834
410 623
408 265
415 748
413 352
402 570
403 589
400 514
401 763
406 205
407 670
394 2
393 105
399 403
397 802
390 785
389 398
442 904
443 540
444 167
446 230
447 606
432 569
434 386
437 350
438 262
439 117
426 790
430 460
419 839
420 20
477 467
474 95
475 566
473 940
470 970
471 472
468 587
463 984
461 429
459 472
458 627
456 103
454 787
452 212
449 863
448 347
496 916
499 444
492 865
495 958
494 527
489 841
488 646
485 245
484 702
486 484
481 700
480 825
