105.97436678543839 119.77990854468862 0.0
192.08540074161982 148.34024866193067 0.0
191.9626238851238 153.73651042906002 0.0
41.986980132175454 125.79186928042392 0.0
193.12930294516087 39.22750814116718 0.0
131.83951800705162 149.50207375944964 0.0
40.271311251735995 136.48800412005332 0.0
10.475505585918876 193.53304658656586 0.0
78.89296249842866 133.40017741071674 0.0
110.5155665486974 78.50879759306738 0.0
14.782508131708138 144.4476026123863 0.0
99.08348378963396 64.65218690025118 0.0
195.22116839758124 70.32190190094269 0.0
67.03766113082652 91.09748951225387 0.0
14.453858853342648 114.8675300538847 0.0
24.352037987844465 103.57441996670957 0.0
29.121021972587858 148.43333872780295 0.0
69.47488912522049 133.06738773415793 0.0
22.671368105567534 105.33224240724938 0.0
56.93912379226447 14.811551903353926 0.0
167.34561339783596 7.993353882218668 0.0
0.1931493688875463 69.99505466750051 0.0
198.1416143888845 121.52348370997994 0.0
15.56654177465624 111.79464915687241 0.0
135.24158030441487 159.77795789769178 0.0
138.48017196137386 182.87970883935554 0.0
169.70244651293552 187.67338309357422 0.0
24.455746994559348 83.2774411820814 0.0
61.78070033484473 94.3578272591269 0.0
185.17492063110424 5.499982831100136 0.0
192.08333887935376 47.986746042060766 0.0
3.7836619342018984 58.09174542775002 0.0
52.8068800159609 185.23570994670752 0.0
123.83262772896109 129.26336333533862 0.0
69.64675786732566 137.31387292891338 0.0
112.6897775440014 19.036220287561754 0.0
4.529661671910534 49.12493676769507 0.0
162.95674841515287 51.32954038834032 0.0
5.141695689020276 109.35507768391346 0.0
14.365741420386001 66.6796451310762 0.0
39.29562118378449 76.6502906764011 0.0
53.82905280514263 191.7889561624663 0.0
180.50067485848092 60.67821429703591 0.0
82.7587371908528 83.86002264204326 0.0
195.66880364981535 96.75249894856834 0.0
128.46907260523048 55.67774610045455 0.0
126.71147053821849 38.83045106614959 0.0
120.41990330182601 1.6607130097453737 0.0
54.851508657903935 188.07758699936602 0.0
52.25427150528774 165.61040002894148 0.0
189.79476599025017 72.82550939852432 0.0
7.028968624361642 117.64488178967557 0.0
35.47666312148796 100.63233039902897 0.0
135.73202621913535 40.81131070111515 0.0
49.91903756965523 14.287665187464714 0.0
148.12645589127357 167.1294963112007 0.0
138.80301143412893 0.9870930491777452 0.0
100.15481873250198 148.3265061134398 0.0
100.68388299727538 127.533710202553 0.0
43.58463187084374 98.28012115607912 0.0
176.34440112696652 104.30727168257205 0.0
41.26976986242228 2.196832884127131 0.0
145.60306401765723 16.87419386656275 0.0
145.34848227500189 151.80775801629468 0.0
161.96439825476398 6.494579515037957 0.0
185.8938625339463 36.37378124004928 0.0
118.81850251083834 129.4150966639262 0.0
23.977954382130108 96.04899088589005 0.0
0.4674615208624999 179.719492030334 0.0
85.80602511115613 127.15925615267184 0.0
187.07648477279736 121.64129280672016 0.0
113.52272898110067 118.21069828653776 0.0
54.718003244084 144.6259998098454 0.0
143.48738593545724 90.95051944237278 0.0
39.997311543053456 28.062978735026878 0.0
154.26073332426407 122.5605413274677 0.0
23.318463359886877 82.49002566054169 0.0
14.240897720347201 133.07155821789374 0.0
25.66969170760278 20.20634610148071 0.0
102.83171183029158 36.34450569076761 0.0
10.877764791950217 100.61266138390062 0.0
79.22162954458439 73.47212384179893 0.0
38.6010442399878 194.22972499068905 0.0
129.29704983331266 174.21276743743533 0.0
122.90134642194879 14.229562067723878 0.0
33.90893254353931 25.075701259036578 0.0
117.05503760112532 75.44648645415097 0.0
170.65709708379327 161.93508770951004 0.0
167.33399447219773 158.2176517534308 0.0
86.55176362960671 50.557666290523116 0.0
156.80757437405654 178.03593160147827 0.0
160.35729507607252 170.1869987730803 0.0
94.78679220856793 191.88049177180156 0.0
111.11840165366704 173.3348296340843 0.0
198.35249521994902 8.223419075639438 0.0
103.31430871440392 59.1880833350442 0.0
59.47938940684088 110.09348497126471 0.0
149.28181500650152 168.54771905198882 0.0
194.58823824371947 149.2109566629148 0.0
15.993405297657715 84.97351272087157 0.0
32.92885039514344 124.0901911357793 0.0
105.97189272040745 9.816713550790034 0.0
16.01667868177572 116.13955803911584 0.0
1.0684050141686052 68.08015031659158 0.0
152.41633128946324 125.17102963441809 0.0
133.02586512514364 97.55342424607854 0.0
100.48545801593667 119.36460381380158 0.0
176.19534608910504 175.4284499372493 0.0
36.26285566569778 94.61556562354765 0.0
45.468088865549426 44.60844912890642 0.0
4.505008054518855 124.32536631301375 0.0
26.431202186889948 116.18143019308056 0.0
147.9453990521028 73.07968117568684 0.0
164.9504701809028 45.036823410796266 0.0
163.1715269305841 46.290126507011124 0.0
199.82886226627397 2.361917262744906 0.0
141.08457383733497 152.75884404721552 0.0
34.884830893464084 101.76240740303643 0.0
15.727188554259497 168.25794566597645 0.0
15.739628534204652 175.00934757567975 0.0
167.33513838899935 5.598759067738457 0.0
101.79834348477421 38.92241886823511 0.0
103.78875157204041 120.29845607518364 0.0
5.3544769687638105 146.65739284837287 0.0
179.2105936656904 110.83461039292794 0.0
107.44343358446986 74.67342779575634 0.0
199.27594324730345 8.610907736184469 0.0
54.01535542882539 60.91360211906807 0.0
109.87309856801753 95.14018705423011 0.0
186.19328370076533 180.23999818726867 0.0
169.07075004226934 132.583667002381 0.0
164.82772954803565 119.92236643906932 0.0
61.919989663346065 48.6681074978397 0.0
112.25423667958285 100.98726947205611 0.0
133.43894114181086 178.13547709123273 0.0
113.10566484181328 80.4924261971319 0.0
87.19810821753833 130.2624131945861 0.0
191.22636832204847 165.2987113121533 0.0
125.24505057666096 25.619707713903274 0.0
111.18067459648033 169.67019246243504 0.0
189.6772186783087 25.124772345109527 0.0
140.54341290839406 57.04030120358752 0.0
106.99204136840417 160.57283372913804 0.0
53.105566834925575 20.54009785227635 0.0
33.41378263823969 68.21555631138962 0.0
153.3233781132078 177.3923899262282 0.0
52.716944409032166 125.58839837438379 0.0
158.7846138052265 79.03326470125991 0.0
87.63626662382744 96.67101936819242 0.0
190.1610166687963 71.83046103515834 0.0
51.77372977011632 101.59772929314781 0.0
87.06117148838715 182.52571050846655 0.0
190.9833237345259 144.51784291538192 0.0
193.39347189009132 48.036116501294515 0.0
41.53456159334803 156.8386316191695 0.0
37.294115784985294 61.00737694926197 0.0
166.92604982990017 142.9662970964039 0.0
168.3703016707671 160.5194425401055 0.0
26.04085071969129 151.79332484628532 0.0
8.954292912344064 161.6031681555608 0.0
172.40553656968447 39.56325861214671 0.0
126.2591369692408 187.73406240418225 0.0
87.63519809436995 138.3768641358378 0.0
38.77222997261569 47.22735160642746 0.0
111.71706356588716 199.48636002722785 0.0
132.9182702913045 77.46614491745001 0.0
148.60557008924434 141.65730832016078 0.0
84.96835239722431 70.1524492183029 0.0
97.67208787674424 2.2604750852409206 0.0
158.36734823167532 186.27853396574469 0.0
89.87292543966954 62.388855882482375 0.0
78.09700638211994 71.27395558546161 0.0
192.06930306620686 197.17783470152148 0.0
71.38748593295415 88.79136755932386 0.0
83.75356788216524 88.63924842468047 0.0
108.03546000360038 105.85211675823163 0.0
107.50606165933108 30.7030064621717 0.0
173.7820177574139 182.58031442913114 0.0
47.82741587778243 54.792631610793954 0.0
166.64921242159204 46.511997731105524 0.0
2.561372122494099 9.143986104303403 0.0
118.8291260341864 164.4737714404112 0.0
176.9435246022582 36.20918948900203 0.0
115.66479827119129 164.2830884195528 0.0
152.38170608427689 9.870635296355523 0.0
108.4576590348163 104.03022876164793 0.0
160.39402923610214 117.82271684800007 0.0
199.28136151506072 38.4597403726539 0.0
126.70092080325288 104.36176932774173 0.0
113.67728616243562 89.97705517533933 0.0
141.28781940373142 124.95750064478162 0.0
71.05225589294011 196.06362886607081 0.0
157.3254804444585 106.36206495169111 0.0
112.79434174066284 75.39196858311126 0.0
125.1551570081653 154.64561108476119 0.0
154.5679268693564 131.68952517189345 0.0
27.116285641133263 108.43012030274406 0.0
191.94453966015038 197.40842173994128 0.0
194.81450409702953 195.7259987232219 0.0
7.471274101263825 8.515625803940562 0.0
62.49831725524761 120.15885054381124 0.0
2.4738491741235435 97.22616379964609 0.0
138.53281025928325 176.0065264812289 0.0
8.336846184246948 191.25965647982983 0.0
61.52937848143172 171.34950199042586 0.0
119.69875135373846 16.20825688023637 0.0
148.5105038366776 24.77028377116024 0.0
135.94497878216558 11.862076574549608 0.0
39.559151638636166 93.42055032348398 0.0
97.57713520216289 93.84570839351214 0.0
96.7224498604041 188.90736079882845 0.0
60.48227409247493 18.6775317713896 0.0
124.50985230402203 42.33268666194796 0.0
63.82111701320039 143.3710981852825 0.0
145.1460906847351 90.95335722165467 0.0
16.199549143377112 9.955882175078901 0.0
183.80969862352728 76.31116753762157 0.0
149.9829778983694 30.80232397767979 0.0
97.40808140194666 67.31591498857748 0.0
175.05856891865048 2.3940355493753396 0.0
15.010491864651708 151.64679661846463 0.0
101.04548965721207 33.19780988728158 0.0
148.88058683649385 174.97045268361012 0.0
90.8988214464155 135.5398250271037 0.0
182.12048283254038 149.8567710091877 0.0
59.04792971298887 1.9043775064324864 0.0
142.2585894556326 104.90639566907718 0.0
33.655530148278025 162.82917734616362 0.0
29.683869388739616 199.4866078215313 0.0
165.27892564843168 6.579045345324586 0.0
85.64934072178632 90.60516726729556 0.0
83.16018889731491 30.03784821240827 0.0
56.638092243124305 5.8344657993566695 0.0
75.56749711893657 185.7659903948996 0.0
140.20532757559394 149.83112649825304 0.0
102.05490299819371 91.92895743186902 0.0
81.98023998570083 151.8790702403713 0.0
133.2034788912366 179.8099480389444 0.0
134.331917867376 48.016793607972794 0.0
157.35169487802145 167.8775571998601 0.0
84.2737379793644 183.692509806017 0.0
194.0185691052978 171.88730046671992 0.0
111.50095956840738 21.523523573142 0.0
10.16812475643951 87.25352132373483 0.0
47.026693175075685 143.6191209119245 0.0
148.15928932549065 12.936071699966888 0.0
68.70159443728119 149.05894348471935 0.0
143.1704044550693 25.343978336014274 0.0
191.9729964548465 64.50176554336527 0.0
33.08309600843269 156.26609279667326 0.0
92.55953564077859 109.53234230830624 0.0
45.255302460761236 180.5965360415252 0.0
32.28755903434717 188.23670775729093 0.0
82.30885991809618 177.63061047974327 0.0
150.15604169232262 114.62936915713055 0.0
123.0020377742616 193.96457558956416 0.0
127.76686052644746 121.93835150202467 0.0
104.45302613126626 106.5405774209787 0.0
41.577843658011226 54.38713171788119 0.0
58.425477050026984 161.13582536182173 0.0
74.00606151786613 194.99509419002666 0.0
37.08262795057679 44.602833353519685 0.0
71.22930418690771 144.05110907977055 0.0
82.561822127988 138.42550319789663 0.0
107.60399386080763 130.29755418444836 0.0
169.9164927001827 196.6634971995417 0.0
44.93799229989346 10.49498699834006 0.0
84.41810097287595 93.11525364041127 0.0
159.42719063467766 192.92038938199653 0.0
181.90577546839322 90.53777193577561 0.0
49.88501358852248 6.484804512412379 0.0
124.81662677017226 99.01912252795807 0.0
37.964273450104514 29.538999325491446 0.0
186.72522582755028 11.107421288886798 0.0
124.39124548551155 191.0685095148924 0.0
174.6657963088231 28.057862673114144 0.0
74.80189630326124 61.86233845945317 0.0
31.206259520483236 124.56718107804066 0.0
174.59083364958292 64.37232560686577 0.0
147.18832236432132 38.622754839224925 0.0
14.25355620213422 147.3630748475718 0.0
141.24325355486945 18.601338964716962 0.0
145.02310955710644 195.0850472072063 0.0
143.63833528729123 11.510257124703482 0.0
179.17245040122438 70.58637709969192 0.0
59.70416202680564 34.27173201605478 0.0
100.1742063671033 128.9116160733096 0.0
82.0384023175787 134.2086923005206 0.0
194.97970387737138 78.31857723821243 0.0
70.8768338620164 15.398456936551884 0.0
123.99967769332203 16.27716326038955 0.0
128.46789833886623 84.31824001603236 0.0
3.9391275116773983 121.89691029514525 0.0
155.9822028116956 151.21445445754892 0.0
194.45927863077583 47.56279367903211 0.0
0.4338466292725496 112.88546577056242 0.0
151.70986190265944 119.94165138542373 0.0
174.28561913269687 38.07530595268975 0.0
40.09521814079964 34.154373274366236 0.0
61.85555752471225 178.43368485832363 0.0
178.20807174595515 4.791855518053012 0.0
14.337578225688485 136.00543804145926 0.0
35.6851360193319 123.58551403015923 0.0
179.19425656616502 132.47033804980052 0.0
194.8089846109504 165.9259419145387 0.0
109.87509926971131 45.86203003562217 0.0
44.00100477400284 87.05611665897639 0.0
158.25901961681674 7.252690628221847 0.0
179.92048822348474 153.6484338944304 0.0
164.9149957157099 82.8977886982262 0.0
160.70526476903032 67.60756932416474 0.0
31.220205030106165 106.59308369830904 0.0
174.9596054169782 156.32401116079785 0.0
182.5702862071274 72.5039760670758 0.0
169.4154063745501 127.23599950770314 0.0
113.36163925987857 50.48495848884671 0.0
12.763002746606178 14.440222798379088 0.0
142.12100120117924 143.91480563850803 0.0
163.96825830555014 181.22472952374338 0.0
199.1028666930856 174.33098240404036 0.0
60.462871300375134 184.7800133468703 0.0
118.87063832924436 147.6545226279198 0.0
44.915233139938415 157.97724487503325 0.0
116.82263515961388 133.55441856905415 0.0
108.85934613253951 117.98542069290927 0.0
91.3195143194087 172.5084430453017 0.0
47.27978175033301 72.63186916541345 0.0
112.01489362701122 14.37508997643484 0.0
190.32081030379265 162.79359069264143 0.0
130.18625012832263 87.79913170166182 0.0
106.60831210945283 152.73945923592817 0.0
178.30860019456273 101.5311231921824 0.0
157.2432305821627 160.22641511435663 0.0
113.8086534966835 86.74901027587151 0.0
120.34578695079449 4.285306787159948 0.0
105.88250811600888 103.72774077178713 0.0
103.09986035823329 141.01506149272342 0.0
164.45526984817658 56.71067837582881 0.0
11.567331740395792 56.336570586142166 0.0
66.80625031710032 87.59437526184443 0.0
158.1125089826844 189.54055992307755 0.0
50.07878080956631 52.04610610313718 0.0
152.0969795245203 172.59640614894974 0.0
6.838909508790247 20.931309862574523 0.0
41.57564304431571 187.5718241657678 0.0
46.04260024792581 195.43604214995548 0.0
152.0449362631277 168.1460946455797 0.0
163.2164047930722 76.0271320379023 0.0
2.8645769110758224 1.082219934952433 0.0
1.3518098497930842 183.40082722965633 0.0
72.79451556570606 19.656428815305805 0.0
77.95885355005822 93.82823048039977 0.0
33.15899272028642 123.42603240987519 0.0
3.9198094702161734 21.813898755419213 0.0
170.47004746317654 7.3495786629640625 0.0
126.22923801318846 59.7416053264685 0.0
79.91302776907483 38.156054621489986 0.0
89.40177510264415 67.18920190036992 0.0
126.91698612836876 76.99266343191505 0.0
29.274554692677324 91.85222947964466 0.0
46.10322164526808 14.763501230968433 0.0
88.12633695052834 99.5238123249022 0.0
175.22546902471296 160.2043614026167 0.0
71.48077456397081 92.33617878334077 0.0
6.28553273755601 100.62157217097132 0.0
154.6566106847266 2.4769156693355443 0.0
176.82861051017605 41.35573483872144 0.0
191.07278771097168 62.850868738685996 0.0
121.49266729134436 122.41387215633391 0.0
174.51189751002693 76.6665519155575 0.0
157.20671234063 9.34652861394123 0.0
163.99063202860108 134.68353057216072 0.0
185.0030185659564 160.32891665773099 0.0
92.58124125917983 61.865217561739726 0.0
57.22871433281493 182.53824352123283 0.0
150.47325567037547 14.439286700428976 0.0
181.0124339276302 8.302039123448314 0.0
57.76018346972971 193.8756696387833 0.0
107.1620899828271 45.1251548806954 0.0
123.8810159880191 196.0500075708962 0.0
88.24004931944141 183.5858957701553 0.0
128.34186442889916 71.86815713291755 0.0
80.38243728460411 183.22460874017125 0.0
151.28822872378467 139.8852100876161 0.0
10.49946109666231 98.93081269234847 0.0
132.6937947505397 161.96031208439808 0.0
133.81405746118898 58.96777373552269 0.0
145.37695977168949 69.74627943885395 0.0
166.26648509950087 60.65628635030114 0.0
129.75151550485998 12.820995962186753 0.0
192.1326958573232 110.87216451329847 0.0
157.16337773868761 88.52521642140161 0.0
119.27475059998783 5.894824071660576 0.0
163.8604073899523 109.07929633165574 0.0
82.76178687998188 118.77711627287846 0.0
129.08782236908283 163.30920846922888 0.0
82.1703685641431 142.28938049223189 0.0
58.49688037687266 138.31994408322456 0.0
78.69338170575013 21.62352484069445 0.0
77.999932395177 180.7122398926112 0.0
175.2569322970025 103.42570323095937 0.0
43.40021772834142 97.44644011628777 0.0
156.16502464573145 26.359069086518637 0.0
127.57003109082558 123.21499632195145 0.0
172.36210332268055 83.28075282756173 0.0
59.64632817456097 114.19306786902676 0.0
124.22385672466693 96.25017197988855 0.0
59.65802517404426 67.29433995719627 0.0
115.85702119554178 62.96849682678689 0.0
37.19461607122398 109.56712082159837 0.0
33.20916319112472 156.8819334879379 0.0
104.17107643009953 154.12355846300065 0.0
32.85982138709396 93.06432499412931 0.0
89.43925759588036 77.00251689294524 0.0
119.1846390450897 8.127328865604833 0.0
136.94131511227155 133.6246954029799 0.0
34.654444810379495 44.789321471982 0.0
19.296127080406265 4.006112467444267 0.0
191.35158780969687 180.3668772272804 0.0
105.15476657487169 132.6541546223894 0.0
131.3560633596139 93.33564533141517 0.0
181.356612361912 112.0779520466298 0.0
19.474370846806078 23.240051599127987 0.0
149.8628659939475 148.1028820022233 0.0
143.85431545766002 46.61428960122396 0.0
194.63958262134136 140.6866515232678 0.0
128.3492583681679 165.2096785545028 0.0
145.10769537735433 15.692300602795694 0.0
145.06564767688107 82.70643595676654 0.0
50.47272226012534 51.081253891029576 0.0
56.34803967501407 132.2205822404254 0.0
23.192253644633 55.24736669478714 0.0
112.52596387654133 109.29967664035145 0.0
10.034555378903743 175.72074495622797 0.0
185.06755122840275 163.7336985457969 0.0
105.62700871731461 43.22786458129278 0.0
124.35485855078822 8.39037294975904 0.0
136.08833119530993 89.10246504685344 0.0
97.11643388955211 114.41695147221209 0.0
109.28394256231142 13.299285357113 0.0
80.62270884607472 79.533327989341 0.0
153.43904877123288 125.77076372779665 0.0
69.07034796795031 179.77410404701357 0.0
147.28939624354342 35.724489465208386 0.0
182.15181104497194 44.92013689759802 0.0
182.6449210266536 121.28699493669626 0.0
156.6268635391597 33.99284156677205 0.0
94.18690357271811 176.3574311413358 0.0
48.782882168831 29.56733413115089 0.0
141.51441782967166 1.9422666045243009 0.0
178.99136642881257 18.29335762536497 0.0
134.90132488476115 86.02019080038623 0.0
9.138119946824673 179.89570548935362 0.0
58.920270096205286 98.99405260615998 0.0
159.52510940786487 68.05867836309652 0.0
167.03547995962865 121.04452938044847 0.0
143.912110511389 33.98194257399227 0.0
195.46155531747044 113.20804385216181 0.0
29.68676240665049 117.0279491974314 0.0
176.03055138286297 145.75927775334463 0.0
114.72179941933736 6.763892629377444 0.0
115.50524197837528 105.48636275826604 0.0
53.29864940733104 166.8339924874755 0.0
152.72151250091957 17.704743925222832 0.0
60.546828769712555 3.4807170578402102 0.0
105.13831775528273 139.36347767068617 0.0
78.16895280659423 60.166349961963064 0.0
172.81883785258194 6.355458586533813 0.0
93.7914128042816 24.62912363908871 0.0
180.5618625650006 51.15108304477254 0.0
172.10111910179512 45.841021505335334 0.0
107.84770403889159 46.13243428439628 0.0
177.99907115301582 75.71697531762305 0.0
181.4582256261231 73.5130807894312 0.0
50.321712419722495 74.05826165316658 0.0
87.0759761658142 174.48624834586482 0.0
19.251456185454828 145.09550764188975 0.0
93.8626214109827 88.252046294034 0.0
151.35801083594603 10.129560454903409 0.0
79.96223401566797 155.83216803847253 0.0
53.28247889135535 63.15142642693608 0.0
197.07036772433005 134.08833988219334 0.0
68.3965070673074 4.955108960412202 0.0
18.655018342593976 142.1185819029627 0.0
60.339042767213115 106.14009835273525 0.0
79.11101373177507 45.21316227251477 0.0
93.15366063957491 110.53306225281605 0.0
130.0746423451783 70.80997511609122 0.0
189.81959460240753 57.941110540291476 0.0
15.320606506081202 146.39677588546144 0.0
79.29008248433492 78.78172892076178 0.0
197.10875914231823 151.06570834806564 0.0
26.721770349118756 93.01745205083111 0.0
54.54336626608769 180.43314736307693 0.0
82.3994379723784 131.95601330364366 0.0
118.45293046766265 38.89586330447641 0.0
181.9303703017407 93.85955013682121 0.0
7.493993544377697 93.70227933429899 0.0
83.60330447195221 142.93937202325907 0.0
186.62750214765944 152.0753414015966 0.0
138.37689557634016 66.19541866047027 0.0
181.8118799485834 155.6314555001733 0.0
153.78322324553412 113.69249341624943 0.0
153.70195260238654 25.597584563150356 0.0
135.10195611180765 165.24817087996186 0.0
158.33846214372323 137.83666558158296 0.0
65.48124286826149 90.13994200929191 0.0
4.2580482464053215 58.44902263103913 0.0
121.25171214779213 96.32216444988913 0.0
153.1489534675591 128.72547741717048 0.0
9.500120965983605 101.77607946940721 0.0
5.123006301483279 52.48562978917162 0.0
62.03971155513002 102.99897272161151 0.0
159.8697539011302 9.34251993605617 0.0
123.2345216892019 164.27145201728536 0.0
51.40391992227122 194.19275260741477 0.0
128.70522685933162 6.224499363834535 0.0
116.81271767215422 66.23898883429237 0.0
187.76440701330714 33.360915502859356 0.0
178.35472512293572 180.10949226703207 0.0
154.49950052643507 7.568437839713726 0.0
193.45759560473027 67.14724182211052 0.0
100.74188626568782 48.294761146718 0.0
158.6068884099099 36.698900432173986 0.0
188.73102768376503 19.937373389274505 0.0
140.81385682500851 175.24185801799712 0.0
182.10276220325412 53.13406993322103 0.0
154.29518550584683 35.44519533286476 0.0
30.901193947823135 139.02270074124272 0.0
100.19314584149906 127.76838481884822 0.0
19.634054432228766 34.17156014902352 0.0
43.60968897517772 153.95931861881144 0.0
76.96147352776906 118.76470139667722 0.0
114.92366454630512 154.82097843911686 0.0
11.428719122239727 161.75915754298873 0.0
91.30529192299154 183.87401719773732 0.0
59.723473984281085 164.11395817884778 0.0
39.53765916003018 164.05023148366084 0.0
12.258808553663393 174.8235898541 0.0
82.70002713866967 36.3097333646629 0.0
115.45306112446141 4.371389796988501 0.0
190.96334488001153 167.08246378266293 0.0
140.89838034733586 96.35117408858895 0.0
90.69337027519309 45.69253660966848 0.0
58.679819120136 60.38815315382795 0.0
136.2524288831207 173.43161041090596 0.0
55.42731795919493 118.12312660509782 0.0
95.3358296489233 122.70538190067741 0.0
197.2530897610276 168.9066350497651 0.0
61.37457487359601 27.685115740109612 0.0
53.54738868024742 142.98260462222797 0.0
125.48105744437406 57.15387269449792 0.0
69.67582655864202 177.32386296997893 0.0
15.609965356799194 115.7449570157984 0.0
4.941743937792076 122.91470936951205 0.0
42.051723814014295 121.52788946858453 0.0
136.7475597664102 172.1584537893286 0.0
176.07130631947743 115.90510050916343 0.0
172.70913002376395 181.22078019556858 0.0
132.4504110093609 176.04020093199594 0.0
109.54768866041715 154.50249415632496 0.0
126.88642602707465 20.546655296418415 0.0
30.904066200194524 157.06811299692745 0.0
135.6467884049114 125.92342019812692 0.0
45.79032711080231 25.73948480207551 0.0
197.57282304948603 104.23190999693949 0.0
35.214203173357504 60.69648145511781 0.0
167.47228531804058 31.766505034077362 0.0
196.5820156457099 196.80967548025842 0.0
155.13530181475434 163.97859947907583 0.0
153.80616806042607 177.56258401469393 0.0
65.65355675908053 23.672043769830143 0.0
35.613497725668374 184.30401666134307 0.0
194.41805229221885 7.495546631784733 0.0
15.371119271024124 9.703787639209427 0.0
124.11594560366423 20.015598997791173 0.0
152.81682425644485 6.6679369679388145 0.0
21.242343397053087 15.161021740630765 0.0
181.40119672809269 92.602313629558 0.0
36.0882407919003 101.5883729976053 0.0
144.51907197510485 43.79629317389602 0.0
72.86111966247721 51.52498393781166 0.0
99.72828307543224 175.83118736785843 0.0
115.53993355634209 41.904379099949665 0.0
82.12383691931129 73.30062575811847 0.0
170.26174080703927 52.11655173509895 0.0
146.3561197353112 105.76316730675994 0.0
116.48224893157834 144.45346190037282 0.0
191.35187057097923 46.73005938513033 0.0
146.84814033220525 61.337847737846516 0.0
12.617197933850278 198.62392291328155 0.0
19.66420074100712 187.68133414560432 0.0
24.071994552346542 19.027057299279516 0.0
48.03357274219504 147.2255570983745 0.0
144.68558031628075 142.17067241671276 0.0
6.1949100607175955 128.47792999003528 0.0
54.75365103476415 94.49931685055597 0.0
146.27531045792313 68.86138504001703 0.0
192.47692574829145 114.27759924352188 0.0
87.6234517473191 64.95530651978734 0.0
83.57223218884641 102.58896298484265 0.0
66.08245852686474 22.21270383630891 0.0
74.966990644736 56.70922967659217 0.0
112.00747349998986 9.296350028703703 0.0
78.19853242524037 166.72041483342883 0.0
163.52817518501652 40.18463269112891 0.0
118.95980640622422 92.36304442813301 0.0
115.50179988952092 71.45550553263469 0.0
136.3035069877897 179.5081105468098 0.0
154.79751554660447 72.6647798095136 0.0
178.3368554787022 124.26260352113407 0.0
38.998359701943095 104.49287392320184 0.0
100.8096344547524 47.605300104713244 0.0
38.30221180968208 22.341903516004315 0.0
90.81840836364204 104.582393093716 0.0
79.34860283591283 112.3227626270787 0.0
9.920083101125066 19.47526559096233 0.0
4.893534237581543 62.079770884073504 0.0
79.26836644568634 111.98565116950438 0.0
194.6996571845937 170.65813400975273 0.0
13.956986128313865 59.36608478780032 0.0
80.70462230028359 9.627433480589808 0.0
154.57375657409244 25.556459984534662 0.0
133.47559290688557 61.932035899689744 0.0
41.040033164785264 80.77032589049315 0.0
97.15339596299732 185.44717633712636 0.0
27.130244616563015 33.60729783882148 0.0
6.534852293758742 74.97736459455018 0.0
143.63666367242715 102.65081452880843 0.0
32.63740223334508 29.441382103813417 0.0
83.96479157006532 65.64333657298407 0.0
72.03526478860942 70.24617734571295 0.0
108.01504731051182 41.713758078175324 0.0
20.45177698990188 2.3595948097463237 0.0
38.52682391757507 85.76475661421566 0.0
52.53782010633466 161.3497929240476 0.0
158.63120692744894 104.0105278895489 0.0
167.46162802965156 147.66698793274657 0.0
110.17906714732118 35.78823903211814 0.0
153.8804565873864 13.700949417254327 0.0
39.4814230386201 189.1492458399835 0.0
178.06005959024532 139.65552567283547 0.0
40.419379850796 66.36902128763136 0.0
5.353101806496108 11.039271272757766 0.0
4.45125310874146 170.3975428881645 0.0
27.943047427076408 93.57903852349587 0.0
102.8647388062238 144.4046239615139 0.0
190.7052598252319 190.62127152310694 0.0
98.69236559180709 163.95762560609072 0.0
182.23252626208824 63.593467762409816 0.0
114.02873779572622 175.001600872934 0.0
89.51735677610635 97.85616355960856 0.0
163.05845201160173 150.69499601941382 0.0
102.47883758956876 4.283558070277138 0.0
101.92375503322573 26.286528653104636 0.0
198.46710489472582 161.16872776265586 0.0
43.63149899222205 163.60202182238922 0.0
37.07379683783605 21.557206705802855 0.0
139.51909681702918 95.34246748511495 0.0
152.02213394060246 37.870473081809706 0.0
138.3696075256732 104.27762332378947 0.0
139.60570519588643 188.68875589603863 0.0
100.0863333788937 103.55217911035012 0.0
112.090154593468 31.820349304906426 0.0
62.907654797025046 101.70430548217344 0.0
9.687483147523078 53.2924323998184 0.0
141.4631151720074 59.62931444114259 0.0
46.157862532575614 133.65624861913338 0.0
67.54207377104532 176.6038326793015 0.0
0.7891750261145747 11.007237294750261 0.0
176.2666661981772 178.61884942946554 0.0
63.44990590035735 84.37859243648198 0.0
87.43089237883423 24.65272839648891 0.0
89.60615213422972 171.6745152774788 0.0
35.08825602770218 195.14801878421483 0.0
28.639078664323534 113.06718695222229 0.0
158.0404252275512 181.8389466165209 0.0
151.49414900235612 193.789424571294 0.0
79.69988138489441 159.20896509212943 0.0
122.63907002915286 49.51262999776442 0.0
177.86975818164188 85.24084198162438 0.0
136.5024946036205 13.007609746489756 0.0
73.30437997657211 52.75438720756733 0.0
70.01094582390388 162.54354355363387 0.0
50.484333802037604 192.50979298070084 0.0
90.53670737138823 40.4882732155748 0.0
164.86027151148036 15.387436758625128 0.0
2.514690526181096 124.83083252753937 0.0
87.88984206672829 173.3376752317727 0.0
16.18174878143501 56.85496111978423 0.0
94.51256199900828 17.427100441219025 0.0
178.33698137783765 154.9502575743055 0.0
7.277731809761767 36.19046015669336 0.0
17.717168420561634 77.55522211609068 0.0
177.16073623970144 68.63029757710567 0.0
26.526509843002867 37.48454491439082 0.0
103.1735219700965 103.589152505351 0.0
24.85539208997647 115.40049501429961 0.0
71.19520886860849 100.8519917022213 0.0
36.16805315545535 171.94633433880796 0.0
27.019208715850816 199.21935841769266 0.0
39.73440523682707 16.067376322846183 0.0
189.43350505756072 112.9245262898086 0.0
59.82657991369087 51.303103420548624 0.0
56.221008630137014 60.15073175347072 0.0
101.69607283139209 192.3416102418338 0.0
59.2873652415014 16.037469963663952 0.0
50.792620782912465 20.885483859270693 0.0
184.69366994902998 37.44749948095396 0.0
14.381382255985775 132.88595961251207 0.0
189.19209712902762 67.89916491469772 0.0
103.66015398962118 18.460064765982498 0.0
16.932620350064866 198.4513660085698 0.0
129.67378922832557 11.313280990224662 0.0
48.329332109358816 33.96129814881084 0.0
117.7682470988476 46.24801089763131 0.0
97.64521457425235 194.01804046408782 0.0
133.02198759808576 171.34601748432166 0.0
16.674540608332954 63.987675868234994 0.0
53.03777479516001 175.67075009075504 0.0
158.97229226547717 103.98862273031727 0.0
24.673317312057954 113.84336249660849 0.0
12.400476916689819 122.24853402538542 0.0
197.73432153715524 135.6039401849313 0.0
17.331319741081018 124.17708181111668 0.0
141.34906135118453 61.47735717565885 0.0
153.66782906708787 59.62153405893433 0.0
117.68867672341877 184.92098905669226 0.0
101.91237525132799 8.155132372144823 0.0
112.89289808894947 26.83916726798259 0.0
61.834344120894215 65.88078728196713 0.0
6.506062532098245 20.107396169167792 0.0
46.85820822818576 27.115696836552438 0.0
98.42372560172205 159.75675897000846 0.0
63.113637385968666 90.45508822436832 0.0
6.295384352904487 118.72712220290052 0.0
29.159636551469113 61.096242488766464 0.0
96.52416759390545 199.60528949733063 0.0
195.71498125845585 69.93667208709222 0.0
118.44976467308905 169.52226262367537 0.0
184.29751978335992 84.84323312062958 0.0
173.99593425511796 108.3914006827402 0.0
179.49528369992194 50.62166319942114 0.0
174.00957732052277 89.9272809266394 0.0
81.66256196853685 161.5989354992159 0.0
107.71334622214322 10.392676185194194 0.0
155.15452671087604 144.36355794907175 0.0
183.13928017832734 181.77903717941922 0.0
91.7842013224388 108.09184850279141 0.0
184.10626201810203 14.133568340416458 0.0
50.00593590677429 106.02091056636867 0.0
33.24923198174625 26.003875054092628 0.0
127.39984785547598 44.011987753659135 0.0
150.80364412589267 142.47894347657467 0.0
77.35205469999813 170.78053095967553 0.0
155.2937898215901 167.0629895596761 0.0
90.39566814118353 89.25229508447433 0.0
164.96899661777152 46.62660387979136 0.0
126.49808807122068 39.63741215713388 0.0
27.77696386202684 87.93736995742398 0.0
6.650215529035286 122.19739821618872 0.0
32.858979533578506 29.779957584675042 0.0
50.43365218074989 151.31263843737204 0.0
37.99676943485888 26.433532620020017 0.0
80.81218100583409 162.34097955339618 0.0
85.1364046172729 156.28210923801117 0.0
108.21426351082357 28.890546838530497 0.0
70.05967073723107 33.59129212335714 0.0
153.04340654420372 190.51304057000021 0.0
82.46887737114896 71.99265496950724 0.0
69.07376786443831 139.45635289513078 0.0
39.19624288386705 124.9748613279091 0.0
89.75853597987944 69.99823575435605 0.0
195.94432431006769 11.688369581113033 0.0
135.2989847971585 155.01556544619842 0.0
41.90937948555131 25.628473604092218 0.0
90.39246462783109 81.82659685947927 0.0
156.8346808058863 119.26910624171394 0.0
90.89779611969419 152.976310467084 0.0
41.48627532296813 59.477834349899396 0.0
142.22691648531637 37.51787060130558 0.0
120.23895307244885 56.550080607440336 0.0
133.09197341920296 144.47597370501109 0.0
58.40539058820815 183.9585875046232 0.0
105.30727595922751 182.560705613974 0.0
37.13695501329284 126.42185806427506 0.0
93.6659121423439 168.83328058067983 0.0
85.16973504153071 20.653120598227726 0.0
159.4810849222154 153.90796097895117 0.0
179.38490218999664 186.15926518703418 0.0
7.202625302567989 42.40712627840655 0.0
195.0976264016286 182.71688956983778 0.0
195.58932160414167 104.76938554801349 0.0
112.1841859850651 76.66047705617717 0.0
33.23815988432379 100.1434041272304 0.0
164.60225386640272 49.87556752339562 0.0
182.84176334486588 159.982891203073 0.0
58.554514687625826 143.39750599687068 0.0
189.36572493167014 118.09106621931382 0.0
178.491247276093 191.7742329266243 0.0
