2 730
6 721
7 597
10 57
15 871
16 432
19 57
20 107
23 582
22 483
24 100
29 162
28 767
30 318
36 981
42 324
43 926
40 341
46 424
44 555
45 951
51 815
49 792
48 866
55 243
52 870
59 851
58 701
60 442
70 370
71 330
65 441
66 757
67 429
76 180
77 378
72 798
75 841
85 222
84 139
87 327
86 14
81 913
80 984
82 323
92 224
95 375
94 104
89 141
88 916
91 283
90 110
102 411
103 323
100 29
98 479
96 62
97 696
108 871
109 238
106 505
105 819
118 368
113 162
112 228
127 120
126 666
125 161
123 732
136 249
138 881
141 590
130 512
132 256
153 706
154 381
155 290
156 385
158 453
159 832
144 792
146 420
147 377
151 738
169 439
168 128
174 699
161 776
167 315
166 43
165 171
164 200
186 581
187 270
190 19
191 921
188 66
179 133
176 124
182 690
183 811
181 21
205 374
204 238
207 526
201 389
203 468
197 837
199 705
193 383
192 874
194 455
221 518
222 592
223 173
217 985
219 303
212 811
214 981
208 169
237 679
235 316
233 929
232 118
228 683
226 119
254 15
255 681
252 107
251 753
247 294
242 48
275 89
279 719
283 530
282 481
281 421
280 363
287 243
285 788
258 930
262 605
261 155
267 417
264 457
265 597
268 586
269 872
305 336
304 446
308 792
311 15
310 550
312 294
315 590
317 358
288 566
289 427
290 97
291 886
292 221
293 688
294 748
295 216
297 985
343 236
342 272
340 755
339 785
350 995
347 115
345 357
344 235
327 390
325 867
335 426
331 414
328 982
329 517
373 34
375 44
374 190
369 71
371 245
370 11
381 382
358 270
359 66
355 665
364 772
366 52
367 445
361 194
362 261
411 81
409 198
414 984
415 177
413 445
402 814
407 253
405 292
393 40
392 853
398 239
384 592
390 206
440 295
441 808
444 728
445 50
446 901
433 545
434 384
435 478
436 791
438 523
429 920
431 884
417 359
416 394
419 863
420 925
422 753
478 383
479 180
476 459
474 574
475 80
473 376
471 196
469 368
466 62
464 447
462 238
460 464
459 986
458 502
457 121
451 883
448 188
508 22
504 494
506 707
500 194
502 886
503 634
497 249
499 562
489 455
491 86
490 57
485 268
484 168
486 271
481 734
483 255
551 314
549 189
544 916
545 583
558 30
559 170
556 564
557 775
552 899
567 728
566 66
565 648
564 828
563 863
561 410
575 902
572 717
571 307
569 897
568 539
516 397
519 302
514 168
524 587
525 375
526 327
527 595
523 580
533 708
532 766
534 216
528 639
540 43
543 114
542 147
537 791
611 256
608 201
616 422
617 405
623 178
621 20
627 638
626 854
625 925
624 805
631 465
630 202
629 808
634 406
639 363
579 9
580 770
582 343
584 967
587 779
588 502
590 914
592 771
595 548
597 165
596 327
601 692
600 795
603 674
605 223
604 360
606 494
687 904
686 48
684 291
682 284
680 568
676 644
675 737
673 646
698 375
696 270
695 139
692 803
652 764
654 946
649 180
650 494
645 839
644 976
640 147
642 622
668 741
670 901
664 323
660 482
661 752
662 877
663 861
659 967
744 676
749 593
748 927
737 287
743 868
742 96
740 726
763 639
760 106
766 254
767 55
764 70
755 869
752 686
753 748
758 821
757 301
713 597
715 370
717 152
716 250
719 277
705 534
704 623
708 706
733 314
735 576
720 657
721 154
725 165
786 223
785 462
784 324
799 914
795 660
793 414
792 286
774 760
775 803
773 91
770 971
768 508
769 132
782 737
778 683
779 698
776 144
