5 271
8 132
11 450
12 575
13 843
14 250
15 111
17 579
16 412
23 408
22 172
25 112
29 718
30 485
35 545
32 500
33 0
41 397
44 912
45 422
55 116
54 643
53 799
58 394
56 980
63 659
61 203
60 776
64 79
67 780
76 977
77 676
72 271
81 909
93 194
95 585
94 120
89 791
102 194
103 223
100 816
101 823
99 357
96 291
97 541
107 951
119 783
118 373
117 847
115 298
113 62
112 517
127 980
126 774
125 311
124 271
122 41
121 983
120 121
137 846
138 396
141 565
140 241
143 612
142 315
129 415
128 523
131 150
132 904
135 313
134 171
154 638
155 956
157 161
145 125
148 555
149 284
171 160
169 815
173 532
162 621
167 339
166 312
165 89
186 608
187 33
190 493
191 874
188 722
179 631
176 128
177 689
183 554
180 327
181 381
197 298
199 935
198 912
193 411
194 627
