38.18694372182865 108.57957897910238 0.0
46.04095985632275 26.338405534925347 0.0
36.85052594866389 152.09507098735483 0.0
156.61596592896757 173.19014733634452 0.0
11.020975864871364 188.32255043983903 0.0
154.13083251040774 51.91534861743487 0.0
8.815087689397338 183.0337557692309 0.0
87.5090231219525 195.81682215302487 0.0
115.68127860302741 160.67384439682016 0.0
12.109329838892325 77.03668987153789 0.0
34.34976137793417 109.13251823023298 0.0
42.32250310178958 14.055881442627726 0.0
8.526852952679143 162.5076308398806 0.0
54.01853300451531 131.1881660223685 0.0
111.9702945642709 124.36728107291306 0.0
15.610439574586099 181.10993091983636 0.0
127.90290062146026 42.649421974498395 0.0
132.94579276313888 18.224864081463753 0.0
103.2921510004275 102.22062346561074 0.0
155.9324004979461 93.67028996540556 0.0
178.3435634107327 162.24856435202275 0.0
113.75004477201762 132.02999996351693 0.0
63.62610905768309 32.92563495509518 0.0
20.695289801915973 145.32599574444666 0.0
165.56817560670268 59.71373278332837 0.0
126.15190036595358 141.61947908421615 0.0
45.63292551839384 163.1633563776973 0.0
69.87453256371656 93.55925172750268 0.0
39.30218423721614 168.49265700199106 0.0
47.71877589806035 146.4734842476304 0.0
58.068343671600346 51.4951300046397 0.0
193.14594733864968 66.10851712157336 0.0
50.95403288724789 25.977354511389073 0.0
36.27626786250613 152.8764173429341 0.0
111.64966876227763 2.8109911674653265 0.0
114.95946108301307 82.48053579120398 0.0
183.17926080767245 61.816081210315346 0.0
181.2770532872362 172.0463522420819 0.0
134.0752001542481 195.07550257542783 0.0
172.08599868361821 16.39256227155814 0.0
58.363054895801895 103.91326876115644 0.0
193.65857476810868 90.83529114555358 0.0
186.2277119641721 61.652132278305594 0.0
8.168763624505404 174.92597467511183 0.0
183.05250181193034 190.3987392713783 0.0
103.72071959698665 115.7814816055611 0.0
61.59329685860961 142.487551154528 0.0
179.8101538886002 120.17259318865024 0.0
35.36981208304153 125.84733959250407 0.0
186.55480450928442 41.29504326047015 0.0
0.9267692419173246 67.43701197283785 0.0
118.72557879873726 9.15491631394596 0.0
152.4377381259449 70.03037670440713 0.0
184.55502930991142 42.758130217389414 0.0
104.19492911592894 185.01208904982957 0.0
144.49542536614365 177.80152649357484 0.0
24.848453570647777 97.48002182107946 0.0
146.54374815601466 145.32087960679632 0.0
71.82886048744072 199.83204336960017 0.0
72.44641451883429 144.75892942931242 0.0
55.20714412843635 116.14792908513085 0.0
53.041744107204856 169.17445420253924 0.0
157.31662073874756 32.06006387564604 0.0
11.193585347198432 60.821065323521914 0.0
87.7815431128014 183.43936910751367 0.0
47.214743962958124 2.082356615394443 0.0
63.167448643650914 162.10559168671378 0.0
194.3742088339906 79.75774592016411 0.0
66.28869315012031 107.90410682845221 0.0
141.02751247983883 99.95127377968657 0.0
162.2788727761585 173.8740181798737 0.0
141.1048170519409 176.3232689868849 0.0
26.85015079695421 74.86523901945161 0.0
116.13666017022324 166.22279464403965 0.0
76.7378375634841 59.845021807052355 0.0
89.69263290492097 187.22645964446258 0.0
83.14688728866497 84.26728497735887 0.0
189.05349930482095 10.867076501484618 0.0
96.08720935905795 101.26072580981655 0.0
99.1326623918023 100.84337677402604 0.0
110.80518111236599 39.02477702278979 0.0
60.10815533636391 39.75990866823571 0.0
167.08883194121964 186.7050027934058 0.0
62.92164357185974 71.45396818099576 0.0
88.04468857368526 172.15257431843614 0.0
15.74622813362485 75.22427129810256 0.0
37.01444165924066 82.35512173585076 0.0
129.72019616724407 83.78387549325639 0.0
99.61997761954248 150.95916003061228 0.0
3.68916702976696 58.517693500587 0.0
182.49563100385777 17.187032100736044 0.0
75.39430786684737 43.632679923093654 0.0
61.08676920094733 46.58419750361966 0.0
50.48973007010908 35.04670375484342 0.0
5.964190195473407 196.41546423816794 0.0
20.967481895575645 120.3698211628422 0.0
70.42414312581367 7.161550335992284 0.0
41.01366017086994 73.08953820675231 0.0
31.713984274766617 106.45022269889172 0.0
141.01482347438358 17.079446271106757 0.0
144.043945235217 122.88907332063954 0.0
129.3788994001433 16.8084251732596 0.0
83.6156818778248 124.64974882810674 0.0
57.03020943103569 94.13542528985164 0.0
144.21863944204492 21.286341885046678 0.0
100.88359777230585 24.332648694135095 0.0
76.51558109739163 197.15337247729187 0.0
60.29787074101309 121.98778597887244 0.0
154.95890256022795 180.9216851080785 0.0
54.4541021665425 91.69369306402461 0.0
103.34974281409632 198.07337837442097 0.0
158.79966189863174 88.94185656200912 0.0
13.372123507114564 1.8896348152494191 0.0
25.144224974058595 13.393651813439922 0.0
150.0047201126273 33.328222054262554 0.0
192.68913977165187 139.71129883615703 0.0
153.53316292170652 121.3201811609798 0.0
16.21705706081822 80.38822244307065 0.0
19.956101617296284 2.3980790036716604 0.0
112.86388528186848 170.5263279880152 0.0
169.8985273307373 112.20095763051454 0.0
160.3405248125974 66.26548379110714 0.0
100.716179713697 181.28401871020057 0.0
167.16713841089842 56.57837746555068 0.0
157.29528261287163 153.79372053804988 0.0
179.42796926023755 102.40171326296567 0.0
54.121900396144326 39.95205730439455 0.0
188.75012473935803 137.5824143520355 0.0
134.51590112614386 111.92625936478937 0.0
162.65499324548637 92.87553766065216 0.0
162.49441315817842 157.54329256724776 0.0
31.126258757587788 37.238177000679215 0.0
108.55032999601029 117.44108960242978 0.0
132.183859095661 169.9215988452342 0.0
112.70147452336717 148.6314301274816 0.0
44.44849635787318 142.37162233410072 0.0
186.48650920180387 181.0821165998624 0.0
116.12660975183067 140.70504436093486 0.0
50.15389697382155 163.80890611023773 0.0
137.5410798608473 117.53776963004366 0.0
192.11059268629603 33.100537141971344 0.0
98.27823009142311 126.19805852698845 0.0
184.76737286957962 177.88288376940872 0.0
20.216931594746956 80.86621478653333 0.0
94.23815029998528 25.86123133330758 0.0
64.1510914254115 42.939700912404575 0.0
80.92082488313793 128.96234873670824 0.0
70.41192894939499 116.93061662682156 0.0
3.807542710057099 187.73089810447547 0.0
12.841893092972633 28.460281110825612 0.0
13.442646814957104 21.71758787028457 0.0
120.6673452357866 52.423290656517516 0.0
146.7667724176085 166.52916158203612 0.0
54.26239330760543 161.15155312190115 0.0
21.65597886364008 158.0932629249342 0.0
108.49167288187525 70.41627888847648 0.0
69.7850432462169 50.82393591243522 0.0
161.2651238060911 75.36395974648099 0.0
143.5143558846351 108.75636253660319 0.0
185.13308200299792 188.9900892623738 0.0
185.82027035068606 107.35227727087585 0.0
196.1954326083477 122.51214920728899 0.0
161.8588980431366 88.56025119381337 0.0
127.29379495252732 80.01133171350392 0.0
16.57381334218382 122.84794657065083 0.0
81.40099728549689 178.97007933899832 0.0
44.828363023526016 49.3061001788176 0.0
146.3175836975921 153.84057405783454 0.0
138.86361944430791 88.55700548117053 0.0
33.23011877152471 51.53689728669957 0.0
112.45326645392888 53.08290872030816 0.0
39.38168403649749 85.7515806728625 0.0
91.94714613384234 15.722611155671927 0.0
29.050040933866008 81.25489366540504 0.0
11.465343514630778 139.4674197119919 0.0
77.22433499280297 9.843258631417617 0.0
152.82517120458664 120.32031588556782 0.0
126.81654782376586 196.36072657016146 0.0
30.353574780205307 149.8651129068823 0.0
72.93920909048425 56.22551152086419 0.0
136.55787013883256 65.32510711787943 0.0
106.72607041070312 115.15121885976227 0.0
136.69807161583876 22.273593352667408 0.0
126.36802380152173 157.2602764310141 0.0
28.624282135916435 198.79142699748584 0.0
154.48154727114803 49.5449494356063 0.0
168.8130099050339 119.74957138904827 0.0
188.622503012795 98.6389815961046 0.0
106.35655809346629 176.0274471037689 0.0
155.70333809116488 110.1209046857908 0.0
63.72993872161601 5.8607117392721175 0.0
41.26700711583282 41.077695703806214 0.0
56.48011040065606 4.144809231180813 0.0
21.016379318834865 63.41541230610157 0.0
53.55261845055266 130.40360911151586 0.0
134.69304675989667 188.4111691037107 0.0
45.79099674432503 197.2651123536608 0.0
111.34487933589455 142.25863707903343 0.0
12.214734342020384 138.66909482665375 0.0
180.21695565858033 127.86709902302545 0.0
