145.73654444258412 49.232771649806395 0.0
102.1814459383339 64.46501966915773 0.0
101.16259104745922 160.64257727310033 0.0
188.55068992025573 105.2550616191036 0.0
123.6503542619881 193.34379198579785 0.0
134.2653767652673 197.70942124067847 0.0
43.10732597163434 67.71574257383793 0.0
71.74864097281079 102.93979854596887 0.0
78.70060643225085 188.43553158131937 0.0
66.32241632553317 83.53643793578192 0.0
137.96012153557848 92.05488387910077 0.0
145.91913041407565 22.699605955054913 0.0
139.66135865212098 66.91140182445601 0.0
2.1833242308342937 197.617764526202 0.0
104.19479434623891 125.26328610067925 0.0
166.9244629054382 63.64156368109164 0.0
14.699741055252314 62.41914718164574 0.0
30.577334864022298 188.81046585563902 0.0
168.0604157596786 198.76746949184658 0.0
188.27193791816012 67.54675638474606 0.0
106.93246025001393 167.9931318110997 0.0
74.30989485090322 137.839427023302 0.0
52.28848470279559 188.4010915817434 0.0
77.28988957830447 127.99825106532143 0.0
40.54141027086955 34.15022639949352 0.0
115.81981360188733 67.0662075508413 0.0
110.12479499654775 9.33314872824429 0.0
198.69873806791776 107.23616575173271 0.0
79.47961870658489 20.22056381345616 0.0
193.64702631774276 127.12561226888882 0.0
111.71725413067735 139.62161661326016 0.0
85.10830450331977 111.52101284040164 0.0
170.79877191674234 62.19441800128011 0.0
14.342279867363516 136.2111314719399 0.0
39.89091714545305 160.67384558319014 0.0
163.9726717587342 25.786590700740362 0.0
194.62954909193812 70.3664255625482 0.0
74.34995434285679 197.79059735046408 0.0
102.341470218682 52.89495893695293 0.0
60.53376716019088 58.36370685464727 0.0
52.84608506506259 20.058438693770995 0.0
36.39527258533093 172.5332584228112 0.0
17.278444004786707 34.80545532537038 0.0
46.28501657315791 96.55590353267137 0.0
78.44572457381452 148.70224829923984 0.0
154.90716264075334 30.229516157788304 0.0
79.54934811083206 183.90933041955896 0.0
52.486241338486764 123.84853000803002 0.0
97.67537149057173 122.56337507810646 0.0
195.00800904798263 157.48460746685976 0.0
164.27603804873564 127.59392944291417 0.0
118.2610715842061 199.53233698148446 0.0
126.93568065638819 86.38729701699602 0.0
139.60155046776325 146.96744894463956 0.0
75.03454032121756 142.34277866911847 0.0
192.80812336366932 151.5228942048907 0.0
136.4943079183889 159.2492142416171 0.0
29.090181906529256 43.99591014535189 0.0
93.60955906387183 49.54265367435748 0.0
61.257241459798365 183.15702300770744 0.0
163.03951816139673 189.8887330677209 0.0
128.25287583043738 76.23975412566988 0.0
38.35497185730172 146.1661637386134 0.0
13.701943547219365 44.74757322648482 0.0
103.10536246271427 34.810634279865724 0.0
64.81502661707599 142.32253191311827 0.0
188.19151577996016 58.61104014876304 0.0
126.9394435479552 70.67772577080294 0.0
169.39968690799182 72.43301956148804 0.0
34.24142518969009 185.10361995661833 0.0
79.27293704296612 57.977409288465175 0.0
78.44939732305049 32.8160862506907 0.0
42.06622443023984 116.56406219949747 0.0
15.283616127303755 25.421700629405652 0.0
31.351818688583165 25.064367907667396 0.0
62.142705322427425 11.033865637935225 0.0
196.91201581863956 142.48860681306482 0.0
190.81294393336057 82.08090911356982 0.0
110.87642376862507 103.36694923173737 0.0
25.411558548714886 131.60531652876432 0.0
142.63142467025543 88.94593214667151 0.0
18.47042601732283 53.86091842424023 0.0
87.84968950831913 128.35491204199022 0.0
97.01202818467837 74.27276717391258 0.0
149.0579730597931 49.2798218393095 0.0
45.66483208753909 89.33219931371256 0.0
193.48171434224125 171.31446969982304 0.0
125.31040163127128 98.7574143929723 0.0
98.47526419062325 15.042273601177625 0.0
13.450132841795238 20.25768956063665 0.0
135.6669195214531 186.0342824677515 0.0
96.4245429541924 191.4971922070661 0.0
142.01821731209836 185.3320677056852 0.0
43.81357397422083 84.36214961769592 0.0
79.31721376741004 196.61690013501726 0.0
51.79152965980265 183.3929324410391 0.0
93.19593332044742 105.14945221241916 0.0
154.90567994599704 13.250449553711775 0.0
148.5823113793316 114.69701853419636 0.0
174.6928214465438 139.34407303444613 0.0
140.56734331258528 146.0482030817885 0.0
198.74339436470612 11.256029990932248 0.0
57.98854270141636 124.34762519776838 0.0
165.26816367888046 170.3551884270605 0.0
111.60094807930909 92.36624954177705 0.0
165.9175854238465 1.0007715426255892 0.0
129.52738335251496 22.95547075676616 0.0
73.54954530490132 68.99453368318744 0.0
169.74992746708892 46.31623462622709 0.0
51.836232025830434 161.44757058603477 0.0
2.7248787019858556 156.34696964267243 0.0
10.046403533787762 18.985925894339918 0.0
76.77377113273197 115.21712822939507 0.0
129.03448774754946 34.22680968221334 0.0
194.7233583774695 36.44587281736762 0.0
3.4133577413830274 79.7151530344436 0.0
2.3377975369786252 194.14822832353124 0.0
120.08288611776064 124.0180249481474 0.0
117.40652937145393 179.743915930075 0.0
124.73170813343756 196.43218761353003 0.0
112.9217171716586 7.3067883836302805 0.0
15.624954400836355 168.76798998512243 0.0
8.599349982948512 154.86570963018522 0.0
47.93597418418305 136.93046831977372 0.0
22.068551732168572 21.350471065537356 0.0
132.07545912299545 105.52648439606915 0.0
84.37379253264838 77.50910970757768 0.0
65.91665324551441 5.4844480196782674 0.0
34.00512036419565 94.00595707864056 0.0
53.51055500590676 7.680973946427594 0.0
69.4918508943061 41.042332299204176 0.0
31.83056226128329 34.826735381260065 0.0
162.66535254238477 171.22488098712762 0.0
152.2810530932024 119.37147189137968 0.0
113.01701551963497 21.0390652445974 0.0
145.14990274884687 6.946003158060998 0.0
158.1477147057958 196.16841543045712 0.0
32.88014082955266 162.8668398164282 0.0
146.12542149773196 42.032788675005925 0.0
151.98135684807957 103.48694718547131 0.0
22.637928251462093 43.30168592783523 0.0
93.59667302029193 144.6837483403404 0.0
189.14796832226702 44.77163787520433 0.0
179.18647529939676 36.533595787063724 0.0
147.82830028356682 140.87931242537405 0.0
50.48542752600873 136.22954559662094 0.0
164.8746690614906 142.25493954629377 0.0
71.834538491128 160.55708525929873 0.0
55.86486707129099 95.10332978618008 0.0
118.18543716950842 154.75037156170652 0.0
25.152403924668842 2.8327828207479255 0.0
153.5192363744079 116.30931885147571 0.0
175.85362839948172 79.23468950473323 0.0
192.117781278749 120.36560670362182 0.0
47.80744767870671 148.64981129231623 0.0
179.07033199464448 7.443623419173684 0.0
137.95712491925894 0.9396499801021196 0.0
26.593982615829127 114.97005709428181 0.0
10.923899714968655 7.714506514955444 0.0
99.19162314529497 160.6437302709727 0.0
117.11256664725147 111.15227402063238 0.0
53.36629625808127 18.785055356264046 0.0
1.5093430066905222 7.875198407233985 0.0
106.55638924475042 170.04230614540904 0.0
8.402822835109202 167.73427981989315 0.0
135.1511688016835 50.33971418434624 0.0
65.57896357500341 50.98410132858633 0.0
82.89165731356873 176.7102550397106 0.0
66.11148880856332 117.21352219104769 0.0
198.65707547768844 185.6636414527354 0.0
156.68936282664845 155.53052334701027 0.0
16.582419018561346 183.99813454643885 0.0
88.49325804129424 107.88231602676169 0.0
141.64800013983842 82.47228659305831 0.0
89.95334355523497 106.02463240120395 0.0
10.327187795269023 59.51079864110758 0.0
80.29092682158831 97.53690410378975 0.0
58.573811907663995 185.1262704674073 0.0
58.566900479004524 197.4129224063865 0.0
148.37602950544837 124.49664782980715 0.0
175.03017782065652 169.1392499069152 0.0
79.2987989538877 136.14581924767853 0.0
119.87964395288967 12.806660188787244 0.0
142.88237666495064 81.4326537342013 0.0
49.12347737117684 117.68246802219605 0.0
165.45957894695863 70.06170369932964 0.0
108.03996670398399 22.804615740471945 0.0
128.89986847709045 80.58643322468077 0.0
109.81430578062306 121.54111598756008 0.0
58.98365408832038 15.383782029051641 0.0
80.24614199507678 44.69122107892429 0.0
27.55544773073182 176.3366270958915 0.0
188.9929496896975 161.58759607570883 0.0
27.299891349999328 80.4685134218107 0.0
53.63463773339543 49.79151235711527 0.0
146.92998809062829 74.03285392507345 0.0
124.91513391495921 101.35591920957958 0.0
99.77209303410297 149.06663430407127 0.0
39.836890063504796 57.26404670207812 0.0
140.1776783688952 118.17641513127397 0.0
63.85475605863529 191.53407501497648 0.0
139.8870172359703 61.33226164064332 0.0
34.235774767907245 102.61304858994191 0.0
90.41545369642898 122.70309787179292 0.0
163.7219193683209 12.06628554259439 0.0
147.72801184244685 106.07466447579685 0.0
66.95304236603444 119.20105621159539 0.0
141.91365100931927 94.1492473235758 0.0
31.677582263851956 115.14636133207247 0.0
37.265536710408576 100.03397249643551 0.0
72.5989746066837 21.04330326542472 0.0
147.11923092313262 148.4824207132414 0.0
77.77598872161715 82.38340605786235 0.0
182.99586133664462 179.9620494169269 0.0
185.8154552289007 125.16507533885843 0.0
49.04273595953372 172.37778421264656 0.0
16.66626200858683 159.42115250454108 0.0
80.45912772760408 83.28980741396195 0.0
119.64380060321214 101.80334337038826 0.0
168.54029292545155 29.72164702006237 0.0
199.38424101970654 81.2921716410058 0.0
115.16807621093032 143.1621769999962 0.0
133.74850587530705 90.73382543694824 0.0
16.021845800533786 164.12321476770896 0.0
107.26595810220982 151.78815558479295 0.0
84.47865220949384 73.62202197469037 0.0
149.5282268920964 72.00484343331415 0.0
97.11698206739361 98.21594912514323 0.0
190.01392851758172 90.12761308350747 0.0
166.9337574471762 70.72422129348344 0.0
19.14520270608191 29.35913631921816 0.0
31.829424101450755 180.529685774704 0.0
79.94752972532149 8.202132111004845 0.0
83.61143066234204 5.3611642793482295 0.0
5.504377843202457 94.62491752468651 0.0
156.71164839265091 180.71484249421283 0.0
64.46869577353264 131.682546715195 0.0
46.008606559310074 133.58095999301727 0.0
180.21350810624324 111.35743504684308 0.0
29.590687824588336 183.89989783534088 0.0
148.77421541130192 128.26619102731775 0.0
134.99183493130775 0.1795192708776039 0.0
96.55545396468017 106.01223987229973 0.0
106.37650974785772 84.96344978109835 0.0
90.8458368561529 156.34651349456513 0.0
5.346101234640432 61.34785941965433 0.0
144.50393487223153 4.931473412440801 0.0
109.4841278911729 33.50202444004449 0.0
40.74950210420691 197.3863340836808 0.0
60.453063492333705 2.1558064683590006 0.0
44.81398283565981 185.42438405607083 0.0
57.40076485115593 30.275008235667087 0.0
66.27483474018283 85.27592662032839 0.0
91.62992876336664 174.65338685209392 0.0
189.21837304644458 99.2233075308107 0.0
174.9292515165406 125.90781851423361 0.0
96.94630099241598 95.95724030429702 0.0
26.66021998076169 32.371129621787965 0.0
183.76125052735978 56.59643889688508 0.0
153.63896973688108 122.63464579642749 0.0
68.43712477666016 10.595482798471734 0.0
82.04767874639016 87.00057552480376 0.0
2.3001963329051245 109.3985250664414 0.0
82.05556184441274 129.86200925594184 0.0
99.41733624071787 15.579308896179445 0.0
63.524598099127005 163.03616785689172 0.0
7.208034212011749 21.34086080633988 0.0
15.120652244394828 174.33435583233182 0.0
182.8671254507462 52.63086249681164 0.0
9.34575782852396 176.1598646437984 0.0
144.30556911790785 163.76171860767124 0.0
2.45283001455614 115.6829400909497 0.0
123.88679579466452 82.30695612747003 0.0
20.899263801214918 111.14963066172747 0.0
69.05655400321578 25.178564087502544 0.0
44.941189883037836 168.13928825295366 0.0
106.03452301618208 174.17259848763345 0.0
175.1655726506999 125.09315630554138 0.0
11.05607777528277 72.90322455901124 0.0
99.20257174697716 179.19444625531128 0.0
118.22323084614916 186.92814680401136 0.0
63.55584087506394 151.6879543633209 0.0
33.843702142254806 155.00129538028222 0.0
99.43391382030029 65.98525714926038 0.0
124.20777275347238 51.77128404176972 0.0
151.6609795310577 32.40915637419724 0.0
197.07252681385117 80.87708433826283 0.0
16.190783576945766 60.18899435701777 0.0
106.69371141078854 122.27518269591306 0.0
4.4425759208377436 50.32623860422818 0.0
178.0654824751428 68.7652192357257 0.0
21.6234971077383 62.20748135625804 0.0
168.0989047686468 104.06395835146103 0.0
71.39695468131619 192.34991438061354 0.0
159.79005632926584 198.41030089412067 0.0
80.70196109259189 55.422070505752316 0.0
119.99921864560012 127.5667672856225 0.0
176.22364845089524 115.69046007192514 0.0
42.28274515702542 57.21577591399827 0.0
137.9605600894114 181.30061307180495 0.0
43.28952853435588 177.13178988140467 0.0
105.5295162508648 44.30868910290411 0.0
84.55445708059813 18.143287726247557 0.0
119.29431423845462 126.13779465899479 0.0
151.09131115987714 139.78127084157765 0.0
141.09972164171018 71.14089940602997 0.0
134.00812568684995 37.64379203453983 0.0
18.33753918644032 120.20997853567161 0.0
136.43810918899018 186.88898463230169 0.0
30.266914589853112 191.8789714455111 0.0
50.399774088755045 111.90162216653133 0.0
186.95628846346148 100.12584314086281 0.0
36.770004224500454 52.06127181336424 0.0
138.90974714868557 46.0868662199785 0.0
181.37428512985218 179.6728306673515 0.0
199.3858145873369 35.15411272523428 0.0
97.26850218277818 18.50296253026924 0.0
181.61207732023328 191.43485684172597 0.0
196.60714362242982 109.99899712327846 0.0
109.54429485578983 68.30954075288996 0.0
165.06293489537737 79.14937603849333 0.0
173.5140344146756 186.83261941913975 0.0
37.58335765054497 63.077782355528434 0.0
171.05407449236438 172.97849419048578 0.0
196.33972689935308 182.8457527682869 0.0
98.38626302115534 10.242577934921936 0.0
190.04487102216672 162.57147410635707 0.0
139.50169843844213 75.86528191916592 0.0
108.38575195624618 129.85522286371577 0.0
37.45853827861543 186.95457967291938 0.0
136.13766049050432 67.63474922310341 0.0
126.46793230320537 47.04057688591201 0.0
58.596983723137065 129.97668409559856 0.0
153.53402038626345 54.10334804022558 0.0
93.28978363521077 82.94295259667037 0.0
24.859081016812823 7.873133344343053 0.0
82.48377985467863 86.55379590004763 0.0
174.92042895925212 37.20977294609054 0.0
196.85166490083773 95.00210742925985 0.0
175.07080122828563 57.626034062614885 0.0
72.70393988451696 119.65629107891577 0.0
73.70934705464856 64.52743343024193 0.0
133.5298007466137 73.02189301286346 0.0
191.51571450325332 169.49875378507568 0.0
131.1549074574483 91.71496241558354 0.0
82.93490418084117 94.9755244608612 0.0
82.64520567759209 122.63289549040984 0.0
119.04600693224465 56.89627233521064 0.0
176.15624682990827 148.89146464762894 0.0
47.14314199277296 185.4394559349482 0.0
72.24778756182158 130.72930966654104 0.0
138.8023207145573 60.70649533432568 0.0
136.75374483863217 141.46425477714394 0.0
150.90323002976373 173.22040756002656 0.0
107.11794271114698 89.71840479049975 0.0
93.02016356152625 158.3671965519939 0.0
116.17631742891402 36.51189311662557 0.0
119.79186351051558 99.41499589121455 0.0
75.68662618551865 39.45797857169935 0.0
148.32506250807006 45.50380691794005 0.0
156.47701680800725 86.1749341738909 0.0
38.38204481473551 149.00644896132275 0.0
92.90508200017346 15.163030394071807 0.0
167.04778483388378 90.91920609685786 0.0
86.38935556799747 164.7777147105621 0.0
179.767489768886 133.44838368324227 0.0
186.09557661241735 39.5629361042946 0.0
6.09077966746665 15.716864007577858 0.0
184.43022149194817 138.0912457258296 0.0
91.15394828234862 191.52256507100748 0.0
80.81431887725556 47.59036875103631 0.0
12.877164464470114 197.33847775726696 0.0
39.28063068008869 178.01843970411696 0.0
30.048673000930435 34.25179461286119 0.0
93.7578427933756 81.88318953579343 0.0
37.91348890970867 149.2974588226582 0.0
39.47553161508419 185.98299461729718 0.0
95.5792674094702 109.64926362933878 0.0
189.7440764618643 147.3805906053613 0.0
133.4974827151451 177.38944724143127 0.0
174.4339927397759 138.3031049253226 0.0
49.473190263841516 113.08555620260243 0.0
109.79941977276341 163.29471841685987 0.0
158.10212566143784 63.16112866958641 0.0
78.86092805190256 16.83131361533774 0.0
71.22913735329645 119.05459429667411 0.0
127.38295738429773 100.73903695361521 0.0
155.96718228036812 75.41859514292682 0.0
102.55166795721739 38.141700855111594 0.0
142.01160578565387 60.11973498677252 0.0
39.77918762440835 44.29467889432763 0.0
31.42954995654805 60.55653880953646 0.0
37.63062078259492 144.5457188305099 0.0
1.799800701514731 128.82133178891283 0.0
51.69044007302539 165.79605146440736 0.0
87.52359115793351 12.489440495214144 0.0
185.25526215508395 170.21784003063794 0.0
74.32222686291132 128.32694169576732 0.0
58.06023579484207 48.61689291784448 0.0
48.38277026133622 172.96612432513783 0.0
93.81669019792116 145.7123866649027 0.0
4.308168235940801 47.60545265704297 0.0
83.15887175950142 50.73811641395216 0.0
34.9737790935045 163.04880301081616 0.0
150.66805080468612 54.15265632156125 0.0
101.5872773133838 186.90641890861932 0.0
82.96246404744811 44.87858508328528 0.0
13.694452282457403 96.53796863432483 0.0
59.41198898622613 2.3737130421199293 0.0
36.56861885788976 9.325796932315056 0.0
167.8566643231309 123.97018633951208 0.0
87.36669379254454 76.12431761387744 0.0
84.77849760675741 20.299996174054247 0.0
181.63030785534383 144.23935603948198 0.0
152.69640189298198 110.25834178096036 0.0
48.15566358385222 123.04895292401929 0.0
197.1242911915638 151.8390848837757 0.0
42.95106400725448 18.38503533644944 0.0
191.25275407114987 156.3092954066419 0.0
61.946512824653574 41.053187855060955 0.0
98.58504185002947 150.57280496498612 0.0
77.31490748839558 40.37545997025671 0.0
102.07832846285008 176.20536268407616 0.0
3.7098555027625713 165.39911242865355 0.0
162.91168695281334 143.52693684819113 0.0
38.420248263085256 114.42187500165113 0.0
42.82232396330379 95.20942209895635 0.0
13.38727529530197 197.74220652098714 0.0
171.02209345283717 76.30082022499059 0.0
47.22461901830821 109.05078281947964 0.0
40.02657510597445 156.17991368036513 0.0
91.82811663750654 177.63729641108114 0.0
174.29925421622477 2.838032236530763 0.0
30.856305497180504 156.59448134869066 0.0
131.4337629493495 171.01756205659 0.0
6.3087470913624655 91.459000224849 0.0
67.66735042669572 133.11947189263873 0.0
24.624125781079798 109.23678449572536 0.0
127.83913140864837 55.425078104432956 0.0
25.16566661457398 69.51804392902478 0.0
104.47692248477651 2.0600082995147817 0.0
81.65657803126874 127.39518913874073 0.0
51.516872850193884 35.26112082205752 0.0
51.07354503241444 172.1545560927312 0.0
35.230294220585904 172.89004771424496 0.0
184.7016752935604 26.22067622912805 0.0
158.2524875821579 162.76972729466803 0.0
172.49960056585536 15.589721580660543 0.0
2.1786642049103966 138.30316657319648 0.0
4.618649623950133 55.9964654460656 0.0
100.01234513441122 30.96649089294803 0.0
102.8654826749172 138.3169575299438 0.0
171.82197172442406 132.65112527942287 0.0
0.09278304400197612 42.21695716416867 0.0
35.28171172805328 24.462738786920312 0.0
26.947882825888314 58.81389789736502 0.0
137.34286626914957 18.467512714154253 0.0
3.1046742437841335 61.12807239749929 0.0
144.10246139653918 95.0089188796978 0.0
24.049225686103348 25.35642592491767 0.0
173.00602071834953 60.60121853832594 0.0
84.6851255254518 76.51027961429502 0.0
54.841784332811415 100.03849641761965 0.0
87.46958537877272 108.71600057722448 0.0
72.55399339330712 51.24105030444586 0.0
145.4869216523688 13.485547397885567 0.0
139.72306075052128 192.4935957132159 0.0
9.811139068419173 138.52155355172135 0.0
153.63095515910672 99.11269989533488 0.0
125.70476407302083 195.12948353595007 0.0
86.1502093633999 0.21359634041180353 0.0
53.64638744603249 34.0671686424554 0.0
60.2654792932934 46.12932415597675 0.0
178.87459195147616 117.66987716184238 0.0
0.8567517865534224 183.1680190761949 0.0
177.08140223043355 130.34682452874634 0.0
45.44367603085118 124.77697552744911 0.0
4.083551983531053 190.0529388028076 0.0
153.9108200073551 6.814837932466422 0.0
33.74531982414615 150.09742022014188 0.0
65.80389185512058 119.51619672300542 0.0
181.12186184134035 113.65845644893353 0.0
119.60737654191604 19.86559676566766 0.0
16.73738743386759 122.63137465972915 0.0
70.4842569342115 145.48089157564084 0.0
3.1078158146253587 27.945122264525104 0.0
121.27889379631615 174.73845637708948 0.0
66.06275546186242 0.24001226665213427 0.0
116.15431716380917 7.7559067966172845 0.0
151.11719090230514 197.80728828888036 0.0
37.05572201544243 178.98050737808848 0.0
9.088288205699445 172.94900356815538 0.0
190.26197014093646 154.51439952137832 0.0
5.3482974522943705 68.42441617896931 0.0
173.60746833453774 115.9405805313629 0.0
53.54966266857852 132.40709505374605 0.0
74.52702050572417 87.296355346871 0.0
37.353898330643396 163.38442122646518 0.0
164.89649263666928 22.973781064034316 0.0
102.64096642290636 185.68941677330355 0.0
