46.609141027308375 188.71041314466024 0.0
40.733089612842186 98.33987966092519 0.0
36.23467643040343 81.69647293063827 0.0
69.87551135598642 142.40292435918712 0.0
79.22372154596982 197.42465938274287 0.0
61.33240568400644 9.395860009276502 0.0
22.926858995644217 58.639059700685195 0.0
132.52354797730325 32.026717774220906 0.0
175.19382854366626 28.868684744018715 0.0
0.10884758317712961 197.29152606698776 0.0
47.56638976196559 158.92447935601945 0.0
32.039067009176314 99.06807160856732 0.0
155.1531956640427 90.9648956303458 0.0
119.79252585428735 86.51369366945976 0.0
34.22797377292592 195.08729489565184 0.0
31.936829523657885 143.47826590173705 0.0
15.350021762915599 172.9727327496076 0.0
65.03721274726189 196.83889873745505 0.0
72.81392743483673 78.93209417535599 0.0
69.06618002050496 70.60811045068591 0.0
60.493252109446495 80.77173691337566 0.0
91.8516745006925 177.86268388733507 0.0
39.650636790693895 111.21719403299184 0.0
160.73403286697 73.98551674997063 0.0
6.044637098052208 45.20374726437966 0.0
99.48463383637073 182.40831170845075 0.0
131.67151533119576 179.1630793347343 0.0
164.67209893769365 147.98811594709466 0.0
50.73782272021106 185.50538271300593 0.0
78.0445835734898 173.3460892007858 0.0
139.96761016629122 168.81678918871782 0.0
130.12961992863876 149.94216579320005 0.0
170.10579931595598 159.86213692103877 0.0
35.13572665956421 8.354634642388103 0.0
138.48712235481787 149.3035169618469 0.0
128.3728159791876 81.17893070967487 0.0
131.797827253647 185.1152957263934 0.0
114.79127097645976 197.1552400872498 0.0
113.66511985577559 135.99665273756037 0.0
100.87233344785056 106.57987182814783 0.0
183.46723013280717 57.65293433136536 0.0
71.985325906376 75.75064139166217 0.0
110.76466866566017 89.63754230088017 0.0
113.45993274837855 82.14181771339395 0.0
14.011190549891683 57.516240401047995 0.0
116.00470203186377 192.19946668887883 0.0
122.71064719435758 58.43621066004208 0.0
54.73565987836086 10.09345709697207 0.0
38.94387494678131 67.7524338054883 0.0
185.9617700576367 148.45752768861817 0.0
197.19746497367484 20.18428097767133 0.0
67.0067579383772 91.09429899914376 0.0
110.68409857779176 91.04552170165196 0.0
171.72972056139417 192.81729177646346 0.0
87.85199992484016 31.41134437138171 0.0
48.03957270459909 93.04743113608107 0.0
4.538793039996958 195.6561075347032 0.0
43.58143579571161 107.4767365425947 0.0
25.232911204055398 140.61607255152134 0.0
11.905674280238188 6.0572979858353415 0.0
81.1635186950966 172.70155374943207 0.0
103.81320040927389 185.7688487189885 0.0
33.447664204175 172.60322891816426 0.0
147.20349806256883 3.063720631597877 0.0
176.28128889797418 36.8077391430758 0.0
23.634544265894487 143.5830213085844 0.0
68.16845304380057 140.95794608099283 0.0
60.936710659644966 175.68349151443317 0.0
18.44094388982733 152.16360485212303 0.0
178.60546360110578 59.50957959311518 0.0
101.8283377503563 95.68841499335723 0.0
146.33055481960696 164.79066637623566 0.0
125.59630401811388 16.009838682823705 0.0
45.90219597558971 88.23873301646712 0.0
131.77876507715652 63.06831343102217 0.0
62.86743712122724 55.36695060008432 0.0
181.2874131568855 181.59283962392934 0.0
76.69294576696191 141.7451463773649 0.0
137.1897886709149 184.71017116095072 0.0
166.82302291940235 155.15327689677108 0.0
141.20503791475872 52.61528989964499 0.0
106.90464476209576 182.78939901604062 0.0
60.47420968377026 12.900947376571636 0.0
180.58403523901598 126.63397899525883 0.0
170.9197647965341 131.21457623909757 0.0
19.66212521998978 25.267625266461824 0.0
139.0168954317501 169.23106691871183 0.0
39.02907724517664 191.8846925585156 0.0
165.55685047490044 151.5002431790379 0.0
22.680871923750857 185.94050800123017 0.0
162.9905225257214 23.54817446736326 0.0
101.25366753267326 179.81526728307452 0.0
52.19815690742173 180.68183481502246 0.0
153.89466651670435 182.0729438726995 0.0
85.03899164593587 100.26681895079477 0.0
165.92077060975055 35.33897488572673 0.0
125.79237860930812 19.81827056488976 0.0
78.59933981503508 119.51558933032831 0.0
57.60977677749723 169.06536759031374 0.0
178.51807589403964 59.99922988047193 0.0
119.35481186078212 86.22009496849918 0.0
91.39386343558374 65.75955684398298 0.0
23.716433726116048 27.001369277768596 0.0
168.80324948121762 3.585061655533317 0.0
159.23793723453434 9.53577241952177 0.0
86.20007242712484 152.49549872541337 0.0
36.91256202391748 29.076632431425864 0.0
6.718437336205341 176.26664267041286 0.0
6.254042870337995 23.553338541044532 0.0
107.64226961526033 2.2083554281977724 0.0
136.25841673246194 74.28323255696536 0.0
15.055245657593307 0.7820352868719294 0.0
33.4311464712717 85.74861337344805 0.0
147.06790947193943 123.33898336663664 0.0
52.061444881234124 4.161775753987129 0.0
127.15146961452453 74.20651122764464 0.0
41.183489642219385 106.61129255666803 0.0
96.49065841333837 168.54390188098958 0.0
68.17204288654048 20.903072300013427 0.0
127.90079769683973 58.835604686653255 0.0
60.67781039103266 120.78003971891323 0.0
23.73707553071076 0.5844921087079014 0.0
16.61566216757471 182.0245391017987 0.0
166.35677628875987 171.71318602930742 0.0
146.17666592290837 82.01799907196315 0.0
182.07814956318086 160.37679947220698 0.0
30.34266808306787 78.65255816162029 0.0
178.21223041447186 92.33584376652666 0.0
7.14006668266296 14.059817152447307 0.0
17.626949528135547 181.73323528992694 0.0
129.8770630140061 54.4420338524414 0.0
106.43545953856378 158.06472614050114 0.0
180.86666844348258 99.36155247609364 0.0
87.78364120946524 47.32742309854161 0.0
169.64543848269645 172.1644253234503 0.0
58.34438499816545 166.7762119622167 0.0
96.45575508462412 137.7846320798059 0.0
54.009119468728215 130.41346880178762 0.0
119.76731332726389 184.9954655374295 0.0
187.39996645962532 156.28253670678532 0.0
30.871245445601005 57.24514580170668 0.0
162.2084892079791 16.83082423785047 0.0
109.0881468259382 19.533841771342097 0.0
138.00008930855276 180.053762878116 0.0
7.889062697573679 8.359746052482242 0.0
74.00567624177525 51.82608139530871 0.0
105.23633429194123 127.58209825542109 0.0
141.5552001329217 148.77220723792277 0.0
140.70900276193046 25.11934111015377 0.0
162.19039643675245 106.22291604340516 0.0
157.4852877688188 113.7209746873887 0.0
102.12690859934237 57.25067069723706 0.0
169.0124148848049 83.62190482590772 0.0
33.61874202454243 106.47138836654335 0.0
178.20201812550442 95.70846960929676 0.0
59.91086715486751 166.24567138227212 0.0
191.24694861668888 40.89559524345798 0.0
92.84860301561066 123.10791920655848 0.0
88.66336439432625 104.73484685396394 0.0
70.84509768060794 158.69695365711715 0.0
42.919586428571655 185.84346776666987 0.0
9.791258615708998 62.15717185440288 0.0
5.021151050677841 82.56484573629498 0.0
190.6250839801042 139.9245347098693 0.0
21.679235585274025 184.34102753198246 0.0
4.660280576599596 54.0070253744606 0.0
190.1975010339508 82.59839515284375 0.0
101.40684542232958 1.3144735678307207 0.0
109.97011191845279 50.51782466397319 0.0
113.49905805077054 84.28801096416223 0.0
147.49162544158457 131.8809447434096 0.0
169.4792286658839 117.02472100592598 0.0
96.03718166936399 26.25445180954198 0.0
47.56821552190211 61.28833623735397 0.0
81.67922977898132 61.09484589836378 0.0
172.18673560226588 193.24218305990323 0.0
44.064901494440804 100.92604183081441 0.0
109.87411268139842 164.43583466142135 0.0
3.3858889895787003 59.56288533468215 0.0
182.38404248839697 139.52234021719704 0.0
14.230518333425923 153.42366528537696 0.0
82.11972315471728 168.37805295347238 0.0
2.515577341428621 162.2952803447432 0.0
148.7035149952394 81.74261609177731 0.0
183.453143901141 148.4847628268458 0.0
45.35910926001938 87.191719788265 0.0
66.51562939865305 126.11140980422131 0.0
159.9169888816226 86.20078848202996 0.0
167.61991169623184 69.36394509915796 0.0
147.63680013368264 133.2528935598029 0.0
69.2593822291174 1.8674693437287893 0.0
31.67302118234021 14.38963512787761 0.0
196.07042085715935 118.87534741164959 0.0
181.89322036974482 35.29895059289754 0.0
6.327734843557753 159.82135010251042 0.0
103.89085926789087 177.97914133885732 0.0
39.120719624479115 170.83784047587187 0.0
87.41755250374277 10.213781582077885 0.0
2.4708824680829578 175.1659756624436 0.0
187.09244144340113 113.53742753669229 0.0
39.40810873560076 103.95429492202292 0.0
138.12915217580468 133.06732338147583 0.0
67.0314839970297 30.762335485887494 0.0
45.95360938887829 46.52174921604863 0.0
47.83799217909635 100.15620832652532 0.0
30.968865030793367 99.94078051202277 0.0
23.11050681704647 144.1034837283044 0.0
58.355796934500106 64.07072885713056 0.0
114.91400646091736 39.44487905758392 0.0
137.68143720604675 28.0687097031854 0.0
86.25698797787491 175.54074621954555 0.0
138.2194872317975 66.1291290804374 0.0
38.23274074620786 173.2604639824592 0.0
33.270307369752295 187.82927266174434 0.0
18.462981232678487 24.803385113214738 0.0
60.40064171967683 14.436363830238808 0.0
116.92421495408034 108.41005218922679 0.0
64.40597663085038 11.113861677282145 0.0
33.24490955187769 72.84294760672461 0.0
175.9313646339309 48.91007028813665 0.0
113.81944456031934 183.5861290196611 0.0
171.0692994177996 170.60738984583907 0.0
77.59262690601206 176.03361826691707 0.0
155.88606755394713 90.95593085268956 0.0
76.12628451735313 170.506584917756 0.0
24.710821611641286 174.51046095221602 0.0
166.56738060938224 169.75973132840468 0.0
52.15435750212612 3.235000831242796 0.0
115.3948199516979 81.70758825622393 0.0
196.20753734290258 171.23469142087387 0.0
96.3299497077861 88.42176995008492 0.0
13.401926500763972 25.419842938648674 0.0
97.55358992553016 117.02049303676316 0.0
116.89822203021396 108.60243364857855 0.0
111.38022371779152 158.89204604988748 0.0
44.50067057226086 55.4706273914727 0.0
43.79780910457938 30.76413191887386 0.0
45.97865197541948 42.08211501421317 0.0
151.78944206656428 74.45138323285832 0.0
47.709302676363244 195.96255084643414 0.0
93.11096153584796 51.68365802243149 0.0
107.5379202471199 36.59050297366741 0.0
156.20638387166713 106.23795023904022 0.0
33.88570098134753 34.99576426411537 0.0
127.20086134189272 137.6672189035733 0.0
110.51713085522061 156.39312096603763 0.0
146.4186792360162 59.239580837299386 0.0
42.012243551807856 181.21904224728263 0.0
8.631585827613497 197.27174088804733 0.0
114.87168541877308 87.63400185941069 0.0
69.25062855495972 129.86081550840856 0.0
155.3153932016971 22.498501654026114 0.0
32.932424980114995 160.0890043435673 0.0
157.2184696616557 188.02616012465728 0.0
21.578619054277382 172.0958712034336 0.0
52.26074038191668 127.7625826635526 0.0
45.465132158182044 27.983343209619726 0.0
199.2491077447826 8.233914331211366 0.0
134.24551462525324 129.33882369456623 0.0
180.70484086679392 161.55453900007734 0.0
123.83072575017864 89.23212701452444 0.0
12.190611140896724 179.4783502561779 0.0
40.65519311223931 38.86226393874641 0.0
93.48495925119475 30.823711587409484 0.0
176.59711914633013 127.60038701040114 0.0
160.59463625423473 11.897203722241635 0.0
105.82854900433335 65.9956369752948 0.0
133.7281488999264 33.4868159484006 0.0
59.12875876874188 108.38071634363719 0.0
98.73659553473362 198.1903804400296 0.0
41.702119295311846 75.03457693196249 0.0
108.1607182664163 28.290492289876255 0.0
57.299587738248526 73.42978353976723 0.0
42.9058765222021 67.08234875703174 0.0
184.45067281518237 93.9123945065552 0.0
36.69952167290313 95.5063828598911 0.0
39.87056111504697 27.23267117674626 0.0
132.86847168465496 81.1327194462807 0.0
159.61496699109657 79.665061790977 0.0
116.6062004650479 7.989992968508131 0.0
30.312951316053073 46.02630899006939 0.0
45.783131925202404 123.42616946074092 0.0
110.81592442413715 41.720896998450584 0.0
89.48563828961507 82.13452426302008 0.0
198.85871583953465 92.01320583313961 0.0
75.85247924202673 167.67304613834938 0.0
117.83649433448029 30.046206043908153 0.0
49.40996353427241 28.25104244705865 0.0
125.55914652845131 64.69678996947135 0.0
142.99017204432954 176.25186391795523 0.0
79.85242294924133 145.17810589005163 0.0
180.4492300578248 69.9061099199805 0.0
35.13310677572441 71.36959341256981 0.0
43.78545877100115 120.7249182923909 0.0
189.59321725701412 177.1758447236052 0.0
161.89013756213706 51.74822317423398 0.0
154.38601778833927 148.78547505113323 0.0
108.04631613290798 69.35832889670262 0.0
174.2145306737606 130.52180960158782 0.0
29.423951046266872 105.3542375811597 0.0
192.98094650710215 118.04722109342978 0.0
74.20250613543347 136.17770516533426 0.0
128.66322375162252 142.00348745829686 0.0
130.58492257953492 92.62710599188406 0.0
198.34294884837394 104.74069521675426 0.0
46.849681146942636 136.09071516385333 0.0
17.316329965427578 148.60763120759134 0.0
62.72047467183284 96.27608845178442 0.0
85.4780104337901 106.34684268314642 0.0
49.7159084227093 40.60778530168483 0.0
169.67524378345556 112.45790726197926 0.0
131.7743188377938 76.91076094530136 0.0
192.4877429446371 38.96276104041034 0.0
137.33175676102078 178.6922249424859 0.0
145.89629698224323 59.82721510833579 0.0
120.16385953020952 66.28003858410565 0.0
62.56116783608208 145.36311633764308 0.0
78.68529136902511 177.27096040526015 0.0
197.93899719862617 41.255989534427975 0.0
2.0330793910604994 116.18747708040154 0.0
103.22477087990019 96.43312790512506 0.0
76.14316580863529 85.93718280365734 0.0
2.113257101453514 169.80769551758257 0.0
94.16213529613759 72.61405152709743 0.0
23.632130958689814 168.0043842365029 0.0
32.9190513018115 180.37614339038853 0.0
188.80672873374886 144.49279507723364 0.0
180.81497290033056 94.57977914463736 0.0
0.6743378726585814 125.1247681574132 0.0
132.37073084633425 189.04533379897825 0.0
45.17359971995938 115.89240653349955 0.0
0.8061668078198636 87.27527623774753 0.0
174.69246830930015 95.79367782255659 0.0
142.40700454407425 137.64029826082788 0.0
16.56605678615024 1.0129250427131309 0.0
135.06823893995104 68.99466519572377 0.0
125.57334218762463 166.1938500375765 0.0
108.28575296438181 55.87738820550179 0.0
82.48968835116702 4.402856144493472 0.0
183.0007501418791 141.40092923009416 0.0
30.009862799933586 79.45101268088692 0.0
147.0843213358781 41.12460350419893 0.0
132.86403908720374 152.56309989884423 0.0
165.88232670367873 182.65509641061243 0.0
50.70713167036429 69.95262056773993 0.0
107.12355797822664 23.411859076526543 0.0
120.36959863861301 98.68193287751832 0.0
145.62698091200096 32.94040284748028 0.0
158.3156251619165 115.25691196248957 0.0
105.62667721774801 26.351900096693836 0.0
14.662486571226442 104.72598370266336 0.0
97.16586793646256 191.9127435650643 0.0
36.872663984321655 137.62356541331764 0.0
7.894275728107081 168.50308978030102 0.0
34.23803676486861 157.91835849990377 0.0
122.7358396569652 97.60864287139268 0.0
173.53344624319064 137.19716878340296 0.0
161.2766770102848 99.70536302329869 0.0
81.72455673237731 28.63528795479615 0.0
146.35591240415596 106.34198273323933 0.0
83.37287071245152 88.87479654407757 0.0
147.2249016606251 16.920571364409696 0.0
158.38854107373535 126.7524180671432 0.0
76.77305839305882 143.1207641744479 0.0
70.03941351993303 84.88888485221003 0.0
164.7015141370912 54.1084484675948 0.0
183.63254153293744 63.472108841521944 0.0
77.15839758895322 42.11513573695558 0.0
173.04230727984648 55.136719848867784 0.0
108.23256171613474 90.66950653247332 0.0
95.26694753422238 75.66290920211178 0.0
29.83521617680649 46.70792378903366 0.0
2.4532694707451563 47.28773913231248 0.0
53.88189658344788 72.98604663568065 0.0
156.33697950307499 119.74250531495207 0.0
134.31988688322048 188.65896279519748 0.0
11.804030582829729 98.6999245894769 0.0
116.42908333995688 193.59259490118916 0.0
44.286066892241216 92.13536574001166 0.0
26.957097950689235 115.91442903986487 0.0
9.960919263991475 182.17652081164792 0.0
91.03220521806792 122.50694601245927 0.0
148.23694451059882 83.33634930376125 0.0
60.430533068353796 188.5924267453834 0.0
162.75773561695246 157.59433790699532 0.0
142.65675787848 135.25312447433024 0.0
150.1716346047794 22.61151252567646 0.0
31.43029730034177 112.67612395382112 0.0
185.16819222863617 111.43488634671492 0.0
56.551912790136385 32.10749133111752 0.0
15.791637860571118 120.36739292017491 0.0
94.7583311536577 30.945646880005874 0.0
74.7991406730827 116.24961308823943 0.0
13.05540015839044 193.09923671336884 0.0
170.8395231257394 165.21997967544138 0.0
52.153064613344725 40.679992852305034 0.0
187.4858556184615 92.09041359659564 0.0
100.00824721035771 163.29652615288046 0.0
88.66320772885688 182.79463759983167 0.0
54.11456669792838 157.66018992014008 0.0
105.77061961146956 101.93680076606985 0.0
26.060632233342893 12.909521666916879 0.0
164.8041673696114 13.288268852998497 0.0
3.0114200111211797 196.0050362604178 0.0
1.0458583179263847 63.15084724873186 0.0
148.15011252705557 166.74157088320905 0.0
4.3908093406551885 14.824896396044295 0.0
195.75057733291519 83.37052974269923 0.0
40.14308270389897 106.99123897861165 0.0
176.43343153120628 47.51978967702277 0.0
98.1182823291341 149.6359700691209 0.0
194.2914908208021 181.0443878405133 0.0
37.148868564658024 68.21764729516293 0.0
169.95324226535186 127.63626155641504 0.0
112.59594612714781 160.09663734530992 0.0
162.28569784855785 28.466799541074895 0.0
1.2291313759152045 36.81669636004619 0.0
86.32090614898178 33.831164203588315 0.0
70.84379685102142 191.64920665351403 0.0
156.1231406422866 181.70869172164072 0.0
81.24299989033234 153.8807496621428 0.0
198.69664324395285 199.3490180962547 0.0
148.71902778527163 69.64507959186341 0.0
108.66651549986986 65.4387961860267 0.0
57.927416813650076 83.67078783448505 0.0
143.34835242968978 8.099351225642293 0.0
63.05405572381937 87.13637247378732 0.0
93.95480209364544 7.910708932436528 0.0
184.43385193981322 43.89460306812894 0.0
11.070227051530402 25.352985265868732 0.0
77.28719441444719 10.648516939299846 0.0
111.15733569768764 78.50122337577679 0.0
25.998290352111386 126.23160469839694 0.0
145.7425396869291 159.50522976073393 0.0
100.36726772615125 60.96506752423054 0.0
76.0595773098612 197.3311901903695 0.0
199.52575440984168 89.13542697584683 0.0
163.3137469018721 49.43721501462996 0.0
4.713393319217829 75.95593290425924 0.0
158.36190725711782 36.5001631444956 0.0
163.8706785897048 54.945641047974014 0.0
154.48625038931465 22.006630882112056 0.0
139.01120112546735 112.4803466233363 0.0
53.07261364548539 82.4660075967577 0.0
61.59427222180347 193.33976663435223 0.0
84.38696387187761 14.199091712014656 0.0
61.626704007451735 194.39579551346452 0.0
24.27641465426287 79.1008547053341 0.0
62.98023538305371 123.15691969389036 0.0
52.50406835421337 104.47141401216638 0.0
170.41912811741503 163.70414263926904 0.0
9.559687525987858 120.95450202419016 0.0
113.0899823593883 14.624233452382086 0.0
126.17105295321447 147.81802560047203 0.0
154.73389499282885 41.866197247002134 0.0
123.37369407785785 116.256659928596 0.0
32.63870664712367 24.01740846053533 0.0
110.879428361823 59.09176747644103 0.0
45.35702863664246 158.31601176477716 0.0
147.61705754255829 189.18912219227528 0.0
173.47346127637942 142.78655736286444 0.0
70.70127722983956 139.11036231322717 0.0
88.2122645556773 153.20614194240102 0.0
47.71871350895347 40.959318273062514 0.0
79.4345720356446 193.1786627947292 0.0
62.10290483785226 88.07975268973011 0.0
117.58204012799052 11.415074181677266 0.0
2.5025942409415247 139.2062794357939 0.0
53.38157079142465 152.38784836057468 0.0
194.43089292848308 0.86559339363661 0.0
154.63370436739825 134.84816790425788 0.0
86.11531533852937 55.27045093733489 0.0
181.16494115008922 37.26472895659123 0.0
180.3517351344539 88.64413518762251 0.0
7.032133906563542 110.06324101199452 0.0
190.29808974675808 118.85847627978575 0.0
13.324939651776946 31.61612234723532 0.0
189.52633749615936 121.46376499808405 0.0
95.42002323138234 78.25217459907302 0.0
25.284163408508654 9.634285918987452 0.0
155.29866702430414 188.12629438151566 0.0
68.80064446463598 36.24842054710964 0.0
182.54709410260094 64.60966944122998 0.0
87.60290964996736 155.26766858843382 0.0
66.91674358401629 86.93108681370991 0.0
42.19362172855019 4.774169719035215 0.0
130.82951156890786 74.1205050893621 0.0
133.07201219534767 55.47165911582847 0.0
21.97074990048438 82.87608670337147 0.0
53.963857751210575 106.15016523171337 0.0
64.12068743244063 10.79647730619373 0.0
143.25880386419064 101.55989556041783 0.0
28.632719756760096 23.490158047085874 0.0
168.03601088587945 198.33527235441983 0.0
159.47478390292403 127.39429761808816 0.0
23.692150614704754 111.05527805822346 0.0
161.50795828080027 169.70552888950644 0.0
87.06840120829125 33.22154895008953 0.0
144.68412959381916 162.6457067165907 0.0
122.10603590331888 46.88113435736874 0.0
6.102396283852518 101.3557322143872 0.0
104.44292774105348 109.81590985647594 0.0
27.371826324029126 173.03105418934965 0.0
104.99615306752261 40.66617525679093 0.0
166.48573132967115 39.48262813581378 0.0
52.45864150127624 10.051156374042414 0.0
31.420763348888904 116.12754714117219 0.0
180.77073073762492 89.6944285392569 0.0
36.93163958604471 67.48372373396275 0.0
60.0101356745963 11.757686483902052 0.0
166.5203308950303 92.56349618078272 0.0
107.77684683044144 47.031492726502 0.0
88.31628663076263 183.13113875499687 0.0
183.0320878172905 23.32705017233696 0.0
106.61202727110775 3.609768784621359 0.0
75.48347550205119 174.3582590142748 0.0
170.05638103036713 163.49332772118194 0.0
20.991137741385923 134.5986937974201 0.0
103.01527974118221 31.43964887314843 0.0
197.10253900390973 177.0434501656883 0.0
178.3680301562561 74.79095584466407 0.0
82.70641065248745 128.50107426554794 0.0
108.01464214031043 199.08847503364865 0.0
1.9291745467890697 90.98615303286633 0.0
91.62764950706412 109.21805270203862 0.0
114.77985876441778 147.97842287841377 0.0
134.68973859296867 117.14416532791823 0.0
165.68250748834137 40.759605568434544 0.0
23.616177551306517 80.75977400792465 0.0
55.91775629236429 162.73440965368755 0.0
128.7690492586328 74.20002645080237 0.0
167.12815435980102 138.5875565578765 0.0
195.42782798770386 162.0379952824554 0.0
130.42454340036937 130.32394476656486 0.0
78.28895663897583 78.10093580645703 0.0
9.263712774951749 43.684335254665974 0.0
176.82465080868192 94.21597387358315 0.0
44.150269068240334 196.12437834626337 0.0
136.83912899949527 105.01429277818606 0.0
193.34850793047337 151.48997150093783 0.0
197.81815045574126 151.99335826340612 0.0
96.17293425195955 126.71734868567475 0.0
186.1756728510764 63.35690375464979 0.0
184.05879164603337 32.33158845222746 0.0
181.25919221905625 195.72277962929894 0.0
69.49689440558782 21.212511786043954 0.0
113.98312657395542 29.60907648889066 0.0
54.04971878753457 189.0422967303323 0.0
197.2174675217401 192.67924349429367 0.0
14.0486868137349 195.0444246466257 0.0
132.5666958371503 163.04717328959035 0.0
46.20527765037483 53.06887619781841 0.0
89.93176563241232 39.513662235737556 0.0
85.25141945084798 180.77383459269987 0.0
114.25586399058399 156.42585838786934 0.0
41.85749169554891 188.5994637474125 0.0
78.11227625290584 167.92165836982315 0.0
51.459040622792806 40.42458595713387 0.0
169.30072294867128 129.6413321924103 0.0
173.25607666602943 124.24251690852589 0.0
179.3761988369563 65.55898981182983 0.0
133.53174680638375 33.88744856293924 0.0
142.04218307456833 123.40673860238469 0.0
68.56986898614059 81.78829997635613 0.0
159.59793822100727 94.23480004536282 0.0
89.83371830223487 137.92206591096436 0.0
151.13740609373986 199.97105150200892 0.0
67.70120798124604 121.5841311733749 0.0
157.95503874333633 37.41392370102219 0.0
109.93446842879489 160.2883170893579 0.0
149.62163593732015 7.912660878879829 0.0
197.19458036988334 74.05465692015727 0.0
188.45123030995035 59.059574157426155 0.0
130.29509869095034 43.53832458161604 0.0
130.58769852823337 118.03891551608461 0.0
142.52076171973064 76.8983872550123 0.0
168.69771921194626 5.847564688867313 0.0
35.220621971421636 3.0003349346224395 0.0
54.264445248329295 87.42287399267299 0.0
106.0176545410622 187.4917659299513 0.0
176.73408374174062 34.78339126264159 0.0
56.359653628917016 193.48576555825497 0.0
22.275385767525457 58.60851349190603 0.0
88.76915456662464 190.03198985094343 0.0
86.66992082390821 198.25337172369623 0.0
134.03275325067509 49.250631206922705 0.0
74.85869407612904 151.01563772105692 0.0
184.70324638170788 166.94986778127293 0.0
183.92859327722135 68.54115903882403 0.0
53.670581342793724 91.74263298379512 0.0
36.82994814027067 151.57576771484892 0.0
125.19058097718813 54.12393148583119 0.0
10.874222433513903 133.84078906537903 0.0
20.643202879807788 49.665121927970304 0.0
88.0687646698814 61.63019275131207 0.0
162.4247855631479 49.427075824112634 0.0
143.60328616077356 147.7975849870892 0.0
186.76173924981717 185.88921555499581 0.0
184.31061044299082 107.12154114806654 0.0
29.865768646664637 194.13697226218687 0.0
50.68197744690013 64.6081578580963 0.0
91.73364240209814 175.74531964412438 0.0
104.02505449378974 69.10998111258877 0.0
168.02728412241723 96.7414950585125 0.0
34.61062845723699 41.710692777462846 0.0
32.85281508524185 131.22527254795727 0.0
147.16167257277823 41.64545760806766 0.0
53.88993244308289 18.670415024677943 0.0
106.79644611939594 42.096871893986055 0.0
26.20587035426214 15.626395610295706 0.0
161.54490841957698 174.02707987875553 0.0
122.22096543618655 191.48460458628315 0.0
96.81577623163236 18.276595451352318 0.0
72.67572592251048 143.16870422075638 0.0
22.699080904981294 4.4809955609635965 0.0
17.082011739614323 85.05405523864731 0.0
146.74718834189045 109.9267730973175 0.0
92.02384590834991 108.11647815535248 0.0
142.88482519155866 42.28795394045757 0.0
161.8061147544267 196.25585426500862 0.0
191.35659690365875 137.25551206983585 0.0
138.3323061809156 137.93550682635745 0.0
35.12823892575538 105.39183318764216 0.0
85.72516581451264 177.72347098573306 0.0
74.91569754471166 122.11279716000503 0.0
160.0869973450307 115.01721256100099 0.0
8.023897931175284 170.52038628535456 0.0
195.9291766257844 176.17854858003008 0.0
5.434929484527817 18.879071021136284 0.0
18.183199684133623 161.50093027941156 0.0
117.09310331307958 142.84942236612682 0.0
132.3384662238739 99.87647575277067 0.0
97.0922742289001 87.1628737988103 0.0
125.13474128327266 131.72556606286466 0.0
148.47851103272566 2.241712446407673 0.0
94.37011560594617 184.6969655803435 0.0
1.6390792257863662 188.33880909019672 0.0
118.76804666671477 6.841923413563511 0.0
60.756483509852124 33.09183776472069 0.0
177.479912807088 78.41089941686717 0.0
79.56417935801232 137.95709206504546 0.0
33.68228866233984 36.116891384805896 0.0
160.64830090088245 94.80826524090008 0.0
7.861017897248379 112.65471534875984 0.0
11.797592873727103 96.05595122697623 0.0
83.75688973260662 119.46081169496942 0.0
138.41162376521933 139.96385485233608 0.0
13.580637724414224 82.14354692491833 0.0
2.7350035354616553 27.40807557248108 0.0
18.98767638134529 175.70922347451733 0.0
138.69332837592472 37.146099835649224 0.0
120.43592944918589 100.65437823946348 0.0
175.3642683357878 113.73244270125986 0.0
69.93283899884648 91.19023272399988 0.0
92.62503337146686 5.538300039376232 0.0
110.81039438422873 153.31047324836908 0.0
9.275301141227388 49.902667481238836 0.0
143.05006184926356 93.108837752588 0.0
186.94255076353966 18.262955925042455 0.0
133.81199459481135 14.698349867277916 0.0
122.33440322928718 6.183232153866625 0.0
180.2059830133777 42.279313133850316 0.0
195.91053380403497 181.5186267555704 0.0
104.974282086112 52.34846583473982 0.0
146.80448793781719 88.5247896371019 0.0
45.63927299482147 189.73706838492913 0.0
51.83350853257378 146.54147043294216 0.0
183.80176856315603 85.11098374572322 0.0
100.69231062470368 178.94977425181676 0.0
153.65857971966045 191.76109731687217 0.0
79.9346136617412 61.422769618826024 0.0
167.44073469198264 115.95777478905376 0.0
105.10397681350767 88.0596263679713 0.0
100.3565854240616 27.838352305888026 0.0
173.38326691386933 19.81363328787875 0.0
88.75684840893487 8.741946637245634 0.0
148.39007367129145 1.6948249631485002 0.0
12.621436570993705 116.10123840943743 0.0
34.252979648501295 13.548206659640204 0.0
157.10072415144566 28.446133998533085 0.0
47.86153527158692 53.7790092578303 0.0
177.72676695871297 170.76953922518587 0.0
56.190622830998514 46.216511603506284 0.0
30.042725501988834 14.450835789451698 0.0
9.857579338167731 107.37844749499763 0.0
166.78160347418677 196.1279262033625 0.0
74.57837661223827 114.71832049815447 0.0
54.35826679820575 6.35398230348061 0.0
38.946955562681175 76.00806697320976 0.0
115.32137614432436 61.57044228670516 0.0
59.96955183092159 15.829190110256386 0.0
164.544864046812 191.87305656723046 0.0
97.04374037378949 167.2153227722551 0.0
74.32128170503181 152.2430624147043 0.0
80.57967217063147 184.80997353723302 0.0
177.15214152046306 96.36096667073322 0.0
163.21891378052868 80.47314163227084 0.0
194.9132893961861 39.81566961226195 0.0
109.61389650468493 23.091018735273305 0.0
69.20609354901543 183.46694408948673 0.0
194.98902618322398 41.41322885623624 0.0
160.08798306824872 167.9146997012058 0.0
103.21218059173121 22.062355286094192 0.0
79.0088570581939 86.47369309701666 0.0
41.86312371944456 4.430910621744011 0.0
126.66251489756885 196.74764285304744 0.0
24.793318749900916 40.00105557192188 0.0
117.59517962816017 139.84210949897567 0.0
11.92923556798866 5.69284874578615 0.0
90.7959527129474 101.45072207664931 0.0
141.5792154986265 139.16706158135887 0.0
29.126902699987145 130.49470289045973 0.0
42.26170055685819 98.57881369950437 0.0
40.33320533342866 168.6909353690737 0.0
169.0805054441967 40.098763353396464 0.0
88.5066849356686 38.36909282162524 0.0
73.93048003602138 153.5887948021122 0.0
107.25883325186523 86.05377417269808 0.0
89.3249324929266 100.13943997818748 0.0
174.49220638351466 185.77273840526095 0.0
82.39381929754175 54.74669150546785 0.0
183.54196631712549 168.74781529768202 0.0
118.60959623719327 173.22601158449527 0.0
106.59209484584025 65.07021363687 0.0
64.05545069747104 74.53185724792446 0.0
113.65358359542527 18.157446798806888 0.0
150.55839464183117 157.97116703883432 0.0
84.0248732153251 164.23422223358602 0.0
129.76757708244696 59.369684654640054 0.0
27.03740239562722 156.7750456651783 0.0
50.26590051624071 91.0702546914577 0.0
15.022128943817648 159.79167767352482 0.0
106.06094043410224 107.71256167750278 0.0
23.815639089569828 34.043708369388526 0.0
25.308895101459306 93.06409477152218 0.0
174.7571671570584 96.69599902852721 0.0
94.8831472790004 72.74239192220186 0.0
77.01088424192135 47.641960913104974 0.0
149.4068364906833 123.4890158299671 0.0
80.18039179246233 24.65697360386896 0.0
92.62659303010778 71.72593275967813 0.0
64.56532934864678 74.74157474765602 0.0
164.5125175049287 152.44533790743142 0.0
120.04272544726801 10.459347408706154 0.0
19.2271493569363 34.05425920842531 0.0
94.43861899102114 57.769758744388476 0.0
137.11412368709404 5.615585454235417 0.0
128.3881916147875 95.80147509932229 0.0
158.11491651723205 169.99750734709608 0.0
136.06555229323268 39.207054759043004 0.0
194.52998328901606 189.7636124466158 0.0
139.79705791291516 20.18520681022311 0.0
57.79829266419436 92.20624249678733 0.0
21.454920901553965 89.9520594434267 0.0
16.97723630605852 55.74599276169887 0.0
14.660653551817472 178.38831222270628 0.0
195.86254434292763 171.9906253039679 0.0
129.21067906091835 25.784334121299814 0.0
11.195698042548297 106.06681802226487 0.0
72.76924921414837 132.0506744202492 0.0
156.164250889516 162.40869563144932 0.0
114.75675833885384 56.456704357909814 0.0
141.40810402946315 104.00722468135004 0.0
123.49408726273856 44.90548980534819 0.0
120.002733930733 170.19495185871085 0.0
100.04672406272786 161.9481903406844 0.0
43.39809373407204 91.36088047459006 0.0
130.84496982061296 61.18675580098449 0.0
122.04981936580288 108.5605380483993 0.0
186.03954876735204 40.408836755742094 0.0
97.48705282770737 71.80666707373288 0.0
1.6845626737417962 96.74426323984122 0.0
171.81914286600545 12.896247872753296 0.0
1.2227578334291778 122.32769370854446 0.0
186.19118784264697 166.94983824305703 0.0
35.38067203965238 162.39736175340093 0.0
191.45626729738652 51.40962944456593 0.0
49.46418834122064 195.45518310067834 0.0
112.33999619765258 102.06284413852238 0.0
23.177787752872913 189.0587523169513 0.0
170.63082757271422 112.72739845631928 0.0
70.47359098794254 35.0111243628334 0.0
103.43741452605981 128.55717704731308 0.0
35.56909179580736 174.15953800972562 0.0
189.31200263038266 102.49445122268574 0.0
76.1553652671008 83.70962266352555 0.0
78.04689918304936 140.21735917214113 0.0
185.9502093347354 118.9068065177151 0.0
9.208513655124385 131.0006895003781 0.0
176.13365924838922 76.13215160815952 0.0
199.98168461309118 190.2284292480864 0.0
108.83596526452921 75.90497096803128 0.0
184.65444078765367 23.866971032284255 0.0
155.731069022065 151.97998735438165 0.0
96.08145706291474 66.02811863179976 0.0
140.92135040609165 76.6721351717749 0.0
93.72208575030825 37.82133361487627 0.0
19.68221534002481 52.73729486587821 0.0
163.35672359366725 29.014997654922325 0.0
43.26800953393939 158.58272625556697 0.0
