3 527
4 199
1097 978
1098 511
9 957
1093 192
1095 603
11 222
1088 2
1089 544
13 45
1090 627
1091 553
15 52
16 821
19 351
18 427
20 311
23 815
22 59
24 426
27 114
34 761
35 669
38 98
36 920
37 826
42 546
43 503
40 0
41 893
45 157
50 615
49 540
55 982
54 46
53 4
52 958
63 55
62 702
61 486
60 633
1032 79
69 606
1033 67
1034 765
71 584
64 671
1036 740
1037 269
66 187
67 348
1025 789
1026 675
79 27
72 555
1028 888
75 556
1049 386
1048 795
84 216
80 533
1055 268
83 928
1054 989
93 380
95 470
94 465
1045 560
88 964
1047 258
91 219
102 572
1067 40
100 514
1064 990
1065 767
99 968
1071 615
1069 789
110 588
1058 97
111 157
1059 475
1060 407
105 31
119 412
117 193
1080 524
116 86
1086 262
113 316
112 268
1075 438
127 712
1074 779
125 412
124 829
1072 943
123 486
1078 452
137 614
136 64
140 249
128 105
133 791
153 747
156 992
147 64
148 680
149 509
150 349
151 656
170 999
173 257
167 166
166 554
186 177
184 515
191 289
188 24
189 475
178 737
179 249
183 223
205 270
207 549
206 402
202 898
197 321
196 235
199 463
193 780
195 81
194 292
220 582
221 90
223 787
216 805
217 361
237 291
235 113
230 583
227 453
254 44
255 627
253 219
251 375
248 900
246 509
244 802
243 754
274 609
279 391
278 46
277 237
282 558
280 322
287 553
286 162
285 714
284 125
259 176
260 282
266 797
270 255
271 835
305 483
307 881
309 880
308 844
313 195
314 51
317 944
319 321
318 142
289 613
294 193
295 8
296 308
298 769
343 232
342 238
339 902
338 460
337 621
346 995
345 334
344 628
327 709
325 374
320 822
321 695
332 869
333 33
331 345
328 130
373 815
372 600
374 942
368 963
371 321
381 236
380 932
383 860
382 800
377 422
379 407
378 133
356 164
352 370
353 783
355 916
365 349
367 474
362 129
410 435
414 939
402 35
403 207
400 318
406 939
407 713
404 699
395 871
393 213
392 394
397 978
396 448
386 90
390 65
442 155
443 964
447 739
432 905
435 638
438 715
424 421
427 259
417 9
416 185
419 537
418 511
420 294
423 457
422 576
478 691
479 616
477 131
474 419
475 139
472 996
473 695
471 768
466 877
465 149
462 444
461 64
459 671
458 336
457 578
456 574
455 608
450 678
449 312
509 722
510 679
504 887
506 187
500 611
501 340
496 259
497 284
492 876
495 985
494 299
491 773
490 485
487 469
486 551
480 896
483 914
551 485
549 121
546 291
547 536
545 839
558 15
556 923
553 828
566 908
563 670
575 532
573 526
569 569
516 345
517 371
518 282
519 171
513 305
514 97
515 639
526 476
523 591
533 516
535 688
534 422
529 900
541 155
540 33
543 603
542 329
536 293
539 796
538 775
611 147
608 391
609 496
615 91
612 750
613 777
616 83
617 806
623 458
627 595
626 46
625 33
632 395
639 681
636 279
576 856
580 802
581 416
582 316
583 552
585 569
586 268
588 867
589 2
591 596
601 24
600 390
602 138
605 683
607 824
606 332
686 340
685 948
684 646
683 915
682 420
680 805
679 768
677 761
674 232
672 879
702 170
701 123
699 684
697 406
695 974
692 964
693 273
690 188
691 508
653 806
654 812
650 942
646 839
642 463
669 519
670 815
671 702
664 203
667 974
661 912
662 684
657 799
658 952
747 361
746 589
745 526
750 711
736 808
741 581
760 516
766 822
764 160
754 302
755 439
752 982
759 798
756 125
757 6
713 4
712 421
715 730
716 2
705 635
707 337
706 563
709 233
710 914
728 712
730 60
735 569
720 114
724 269
726 188
727 873
821 839
820 822
823 47
817 395
819 368
818 237
829 124
830 710
825 660
824 923
804 714
805 753
806 226
807 40
802 164
803 761
813 781
815 816
810 534
811 219
790 834
788 903
787 666
786 405
799 624
798 685
797 596
796 694
795 843
793 741
792 590
775 942
772 453
771 615
769 120
782 88
780 778
781 181
779 8
777 605
880 46
885 147
887 339
886 970
889 181
895 871
894 693
865 841
866 654
867 64
868 930
869 165
870 493
873 588
874 721
877 678
878 452
879 377
851 506
849 541
854 653
852 581
859 148
856 922
862 982
833 56
838 45
842 177
840 738
841 135
844 231
845 442
956 992
958 324
953 843
954 24
955 826
948 480
951 21
946 169
947 892
941 579
943 588
942 284
937 327
936 307
939 948
938 394
933 265
935 656
934 546
925 634
923 43
920 176
919 947
917 232
915 839
913 806
907 450
905 648
902 451
901 924
900 452
899 396
897 454
1017 290
1018 353
1020 926
1021 542
1022 159
1023 577
1008 39
1009 764
1013 932
1014 920
1001 725
1000 885
1003 920
1002 808
1005 283
1004 861
1007 534
995 113
994 866
999 74
986 187
987 672
984 221
990 963
988 299
978 441
976 539
983 491
980 795
970 698
975 230
972 701
963 1
966 926
964 616
