2 619
5 824
10 788
11 40
15 469
19 999
18 214
23 73
25 413
24 227
27 703
26 787
29 339
28 463
32 435
33 843
39 701
36 947
42 522
43 306
40 211
41 387
54 668
53 384
57 922
56 547
63 719
62 486
68 660
70 479
71 415
64 372
76 633
78 871
79 328
72 697
73 868
85 696
86 731
82 64
92 723
95 269
102 203
103 439
100 628
98 820
99 179
96 380
108 753
106 165
105 574
116 784
115 296
113 605
112 578
127 149
126 826
125 185
123 137
136 860
138 950
141 582
143 782
142 454
129 721
131 469
130 937
135 965
153 523
157 979
159 814
146 107
149 617
150 975
169 648
168 936
175 195
174 949
163 46
162 953
161 282
160 255
165 760
186 403
187 648
184 667
190 312
191 424
189 411
179 488
176 383
177 296
205 207
201 642
202 691
197 792
199 591
193 133
192 314
221 496
222 680
223 222
217 781
219 846
213 531
215 684
209 516
210 481
239 652
238 22
236 882
235 600
233 67
232 638
231 861
228 472
225 143
224 747
255 724
252 964
253 634
250 332
246 461
247 919
244 173
245 328
241 810
274 429
272 288
279 427
278 623
282 295
281 982
286 667
285 475
284 462
258 763
256 769
257 361
263 759
260 619
265 26
270 466
268 740
305 121
309 453
311 200
310 203
312 256
314 519
316 249
319 231
318 642
290 874
292 358
293 204
298 570
301 148
302 871
303 865
341 392
339 620
337 6
351 310
347 696
344 383
326 196
327 869
324 751
325 528
323 507
320 405
332 756
331 135
328 402
329 304
373 527
372 272
375 566
369 535
368 873
371 108
381 987
380 220
383 679
377 509
378 551
357 940
358 588
359 834
354 287
360 128
410 369
411 186
409 665
413 888
401 796
406 894
404 677
395 288
393 123
392 503
397 480
396 447
387 395
386 799
385 446
391 634
390 993
440 75
442 803
447 512
432 732
433 270
434 967
436 334
438 757
439 161
425 812
427 771
417 533
416 901
419 581
423 581
422 553
479 435
474 764
470 50
471 292
468 555
469 912
466 987
463 250
458 250
457 986
455 651
454 836
452 639
451 322
449 581
497 588
495 403
488 827
491 835
490 823
485 896
484 415
486 939
480 834
482 370
