8.384971599041524 19.294064975903645 0.0
97.64050812466448 57.27278573635806 0.0
88.80402395560296 102.175150767081 0.0
182.43364804406528 2.411669811703243 0.0
49.56300149435155 46.79540525465586 0.0
109.39146423220582 36.845845755322685 0.0
131.24220967883304 76.42298712168424 0.0
15.212141524025814 19.032250281394568 0.0
59.37794247336572 130.9913752380549 0.0
192.99009345412722 156.13236025141174 0.0
94.19555548161667 193.3011352641486 0.0
107.51962553215535 175.71694005314433 0.0
111.27157433723238 40.98870737873861 0.0
79.50666662440791 137.60845888798684 0.0
49.09278763842308 179.02890797011693 0.0
92.33247446948187 46.58505701756339 0.0
52.6444398542288 89.76469511653934 0.0
8.80207498630783 74.52153702887811 0.0
166.57365535742977 100.9340556545327 0.0
150.34943618678517 129.6442781901967 0.0
87.13829867395859 116.89062598896894 0.0
87.46031178830584 120.92877331042999 0.0
69.0655545370475 184.1910816964668 0.0
17.612835594150923 157.26980689594302 0.0
1.608522870625717 169.94903634147562 0.0
65.82494774419303 93.90601594940749 0.0
117.50324721460686 119.83153403216133 0.0
32.93687711706532 92.68208058724731 0.0
179.1926604714325 132.30109716062807 0.0
138.0458537217241 198.08333706536857 0.0
98.59787065322809 36.68250840616793 0.0
154.04938020225268 147.5792355006982 0.0
189.8814804979433 194.86033997054153 0.0
19.042448611145502 132.6635133179152 0.0
29.061517184690764 159.8896620003926 0.0
121.35307122502728 6.080655370312993 0.0
199.99867074216533 119.52896228024312 0.0
2.289670603706684 91.07965912173862 0.0
43.193657730479515 28.680896835002166 0.0
198.21281219496146 90.13775334691749 0.0
91.99549137437488 91.95299155774974 0.0
152.33297814367958 13.448257328826507 0.0
180.2355873008092 196.02706083483636 0.0
166.6749417657055 151.56831881225148 0.0
35.96663160036289 11.252563609832155 0.0
35.93859815550231 101.97386877504455 0.0
137.89923542926425 182.85583340586123 0.0
107.5249703649624 125.87064231220005 0.0
104.29349050874141 114.38350940662039 0.0
45.78527267527532 59.46174024848494 0.0
108.47650047134552 109.47513596472744 0.0
143.58995843241274 32.97368026232421 0.0
170.82115763819135 82.7865822259459 0.0
20.603752780665175 161.09457886575004 0.0
63.93541347165657 76.86219701306614 0.0
175.19170186242002 160.07949202160037 0.0
185.97533675703443 28.980511705995028 0.0
115.67032820134675 119.62972582460894 0.0
106.40939930649951 20.474643492024036 0.0
86.65712367476928 11.754227378819614 0.0
169.22544219141048 10.755152606176344 0.0
127.56056252788457 154.17301093023926 0.0
150.4857962653484 9.23979718250294 0.0
152.79197365852676 162.42388661674337 0.0
110.30018122990062 170.62097893976912 0.0
127.06958051571323 122.68549553151911 0.0
53.70000161575079 12.378442088360696 0.0
24.224206700067974 196.4311267281182 0.0
20.56176998449033 48.171192768371874 0.0
104.20506697130425 28.379383774464607 0.0
161.64138494361563 6.719305643031559 0.0
120.52322051651612 170.8093433992264 0.0
25.945136468848705 63.01267298974429 0.0
179.15931328636702 60.15935302264557 0.0
84.07729956053495 147.16053904833305 0.0
110.00122962832228 85.93029488449564 0.0
42.868289566256436 15.922005096854953 0.0
183.16646961705445 177.26552821737837 0.0
168.501397845091 172.93439637254957 0.0
5.102987584668406 99.18150483842369 0.0
28.52014655339763 105.88289323565043 0.0
63.15134920483414 98.27437933973495 0.0
187.51250779410626 72.33138728574673 0.0
52.290198350417285 66.82971171845816 0.0
46.93203808548312 10.661122523668421 0.0
14.075941345879993 4.613771217515161 0.0
6.430346686245736 78.54017011463273 0.0
45.32675287236827 49.22658245357794 0.0
42.23914605601804 28.573428091306518 0.0
92.88996907483131 118.74842546771185 0.0
47.55427399963224 119.25939303969481 0.0
140.87110640156973 64.51298630442214 0.0
60.53818413376386 129.10640155496674 0.0
117.99166446105227 167.19205212982254 0.0
17.47138183762602 92.73778736983016 0.0
105.28206520978063 25.978036178900798 0.0
111.74743482917668 10.041786913538854 0.0
108.10507821172928 188.50237352763344 0.0
13.820138415474847 192.8987102863867 0.0
171.54415075533666 48.22917097739064 0.0
112.87557359227777 108.74436661290017 0.0
164.480124792145 196.41531430610746 0.0
177.91585454977908 156.20540969939435 0.0
135.218894873133 157.3295264645862 0.0
4.105338659941382 165.26866907048935 0.0
150.32163356386715 58.27463233506616 0.0
109.64422297614895 152.92328162359243 0.0
168.3282265933971 90.05882204850964 0.0
179.09848460513666 184.94081612380512 0.0
171.35367122618393 198.91313478619475 0.0
111.02916020386306 95.43533162227229 0.0
80.07625200990051 117.4540809992069 0.0
20.928091717153706 98.07167761989449 0.0
111.42533006560191 190.14189265585892 0.0
174.88121414395093 186.2671122166577 0.0
3.315666778437043 77.78631761031794 0.0
185.04464383337663 64.45765906026182 0.0
127.06431435396385 136.00356972805696 0.0
84.93281043287553 178.47739996290568 0.0
135.66503859122295 54.129569930810504 0.0
120.68198102430418 20.325299949076392 0.0
54.88450002849288 13.94614066919635 0.0
43.866539593477725 71.07080809852826 0.0
14.183227520253228 181.6784249811091 0.0
172.109499519246 115.37600726899345 0.0
135.7537627414168 182.07332435539132 0.0
95.6427713664043 12.088668495776034 0.0
52.507171144456485 119.97035994661249 0.0
51.13674252729754 137.58711514351143 0.0
109.62831348747298 112.62787748386816 0.0
58.53283560658371 32.034350511576925 0.0
119.35931874495982 175.16910139712874 0.0
122.27672900904798 73.42553401541984 0.0
184.95974599986369 61.86409394068411 0.0
135.26402478553294 80.28931023843641 0.0
187.33092807226106 107.56527685138792 0.0
191.9741923658306 1.1302742775754826 0.0
36.581173703761635 36.465659446695554 0.0
16.68265302371168 87.17614056390457 0.0
130.8474955585752 109.45058308690368 0.0
143.3050209676729 164.72004957103331 0.0
35.97853077783346 66.66521738479341 0.0
145.34143116405494 24.32477994244926 0.0
2.222567751822302 88.52177978701519 0.0
7.553133581517746 126.38223127572425 0.0
167.85342554369308 46.22182066231595 0.0
55.41741516264251 185.9982739669792 0.0
164.70618547301495 41.97067481085115 0.0
114.0710741702915 144.89938176044805 0.0
136.8837444133913 49.41254057503828 0.0
155.36677389659133 164.03419847002377 0.0
111.43419804269914 156.41641712862844 0.0
9.830498029629432 177.76968709120575 0.0
18.588247093357467 85.19449246326684 0.0
169.72261131338678 39.058083107516886 0.0
49.1847035485552 118.83632778302004 0.0
90.06889184736391 154.67742884778832 0.0
58.201418330124625 98.69353869562619 0.0
106.44211733394624 160.62504101274 0.0
175.84787783178703 173.65149700215392 0.0
131.43872498455883 19.969835119155952 0.0
71.46483924799631 80.17585277514365 0.0
66.2092630621206 138.94590622046837 0.0
30.515440713824994 111.12345084066718 0.0
169.0652717451838 91.7965263234467 0.0
151.24128246922533 191.65870494099929 0.0
60.09936388675907 120.85403229481118 0.0
145.0959759473714 22.218048419151938 0.0
8.919410711688425 135.56781396676197 0.0
33.85784920115875 71.31661282741194 0.0
52.011629171495684 72.66913581717654 0.0
76.36239960691378 105.09297423317823 0.0
116.91158577927361 199.38806053598734 0.0
129.08431820824927 125.83917433966081 0.0
92.2761070550011 42.61430091494902 0.0
147.3377919126187 58.364982131881504 0.0
76.11321261437851 109.120443576415 0.0
67.65303826443176 70.8967933639387 0.0
58.841150507439124 25.442494214639776 0.0
76.92589167307918 46.313170500681956 0.0
53.51180010679879 170.73927701512955 0.0
70.22655039504286 29.870596099527337 0.0
172.44769842693003 101.9287913367157 0.0
126.69241618676477 71.17456296729623 0.0
167.70597666363938 77.62618658732421 0.0
91.71921636948584 151.00270839685527 0.0
102.19666034441734 175.88456447808792 0.0
43.703554961479554 37.68820711038332 0.0
98.94674008834932 70.46640120498553 0.0
144.87911276950808 153.12326192538652 0.0
127.9155718608699 81.3499201163171 0.0
128.32782840388265 45.04407294056618 0.0
132.93113132385466 47.4013662280304 0.0
57.036405999533436 60.11022355897817 0.0
75.7308466381189 82.62058124721898 0.0
5.907562980829195 91.39296810351878 0.0
79.75460758966942 172.09398071046894 0.0
163.92451971798002 34.23848583811295 0.0
193.2518352806292 39.76549573934758 0.0
131.20627384236647 26.073764985905477 0.0
159.4283435042073 177.36264819039954 0.0
94.48026684263857 68.57426372281317 0.0
180.77294987427902 162.2914501536582 0.0
104.53813339245283 34.71412240119174 0.0
195.36774615298654 12.040474388848143 0.0
50.529247178229596 148.57123400552524 0.0
44.900098792118605 123.61085885311816 0.0
128.4858659710666 192.36104322971246 0.0
107.25839332244098 128.71575221242603 0.0
35.26276775583235 143.02454455416887 0.0
91.00771288492295 158.96905394416802 0.0
184.11324564365606 69.79742833827551 0.0
144.70566446875307 160.0101046777215 0.0
134.41249901545345 134.53899117383972 0.0
20.932552532213535 19.487301009096967 0.0
155.57845828544353 28.200918979854528 0.0
153.07432877571756 181.05042466228338 0.0
4.02912541154421 149.66760399630186 0.0
152.31060498377002 104.977766333455 0.0
182.0546405571016 87.30130273758996 0.0
12.924295796058693 5.790950807673068 0.0
168.77128254888865 98.87689797239115 0.0
25.963295739977553 148.18672466255933 0.0
165.86373924014092 102.19267537587223 0.0
44.448851144738775 14.841661692810693 0.0
184.61096045251688 186.49503086658117 0.0
117.73925336557329 73.12223468133365 0.0
15.730055682591825 33.9566381330745 0.0
18.32152760438386 62.45929035018922 0.0
169.86169339127255 100.799121838718 0.0
21.21791257989838 100.12253697886622 0.0
54.059608392506476 149.25282265648897 0.0
64.35796838403532 60.357175515852845 0.0
58.43572926973353 144.39797550229065 0.0
117.6811607455486 20.321424043667946 0.0
67.15170088160558 34.03287261230585 0.0
19.398949282630817 85.99020549211332 0.0
179.23647069590862 115.06648093552113 0.0
199.75931706887798 12.166832580668064 0.0
127.24878160299642 156.53429487059483 0.0
5.82087328505545 112.97112316796527 0.0
15.592400110918936 197.1879022224345 0.0
165.157666025526 22.64890322557964 0.0
165.33101139749274 164.71028098592203 0.0
82.07989987181834 111.27441678373569 0.0
48.63878257820282 173.96033745077375 0.0
146.86981495291312 185.89377731918265 0.0
123.56164764420524 153.25186567996215 0.0
56.69609558588553 114.88406945527628 0.0
38.55336308880144 120.52359403635822 0.0
96.2841315955461 1.7793564456469957 0.0
166.2896143363329 185.35856924033908 0.0
7.083701082498894 104.5413875738864 0.0
147.55230280643167 188.16270812691826 0.0
85.58945256892339 47.22928396663042 0.0
78.51539260979837 4.4138652100800035 0.0
94.63389077469905 3.249203449016669 0.0
158.5526322036647 139.74439320790827 0.0
45.88641538542988 42.84139064655108 0.0
30.726587534612747 120.72166349528413 0.0
117.45619629630421 132.18865889889543 0.0
93.4074759437296 146.54263821274972 0.0
107.410576695805 147.50690383390494 0.0
139.00934592974758 108.46009513109482 0.0
92.18488793867634 124.70482790322626 0.0
184.62023656217687 6.609714928032839 0.0
158.27357551225796 3.6765594760154174 0.0
99.3419228968713 198.00879628415632 0.0
6.256522535929365 146.0174610190198 0.0
4.4440856802369755 194.84884926879866 0.0
88.12867543016785 105.93000434893649 0.0
24.97660312616614 98.80602690547633 0.0
132.06497728688518 116.31306049987646 0.0
5.272912551205944 4.944796842921106 0.0
33.16680603364319 115.50463523047753 0.0
65.81627913993131 37.891796279901044 0.0
144.40010795297437 84.8745524285063 0.0
175.2300533397186 93.30859079075576 0.0
188.8494658140851 193.440165540523 0.0
38.69188209637559 49.29326383089916 0.0
132.57644181747062 152.90481397663407 0.0
162.86102693116408 185.19269486849385 0.0
6.784664901557247 74.99516899462762 0.0
147.44696284895642 199.40868726464106 0.0
48.65796188886933 192.70029975033424 0.0
74.83649189262711 153.13279250848623 0.0
42.15220884334572 57.99183566076387 0.0
121.73563825517878 83.54618194172122 0.0
183.1853882634508 60.83101490413121 0.0
0.5717472401578272 127.87253870229023 0.0
168.08451812078945 127.74523615880197 0.0
153.44016317730765 178.7734637227305 0.0
109.81216661179923 52.98305961039953 0.0
167.66897226224364 151.92741752285372 0.0
123.40930103004186 91.23325041644487 0.0
59.61441022413252 88.23491517194806 0.0
190.25533575608677 198.1200715435543 0.0
82.08846695952525 135.94404554263465 0.0
10.160246305637344 43.16351185549496 0.0
150.85943870008373 162.09218163803052 0.0
180.9676675871765 39.619726890573006 0.0
56.95512858376575 128.0111101576692 0.0
7.26209036542711 136.59357259600677 0.0
134.03746312304523 30.244525337258853 0.0
132.9371544308064 1.0416012153648069 0.0
183.90647202971422 156.0782488017168 0.0
16.796197243551504 80.76051985279685 0.0
28.23045791146037 31.98526167739455 0.0
26.020283305507007 84.18262668445134 0.0
50.88839529020226 153.63905359014646 0.0
9.252980758038554 38.776328088019476 0.0
122.84961770499096 177.75043293201534 0.0
29.2151796320961 97.07640078787438 0.0
160.30488894963798 128.83451482827363 0.0
84.1773948965481 47.84518752509204 0.0
56.80197995478488 128.11605989465934 0.0
128.28097490078434 59.5925785924468 0.0
51.42809805237674 187.13310729532108 0.0
112.61373404999932 134.65903845338232 0.0
147.6203800737805 125.20013407322863 0.0
112.10961347606909 84.2926498548617 0.0
180.97481760195947 67.74379548581028 0.0
77.75599440957546 148.62761004347033 0.0
149.46309197670186 61.625683603400375 0.0
159.25635618790346 80.19825405562145 0.0
65.75575105154368 103.9181900317631 0.0
80.21006944928185 185.59914094833292 0.0
68.88929598796794 122.20110673393532 0.0
116.03518247827218 77.1284076969919 0.0
41.30379632580061 167.29812701717194 0.0
24.273987596183687 124.72810574223725 0.0
117.31670459542715 83.47404198763829 0.0
7.585460510370412 18.261774574201507 0.0
40.38757399566255 6.464894957537393 0.0
51.64248736224173 51.146143844201376 0.0
129.06755806359857 6.315023985156953 0.0
173.3159961124342 118.5803220706519 0.0
45.31645171538068 39.846379665815434 0.0
38.942151450916555 187.09247772490508 0.0
23.909265250034473 106.68717466386433 0.0
68.13278376981806 136.85054932065628 0.0
117.94332275664527 113.13837114908303 0.0
125.50334891886101 4.160039395650639 0.0
142.9958822669758 39.758183349359214 0.0
20.856724019329853 158.79859303756922 0.0
161.2714240416669 181.39626550436085 0.0
87.77526204016716 39.31356962651529 0.0
137.11677734760576 82.5108149810171 0.0
91.2375127402443 139.135380459547 0.0
16.571333790797027 125.95344917126967 0.0
26.790203740119935 187.3359521056621 0.0
136.1586104840792 150.00820441947496 0.0
16.969968186121065 100.0881992857948 0.0
149.91455488599246 166.32258211868174 0.0
85.08353949882712 92.35901569451276 0.0
178.68700450883966 30.470192528758734 0.0
92.1190683070754 134.09479594101145 0.0
32.0297987337278 177.2360241096762 0.0
159.47537935854243 111.13505954016875 0.0
130.5540585381437 74.3169545103565 0.0
68.35991205256178 8.31637651123691 0.0
165.38829675250636 70.9817174795077 0.0
26.12037032632857 170.70532078873833 0.0
171.437983591756 22.33611806741842 0.0
20.438875714203107 18.62566192194748 0.0
162.42434516565666 55.19067371334947 0.0
144.2317950390124 93.12173651850453 0.0
178.22115286876695 108.12974555602332 0.0
167.26221227139655 190.72632550800478 0.0
128.79739085305528 26.2324174916553 0.0
54.8862369466216 9.878095956953569 0.0
184.1127406952515 19.997271903448688 0.0
90.01835436841539 176.0600137201355 0.0
55.6018177488643 8.374545920714338 0.0
141.31506109462174 138.70697483373343 0.0
142.42227093592655 157.41078288119735 0.0
38.74013759330024 40.157196161161 0.0
174.4307936929873 198.86275512612707 0.0
167.08895436986697 45.39862094925231 0.0
73.89028613842967 67.23879852840678 0.0
68.71322405876779 191.08815745536322 0.0
79.2003297727518 29.077469575034986 0.0
58.601796642324146 163.29804423018808 0.0
126.48237028552518 194.87484349538252 0.0
198.1369742478691 145.67028922735446 0.0
68.63985394799417 101.92341289378663 0.0
48.26009027620637 193.13662191264885 0.0
126.55284818256851 135.42708682205512 0.0
28.443997950794 81.08801704557946 0.0
13.35555679429843 115.6083464439563 0.0
144.78421199199553 55.85438122717279 0.0
50.28432730031038 20.125212221695744 0.0
118.684651627063 169.58154891902376 0.0
101.37272324071445 133.96717584259858 0.0
147.02770412217689 121.0692985385144 0.0
94.30937380793311 123.10086545968393 0.0
55.38273835147702 143.86073102842468 0.0
66.06330366635834 13.487775369293352 0.0
67.72093927762259 83.84976986382352 0.0
74.4205735530189 23.697877150565038 0.0
9.268640425163621 190.9002643357842 0.0
150.365041050233 47.19466935110324 0.0
83.54527860989975 112.44661109367449 0.0
131.2752354506721 109.46850772541087 0.0
20.296118458348488 121.77249175755809 0.0
111.19828087880161 135.5469219581141 0.0
177.94410984050407 139.64073538897134 0.0
172.0009388646632 55.011979947946735 0.0
102.34910684397036 15.174052758688216 0.0
17.9868565015735 44.50638791172628 0.0
93.07692249519744 20.36281690435404 0.0
126.60824651780986 161.81158000412879 0.0
109.04464257122063 182.30264336505832 0.0
49.18916918865517 160.93265616685687 0.0
57.32269475574186 128.24120006984074 0.0
148.11677110341722 94.22648078492624 0.0
152.03828561033208 150.7400845742246 0.0
140.74580640669387 5.460912085911063 0.0
4.738855165452249 13.734245862157834 0.0
135.30088286232262 196.79467418523663 0.0
13.238193149672073 14.998034019549733 0.0
190.34990846424958 13.01892052558018 0.0
52.882068268886705 196.5034175108601 0.0
6.961292490966309 28.003119845089095 0.0
42.33414482170361 151.38253045654605 0.0
171.44652422501053 141.1394522118725 0.0
55.397076129658274 14.68334028406002 0.0
6.628768332826973 195.6814718240896 0.0
81.0477810366497 144.83360906900884 0.0
160.8672509765074 116.2243602947826 0.0
95.77985523749939 103.70508862503698 0.0
166.6062177482956 29.17559047304352 0.0
5.510251722644299 25.396309784080252 0.0
134.0063350777476 177.91656240278002 0.0
38.7213460805373 127.32893379442893 0.0
110.25542290776467 73.45705049198104 0.0
128.17357484410854 161.9792435781349 0.0
31.444565726327944 31.736193203051656 0.0
105.43799254216984 33.54281273985815 0.0
21.43461172917458 40.32499399955207 0.0
150.66194223027048 11.05704045274376 0.0
50.92715783995712 170.13716341616902 0.0
89.39537075024147 157.98278860059648 0.0
59.9932272204839 101.85645466639804 0.0
8.969175228019232 167.97286045388452 0.0
168.6018744365588 172.14035899867653 0.0
78.83108344314837 147.5317143952896 0.0
152.22999697215107 61.26151812874356 0.0
2.408691390650053 18.49727800261034 0.0
143.42369328636445 41.699789457961515 0.0
2.4832784567264232 126.75237477069486 0.0
135.22068841183608 186.29949688888016 0.0
47.722099780071936 138.29975518301566 0.0
108.63216540215386 94.95786983907033 0.0
164.93094802504163 179.81136355305034 0.0
83.92171266117055 140.41237912054075 0.0
149.75277268298964 37.98896806211125 0.0
104.20784911720679 156.54609617399933 0.0
187.95230938440807 70.54990790503825 0.0
99.9558925713469 96.73184134454512 0.0
30.09059327501802 101.37820913802791 0.0
154.21393006422136 75.08744347438854 0.0
24.30748148828159 173.35793706309497 0.0
90.98655032679494 170.11601137702633 0.0
105.09414507685399 14.632179164992953 0.0
142.92940037394888 18.05659853665118 0.0
160.35176875316716 37.50762582953939 0.0
119.58628532799264 152.37230876852064 0.0
54.69661277192177 33.95132141604116 0.0
193.67995956086534 56.15440283406634 0.0
173.88571448912384 57.60262883788696 0.0
150.50658433163426 185.82251486356006 0.0
73.40158721392682 89.45006676620059 0.0
104.27293143847542 197.3526818398612 0.0
63.64824834605043 172.79932666290318 0.0
75.25460326676425 60.36643695195356 0.0
144.87510826872722 172.88511136467702 0.0
42.942414665864725 80.76576304012039 0.0
16.859151524096696 167.45628340248714 0.0
142.88328803707432 69.20032311174407 0.0
131.54010106605497 106.89010570958963 0.0
158.71098660007067 190.50486047066474 0.0
131.2170702020678 195.8681548465522 0.0
175.90115435646217 8.346307278408528 0.0
120.57954079561202 43.372869443201154 0.0
10.074099079733445 99.67165038847885 0.0
57.75935606646283 3.7403407373095776 0.0
0.20791627979110938 155.1491678001584 0.0
117.75454781667311 88.73153899340205 0.0
165.91352306750025 104.64726210542972 0.0
180.98998078629288 169.0606217262389 0.0
167.9622879462979 110.89659407728907 0.0
30.443654338405146 103.54573406718465 0.0
182.54602399001183 59.83289683614667 0.0
2.681760102951758 135.02397469437062 0.0
102.28810200398755 42.71925497624809 0.0
131.3095502382792 174.39912180966127 0.0
10.813557647718962 72.99839544535234 0.0
45.75913289016895 57.66690687894458 0.0
42.72513032722405 109.92689192857752 0.0
