50.3194126304066 155.904203042274 0.0
96.9154631683826 7.203644660192743 0.0
13.444666157729035 114.17944994938512 0.0
99.60222135814803 141.21198963985165 0.0
140.6370099188761 66.18237552670429 0.0
49.905370777637394 75.00682670333238 0.0
113.60667765015289 189.34185750845472 0.0
4.383162172342159 136.2741401675553 0.0
52.84270758519101 101.51845790082889 0.0
136.88933363869842 158.82588609672666 0.0
40.09203850943821 5.335158348730684 0.0
17.383938466115524 50.99083632211951 0.0
117.48068378347578 83.53514891872307 0.0
77.98498064696375 160.71431637978085 0.0
115.77323191531856 148.10721524448266 0.0
169.6360962686058 132.3924254489731 0.0
155.0874076065917 182.0520194695291 0.0
6.710785904585426 114.72419555968865 0.0
8.45059263291217 155.04534447292852 0.0
147.06916718610478 149.37302369429057 0.0
121.9056296099877 142.88722510147178 0.0
161.52830873557093 146.98630187347143 0.0
144.4434755497408 135.50873216930745 0.0
9.402752105603529 40.13028751345418 0.0
136.86058944491157 179.44091541619298 0.0
155.71695706165323 91.95481744538216 0.0
0.7093021140002875 68.03322627212181 0.0
40.886785046310095 134.91036210836637 0.0
96.82967519923527 66.3416957241962 0.0
145.11252754989806 115.59784354145177 0.0
107.52166451056786 137.4897093201406 0.0
77.4211370653211 129.83922937780451 0.0
137.23679363106254 23.437285500761075 0.0
63.24075284621766 146.31493100638977 0.0
43.738751602792924 125.47738029733593 0.0
104.58592352448093 37.62176513680213 0.0
45.00269334395275 28.4106798592868 0.0
143.3771227168047 164.36295240263016 0.0
156.69338823526547 117.23310459374396 0.0
171.11366717402967 190.88971477820388 0.0
180.88250455927815 46.303034577346345 0.0
197.0642317633979 50.57147622336575 0.0
188.73587890991897 38.33815580807476 0.0
112.33463714670566 23.97982709692097 0.0
118.22170028164494 114.22455854066875 0.0
168.61787732102508 145.12898013017573 0.0
42.460957861474526 184.5035665745909 0.0
28.126526748716696 8.92341654479456 0.0
55.161845330907866 69.53463265021536 0.0
135.15320639773466 117.22110680045661 0.0
166.65003803469932 157.71533316392424 0.0
109.89985421623881 171.42862790926517 0.0
107.32718157451609 159.77243458721878 0.0
171.66210695275615 196.30221439864258 0.0
94.96007440053135 72.02074021418356 0.0
61.15017928839941 62.636609608762406 0.0
38.023557394751364 22.619260169144194 0.0
150.67312598132202 65.78148039072215 0.0
119.39024454435645 142.237051832138 0.0
6.108539136913027 112.43283830557402 0.0
32.98068564960324 174.17389072689943 0.0
196.02517079735307 169.90480922592047 0.0
130.55770980942478 18.863798167926138 0.0
31.021200973674535 140.09491278781843 0.0
176.6692068694037 193.82214210195684 0.0
160.2861970060857 34.613774292848355 0.0
106.8137120827576 82.4799618176047 0.0
152.5901363665946 48.05800468698258 0.0
137.22365370667515 43.98194320359774 0.0
145.34820661306773 53.16289086758705 0.0
184.2312650361832 160.90723206222512 0.0
158.1053279960274 174.5792139471918 0.0
17.00264585981788 13.005143799935205 0.0
135.72973740985984 37.27641916857112 0.0
89.49563679532339 182.42065662972647 0.0
11.800255767546197 31.082146252776255 0.0
175.81752920726476 19.51728772421677 0.0
64.11712982996627 84.62595698283546 0.0
167.72897374625347 128.287896241236 0.0
171.96176391050045 199.9628634727527 0.0
83.86073025820065 66.47665398807585 0.0
78.67581351009308 163.41012677673353 0.0
87.28020433812821 97.9183266914467 0.0
13.325585942652562 18.63856754215323 0.0
111.36506796868026 83.23376473032971 0.0
31.662868457818337 64.81750499698369 0.0
153.5115532199871 149.90329356244337 0.0
199.28873956114023 125.62014052661408 0.0
12.02527763796477 43.87264908194799 0.0
58.87209561019233 24.154147648982782 0.0
13.612880565953379 32.2286793840276 0.0
98.4700936720373 194.38993556282665 0.0
107.21295764147236 100.11509018799623 0.0
169.44286807562986 161.41691201230785 0.0
184.47509795088615 164.9411315532809 0.0
190.15031216817786 30.86592801021839 0.0
28.016275671549895 117.06908635264901 0.0
15.563984432567036 142.09378403908156 0.0
85.65393076499623 88.54910635606768 0.0
53.1224513355425 60.233593194260315 0.0
122.13560798955744 50.102841464928716 0.0
61.60382070921884 108.97257967824419 0.0
109.45523531611767 41.44008187356576 0.0
182.48443486938166 78.92667521106415 0.0
82.66636342385432 51.125472457897246 0.0
22.197977085936206 185.7391328138592 0.0
110.17318680174519 179.59509362641052 0.0
128.9047087123481 197.53814909867347 0.0
5.800295257280563 42.555684883962776 0.0
88.82569061252433 103.14632166921838 0.0
144.51252096755556 1.8818697436174148 0.0
104.89225052198219 150.44259597900802 0.0
134.4765244265166 147.2597399595966 0.0
114.40628597794323 148.53511938056383 0.0
145.2260994409234 194.20789385245524 0.0
52.60223746993773 197.91127708458848 0.0
195.01346541820567 12.739846442948322 0.0
175.44690731254627 89.4889773788243 0.0
59.99909927532312 155.81451303401076 0.0
17.708647018072398 96.5011009420262 0.0
83.75304964757562 117.85434689125402 0.0
181.27271812365862 172.40273473376467 0.0
37.610978974953426 120.99344437259009 0.0
123.87491406973975 63.49880389907672 0.0
110.74832296550372 0.3508450725710155 0.0
49.87091516266333 146.74732782627484 0.0
93.40658561046975 39.5069002617104 0.0
92.35408156406389 111.20151293526716 0.0
57.52578078732205 193.49361874675964 0.0
19.87976865637162 115.81156651888705 0.0
136.10754188411616 28.992529532634357 0.0
101.24953065863113 176.8150303144056 0.0
155.95367991196463 110.06647204082635 0.0
118.25388121888452 64.70219903618325 0.0
87.99524348247063 62.63455699085825 0.0
28.967624750367072 123.7510015684026 0.0
145.24752512186438 162.03236716320012 0.0
53.137022417985634 166.38353619553004 0.0
80.4966845512501 5.38219176663588 0.0
176.39349802129715 140.1042959398996 0.0
14.14403966765867 54.131015014030616 0.0
51.47370001983433 16.537867630616287 0.0
157.20436265423484 161.99671239692316 0.0
12.321255703733858 110.09178610510848 0.0
85.27481027753103 39.69573314364128 0.0
10.890751870308858 198.02793319764916 0.0
166.36150340250003 150.20839888260554 0.0
136.6697735382212 184.2338101107575 0.0
148.7709351667573 176.97074912611026 0.0
185.38023417570992 25.742689657265228 0.0
174.8439082700787 162.26456913666513 0.0
106.01544855539802 24.059578342469923 0.0
2.1298254541484374 74.21029207278254 0.0
74.31479030339435 172.60764923305703 0.0
185.66957190492815 128.149977984001 0.0
15.97303948127935 47.11771756138694 0.0
3.375513792932572 61.84064290210567 0.0
34.32681907841684 127.54098692640451 0.0
191.0674424867812 143.76084953960373 0.0
184.95594740700108 48.073284861819474 0.0
94.54363403381348 179.96641605513534 0.0
183.58265202872323 86.13671256002127 0.0
43.13646995063942 177.31375195196694 0.0
133.84712121612645 21.6724242152303 0.0
2.522379534148045 19.50235801204365 0.0
17.98300044044494 124.85616850489751 0.0
74.1262575129598 117.27059576924883 0.0
106.11185049370934 63.35595822019609 0.0
174.28065012458023 105.21186228328689 0.0
8.82090700781173 159.5090283636451 0.0
48.37054625591139 75.0609842865761 0.0
22.88370640613444 73.30316371957286 0.0
53.514678955796136 158.9334728197208 0.0
101.42851509329695 38.80514250154463 0.0
77.90477817129602 105.8831956418878 0.0
17.55489178581311 39.68697771091492 0.0
155.74434178615758 31.27664257054512 0.0
84.34379352496448 173.75840122795165 0.0
183.79896592939272 160.8650145878977 0.0
144.40222961731675 126.92183601777091 0.0
48.890441422994634 140.0679550583722 0.0
48.52856719953431 153.72392724669143 0.0
35.23721163186866 133.86568327676073 0.0
105.780019866588 44.68551482754475 0.0
196.36418626959193 103.82910699274044 0.0
6.169079334987382 49.84978456937645 0.0
48.37497019368071 116.20020835653118 0.0
92.41108772712707 23.496059844372084 0.0
69.70015420053299 108.5678851233411 0.0
188.59029109996303 156.72454084225043 0.0
77.00546368810419 22.56728626541753 0.0
81.30718616956771 172.62521935629957 0.0
187.76390260290896 196.16332657580227 0.0
192.81520257829797 173.0018032252672 0.0
177.0663944538771 1.4620944537349967 0.0
185.85006245749568 46.129500237888024 0.0
189.56562160430025 112.62645531372395 0.0
196.3005006337403 71.7831437501629 0.0
177.01825750035124 93.355197008515 0.0
102.56441261068507 92.78017229044417 0.0
