3 91
6 881
8 68
10 444
14 249
15 622
17 869
16 103
18 655
20 902
23 713
24 8
29 910
28 204
31 862
33 519
38 228
39 143
37 742
43 250
51 290
50 389
48 599
59 335
58 877
61 197
69 126
70 119
71 539
64 25
67 39
77 638
79 940
72 488
73 675
75 823
85 571
84 545
80 606
83 197
93 975
88 363
91 387
101 916
99 290
96 634
97 71
111 685
108 613
106 307
107 287
104 632
119 78
118 673
117 167
116 684
115 295
114 648
113 752
112 594
127 596
125 951
124 789
120 136
139 65
141 203
140 715
143 641
142 21
131 214
133 754
135 329
154 672
156 390
145 244
146 567
169 724
175 209
172 152
162 315
161 218
160 886
166 147
165 718
164 341
186 584
189 477
178 441
176 627
177 740
182 571
183 734
180 781
181 73
197 374
196 971
199 780
198 655
193 256
194 461
