4 971
5 452
6 600
7 700
12 988
13 897
15 410
16 764
19 350
18 70
22 938
25 321
24 500
27 330
26 918
34 773
35 712
33 260
36 974
46 982
47 341
45 418
51 443
49 318
48 281
55 500
53 993
59 752
63 725
62 397
61 906
60 390
69 195
70 297
71 528
64 80
66 531
67 434
76 782
77 399
78 890
72 573
81 812
82 911
93 951
94 873
91 981
102 203
103 395
100 912
101 502
106 178
107 85
104 701
105 406
119 143
118 583
116 789
115 236
127 998
125 480
124 371
123 818
121 858
120 510
136 444
138 140
143 892
135 144
134 169
153 885
155 206
156 966
157 786
158 374
144 918
147 150
148 79
149 875
150 838
171 228
170 666
175 701
173 704
160 693
164 88
186 685
184 542
190 856
191 583
188 899
189 887
178 728
176 425
177 332
183 934
180 18
207 895
203 65
196 461
193 664
192 697
220 346
222 735
216 72
217 313
218 974
219 442
214 381
208 503
209 333
239 67
237 992
235 431
234 117
231 980
230 26
229 431
228 501
226 408
225 360
255 668
252 754
250 31
246 107
244 773
245 907
243 349
240 986
241 287
274 907
279 565
282 983
281 559
287 330
286 76
284 308
257 950
263 688
260 528
261 456
266 30
265 408
270 110
271 113
269 515
304 220
307 594
306 559
312 949
315 691
289 145
290 203
292 186
295 68
296 443
303 410
337 128
336 157
350 149
346 123
345 384
344 212
324 514
325 368
322 214
323 361
321 898
335 988
332 565
333 903
328 234
372 706
375 887
374 70
368 819
381 549
380 890
382 406
377 583
376 457
356 127
357 977
358 101
359 429
352 236
353 757
365 302
360 508
363 736
411 828
409 728
414 807
415 214
412 154
413 976
403 104
401 371
407 859
404 84
405 789
394 890
398 263
397 910
386 392
385 135
389 380
388 597
441 719
442 9
445 37
446 494
447 636
433 0
435 572
436 96
437 683
438 957
425 33
424 20
429 171
428 945
431 974
430 963
417 363
416 78
419 745
418 489
421 723
422 818
479 436
476 200
470 84
471 697
458 5
455 744
453 645
451 914
448 229
500 953
493 787
494 514
491 824
490 171
485 812
484 677
486 40
480 165
483 608
482 499
