60.70011258623522 57.85230371425494 0.0
64.73243863847884 64.83163123428537 0.0
85.64038094060085 149.22007616393807 0.0
80.226193569279 186.4155650794782 0.0
34.38621928940149 125.92720020801929 0.0
154.98880925570674 140.9290746152922 0.0
97.65491922377872 77.24328934515923 0.0
141.99312991365622 187.06975948282835 0.0
85.85129860831854 60.83913139773527 0.0
106.38079887830784 33.30387087224669 0.0
134.61134809643232 114.15944040493406 0.0
71.37542816886035 33.984945121557786 0.0
198.49613366916563 86.11901028560534 0.0
125.98187054246772 145.3740828953585 0.0
82.50018357394944 144.49940562947094 0.0
74.70225968421313 156.41166603668552 0.0
86.234033849903 59.93123970248855 0.0
87.81986875558745 32.723262358561755 0.0
17.08586812765589 19.104874559873352 0.0
145.37216147047693 42.225086789342804 0.0
166.3624255168175 177.86012841592085 0.0
58.754586758366464 66.82743728777719 0.0
36.35481250246366 29.063481858205154 0.0
100.96719560811613 147.11708490802081 0.0
156.47007296686706 130.68902717080567 0.0
179.83628286351282 55.53262001576882 0.0
33.014642757399024 16.277224484119014 0.0
48.11365407655479 148.4294541528832 0.0
139.9112399837345 192.95337595452787 0.0
60.17643932892054 108.56400539492984 0.0
76.57600056235393 21.445458664342752 0.0
57.12063412723729 56.90945589623209 0.0
194.37792732685747 168.04892008841188 0.0
90.36193577868991 86.3481997576266 0.0
124.54812632017136 20.24365565331825 0.0
78.42766403697772 149.66900434698994 0.0
128.10156361656993 165.67637137389588 0.0
132.44395596180456 20.429663906480577 0.0
32.279413704982574 148.47925100042326 0.0
182.8926849928955 137.62870652700795 0.0
118.2153132468283 37.40371378081362 0.0
93.53285201590514 143.7626584701531 0.0
80.97428290508051 67.00577377265147 0.0
57.95159725762924 30.727999513696336 0.0
95.8082640497169 146.1274731195239 0.0
140.03018220796116 19.15991514014759 0.0
93.41755073043434 167.17651445225863 0.0
141.68065401438446 14.182672912012496 0.0
172.2028088449331 195.21413379300168 0.0
159.5292610582225 104.17929977245262 0.0
56.937562916743104 167.61902673672736 0.0
26.792915510855273 99.07100863948904 0.0
50.986377800202874 93.10298481772779 0.0
127.41536778379383 140.72973110267583 0.0
23.139369604145443 103.11164298440359 0.0
16.600060312621444 160.5297589321133 0.0
20.3288223247823 79.15166016587798 0.0
85.1969355769366 7.677545062569635 0.0
103.93915418818706 156.3433268453636 0.0
164.97076479494407 26.84124978903597 0.0
170.11670427954272 186.5055855821905 0.0
87.59894961082846 124.73465934368204 0.0
33.43116522872431 33.33804431098149 0.0
182.3169193713553 132.69285013542998 0.0
128.43573311126707 167.77260735882564 0.0
125.44978241056879 145.9096641210409 0.0
15.118470392842376 33.32495138978091 0.0
39.63891195947511 99.89007454996823 0.0
61.93257936268084 59.28404651403562 0.0
81.39276153738606 130.80318911225567 0.0
24.038667378525226 13.83563775757002 0.0
152.6612665539595 58.8044927810158 0.0
134.58735633967714 9.723437466680096 0.0
25.4536728918614 32.02875186110026 0.0
183.31591400852315 101.80965455398625 0.0
78.08985399596915 173.83780777532027 0.0
69.42795517389202 48.9041693204318 0.0
7.495490113775882 187.040331622716 0.0
84.67043479289708 51.48961484728123 0.0
104.02192257592635 86.18328587410903 0.0
107.7175980777787 122.47733504330805 0.0
153.5915467954408 152.64795271565248 0.0
172.41684677817574 199.8870725877308 0.0
166.54024453510425 37.165768280042855 0.0
110.146695192558 168.3509783441654 0.0
123.34840771344773 70.5024844649832 0.0
160.48244857055965 20.600461120920286 0.0
174.52254414643014 85.44158305050071 0.0
194.56041601979254 60.602033100981004 0.0
35.2097317916203 1.8309520325254791 0.0
101.97684366331488 126.76634327488887 0.0
74.69754963364544 81.33954946774291 0.0
154.75312491195493 96.66217643499573 0.0
16.772304023949047 119.70355184735719 0.0
180.84400768311914 23.925195977855317 0.0
38.97886292141117 111.62436572922063 0.0
154.8609679331003 153.55887687449857 0.0
187.1455454615693 97.11369126463379 0.0
145.12819601747736 163.5830067524828 0.0
6.107919440043874 177.96357329869545 0.0
43.88385444232878 88.99283933081719 0.0
128.38571872569898 79.1522565967107 0.0
151.38482080947915 98.24990355328818 0.0
59.63725134897984 122.37944101550123 0.0
84.86807749778009 13.033156642499977 0.0
153.03611579885379 77.55735612888492 0.0
39.7676356674864 188.7371236053611 0.0
174.2853666357884 62.966889286921266 0.0
143.28083282512404 106.21135897944272 0.0
124.80440830335404 75.9207973980573 0.0
109.32339730915868 164.49347565577176 0.0
112.69445298448363 53.15884961507857 0.0
29.10788491863727 109.79567235306058 0.0
39.40849321304005 183.8325975006935 0.0
113.02534993798514 87.7626713312906 0.0
104.62215181472953 127.82019617458842 0.0
137.20563256824886 64.02665219228464 0.0
22.622042519417196 28.244659048514762 0.0
42.07666431882797 122.34263680043178 0.0
190.59866055952025 149.45153293366226 0.0
180.4387970486719 120.09555836578019 0.0
52.550975059205626 20.335007395844862 0.0
119.01521162331645 157.72817596309469 0.0
162.08043987536905 117.78413843780211 0.0
60.13503145760273 101.6465914165662 0.0
163.1721827041542 186.15372622739187 0.0
69.1508174226421 189.41817832220252 0.0
80.13173765898767 56.047231049367795 0.0
168.3876640082925 141.58435787954963 0.0
136.16568590672594 99.33187239145039 0.0
189.86628500151033 6.168595239115637 0.0
4.665193153444469 37.188864212737506 0.0
66.7378216094084 169.96771872082417 0.0
138.07148970775344 104.13465756903119 0.0
187.31346003066935 184.9725043870896 0.0
16.272785171847914 163.33168159356927 0.0
135.76721657294698 78.7713395954156 0.0
9.80242695838125 67.14011060867809 0.0
0.03554977585003005 44.54845481211673 0.0
62.678338547711164 161.7447924880515 0.0
40.13283235230365 39.29617295824539 0.0
165.54417790600613 145.8244619238793 0.0
79.04696142995627 58.11836324158903 0.0
11.842899033644105 110.6130048012312 0.0
103.57473303673271 98.01007598605315 0.0
108.07376332734562 112.33553381829094 0.0
43.90191893993942 76.25622706581154 0.0
143.7541475441617 57.884668539727514 0.0
138.42827869790133 26.599912064223563 0.0
17.52774357171345 20.735367704867326 0.0
84.28308268206169 160.5888635380427 0.0
162.93118929622818 146.47938648942818 0.0
124.17198770604914 52.01626678056819 0.0
120.65135960287058 55.99331694981853 0.0
126.64146860988423 79.12997787099411 0.0
63.67589321367506 109.13684949382525 0.0
179.5422908585542 142.29213959105286 0.0
197.55991247752434 53.01092124410933 0.0
35.41884205485331 164.02874742372413 0.0
30.102076915976795 46.187997869291685 0.0
122.74642290876487 173.91679425358532 0.0
33.04356221454754 23.95971821773013 0.0
168.38393793811676 82.51424700859972 0.0
2.973764811586399 49.529848329340844 0.0
164.30472763033717 156.54601743614515 0.0
69.44686484473202 82.2133424721242 0.0
55.61363339961189 121.81688016051919 0.0
195.38379524480547 86.08514176057132 0.0
127.05358177180199 140.83007439361424 0.0
168.15425094689041 1.155072216350761 0.0
21.650464836192597 38.848166730044184 0.0
89.30399378557765 4.028125890365253 0.0
37.84023638834337 85.14059174808122 0.0
36.71269740489465 96.14213344923289 0.0
20.36759300309472 175.42002035019493 0.0
95.0381811605999 175.05768630357088 0.0
185.4407913363249 6.977601132681666 0.0
128.6229074501748 167.90799786899152 0.0
2.0725947594626426 189.78487656937048 0.0
105.60927016804325 135.99912047672785 0.0
189.23256118441068 194.8380199273462 0.0
72.83012704462813 95.683911436925 0.0
182.38123130583566 5.277833512353491 0.0
28.111691762071157 43.01572805393128 0.0
73.1520975006495 106.32678943547447 0.0
139.9459767434554 118.32089722721628 0.0
32.39251636002074 26.84213456942306 0.0
24.060397198866813 1.7115612067246877 0.0
189.4700885164656 28.29198696304138 0.0
102.2324554050807 91.69353654465186 0.0
59.69628627331443 126.21914454472278 0.0
40.767692821634505 186.40650383176933 0.0
86.91443539959585 24.76504125207091 0.0
94.3794308126784 60.66667806501973 0.0
99.7445493399008 146.58420687843557 0.0
65.77917076756377 111.86498617577747 0.0
67.67267100261978 148.48743180497692 0.0
132.10679294597318 133.9064549758922 0.0
87.11784759382681 127.40945737799035 0.0
186.39996088178324 70.75954983505643 0.0
27.805072473186886 141.80505072553768 0.0
195.62262222074 99.81672559989012 0.0
126.21789791556874 100.33501336529123 0.0
186.3425596707119 0.15054140694499285 0.0
25.59965892456153 102.71146903220531 0.0
34.968511181766445 71.88230704732186 0.0
130.91773233154657 156.82968669088356 0.0
61.527492872273214 90.26314228990809 0.0
72.40029293225496 41.82140676892161 0.0
104.28337557542717 101.70013973203469 0.0
152.7006415815026 138.42249498078422 0.0
87.06807492596091 98.84303526131339 0.0
90.4392364977902 106.05560267554259 0.0
82.01695736262661 147.97976272818536 0.0
166.81909564350138 150.2862134442057 0.0
117.4704876475506 184.371931720933 0.0
32.205313190143194 94.81839019362333 0.0
84.12430642442692 39.79420352909662 0.0
136.0049795641385 148.95426395964364 0.0
52.08043990132998 121.42420509489725 0.0
5.878963030913353 144.44916811908465 0.0
127.27242414960789 122.36265473532586 0.0
21.262307852901642 104.95210777163484 0.0
47.8076618670807 11.445888560815053 0.0
101.36547147386916 106.72906522693333 0.0
49.090428672166176 123.64611722903447 0.0
59.27373343653062 91.12447874879079 0.0
111.15948526387128 52.23728109867092 0.0
61.457571128070775 197.22402741269212 0.0
142.49435193231045 30.03730338563009 0.0
75.95206360615107 97.43964886738814 0.0
151.6147497168493 179.42043641949093 0.0
192.65867224324143 139.2455834623436 0.0
11.117974522559116 9.425990310583266 0.0
55.66806766059007 23.05198687519794 0.0
28.369300040137734 43.172753444414 0.0
160.19803832576292 79.21052246579308 0.0
2.8807980616850193 69.92114794482862 0.0
35.68576036644249 146.40408971668765 0.0
172.48429823074542 33.50791159372142 0.0
161.7690481650259 199.18076431762813 0.0
28.72450890404923 192.5110424574656 0.0
45.33651001328904 24.149698500444792 0.0
16.468634318106968 117.38544555438371 0.0
24.52189193094847 2.36466079052855 0.0
23.549147666009507 125.94257271394306 0.0
59.4631149514999 19.678665178911036 0.0
113.3266673147424 100.93018043393589 0.0
19.841900736922824 97.3609296489501 0.0
156.3802325787013 82.10110133320367 0.0
185.6651869602117 112.0252338753408 0.0
77.10254017951617 180.0427698151758 0.0
40.44476047145562 156.9265770076089 0.0
146.7980824413151 20.172027691159933 0.0
154.8770255660476 85.94084789377565 0.0
126.95233133142516 92.6825948723998 0.0
34.31988528868366 177.04995228786134 0.0
94.66060059521342 57.86533011130661 0.0
34.80930228865782 53.91279552078105 0.0
66.77528513527855 36.10429239564446 0.0
40.05317920928875 12.110226901513578 0.0
80.15077910405581 197.98437675390582 0.0
135.78570466098043 110.90986244136927 0.0
182.43538538731556 162.32913561097754 0.0
18.06043589001982 11.904588536650728 0.0
41.18013836667591 8.620198171878712 0.0
128.50590519389905 172.63632026913214 0.0
188.6044948506143 115.13252223226233 0.0
122.26264822671311 36.32432445584675 0.0
85.17938966008525 145.25250763379483 0.0
43.266030465171035 98.07543838451727 0.0
7.258329338686043 121.82883684580572 0.0
106.73444953681228 173.46106929006802 0.0
42.30754627016009 53.038711355925415 0.0
70.16787778313017 47.10383815045829 0.0
9.856547511637226 3.1349346127333977 0.0
11.856947555466801 136.92454124035882 0.0
117.11074537541253 37.57216643154491 0.0
129.84818722537125 73.95783646615759 0.0
5.238098223422694 114.39345229574212 0.0
124.50621918480967 168.15288868866244 0.0
145.6620286931439 142.3909002872411 0.0
34.2591613686247 7.333140941599869 0.0
105.26323920490744 81.43728151192295 0.0
56.808678056661186 119.49697560021397 0.0
15.213321701639625 121.51809266778545 0.0
107.03151517805414 117.89907792626533 0.0
50.23331974742862 44.376369985170584 0.0
37.9946141406984 43.85989312174756 0.0
53.39087881921309 45.315535469440206 0.0
182.95127966462394 124.00862775776982 0.0
26.119680076813935 172.58813652604053 0.0
163.88108616589827 66.67281863181418 0.0
43.96543882410664 127.93133715058289 0.0
156.0816402886535 136.3854886970364 0.0
55.63286290056033 64.19277429104594 0.0
198.5155093006614 165.9886124654644 0.0
176.22832660361803 14.623112371499204 0.0
96.06105308971442 192.56947818839583 0.0
95.1634317036007 93.29464907310174 0.0
172.51109948791552 136.47431976319197 0.0
85.00475594727352 17.237898260250617 0.0
2.1088405448337566 81.90144075715655 0.0
19.62559276547855 18.271065684991573 0.0
72.60547366723758 63.083823125129676 0.0
188.3356186462483 36.13008116983507 0.0
114.26961593340317 11.82900843594481 0.0
127.23492292493886 14.38963451953914 0.0
166.97365519714447 80.19197296281726 0.0
179.85894755862915 156.79854701134127 0.0
151.42766817529997 116.31435770038108 0.0
46.2514075153357 144.03553071986929 0.0
160.82669877297326 41.97135629291451 0.0
182.9223582742308 159.52432263703682 0.0
95.62265443050397 57.12532221643873 0.0
175.7190890067487 127.82983483007284 0.0
26.827242268028773 179.79298765181187 0.0
123.45768833099807 30.289952650530317 0.0
192.19780842263773 18.790991969006132 0.0
42.233517367164275 129.92025481024078 0.0
4.853168500981209 72.432200594685 0.0
128.64909540333883 11.26187464759818 0.0
85.31189107530876 48.00318638620402 0.0
4.768289267567716 120.72546447978212 0.0
115.64070670893373 104.86095342248798 0.0
8.425861726625916 179.11702683400424 0.0
58.34620616262236 138.2449126574703 0.0
189.5919490996896 30.414282277068683 0.0
182.83811649600693 41.40780226845757 0.0
126.81115872763158 189.49492569192864 0.0
198.73784348775047 110.42717152798969 0.0
187.30643313300743 156.40100139524287 0.0
8.00133023046019 189.06680734168762 0.0
20.158020615250184 75.85651767679167 0.0
156.770452919416 190.3152828622412 0.0
94.03835511172049 138.1380400479356 0.0
193.0626832491516 76.73663589015844 0.0
169.30375556929758 41.031008343417994 0.0
17.853805677492886 33.52603514471273 0.0
128.81439359445292 62.487236335775755 0.0
154.8040974115438 26.17103678369752 0.0
182.6740984160396 29.731887946708756 0.0
57.82336424119545 198.87686548322588 0.0
109.15200036124834 112.95099968080544 0.0
125.86585481263775 40.42204415657133 0.0
97.3682902148709 120.32351933842374 0.0
0.7911038600119769 120.86835789164334 0.0
116.8966708191024 26.044558363063498 0.0
186.8222959046034 85.55709544099783 0.0
155.25638119421558 24.119395446531566 0.0
49.078888997242174 82.08127386798252 0.0
136.33707172651765 68.0905970828384 0.0
23.855657812643848 91.4312975516414 0.0
61.119973753509505 30.49342768838297 0.0
4.765580631069022 136.2694194359849 0.0
96.62925673751481 95.71748981018227 0.0
156.55929321754587 47.29614427155329 0.0
179.86770643968444 186.0854545605503 0.0
52.37919711453354 182.92949859117184 0.0
0.561183129198306 113.34239651321295 0.0
30.401567546840514 18.025911149038485 0.0
179.8566464411813 146.38224681997053 0.0
22.26533879201371 44.129345236287335 0.0
71.68883024876756 190.92048714132443 0.0
18.381601831336567 156.74296390068696 0.0
79.35094068174509 187.9552417126021 0.0
4.163084334635281 44.375643314022994 0.0
101.87515539581366 55.24150632053653 0.0
26.408211123014613 39.62324090272116 0.0
103.14887368551923 119.63627521365171 0.0
30.519746316033604 44.30248996902311 0.0
31.263117640335626 118.05497640977434 0.0
46.93319241999987 98.66317109787086 0.0
6.409683785807618 80.91254622569863 0.0
199.0755554100953 128.96196360112918 0.0
42.714042545218334 154.3052389642638 0.0
55.37028666262698 178.18927150865105 0.0
172.71127839844206 65.82207126795878 0.0
54.249671162911504 1.4980590924418946 0.0
102.74256872441971 93.75764268564649 0.0
93.83103580154058 90.89165141158246 0.0
43.37022526409695 60.63087701406149 0.0
96.85870643974508 182.9851028963288 0.0
130.97941493293828 39.29704363232891 0.0
36.70875370360041 99.16271355683033 0.0
85.05513206828279 133.57318176100114 0.0
141.69898617542563 169.21201176107127 0.0
30.193245872711326 75.17997792373453 0.0
182.64192875408233 97.52227203722046 0.0
152.72478091254783 64.93581765698426 0.0
92.52386014930853 145.19360463382648 0.0
58.90286795993498 78.52165334046299 0.0
67.38824562850567 121.91032801727617 0.0
154.9221941206119 155.7681224190927 0.0
153.94728594286434 108.190183996103 0.0
78.61098108389129 197.29907088019388 0.0
142.14053068153325 61.62881680355077 0.0
178.45592781750474 103.49861346324465 0.0
149.80491090395108 100.01669303397291 0.0
57.690805519625464 108.15151058819015 0.0
11.815786074532353 99.71347955004805 0.0
79.49979509740682 82.73959420121932 0.0
67.50392441013196 99.42267532503175 0.0
63.95676383095841 17.25963460770945 0.0
177.84868712470112 57.51718947128277 0.0
198.1423286293096 19.561048640594827 0.0
197.8929554486912 175.324258508711 0.0
27.95048179188091 17.58443729883117 0.0
80.020679685142 69.28596781316014 0.0
103.41717408538086 97.51498149294578 0.0
90.18321379002055 151.66948249926935 0.0
8.973408862220822 65.74732070298037 0.0
81.85597902309686 62.5088659722661 0.0
125.84570486964246 183.69153459417572 0.0
191.4521661633063 84.71812963307454 0.0
145.89724028924286 91.83254159293438 0.0
94.11572472489938 169.82310547593985 0.0
84.52308380451643 113.08806813476966 0.0
90.26095614200219 103.51739370077955 0.0
124.78343988095611 5.3932413303676485 0.0
180.9215230594006 48.25557323756615 0.0
65.77903692087332 19.572476409080974 0.0
133.9168964009212 14.354579528675227 0.0
45.343079795459616 10.942383746875151 0.0
143.03962983830857 131.58203548725243 0.0
160.44459928180922 151.72201449828893 0.0
38.91215711581288 119.9681089650626 0.0
18.26825913919845 96.20976309669761 0.0
122.8570424580997 91.58525570917939 0.0
116.75602497009545 61.81885344207689 0.0
164.07005814341326 154.29808305045546 0.0
75.46639371438235 6.4464028267407825 0.0
125.5807079683436 33.99330100963609 0.0
115.92722100730725 106.2836000805322 0.0
165.9300485196988 83.55763599432133 0.0
25.22852694973048 68.05755638594407 0.0
1.1911620446991122 4.879268440627271 0.0
127.42181239795694 45.82809597886555 0.0
5.902755582357733 174.40633818775186 0.0
134.36302141002005 74.84557568529384 0.0
81.68178633991272 33.303678450161286 0.0
150.9562263788442 183.60867946238696 0.0
128.72630199415102 180.00691814744164 0.0
169.32581817150495 100.14388376251155 0.0
118.1149707788718 185.98081615793865 0.0
102.26494628031584 129.66117898073605 0.0
81.75512247144859 144.74651144653447 0.0
178.37851468020563 148.12333067375613 0.0
12.02641148441077 159.7502273944136 0.0
149.659232182565 129.89892762704835 0.0
94.61255151030255 178.40372589922563 0.0
46.80554225745175 7.552137873932985 0.0
85.70882642957454 187.63465467229776 0.0
158.41057351260324 147.95497911420438 0.0
188.73846308817522 0.542753406421137 0.0
107.22165959700838 121.2907205387616 0.0
85.9062673489729 84.26563641975517 0.0
149.99005006562948 138.14982248442388 0.0
36.36312187497506 105.91578047643904 0.0
137.00105980944423 134.80262736286497 0.0
165.4504068624782 106.45804421354504 0.0
133.19493961211944 197.86586675143496 0.0
38.43862378906498 51.65495912049312 0.0
124.85925818424104 36.96282619227178 0.0
137.36986460495854 154.71478581171004 0.0
114.19376198540456 137.6098541706816 0.0
141.05902731736884 17.035155864272443 0.0
38.61911037936658 56.444627179658745 0.0
146.00402731122136 91.44294127348557 0.0
142.52105757792856 57.044573174579426 0.0
159.9005936683752 36.588780808492686 0.0
76.19214161985548 126.96644350851811 0.0
149.6524579422978 1.6625644363765346 0.0
100.0530737496737 165.27101923747006 0.0
32.213208864957195 157.35389510822347 0.0
131.80645465873405 184.6796739239966 0.0
59.291201280746364 71.98943938981837 0.0
189.99570923100873 133.64229573112968 0.0
65.894392434764 21.036882412589563 0.0
59.51247009752289 10.978971191584419 0.0
27.887246483997117 13.672957160143984 0.0
132.91588555310247 119.39054161628164 0.0
105.17704180102365 21.87091094685727 0.0
165.9977653295372 184.01608684408473 0.0
34.84241081004584 5.470484202659853 0.0
126.84763449339414 48.34803646993673 0.0
182.46218739141054 40.95144644652924 0.0
14.742225470083724 152.19860551187426 0.0
160.09779920627537 182.13934768241722 0.0
78.50414358495372 195.04386059109459 0.0
75.82806104977824 7.830100739987866 0.0
73.54479190828368 92.95477856839523 0.0
192.43022169488776 144.32779870866926 0.0
62.62700546385689 148.457220451495 0.0
41.74664100970118 190.14795250967276 0.0
187.45302035450442 70.04573611321823 0.0
66.47172473583957 15.646106816806604 0.0
16.503920553987662 101.70884256592572 0.0
42.53898346520697 162.0897576486668 0.0
109.12675338963854 52.70628851473229 0.0
72.98353356414555 22.699103649393958 0.0
126.68612419536755 53.971535617963596 0.0
38.10056509240369 52.440154450237955 0.0
168.66709703847167 9.895621866776171 0.0
36.91561979697171 23.861405126022774 0.0
14.93675344275378 162.8812807022876 0.0
161.42791824517752 123.02318418966361 0.0
14.941989982100633 142.93907324929285 0.0
107.78317491610596 62.576539156519615 0.0
80.4414142097922 135.7300463769886 0.0
47.477757846691304 178.30637091668348 0.0
10.439610065938831 169.8423035583662 0.0
56.89124117412958 70.96128716337881 0.0
5.312239981390032 197.7216064306278 0.0
34.88988617020725 156.95058416036034 0.0
111.68085754443902 24.55904932537376 0.0
25.938698573491827 99.49639047203753 0.0
80.41660293181351 25.571552587120184 0.0
10.105141586190403 106.08697753852658 0.0
117.22216418941906 184.49376980049828 0.0
121.53293844296502 98.58499987031945 0.0
58.56185956825921 84.73286797004651 0.0
113.40955676980995 189.1022016416214 0.0
15.279896015326532 89.52038115114476 0.0
100.14641779033404 127.76000598461974 0.0
92.06720680078517 58.5281715930827 0.0
176.43612506612956 27.713179712749003 0.0
13.007576396586074 165.79837467899614 0.0
38.04634001917877 118.32156171893236 0.0
161.754082712415 107.46998032664132 0.0
10.655237689092178 129.11269366759376 0.0
79.45720478094624 17.667527297532004 0.0
130.72875304615113 165.1860193409113 0.0
54.386225183203706 147.05021334635526 0.0
116.3852247242605 198.96700788126233 0.0
84.25589926408567 0.9025026638589617 0.0
16.38827911416696 173.72757408955707 0.0
195.590690021744 182.28017375478868 0.0
31.85411774571538 191.0467887165016 0.0
64.02911587765348 40.6085258747033 0.0
67.95475094663676 137.3937817544238 0.0
95.29111610148786 187.26227559537335 0.0
191.84394035720317 194.27258447326477 0.0
198.60171010890667 7.0394792942469975 0.0
148.22797896896867 171.87631213639548 0.0
12.684379712937321 68.07474349937486 0.0
15.448774108036512 107.95613118465577 0.0
129.00807711284256 12.619544309128216 0.0
172.6419197721191 81.61806858702401 0.0
97.79201354593016 97.25058745755717 0.0
192.4778539397757 106.01864016074742 0.0
99.34262570417556 43.44975594979734 0.0
74.18948693570195 84.43803404636189 0.0
116.61757274620952 58.13202184282178 0.0
188.03490634152408 140.96745936517328 0.0
54.4818181197082 188.5806532880786 0.0
15.03925799415413 170.05501102918439 0.0
116.94117593900802 187.38164160630245 0.0
34.805021622767526 188.41225409517625 0.0
75.70907683204588 180.3322956925798 0.0
139.37533803497843 18.291554884773365 0.0
41.78254224463372 53.931603749346316 0.0
132.58032265542394 182.90197239014364 0.0
186.27373527090808 8.942888946562121 0.0
11.991590499193606 52.7393169539901 0.0
147.5637059851892 162.65201523515339 0.0
24.555585893465313 45.86389114103946 0.0
8.915338203334144 24.827268958169757 0.0
137.1715269654511 55.6670805575312 0.0
134.00271669636592 121.01983057680134 0.0
169.92520666188094 56.42595021123531 0.0
7.384544624958966 191.7265273007671 0.0
2.385100760619596 19.952698988514882 0.0
142.76951657425806 57.069485597402306 0.0
182.3126302506738 65.9036362684801 0.0
93.99181225378565 4.029953297593525 0.0
141.3336380637673 163.82025271596217 0.0
31.935292540325012 26.906512484589086 0.0
53.56358865159419 106.73266387164463 0.0
35.215207375714485 31.55063500301147 0.0
160.87415283646027 84.16357685779165 0.0
183.24653826781415 0.06539392751652162 0.0
132.43431960759898 196.62871700209772 0.0
137.39852956406781 105.03589826490709 0.0
126.3543194794412 74.23750742233128 0.0
149.25505629754815 60.992911889388445 0.0
77.70610334239272 188.75549411300153 0.0
144.57103392760914 5.693859165293058 0.0
149.8893391177942 81.49802866940361 0.0
97.33518774045207 114.93823539265018 0.0
55.25725936736787 168.68227369278316 0.0
130.41995084010935 172.01735098005983 0.0
76.11194212222195 31.372617935924296 0.0
57.61947734298296 36.530977537883636 0.0
98.62397896643522 148.91232239222427 0.0
16.447129019325345 187.18646072178956 0.0
9.926791080746277 92.74198666834761 0.0
31.88407184364983 49.328521267841175 0.0
2.581113404320856 61.763331418987356 0.0
198.34097657647013 60.33091703506928 0.0
80.80053427904004 110.91453039817583 0.0
70.41504896597444 174.61380684475216 0.0
169.27428302800735 101.38115705542099 0.0
12.595015473226878 164.93361368204987 0.0
88.11873665079754 83.87467597205355 0.0
73.88696156503507 37.72487608199011 0.0
76.43447350049514 115.66810613775853 0.0
25.40422847773445 147.65647313478402 0.0
122.14097550925484 7.586434302315359 0.0
127.28486430840151 170.1973856697441 0.0
87.2064172813368 198.9070408624372 0.0
175.8705393885706 170.8699419626706 0.0
105.08530566952538 66.133333538463 0.0
22.90099863012709 196.00138910613052 0.0
171.12198768788065 85.86249458381954 0.0
55.548574325722 102.16733892281576 0.0
46.87340660483592 192.47608711904 0.0
79.43747933452745 140.15356828095 0.0
155.74985447784482 198.1401519451985 0.0
56.36303144652259 114.14531614919964 0.0
60.06758793412246 75.60912839101242 0.0
14.24615709829622 147.98623061480367 0.0
178.55270726331244 43.58581497191112 0.0
168.92889778263205 7.731691601362578 0.0
28.530937571864467 139.8973737067046 0.0
75.73697193548097 153.35429601414057 0.0
58.48315115550531 119.50521591902184 0.0
63.305698995004825 22.34188783652464 0.0
74.34192443818435 72.37437101737217 0.0
92.98596144305648 84.06149566763457 0.0
156.84973443238707 120.48585065646506 0.0
134.21713548186307 146.1452307955048 0.0
17.49455677580729 123.7831526600938 0.0
149.57429402591555 42.7870918810821 0.0
146.98416047438943 101.60212930911521 0.0
42.76726828488149 189.72237793902426 0.0
72.91550184922428 59.14097468903847 0.0
38.689444725414404 151.79430670354787 0.0
162.24107372485426 97.78508498989822 0.0
136.68454117337245 136.39509217185667 0.0
79.32932320694994 83.6092987006921 0.0
106.51986447878315 199.7017670518337 0.0
41.86156579780107 150.13784942656264 0.0
181.12489622899494 132.50963238152676 0.0
4.503117602579643 119.45012548841068 0.0
140.97436027131906 78.59916749704313 0.0
44.231751256477494 139.97822423707518 0.0
82.06521715671133 130.95501726215457 0.0
121.40179567238907 59.85005286716132 0.0
12.75739842787338 49.78842712787779 0.0
47.06758451727564 81.3895223815875 0.0
134.3183293323093 51.197395997244264 0.0
99.78525717274186 75.3932489602047 0.0
25.831654303793904 126.43157890734199 0.0
104.05719140655083 173.0609593721079 0.0
176.20088170929643 169.11177204120165 0.0
107.77871232562927 98.96458066824545 0.0
184.29898932939614 111.38666942760686 0.0
77.49199560340172 160.1988686056043 0.0
82.88527552049108 99.89236274721137 0.0
67.94739858549113 64.86419739128112 0.0
32.73116525707953 78.51287022680793 0.0
116.41782855932956 7.289953346446865 0.0
80.46691274305371 187.32280382835526 0.0
62.406930964597265 127.9147843917023 0.0
176.98146911458127 135.72608602310808 0.0
199.8373612423642 132.49782439194263 0.0
12.778079764009753 162.6874679885571 0.0
131.50056950280938 138.34271285318383 0.0
42.50859894661958 158.08632212456044 0.0
14.494988182046198 104.47412982418605 0.0
142.97960361444115 186.60516184453206 0.0
160.57460476609918 98.21440086170085 0.0
77.24396447690884 29.19798759162664 0.0
86.77553643552334 152.36542604419796 0.0
121.96162154137238 37.06642130149438 0.0
199.38315539045607 175.20909895216383 0.0
56.033730421057506 179.2045081695938 0.0
138.24797912498246 89.79716652703398 0.0
5.584692182610906 56.95567695438164 0.0
8.65360686776626 99.50930864876182 0.0
193.68676999337552 57.65836745321731 0.0
84.3854024870375 103.6159351420937 0.0
52.7924505327688 124.33951414769773 0.0
78.34394535716123 19.590189203539833 0.0
23.65987868984427 29.547910067696947 0.0
145.99250294184216 108.17126322440834 0.0
86.62714076396986 158.80233949886838 0.0
12.123223168998365 142.68909390607377 0.0
49.41140545946292 32.76214006725537 0.0
192.8718675928965 15.91823025682797 0.0
50.17920375749547 127.11063232461126 0.0
22.606446957874393 135.73653901470504 0.0
25.454608132856848 185.2747544581103 0.0
89.26023866939366 125.12213817505452 0.0
39.502177413950704 161.48702273975707 0.0
131.8750790782347 112.52988228276489 0.0
175.1419721767484 180.3286375965292 0.0
60.566103238927305 75.44644276416366 0.0
145.52424008016465 53.775573053467426 0.0
121.81445356979232 82.93086660875471 0.0
102.21169980539553 157.90213832514456 0.0
150.93972972625156 72.20529921378784 0.0
86.98753148076858 38.779341809629365 0.0
128.7993225582933 189.86841158215705 0.0
3.127729217004682 190.73830046392152 0.0
91.20704770021035 130.06184122561004 0.0
66.44656510138844 30.051584744629658 0.0
27.258824108029867 109.92775928001154 0.0
37.24436432635307 173.21835510791124 0.0
146.69848799417957 136.95355819092094 0.0
131.35699605149776 121.42185231333993 0.0
196.65205303896676 43.307355595814315 0.0
161.82694479708417 151.36068260108502 0.0
164.50414236923615 189.02595986734747 0.0
172.2859495753906 17.538136890839496 0.0
116.38556895825003 168.92461666924262 0.0
188.95968591874365 182.22652730640817 0.0
89.6863880976037 97.35577833356324 0.0
140.27518467013377 106.70645894080909 0.0
83.20401258815112 90.45188868257341 0.0
71.37197359075633 61.013683472261285 0.0
69.98133518547243 17.244990528405 0.0
115.38835013302202 139.30898416336154 0.0
195.58513930824043 49.0638355289164 0.0
74.21437359851302 104.11943978571685 0.0
118.52026098425293 0.8668858212314889 0.0
108.47356130379534 125.08208326498472 0.0
199.67049612814097 128.67750450360143 0.0
139.8155972304011 26.4539994226624 0.0
154.1023168936714 124.04541870658106 0.0
128.17256227472316 112.53544573487176 0.0
41.26298097319756 129.4662911127961 0.0
2.4516839110633626 1.2856467940005611 0.0
88.54977472377827 87.94913812519027 0.0
95.20772120532415 163.79357731392778 0.0
18.422556693012403 35.42910828498964 0.0
60.158611607280754 40.898885248498516 0.0
80.67701248265891 46.48089923175882 0.0
35.97810712354863 88.14094006222417 0.0
79.19135420483443 51.79599151023155 0.0
60.61965677652417 86.3468333227939 0.0
126.40455335051823 60.144629740013336 0.0
37.49590330077328 147.55189036760243 0.0
58.979429731171805 38.05132151312345 0.0
108.15866842097128 44.579105289245824 0.0
4.549338235418143 27.1703968985908 0.0
95.69439515162222 197.4867945006061 0.0
102.14238819187385 12.356052446645261 0.0
148.87057652691794 61.226414418306696 0.0
47.822544181223606 192.67904275794598 0.0
39.138780295383555 176.2354755683252 0.0
162.28220178504483 53.15005419712398 0.0
140.9203545866755 167.32318282063142 0.0
58.56617819686829 186.66757864750682 0.0
160.17110876549305 106.08927461478466 0.0
125.80237174204254 173.71589867289748 0.0
167.04167452649816 88.24937989432271 0.0
138.7596440385543 191.59667357850745 0.0
35.520474343983885 19.62297955824117 0.0
153.24876378104037 195.48533724778133 0.0
196.26654377308876 53.17285983148423 0.0
53.82764413433148 90.36142600160748 0.0
68.4098737858509 74.36787342058071 0.0
82.96732931939881 95.86968449294918 0.0
51.91710764793034 93.2734187193637 0.0
199.78055308791 95.42668061903639 0.0
134.19083255848642 169.15713318744048 0.0
191.6099759140999 156.39538964100544 0.0
192.89096791675357 167.02984616060627 0.0
93.21856981685552 9.908146735597345 0.0
161.53714680591077 25.42485310598861 0.0
56.01982134223231 86.92602134667445 0.0
165.27115150955495 100.85124410196478 0.0
153.7309024811937 121.380593259315 0.0
131.2289549018957 146.73993120956587 0.0
111.02710522159313 151.75193675707118 0.0
31.292072787895385 183.3337790175098 0.0
198.22122918258032 179.19429785990627 0.0
24.558373562762736 119.85605264298786 0.0
147.68699109327827 173.32889174841637 0.0
132.69268446965475 101.42422507230553 0.0
116.69063643599962 156.08108053015565 0.0
103.38797893918013 170.55904881084737 0.0
46.49050455412127 139.44679330670385 0.0
195.4880935327471 156.77146292247812 0.0
49.009372271462894 144.8311541926704 0.0
153.89337808855265 137.59289125458844 0.0
90.07988357421954 189.60989412255014 0.0
33.19088340157161 150.54722174218455 0.0
32.20860553685678 190.82196017444025 0.0
176.02108419210336 77.94549944291276 0.0
49.9995552949698 6.409670610869078 0.0
155.51339042549733 175.01733791188585 0.0
137.82343438209773 111.1803776538689 0.0
50.693019894395675 166.77570631790877 0.0
92.01400799227075 87.67162631107368 0.0
39.58219234443465 0.1446972590270379 0.0
168.8184502346837 1.359440630032105 0.0
166.78879209393668 5.2625592913470465 0.0
