4 980
6 89
7 221
8 191
10 984
17 518
19 15
18 445
21 305
20 598
22 472
25 69
24 363
26 571
29 113
28 189
32 780
36 136
40 438
41 84
46 910
44 740
45 347
51 805
50 32
48 713
53 541
52 460
56 94
60 445
70 493
71 795
66 180
67 580
76 807
79 617
72 242
73 176
74 257
75 616
85 33
87 422
86 767
80 353
83 60
82 438
93 483
92 70
95 370
94 7
88 985
100 172
101 215
99 908
96 121
97 483
108 946
109 255
119 302
118 796
116 962
115 569
127 747
126 694
125 41
124 459
120 29
137 460
136 642
140 572
143 324
142 263
130 423
154 71
155 627
156 547
157 507
158 887
144 174
145 240
147 623
149 771
171 395
169 816
168 576
175 800
174 722
173 88
172 981
163 47
162 222
160 84
167 990
166 357
165 5
186 52
187 992
190 960
191 812
188 877
189 405
178 333
176 788
180 157
181 216
205 107
204 937
203 999
202 710
198 587
192 584
222 503
216 392
218 951
219 112
213 418
215 701
209 444
238 618
236 373
235 796
234 69
233 795
231 833
230 816
228 933
227 584
225 296
224 684
254 769
253 0
250 255
251 285
247 32
244 605
245 887
242 231
243 511
240 604
273 145
272 671
279 205
278 413
281 158
280 992
286 800
284 388
259 48
256 802
257 507
263 149
260 993
264 812
271 373
268 863
269 22
306 18
308 942
310 831
315 495
317 810
288 912
292 789
294 822
296 280
297 240
298 627
301 897
341 377
337 247
350 970
349 429
346 172
345 154
344 295
322 513
320 4
321 578
334 699
332 941
333 91
374 857
368 616
371 222
370 233
382 930
358 615
359 903
352 522
353 731
354 542
365 948
361 637
363 74
412 934
402 326
403 776
400 113
401 555
406 646
407 129
404 247
395 261
393 560
386 968
385 181
384 572
389 486
388 648
445 50
446 552
447 693
436 44
438 323
429 310
428 72
431 142
416 130
421 494
476 824
474 642
472 57
468 481
469 93
466 202
464 75
465 265
461 19
460 331
454 960
453 392
451 603
450 828
449 659
448 162
508 533
505 718
506 650
501 15
502 439
497 79
498 410
493 864
492 373
495 553
488 180
491 499
487 317
486 751
481 887
480 826
483 549
548 648
544 571
545 645
558 539
559 108
556 823
557 320
555 121
552 355
553 40
566 639
565 172
564 445
563 87
574 149
573 527
572 172
571 278
568 916
516 649
512 781
513 838
525 431
526 207
520 790
521 952
522 988
533 23
534 497
531 590
540 301
543 842
542 375
539 13
538 53
608 21
609 96
614 746
615 519
612 829
619 966
616 886
617 154
622 396
621 57
627 111
626 922
625 220
630 429
629 596
628 912
633 231
632 247
639 724
638 617
636 657
576 15
577 884
579 220
580 578
581 400
583 292
584 716
590 308
591 650
592 948
595 637
594 637
597 921
596 384
601 180
600 321
603 150
602 557
607 831
686 544
685 603
684 23
681 844
679 727
677 220
676 816
674 630
673 118
702 217
701 271
698 489
699 766
697 392
695 963
690 255
691 60
689 271
653 563
648 851
651 550
647 831
646 851
641 530
664 304
661 836
659 757
747 169
746 739
745 97
744 473
750 754
749 172
748 296
738 194
736 960
742 557
763 919
760 199
767 426
764 314
765 854
755 371
752 877
756 673
757 101
717 434
716 49
718 383
706 131
709 192
710 77
730 123
732 89
734 447
735 927
720 634
722 492
800 316
790 116
788 918
784 785
798 831
796 573
795 883
774 556
775 438
768 650
769 544
782 505
778 101
779 129
777 438
