82.00431534888817 168.51164976750826 0.0
113.3459600647206 64.20739223818175 0.0
27.93126944249431 51.356652735543484 0.0
150.9642435797121 14.330194767342919 0.0
194.804693521317 100.0872476616232 0.0
5.234494566835601 151.73535660918813 0.0
166.74783364240767 84.77680662895462 0.0
61.4347111146851 33.103387291786035 0.0
0.8903535481060709 152.8523677353253 0.0
151.9725968653452 174.75500214430284 0.0
88.93340037069319 87.44623229236925 0.0
150.8841269864043 178.8369484564046 0.0
129.75531213837985 89.17991070687195 0.0
115.54528568252722 182.6135668017706 0.0
179.0065507937186 134.09646760825396 0.0
63.90875806647822 181.724804161898 0.0
19.181324422495514 2.0589423863895284 0.0
143.7413640402477 35.497772283566434 0.0
2.4425553956450408 192.78396296772073 0.0
149.7522040846436 0.8756129113537847 0.0
58.51584454878853 150.78136349913413 0.0
75.16536372274894 61.25391133806111 0.0
131.25720914963995 105.82211657366538 0.0
46.20529526358761 117.49154873868055 0.0
110.03831534789536 2.1583914348875854 0.0
181.12691420889536 90.5893354290658 0.0
155.88217878388443 37.57126581454031 0.0
39.83652303777128 149.0065013361243 0.0
187.32111903268185 62.42304107085612 0.0
185.81383544561533 18.311466029895197 0.0
187.23810209573315 99.2427477228532 0.0
168.9593095609856 56.84004052945355 0.0
119.49138753641262 134.97493859187784 0.0
156.15514133050948 88.26072772751199 0.0
2.911685972906519 110.87348202401539 0.0
85.74233006523053 70.42330523982656 0.0
80.29995528335738 89.12363310356413 0.0
2.780236884086529 149.59351894481162 0.0
41.343062446583104 110.6271167739408 0.0
143.8691684436743 100.1531715315075 0.0
110.90367534621176 74.9867027092782 0.0
183.48058091621627 182.07158121320705 0.0
97.92964198469134 71.57812899625885 0.0
28.153518630167195 61.93084051293467 0.0
15.267392215341168 169.69891372389202 0.0
50.58001819110605 38.01392005647541 0.0
26.952742721777568 136.1351095622893 0.0
92.51621959864738 185.94119621995955 0.0
57.091754881322544 90.0886328376761 0.0
133.6200514052745 198.56761010582014 0.0
3.2331796994538697 128.2593848159471 0.0
22.73034400549434 32.32909958073393 0.0
137.1731947482308 56.977811998025004 0.0
98.7663329787508 191.95367476001334 0.0
147.42216880972435 153.63538449077566 0.0
90.34061488712194 186.42891643699923 0.0
180.102256549493 146.26171452993458 0.0
176.34255607688996 171.3443268169726 0.0
168.8336743808967 147.94885030674806 0.0
114.16337788644697 56.20352767764245 0.0
109.20657251108695 111.9247156739782 0.0
97.89806509616781 0.0277976435392846 0.0
129.72454466756525 83.42924562020266 0.0
95.77339298971283 44.54906134474377 0.0
38.64472008797071 116.14837437490493 0.0
34.21540824471341 41.517018958071404 0.0
84.9286610419203 193.81255439186802 0.0
145.38370751997505 19.121569436006247 0.0
161.55717752259824 51.668033503684676 0.0
75.66406155385931 102.25839820366309 0.0
0.7512976263732263 27.88075683065383 0.0
164.5248102937347 52.34197122017963 0.0
63.18070546825811 191.5342094211159 0.0
46.30663188808646 24.596956056951626 0.0
7.030025943229767 191.73419829036916 0.0
1.9293927620198437 54.23543363530388 0.0
37.83231975225911 151.43502061524106 0.0
93.16368931348941 77.65402979742169 0.0
86.268362811517 89.95313132646388 0.0
49.028903631355945 170.76148823464302 0.0
38.669164150189836 199.73590290963998 0.0
142.0436094078289 143.77386919669598 0.0
153.74841411030897 25.8046668614641 0.0
91.4681736120933 70.29113124605706 0.0
139.13048847941124 0.39283862310426354 0.0
161.3435684217167 148.19528841958706 0.0
132.52876479272197 70.65136221213386 0.0
83.04435490406136 90.88711531259932 0.0
34.968042373125826 123.89541423298864 0.0
25.227972036219406 29.60468420512172 0.0
77.23390800305867 162.71776686365186 0.0
158.47642673504382 71.0437644167053 0.0
165.77105279027865 111.39586090705255 0.0
17.590614108387335 199.22665087453856 0.0
50.54138768535024 145.37108072814627 0.0
51.41153391378588 136.5424445598387 0.0
84.89213883600215 127.18042970899062 0.0
68.20673439128524 86.10845922110266 0.0
106.27296094682126 105.07224726299225 0.0
134.07436053919614 166.07906491332847 0.0
156.68027681356315 84.63925137211695 0.0
62.48129695200544 16.25458363513772 0.0
182.99603056044776 19.15370026120837 0.0
144.96585500128617 108.31977926516474 0.0
109.92722719705237 180.89104287721517 0.0
16.199695527143398 123.26764435690029 0.0
162.04154807188942 173.5800315550604 0.0
121.0174860637681 173.0411537000113 0.0
26.433528995194866 25.218773476115565 0.0
156.68715240491917 38.151876195006174 0.0
193.84471091065578 60.84779099462756 0.0
100.60734765397021 169.01107613544704 0.0
193.60040912052833 196.47269859061115 0.0
1.7830781681864138 155.93551891523998 0.0
46.514616717884685 118.180735116272 0.0
13.844308541267502 111.2666095767004 0.0
99.95379419071394 114.59685187653265 0.0
178.0365679904287 126.76823616710958 0.0
80.53921468187006 116.17669860986378 0.0
26.526484296552134 70.44509302509611 0.0
102.50672618262735 161.43537855061962 0.0
169.52941953815807 69.14993282100252 0.0
103.53173646522656 58.0624094700499 0.0
54.18028284823726 86.82471425421959 0.0
144.8663946979685 35.974882226394264 0.0
38.73277217589417 52.94714761876356 0.0
8.924891380532207 99.71242641076856 0.0
12.586260794184057 21.73078537332842 0.0
154.99202914650897 179.17904765727016 0.0
10.803724214931854 49.85327925184136 0.0
152.51904863147158 50.588541780038824 0.0
21.198034334464346 68.96401542747456 0.0
1.5099753644248315 153.57180849064946 0.0
62.728130720088224 198.94895240992648 0.0
70.79070170713334 65.75577043969784 0.0
25.860534138413406 98.90697966142727 0.0
137.49207629419547 112.72532690158954 0.0
108.71584175808931 85.01869399737676 0.0
194.86740943427847 189.1313200011808 0.0
157.23379287658858 57.96509310790601 0.0
110.60375425920626 145.80893649061923 0.0
23.254644696548056 177.28020966907562 0.0
64.07551622581408 58.12267629305998 0.0
191.32858900375913 95.99827173593603 0.0
168.52790998918772 132.3554598555488 0.0
193.22911828312982 26.18254264172819 0.0
192.96684454017222 129.81111749505186 0.0
128.56011615203343 144.39959925064846 0.0
38.570992716260655 192.4009821863967 0.0
140.5107232086176 65.92928125260245 0.0
195.7306725206418 38.83688469152447 0.0
157.72598532897143 117.47719023091845 0.0
10.357441434339343 67.15447590199999 0.0
6.425287709641658 120.38314639555287 0.0
21.897197279934044 147.1422611844526 0.0
121.31482315710436 159.79554236418895 0.0
100.51873690272113 15.353400890798197 0.0
139.50421440490186 160.00817448016537 0.0
7.238762526358111 195.7288047101304 0.0
48.55161986774903 12.132605717776745 0.0
128.28335240346513 60.461644081919516 0.0
77.9256131142466 107.50573614677745 0.0
93.77507334862942 18.585016192027904 0.0
172.58622290587348 18.70881859264113 0.0
180.8738145211824 73.86594824103356 0.0
68.05164264106978 139.8006555570452 0.0
22.78868728650041 128.9406280793397 0.0
98.2310717443724 148.34438111227882 0.0
197.61717238565302 29.227159444427862 0.0
110.46827967843451 184.033683903855 0.0
154.75699407342296 38.003851037908596 0.0
36.65455933369657 52.20099076075171 0.0
51.67505535345411 13.142495279837219 0.0
174.93376354671415 155.21657258874268 0.0
20.10695678715515 16.337727770402566 0.0
73.43617091949118 30.764288670769258 0.0
158.29965184168483 27.275087231560846 0.0
75.64203476093954 133.20597437864424 0.0
154.69884318579906 58.03194316323963 0.0
86.389712638497 32.72332283221886 0.0
88.52178481962373 67.10708721524725 0.0
148.20730139670187 126.65247312443628 0.0
23.94523635645911 57.826264869113444 0.0
179.56083575966613 58.40316824358904 0.0
117.17737941850213 12.472536585585715 0.0
119.77609148593507 121.5809211792594 0.0
89.47152216156964 61.34191434878255 0.0
149.80515556970107 190.40707723190403 0.0
84.17856224022175 115.02626821077438 0.0
13.672980545723679 162.25842533221737 0.0
122.2241470804293 98.57707377341424 0.0
152.35315437869136 124.12432529558906 0.0
197.93562971067138 117.80511295269405 0.0
179.9862585941447 62.00612910300676 0.0
115.93287820366183 160.82283924195897 0.0
181.76816913517294 120.76002883833694 0.0
59.83615933114188 92.03763197282547 0.0
193.49978983128213 191.61113668341844 0.0
4.833309804308672 131.15579442240738 0.0
34.703702300116234 155.54319700594283 0.0
