1 16 20.0
1 21 63.0
1 48 6.0
1 54 22.0
1 56 20.0
1 67 64.0
1 73 36.0
1 91 42.0
1 168 87.0
1 112 27.0
1 121 13.0
2 36 58.0
2 43 62.0
2 64 88.0
2 78 69.0
2 84 49.0
2 181 19.0
2 187 25.0
2 13 59.0
2 41 62.0
2 53 37.0
2 60 77.0
2 63 41.0
2 87 97.0
2 123 15.0
2 138 96.0
2 150 20.0
2 161 87.0
3 44 92.0
3 46 22.0
3 52 46.0
3 66 18.0
3 76 22.0
3 90 57.0
3 109 56.0
3 120 1.0
3 126 88.0
3 130 66.0
3 132 16.0
3 153 3.0
3 172 38.0
3 183 59.0
4 18 51.0
4 20 13.0
4 27 18.0
4 68 35.0
4 83 36.0
4 85 80.0
4 110 2.0
4 125 19.0
4 164 76.0
4 171 13.0
4 177 26.0
5 26 87.0
5 31 51.0
5 144 88.0
5 165 8.0
5 147 34.0
5 193 54.0
5 196 26.0
6 9 60.0
6 38 68.0
6 45 60.0
6 47 38.0
6 51 19.0
6 114 67.0
6 133 16.0
6 155 57.0
6 167 63.0
6 190 30.0
6 199 94.0
6 200 73.0
7 26 48.0
7 31 1.0
7 32 74.0
7 34 84.0
7 92 57.0
7 101 34.0
7 122 25.0
7 140 73.0
7 144 45.0
7 165 50.0
7 179 66.0
7 184 98.0
7 194 5.0
7 40 53.0
7 93 41.0
8 46 42.0
8 66 9.0
8 74 16.0
8 102 12.0
8 143 29.0
8 160 49.0
8 173 51.0
8 176 12.0
8 180 92.0
9 6 3.0
9 38 6.0
9 45 16.0
9 51 77.0
9 114 52.0
9 133 84.0
9 155 93.0
9 190 18.0
9 199 58.0
10 12 52.0
10 55 12.0
10 58 61.0
10 86 84.0
10 100 76.0
10 107 71.0
10 129 93.0
10 158 78.0
10 188 14.0
11 22 95.0
11 36 51.0
11 37 56.0
11 43 40.0
11 78 37.0
11 79 82.0
11 84 82.0
11 88 26.0
11 98 35.0
11 135 22.0
11 181 73.0
11 187 68.0
11 197 43.0
11 41 99.0
11 138 64.0
11 70 51.0
11 117 30.0
11 119 80.0
11 162 53.0
11 189 1.0
11 99 82.0
12 10 91.0
12 50 32.0
12 55 40.0
12 58 58.0
12 100 33.0
12 107 61.0
12 129 44.0
12 158 84.0
12 188 18.0
13 2 72.0
13 34 94.0
13 41 50.0
13 63 90.0
13 87 28.0
13 101 8.0
13 138 32.0
13 150 37.0
13 161 59.0
13 191 10.0
13 23 55.0
13 40 47.0
13 99 62.0
13 104 75.0
13 137 32.0
14 48 63.0
14 54 70.0
14 56 27.0
14 50 7.0
14 100 66.0
14 105 80.0
14 108 24.0
14 112 4.0
14 121 1.0
14 156 18.0
14 170 17.0
14 195 3.0
15 57 55.0
15 59 4.0
15 86 72.0
15 93 57.0
15 118 13.0
15 145 90.0
15 147 98.0
15 152 37.0
15 174 33.0
15 192 10.0
15 193 5.0
15 196 81.0
16 1 59.0
16 48 52.0
16 56 36.0
16 67 74.0
16 73 98.0
16 80 27.0
16 91 11.0
16 134 67.0
16 149 20.0
17 90 68.0
17 109 87.0
17 128 40.0
17 175 70.0
18 4 4.0
18 27 38.0
18 53 29.0
18 68 80.0
18 69 37.0
18 72 90.0
18 83 61.0
18 110 46.0
18 125 11.0
18 131 42.0
18 140 98.0
18 161 55.0
18 171 50.0
18 177 10.0
18 179 6.0
19 45 9.0
19 75 46.0
19 94 92.0
19 142 19.0
19 159 67.0
20 4 17.0
20 68 84.0
20 83 71.0
20 85 75.0
20 164 44.0
20 177 50.0
21 1 45.0
21 28 16.0
21 77 22.0
21 80 39.0
21 91 49.0
21 95 58.0
21 96 25.0
21 166 43.0
21 178 36.0
21 200 97.0
22 11 93.0
22 36 65.0
22 37 58.0
22 43 9.0
22 64 19.0
22 78 93.0
22 84 94.0
22 98 59.0
22 135 19.0
22 143 70.0
22 181 2.0
22 187 22.0
22 123 67.0
23 13 90.0
23 63 93.0
23 191 10.0
23 40 16.0
23 61 56.0
23 99 33.0
23 104 66.0
23 137 76.0
23 152 85.0
23 182 90.0
23 186 2.0
23 192 56.0
24 49 86.0
24 136 1.0
24 197 40.0
24 39 68.0
24 47 69.0
24 65 15.0
24 89 81.0
24 95 11.0
24 96 25.0
24 115 9.0
24 167 69.0
25 62 74.0
25 163 68.0
25 85 96.0
25 157 43.0
25 185 31.0
26 7 84.0
26 29 42.0
26 31 21.0
26 34 48.0
26 92 48.0
26 101 41.0
26 122 59.0
26 144 22.0
26 165 16.0
26 194 14.0
26 5 58.0
26 93 6.0
27 4 24.0
27 18 4.0
27 32 58.0
27 53 49.0
27 68 95.0
27 69 37.0
27 72 3.0
27 83 6.0
27 110 11.0
27 125 94.0
27 131 77.0
27 140 90.0
27 164 27.0
27 171 48.0
27 177 58.0
27 179 39.0
28 21 72.0
28 47 24.0
28 77 12.0
28 80 29.0
28 89 56.0
28 95 16.0
28 96 1.0
28 155 94.0
28 166 41.0
28 167 72.0
28 190 30.0
28 200 40.0
29 26 47.0
29 32 13.0
29 69 67.0
29 72 6.0
29 111 18.0
29 122 35.0
29 151 42.0
29 165 27.0
29 184 90.0
29 194 47.0
30 103 81.0
30 146 1.0
30 151 81.0
30 164 96.0
30 169 29.0
30 177 5.0
31 7 32.0
31 26 69.0
31 144 92.0
31 165 16.0
31 5 69.0
31 93 8.0
31 118 67.0
31 193 35.0
31 196 36.0
32 7 6.0
32 27 31.0
32 29 45.0
32 69 94.0
32 72 89.0
32 92 19.0
32 110 60.0
32 111 46.0
32 122 83.0
32 131 97.0
32 140 23.0
32 150 18.0
32 165 83.0
32 171 60.0
32 179 3.0
32 184 73.0
32 194 49.0
33 117 44.0
33 168 79.0
33 61 2.0
33 82 13.0
33 137 77.0
33 141 3.0
33 148 47.0
33 156 95.0
33 182 8.0
33 186 4.0
33 195 92.0
34 7 42.0
34 13 45.0
34 26 37.0
34 63 10.0
34 87 45.0
34 92 7.0
34 101 11.0
34 122 27.0
34 150 27.0
34 165 70.0
34 40 27.0
34 93 29.0
34 104 67.0
34 152 23.0
35 127 98.0
35 136 53.0
35 51 12.0
35 106 67.0
35 116 24.0
35 154 63.0
35 167 9.0
35 199 6.0
36 11 25.0
36 22 8.0
36 37 13.0
36 43 94.0
36 64 50.0
36 78 7.0
36 79 71.0
36 84 92.0
36 88 67.0
36 98 87.0
36 135 74.0
36 143 76.0
36 181 15.0
36 187 99.0
36 2 88.0
36 41 24.0
36 123 30.0
36 138 23.0
37 11 18.0
37 22 72.0
37 36 40.0
37 43 70.0
37 49 46.0
37 78 92.0
37 79 2.0
37 84 29.0
37 88 5.0
37 98 90.0
37 124 57.0
37 135 68.0
37 181 69.0
37 187 67.0
37 197 1.0
37 138 82.0
37 70 67.0
37 119 38.0
37 162 86.0
37 189 69.0
38 6 87.0
38 9 66.0
38 45 48.0
38 47 78.0
38 51 14.0
38 106 70.0
38 114 76.0
38 133 96.0
38 154 15.0
38 155 79.0
38 167 52.0
38 190 32.0
38 199 87.0
39 49 71.0
39 124 77.0
39 136 69.0
39 197 26.0
39 24 68.0
39 47 99.0
39 65 57.0
39 89 30.0
39 96 75.0
39 106 94.0
39 115 77.0
39 116 25.0
39 167 81.0
40 7 96.0
40 13 21.0
40 34 7.0
40 63 28.0
40 101 16.0
40 191 43.0
40 23 20.0
40 93 70.0
40 104 86.0
40 137 54.0
40 152 67.0
40 182 28.0
40 192 25.0
41 11 17.0
41 36 49.0
41 43 1.0
41 78 46.0
41 79 86.0
41 84 64.0
41 181 12.0
41 187 46.0
41 2 31.0
41 13 43.0
41 60 76.0
41 63 43.0
41 87 10.0
41 123 45.0
41 138 61.0
41 161 79.0
41 191 79.0
42 58 98.0
42 107 36.0
42 113 94.0
42 129 5.0
42 139 94.0
42 174 51.0
42 198 18.0
43 11 34.0
43 22 97.0
43 36 89.0
43 37 73.0
43 64 88.0
43 78 95.0
43 79 75.0
43 84 59.0
43 88 84.0
43 135 19.0
43 181 94.0
43 187 36.0
43 2 50.0
43 41 25.0
43 60 7.0
43 123 56.0
43 138 80.0
44 3 99.0
44 66 94.0
44 76 83.0
44 120 95.0
44 126 15.0
44 130 76.0
44 132 65.0
44 153 9.0
44 172 62.0
44 183 74.0
45 6 71.0
45 9 23.0
45 19 38.0
45 38 92.0
45 75 80.0
45 77 22.0
45 94 6.0
45 114 95.0
45 133 28.0
45 142 78.0
45 155 4.0
45 159 26.0
45 190 82.0
45 200 34.0
46 3 24.0
46 8 24.0
46 52 54.0
46 66 89.0
46 74 60.0
46 90 28.0
46 102 17.0
46 109 4.0
46 126 14.0
46 143 59.0
46 160 11.0
46 172 65.0
46 173 57.0
46 176 66.0
47 6 91.0
47 24 7.0
47 28 72.0
47 38 31.0
47 39 15.0
47 51 94.0
47 65 9.0
47 77 91.0
47 89 65.0
47 95 62.0
47 96 95.0
47 106 20.0
47 115 3.0
47 116 7.0
47 154 44.0
47 155 66.0
47 167 49.0
47 190 41.0
47 199 41.0
47 200 9.0
48 1 30.0
48 16 71.0
48 54 63.0
48 56 23.0
48 67 62.0
48 73 4.0
48 91 7.0
48 14 93.0
48 105 19.0
48 112 36.0
48 121 22.0
48 170 35.0
49 37 95.0
49 79 25.0
49 88 30.0
49 98 94.0
49 124 71.0
49 135 36.0
49 197 2.0
49 24 15.0
49 39 92.0
49 70 5.0
49 162 32.0
50 12 45.0
50 14 6.0
50 105 37.0
50 108 58.0
50 129 63.0
50 170 34.0
50 188 82.0
51 127 47.0
51 6 53.0
51 9 94.0
51 35 81.0
51 38 50.0
51 47 56.0
51 106 1.0
51 114 91.0
51 116 6.0
51 133 70.0
51 154 94.0
51 155 44.0
51 167 81.0
51 199 25.0
52 3 37.0
52 46 34.0
52 66 74.0
52 71 97.0
52 74 15.0
52 90 42.0
52 109 12.0
52 126 66.0
52 128 51.0
52 130 49.0
52 172 65.0
52 175 28.0
52 183 57.0
53 2 28.0
53 18 33.0
53 27 7.0
53 60 22.0
53 63 14.0
53 69 70.0
53 72 98.0
53 87 16.0
53 92 73.0
53 110 97.0
53 125 78.0
53 131 86.0
53 140 1.0
53 150 79.0
53 161 90.0
53 171 34.0
53 179 27.0
54 1 56.0
54 48 9.0
54 56 54.0
54 67 76.0
54 14 91.0
54 105 30.0
54 108 46.0
54 112 93.0
54 170 39.0
55 10 16.0
55 12 38.0
55 59 19.0
55 82 20.0
55 86 43.0
55 100 62.0
55 107 69.0
55 129 84.0
55 145 61.0
55 148 25.0
55 156 76.0
55 158 63.0
55 174 92.0
55 182 55.0
55 192 41.0
56 1 9.0
56 16 16.0
56 48 25.0
56 54 17.0
56 67 92.0
56 73 95.0
56 91 77.0
56 14 24.0
56 105 62.0
56 112 18.0
56 121 47.0
56 170 27.0
57 15 55.0
57 58 77.0
57 59 11.0
57 86 94.0
57 118 15.0
57 145 50.0
57 147 17.0
57 174 58.0
57 196 20.0
58 10 52.0
58 12 16.0
58 42 53.0
58 57 71.0
58 59 60.0
58 86 29.0
58 107 29.0
58 129 10.0
58 139 2.0
58 174 54.0
58 198 12.0
59 15 8.0
59 55 87.0
59 57 85.0
59 58 48.0
59 82 86.0
59 86 92.0
59 107 81.0
59 118 1.0
59 145 83.0
59 174 87.0
59 182 77.0
59 192 90.0
60 43 86.0
60 64 88.0
60 84 44.0
60 181 29.0
60 187 58.0
60 2 57.0
60 41 7.0
60 53 56.0
60 87 28.0
60 123 3.0
60 138 29.0
60 150 61.0
60 161 26.0
61 138 11.0
61 191 59.0
61 97 3.0
61 117 44.0
61 119 25.0
61 189 37.0
61 23 73.0
61 33 52.0
61 99 50.0
61 137 63.0
61 186 7.0
62 163 89.0
62 25 21.0
62 157 1.0
62 185 7.0
63 2 67.0
63 13 31.0
63 34 5.0
63 41 19.0
63 53 45.0
63 87 57.0
63 101 47.0
63 138 46.0
63 150 52.0
63 161 27.0
63 191 92.0
63 23 3.0
63 40 20.0
63 104 41.0
64 22 80.0
64 36 80.0
64 43 17.0
64 84 31.0
64 163 71.0
64 176 81.0
64 180 3.0
64 181 57.0
64 187 51.0
64 2 15.0
64 60 76.0
64 123 60.0
64 157 41.0
65 136 25.0
65 24 44.0
65 39 25.0
65 47 8.0
65 89 51.0
65 96 49.0
65 106 38.0
65 115 38.0
65 116 55.0
65 167 41.0
66 3 42.0
66 8 75.0
66 44 69.0
66 46 47.0
66 52 81.0
66 74 60.0
66 90 56.0
66 109 70.0
66 120 66.0
66 126 96.0
66 128 43.0
66 130 33.0
66 172 12.0
66 175 70.0
66 183 9.0
67 1 4.0
67 16 56.0
67 48 19.0
67 54 99.0
67 56 56.0
67 73 68.0
67 134 99.0
67 105 88.0
67 112 68.0
67 170 71.0
68 4 29.0
68 18 8.0
68 20 97.0
68 27 96.0
68 83 15.0
68 85 2.0
68 110 72.0
68 125 3.0
68 164 64.0
68 171 28.0
68 177 92.0
68 185 31.0
69 18 59.0
69 27 47.0
69 29 83.0
69 32 92.0
69 53 47.0
69 72 91.0
69 83 93.0
69 92 2.0
69 110 55.0
69 122 20.0
69 125 40.0
69 131 48.0
69 140 24.0
69 150 65.0
69 165 1.0
69 171 38.0
69 177 30.0
69 179 3.0
69 184 34.0
69 194 72.0
70 11 13.0
70 37 37.0
70 49 90.0
70 79 43.0
70 88 10.0
70 98 15.0
70 124 87.0
70 197 64.0
70 97 74.0
70 117 22.0
70 119 88.0
70 162 50.0
70 189 89.0
71 52 2.0
71 76 28.0
71 90 47.0
71 109 78.0
71 128 72.0
71 130 80.0
71 175 16.0
72 18 84.0
72 27 95.0
72 29 14.0
72 32 53.0
72 53 22.0
72 69 43.0
72 83 70.0
72 92 84.0
72 110 93.0
72 122 77.0
72 125 74.0
72 131 52.0
72 140 17.0
72 150 46.0
72 165 8.0
72 171 32.0
72 177 63.0
72 179 20.0
72 184 75.0
72 194 5.0
73 1 61.0
73 16 99.0
73 48 63.0
73 56 86.0
73 67 15.0
73 80 90.0
73 81 10.0
73 134 92.0
73 149 63.0
74 8 46.0
74 46 4.0
74 52 76.0
74 66 66.0
74 90 43.0
74 102 78.0
74 109 37.0
74 126 68.0
74 160 2.0
74 172 13.0
74 173 43.0
74 175 86.0
74 176 39.0
75 19 17.0
75 45 21.0
75 94 22.0
75 142 61.0
75 159 57.0
76 3 39.0
76 44 35.0
76 71 59.0
76 120 76.0
76 130 70.0
76 132 72.0
76 153 70.0
76 183 78.0
77 21 87.0
77 28 91.0
77 45 5.0
77 47 66.0
77 80 68.0
77 89 76.0
77 95 31.0
77 96 80.0
77 142 66.0
77 155 83.0
77 167 5.0
77 190 21.0
77 200 86.0
78 11 79.0
78 22 24.0
78 36 36.0
78 37 59.0
78 43 46.0
78 79 69.0
78 84 40.0
78 88 88.0
78 98 73.0
78 135 35.0
78 181 19.0
78 187 79.0
78 2 86.0
78 41 57.0
78 123 21.0
78 138 16.0
79 11 65.0
79 36 37.0
79 37 56.0
79 43 53.0
79 49 40.0
79 78 57.0
79 84 85.0
79 88 61.0
79 98 1.0
79 135 70.0
79 181 49.0
79 187 21.0
79 197 29.0
79 41 87.0
79 138 57.0
79 70 13.0
79 117 18.0
79 119 1.0
79 162 92.0
79 189 11.0
79 99 70.0
80 16 65.0
80 21 52.0
80 28 95.0
80 73 45.0
80 77 70.0
80 91 22.0
80 95 60.0
80 142 86.0
80 149 16.0
80 200 94.0
81 73 63.0
81 94 57.0
81 134 58.0
81 142 37.0
81 149 18.0
82 33 24.0
82 55 4.0
82 59 51.0
82 86 3.0
82 100 49.0
82 145 15.0
82 148 99.0
82 156 36.0
82 158 77.0
82 182 17.0
82 192 60.0
83 4 73.0
83 18 98.0
83 20 51.0
83 27 1.0
83 68 41.0
83 69 66.0
83 72 29.0
83 85 3.0
83 103 69.0
83 110 30.0
83 125 75.0
83 131 36.0
83 164 51.0
83 171 38.0
83 177 30.0
84 11 21.0
84 22 93.0
84 36 93.0
84 37 28.0
84 43 52.0
84 64 56.0
84 78 66.0
84 79 93.0
84 88 9.0
84 98 88.0
84 135 19.0
84 143 49.0
84 181 40.0
84 187 4.0
84 2 75.0
84 41 20.0
84 60 12.0
84 123 27.0
84 138 20.0
85 4 71.0
85 20 82.0
85 25 34.0
85 68 30.0
85 83 78.0
85 185 10.0
86 10 6.0
86 15 50.0
86 55 40.0
86 57 98.0
86 58 80.0
86 59 38.0
86 82 36.0
86 107 80.0
86 118 64.0
86 145 42.0
86 158 86.0
86 174 31.0
86 182 10.0
86 192 80.0
87 2 47.0
87 13 64.0
87 34 19.0
87 41 70.0
87 53 21.0
87 60 74.0
87 63 72.0
87 92 63.0
87 101 31.0
87 131 73.0
87 138 11.0
87 140 26.0
87 150 7.0
87 161 33.0
87 179 4.0
87 191 36.0
88 11 83.0
88 36 19.0
88 37 81.0
88 43 3.0
88 49 40.0
88 78 60.0
88 79 63.0
88 84 51.0
88 98 75.0
88 124 43.0
88 135 40.0
88 181 20.0
88 197 57.0
88 138 30.0
88 70 40.0
88 117 37.0
88 119 51.0
88 162 98.0
88 189 75.0
88 99 28.0
89 136 16.0
89 24 17.0
89 28 35.0
89 39 11.0
89 47 25.0
89 65 92.0
89 77 37.0
89 95 89.0
89 96 45.0
89 106 6.0
89 115 7.0
89 116 71.0
89 154 31.0
89 155 85.0
89 167 81.0
90 3 21.0
90 17 66.0
90 46 57.0
90 52 47.0
90 66 24.0
90 71 91.0
90 74 38.0
90 109 64.0
90 126 30.0
90 128 1.0
90 130 83.0
90 160 13.0
90 172 48.0
90 175 87.0
90 183 18.0
91 1 14.0
91 16 5.0
91 21 40.0
91 48 25.0
91 56 36.0
91 80 93.0
91 166 67.0
91 168 22.0
91 178 23.0
91 112 17.0
91 121 43.0
92 7 38.0
92 26 91.0
92 32 75.0
92 34 11.0
92 53 79.0
92 69 59.0
92 72 61.0
92 87 73.0
92 101 10.0
92 122 84.0
92 131 7.0
92 140 45.0
92 150 33.0
92 165 42.0
92 179 41.0
92 184 3.0
92 194 85.0
93 7 98.0
93 26 77.0
93 31 81.0
93 34 15.0
93 101 79.0
93 144 57.0
93 15 42.0
93 40 61.0
93 104 11.0
93 118 78.0
93 137 99.0
93 145 75.0
93 152 44.0
93 182 84.0
93 192 67.0
93 196 81.0
94 19 58.0
94 45 21.0
94 75 25.0
94 81 20.0
94 142 17.0
94 149 25.0
94 159 59.0
95 21 42.0
95 24 31.0
95 28 13.0
95 47 61.0
95 77 54.0
95 80 57.0
95 89 77.0
95 96 81.0
95 115 90.0
95 155 3.0
95 166 79.0
95 178 75.0
95 200 70.0
96 21 59.0
96 24 63.0
96 28 49.0
96 39 75.0
96 47 41.0
96 65 44.0
96 77 47.0
96 89 2.0
96 95 2.0
96 115 96.0
96 166 70.0
96 167 75.0
96 178 56.0
96 200 8.0
97 70 30.0
97 117 28.0
97 119 16.0
97 162 91.0
97 166 71.0
97 168 32.0
97 178 69.0
97 189 96.0
97 61 93.0
98 11 23.0
98 22 11.0
98 36 43.0
98 37 22.0
98 49 46.0
98 78 20.0
98 79 57.0
98 84 28.0
98 88 70.0
98 124 47.0
98 135 22.0
98 143 32.0
98 181 15.0
98 197 47.0
98 70 24.0
98 162 42.0
99 11 83.0
99 79 36.0
99 88 67.0
99 13 85.0
99 138 36.0
99 191 97.0
99 117 91.0
99 119 96.0
99 162 12.0
99 189 8.0
99 23 85.0
99 61 29.0
99 186 82.0
100 10 57.0
100 12 63.0
100 14 22.0
100 55 16.0
100 82 84.0
100 105 65.0
100 107 35.0
100 108 40.0
100 129 16.0
100 148 53.0
100 156 41.0
100 158 46.0
100 170 41.0
100 188 78.0
100 195 97.0
101 7 63.0
101 13 94.0
101 26 73.0
101 34 89.0
101 63 64.0
101 87 42.0
101 92 29.0
101 122 48.0
101 140 71.0
101 150 99.0
101 165 28.0
101 179 95.0
101 40 72.0
101 93 90.0
101 104 64.0
102 8 81.0
102 46 19.0
102 74 2.0
102 160 92.0
102 173 69.0
102 176 54.0
102 180 27.0
103 30 66.0
103 83 43.0
103 146 86.0
103 151 29.0
103 164 57.0
103 169 10.0
103 177 49.0
104 13 61.0
104 34 83.0
104 63 6.0
104 101 94.0
104 191 29.0
104 23 64.0
104 40 41.0
104 93 97.0
104 137 28.0
104 152 68.0
104 182 42.0
104 186 26.0
104 192 53.0
105 48 50.0
105 54 12.0
105 56 34.0
105 67 94.0
105 14 36.0
105 50 81.0
105 100 12.0
105 108 55.0
105 112 97.0
105 121 42.0
105 156 20.0
105 170 73.0
105 195 59.0
106 127 86.0
106 136 24.0
106 35 98.0
106 38 45.0
106 39 94.0
106 47 43.0
106 51 98.0
106 65 62.0
106 89 5.0
106 116 60.0
106 154 39.0
106 155 96.0
106 167 4.0
106 199 26.0
107 10 87.0
107 12 81.0
107 42 73.0
107 55 39.0
107 58 14.0
107 59 66.0
107 86 82.0
107 100 3.0
107 129 87.0
107 158 96.0
107 174 89.0
107 188 24.0
108 54 38.0
108 14 8.0
108 50 5.0
108 100 87.0
108 105 76.0
108 112 68.0
108 121 58.0
108 141 46.0
108 148 23.0
108 156 37.0
108 158 23.0
108 170 22.0
108 195 79.0
109 3 22.0
109 17 98.0
109 46 4.0
109 52 43.0
109 66 50.0
109 71 68.0
109 74 74.0
109 90 2.0
109 128 57.0
109 130 65.0
109 160 47.0
109 172 17.0
109 173 81.0
109 175 56.0
110 4 48.0
110 18 5.0
110 27 94.0
110 32 4.0
110 53 83.0
110 68 90.0
110 69 65.0
110 72 67.0
110 83 94.0
110 125 78.0
110 131 77.0
110 140 66.0
110 164 55.0
110 171 38.0
110 177 86.0
110 179 12.0
111 29 56.0
111 32 66.0
111 122 76.0
111 151 41.0
111 165 86.0
111 184 94.0
111 194 43.0
112 1 71.0
112 48 86.0
112 54 67.0
112 56 88.0
112 67 77.0
112 91 89.0
112 168 21.0
112 14 52.0
112 105 81.0
112 108 9.0
112 121 14.0
112 141 23.0
112 156 9.0
112 170 78.0
112 195 44.0
113 42 66.0
113 139 8.0
113 198 22.0
114 6 93.0
114 9 95.0
114 38 12.0
114 45 41.0
114 51 18.0
114 133 94.0
114 155 20.0
114 190 60.0
114 199 74.0
115 136 96.0
115 197 46.0
115 24 55.0
115 39 25.0
115 47 33.0
115 65 68.0
115 89 62.0
115 95 47.0
115 96 3.0
115 167 57.0
116 127 55.0
116 136 76.0
116 35 53.0
116 39 21.0
116 47 24.0
116 51 89.0
116 65 28.0
116 89 58.0
116 106 83.0
116 154 15.0
116 167 7.0
116 199 15.0
117 11 14.0
117 79 24.0
117 88 57.0
117 191 5.0
117 70 83.0
117 97 10.0
117 119 39.0
117 162 23.0
117 189 87.0
117 33 16.0
117 61 93.0
117 99 29.0
117 186 23.0
118 31 95.0
118 15 28.0
118 57 46.0
118 59 45.0
118 86 42.0
118 93 21.0
118 145 8.0
118 147 48.0
118 152 15.0
118 174 83.0
118 182 86.0
118 192 91.0
118 193 26.0
118 196 56.0
119 11 72.0
119 37 4.0
119 79 36.0
119 88 67.0
119 70 55.0
119 97 9.0
119 117 98.0
119 162 41.0
119 166 91.0
119 178 82.0
119 189 83.0
119 61 40.0
119 99 9.0
120 3 51.0
120 44 73.0
120 66 14.0
120 76 74.0
120 126 81.0
120 130 93.0
120 132 33.0
120 136 49.0
120 153 15.0
120 172 1.0
120 183 42.0
121 1 86.0
121 48 77.0
121 56 65.0
121 91 83.0
121 168 2.0
121 14 50.0
121 105 65.0
121 108 14.0
121 112 72.0
121 141 49.0
121 156 97.0
121 170 18.0
121 195 65.0
122 7 11.0
122 26 39.0
122 29 18.0
122 32 20.0
122 34 10.0
122 69 16.0
122 72 50.0
122 92 8.0
122 101 66.0
122 111 91.0
122 131 70.0
122 140 25.0
122 150 33.0
122 165 34.0
122 179 15.0
122 184 39.0
122 194 17.0
123 22 39.0
123 36 49.0
123 43 26.0
123 64 74.0
123 78 1.0
123 84 89.0
123 181 88.0
123 187 81.0
123 2 62.0
123 41 56.0
123 60 26.0
123 138 31.0
123 161 24.0
124 37 49.0
124 49 75.0
124 88 68.0
124 98 45.0
124 135 18.0
124 197 20.0
124 39 91.0
124 70 89.0
125 4 56.0
125 18 39.0
125 27 18.0
125 53 2.0
125 68 92.0
125 69 96.0
125 72 52.0
125 83 99.0
125 110 97.0
125 131 73.0
125 140 9.0
125 161 92.0
125 171 45.0
125 177 80.0
125 179 31.0
126 3 98.0
126 44 4.0
126 46 82.0
126 52 51.0
126 66 57.0
126 74 7.0
126 90 30.0
126 120 84.0
126 130 71.0
126 132 23.0
126 143 48.0
126 172 94.0
126 183 8.0
127 136 30.0
127 35 11.0
127 51 5.0
127 106 26.0
127 116 26.0
127 154 85.0
128 17 60.0
128 52 59.0
128 66 5.0
128 71 17.0
128 90 71.0
128 109 99.0
128 130 80.0
128 175 12.0
129 10 43.0
129 12 94.0
129 42 10.0
129 50 96.0
129 55 71.0
129 58 37.0
129 100 97.0
129 107 63.0
129 158 54.0
129 188 90.0
130 3 93.0
130 44 12.0
130 52 16.0
130 66 49.0
130 71 57.0
130 76 48.0
130 90 2.0
130 109 52.0
130 120 20.0
130 126 41.0
130 128 14.0
130 132 40.0
130 153 64.0
130 172 94.0
130 183 30.0
131 18 21.0
131 27 28.0
131 32 94.0
131 53 88.0
131 69 57.0
131 72 76.0
131 83 48.0
131 87 59.0
131 92 76.0
131 110 80.0
131 122 12.0
131 125 36.0
131 140 12.0
131 150 30.0
131 161 27.0
131 171 7.0
131 177 35.0
131 179 11.0
131 184 59.0
131 194 73.0
132 3 72.0
132 44 30.0
132 76 37.0
132 120 66.0
132 126 97.0
132 130 77.0
132 153 44.0
132 172 20.0
132 183 18.0
133 6 96.0
133 9 3.0
133 38 94.0
133 45 37.0
133 51 6.0
133 114 8.0
133 155 5.0
133 190 19.0
133 199 83.0
134 16 64.0
134 67 15.0
134 73 95.0
134 81 68.0
134 149 74.0
135 11 6.0
135 22 76.0
135 36 99.0
135 37 63.0
135 43 44.0
135 49 48.0
135 78 15.0
135 79 68.0
135 84 50.0
135 88 28.0
135 98 9.0
135 124 88.0
135 143 15.0
135 181 51.0
135 187 87.0
135 197 20.0
136 120 39.0
136 127 21.0
136 24 89.0
136 35 83.0
136 39 21.0
136 65 70.0
136 89 59.0
136 106 18.0
136 115 81.0
136 116 90.0
136 154 78.0
137 13 16.0
137 191 34.0
137 23 82.0
137 33 80.0
137 40 90.0
137 61 35.0
137 93 8.0
137 104 20.0
137 152 74.0
137 182 61.0
137 186 59.0
137 192 34.0
138 11 27.0
138 36 97.0
138 37 79.0
138 43 5.0
138 78 38.0
138 79 37.0
138 84 13.0
138 88 25.0
138 181 49.0
138 2 8.0
138 13 17.0
138 41 78.0
138 60 24.0
138 63 66.0
138 87 45.0
138 123 60.0
138 191 13.0
138 61 27.0
138 99 97.0
139 42 30.0
139 58 30.0
139 113 82.0
139 198 20.0
140 7 89.0
140 18 97.0
140 27 23.0
140 32 3.0
140 53 16.0
140 69 8.0
140 72 62.0
140 87 76.0
140 92 11.0
140 101 14.0
140 110 82.0
140 122 88.0
140 125 57.0
140 131 42.0
140 150 25.0
140 161 23.0
140 165 76.0
140 171 24.0
140 179 11.0
140 184 34.0
140 194 31.0
141 168 26.0
141 33 4.0
141 108 10.0
141 112 37.0
141 121 69.0
141 148 6.0
141 156 73.0
141 186 45.0
141 195 45.0
142 19 69.0
142 45 46.0
142 75 8.0
142 77 58.0
142 80 4.0
142 81 89.0
142 94 47.0
142 149 23.0
142 159 46.0
142 190 17.0
142 200 64.0
143 8 27.0
143 22 51.0
143 36 58.0
143 46 33.0
143 84 81.0
143 98 36.0
143 126 23.0
143 135 85.0
143 172 6.0
143 176 35.0
143 181 39.0
143 187 39.0
144 7 27.0
144 26 60.0
144 31 41.0
144 165 96.0
144 5 46.0
144 93 71.0
144 193 63.0
144 196 35.0
145 15 61.0
145 55 72.0
145 57 77.0
145 59 1.0
145 82 81.0
145 86 61.0
145 93 75.0
145 118 60.0
145 147 73.0
145 152 12.0
145 174 67.0
145 182 80.0
145 192 39.0
145 196 33.0
146 30 15.0
146 103 61.0
146 151 71.0
146 164 80.0
146 169 42.0
147 5 21.0
147 15 16.0
147 57 47.0
147 118 43.0
147 145 22.0
147 193 51.0
147 196 88.0
148 33 55.0
148 55 83.0
148 82 97.0
148 100 33.0
148 108 67.0
148 141 9.0
148 156 23.0
148 158 88.0
148 182 60.0
148 186 19.0
148 195 73.0
149 16 71.0
149 73 8.0
149 80 60.0
149 81 25.0
149 94 90.0
149 134 65.0
149 142 28.0
150 2 70.0
150 13 57.0
150 32 96.0
150 34 84.0
150 53 12.0
150 60 35.0
150 63 14.0
150 69 79.0
150 72 36.0
150 87 97.0
150 92 29.0
150 101 68.0
150 122 87.0
150 131 62.0
150 140 60.0
150 161 49.0
150 179 15.0
151 29 30.0
151 30 99.0
151 103 91.0
151 111 24.0
151 146 7.0
151 169 48.0
151 184 56.0
151 194 4.0
152 34 67.0
152 15 70.0
152 23 10.0
152 40 87.0
152 93 2.0
152 104 5.0
152 118 96.0
152 137 98.0
152 145 6.0
152 182 84.0
152 192 45.0
152 196 50.0
153 3 78.0
153 44 14.0
153 76 99.0
153 120 49.0
153 130 51.0
153 132 10.0
153 183 95.0
154 127 83.0
154 136 94.0
154 35 23.0
154 38 61.0
154 47 88.0
154 51 52.0
154 89 68.0
154 106 64.0
154 116 41.0
154 167 13.0
154 199 4.0
155 6 33.0
155 9 5.0
155 28 32.0
155 38 97.0
155 45 53.0
155 47 78.0
155 51 36.0
155 77 71.0
155 89 60.0
155 95 78.0
155 106 81.0
155 114 47.0
155 133 83.0
155 167 78.0
155 190 58.0
155 199 22.0
155 200 10.0
156 168 94.0
156 14 39.0
156 33 4.0
156 55 39.0
156 82 74.0
156 100 79.0
156 105 62.0
156 108 27.0
156 112 4.0
156 121 66.0
156 141 93.0
156 148 36.0
156 158 86.0
156 170 12.0
156 195 25.0
157 62 6.0
157 64 94.0
157 163 13.0
157 180 18.0
157 25 65.0
157 185 13.0
158 10 62.0
158 12 98.0
158 55 70.0
158 82 1.0
158 86 7.0
158 100 14.0
158 107 71.0
158 108 51.0
158 129 76.0
158 148 14.0
158 156 1.0
158 195 53.0
159 19 34.0
159 45 40.0
159 75 57.0
159 94 32.0
159 142 67.0
160 8 70.0
160 46 43.0
160 74 52.0
160 90 82.0
160 102 38.0
160 109 32.0
160 173 90.0
160 175 80.0
161 2 93.0
161 13 96.0
161 18 22.0
161 41 64.0
161 53 20.0
161 60 26.0
161 63 13.0
161 87 58.0
161 123 52.0
161 125 66.0
161 131 69.0
161 140 49.0
161 150 71.0
161 179 67.0
162 11 27.0
162 37 2.0
162 49 75.0
162 79 19.0
162 88 58.0
162 98 62.0
162 197 89.0
162 70 75.0
162 97 38.0
162 117 52.0
162 119 61.0
162 178 76.0
162 189 72.0
162 99 34.0
163 62 71.0
163 64 13.0
163 176 10.0
163 180 41.0
163 25 55.0
163 157 56.0
163 185 36.0
164 4 12.0
164 20 44.0
164 27 20.0
164 30 45.0
164 68 66.0
164 83 33.0
164 103 19.0
164 110 1.0
164 146 62.0
164 169 92.0
164 171 97.0
164 177 40.0
165 7 10.0
165 26 36.0
165 29 88.0
165 31 26.0
165 32 23.0
165 34 18.0
165 69 42.0
165 72 85.0
165 92 96.0
165 101 36.0
165 111 67.0
165 122 18.0
165 140 89.0
165 144 53.0
165 184 21.0
165 194 51.0
165 5 62.0
166 21 18.0
166 28 45.0
166 91 86.0
166 95 44.0
166 96 2.0
166 97 56.0
166 119 83.0
166 178 77.0
166 189 15.0
167 6 91.0
167 24 54.0
167 28 63.0
167 35 76.0
167 38 59.0
167 39 89.0
167 47 44.0
167 51 38.0
167 65 58.0
167 77 19.0
167 89 49.0
167 96 65.0
167 106 17.0
167 115 2.0
167 116 71.0
167 154 78.0
167 155 50.0
167 199 42.0
167 200 88.0
168 1 44.0
168 91 41.0
168 97 38.0
168 178 85.0
168 33 79.0
168 112 42.0
168 121 42.0
168 141 32.0
168 156 14.0
168 195 24.0
169 30 97.0
169 103 37.0
169 146 1.0
169 151 31.0
169 164 85.0
170 48 28.0
170 54 29.0
170 56 51.0
170 67 61.0
170 14 7.0
170 50 24.0
170 100 69.0
170 105 25.0
170 108 80.0
170 112 50.0
170 121 83.0
170 156 98.0
170 195 28.0
171 4 78.0
171 18 13.0
171 27 22.0
171 32 99.0
171 53 42.0
171 68 1.0
171 69 82.0
171 72 74.0
171 83 78.0
171 110 76.0
171 125 40.0
171 131 62.0
171 140 79.0
171 164 60.0
171 177 62.0
171 179 75.0
172 3 1.0
172 44 83.0
172 46 23.0
172 52 15.0
172 66 56.0
172 74 30.0
172 90 72.0
172 109 67.0
172 120 47.0
172 126 55.0
172 130 72.0
172 132 73.0
172 143 2.0
172 183 83.0
173 8 50.0
173 46 92.0
173 74 73.0
173 102 69.0
173 109 88.0
173 160 7.0
173 176 43.0
174 15 79.0
174 42 93.0
174 55 91.0
174 57 71.0
174 58 87.0
174 59 55.0
174 86 13.0
174 107 67.0
174 118 51.0
174 145 96.0
175 17 67.0
175 52 48.0
175 66 31.0
175 71 70.0
175 74 10.0
175 90 88.0
175 109 87.0
175 128 35.0
175 160 6.0
176 8 17.0
176 46 57.0
176 64 57.0
176 74 22.0
176 102 9.0
176 143 80.0
176 163 86.0
176 173 82.0
176 180 19.0
177 4 62.0
177 18 99.0
177 20 19.0
177 27 25.0
177 30 60.0
177 68 11.0
177 69 97.0
177 72 33.0
177 83 8.0
177 103 97.0
177 110 37.0
177 125 34.0
177 131 59.0
177 164 26.0
177 171 11.0
178 21 22.0
178 91 59.0
178 95 37.0
178 96 2.0
178 97 32.0
178 119 62.0
178 162 53.0
178 166 70.0
178 168 55.0
178 189 75.0
179 7 10.0
179 18 17.0
179 27 5.0
179 32 44.0
179 53 24.0
179 69 52.0
179 72 87.0
179 87 91.0
179 92 28.0
179 101 2.0
179 110 61.0
179 122 90.0
179 125 59.0
179 131 77.0
179 140 82.0
179 150 71.0
179 161 35.0
179 171 82.0
179 184 64.0
179 194 64.0
180 8 68.0
180 64 37.0
180 102 13.0
180 163 44.0
180 176 87.0
180 187 77.0
180 157 35.0
181 11 62.0
181 22 41.0
181 36 68.0
181 37 90.0
181 43 37.0
181 64 70.0
181 78 25.0
181 79 66.0
181 84 63.0
181 88 12.0
181 98 66.0
181 135 82.0
181 143 64.0
181 187 76.0
181 2 43.0
181 41 56.0
181 60 79.0
181 123 27.0
181 138 89.0
182 23 34.0
182 33 48.0
182 40 37.0
182 55 33.0
182 59 38.0
182 82 47.0
182 86 48.0
182 93 37.0
182 104 3.0
182 118 70.0
182 137 20.0
182 145 45.0
182 148 94.0
182 152 23.0
182 186 65.0
182 192 81.0
183 3 69.0
183 44 92.0
183 52 7.0
183 66 87.0
183 76 50.0
183 90 80.0
183 120 8.0
183 126 86.0
183 130 88.0
183 132 74.0
183 153 16.0
183 172 35.0
184 7 99.0
184 29 11.0
184 32 76.0
184 69 45.0
184 72 76.0
184 92 97.0
184 111 50.0
184 122 72.0
184 131 24.0
184 140 79.0
184 151 32.0
184 165 25.0
184 179 68.0
184 194 66.0
185 62 73.0
185 163 81.0
185 25 72.0
185 68 88.0
185 85 14.0
185 157 98.0
186 191 95.0
186 117 34.0
186 23 42.0
186 33 53.0
186 61 40.0
186 99 55.0
186 104 77.0
186 137 95.0
186 141 37.0
186 148 3.0
186 182 55.0
187 11 81.0
187 22 63.0
187 36 90.0
187 37 71.0
187 43 4.0
187 64 69.0
187 78 59.0
187 79 89.0
187 84 75.0
187 135 92.0
187 143 54.0
187 180 91.0
187 181 14.0
187 2 22.0
187 41 70.0
187 60 48.0
187 123 4.0
188 10 45.0
188 12 19.0
188 50 91.0
188 100 82.0
188 107 94.0
188 129 47.0
189 11 17.0
189 37 30.0
189 79 32.0
189 88 50.0
189 70 21.0
189 97 40.0
189 117 6.0
189 119 44.0
189 162 28.0
189 166 36.0
189 178 1.0
189 61 10.0
189 99 33.0
190 6 2.0
190 9 74.0
190 28 55.0
190 38 67.0
190 45 30.0
190 47 62.0
190 77 31.0
190 114 90.0
190 133 27.0
190 142 60.0
190 155 23.0
190 200 64.0
191 13 67.0
191 41 80.0
191 63 13.0
191 87 33.0
191 138 54.0
191 117 99.0
191 23 76.0
191 40 72.0
191 61 64.0
191 99 33.0
191 104 41.0
191 137 18.0
191 186 2.0
192 15 34.0
192 23 61.0
192 40 11.0
192 55 63.0
192 59 89.0
192 82 44.0
192 86 25.0
192 93 2.0
192 104 5.0
192 118 26.0
192 137 32.0
192 145 67.0
192 152 66.0
192 182 14.0
192 196 95.0
193 31 27.0
193 144 52.0
193 5 77.0
193 15 39.0
193 118 87.0
193 147 33.0
193 196 70.0
194 7 53.0
194 26 13.0
194 29 69.0
194 32 22.0
194 69 60.0
194 72 45.0
194 92 95.0
194 111 57.0
194 122 8.0
194 131 88.0
194 140 72.0
194 151 58.0
194 165 60.0
194 179 17.0
194 184 90.0
195 168 63.0
195 14 53.0
195 33 68.0
195 100 97.0
195 105 88.0
195 108 45.0
195 112 38.0
195 121 39.0
195 141 43.0
195 148 17.0
195 156 71.0
195 158 47.0
195 170 41.0
196 31 85.0
196 144 90.0
196 5 64.0
196 15 71.0
196 57 12.0
196 93 65.0
196 118 26.0
196 145 61.0
196 147 74.0
196 152 32.0
196 192 71.0
196 193 35.0
197 11 85.0
197 37 56.0
197 49 49.0
197 79 88.0
197 88 79.0
197 98 59.0
197 124 33.0
197 135 78.0
197 24 2.0
197 39 71.0
197 70 22.0
197 115 17.0
197 162 74.0
198 42 99.0
198 58 40.0
198 113 26.0
198 139 67.0
199 6 99.0
199 9 2.0
199 35 41.0
199 38 46.0
199 47 78.0
199 51 97.0
199 106 75.0
199 114 5.0
199 116 95.0
199 133 14.0
199 154 96.0
199 155 14.0
199 167 7.0
200 6 85.0
200 21 15.0
200 28 30.0
200 45 50.0
200 47 67.0
200 77 73.0
200 80 12.0
200 95 87.0
200 96 25.0
200 142 10.0
200 155 87.0
200 167 4.0
200 190 99.0
