113.59945426124627 159.95830361227502 0.0
145.45345993320035 106.35528916744774 0.0
85.21059411897687 131.17321775685807 0.0
114.9548546156935 18.09793641222235 0.0
160.9637402921487 29.209597545335587 0.0
92.42348665914038 30.684694678145007 0.0
26.24105115098907 60.111935307373884 0.0
176.65931679019937 188.09982065180807 0.0
135.94434752883018 80.67220968813311 0.0
198.7479236529744 150.07374582163413 0.0
142.5815576849295 136.32893856367696 0.0
10.521092291750843 27.13076350376349 0.0
85.77075699227382 176.91597964483165 0.0
142.65342278521788 95.47925027905822 0.0
162.1864403708034 50.97525603098361 0.0
35.501554019452584 71.071850831241 0.0
83.4492405622593 169.38647234417562 0.0
199.8942986240848 102.82705646792132 0.0
199.18691254924926 150.35618978814824 0.0
100.43351113769299 56.91776843355254 0.0
113.4708887860754 110.34743954607072 0.0
70.46703834830342 7.196313431607826 0.0
55.05932773233748 49.32031808823625 0.0
165.74670893914774 121.23966793680569 0.0
175.3541446879228 193.69294140588198 0.0
142.8858630271975 137.1624945704018 0.0
42.70602315925353 6.721271381102456 0.0
109.08248137870982 163.2598473985837 0.0
77.67803873574941 53.53533862001267 0.0
31.17555200231672 0.7053124773333863 0.0
131.1050234619416 16.85850457499738 0.0
14.953836930500607 188.9445053927434 0.0
45.2624043138206 99.47540218417386 0.0
69.73782629646061 104.08787044418877 0.0
58.18482157666423 20.803327842300632 0.0
158.60717869890365 102.52080722383738 0.0
112.15131505136607 17.4608243035987 0.0
101.24749831403167 95.11320621321744 0.0
109.58054120922485 91.51642325675233 0.0
144.24195284682065 61.82451458665306 0.0
123.05598610270268 15.139328312778733 0.0
142.73465544635548 72.16456906952516 0.0
110.92765775667328 96.66315278064968 0.0
107.74445160406539 163.8844426523492 0.0
15.913420962310699 40.61268051548601 0.0
165.00915786159345 150.43562012235608 0.0
31.349592424054173 193.0328208143858 0.0
144.0920246859596 77.14996162401202 0.0
108.21700567712713 53.4978390555614 0.0
70.58362421557032 26.756811933634907 0.0
45.79539071168877 156.46823705993347 0.0
169.5839626379501 86.76785293671092 0.0
159.77533650988187 77.20144289145294 0.0
5.251255598599847 134.42424314021616 0.0
153.88377765980866 1.211759301928761 0.0
79.05525378224634 69.31469095127642 0.0
34.555517188411585 11.313966882067493 0.0
188.47464314242464 29.43716823228948 0.0
102.9097488719675 192.57407990156935 0.0
108.22955725845247 163.39105286629965 0.0
34.2671983837314 33.02975052726842 0.0
97.74189619130797 99.55047154543377 0.0
12.670083581364855 6.832044385460345 0.0
161.36754168012868 152.48381859465908 0.0
26.343546377967854 66.49912951303456 0.0
92.04630947708404 137.54832586190315 0.0
149.76390152860534 42.2617107903257 0.0
114.36690060681735 26.502763491294278 0.0
138.9754836003906 49.01897744239303 0.0
9.645764641172704 170.14529848503875 0.0
149.02458882026608 135.21290089281487 0.0
153.47027332962352 38.397710148880535 0.0
45.855368621136435 172.96785858993516 0.0
125.25823504509353 183.921123692273 0.0
29.73932331527238 185.13151904054834 0.0
59.73733299605284 22.262527084742633 0.0
113.28640612679976 132.39207074882177 0.0
101.8495370584206 39.69545658468447 0.0
4.312439771836285 42.43588226305073 0.0
199.43728994370596 189.3321645397399 0.0
132.3140423843333 53.14880135982878 0.0
22.16960884886232 116.74878998566705 0.0
127.02889063393133 63.153282244419316 0.0
30.518020114468957 68.27901670257694 0.0
8.535572642440382 35.51268046168765 0.0
35.19360440467116 78.29581513400043 0.0
80.57406802203235 184.22306604974378 0.0
185.30816625657823 106.21487061572967 0.0
32.24420256585767 88.15195216215577 0.0
2.6239988774482415 199.6174868000408 0.0
47.96621151465574 23.372469598169808 0.0
39.60832194841926 96.80462527819644 0.0
1.5638899894893532 82.3805168766326 0.0
180.60998850520025 150.25801843602147 0.0
67.5576598348474 157.4714565019521 0.0
128.3276983055029 51.89812911811511 0.0
121.2310824279219 5.5921271285176655 0.0
21.84042441708025 171.69306351883424 0.0
118.76123510314778 183.27279775450555 0.0
17.822405756219162 183.0862910382497 0.0
49.67974368250518 42.78294296452647 0.0
33.16653824769629 41.87537277127487 0.0
36.1578970717751 14.443673199005612 0.0
95.0916598507294 109.58779085564534 0.0
117.08579839257476 65.06871934834754 0.0
73.91068247114193 68.06408358234246 0.0
199.64209458235547 118.79501386927065 0.0
183.98814928684158 58.87257861112616 0.0
187.02736552125904 154.1028688387597 0.0
130.01737765530322 199.34400730849913 0.0
198.26088758694794 49.61486464435993 0.0
148.59880508177147 76.4284632379608 0.0
84.41688727070445 41.301670425476765 0.0
49.20288805648052 0.24107822706009863 0.0
115.40319991946717 75.01196991734322 0.0
93.95224930677 111.07700539734408 0.0
162.36154378867153 190.78283355616787 0.0
172.2595805019761 76.84024786723353 0.0
132.99542069851663 159.17589599234674 0.0
24.209119100152023 92.24497771711653 0.0
30.608091453774055 104.92371355989472 0.0
45.67131033242824 196.81207640683203 0.0
2.3595878888634347 199.45989142021457 0.0
68.49159951000298 165.59763555357674 0.0
118.2284778484109 81.44538899053002 0.0
50.69611468351669 194.75426164680712 0.0
179.3904329973295 73.19275279329136 0.0
34.508317668731635 103.44007790408551 0.0
193.2023786572433 100.92886580295995 0.0
34.072425586381414 4.254367682441984 0.0
71.70751297974938 98.12595234396125 0.0
100.13092738039671 156.29289241648473 0.0
11.552981288061105 173.66968594086032 0.0
75.50504591347666 8.079968451378905 0.0
95.43870982488545 160.4222367529203 0.0
103.07859771773647 62.04839243523601 0.0
118.69224538950928 124.77714415408829 0.0
177.08722730907274 147.90252043138176 0.0
89.2912896192801 14.092050369365516 0.0
138.86665573367512 179.11365046111553 0.0
75.63186820497074 46.42436231227316 0.0
109.81495455032793 84.96115433603575 0.0
83.5668715943931 105.78387154967159 0.0
27.1756490382987 159.9466255335567 0.0
32.71623411090838 96.15556659367921 0.0
102.3498157112784 153.07265090745213 0.0
71.776408062921 128.83488535219624 0.0
56.7970500338685 31.391566560735097 0.0
23.53360161093687 170.1566454525707 0.0
107.18664155182299 95.39388453149651 0.0
82.51160174156801 160.48808874536604 0.0
69.31189885130311 198.22002039892675 0.0
1.66172219730778 30.39540079937715 0.0
29.38217578487685 26.342938679847204 0.0
99.22885093635323 86.18222325447698 0.0
191.6585754882583 136.28363713704596 0.0
92.90422928769779 114.53769099629463 0.0
153.0010505408549 110.08515157242815 0.0
25.602093953426607 64.82063865494261 0.0
177.74601458351373 191.68505221406272 0.0
185.67395737631273 107.54562329276503 0.0
50.43527056812933 96.9903929220707 0.0
144.1007132469364 38.92547220661113 0.0
169.26853991675023 152.37306911764364 0.0
32.17951917638402 3.864231231931825 0.0
109.75348793920377 109.46773925786543 0.0
165.44879765123093 143.5832872700191 0.0
135.87865442016812 108.56841186090394 0.0
83.07133516574146 39.10267395310865 0.0
65.23633785647314 118.58387104080023 0.0
16.62202900718097 118.08847980328146 0.0
104.87395236021845 168.42631419898245 0.0
128.203382217778 120.11641229286867 0.0
166.25402643022835 2.8713963210487803 0.0
165.03836785026888 74.19070833919454 0.0
140.55447308461933 45.34216858872644 0.0
66.16693172541221 32.39643288246219 0.0
69.64246933498201 130.73335709528004 0.0
126.5988834463843 24.852550143006958 0.0
83.40667640397466 183.30644671890218 0.0
175.25251260792564 153.67191702964126 0.0
190.73422139060517 57.85020804997201 0.0
55.234898372624144 27.423682363802637 0.0
109.270372414213 136.71526511594675 0.0
108.49630553328807 52.63246879596668 0.0
98.20041699819745 180.99545381364263 0.0
161.61775269590214 45.13778938983477 0.0
18.644778378582274 171.0426988741994 0.0
85.46732146502085 1.6763065082564976 0.0
187.86003449287082 39.66625079525834 0.0
158.6873922193359 80.83851161203255 0.0
16.290001202748172 100.78120062435111 0.0
3.4515008307538064 82.59050678327735 0.0
120.61265218930446 6.935182083474922 0.0
181.65609329979708 186.84062041474158 0.0
191.2801732560281 31.05631570590175 0.0
40.6890700302486 14.069665071202731 0.0
159.6510315339929 160.92948317176518 0.0
80.14347953276162 4.832697345017167 0.0
157.66450579963742 119.32198658236976 0.0
174.32134969457277 79.97918547657726 0.0
192.10969066969724 178.34396423699067 0.0
30.099197942141174 139.72759317661502 0.0
165.8924952255613 123.54263895516102 0.0
85.70329329966879 187.26943422220873 0.0
70.30581723706592 141.3938724638015 0.0
63.16938165902659 121.36685690314665 0.0
45.15954487681177 153.2683619863502 0.0
175.73800270006603 132.44703060948777 0.0
157.7286554067286 199.61392375114414 0.0
161.16327715783797 157.9854416689833 0.0
186.82922722187098 90.00940935895252 0.0
62.889455972613085 5.509523251602211 0.0
14.933729377875181 77.90981732871869 0.0
13.27614664253398 135.34290002411714 0.0
29.088513229073865 193.31623970762405 0.0
186.5297105272555 110.24968818024286 0.0
10.49807856975864 72.26838960397588 0.0
183.72482514149198 165.42735912028627 0.0
152.9920789747888 58.97138722336077 0.0
188.27684816717468 29.835695112151562 0.0
92.19277584505 24.532763980862615 0.0
87.45210399847166 38.63845694213377 0.0
150.05208338637607 145.69941523780588 0.0
193.9798550198554 116.57342466970817 0.0
3.5289859478710106 17.64865148079029 0.0
21.55619961886861 183.35557340407487 0.0
71.52960016947193 136.80115269365228 0.0
169.0067670963912 134.75715452970098 0.0
80.83381910415565 182.7881097332026 0.0
150.10159985807633 186.79754783745528 0.0
119.58392347699218 53.11852144104594 0.0
169.4922401279241 35.51485408110948 0.0
16.012196734030603 59.756994142371454 0.0
189.9674738954726 181.08013772252025 0.0
90.43608087113104 83.73618555891547 0.0
162.20090274873385 92.55441136428904 0.0
20.151027437233115 2.0923447228049508 0.0
195.3899573523589 48.37751002755775 0.0
129.70271204098862 150.82623378358622 0.0
135.6626144219709 77.7169230939091 0.0
73.12189082974731 168.2559647616372 0.0
88.85452680957478 49.09395891497403 0.0
10.056654277683297 75.0422171406872 0.0
75.23600654905722 5.243411771169915 0.0
194.33854676418673 90.3304452311969 0.0
35.99470544765819 126.9521635284073 0.0
191.3703976399303 57.8687215702707 0.0
24.756459451187872 23.661149861481757 0.0
119.82543025920067 61.62387769908011 0.0
12.153395921660692 194.9041393875019 0.0
173.4987016381115 47.33278423010814 0.0
107.42480574710673 84.19587606697638 0.0
20.753463081478074 34.58951412927147 0.0
158.26303599988807 155.77125223874552 0.0
101.85667495061593 3.4833556188230697 0.0
28.593027554529794 64.61611198224189 0.0
148.5994093608512 170.4665969501304 0.0
173.70086860832757 61.519470240733696 0.0
35.94944459758773 130.04508491138725 0.0
33.10314714230671 77.4159163167145 0.0
142.08497356173865 32.048669936850494 0.0
43.77554118154181 65.07609667239372 0.0
141.00977718062154 188.6526708817754 0.0
139.83561273336468 141.24218215410588 0.0
181.0519829303707 60.985544110376686 0.0
49.5013274519063 68.59428272217033 0.0
112.8998546094637 62.07203941402724 0.0
126.12341037796368 44.472905329383686 0.0
22.42982442883075 31.025206848646846 0.0
57.31617316692568 22.071534234498856 0.0
196.43344026438987 182.81456166430644 0.0
184.6881007792948 79.85250704194104 0.0
3.4514291015236953 18.601957190618613 0.0
136.39985439615754 76.22846577796851 0.0
7.274755734490301 93.55062304903667 0.0
25.754171433376037 179.0905866314094 0.0
147.2740260391689 82.17695569116867 0.0
1.248475249452774 43.55407998649501 0.0
17.570180400895865 55.72873476996312 0.0
46.99774352285164 26.330263630672125 0.0
156.16095441558085 91.7374434951187 0.0
27.161565355834895 71.42377338384054 0.0
15.469214704581447 72.80646079831587 0.0
43.98610886326899 179.3924298882367 0.0
127.38075427221858 199.86095756927426 0.0
36.29803521716606 81.19636601430977 0.0
98.69077317418015 144.4994250446141 0.0
183.76417657457412 77.70211408789093 0.0
76.97977237170284 95.75069990318343 0.0
101.95720657255445 177.1963754614702 0.0
12.291175037755275 18.45463140315211 0.0
14.244157254903357 65.80323922466525 0.0
6.584576810971909 33.64834738436571 0.0
68.74121910101867 79.48779830505397 0.0
90.79003111429782 155.7543420261962 0.0
132.05473569276714 11.367979835374943 0.0
98.39040032399815 77.03056893719511 0.0
136.25500526638936 84.34565089032826 0.0
114.81030689204583 76.65677482914019 0.0
181.50593025459995 146.6070308352033 0.0
73.49185977113581 49.995478516659354 0.0
104.00014506277655 106.33149520718854 0.0
42.3887798609025 102.9798789926931 0.0
107.32596299946309 11.986990288250809 0.0
198.71223283978355 137.24527713513368 0.0
125.11877607330611 5.8792449666291935 0.0
25.113163555468997 163.53440624998007 0.0
33.826343128222035 31.16112176991166 0.0
77.08749027960022 124.07134082559772 0.0
66.6438929521949 56.29744935963927 0.0
169.2421357474783 179.01256801706788 0.0
193.15140288236663 96.01975080306708 0.0
7.161375127769909 117.74798238745963 0.0
23.91223111437808 54.09435703675884 0.0
151.9645417540302 192.73849764491266 0.0
175.26857343641467 190.76651483235688 0.0
146.24778238185152 41.741187031783845 0.0
186.795980825907 26.531962263691856 0.0
52.953984968439286 63.686782519266806 0.0
22.35562946825396 133.92680019467315 0.0
162.81666352048344 44.13851251918337 0.0
105.4096203566465 140.3153044987724 0.0
11.375106872534868 188.17531359874914 0.0
140.24116759962203 167.19448869258983 0.0
113.15969293820116 11.706440496127811 0.0
52.94808607628381 65.32330232383494 0.0
168.49774926571533 166.6386947658738 0.0
49.554533980033064 170.0233815015426 0.0
127.49202053241844 30.981406875831176 0.0
33.312548783668625 97.287305057434 0.0
6.075287558549958 181.88848193298315 0.0
49.241488558093714 128.8694751715369 0.0
140.6462506512821 87.80081138051585 0.0
31.180015640612257 193.32365639300906 0.0
40.64338002029597 105.26647788660337 0.0
115.10185260595505 139.99039337920613 0.0
152.5150029328897 146.68016405575898 0.0
152.17307617399754 124.22653236709465 0.0
83.89538159498788 197.09733642089026 0.0
6.005348064688287 74.70816260204202 0.0
153.3982384579476 1.4427180475495183 0.0
150.78592678070885 197.4272690240168 0.0
129.29062396209946 117.84676283844506 0.0
0.44195127225419295 86.04164580143245 0.0
99.41161584927502 138.5077717847367 0.0
93.72306819515521 54.52642569089865 0.0
175.0519400965383 16.391488373246 0.0
136.0629294087176 185.61485357876714 0.0
173.11214865708303 104.24391386157525 0.0
156.30679396261976 97.30489012649987 0.0
143.70850834410265 111.80734584711007 0.0
74.86887476979712 169.7473470534667 0.0
14.497379489602281 117.79347273920331 0.0
199.60979732298222 146.12021632341575 0.0
108.3404076782058 35.081652426637255 0.0
166.7009424563041 23.633084547529993 0.0
57.53435861926519 120.77438346599705 0.0
25.969135247453103 184.59445205332906 0.0
85.68109177433212 47.15614185543298 0.0
133.69159615974806 182.51383542837166 0.0
157.37464401413294 105.26577674900525 0.0
60.5377682543909 94.49974677262072 0.0
106.2339783628186 99.70674292564408 0.0
48.3310244182956 78.75349382303575 0.0
143.41158221256663 11.483483204898715 0.0
56.529975841600624 134.74796270536126 0.0
121.55949411676073 155.06639142930806 0.0
127.8055811971913 53.71955115612374 0.0
183.3361451053614 136.5517387511279 0.0
71.81683486874664 168.39050670529903 0.0
158.88873726296535 31.697185764595392 0.0
117.26440869747974 163.37790674256297 0.0
93.34754181020803 45.777339100020264 0.0
14.52808605925291 91.53471747257689 0.0
183.22010860356258 91.61810472988363 0.0
84.67055601400193 56.50731264045634 0.0
179.67484046956525 27.832465241517234 0.0
105.31654168265207 168.08294377040627 0.0
177.05502992283192 136.19450976389197 0.0
99.89282456219478 154.43972587245526 0.0
46.56592793528414 185.25248003134703 0.0
53.94142068151755 24.20070037149429 0.0
197.92913771975725 126.69577980491707 0.0
120.69455107665483 11.232755442419617 0.0
55.89995127398453 101.6548864778943 0.0
197.8267061894118 106.42000310678259 0.0
23.89509061237618 196.0271773477613 0.0
58.275664899239786 183.18051748894212 0.0
173.57958246757002 77.08574337421442 0.0
100.25088041154595 57.284265275944925 0.0
47.11332023990889 68.04235794638733 0.0
45.02416926490738 186.56909941354587 0.0
187.85928749578417 172.89977506205344 0.0
155.8242763558479 112.44091788696313 0.0
125.70692510349313 50.84265005309598 0.0
177.13338181294944 172.58290311176518 0.0
134.76591882345298 157.5804068993283 0.0
0.9102389634766839 73.08805104760965 0.0
154.03695819535685 20.469420584714058 0.0
54.74112724518836 198.26812923967904 0.0
15.76780204850332 94.90600941152766 0.0
176.6464260235638 57.681285169755924 0.0
161.5544285566597 61.3957380432077 0.0
92.24715626403241 22.459632410972418 0.0
142.84864318398294 165.8685782281401 0.0
142.22240416831642 86.8071678192189 0.0
0.38514095396562364 80.22364113062734 0.0
21.46504778695073 5.577419687907348 0.0
96.14243180052017 165.7511014921312 0.0
186.06989864546878 5.129336164503284 0.0
131.80376683026685 158.99316955150346 0.0
60.264804495270894 142.19898500837604 0.0
129.2856739530294 167.7698612150857 0.0
32.62185365433383 94.31362313797835 0.0
71.7532692304063 64.50950815596639 0.0
69.36246874931784 105.3138368490371 0.0
107.64312564775223 94.68794857824336 0.0
192.29660084767957 180.8385007448073 0.0
105.56601078182489 180.09442346845174 0.0
69.91291975396494 31.16634471148114 0.0
114.56333544146648 189.8062113398371 0.0
152.36338666299807 92.59696859771047 0.0
132.04279111011854 176.1682617988777 0.0
144.56215963510635 23.593260241311455 0.0
110.8201892806944 28.73787013559548 0.0
156.34545922784412 168.19620511695808 0.0
147.04600120930104 186.06880272009678 0.0
194.61531636634714 6.762087740917111 0.0
82.39679448494851 163.37311272990164 0.0
169.6170653405911 172.86125487656312 0.0
126.76322310264278 103.51310746840647 0.0
75.97662799305236 5.216586870135176 0.0
161.76783190685393 139.4398568108701 0.0
78.85048823582328 24.848919034342277 0.0
120.79747870525983 68.10877675032683 0.0
86.51764354363269 180.1356851135912 0.0
57.836756386552324 79.06694717346672 0.0
22.96946024443558 186.27819534250497 0.0
15.240380228400841 55.32067555604237 0.0
27.52990358509151 0.7119531688119851 0.0
179.6839879442717 69.75608964264208 0.0
3.265171954742452 22.283448087483592 0.0
75.88446203252856 137.29955585399424 0.0
111.91832836213003 179.5560534542353 0.0
89.28240379300985 51.1686549602691 0.0
170.3311091666549 82.3965844202077 0.0
31.73089411507899 30.978704802477797 0.0
41.79159286811325 51.03321803366194 0.0
168.33637643322726 141.13373396400897 0.0
35.47303312254342 108.06449342145687 0.0
108.94888247196913 199.84491971262824 0.0
28.105715297077083 121.43818552778458 0.0
34.400574034182306 192.28360857433532 0.0
104.25023844929709 20.20797220943105 0.0
75.44295800885273 25.790034256198012 0.0
175.0171397151952 169.9147144041 0.0
91.43482349810111 20.722917099828187 0.0
79.80448923181622 190.72843566730842 0.0
6.184448810381582 17.449289701928116 0.0
101.60149320728667 129.02600237805885 0.0
49.95122111937551 198.1377692740506 0.0
33.63273636001003 151.86859684502647 0.0
129.46332999289177 71.43276524310329 0.0
123.59437135247255 23.882226174307398 0.0
101.90981656695651 148.75103439982408 0.0
191.45995845500786 147.3334161031724 0.0
164.21677724121056 52.85608520417211 0.0
167.81031887351753 98.7314583651855 0.0
85.51907745387788 142.53008036595625 0.0
31.86836511722271 179.07754926658598 0.0
8.590583982332522 11.576758750052818 0.0
41.89628033781037 109.92022172893515 0.0
25.09733654243962 26.05322714537277 0.0
45.33917516187289 53.665582424748614 0.0
89.88977276700933 0.5422730284581956 0.0
132.07576971090583 14.129912512809263 0.0
81.1516151135008 182.4410956821596 0.0
151.36324881773572 182.11120467040652 0.0
136.07460998583358 112.65630579967323 0.0
51.540044071394874 130.79535155341986 0.0
195.82989490830892 61.75918581192435 0.0
21.276817847178098 137.10169433035358 0.0
178.95826061354526 2.569209776557324 0.0
12.142463232799994 107.61173189241747 0.0
168.90323068119957 73.29788349449235 0.0
4.478576171959814 21.513883390866795 0.0
49.26237704476038 9.799100456534116 0.0
142.052333992308 68.03617266600908 0.0
149.43386964890874 81.13615500742543 0.0
5.684337709952159 152.12788179440375 0.0
73.68684232357299 49.58972798054686 0.0
22.024487807262403 169.6901642976844 0.0
178.2856759975163 194.3951745729773 0.0
110.87558212179587 12.444793365281148 0.0
134.14991563663042 87.91144542923294 0.0
162.94082356400187 52.569140104631 0.0
66.6330639856655 193.5881833001089 0.0
9.598057919738089 78.51470951129176 0.0
99.35504954596477 67.01146154187599 0.0
