1 43 50.0
1 127 3.0
1 159 31.0
1 186 14.0
1 42 44.0
1 71 23.0
1 153 44.0
1 181 11.0
2 11 85.0
2 19 67.0
2 72 17.0
2 143 42.0
2 149 34.0
2 160 45.0
2 194 9.0
2 196 18.0
3 5 98.0
3 13 4.0
3 81 15.0
3 90 60.0
3 107 52.0
3 113 90.0
3 122 11.0
3 131 61.0
3 174 39.0
3 178 86.0
4 10 76.0
4 14 31.0
4 17 42.0
4 18 65.0
4 41 95.0
4 51 77.0
4 73 65.0
4 80 11.0
4 98 38.0
4 100 87.0
4 115 29.0
4 116 4.0
4 133 40.0
4 135 32.0
4 136 35.0
4 140 23.0
4 144 90.0
4 147 45.0
4 152 51.0
4 154 24.0
4 161 34.0
4 164 94.0
4 169 5.0
4 180 81.0
4 184 47.0
4 189 20.0
5 3 75.0
5 13 23.0
5 15 93.0
5 26 7.0
5 29 43.0
5 95 73.0
5 112 58.0
5 113 52.0
5 122 26.0
5 131 45.0
5 176 91.0
5 177 51.0
5 197 29.0
5 198 19.0
6 56 27.0
6 170 23.0
6 10 18.0
6 44 69.0
6 67 35.0
6 85 25.0
6 98 10.0
6 108 41.0
6 154 22.0
6 185 2.0
7 49 74.0
7 60 20.0
7 69 31.0
7 74 73.0
7 76 33.0
7 84 12.0
7 117 89.0
7 119 66.0
7 126 45.0
7 128 87.0
7 142 43.0
7 146 27.0
7 172 68.0
7 183 76.0
7 190 13.0
7 192 96.0
7 193 84.0
7 195 27.0
8 41 89.0
8 73 59.0
8 100 1.0
8 102 13.0
8 115 83.0
8 133 18.0
8 140 40.0
8 184 50.0
9 38 73.0
9 155 64.0
9 40 48.0
9 54 4.0
9 55 52.0
9 58 41.0
9 59 65.0
9 144 41.0
9 158 27.0
10 4 92.0
10 6 36.0
10 14 8.0
10 17 4.0
10 18 50.0
10 30 53.0
10 44 73.0
10 51 12.0
10 67 29.0
10 80 41.0
10 85 58.0
10 98 63.0
10 108 9.0
10 116 59.0
10 136 73.0
10 147 7.0
10 152 85.0
10 154 74.0
10 161 37.0
10 164 22.0
10 169 96.0
10 171 63.0
10 189 95.0
11 2 79.0
11 19 34.0
11 143 72.0
11 149 90.0
11 196 47.0
12 32 98.0
12 47 72.0
12 65 87.0
12 78 31.0
12 82 21.0
12 88 22.0
12 125 99.0
12 128 13.0
12 172 5.0
13 3 85.0
13 5 54.0
13 26 33.0
13 29 19.0
13 89 22.0
13 90 97.0
13 113 65.0
13 122 98.0
13 131 64.0
13 174 57.0
13 176 20.0
13 178 26.0
14 4 72.0
14 10 18.0
14 17 8.0
14 18 37.0
14 30 67.0
14 36 18.0
14 51 10.0
14 80 7.0
14 98 47.0
14 108 16.0
14 116 79.0
14 136 44.0
14 147 62.0
14 154 91.0
14 161 43.0
14 164 34.0
14 169 59.0
14 171 78.0
14 180 39.0
14 189 83.0
15 5 19.0
15 57 38.0
15 66 78.0
15 70 83.0
15 95 69.0
15 104 37.0
15 112 7.0
15 131 83.0
15 176 33.0
15 177 11.0
15 197 86.0
15 198 85.0
15 52 71.0
16 32 29.0
16 37 11.0
16 61 11.0
16 65 49.0
16 88 42.0
16 96 26.0
16 103 36.0
16 179 51.0
17 4 91.0
17 10 31.0
17 14 34.0
17 18 77.0
17 30 84.0
17 51 86.0
17 80 19.0
17 85 16.0
17 98 66.0
17 108 63.0
17 115 21.0
17 116 26.0
17 135 43.0
17 136 50.0
17 144 3.0
17 147 36.0
17 152 56.0
17 154 24.0
17 161 52.0
17 164 86.0
17 169 13.0
17 180 87.0
17 189 95.0
18 4 45.0
18 10 67.0
18 14 70.0
18 17 56.0
18 30 44.0
18 36 98.0
18 51 96.0
18 80 87.0
18 98 86.0
18 108 19.0
18 116 26.0
18 136 87.0
18 147 15.0
18 154 87.0
18 161 67.0
18 164 11.0
18 169 17.0
18 171 12.0
18 180 13.0
18 189 10.0
19 2 17.0
19 11 88.0
19 20 93.0
19 23 87.0
19 33 80.0
19 46 77.0
19 64 40.0
19 72 56.0
19 149 24.0
19 160 83.0
19 194 96.0
19 196 54.0
20 19 38.0
20 31 60.0
20 33 2.0
20 46 76.0
20 48 76.0
20 62 32.0
20 64 30.0
20 72 83.0
20 149 5.0
20 157 97.0
20 160 81.0
20 194 91.0
21 86 34.0
21 87 30.0
21 121 56.0
21 123 41.0
21 134 27.0
21 162 9.0
21 165 70.0
21 199 16.0
21 200 99.0
21 71 25.0
21 109 38.0
21 153 42.0
22 43 9.0
22 63 91.0
22 81 37.0
22 83 23.0
22 86 48.0
22 87 19.0
22 106 83.0
22 121 97.0
22 123 63.0
22 127 3.0
22 130 15.0
22 134 58.0
22 159 36.0
22 162 31.0
22 167 18.0
22 187 80.0
23 19 57.0
23 33 68.0
23 42 89.0
23 46 26.0
23 64 88.0
23 149 89.0
23 194 94.0
23 196 23.0
24 28 61.0
24 163 39.0
24 174 11.0
24 178 11.0
25 29 70.0
25 89 75.0
25 113 59.0
25 176 48.0
25 75 39.0
25 92 4.0
25 97 46.0
25 126 99.0
25 129 2.0
25 166 46.0
25 173 23.0
26 5 93.0
26 13 25.0
26 29 11.0
26 89 66.0
26 90 20.0
26 113 77.0
26 122 97.0
26 131 16.0
26 174 65.0
26 176 78.0
27 104 73.0
27 150 25.0
27 186 18.0
27 191 79.0
27 145 59.0
27 181 31.0
27 188 54.0
27 139 24.0
28 24 47.0
28 163 63.0
28 174 27.0
28 178 22.0
29 5 14.0
29 13 69.0
29 25 79.0
29 26 96.0
29 89 14.0
29 90 63.0
29 112 11.0
29 113 43.0
29 122 97.0
29 131 49.0
29 176 53.0
29 177 61.0
29 198 3.0
29 75 29.0
29 129 80.0
30 10 44.0
30 14 27.0
30 17 47.0
30 18 82.0
30 36 84.0
30 44 44.0
30 51 68.0
30 80 16.0
30 108 44.0
30 136 38.0
30 164 77.0
30 169 51.0
30 171 59.0
30 180 31.0
30 189 95.0
31 20 44.0
31 33 86.0
31 48 56.0
31 56 32.0
31 64 39.0
31 79 23.0
31 156 16.0
31 170 94.0
31 185 56.0
32 12 35.0
32 16 18.0
32 37 22.0
32 60 82.0
32 65 23.0
32 78 10.0
32 82 94.0
32 88 59.0
32 96 20.0
32 103 15.0
32 110 24.0
32 142 81.0
32 172 7.0
32 179 20.0
32 192 66.0
33 19 96.0
33 20 51.0
33 23 50.0
33 31 91.0
33 46 98.0
33 48 43.0
33 62 59.0
33 64 29.0
33 72 99.0
33 149 95.0
33 160 92.0
33 194 97.0
34 39 17.0
34 41 23.0
34 73 25.0
34 100 21.0
34 102 22.0
34 138 65.0
34 140 92.0
34 148 25.0
34 168 46.0
34 175 64.0
34 184 4.0
35 57 93.0
35 70 91.0
35 191 4.0
35 52 2.0
35 53 5.0
35 68 92.0
35 74 37.0
35 76 78.0
35 101 8.0
35 114 90.0
35 117 44.0
35 120 81.0
35 146 85.0
35 183 37.0
35 190 90.0
35 193 24.0
35 58 67.0
36 14 18.0
36 18 64.0
36 30 25.0
36 39 74.0
36 41 81.0
36 51 26.0
36 80 26.0
36 100 93.0
36 136 19.0
36 138 91.0
36 147 4.0
36 148 81.0
36 164 59.0
36 169 67.0
36 171 59.0
36 175 46.0
36 180 81.0
36 189 11.0
37 16 23.0
37 32 65.0
37 61 25.0
37 88 16.0
37 96 6.0
37 103 34.0
37 132 32.0
37 141 87.0
37 179 51.0
38 68 57.0
38 74 64.0
38 110 88.0
38 117 2.0
38 132 63.0
38 142 71.0
38 155 12.0
38 190 45.0
38 192 10.0
38 9 89.0
38 54 78.0
38 58 52.0
38 158 48.0
39 34 50.0
39 36 10.0
39 41 5.0
39 73 5.0
39 100 8.0
39 102 88.0
39 138 33.0
39 140 36.0
39 148 69.0
39 151 94.0
39 168 2.0
39 175 7.0
39 180 89.0
39 184 26.0
40 9 80.0
40 45 60.0
40 54 41.0
40 55 55.0
40 58 99.0
40 59 51.0
40 77 65.0
40 93 56.0
40 98 54.0
40 116 6.0
40 118 66.0
40 124 91.0
40 135 35.0
40 139 12.0
40 144 21.0
40 152 60.0
40 154 82.0
40 161 46.0
40 182 2.0
41 4 46.0
41 8 27.0
41 34 66.0
41 36 91.0
41 39 33.0
41 51 67.0
41 73 7.0
41 80 26.0
41 100 99.0
41 102 57.0
41 115 75.0
41 138 54.0
41 140 27.0
41 147 91.0
41 148 39.0
41 164 21.0
41 168 32.0
41 169 9.0
41 175 40.0
41 180 70.0
41 184 32.0
41 189 43.0
42 1 25.0
42 23 46.0
43 22 57.0
43 63 83.0
43 81 81.0
43 83 45.0
43 104 24.0
43 127 72.0
43 130 47.0
43 159 55.0
43 186 77.0
43 1 12.0
43 181 89.0
44 79 91.0
44 170 47.0
44 6 32.0
44 10 86.0
44 30 77.0
44 85 36.0
44 108 35.0
44 171 21.0
45 111 10.0
45 40 8.0
45 55 71.0
45 67 33.0
45 77 91.0
45 93 49.0
45 98 39.0
45 116 31.0
45 118 34.0
45 124 79.0
45 135 78.0
45 139 34.0
45 144 32.0
45 152 50.0
45 154 37.0
45 161 82.0
45 182 5.0
46 19 62.0
46 20 98.0
46 23 97.0
46 33 28.0
46 48 77.0
46 64 56.0
46 72 74.0
46 149 63.0
46 160 46.0
46 194 71.0
47 12 37.0
47 49 52.0
47 65 79.0
47 69 76.0
47 78 68.0
47 82 77.0
47 94 62.0
47 128 63.0
47 137 26.0
48 20 35.0
48 31 36.0
48 33 98.0
48 46 99.0
48 56 41.0
48 62 23.0
48 64 87.0
49 7 86.0
49 47 75.0
49 69 12.0
49 78 72.0
49 84 27.0
49 92 27.0
49 94 96.0
49 97 41.0
49 126 46.0
49 128 39.0
49 137 80.0
49 172 3.0
49 195 39.0
50 63 54.0
50 106 55.0
50 107 90.0
50 123 26.0
50 163 48.0
50 167 95.0
50 187 94.0
51 4 20.0
51 10 26.0
51 14 92.0
51 17 6.0
51 18 45.0
51 30 80.0
51 36 7.0
51 41 34.0
51 80 49.0
51 100 39.0
51 108 8.0
51 136 8.0
51 138 64.0
51 147 44.0
51 164 20.0
51 169 95.0
51 171 91.0
51 175 61.0
51 180 93.0
51 189 79.0
52 15 91.0
52 57 99.0
52 66 77.0
52 70 33.0
52 95 92.0
52 112 47.0
52 150 84.0
52 177 65.0
52 191 28.0
52 197 31.0
52 198 92.0
52 35 91.0
52 53 85.0
52 68 27.0
52 76 41.0
52 101 52.0
52 114 25.0
52 117 98.0
52 120 61.0
52 146 48.0
52 183 93.0
52 193 89.0
53 70 84.0
53 150 9.0
53 191 89.0
53 188 33.0
53 35 55.0
53 52 62.0
53 68 56.0
53 76 42.0
53 101 8.0
53 114 22.0
53 117 46.0
53 120 26.0
53 146 38.0
53 190 3.0
53 193 27.0
53 58 29.0
54 38 27.0
54 155 70.0
54 9 43.0
54 40 55.0
54 55 91.0
54 58 90.0
54 59 30.0
54 158 25.0
55 9 40.0
55 40 3.0
55 45 78.0
55 54 37.0
55 58 22.0
55 59 40.0
55 77 61.0
55 93 52.0
55 98 18.0
55 116 33.0
55 135 56.0
55 144 93.0
55 152 81.0
55 161 26.0
55 182 65.0
56 31 76.0
56 48 45.0
56 79 54.0
56 111 27.0
56 156 81.0
56 170 50.0
56 6 97.0
56 67 42.0
56 85 83.0
56 185 78.0
57 15 36.0
57 66 54.0
57 70 11.0
57 95 33.0
57 112 94.0
57 177 54.0
57 191 38.0
57 197 90.0
57 198 72.0
57 35 7.0
57 52 65.0
57 76 85.0
57 101 71.0
57 114 34.0
57 120 87.0
57 129 21.0
57 183 71.0
57 193 96.0
58 188 96.0
58 35 68.0
58 38 14.0
58 53 24.0
58 68 51.0
58 9 53.0
58 40 14.0
58 54 76.0
58 55 39.0
58 59 89.0
58 139 4.0
59 155 90.0
59 9 9.0
59 40 85.0
59 54 33.0
59 55 88.0
59 58 93.0
59 116 94.0
59 135 75.0
59 144 90.0
59 152 84.0
59 158 68.0
60 7 75.0
60 32 30.0
60 69 59.0
60 74 6.0
60 78 59.0
60 84 98.0
60 110 92.0
60 117 17.0
60 119 52.0
60 128 65.0
60 142 12.0
60 146 19.0
60 172 20.0
60 190 4.0
60 192 75.0
60 193 39.0
60 195 97.0
61 16 4.0
61 37 75.0
61 91 16.0
61 96 22.0
61 103 42.0
61 141 60.0
61 179 17.0
62 20 80.0
62 33 27.0
62 48 3.0
62 64 48.0
62 72 81.0
62 99 37.0
62 157 29.0
62 160 46.0
62 194 42.0
63 22 37.0
63 43 96.0
63 50 2.0
63 81 90.0
63 83 36.0
63 106 51.0
63 107 21.0
63 123 65.0
63 130 47.0
63 159 23.0
63 167 39.0
63 187 30.0
64 19 86.0
64 20 37.0
64 23 8.0
64 31 80.0
64 33 49.0
64 46 80.0
64 48 88.0
64 62 89.0
64 72 87.0
64 149 20.0
64 160 60.0
64 194 72.0
65 12 21.0
65 16 60.0
65 32 31.0
65 47 74.0
65 78 3.0
65 82 56.0
65 88 53.0
65 103 55.0
65 125 68.0
66 15 91.0
66 57 86.0
66 70 68.0
66 95 26.0
66 104 15.0
66 112 49.0
66 150 2.0
66 177 98.0
66 191 52.0
66 197 23.0
66 198 70.0
66 52 30.0
66 76 95.0
66 101 32.0
66 114 67.0
66 120 80.0
66 183 1.0
67 56 14.0
67 111 36.0
67 156 53.0
67 6 89.0
67 10 47.0
67 45 42.0
67 77 46.0
67 85 57.0
67 98 44.0
67 118 87.0
67 124 87.0
67 154 74.0
67 182 50.0
67 185 15.0
68 191 24.0
68 35 41.0
68 38 25.0
68 52 71.0
68 53 77.0
68 74 13.0
68 76 57.0
68 101 29.0
68 110 5.0
68 114 28.0
68 117 63.0
68 119 79.0
68 120 52.0
68 142 88.0
68 146 37.0
68 190 73.0
68 192 8.0
68 193 5.0
68 195 12.0
68 58 65.0
69 7 49.0
69 47 6.0
69 49 95.0
69 60 39.0
69 78 70.0
69 84 28.0
69 94 84.0
69 119 13.0
69 126 83.0
69 128 37.0
69 137 34.0
69 172 25.0
69 183 84.0
69 195 6.0
70 15 16.0
70 57 49.0
70 66 91.0
70 95 77.0
70 104 94.0
70 112 81.0
70 150 68.0
70 191 62.0
70 197 93.0
70 35 5.0
70 52 50.0
70 53 69.0
70 76 21.0
70 101 21.0
70 114 28.0
70 120 71.0
71 21 9.0
71 121 54.0
71 127 38.0
71 162 86.0
71 165 83.0
71 199 36.0
71 1 57.0
71 109 42.0
71 143 86.0
71 153 11.0
72 2 2.0
72 19 90.0
72 20 63.0
72 33 7.0
72 46 76.0
72 62 10.0
72 64 93.0
72 149 42.0
72 157 44.0
72 160 4.0
72 194 93.0
72 196 81.0
73 4 18.0
73 8 63.0
73 34 47.0
73 39 27.0
73 41 36.0
73 80 74.0
73 100 93.0
73 102 66.0
73 115 87.0
73 133 4.0
73 138 60.0
73 140 85.0
73 147 30.0
73 168 98.0
73 169 48.0
73 175 66.0
73 180 83.0
73 184 28.0
73 189 5.0
74 7 44.0
74 35 21.0
74 38 51.0
74 60 15.0
74 68 40.0
74 110 44.0
74 117 73.0
74 119 68.0
74 132 15.0
74 142 86.0
74 146 28.0
74 172 75.0
74 190 83.0
74 192 45.0
74 193 68.0
74 195 45.0
75 25 9.0
75 29 3.0
75 176 99.0
75 92 43.0
75 97 53.0
75 126 80.0
75 129 73.0
75 166 89.0
75 173 3.0
76 57 7.0
76 66 49.0
76 70 5.0
76 95 76.0
76 112 96.0
76 177 20.0
76 198 6.0
76 7 41.0
76 35 70.0
76 52 5.0
76 53 61.0
76 68 24.0
76 101 58.0
76 114 59.0
76 117 72.0
76 119 31.0
76 120 88.0
76 129 32.0
76 146 86.0
76 183 46.0
76 190 65.0
76 193 98.0
76 195 12.0
77 40 63.0
77 45 12.0
77 55 25.0
77 67 25.0
77 93 83.0
77 98 61.0
77 116 80.0
77 118 62.0
77 124 85.0
77 135 63.0
77 144 3.0
77 152 94.0
77 154 7.0
77 161 78.0
77 182 25.0
78 12 4.0
78 32 77.0
78 47 24.0
78 49 29.0
78 60 70.0
78 65 65.0
78 69 43.0
78 82 52.0
78 84 49.0
78 88 37.0
78 128 89.0
78 172 77.0
79 31 56.0
79 56 23.0
79 170 7.0
79 44 49.0
80 4 8.0
80 10 57.0
80 14 10.0
80 17 39.0
80 18 79.0
80 30 21.0
80 36 88.0
80 41 46.0
80 51 74.0
80 73 54.0
80 100 78.0
80 108 30.0
80 115 59.0
80 136 5.0
80 138 53.0
80 140 25.0
80 147 98.0
80 161 89.0
80 164 34.0
80 169 42.0
80 171 40.0
80 175 92.0
80 180 35.0
80 184 63.0
80 189 55.0
81 3 87.0
81 22 83.0
81 43 57.0
81 63 86.0
81 83 84.0
81 123 17.0
81 130 91.0
81 159 97.0
81 167 30.0
81 187 65.0
82 12 10.0
82 32 72.0
82 47 19.0
82 65 95.0
82 78 28.0
82 88 75.0
82 94 2.0
82 125 14.0
82 128 69.0
83 22 33.0
83 43 50.0
83 63 2.0
83 81 94.0
83 87 63.0
83 121 8.0
83 123 77.0
83 127 81.0
83 130 45.0
83 134 95.0
83 159 58.0
83 162 56.0
83 167 93.0
83 199 76.0
83 153 26.0
84 7 80.0
84 49 51.0
84 60 62.0
84 69 99.0
84 78 15.0
84 94 31.0
84 119 43.0
84 126 35.0
84 128 66.0
84 129 59.0
84 137 69.0
84 172 76.0
84 183 56.0
84 195 13.0
85 56 46.0
85 111 29.0
85 156 24.0
85 170 69.0
85 6 19.0
85 10 17.0
85 17 46.0
85 44 33.0
85 67 16.0
85 98 36.0
85 124 98.0
85 154 20.0
85 185 86.0
86 21 32.0
86 22 97.0
86 87 70.0
86 106 14.0
86 121 69.0
86 123 72.0
86 134 43.0
86 162 19.0
86 165 78.0
86 167 75.0
86 199 63.0
86 200 50.0
87 21 49.0
87 22 13.0
87 83 77.0
87 86 76.0
87 121 7.0
87 123 6.0
87 134 93.0
87 162 9.0
87 165 31.0
87 167 77.0
87 199 85.0
87 200 59.0
88 12 74.0
88 16 5.0
88 32 37.0
88 37 40.0
88 65 95.0
88 78 83.0
88 82 59.0
88 96 88.0
88 103 2.0
88 125 38.0
89 13 72.0
89 25 10.0
89 26 18.0
89 29 11.0
89 90 24.0
89 113 41.0
89 122 81.0
89 174 86.0
89 176 85.0
90 3 99.0
90 13 31.0
90 26 66.0
90 29 62.0
90 89 62.0
90 113 86.0
90 122 78.0
90 131 89.0
90 174 18.0
90 176 44.0
90 178 38.0
91 61 35.0
91 141 3.0
91 155 32.0
91 158 99.0
92 25 47.0
92 49 55.0
92 75 74.0
92 97 19.0
92 126 48.0
92 129 52.0
92 137 88.0
92 166 12.0
92 173 80.0
93 40 93.0
93 45 13.0
93 55 78.0
93 77 11.0
93 98 62.0
93 116 52.0
93 118 28.0
93 124 93.0
93 135 54.0
93 139 33.0
93 144 16.0
93 152 85.0
93 154 88.0
93 161 7.0
93 182 23.0
94 47 46.0
94 49 40.0
94 69 4.0
94 82 7.0
94 84 3.0
94 126 94.0
94 128 52.0
94 137 90.0
95 5 53.0
95 15 23.0
95 57 74.0
95 66 47.0
95 70 12.0
95 112 90.0
95 176 75.0
95 177 67.0
95 197 93.0
95 198 57.0
95 52 40.0
95 76 43.0
95 114 89.0
95 129 5.0
95 183 85.0
96 16 74.0
96 32 69.0
96 37 38.0
96 61 99.0
96 88 10.0
96 103 24.0
96 110 11.0
96 132 42.0
96 142 72.0
96 179 31.0
96 192 33.0
97 25 76.0
97 49 72.0
97 75 31.0
97 92 51.0
97 126 52.0
97 129 11.0
97 137 59.0
97 166 48.0
97 173 57.0
98 4 76.0
98 6 98.0
98 10 43.0
98 14 7.0
98 17 14.0
98 18 89.0
98 40 17.0
98 45 59.0
98 55 65.0
98 67 45.0
98 77 50.0
98 85 86.0
98 93 58.0
98 116 99.0
98 124 11.0
98 135 59.0
98 136 70.0
98 144 46.0
98 152 50.0
98 154 66.0
98 161 11.0
98 169 3.0
98 182 22.0
98 189 9.0
99 62 25.0
99 105 64.0
99 157 42.0
100 4 75.0
100 8 36.0
100 34 17.0
100 36 70.0
100 39 45.0
100 41 2.0
100 51 80.0
100 73 64.0
100 80 22.0
100 102 6.0
100 115 6.0
100 133 11.0
100 138 69.0
100 140 28.0
100 147 23.0
100 148 33.0
100 168 63.0
100 169 52.0
100 175 9.0
100 180 65.0
100 184 37.0
100 189 27.0
101 57 33.0
101 66 99.0
101 70 95.0
101 150 61.0
101 191 2.0
101 188 10.0
101 35 93.0
101 52 2.0
101 53 20.0
101 68 97.0
101 76 92.0
101 114 88.0
101 120 65.0
101 139 68.0
102 8 50.0
102 34 54.0
102 39 80.0
102 41 40.0
102 73 7.0
102 100 41.0
102 138 43.0
102 140 10.0
102 168 83.0
102 184 89.0
103 16 12.0
103 32 62.0
103 37 29.0
103 61 78.0
103 65 23.0
103 88 51.0
103 96 94.0
103 179 79.0
104 15 16.0
104 43 44.0
104 66 57.0
104 70 4.0
104 130 74.0
104 150 98.0
104 159 68.0
104 186 55.0
104 191 85.0
104 197 42.0
104 27 22.0
104 181 48.0
105 99 15.0
106 22 96.0
106 50 25.0
106 63 73.0
106 86 30.0
106 107 20.0
106 123 77.0
106 134 88.0
106 167 1.0
106 187 64.0
107 3 42.0
107 50 70.0
107 63 56.0
107 106 65.0
107 163 46.0
107 167 41.0
107 178 59.0
107 187 21.0
108 6 92.0
108 10 86.0
108 14 42.0
108 17 16.0
108 18 80.0
108 30 12.0
108 44 12.0
108 51 49.0
108 80 35.0
108 136 47.0
108 164 45.0
108 169 47.0
108 171 81.0
108 180 8.0
108 189 43.0
109 21 49.0
109 121 38.0
109 127 14.0
109 162 40.0
109 165 86.0
109 199 80.0
109 71 44.0
109 143 30.0
109 153 65.0
110 32 44.0
110 38 52.0
110 60 87.0
110 68 55.0
110 74 80.0
110 96 86.0
110 117 38.0
110 119 3.0
110 132 83.0
110 142 76.0
110 146 65.0
110 172 68.0
110 179 14.0
110 190 18.0
110 192 21.0
110 195 58.0
111 56 3.0
111 156 63.0
111 45 19.0
111 67 19.0
111 85 60.0
111 118 38.0
111 124 19.0
111 185 39.0
112 5 75.0
112 15 61.0
112 29 11.0
112 57 39.0
112 66 26.0
112 70 3.0
112 95 19.0
112 113 40.0
112 131 4.0
112 176 12.0
112 177 85.0
112 197 31.0
112 198 92.0
112 52 83.0
112 76 16.0
112 129 99.0
112 183 21.0
113 3 80.0
113 5 64.0
113 13 78.0
113 25 67.0
113 26 8.0
113 29 20.0
113 89 62.0
113 90 62.0
113 112 60.0
113 122 41.0
113 131 1.0
113 174 17.0
113 176 86.0
113 177 57.0
113 198 14.0
114 57 71.0
114 66 85.0
114 70 58.0
114 95 12.0
114 191 43.0
114 35 64.0
114 52 91.0
114 53 66.0
114 68 37.0
114 76 75.0
114 101 63.0
114 117 90.0
114 120 46.0
114 146 38.0
114 183 56.0
114 190 11.0
114 193 3.0
114 195 99.0
115 4 79.0
115 8 68.0
115 17 81.0
115 41 28.0
115 73 51.0
115 80 66.0
115 100 80.0
115 116 31.0
115 133 55.0
115 140 7.0
115 144 3.0
115 147 96.0
115 152 87.0
115 161 87.0
115 169 52.0
115 180 15.0
115 184 66.0
115 189 8.0
116 4 55.0
116 10 60.0
116 14 49.0
116 17 16.0
116 18 64.0
116 40 1.0
116 45 73.0
116 55 78.0
116 59 44.0
116 77 22.0
116 93 9.0
116 98 81.0
116 115 34.0
116 135 91.0
116 136 80.0
116 144 63.0
116 147 17.0
116 152 32.0
116 154 34.0
116 161 99.0
116 169 18.0
116 182 97.0
116 189 35.0
117 7 81.0
117 35 14.0
117 38 59.0
117 52 61.0
117 53 4.0
117 60 21.0
117 68 35.0
117 74 63.0
117 76 63.0
117 110 88.0
117 114 7.0
117 119 18.0
117 120 18.0
117 142 47.0
117 146 82.0
117 172 48.0
117 183 58.0
117 190 91.0
117 192 32.0
117 193 28.0
117 195 73.0
118 111 13.0
118 145 75.0
118 156 59.0
118 40 60.0
118 45 72.0
118 67 44.0
118 77 25.0
118 93 91.0
118 124 75.0
118 139 32.0
118 182 31.0
119 7 79.0
119 60 60.0
119 68 76.0
119 69 69.0
119 74 16.0
119 76 55.0
119 84 14.0
119 110 31.0
119 117 39.0
119 128 3.0
119 142 81.0
119 146 36.0
119 172 54.0
119 183 48.0
119 190 79.0
119 192 51.0
119 193 2.0
119 195 78.0
120 57 77.0
120 66 8.0
120 70 61.0
120 191 52.0
120 35 79.0
120 52 41.0
120 53 35.0
120 68 29.0
120 76 45.0
120 101 18.0
120 114 78.0
120 117 68.0
120 146 97.0
120 183 45.0
120 190 70.0
120 193 66.0
120 195 62.0
121 21 99.0
121 22 4.0
121 83 34.0
121 86 50.0
121 87 26.0
121 123 30.0
121 127 42.0
121 134 26.0
121 162 55.0
121 165 73.0
121 167 6.0
121 199 74.0
121 200 70.0
121 71 12.0
121 109 94.0
121 153 84.0
122 3 47.0
122 5 61.0
122 13 12.0
122 26 91.0
122 29 29.0
122 89 62.0
122 90 17.0
122 113 92.0
122 131 58.0
122 174 31.0
122 176 17.0
122 178 18.0
123 21 27.0
123 22 75.0
123 50 93.0
123 63 64.0
123 81 6.0
123 83 4.0
123 86 88.0
123 87 48.0
123 106 37.0
123 121 6.0
123 134 16.0
123 162 72.0
123 165 77.0
123 167 33.0
123 187 51.0
123 199 54.0
123 200 21.0
124 111 67.0
124 156 61.0
124 40 31.0
124 45 31.0
124 67 73.0
124 77 63.0
124 85 56.0
124 93 68.0
124 98 71.0
124 118 3.0
124 135 58.0
124 139 91.0
124 152 9.0
124 154 68.0
124 182 66.0
125 12 92.0
125 65 24.0
125 82 91.0
125 88 8.0
126 25 13.0
126 7 73.0
126 49 82.0
126 69 16.0
126 75 64.0
126 84 73.0
126 92 9.0
126 94 97.0
126 97 7.0
126 128 64.0
126 129 36.0
126 137 12.0
126 166 83.0
126 173 90.0
126 183 97.0
126 195 6.0
127 22 52.0
127 43 55.0
127 83 85.0
127 121 78.0
127 130 37.0
127 159 20.0
127 162 17.0
127 186 94.0
127 1 27.0
127 71 41.0
127 109 43.0
127 153 88.0
128 7 75.0
128 12 32.0
128 47 67.0
128 49 66.0
128 60 36.0
128 69 71.0
128 78 9.0
128 82 91.0
128 84 18.0
128 94 66.0
128 119 2.0
128 126 99.0
128 137 33.0
128 172 67.0
128 195 92.0
129 25 79.0
129 29 62.0
129 57 45.0
129 95 2.0
129 112 94.0
129 176 42.0
129 177 23.0
129 198 70.0
129 75 64.0
129 76 60.0
129 84 95.0
129 92 83.0
129 97 20.0
129 126 36.0
129 166 27.0
129 173 6.0
129 183 44.0
130 22 95.0
130 43 13.0
130 63 88.0
130 81 60.0
130 83 39.0
130 104 73.0
130 127 20.0
130 159 90.0
130 186 49.0
131 3 57.0
131 5 34.0
131 13 1.0
131 15 38.0
131 26 25.0
131 29 14.0
131 90 86.0
131 112 68.0
131 113 52.0
131 122 63.0
131 174 83.0
131 176 34.0
131 177 67.0
131 197 68.0
131 198 83.0
132 37 56.0
132 38 39.0
132 74 99.0
132 96 40.0
132 110 67.0
132 142 68.0
132 155 57.0
132 179 73.0
132 192 60.0
132 158 8.0
133 4 3.0
133 8 78.0
133 73 99.0
133 100 3.0
133 115 78.0
133 140 81.0
133 144 7.0
133 147 94.0
133 184 80.0
134 21 72.0
134 22 25.0
134 83 44.0
134 86 66.0
134 87 33.0
134 106 31.0
134 121 37.0
134 123 1.0
134 162 96.0
134 165 53.0
134 167 11.0
134 199 47.0
134 200 54.0
135 4 95.0
135 17 99.0
135 40 19.0
135 45 83.0
135 55 94.0
135 59 19.0
135 77 59.0
135 93 92.0
135 98 79.0
135 116 42.0
135 124 88.0
135 144 20.0
135 152 18.0
135 154 94.0
135 161 33.0
135 182 85.0
136 4 8.0
136 10 70.0
136 14 53.0
136 17 92.0
136 18 77.0
136 30 24.0
136 36 18.0
136 51 5.0
136 80 33.0
136 98 96.0
136 108 23.0
136 116 54.0
136 147 30.0
136 154 71.0
136 161 86.0
136 164 56.0
136 169 94.0
136 171 8.0
136 180 72.0
136 189 69.0
137 47 82.0
137 49 70.0
137 69 76.0
137 84 11.0
137 92 21.0
137 94 11.0
137 97 29.0
137 126 70.0
137 128 37.0
138 34 76.0
138 36 22.0
138 39 99.0
138 41 47.0
138 51 6.0
138 73 37.0
138 80 19.0
138 100 40.0
138 102 47.0
138 140 96.0
138 147 94.0
138 148 67.0
138 151 98.0
138 168 11.0
138 175 54.0
138 180 34.0
138 184 66.0
138 189 89.0
139 191 65.0
139 27 32.0
139 145 77.0
139 188 11.0
139 101 95.0
139 40 79.0
139 45 50.0
139 58 49.0
139 93 72.0
139 118 74.0
139 124 82.0
139 182 10.0
140 4 95.0
140 8 93.0
140 34 84.0
140 39 96.0
140 41 46.0
140 73 23.0
140 80 61.0
140 100 42.0
140 102 91.0
140 115 22.0
140 133 93.0
140 138 79.0
140 147 65.0
140 168 23.0
140 169 96.0
140 175 35.0
140 180 85.0
140 184 38.0
140 189 32.0
141 37 21.0
141 61 18.0
141 91 89.0
141 179 31.0
142 7 70.0
142 32 52.0
142 38 40.0
142 60 52.0
142 68 87.0
142 74 24.0
142 96 56.0
142 110 32.0
142 117 41.0
142 119 62.0
142 132 95.0
142 146 92.0
142 172 75.0
142 190 46.0
142 192 89.0
142 193 83.0
142 195 79.0
143 2 63.0
143 11 34.0
143 71 84.0
143 109 90.0
143 149 25.0
143 196 93.0
144 4 77.0
144 9 83.0
144 17 57.0
144 40 8.0
144 45 71.0
144 55 71.0
144 59 98.0
144 77 15.0
144 93 49.0
144 98 68.0
144 115 66.0
144 116 68.0
144 133 91.0
144 135 92.0
144 152 13.0
144 154 23.0
144 161 99.0
144 182 10.0
145 150 86.0
145 186 19.0
145 27 78.0
145 181 22.0
145 188 24.0
145 118 38.0
145 139 61.0
146 7 74.0
146 35 49.0
146 52 38.0
146 53 51.0
146 60 41.0
146 68 35.0
146 74 16.0
146 76 27.0
146 110 33.0
146 114 56.0
146 117 12.0
146 119 30.0
146 120 50.0
146 142 47.0
146 172 17.0
146 183 51.0
146 190 16.0
146 192 62.0
146 193 84.0
146 195 86.0
147 4 99.0
147 10 99.0
147 14 27.0
147 17 68.0
147 18 49.0
147 36 2.0
147 41 33.0
147 51 2.0
147 73 42.0
147 80 22.0
147 100 97.0
147 115 15.0
147 116 86.0
147 133 6.0
147 136 36.0
147 138 20.0
147 140 87.0
147 161 40.0
147 164 22.0
147 169 31.0
147 175 26.0
147 180 39.0
147 184 59.0
147 189 89.0
148 34 94.0
148 36 1.0
148 39 76.0
148 41 90.0
148 100 63.0
148 138 53.0
148 151 17.0
148 168 54.0
148 175 52.0
149 2 3.0
149 11 80.0
149 19 78.0
149 20 39.0
149 23 58.0
149 33 54.0
149 46 24.0
149 64 16.0
149 72 60.0
149 143 62.0
149 160 13.0
149 194 72.0
149 196 33.0
150 66 67.0
150 70 35.0
150 104 9.0
150 186 27.0
150 191 31.0
150 27 89.0
150 145 85.0
150 181 29.0
150 188 65.0
150 52 94.0
150 53 14.0
150 101 52.0
151 39 91.0
151 138 83.0
151 148 67.0
151 175 56.0
152 4 28.0
152 10 48.0
152 17 95.0
152 40 66.0
152 45 59.0
152 55 53.0
152 59 32.0
152 77 42.0
152 93 17.0
152 98 33.0
152 115 44.0
152 116 3.0
152 124 49.0
152 135 9.0
152 144 62.0
152 154 1.0
152 161 49.0
152 169 96.0
152 182 19.0
152 189 96.0
153 21 54.0
153 83 63.0
153 121 51.0
153 127 61.0
153 162 36.0
153 165 95.0
153 199 46.0
153 1 38.0
153 71 41.0
153 109 60.0
154 4 80.0
154 6 34.0
154 10 52.0
154 14 8.0
154 17 96.0
154 18 56.0
154 40 20.0
154 45 57.0
154 67 94.0
154 77 22.0
154 85 77.0
154 93 11.0
154 98 29.0
154 116 62.0
154 124 71.0
154 135 3.0
154 136 62.0
154 144 3.0
154 152 26.0
154 161 28.0
154 169 98.0
154 182 80.0
154 189 30.0
155 38 43.0
155 91 41.0
155 132 32.0
155 9 81.0
155 54 27.0
155 59 57.0
155 158 52.0
156 31 73.0
156 56 40.0
156 111 74.0
156 67 55.0
156 85 66.0
156 118 39.0
156 124 89.0
156 185 73.0
157 20 48.0
157 62 81.0
157 72 90.0
157 99 21.0
157 160 33.0
158 38 19.0
158 91 75.0
158 132 20.0
158 155 43.0
158 9 33.0
158 54 89.0
158 59 33.0
159 22 55.0
159 43 67.0
159 63 55.0
159 81 63.0
159 83 86.0
159 104 47.0
159 127 35.0
159 130 89.0
159 162 52.0
159 186 2.0
159 1 46.0
159 181 78.0
160 2 26.0
160 19 32.0
160 20 73.0
160 33 89.0
160 46 83.0
160 62 17.0
160 64 47.0
160 72 1.0
160 149 33.0
160 157 48.0
160 194 70.0
160 196 12.0
161 4 80.0
161 10 2.0
161 14 15.0
161 17 78.0
161 18 10.0
161 40 85.0
161 45 24.0
161 55 88.0
161 77 11.0
161 80 85.0
161 93 1.0
161 98 41.0
161 115 20.0
161 116 34.0
161 135 87.0
161 136 37.0
161 144 6.0
161 147 33.0
161 152 89.0
161 154 56.0
161 169 65.0
161 182 60.0
161 189 30.0
162 21 20.0
162 22 72.0
162 83 17.0
162 86 74.0
162 87 68.0
162 121 59.0
162 123 43.0
162 127 2.0
162 134 39.0
162 159 83.0
162 165 30.0
162 167 58.0
162 199 37.0
162 200 97.0
162 71 36.0
162 109 86.0
162 153 97.0
163 24 17.0
163 28 26.0
163 50 64.0
163 107 3.0
163 178 12.0
164 4 54.0
164 10 64.0
164 14 70.0
164 17 89.0
164 18 86.0
164 30 4.0
164 36 64.0
164 41 49.0
164 51 16.0
164 80 14.0
164 108 80.0
164 136 1.0
164 147 65.0
164 169 33.0
164 171 48.0
164 175 35.0
164 180 72.0
164 189 13.0
165 21 64.0
165 86 77.0
165 87 55.0
165 121 74.0
165 123 83.0
165 134 96.0
165 162 11.0
165 199 46.0
165 200 69.0
165 71 3.0
165 109 68.0
165 153 22.0
166 25 32.0
166 75 56.0
166 92 17.0
166 97 3.0
166 126 35.0
166 129 58.0
166 173 48.0
167 22 36.0
167 50 37.0
167 63 21.0
167 81 34.0
167 83 26.0
167 86 27.0
167 87 4.0
167 106 23.0
167 107 79.0
167 121 73.0
167 123 33.0
167 134 47.0
167 162 71.0
167 187 37.0
168 34 91.0
168 39 97.0
168 41 89.0
168 73 29.0
168 100 59.0
168 102 77.0
168 138 51.0
168 140 76.0
168 148 83.0
168 175 28.0
168 184 59.0
169 4 46.0
169 10 25.0
169 14 85.0
169 17 95.0
169 18 11.0
169 30 5.0
169 36 24.0
169 41 73.0
169 51 96.0
169 73 25.0
169 80 92.0
169 98 47.0
169 100 22.0
169 108 79.0
169 115 85.0
169 116 44.0
169 136 77.0
169 140 66.0
169 147 85.0
169 152 75.0
169 154 93.0
169 161 4.0
169 164 56.0
169 171 16.0
169 175 48.0
169 180 29.0
169 184 55.0
169 189 81.0
170 31 51.0
170 56 67.0
170 79 65.0
170 6 47.0
170 44 39.0
170 85 48.0
170 185 92.0
171 10 7.0
171 14 19.0
171 18 31.0
171 30 64.0
171 36 88.0
171 44 15.0
171 51 47.0
171 80 38.0
171 108 1.0
171 136 52.0
171 164 5.0
171 169 12.0
172 7 21.0
172 12 67.0
172 32 86.0
172 49 50.0
172 60 85.0
172 69 74.0
172 74 9.0
172 78 44.0
172 84 2.0
172 110 60.0
172 117 98.0
172 119 57.0
172 128 26.0
172 142 18.0
172 146 88.0
172 183 28.0
172 190 55.0
172 192 75.0
172 193 24.0
172 195 93.0
173 25 4.0
173 75 55.0
173 92 28.0
173 97 10.0
173 126 1.0
173 129 7.0
173 166 76.0
174 3 38.0
174 13 47.0
174 24 67.0
174 26 83.0
174 28 83.0
174 89 87.0
174 90 11.0
174 113 99.0
174 122 3.0
174 131 68.0
174 178 73.0
175 34 24.0
175 36 46.0
175 39 8.0
175 41 24.0
175 51 81.0
175 73 49.0
175 80 93.0
175 100 44.0
175 138 60.0
175 140 21.0
175 147 85.0
175 148 85.0
175 151 56.0
175 164 29.0
175 168 19.0
175 169 55.0
175 180 93.0
175 184 63.0
175 189 63.0
176 5 32.0
176 13 4.0
176 15 56.0
176 25 99.0
176 26 45.0
176 29 10.0
176 89 77.0
176 90 55.0
176 95 59.0
176 112 19.0
176 113 85.0
176 122 68.0
176 131 7.0
176 177 11.0
176 197 9.0
176 198 11.0
176 75 63.0
176 129 20.0
177 5 42.0
177 15 39.0
177 29 16.0
177 57 59.0
177 66 96.0
177 95 23.0
177 112 1.0
177 113 11.0
177 131 19.0
177 176 36.0
177 197 66.0
177 198 68.0
177 52 90.0
177 76 81.0
177 129 40.0
177 183 30.0
178 3 53.0
178 13 66.0
178 24 81.0
178 28 68.0
178 90 73.0
178 107 35.0
178 122 89.0
178 163 36.0
178 174 31.0
179 16 12.0
179 32 12.0
179 37 28.0
179 61 48.0
179 96 28.0
179 103 17.0
179 110 11.0
179 132 4.0
179 141 18.0
180 4 43.0
180 14 30.0
180 17 70.0
180 18 29.0
180 30 9.0
180 36 2.0
180 39 89.0
180 41 5.0
180 51 68.0
180 73 97.0
180 80 40.0
180 100 50.0
180 108 29.0
180 115 12.0
180 136 12.0
180 138 21.0
180 140 7.0
180 147 46.0
180 164 81.0
180 169 34.0
180 175 70.0
180 184 14.0
180 189 91.0
181 43 27.0
181 104 66.0
181 150 6.0
181 159 82.0
181 186 71.0
181 1 14.0
181 27 61.0
181 145 94.0
181 188 67.0
182 40 84.0
182 45 16.0
182 55 61.0
182 67 39.0
182 77 34.0
182 93 1.0
182 98 11.0
182 116 68.0
182 118 99.0
182 124 18.0
182 135 92.0
182 139 14.0
182 144 32.0
182 152 24.0
182 154 89.0
182 161 90.0
183 57 23.0
183 66 83.0
183 95 98.0
183 112 79.0
183 177 58.0
183 198 15.0
183 7 96.0
183 35 93.0
183 52 34.0
183 69 43.0
183 76 96.0
183 84 20.0
183 114 69.0
183 117 63.0
183 119 38.0
183 120 10.0
183 126 3.0
183 129 18.0
183 146 61.0
183 172 3.0
183 190 43.0
183 193 68.0
183 195 67.0
184 4 35.0
184 8 17.0
184 34 74.0
184 39 33.0
184 41 65.0
184 73 30.0
184 80 52.0
184 100 94.0
184 102 75.0
184 115 71.0
184 133 38.0
184 138 83.0
184 140 56.0
184 147 12.0
184 168 41.0
184 169 38.0
184 175 15.0
184 180 37.0
184 189 36.0
185 31 25.0
185 56 27.0
185 111 12.0
185 156 98.0
185 170 1.0
185 6 83.0
185 67 40.0
185 85 73.0
186 43 25.0
186 104 40.0
186 127 74.0
186 130 19.0
186 150 57.0
186 159 54.0
186 1 82.0
186 27 53.0
186 145 48.0
186 181 49.0
186 188 85.0
187 22 9.0
187 50 83.0
187 63 90.0
187 81 19.0
187 106 78.0
187 107 65.0
187 123 87.0
187 167 38.0
188 150 13.0
188 186 73.0
188 191 17.0
188 27 53.0
188 145 27.0
188 181 64.0
188 53 44.0
188 101 34.0
188 58 69.0
188 139 12.0
189 4 97.0
189 10 19.0
189 14 66.0
189 17 84.0
189 18 21.0
189 30 94.0
189 36 2.0
189 41 7.0
189 51 36.0
189 73 69.0
189 80 45.0
189 98 51.0
189 100 8.0
189 108 12.0
189 115 72.0
189 116 89.0
189 136 34.0
189 138 78.0
189 140 8.0
189 147 67.0
189 152 21.0
189 154 58.0
189 161 60.0
189 164 58.0
189 169 74.0
189 175 34.0
189 180 81.0
189 184 4.0
190 7 70.0
190 35 61.0
190 38 48.0
190 53 98.0
190 60 11.0
190 68 73.0
190 74 51.0
190 76 95.0
190 110 76.0
190 114 79.0
190 117 10.0
190 119 17.0
190 120 79.0
190 142 95.0
190 146 37.0
190 172 27.0
190 183 45.0
190 192 50.0
190 193 52.0
190 195 75.0
191 57 77.0
191 66 44.0
191 70 2.0
191 104 66.0
191 150 53.0
191 27 5.0
191 188 49.0
191 35 7.0
191 52 57.0
191 53 55.0
191 68 81.0
191 101 91.0
191 114 33.0
191 120 57.0
191 139 56.0
192 7 50.0
192 32 38.0
192 38 1.0
192 60 19.0
192 68 99.0
192 74 33.0
192 96 19.0
192 110 17.0
192 117 33.0
192 119 42.0
192 132 83.0
192 142 20.0
192 146 4.0
192 172 12.0
192 190 88.0
192 193 84.0
192 195 5.0
193 57 84.0
193 7 58.0
193 35 81.0
193 52 68.0
193 53 78.0
193 60 32.0
193 68 25.0
193 74 70.0
193 76 1.0
193 114 82.0
193 117 61.0
193 119 16.0
193 120 86.0
193 142 44.0
193 146 68.0
193 172 5.0
193 183 78.0
193 190 37.0
193 192 69.0
193 195 18.0
194 2 66.0
194 19 47.0
194 20 34.0
194 23 41.0
194 33 17.0
194 46 45.0
194 62 27.0
194 64 57.0
194 72 23.0
194 149 97.0
194 160 41.0
194 196 46.0
195 7 53.0
195 49 1.0
195 60 7.0
195 68 13.0
195 69 51.0
195 74 69.0
195 76 87.0
195 84 47.0
195 110 12.0
195 114 73.0
195 117 47.0
195 119 16.0
195 120 42.0
195 126 52.0
195 128 43.0
195 142 68.0
195 146 69.0
195 172 59.0
195 183 24.0
195 190 67.0
195 192 87.0
195 193 1.0
196 2 96.0
196 11 84.0
196 19 50.0
196 23 87.0
196 72 99.0
196 143 27.0
196 149 96.0
196 160 89.0
196 194 75.0
197 5 97.0
197 15 82.0
197 57 4.0
197 66 91.0
197 70 5.0
197 95 87.0
197 104 78.0
197 112 85.0
197 131 12.0
197 176 84.0
197 177 94.0
197 198 39.0
197 52 18.0
198 5 15.0
198 15 97.0
198 29 68.0
198 57 46.0
198 66 70.0
198 95 15.0
198 112 54.0
198 113 1.0
198 131 47.0
198 176 94.0
198 177 74.0
198 197 9.0
198 52 76.0
198 76 48.0
198 129 71.0
198 183 64.0
199 21 18.0
199 83 6.0
199 86 85.0
199 87 40.0
199 121 66.0
199 123 93.0
199 134 52.0
199 162 61.0
199 165 86.0
199 200 55.0
199 71 40.0
199 109 75.0
199 153 56.0
200 21 68.0
200 86 10.0
200 87 95.0
200 121 5.0
200 123 79.0
200 134 48.0
200 162 10.0
200 165 62.0
200 199 73.0
