145.77012552939897 75.4433718432658 0.0
161.96062142796285 40.433848992601405 0.0
88.50932413156494 15.395223705545224 0.0
138.1810260648537 76.54369496735787 0.0
111.49840397877229 7.051839612254951 0.0
166.4398631789484 13.30424415773981 0.0
145.6005045207052 124.0979089620897 0.0
144.84010814720608 96.49366860779809 0.0
0.6892428074437129 55.87397423143754 0.0
31.448412774525416 171.59429449256774 0.0
129.03431728675588 117.5318093128253 0.0
195.8663361812214 8.562538297653898 0.0
24.733922260542162 124.88801764826694 0.0
191.55595521969917 137.16196258859935 0.0
73.77524107608615 193.137198358329 0.0
13.989544609972683 3.2903045706478062 0.0
53.093377431825736 116.43769635665493 0.0
184.10687699377604 170.2079895343142 0.0
92.03818451524937 64.4843558261385 0.0
2.2278795456772693 183.30213263203896 0.0
155.94745079364804 92.53438675987016 0.0
54.48245855268938 192.9966304175033 0.0
189.0639749805178 2.9539547002410904 0.0
121.98322475813094 87.64554091355822 0.0
162.8231871595523 19.204691504775905 0.0
42.38112093993402 126.72337778393003 0.0
15.576957529527213 137.290892639015 0.0
4.107827080402893 84.3527190283231 0.0
41.10833801716047 105.03966944160017 0.0
15.522997938169624 114.18588162009439 0.0
85.83102627730483 146.18797760135055 0.0
84.34838707591759 128.88414234279685 0.0
148.35642172801826 194.10196558872153 0.0
167.18505527466385 50.91438544153697 0.0
40.15021454868386 129.05559522367483 0.0
4.5737891689068055 36.10983292208172 0.0
62.28946927916048 123.34713889096042 0.0
143.9730566248427 97.41782893994193 0.0
180.8702331446037 90.13369187168414 0.0
171.19282201897653 63.48443555572636 0.0
142.40485125688903 4.715346234008533 0.0
20.236575575376214 95.20197700361182 0.0
160.5870785839511 121.10230372752096 0.0
12.168076752817347 53.07240050580824 0.0
27.092293375787 42.04975053894295 0.0
185.5333160381644 59.215727054688315 0.0
151.61906042530512 17.34683321586492 0.0
124.03225909486133 30.079526621091055 0.0
120.16744196078955 142.99776222562636 0.0
61.549034153967284 169.38192024502177 0.0
75.58844254593218 113.0343910465249 0.0
150.31324159071377 5.547080463094978 0.0
170.72813886939974 36.05151912184259 0.0
14.879221359031103 133.86887252905672 0.0
122.02895658530988 170.15740368688674 0.0
82.77401000877576 180.86477936055064 0.0
100.23976576175411 52.88372453778181 0.0
82.07893255053844 46.758839396926824 0.0
34.925461406680554 6.700779209828678 0.0
126.87382564353773 1.7588614886557608 0.0
80.75575611086437 186.13516066587363 0.0
173.38682812715066 112.769768866926 0.0
96.0919695310106 199.08883878104 0.0
122.856845522811 159.41151449832708 0.0
118.1796959555017 82.81010282382677 0.0
71.52988685616049 61.68646860369811 0.0
184.29429204511382 44.068284379613566 0.0
163.87438664181067 86.36789622268046 0.0
44.47511327816622 83.43592934913184 0.0
192.01485983363898 125.15753729096315 0.0
139.02360191447013 15.183465150143217 0.0
102.54717308390453 144.88700557488596 0.0
72.72931293561413 67.14309752858935 0.0
121.31283159201173 98.51422039779362 0.0
107.82706736471745 199.0001667865979 0.0
87.37375960152194 155.3926267338179 0.0
118.97744494123683 112.82179378216497 0.0
199.3430673999253 60.267559838768456 0.0
6.10192827803786 46.23418485608715 0.0
120.39139452111536 162.68068072756952 0.0
144.69308107037813 36.511519381816825 0.0
62.66246363500625 171.93993955248888 0.0
68.2591449166741 22.940946695924545 0.0
77.49557664042925 187.53910171300697 0.0
23.851557623340724 115.17978134379834 0.0
114.76678176449029 30.88741289006198 0.0
119.16296360759162 196.92240851943367 0.0
82.82456153138868 161.43660931433553 0.0
88.4722863014788 157.04626451402206 0.0
139.9099634428148 98.76895407117097 0.0
44.75258681505034 44.50748193308998 0.0
178.6150436046556 91.93657627523959 0.0
156.5463759677464 128.60860531115657 0.0
126.84775941521553 178.31899128713127 0.0
190.75225498219868 12.86225375334611 0.0
81.93528574044294 156.49220930560867 0.0
96.25569423140882 198.5260999336741 0.0
18.911935463750385 161.0793473172749 0.0
68.37590521671221 22.986254815850437 0.0
69.70194519337608 72.2793690372812 0.0
30.389739940493055 108.51756733330087 0.0
156.8212687132818 118.7469526886426 0.0
195.93276039518904 148.55098057064512 0.0
83.38683926378553 139.72321865761225 0.0
134.8664778734256 31.429632705863007 0.0
30.635625846046466 60.79350343892538 0.0
155.24002419213724 155.73696832988557 0.0
194.81990987403333 7.374957099839241 0.0
35.263454559370324 126.63165627232753 0.0
7.259388696408586 131.01334953648146 0.0
191.7489506716477 39.225674194802984 0.0
24.49459924981823 55.7949291770639 0.0
55.265392712314274 52.89357757138029 0.0
149.90036827269654 65.65587095398833 0.0
137.29055484467074 139.50234276974254 0.0
153.78194799912671 148.098310424296 0.0
20.934578738065056 148.90293728924323 0.0
95.8906291399125 185.79854847340195 0.0
84.3471806759259 76.62620060685023 0.0
22.459641199819956 144.81964264409993 0.0
174.71020354630554 41.57726191145359 0.0
9.275295174757293 46.61702347168604 0.0
90.75623913696302 185.62417692005377 0.0
52.96220202981421 30.75249093597934 0.0
3.0429994390753556 92.32817902055275 0.0
74.57573329478487 116.20838803765335 0.0
43.75228063533931 188.66438565436258 0.0
192.75867328978683 151.42040134749297 0.0
31.57135565956688 141.43337252848437 0.0
48.13328005044559 106.62392069322857 0.0
62.25372186701203 89.16567824737689 0.0
116.26396102039098 106.83550592315933 0.0
91.74520619877298 60.672738217069224 0.0
33.439772081265296 29.767579104931908 0.0
66.30044357597491 122.99944603473465 0.0
177.69014331100772 100.20094981879491 0.0
12.8038947956163 74.38494871313685 0.0
96.86116602432458 100.81644568738312 0.0
192.54851817347708 51.94000398812793 0.0
56.243943833993626 189.21340530095685 0.0
143.01434202053593 59.10066459204295 0.0
190.16046268268627 61.81938235032922 0.0
184.72831797352387 134.51970046494668 0.0
85.07666277063892 137.62196501830832 0.0
154.0756553031676 81.90865885068122 0.0
96.22620167042552 148.13019608923977 0.0
137.97224660572067 159.44510700992356 0.0
105.3927989354653 14.699609329119955 0.0
32.59652616560336 87.71110187453198 0.0
164.4127636936525 170.3314926948188 0.0
25.91836969413306 176.73048802213413 0.0
137.12362149240786 140.2835207002159 0.0
12.551655359646574 95.52426966950756 0.0
51.89874817429803 34.305512830896376 0.0
89.49613520916017 11.70477468762321 0.0
7.5718997375361585 23.040515957499764 0.0
52.62336986549787 113.98089715116254 0.0
137.469682747562 72.10820375197136 0.0
16.30050875492717 97.04836965088268 0.0
129.43410745638718 189.613808308609 0.0
112.33480507062248 36.19043479168107 0.0
124.13124442294358 6.302750874410634 0.0
89.46073357070247 8.015945730689978 0.0
69.60631778114619 52.30735948701908 0.0
130.88079671472482 24.113485551505164 0.0
196.95938156008782 20.40883588362108 0.0
134.90993769083371 136.0015636634165 0.0
0.18002309936193672 12.964112914300374 0.0
62.5628067457493 142.60665506404254 0.0
152.5934046906587 58.123847081316214 0.0
145.9619217213462 185.60229155082527 0.0
173.03413915279882 50.6942832932316 0.0
172.7340828071292 53.29402196486011 0.0
166.77848749153716 123.97236378948986 0.0
114.10126176084631 30.33663758442129 0.0
9.42949493333851 91.1100248209098 0.0
48.16133824829969 28.421573092510897 0.0
116.3636682922967 8.040061539064558 0.0
44.89311903840294 112.17401001581291 0.0
46.01194979536019 104.72268770723187 0.0
25.7091628095101 194.85074637740698 0.0
22.161690604241823 107.44835240924637 0.0
187.91885652337788 20.031445909689836 0.0
28.630512407201316 132.15892111289514 0.0
193.25347322469239 168.34743955693142 0.0
29.076914614993864 67.2260339054241 0.0
159.64381384674365 132.3939046052627 0.0
95.37661041170915 83.8518575242649 0.0
166.73017366028674 88.32262306285375 0.0
189.90755021905855 13.234098318987453 0.0
88.12347340919413 59.21431526870569 0.0
40.250815383027195 11.863679892624779 0.0
97.22535758552229 113.18089584773216 0.0
169.22842117661747 199.8000698342178 0.0
158.4542393754838 68.24968787349223 0.0
98.86327476763866 1.4957603615580517 0.0
12.01324632402827 86.43320147252112 0.0
33.76059590759737 144.71803473667077 0.0
187.8751086239013 130.98949338244253 0.0
147.57404959856723 80.34264955823332 0.0
43.448134787512686 133.72994338428765 0.0
145.6340512998912 174.27065897251524 0.0
109.42642703810603 73.33256733407624 0.0
57.47967076551779 192.44617232756872 0.0
149.6165739140542 0.9707628998552265 0.0
24.949652884721086 150.92940758707906 0.0
93.07210706778208 166.1688305239408 0.0
194.6521379618314 135.2058716321449 0.0
180.65610650534464 193.64722627485838 0.0
98.04672653649405 6.389267742646898 0.0
83.19138818662854 141.0220258492116 0.0
108.03659511488289 6.702028184634479 0.0
194.64669508834413 27.574682883911162 0.0
97.88241415305683 152.5941674920196 0.0
181.34653256541824 65.90972477409969 0.0
96.41394665393072 161.0875586303796 0.0
176.98118382766012 151.16951555939858 0.0
132.9291257266041 93.40937561660168 0.0
153.23262252526274 166.57690828260755 0.0
195.83468865518267 119.70499153467826 0.0
167.1210359321248 149.42806448610366 0.0
90.99628175126225 9.597135800288115 0.0
188.71576119173213 128.25930276047873 0.0
178.93015812332573 135.58479866043754 0.0
46.6435261592258 89.76346209045663 0.0
94.3826360258613 139.75175041245976 0.0
93.86586824694156 63.13274736067574 0.0
7.507472959168249 158.9813210238899 0.0
92.48673565910764 119.8566141280188 0.0
172.76542793221384 29.850413364957372 0.0
143.8903707101372 178.6048701517795 0.0
29.83442696740324 1.6025418820558857 0.0
49.298500449593654 77.67760762135583 0.0
170.23256633056195 174.07598496460236 0.0
75.87505365958313 31.605291489116595 0.0
64.02058116170228 147.18995955069488 0.0
124.79566821452661 123.83376744086712 0.0
152.8641552472723 19.568030577875817 0.0
150.23822628501787 104.03059465510415 0.0
158.90076654731743 106.10481071631135 0.0
162.03982216745752 56.40062876968135 0.0
33.269594788878806 157.75828175665336 0.0
59.804571001495546 84.50035522430845 0.0
73.82731265408995 61.57688372991268 0.0
92.53575961775597 18.39206661669448 0.0
178.48645271861193 174.94686697358134 0.0
115.40484740515649 91.58044684796565 0.0
168.77719166806938 5.272177016434765 0.0
24.05900170034496 158.02583918804717 0.0
17.64746976961611 84.77548104680446 0.0
186.90773684535594 123.6298687198608 0.0
46.18037902359693 9.835688281131038 0.0
167.1185250485857 51.940784791002145 0.0
115.82182409553697 115.25379718926342 0.0
128.59003962683147 70.42738543400347 0.0
135.87561583370825 136.06548384859641 0.0
53.96101422325703 151.52194249156295 0.0
30.436989620473742 72.99534887680103 0.0
67.75153892854348 71.7341812826285 0.0
64.59992021430882 122.37444557443129 0.0
154.02287187075476 162.48981384805364 0.0
116.6873926651325 157.31911543483756 0.0
185.48072110112778 57.94880927414765 0.0
101.41798370614572 54.195804432081275 0.0
39.73621538799801 117.91004637281301 0.0
98.33617031873727 146.87311155354394 0.0
68.47762321622722 158.01065033062548 0.0
20.497792399448112 60.98880010032952 0.0
106.59515220146424 154.7797754157327 0.0
70.31620364109625 131.43617439813863 0.0
160.84006458486638 109.70822403916634 0.0
172.6386760204855 138.50067847198952 0.0
101.38852220470471 54.34688575028359 0.0
49.53673363472837 11.554232132958585 0.0
94.71951970709196 57.54843677668331 0.0
6.9580605099231585 43.94129637381739 0.0
162.50544863559392 56.31841018424932 0.0
40.30181502783403 38.66730266022713 0.0
128.7528401962104 173.34321140044807 0.0
134.14314672373325 61.726567769933595 0.0
126.21983378360116 107.11435478801864 0.0
30.74679510860987 118.38345125787313 0.0
173.17614125437365 184.66957687331248 0.0
72.67378333596051 87.44700136726347 0.0
102.86015123914987 152.32319339462913 0.0
186.69913970691613 49.55596932836852 0.0
130.52703491087146 146.35959496077442 0.0
69.42280276770019 127.71759220749273 0.0
176.77070832825615 133.51524198825913 0.0
159.36981889577123 121.82006403769981 0.0
130.8415181493004 40.17628730539889 0.0
36.0400211663628 163.56532461462774 0.0
133.97071405323513 199.57023163128324 0.0
73.28150447322392 144.24519141633857 0.0
90.25171750647645 37.831881901237054 0.0
92.52618169039546 175.01049096812858 0.0
171.4172859495307 92.67524435298824 0.0
10.839832030213259 27.759458301892902 0.0
71.89077889775312 112.50455568479974 0.0
59.40311215899181 174.49813880500068 0.0
191.77875055096754 119.14936492273547 0.0
59.95399307601177 94.00217056100877 0.0
178.0111355440501 134.0099758739512 0.0
89.88629734580655 146.83584327023254 0.0
137.62445282986704 165.25119653938927 0.0
41.11287277395854 133.2608948556744 0.0
152.22239060118957 32.78391362882647 0.0
83.46617720934164 43.29410102768796 0.0
68.93729072352697 68.125562067359 0.0
80.3230240910527 84.14922911066999 0.0
120.75509356044567 67.83208514464323 0.0
172.30432514542017 27.525544140956605 0.0
137.85528399082233 102.04560292606747 0.0
44.31469540422901 57.68154314907188 0.0
151.6566395703233 83.80354888480738 0.0
21.850899510801767 20.95926556592296 0.0
64.54836221798847 190.10654212889665 0.0
104.42218001514492 78.40095170777826 0.0
160.82554541649782 92.34392284266009 0.0
137.08946736905938 45.326512879085755 0.0
168.13670058885359 101.52736381155884 0.0
145.54472696804257 165.21675596799173 0.0
143.79037154306667 162.8845732164473 0.0
15.815544533938874 109.97392714444723 0.0
56.55676588683964 144.71664147327388 0.0
186.594286092863 24.607605381813148 0.0
162.1394827572844 58.02415610503313 0.0
40.35510136304941 41.620686361016304 0.0
129.28140283411526 116.25879260267358 0.0
28.836277494344763 78.84662338046256 0.0
163.50798703638915 98.65862635603462 0.0
49.12921595444955 104.21570804200324 0.0
96.80013962649691 115.97696359960857 0.0
198.52974036567005 1.9047800377197666 0.0
164.02801676648536 194.01609070355147 0.0
179.47119125420187 106.55121523345343 0.0
170.76603829913347 88.228865878146 0.0
100.27298429216584 185.68872100143037 0.0
172.1486605396534 21.75266254053543 0.0
23.10237286175758 145.2889114204814 0.0
28.715258350757477 199.59173278926218 0.0
147.46109941373896 9.269316395159644 0.0
82.73176199331445 193.26560754612186 0.0
185.67289016392849 181.05495687014343 0.0
107.26563392956425 13.092719738635417 0.0
86.2615246074743 33.75718519643984 0.0
20.32984166395666 89.38002841005161 0.0
191.77360377790757 95.26011255851546 0.0
27.70055370790856 69.14093054908727 0.0
179.513906379438 95.48145134311316 0.0
60.552428374709486 101.56534062160256 0.0
126.82547746374703 125.30116823509312 0.0
7.844257484363726 133.317399893659 0.0
166.96056832652005 120.12795876200914 0.0
108.42698013294961 63.83777415411402 0.0
57.25265301640656 25.800013321499506 0.0
164.13496530020396 21.179177595968035 0.0
168.2137597823645 130.4932269034331 0.0
162.66070340916687 110.50515152240727 0.0
120.34547162975524 153.53651339121728 0.0
57.801954598971086 160.23387889650158 0.0
144.8659841367131 170.51035758442677 0.0
44.70951782849981 44.910223237784905 0.0
25.21966808857501 123.73152559535683 0.0
89.05293714119227 99.24085393207365 0.0
188.1496573985969 118.20316429346536 0.0
121.56035146653059 154.32877686524168 0.0
156.278036415246 135.33624409338321 0.0
193.17790633720745 24.995288373037905 0.0
148.5522976549208 10.224813735706139 0.0
1.1331285196902963 56.17877537559557 0.0
120.58073819286503 112.98412391719499 0.0
142.47575157587622 196.75147042186907 0.0
173.79357497103098 150.6371419929761 0.0
29.208570466871464 10.696793151235727 0.0
30.530616266470687 63.261700987347645 0.0
7.909874287115759 58.4414392601579 0.0
171.57038513190685 126.58695742935575 0.0
66.78819186410809 185.23797702598986 0.0
63.279638850526766 92.95444495110583 0.0
184.3990620829046 38.84531422262538 0.0
63.47628720137979 103.53558361362968 0.0
76.79261337903642 5.355802207924065 0.0
88.26282929375668 186.92402365587782 0.0
33.649854224587926 99.86955107763977 0.0
146.50144296604716 22.697854551681363 0.0
99.00454787502242 177.8178459952287 0.0
4.265870604473987 93.27312337829741 0.0
48.436692014021496 143.08930995390082 0.0
128.51945635581188 173.34684679254065 0.0
42.16264324643018 20.71387148574566 0.0
77.43262822879235 113.45412166611992 0.0
92.23601732093303 34.71128113055493 0.0
54.167186832722926 62.64057113197481 0.0
172.11246777945973 185.8124188583167 0.0
21.618912805194988 44.97788953353181 0.0
118.12068883996005 59.113148760057 0.0
187.5239601720216 155.62689506628647 0.0
24.920853032466983 108.32220983755245 0.0
12.498650391924837 174.37889320717096 0.0
20.820862898464966 61.11595976488873 0.0
167.99629682066802 108.08294107195073 0.0
123.85989640147139 169.21457037078335 0.0
76.828753578469 68.09293027798526 0.0
125.85763241266538 187.14566887453233 0.0
5.814472478776289 164.84519461085225 0.0
129.16681303279017 5.263130935191729 0.0
148.2789131316632 158.9036957882013 0.0
69.65567065096 185.44009277113827 0.0
133.5471428479417 46.286601209425 0.0
99.48593477815628 51.957085499808755 0.0
131.2326378603601 175.6144609544659 0.0
74.54115403047814 75.45748917598989 0.0
180.04028609712753 95.59687906087504 0.0
193.89909502809095 54.44421938654329 0.0
163.96566549163992 113.60107346747728 0.0
72.53114355050828 46.64310858414513 0.0
183.18672032206882 109.52228328542155 0.0
193.4505913206437 131.65996768341694 0.0
122.60811247564236 93.90258442091164 0.0
181.82076614405932 96.70986146366758 0.0
7.9324093157253195 125.22115111574881 0.0
71.07312102346248 28.798784489630023 0.0
57.29654660675871 108.50571230007648 0.0
89.87435915993186 169.58938753206644 0.0
185.92586906003763 85.8913404629661 0.0
88.82074638574097 43.28400566947823 0.0
101.9222624614126 99.47939096856855 0.0
147.0268939245797 3.209826388550674 0.0
43.21687484547372 157.82595818549382 0.0
151.31529468881786 159.39254648950572 0.0
48.88198079307111 69.61568807929004 0.0
24.50191759206104 147.25647329670383 0.0
32.4107203338585 121.55352180861163 0.0
194.31239135300632 176.69058552347587 0.0
30.237262315527502 172.23329763473305 0.0
40.75218767032784 61.07158214328261 0.0
35.68433426921847 109.71886906069967 0.0
37.29333950444995 67.43657768966169 0.0
196.6888227424266 177.79990653393102 0.0
110.029388933881 51.849611126454164 0.0
55.0704033341221 14.361023048902233 0.0
178.9891466775949 48.10775525561737 0.0
135.7721065692992 165.02963436063916 0.0
117.0890489965115 63.284097203253054 0.0
156.41588285216943 136.2442723059485 0.0
64.74292854835177 100.20647904644291 0.0
20.680233450387277 134.1118417797938 0.0
171.93697817916166 174.82247124085063 0.0
183.42100956144122 98.89875846747837 0.0
4.616947160170026 125.50254355740667 0.0
131.1206642257127 89.72751424739339 0.0
48.52345872510344 121.68500139153342 0.0
8.165154946193788 100.02674587498952 0.0
171.15052396891096 170.8678414203053 0.0
37.611836051238654 191.50950895027103 0.0
161.29143598177808 195.80417216563524 0.0
134.52577491264066 22.930897156191588 0.0
155.67507473792918 7.859510295935435 0.0
190.6259184823653 19.602902973338598 0.0
83.48499471602287 137.84071205429322 0.0
120.89661697228964 180.62074248892927 0.0
12.0925230005261 2.207915487992418 0.0
105.98410238626445 52.981669516012644 0.0
61.12426142332013 80.43252502220881 0.0
138.6115584378495 115.25364722895084 0.0
167.023361472927 58.365589860654346 0.0
187.91049753737394 108.17797826993016 0.0
26.55315735882555 52.83279981704463 0.0
32.48019358180716 125.56648199896017 0.0
25.230577901810115 74.273563331321 0.0
81.15101351865333 136.08032144769035 0.0
65.4660909967473 7.093524103431781 0.0
99.84154177257409 44.95428352795261 0.0
149.22570131849415 191.50112454461186 0.0
93.56343538348793 24.45673624275684 0.0
141.31990884758747 175.95063713508353 0.0
54.54205861329553 42.852120769085204 0.0
141.9632462785735 175.91544550897606 0.0
80.58492415957967 103.85939822594588 0.0
131.03739748572693 22.56712098867957 0.0
92.24417755695752 72.07643819380385 0.0
11.529764865507964 114.03719375840564 0.0
32.98320282354359 104.56680430457116 0.0
75.90846945234927 92.29024768173994 0.0
23.47173538623961 34.78214592477498 0.0
46.73381532939474 60.23845404212811 0.0
59.29772190254165 162.21977057583862 0.0
1.5954078425718388 126.5792151429267 0.0
90.79839429280649 189.69163472802853 0.0
82.50300200513306 119.93917798208484 0.0
104.37695953342813 119.80757247903856 0.0
111.14836035630857 49.25945939245055 0.0
136.58542735553175 173.25205556231737 0.0
83.9944475352735 103.95840770514981 0.0
195.4182142107314 23.660424265922366 0.0
4.937280297913338 85.25989229229809 0.0
37.67505614826925 57.37706107760945 0.0
28.324865452807167 139.17657086604896 0.0
56.91606740568827 161.1045193955667 0.0
