2 869
3 490
4 18
6 49
7 930
12 721
13 993
19 228
20 93
22 172
25 48
27 841
29 933
28 540
31 905
30 883
35 309
39 657
37 828
42 867
40 234
46 772
51 710
50 100
49 988
48 974
53 252
52 764
57 966
56 45
61 522
60 759
69 676
70 16
71 652
64 766
65 649
66 119
67 663
76 348
78 258
79 333
72 221
73 489
74 571
75 762
85 252
87 680
86 651
81 89
82 530
93 11
90 798
103 32
101 352
99 182
97 943
108 846
106 335
107 881
104 104
118 615
116 523
115 79
112 472
127 986
126 810
121 11
139 199
140 395
143 609
142 514
131 441
130 997
132 668
155 595
158 964
144 823
145 976
146 59
147 424
149 463
151 943
171 6
170 667
169 661
168 494
163 431
161 70
160 990
165 998
186 105
185 15
178 665
179 846
177 494
180 19
198 101
193 513
195 4
