4 55
5 592
6 927
13 528
23 330
22 271
25 250
24 98
29 157
28 865
31 633
32 884
38 264
36 109
43 443
40 925
41 934
47 678
44 892
49 11
48 314
52 56
58 337
62 589
61 276
68 47
64 215
66 597
78 803
72 428
74 997
75 631
80 541
82 325
93 904
92 778
95 706
89 384
90 300
102 385
103 543
101 604
98 607
99 862
97 870
104 188
105 826
118 53
117 242
116 408
126 282
124 241
123 952
137 89
138 819
141 149
140 689
143 441
128 555
130 289
133 788
132 389
135 364
153 654
156 224
159 593
144 235
145 464
146 863
150 942
171 382
170 183
169 262
174 778
173 187
172 66
162 706
160 716
165 355
187 329
184 652
191 946
188 701
189 773
178 949
179 497
177 111
205 198
201 61
200 32
197 679
192 392
221 364
222 201
216 503
219 507
214 499
208 350
210 319
239 654
237 629
236 684
235 293
234 720
232 912
230 942
228 279
225 786
224 432
255 889
251 385
247 260
245 778
242 631
241 266
275 802
274 133
273 483
279 769
278 963
276 76
283 600
257 237
263 959
260 337
261 829
266 825
270 338
268 795
269 193
304 558
306 224
309 8
311 439
310 227
315 455
317 198
316 134
319 672
288 20
293 660
297 712
298 704
299 699
300 685
302 173
303 837
343 742
342 772
339 67
338 965
336 353
351 643
350 580
349 426
346 296
344 205
326 276
325 223
323 950
320 60
321 454
335 958
332 515
331 492
328 778
329 222
372 112
375 119
368 301
371 578
370 874
381 938
380 220
383 429
382 777
376 700
379 550
378 393
356 725
357 894
359 726
352 487
355 612
367 934
360 186
361 225
362 561
363 822
410 379
408 308
412 660
413 753
402 673
403 905
400 778
401 550
407 274
404 633
405 257
395 964
394 502
393 136
392 330
399 422
398 290
386 299
391 260
390 208
388 855
445 516
446 33
432 271
433 7
435 340
438 447
429 816
430 892
416 904
419 389
421 702
422 261
477 204
472 535
470 447
466 661
467 691
464 409
465 504
462 345
461 905
459 828
456 932
455 982
454 96
453 727
451 876
449 373
509 518
510 429
505 288
506 285
507 920
500 359
501 187
497 723
495 655
494 847
489 333
488 743
491 569
485 800
484 523
487 926
483 907
482 324
550 873
548 944
546 170
545 564
558 943
555 6
552 433
553 518
567 153
566 138
564 324
560 846
575 640
572 706
571 811
570 915
569 206
516 826
517 930
518 764
519 703
514 749
515 741
525 295
527 746
521 896
522 577
523 326
532 495
535 235
530 14
543 583
537 635
536 677
538 200
610 799
619 111
616 659
622 717
623 346
620 567
627 764
635 161
633 289
638 350
637 500
578 980
580 344
585 278
586 635
589 61
590 627
591 869
593 289
595 961
597 804
599 803
601 33
600 564
602 468
605 464
606 423
687 623
685 548
684 371
683 55
682 234
680 262
673 588
702 388
703 145
700 837
694 979
695 961
692 418
691 885
688 34
653 775
655 783
654 361
650 901
644 220
647 951
646 656
641 386
640 988
643 935
669 458
670 571
671 95
664 349
660 540
661 529
656 527
658 357
659 742
744 810
751 204
749 988
748 502
738 139
737 5
742 346
741 859
740 952
763 797
761 277
766 447
767 312
752 600
753 24
758 457
756 750
757 441
715 338
714 535
717 154
707 321
709 275
711 69
729 671
731 806
732 41
735 868
720 205
721 830
722 321
726 738
727 462
800 438
786 138
784 473
796 366
795 883
793 891
775 431
772 891
770 796
771 716
782 714
783 916
781 322
779 961
776 293
