3 239
6 395
7 30
9 742
11 342
12 605
13 101
14 842
17 638
19 1
18 636
21 450
23 738
24 16
27 138
26 243
28 190
31 193
30 287
35 725
32 165
38 918
39 532
43 580
41 449
47 709
44 353
45 960
51 188
48 677
54 504
53 137
59 566
56 395
61 886
60 180
68 832
71 208
64 770
67 74
76 36
77 432
85 910
84 499
87 672
81 738
83 507
82 486
93 703
92 327
95 865
94 963
89 223
88 785
90 811
103 672
101 298
111 137
106 817
107 308
119 348
117 221
116 663
113 451
112 907
127 340
126 643
121 791
120 501
136 687
141 332
140 671
142 547
130 391
133 37
132 791
135 490
134 797
153 945
154 619
155 530
157 33
146 729
148 217
149 272
150 818
170 865
169 66
173 86
161 478
164 744
187 749
190 154
179 136
183 462
205 753
207 196
206 124
201 120
203 468
202 177
197 135
199 670
198 420
193 165
192 383
195 446
194 737
221 501
217 972
212 482
213 70
214 651
215 123
208 740
211 466
239 722
237 181
235 425
233 367
232 792
231 552
230 235
228 78
226 404
224 626
254 993
252 725
250 613
244 925
243 273
241 751
274 930
272 795
279 982
278 166
277 776
287 335
286 965
284 951
258 598
256 509
262 968
263 2
266 36
267 984
270 317
269 108
304 338
307 703
306 401
309 979
311 5
310 114
313 974
312 813
315 772
317 615
316 940
318 117
288 769
289 907
292 84
294 684
295 850
297 367
298 671
301 528
302 95
303 33
341 821
340 99
338 503
337 668
336 681
351 635
347 83
346 261
344 1
326 793
322 388
323 314
321 604
333 280
331 304
328 121
369 396
371 148
370 975
381 659
380 619
383 29
382 491
379 756
356 338
359 327
352 790
353 975
355 589
366 574
360 655
362 842
363 250
410 603
408 132
409 627
415 480
412 262
400 131
407 78
405 284
394 134
399 435
397 364
386 14
384 429
389 301
445 745
447 954
434 361
438 448
425 842
427 955
430 880
417 74
419 553
422 282
478 467
477 610
474 287
468 332
467 973
464 298
462 245
460 465
459 17
454 795
451 415
450 832
500 430
496 24
498 838
493 809
495 632
491 892
490 344
484 139
487 251
486 288
483 557
