23.83689218540548 194.4015921490064 0.0
38.98990998263656 82.40033477892564 0.0
142.84164149694877 66.2962382346695 0.0
157.6247672522048 78.8487225400788 0.0
171.77472830534236 57.63616248098684 0.0
124.94297909823227 128.47281039711018 0.0
133.95796878498973 83.20291540188454 0.0
152.86628324945588 149.8465458248155 0.0
68.94565514823339 96.62697216032095 0.0
11.857084031173958 120.40685665246218 0.0
31.02757772056104 138.44505116862675 0.0
41.18606724106246 77.22786699615239 0.0
90.09583292121684 83.6235592161319 0.0
36.444602555076536 175.0768686878837 0.0
188.20180443472313 3.446894807740253 0.0
19.288499066923116 90.96698572162583 0.0
10.012599795418776 169.36448378231376 0.0
27.4074383883953 130.2420898095096 0.0
36.508898727136966 195.33601712588967 0.0
1.972345606086101 111.29953076170314 0.0
68.64917422654429 40.40935817989833 0.0
195.3206630108313 84.37683114486457 0.0
131.35785537477818 174.71113851854975 0.0
73.39740298380606 174.3986025537579 0.0
198.07797216706984 149.72528946390625 0.0
45.47753664338037 128.70036955094605 0.0
12.261534395489605 107.67997840670272 0.0
117.95324835049759 97.51626005326924 0.0
24.55378689993839 15.058957670800787 0.0
139.47724198986856 178.43782542571228 0.0
113.06021555079072 11.698366055167607 0.0
81.51124297797824 115.62159574372272 0.0
108.96807102801948 29.62558653027343 0.0
181.33650713056633 60.34324533547266 0.0
10.926923852283199 154.74189226056228 0.0
163.841104997153 71.56663155082165 0.0
138.97560858237094 79.64605818968596 0.0
153.9064288139818 63.51614491806012 0.0
152.43574437176028 27.341313596615755 0.0
92.97329336031265 191.8113108649252 0.0
36.074773570197216 113.26342722478253 0.0
81.37572171125717 10.54272058300516 0.0
44.97435136065056 57.01296635309032 0.0
82.28842151441846 129.73879705557957 0.0
190.92265845519245 55.370072073950794 0.0
43.641631863579875 155.99310020753214 0.0
151.7820519352905 84.61548977288173 0.0
121.11499452260948 8.59239093496269 0.0
90.16632998592446 112.87675854115544 0.0
118.32977415970178 69.30569978856722 0.0
178.89455592261118 72.16401290554471 0.0
99.61666278833081 46.06524328143704 0.0
48.07143178995412 164.95481923215226 0.0
176.2441574059531 109.09011734433822 0.0
92.276728909366 161.6331717370376 0.0
118.75032635245455 192.5741763701474 0.0
6.2294075406241545 182.78274890108048 0.0
106.02863745433484 145.87969510074942 0.0
53.424595223781225 54.28008260172719 0.0
186.07624268465653 65.2488248945294 0.0
14.624592426417848 73.32844192378283 0.0
93.82102767840475 40.365057576474086 0.0
111.71781660031787 130.01864896726 0.0
148.20145852837533 109.66735807160073 0.0
57.34239159552503 191.6983197208871 0.0
33.68114749567681 34.13982067694003 0.0
141.80392666747167 176.3763290884575 0.0
160.6377917363066 171.37003950850095 0.0
136.19986632120643 16.58460265920518 0.0
194.57405163729376 59.98981070359009 0.0
164.29553359825456 46.56471628886764 0.0
45.85561660053396 109.18187023187471 0.0
175.57989738676082 133.34197872483105 0.0
119.68967467009328 28.756960076386573 0.0
38.06178447432957 16.195120460890532 0.0
140.31467414390085 132.37555506628652 0.0
161.7502240839451 119.22491306568163 0.0
183.88015582356877 199.8091456602513 0.0
162.39527539123608 58.17041462626009 0.0
81.25322495171801 193.7060511743071 0.0
179.94859239864456 175.3168581474422 0.0
84.9960860774264 192.14726911374527 0.0
77.33576493067096 105.28441710418608 0.0
34.01672875750788 20.34797321713033 0.0
62.51528544566904 199.68260117007927 0.0
194.90294405235505 43.18077511522185 0.0
100.43181393250107 20.06002991557039 0.0
110.70731024735181 14.767031991974244 0.0
11.35422055264117 46.27502189992858 0.0
145.95893732773723 172.20286963185453 0.0
188.2216957814278 41.35739353978971 0.0
180.93530407501834 107.55686594174394 0.0
8.003985892631693 164.1274632918499 0.0
78.73553510042657 155.59671306292742 0.0
60.71479103806268 127.28333378675461 0.0
125.4540953390707 94.27239321937748 0.0
74.59989824749591 61.3630372302878 0.0
26.761919239133334 70.80381316988687 0.0
77.15472271248322 63.93329682574387 0.0
33.45949636006793 38.29105413316607 0.0
99.00850695563075 88.55203647129248 0.0
164.07461729680176 16.085858351870908 0.0
1.3454564408412084 59.497076445930894 0.0
94.33492816312162 171.73307612581775 0.0
187.41565393831252 85.94876766375859 0.0
91.3535549663328 63.111298135602276 0.0
44.82167997762097 193.25956684300337 0.0
184.62366687543243 176.4721266432072 0.0
157.649429921716 89.13901974530359 0.0
186.42578707168883 149.39782650174266 0.0
26.144628149591576 139.02773920854884 0.0
1.0093772504687237 177.26750839732327 0.0
36.51921870516161 137.6294304369799 0.0
94.91814905008124 67.64213303112197 0.0
134.60468109509526 32.5152139974068 0.0
40.08620097899176 29.049207245060018 0.0
74.45213830025301 80.9099785432869 0.0
86.84010738878744 158.9680462005029 0.0
36.61192726668996 2.215524331647023 0.0
175.69965031079656 130.38702020305254 0.0
40.70806632110302 126.52090501481257 0.0
54.87798689730543 167.12444424210653 0.0
113.05597878765357 133.29544092625903 0.0
34.639531434004866 45.17500080451418 0.0
12.454524177639726 124.65525620729991 0.0
180.18194119524276 160.6640772680689 0.0
65.91626193280555 84.03958661554736 0.0
21.466206250308375 64.5625014723401 0.0
120.98270728997089 33.82830908110073 0.0
141.4267772414231 80.13463882115165 0.0
182.4040628735736 24.37750075894385 0.0
93.25137079939887 91.16304862431754 0.0
168.34585391941158 62.1451656521272 0.0
192.9280166758848 117.31323502322513 0.0
194.9175499676445 16.024549988353854 0.0
35.01464854017045 77.57228399110862 0.0
77.7012294033404 28.69775408652202 0.0
87.59434801362154 183.51562375551705 0.0
125.09102740115283 3.7678083228443793 0.0
36.637237836691526 101.22626597737406 0.0
190.6369794842505 139.6224209321455 0.0
70.49775858442405 174.0113854531907 0.0
150.21969957827568 37.428230097101014 0.0
22.033859702467584 7.631309412407616 0.0
74.76508630679261 23.349469598273664 0.0
18.842600095453598 185.5762742686083 0.0
180.3411489121222 194.03033558700963 0.0
31.364231739947158 3.996712654946055 0.0
154.86172100631202 119.57581318532853 0.0
54.11483945800266 94.21307360849957 0.0
84.25482876352875 119.71065678286767 0.0
7.065384364249905 35.30151314562124 0.0
130.83614450629014 166.4920446219703 0.0
2.1927055417058527 150.07212284300522 0.0
152.76076971129933 160.896215347645 0.0
184.4860020347017 24.826621861835285 0.0
195.80955326620452 180.79513840497256 0.0
127.20003267148914 96.60282876100239 0.0
37.39877556852858 104.28427872068298 0.0
137.90406833025207 111.18349117957078 0.0
117.58496348268956 175.01803772537792 0.0
14.883539842726169 170.96734794119124 0.0
52.96938034423677 195.1546053094912 0.0
182.70905570688868 63.87066808703277 0.0
96.78951409423449 106.70740237111652 0.0
131.29525855303874 192.74776702439482 0.0
182.11777550972826 153.54549178525545 0.0
84.5299343027748 109.38937980405396 0.0
164.97034914752595 3.9807488378427847 0.0
32.56140336050699 197.97796854666788 0.0
170.26198025901982 157.82481703343953 0.0
76.09022125771523 49.949499281811846 0.0
135.9253719588209 61.9942267457344 0.0
51.51891445800327 125.53143928320836 0.0
149.14648945472334 15.187367462887625 0.0
32.571325541167596 6.797036146672353 0.0
173.55013146623745 154.85229428644735 0.0
137.00094104144128 112.89632052137696 0.0
77.3026853597751 188.6096784579456 0.0
106.26544700830645 170.1945139737547 0.0
89.48203336856857 57.49053828808708 0.0
171.55246048898414 8.368893137825207 0.0
135.69719867256424 199.7936483648014 0.0
171.2992891487064 188.08540478600543 0.0
133.82321840289393 122.06289715204161 0.0
143.35736918422762 156.69676262536603 0.0
66.84956606061274 177.6301612866792 0.0
79.209792093087 75.47388480682851 0.0
92.223227340904 3.3645069175620934 0.0
198.15821764866098 165.20303082190387 0.0
95.70030265513478 171.71399445059683 0.0
176.15320643744656 176.55119412076928 0.0
152.6028799928307 77.82146596084006 0.0
46.94989154375089 7.4226405109031335 0.0
120.51077395453093 100.44123598950824 0.0
182.52868017735722 161.59982105693052 0.0
54.80040882274504 50.57872517342143 0.0
55.22845442131788 71.28219901722197 0.0
112.07603179274426 53.220478471728285 0.0
185.7976778216318 90.70676563741269 0.0
86.42129085539247 95.21737975519741 0.0
189.57642845057714 8.85449527999631 0.0
109.53188110136051 116.32901253134457 0.0
147.28042334964465 26.31711929673426 0.0
138.1729153358747 120.63262460110839 0.0
47.36572154993244 94.71900311535614 0.0
51.03744493939195 141.94532914488184 0.0
173.71066671000756 126.65927630928464 0.0
81.96532667644017 9.603558519717726 0.0
45.35953228619154 49.959538957059266 0.0
127.6144751481172 129.88908785269797 0.0
54.329981916159944 2.072914292985484 0.0
185.05940217899362 123.58618419941054 0.0
92.9943888152273 138.83043086281748 0.0
198.42463885201363 141.59991460467336 0.0
14.30287408483264 166.27109945934865 0.0
123.5435863484138 18.260766808632447 0.0
126.12361895408253 195.12235366335574 0.0
55.76603859396776 115.88617311762792 0.0
85.23395562700908 64.56771805309924 0.0
8.420504032386589 164.3648459918593 0.0
127.00350451609033 85.25915276930796 0.0
178.07024251939984 5.97501530949891 0.0
143.5683780402594 11.101468952146565 0.0
87.58470980340927 118.34316100526046 0.0
106.30337378564052 165.15685770659024 0.0
59.1810272631913 107.39497241688679 0.0
117.6568644486903 17.087700827458075 0.0
36.972748297177674 37.345689876431074 0.0
172.92084205079647 137.87614382036165 0.0
52.19613230579343 96.22228358252588 0.0
114.26650996787674 142.12935118536058 0.0
4.166894681721001 83.1051115059884 0.0
67.38349430352815 169.09952517460002 0.0
116.15323292275433 147.2222786535838 0.0
65.31865182765056 50.6181887354376 0.0
17.733706758128154 109.2248871250586 0.0
184.61824237750767 167.46449387403578 0.0
103.84142006322948 151.41700452676517 0.0
145.63501358301534 105.25764471875326 0.0
25.57870869339871 76.40925065493964 0.0
161.86960145940077 186.7838456221031 0.0
79.01939279159677 102.61037154798875 0.0
62.47343875710762 179.7384778529391 0.0
75.59843772404233 90.16635653703138 0.0
157.54816145696833 157.18450955966415 0.0
1.321676959715723 172.4020942392323 0.0
167.6343929144996 22.598536177132168 0.0
1.9111097559666668 5.515780702002293 0.0
196.79045494654386 2.1960342813149625 0.0
167.1340384910484 43.221617923695234 0.0
192.9195360977186 54.2978261806305 0.0
29.947136689393684 193.23171414336773 0.0
9.511522515175152 48.8200555246084 0.0
44.71941835522686 118.91333979454468 0.0
59.72358187818112 129.54018379069242 0.0
163.68076182515694 112.15302539293918 0.0
36.73139659150526 87.61198534585431 0.0
191.8755889067237 82.40434133036851 0.0
63.5407136619786 46.87275015276544 0.0
68.28405363170089 182.09145536739786 0.0
130.95676136731376 89.80613055865928 0.0
194.4058154528421 119.9858854683045 0.0
184.16680579415095 37.594587011706196 0.0
11.484537640179626 101.86924456308932 0.0
126.39904119623206 38.515517501768294 0.0
13.683730175263253 181.73994759203387 0.0
122.378694769911 116.00554373019412 0.0
76.90765757314371 7.017368151441961 0.0
104.81016166050861 181.03771286875795 0.0
181.5937037604837 97.64199351247271 0.0
113.87173170517879 23.026771847661152 0.0
112.6853588852584 111.66568938291887 0.0
32.71723718245354 59.29780292720188 0.0
131.1279829581408 18.871295850091485 0.0
21.236922469649322 145.22404242930756 0.0
128.61206181746357 129.1562351641117 0.0
95.8374308615552 125.45985215229652 0.0
0.9217736243150476 103.86001838797345 0.0
54.75883746092134 41.26515929051382 0.0
105.12920240407728 15.910902725770404 0.0
106.45425084471074 199.73808257872278 0.0
102.00758664263903 18.612307650477945 0.0
122.81557507116847 57.84267252005082 0.0
27.41967856971119 33.084763993474354 0.0
9.536515499517883 77.43899207771912 0.0
85.07008141459794 70.82466747021905 0.0
62.66205768242836 167.09323158099824 0.0
7.893390186312499 170.53628998978382 0.0
163.38122636609668 42.26566031372172 0.0
96.4826006322141 47.338842387180605 0.0
52.37782056235294 7.544700456385889 0.0
10.345140191743196 27.645740855731372 0.0
120.56166609400638 92.91557234625706 0.0
61.40676066460251 74.45848415256198 0.0
154.76067233427585 160.6224322329976 0.0
139.06615865590067 95.51290523969338 0.0
84.96186646241112 140.00308197157224 0.0
82.23623017682884 70.66081973059484 0.0
193.94732927891116 144.7457823769845 0.0
106.19047070219123 35.065507657191056 0.0
70.67878008133712 80.33787010166158 0.0
190.66600617826057 11.234602521506055 0.0
15.542424493281226 59.04631024879112 0.0
140.55741636396024 195.60951674349297 0.0
38.573391769257846 105.5906081920271 0.0
141.668458699642 74.37558159014415 0.0
31.037022476394483 58.73871979883558 0.0
51.371488149393564 68.35259998687859 0.0
136.25196164381873 52.377067276889534 0.0
187.65730279435545 188.27073039030932 0.0
197.2979284085614 94.17593385715041 0.0
9.940813766004176 19.431932532461005 0.0
17.25874171918238 50.79193477725135 0.0
21.12088976250519 148.7025159629043 0.0
31.909094057223687 195.6194915392245 0.0
62.775484050889 96.97771144267261 0.0
65.26133271483205 178.42360795273555 0.0
124.00590327759689 126.70440390434598 0.0
115.14627695585031 35.75652162022125 0.0
39.32701332473465 156.74352190955122 0.0
199.01000349780426 76.88115612714353 0.0
12.13285678479663 35.79892329672272 0.0
179.36627416028443 151.99454249457474 0.0
167.65013072564125 0.8348606113304013 0.0
183.85213241260817 137.86478165341677 0.0
112.92455384646524 78.34947050486014 0.0
136.59195130408858 60.5653579644158 0.0
161.26823593434216 74.0670506253229 0.0
25.58313017370537 115.8109583369005 0.0
64.7287722033849 40.55714175910945 0.0
45.074327162511096 144.46928010232028 0.0
190.52365377189656 112.48381583669789 0.0
72.41501400562065 74.14355493085263 0.0
76.01646882794029 155.63384048424624 0.0
65.6129448774337 47.29093502078705 0.0
1.694061314566997 188.56772392316634 0.0
100.8438839270807 22.162114972515123 0.0
32.73671458360723 4.682906079926674 0.0
108.4158124046654 154.91788130382065 0.0
97.15624137846872 47.6737941673824 0.0
111.19762732644342 49.59866166845215 0.0
92.10958275132168 174.8184877613471 0.0
121.2801388655941 197.19335504755594 0.0
139.87846002278144 80.21749258811957 0.0
8.645011827732475 15.874161844569334 0.0
151.138320736487 44.05497126031466 0.0
19.8751061511935 51.534295269377296 0.0
195.52271580142474 124.14837636935879 0.0
195.44744938117108 101.08595061429271 0.0
28.121991964289727 112.4976685843305 0.0
110.90795461446103 80.54598896444287 0.0
75.43807943583445 142.24062050916052 0.0
150.23472121763302 175.75739234135358 0.0
45.44985022185652 149.36599369727358 0.0
108.95464157079411 185.66453278243526 0.0
93.82644465443035 68.73170505873465 0.0
120.08584080265999 196.3809588512517 0.0
151.95871839154097 75.38045203846046 0.0
97.7362337232064 8.858368647061754 0.0
2.361809033632878 169.84047948230364 0.0
101.19636380097272 83.78604964167518 0.0
173.13456975888028 150.04462353030183 0.0
36.622442733620055 164.42017820797628 0.0
115.54451138426394 112.69590187968161 0.0
133.91337732142193 191.36275739769118 0.0
27.439656855199736 83.35343271866012 0.0
63.14336521935571 32.88033235288632 0.0
90.07153110714357 187.20761744810108 0.0
187.91938953645453 120.17281266490284 0.0
197.04632492364456 141.45890208740613 0.0
92.29086172802943 99.07317917939989 0.0
71.50413450068702 175.40974992113212 0.0
163.34642198149987 87.97903764625623 0.0
191.25883857733987 165.82474030580812 0.0
63.39067024264979 66.38743072936919 0.0
171.51419845184785 12.809042049019116 0.0
183.60152413823468 109.22447294023543 0.0
190.90443175414757 75.40086459270326 0.0
35.32660383350563 29.231858869596582 0.0
88.99032214962529 36.26864286235802 0.0
5.684942571673757 92.99245503206521 0.0
111.97486930358609 71.34928197177473 0.0
180.8980457278104 35.747585953633006 0.0
138.28511238677825 62.95881338400602 0.0
23.78224320120006 15.978932035297433 0.0
176.79973776096253 13.852412210607046 0.0
181.09197965498518 22.798205980508833 0.0
197.8847963023316 194.90575167359893 0.0
191.9115876830419 177.50820459831732 0.0
131.03269850998643 90.53523698470781 0.0
170.05084473446857 155.2689846322242 0.0
142.78245921366596 93.66981930038082 0.0
41.40745503373089 193.6233958644229 0.0
94.7320147662303 146.03243107485827 0.0
31.51741849126408 51.706387316883905 0.0
173.83615526809214 119.68444016417898 0.0
19.022016922629014 37.28286571222041 0.0
85.81656025073201 92.2317930837553 0.0
97.53801279576537 28.329211911510054 0.0
107.39310958654742 180.786844981752 0.0
21.425450312477246 81.69384187255008 0.0
104.17853604948586 68.72516575297844 0.0
150.20522356597317 143.44252317735362 0.0
138.4612968822175 184.47199047287268 0.0
51.88644803011875 153.81449357949788 0.0
114.73423018798692 72.99815293543097 0.0
77.22146687457929 74.28568491324745 0.0
40.70964353892745 38.40087573720534 0.0
174.91409918764023 55.05573376275308 0.0
117.69394657879563 29.88983671533456 0.0
182.06458551239976 108.34572705295716 0.0
16.578071076880562 193.69449097902418 0.0
194.64250583432852 56.213956067357614 0.0
144.3324930055843 119.85377341871985 0.0
199.53673629889045 181.16727969707924 0.0
60.778668223723464 175.54466130396693 0.0
132.73929136840906 123.6659882377582 0.0
66.54134735105089 35.551503298930754 0.0
117.47784070111074 142.69036343950722 0.0
150.46921100863236 195.67304905707704 0.0
31.619288112808675 83.85751136557545 0.0
158.4438664001882 86.30984220927243 0.0
155.42484332453986 84.1472337063443 0.0
25.38032852821166 191.16951931179995 0.0
58.74465644145739 183.1161684234716 0.0
198.3546757978039 119.97318855720438 0.0
100.99798782142157 7.5495848585603875 0.0
171.1774905885326 84.24120201464416 0.0
137.7926796470041 149.8206577781312 0.0
149.3645891005013 81.6820646783768 0.0
54.795445677124754 169.7973043256921 0.0
69.33913126338025 107.4033823794831 0.0
182.47247650564765 115.95698295067214 0.0
106.83227347817068 79.10924662431702 0.0
84.57743738473799 83.44010189339211 0.0
26.832139707332846 88.64360221004004 0.0
58.77191894332656 5.093218392494281 0.0
51.06384460231303 73.68460464451674 0.0
139.52120978059256 6.123170139456691 0.0
148.86595328758773 41.09011119511295 0.0
51.41592076304566 43.8039521140706 0.0
193.46177665936608 167.33998898521733 0.0
25.32801948174386 0.7482115719501747 0.0
68.00651566559621 51.715971878927114 0.0
60.31745189280895 103.57567701783657 0.0
154.42423701066502 104.3053741827269 0.0
90.96345192543569 98.38105849951258 0.0
92.93135128369914 113.6100631494169 0.0
2.8024575249821826 30.224415452321107 0.0
61.276200144770065 57.48754133927012 0.0
127.81226320448027 145.937073665974 0.0
90.1070114372444 196.34624273345713 0.0
147.38996061063182 167.8567668822881 0.0
104.5135204792497 18.96250112839184 0.0
32.029028004978 170.6756843392314 0.0
61.67010613447565 98.98187628894206 0.0
154.90858221396053 134.40570938563107 0.0
140.6412843849819 164.11296831035386 0.0
30.865877697858714 143.53522447546678 0.0
32.79322907873783 80.21702487517149 0.0
52.73072987817986 155.7723076188878 0.0
179.88759267785542 8.9420770935007 0.0
123.75845840870747 73.33936463297258 0.0
111.81699146540396 110.24554160480923 0.0
17.90573768177195 115.60466243246532 0.0
47.07412524337211 30.094646631917787 0.0
38.95153467838783 13.906374292120315 0.0
36.42939593214767 38.829275381557714 0.0
94.97317088357762 127.74529501057724 0.0
153.924694173329 67.11716662384832 0.0
56.44531638486203 16.092447081907135 0.0
169.17384533112002 24.126708522736372 0.0
24.237535622296026 88.37827240477792 0.0
171.0929955190491 76.48787637618533 0.0
98.04387642419192 106.8004065853057 0.0
155.56701915177078 16.807221700558973 0.0
6.285694485683613 114.90724200412126 0.0
38.190904621139545 56.948034283815204 0.0
135.2868634809904 26.984935307000903 0.0
108.10783626695091 143.98223998560806 0.0
78.5281881819024 28.595707142802528 0.0
0.0984670057168957 15.665761519942434 0.0
16.045759667133865 110.6856787484102 0.0
29.45881878742329 87.4845532640812 0.0
29.545747737028382 88.00075460167858 0.0
7.836889573943062 94.76363884255805 0.0
60.56594249330147 137.11940740670536 0.0
38.08102056312157 1.0270037175465374 0.0
27.022210862214813 30.231484248138262 0.0
72.2857690114308 27.741310673079077 0.0
27.735784560874777 37.862524567740216 0.0
9.6038813098839 160.77184704782755 0.0
185.04514330579852 127.0633858433893 0.0
9.0258308519231 145.32439009126304 0.0
102.36408769166655 191.15515784389805 0.0
97.2111237064021 193.84196672470918 0.0
146.55536244256692 12.939950514536157 0.0
62.588369928206355 0.27083098557343366 0.0
4.247035709180014 85.35805825177015 0.0
44.32407679185444 179.30526731059507 0.0
6.726644543963922 91.89270976645108 0.0
148.3927088580287 130.6661310385582 0.0
169.8059461975903 183.59360885567253 0.0
52.86357728163349 166.16345445201384 0.0
153.05685917505258 180.41099400116136 0.0
100.65286082763534 131.23851837537137 0.0
7.077105289929442 71.60215932133158 0.0
20.371738254321613 102.87646053687946 0.0
47.9517749091094 93.29266749474785 0.0
164.5347356724336 52.22540061838195 0.0
74.83487491458317 20.844936251681425 0.0
9.274833684873563 22.9537459591451 0.0
29.582799177177634 129.50701408030469 0.0
20.84502336333589 195.32235583586979 0.0
86.62935506146468 148.88478290200672 0.0
61.56855400448775 181.14377522289027 0.0
56.79989197310642 65.1011511863606 0.0
81.5331132698025 26.245897934152886 0.0
90.51985457196712 9.075997517883504 0.0
122.20687073131265 84.75286355481086 0.0
173.88088493896427 110.18110624617657 0.0
44.28721758080316 173.44121402475966 0.0
25.28541278092451 91.59448067978416 0.0
84.4757549216576 14.62467388564166 0.0
120.89851558681161 136.99885117093402 0.0
144.50600212042332 132.46624489678905 0.0
103.89360912340528 167.83947132861167 0.0
20.633018778292733 80.31162394447406 0.0
165.48635006719223 136.17656450279483 0.0
192.9269629747908 145.58322118945404 0.0
125.00894326770404 60.238151891487355 0.0
111.09552069515856 103.96941329104132 0.0
81.78489678974734 108.09932902399618 0.0
137.19275530950202 176.08898914204772 0.0
63.32199457514876 69.48425466056125 0.0
35.45497178263195 77.5059643026047 0.0
52.34915732200256 46.507556789703706 0.0
135.6368007110739 146.9153860378237 0.0
139.48064791843774 141.24209438543272 0.0
38.6036392869654 187.5159914108609 0.0
118.79883491534461 121.3203597915986 0.0
181.5693749612522 63.030830835908546 0.0
20.404628931794445 104.34710707788632 0.0
135.25110597189152 52.53247621422719 0.0
56.99246943597971 17.721117986786883 0.0
166.3453967794585 87.17448100482098 0.0
50.76454482757067 162.5342737959312 0.0
166.11344793123567 67.12630299405969 0.0
2.5067622632582554 38.536529954231824 0.0
119.49526994393398 88.45412254183196 0.0
66.40678859152796 71.72557646107403 0.0
69.05599437087658 197.38523242238125 0.0
2.202316719790054 26.940345759233765 0.0
14.19989948908258 33.33912482023087 0.0
190.50545053736337 84.90783914383955 0.0
178.47096477367253 22.303597629776828 0.0
117.65705014515429 16.51306579804208 0.0
176.39122693899114 38.57961085745427 0.0
63.2225339379483 196.63211528251446 0.0
16.171214040918723 65.61382442511035 0.0
156.24855235146012 165.688863317652 0.0
185.75952299380222 155.58319103741994 0.0
5.6577543144138875 69.1659131753673 0.0
87.08133483035294 112.59115238514109 0.0
155.6665973987306 183.62092646602025 0.0
6.948617226028309 5.780442172461386 0.0
68.86909542091324 72.32951408863553 0.0
43.007390897643496 56.362692878363596 0.0
197.6370759777849 104.49653866251325 0.0
139.2204268831207 36.510409902747675 0.0
168.74543875909725 119.04760826530773 0.0
27.766481487544127 68.25219627080119 0.0
176.63864027521015 117.33312741649206 0.0
22.869909219085628 16.957392314505814 0.0
157.51250671535993 28.64752254850085 0.0
66.95746869617818 136.6916509670319 0.0
199.39323473078304 8.28645584258454 0.0
190.6718098822737 43.670230620866455 0.0
132.65331843571585 199.9352902364348 0.0
15.654015696573342 69.23109398475742 0.0
140.91182989390586 22.502355383670626 0.0
102.64036605480558 175.19536627676655 0.0
134.02449240868174 26.080772807811737 0.0
27.301278179721567 102.17773336445235 0.0
132.87656408185586 2.543097994208776 0.0
52.383257894606295 65.35494848625783 0.0
29.949566558818532 133.34313926889752 0.0
157.09742521549177 112.39579042461028 0.0
10.140563852812967 110.41978096295549 0.0
183.33104297143277 14.701151635874954 0.0
43.07061170677697 175.6679202116945 0.0
163.14130655369607 75.79820835772398 0.0
191.12670313076106 90.2618509399123 0.0
103.1233508565896 109.6780804897282 0.0
16.739453739766663 167.186884219974 0.0
18.627458960914378 67.06148169555574 0.0
117.90652878186047 78.65515971806181 0.0
34.433017423421596 169.02239138753527 0.0
172.72961792563487 184.6520326887115 0.0
98.36974626163624 145.0949215219567 0.0
31.740610989270877 19.679676844610782 0.0
90.50951797466442 66.9339700283544 0.0
161.05038969062952 121.83486085591369 0.0
52.93482716944109 118.79554092633353 0.0
109.86156261729914 191.67816667568317 0.0
113.72284746130332 52.54785219576239 0.0
52.644124665541426 27.9222660489989 0.0
33.66679177037528 37.61982640218948 0.0
39.28100528336118 2.7871024706772163 0.0
165.38914283402823 135.23867287294277 0.0
175.7481561267012 11.940258395300308 0.0
181.88409368902165 101.50370336347612 0.0
153.40169503619418 62.26098655942967 0.0
5.159319471573376 55.28889417842109 0.0
146.70246094873212 145.23674622037717 0.0
145.53016499302004 134.6618139616867 0.0
107.21606896753018 184.62142517432417 0.0
148.25191390901676 9.452051377312799 0.0
95.98442176472119 44.05467506334142 0.0
36.55884533688256 17.79751521420765 0.0
116.8724837701965 33.66214039153166 0.0
138.8114301423026 150.942245047079 0.0
140.25183303966494 64.22672547765909 0.0
92.33593044447541 123.25474095883311 0.0
39.3903762774156 163.34117687643578 0.0
127.67342494542882 133.38117676718434 0.0
1.175511104593574 90.02286195767914 0.0
154.3381129920426 47.64299408392787 0.0
18.305588684063313 62.59159167567716 0.0
92.81758626319525 18.2339549215355 0.0
121.8426811892046 149.18197243202044 0.0
127.43050923243457 186.46676603110353 0.0
71.02712573756102 61.081835577036195 0.0
90.79003564560706 115.26491880926362 0.0
81.51240762309386 136.158784865824 0.0
33.0040429323003 145.29057104373922 0.0
43.68658808927712 2.957077026685817 0.0
177.37611921764088 175.54468828121884 0.0
159.50434604165906 175.61744197403323 0.0
119.25398576115107 31.970887687863293 0.0
9.261544623764628 45.59277696281423 0.0
85.80496434406848 6.5398256785396125 0.0
149.00201671153897 8.202862473180893 0.0
141.8807990441841 124.48625919372034 0.0
34.75405070380757 190.39167763829712 0.0
0.766990487123187 28.816169769169207 0.0
171.55192400526298 30.621170036064505 0.0
178.4946520136959 58.89675424745682 0.0
93.20562134220268 2.655515281536247 0.0
16.525667807981126 143.88725677088817 0.0
93.03966898590966 72.06050762153721 0.0
190.00474209946486 131.9641068364748 0.0
146.32986176790038 27.562689703601407 0.0
117.40477608483594 132.73896713288994 0.0
191.92442036458456 38.98340062462176 0.0
192.2747849423514 162.96372634707467 0.0
73.54403310499352 59.283139606031284 0.0
168.9323964037778 54.56173120808081 0.0
180.5128893013999 10.321922444181265 0.0
151.32582500346984 9.219865225497337 0.0
173.1807899048482 70.26167904917261 0.0
57.92289266560368 165.2214578201069 0.0
130.05413009939838 15.107018138334727 0.0
165.36769422004497 79.89517563412217 0.0
11.661347878355933 57.701033404599976 0.0
169.77810791418972 125.00054716949445 0.0
100.43639123825831 174.5630833026575 0.0
146.94029193204906 42.56592006218965 0.0
46.41132303894957 114.27584068230831 0.0
41.2890876638484 115.14009098814522 0.0
125.26726280130109 140.6991821535613 0.0
68.44602396154535 167.11405093152746 0.0
98.300484212085 80.1088491056406 0.0
77.21951797839841 132.7146735406386 0.0
53.11836411414612 13.428054105958331 0.0
84.354566618253 1.4674733304806953 0.0
199.3877182363598 183.0405842752225 0.0
68.95215024623533 183.37087191123254 0.0
195.71584596074158 168.2442317328428 0.0
93.36127414175036 123.71966866362234 0.0
191.75238275674536 124.22370934428635 0.0
103.47948236051694 141.46084384304174 0.0
183.8579497050003 76.49248645112033 0.0
153.7804266462693 165.15998291963183 0.0
103.19334742522 116.07335899723681 0.0
101.01990417375828 97.1021119990976 0.0
81.84084552970363 50.25783392423466 0.0
15.454602805827555 148.74579757805265 0.0
175.57697440520107 29.604669163724306 0.0
69.54059630746004 59.6949403623489 0.0
61.17402937380714 93.90840344277349 0.0
81.46142351948329 37.547843643949804 0.0
71.61525405844576 58.18875792810472 0.0
14.468427438968279 137.42842207512132 0.0
184.36654697340938 94.32237198116444 0.0
162.89887181830443 37.699926005009885 0.0
35.85537204279172 154.75843768107998 0.0
91.8700512293378 162.3066133403328 0.0
99.56521878927404 31.830232918972023 0.0
40.03054105208184 50.38429624836249 0.0
35.66197585347175 149.49484691817267 0.0
43.38253593124859 180.225950404157 0.0
96.82621320232056 143.9036314173453 0.0
93.07192274006304 117.38386215551189 0.0
157.9733171985939 105.02633090566138 0.0
1.1757114494700849 75.63513970116804 0.0
26.801131329160533 23.622070711797605 0.0
115.89912039640649 154.73264039577901 0.0
187.61262615837165 116.1707462075845 0.0
1.227505798161821 50.30887888106448 0.0
32.61893444781856 84.94865425664298 0.0
75.96113200707137 118.99550801630765 0.0
142.93587414718684 11.25248998223325 0.0
193.19351384203404 125.76654366370938 0.0
95.74488781652646 76.84620821540564 0.0
33.67702041361782 0.7086517984549845 0.0
194.59721457284385 62.02548715627043 0.0
185.152065795308 88.86717588984234 0.0
46.59780270189844 178.2649298610176 0.0
84.59919325678682 89.5119215803478 0.0
43.213381891735736 59.233354428508456 0.0
11.506030914919751 150.11198072989066 0.0
140.70687705924612 56.03291979116616 0.0
37.62403275918012 5.504264588123164 0.0
81.70821129441134 160.83808000972826 0.0
62.32260747062901 34.1855834816162 0.0
151.1892631993804 117.68076289411546 0.0
192.53116405513506 41.35363612038188 0.0
118.11864763711446 169.9483501337215 0.0
162.39234485929003 72.26733885564438 0.0
178.32976570267186 41.23146679653213 0.0
30.132550193050545 9.692493592915753 0.0
84.64337456134538 149.4788657162858 0.0
38.28867129768838 115.64386122322499 0.0
27.043763642045104 113.98695402107788 0.0
78.31275169209036 40.330211173708676 0.0
8.71540112457836 130.5718710944387 0.0
61.70914762922539 140.15412087933535 0.0
53.004755905331265 162.34239721378913 0.0
67.24148960468897 21.8136397344457 0.0
171.87982182080316 121.81210262201343 0.0
7.379689386416821 60.99827628559227 0.0
28.21764006993113 104.65966668469675 0.0
137.039866358063 31.86703758982128 0.0
32.25798151578003 76.26649081261118 0.0
13.803083442731445 127.44155307341163 0.0
26.81909828823834 9.231049981603379 0.0
111.18143548021735 151.24269658866066 0.0
136.37935207276018 123.37978953340192 0.0
185.13293559749135 116.94435914339229 0.0
181.8862438501438 189.3646125782515 0.0
98.9093895470307 105.51339217059841 0.0
96.16229109879913 22.757422727381105 0.0
122.45437691747651 198.24996005240823 0.0
14.03484972700586 117.62234598575463 0.0
139.95108874834793 29.338046027320285 0.0
156.825020879854 46.86677432163857 0.0
122.75277097719925 182.96089061333987 0.0
82.58834405584558 191.2424291551573 0.0
54.81123368233487 97.73174041292614 0.0
131.50799346444438 149.68822223005992 0.0
33.85165594417592 135.13538964602637 0.0
160.09888641757206 30.776801634060714 0.0
113.92489434520974 18.87139078603304 0.0
128.38896059255742 128.34707505279087 0.0
3.6011383191872692 158.43513662238152 0.0
181.00173221973807 43.97533113181134 0.0
188.95163485061408 32.96830672525939 0.0
146.0719576429441 134.75777347564636 0.0
11.598081056331843 30.355465385546253 0.0
65.18414986379928 36.94780524862913 0.0
99.49200396026603 111.73892544896833 0.0
63.03145324026325 144.3114866595881 0.0
121.71925071879923 3.069367958690994 0.0
167.25013824051285 104.63501959235903 0.0
118.50767417352586 103.00487784545236 0.0
196.89295565160535 38.63847903449764 0.0
43.74869039924572 140.4165187576376 0.0
152.26218688170613 82.62016372601602 0.0
49.72639365927254 14.953780122915084 0.0
59.331248637699055 9.476391198413992 0.0
42.38060674033714 10.568574108385276 0.0
148.74134866379407 92.3118323041042 0.0
140.31308891201772 84.5918439302065 0.0
182.36760600286152 40.675737320772434 0.0
81.878985630277 3.9019639726649125 0.0
79.70686292092685 161.52984048913842 0.0
142.0883137080941 124.91969060708664 0.0
141.8471411177172 75.37387450952295 0.0
144.67519659667863 195.60948591690314 0.0
122.53658545210155 152.52513077321345 0.0
84.57530922815467 95.3625175492711 0.0
153.87758850468265 125.36864968311718 0.0
112.18481686487694 122.58189587597828 0.0
98.42942900744886 79.46501139080996 0.0
173.15693797704566 89.98594125227196 0.0
70.01078849918316 29.723043482235134 0.0
46.124993218566445 94.09078935587236 0.0
42.25116461534382 147.4149732145477 0.0
