48.74555144330135 67.66832430972256 0.0
197.023056940612 172.78180656745764 0.0
87.12887958172661 186.4961181448589 0.0
26.702708702763722 135.04214930057617 0.0
87.24315964231056 45.228195848440535 0.0
157.15350818298205 132.89336566522033 0.0
25.899062337046086 147.43231447137765 0.0
192.04626830484463 5.088093494067714 0.0
132.08004415384687 39.844085749624305 0.0
64.50078646366548 118.42556193190241 0.0
59.82576157253017 34.24797361551077 0.0
137.42491727265437 158.8492425764113 0.0
50.89768169545101 98.76842036744344 0.0
181.8590427940597 6.9600726571704685 0.0
65.08935666956897 122.26370795263269 0.0
74.17676660239975 165.4075027095209 0.0
64.8329969492403 178.36681854815274 0.0
152.40677321937247 144.09703459819804 0.0
80.79303892631218 119.81895493403505 0.0
2.6047532834577947 128.879543068541 0.0
156.4264123605639 19.093094203300588 0.0
8.11842211690681 160.3642470299638 0.0
172.02833033150046 37.906438725813764 0.0
87.75275843341441 131.72371848735128 0.0
82.5714315450043 56.07218207788529 0.0
73.25652668085341 177.83587683811876 0.0
68.68524018397014 19.242639768823324 0.0
132.21537989076745 72.83459461211153 0.0
96.41191877104404 75.44723085776863 0.0
129.3507142587866 79.11686081116567 0.0
8.91330584418255 161.93054061839487 0.0
37.38768620417963 98.08132175606639 0.0
132.0934582679617 176.64707274292718 0.0
58.069739780364046 161.34929044071617 0.0
66.13975272825843 22.870938029197795 0.0
194.56111876968507 70.94608651249273 0.0
56.274897711747094 50.73039856746955 0.0
28.392861532380877 147.89702356040078 0.0
88.55104516284248 136.07850172709018 0.0
197.27187948554834 180.91893947307327 0.0
40.30644920778719 34.96283418195492 0.0
144.4867559317233 180.36477683975954 0.0
29.944058740930334 131.0589011257764 0.0
116.30796620583101 37.305202776606116 0.0
156.98050725740876 53.783129459767466 0.0
120.69427700095343 63.60790621078471 0.0
100.85312046500876 86.40319384116253 0.0
28.781188892016463 46.10171262196552 0.0
155.76147507064275 6.314812105275003 0.0
0.04126566841844426 86.38920225913334 0.0
18.85921437286695 3.7557719292535374 0.0
142.6703540757218 117.59820328823605 0.0
20.4008794117027 10.579498254016384 0.0
182.66767436448063 190.33888828617168 0.0
86.98751697604305 137.3120641708313 0.0
108.24188645685486 2.3599968988523568 0.0
162.8439476203676 164.56806452115055 0.0
80.58926717005805 109.87407505817953 0.0
79.09960341963122 164.00231566073185 0.0
157.75417210779239 3.2482980220857494 0.0
157.3339493475043 134.32604187153294 0.0
165.19612969663348 155.73397170758517 0.0
161.1865021044586 29.51759087089596 0.0
164.85180419108653 61.1343542022579 0.0
168.62057350546732 129.20938083335614 0.0
23.89426236496672 164.7870486880303 0.0
127.46891036815092 155.33437955954088 0.0
165.0560409932502 61.96370849833299 0.0
78.17849246988288 74.466872432798 0.0
92.29644804830069 188.76643287662623 0.0
80.21074151551583 141.893938284582 0.0
128.757721257121 62.82677085159756 0.0
162.3425136736578 41.30552785357444 0.0
178.368734802521 144.5897530769428 0.0
132.15235602789778 153.09269771981988 0.0
28.11882889618076 184.69204015732404 0.0
26.265415495423095 44.59504771688041 0.0
144.93870229731854 98.91974432829687 0.0
160.4696338308885 17.239935587247544 0.0
89.28902806925312 169.45811892550887 0.0
147.60481542918936 168.36776296176964 0.0
166.9718183981434 109.62179202197942 0.0
91.16519127621476 129.63898430923211 0.0
171.3434039123233 48.98086581662526 0.0
33.845308998454925 29.270200573199133 0.0
30.022091765902825 196.77471677940738 0.0
42.79796677241312 91.94824024915098 0.0
63.34759430533552 23.731883071778803 0.0
47.16207689981546 38.12257418140248 0.0
186.26329563175344 65.89103622713554 0.0
108.4574355067459 73.47820043086963 0.0
140.95666867011764 98.74457832496135 0.0
0.7322688747740225 169.7424287757395 0.0
134.50701480753904 56.00291968709594 0.0
4.888729347031839 129.58078317482787 0.0
73.95391682554762 74.50412447666088 0.0
80.40037818607735 1.1886874026225236 0.0
140.61375979678692 35.270159833851025 0.0
67.67484338969192 162.28716897193462 0.0
126.13582491995629 140.43746919967276 0.0
95.60389880600036 28.582393165659937 0.0
164.703392616233 16.766322202931793 0.0
121.38226037697979 58.35046124640597 0.0
38.949522166286535 168.6597192464853 0.0
113.46544790046558 122.66031244123066 0.0
111.5711037224397 117.09941895378878 0.0
3.5761699793489976 189.84934819444953 0.0
140.28888152268863 55.633103283149765 0.0
179.9576621076974 33.217732860765345 0.0
170.7152487284711 130.52323349875647 0.0
171.61159479441733 112.50907578074276 0.0
169.85560125743845 109.39480712656902 0.0
82.04709936912948 102.59665624561876 0.0
62.383202348801994 41.19569455562295 0.0
71.10663135091824 146.89593245111837 0.0
162.49144011004637 130.00988660023103 0.0
154.72339073627205 198.37566193128063 0.0
56.04155762893481 46.24042474508965 0.0
195.00407475573286 177.64153031142993 0.0
180.88791361593317 80.90552655334766 0.0
186.81988732230266 125.4176659987832 0.0
77.67688601243063 112.26776543316505 0.0
12.12766060436634 55.8531325048427 0.0
139.07968838153414 98.74292129388216 0.0
129.5320930156867 27.43185930063341 0.0
72.33330434544057 138.0115564217373 0.0
194.13920918423895 39.86624746253011 0.0
8.127902901053762 39.48298090543303 0.0
161.5400521286695 138.20603340785084 0.0
38.29312844643737 45.73783956703521 0.0
19.802877278950337 159.49575913153024 0.0
145.39968895463483 8.302119326947999 0.0
114.64102283108062 92.66559077648431 0.0
199.30681612786645 174.08183794491254 0.0
85.46279217207389 38.94187792973551 0.0
138.85012068904808 171.01444936464122 0.0
113.7986666370544 57.915440809607624 0.0
31.27851357008611 194.96935133045847 0.0
100.64033425340013 163.5070459312036 0.0
7.7128877724086164 194.65651683545 0.0
135.5149521747717 194.42108854398003 0.0
109.8133617407171 27.27892706144983 0.0
197.65726086980047 25.280231533490728 0.0
51.00585266879882 114.89088858059095 0.0
38.43109440391024 7.485083364701373 0.0
195.0329348742997 69.90097536535455 0.0
34.19100487885516 32.944683035201905 0.0
85.25787634115613 77.88488897120878 0.0
70.06373496148997 199.1751836508797 0.0
20.064948333869005 126.85010030255057 0.0
17.66830925497789 120.8654824981441 0.0
62.86301133354413 54.32061636039553 0.0
103.58263264673559 80.86038836436322 0.0
99.61355571528226 47.086930144410786 0.0
30.4035177951365 42.61316452748842 0.0
112.4684301498873 73.19260115879831 0.0
108.53610101808175 56.5111691328134 0.0
125.01644255136668 151.70564234299653 0.0
84.38773840819817 184.0795819019023 0.0
92.80227877737248 173.04929808285416 0.0
9.43045466236252 136.9200523490544 0.0
162.19501114474764 171.14349224298394 0.0
184.63513496000553 181.3423378213547 0.0
1.3477413152096274 118.33468335578736 0.0
136.06970557965852 94.99893699204014 0.0
118.90386239630924 65.06852132105614 0.0
129.99258352972186 78.43396819467097 0.0
29.26951002730396 178.4861717621492 0.0
119.56176975372783 122.30926341870334 0.0
197.6858557471024 147.60179433652087 0.0
30.318995243151093 10.172207145585599 0.0
103.99897509173815 117.44519139126075 0.0
137.89742386137755 96.98136369773125 0.0
100.93898141285867 190.53029200455484 0.0
168.9404655426491 45.20749382739553 0.0
10.884353697590644 191.23652219186252 0.0
65.00826474012132 23.17922347347412 0.0
4.501288776021672 27.166851789201264 0.0
89.28760421339578 74.44402839298819 0.0
35.31200868699571 1.2728062087885794 0.0
127.20991603782868 52.266909935108295 0.0
166.16015130805445 29.513249154851696 0.0
34.62120453552879 79.990623127198 0.0
116.70518086331958 101.04037287687223 0.0
120.9367629759174 145.83288842868006 0.0
85.49208059449596 81.38284316577695 0.0
119.7525656487727 169.79758655280776 0.0
155.80646115928042 103.82266356326306 0.0
95.67440153526594 90.72852252028693 0.0
181.43937430587297 120.13884747999937 0.0
63.66468163336108 13.13587310610389 0.0
166.65017761205453 89.11750155137437 0.0
55.99614707139055 26.27697855790647 0.0
4.029809196825429 169.7046521171881 0.0
161.94056818051797 162.07479132759784 0.0
14.63096224443583 155.4044722861315 0.0
86.60972757330315 93.80875950467195 0.0
46.64565652596999 37.50233900325532 0.0
27.904953767341077 194.11449273301056 0.0
132.07478455779938 16.918625801069243 0.0
154.32055276619428 68.68021873120706 0.0
75.24828909338865 97.97564530798219 0.0
81.38561962039836 61.12947917583518 0.0
52.718661601640335 192.0868242614775 0.0
90.81766192061549 84.93115187994891 0.0
140.96456043072007 35.353700862634454 0.0
14.000601971834993 79.77941494156822 0.0
56.505311953929116 181.28288246915022 0.0
110.18876392004682 12.737857722206591 0.0
92.44128941573284 68.31169979658125 0.0
109.87753344172238 48.54347095411187 0.0
66.09900381018939 81.55783469374973 0.0
65.07043817685383 98.81783913657503 0.0
54.37404425740362 29.18479244674208 0.0
150.71136238241962 26.534432200140934 0.0
186.52884216379795 136.0015546524955 0.0
95.33990845840292 129.94240250911588 0.0
188.61648908792213 120.39149327944185 0.0
84.06667784484749 159.24889260948487 0.0
129.3657467655292 165.3919562049456 0.0
173.25455209065527 29.713450363563588 0.0
104.27655714310313 20.722752297700133 0.0
83.83096989952854 186.40965673860936 0.0
12.83937031519189 79.78804479794648 0.0
98.94537629695786 48.76063760511749 0.0
133.2056765147243 64.15304080783102 0.0
81.72494419381651 117.05674849117041 0.0
79.30121602396088 117.72308448042321 0.0
150.17082530502742 158.51522939944505 0.0
137.28734374870913 63.829657132908245 0.0
98.77628157292986 7.04317751516339 0.0
121.44019058920705 110.65408048762772 0.0
40.23699351765413 108.71685044196711 0.0
163.93121315814489 3.896470526637308 0.0
155.66298697818655 24.091721949609003 0.0
58.65684725007956 120.32390032904551 0.0
87.99068735627431 58.80940254428917 0.0
116.17904629888638 71.80844149552395 0.0
190.83263053320357 35.56903462249097 0.0
155.00255645575956 46.69219612667632 0.0
153.7914334246814 143.38236860505566 0.0
53.82872076917453 153.79305780672647 0.0
65.30372188900633 4.133243456036473 0.0
20.08991990940059 54.09147348963008 0.0
145.36874000145733 181.81381714499457 0.0
191.98252804207902 166.11504972145522 0.0
183.05544474288945 126.41138447349259 0.0
184.38055376096608 113.2644562607092 0.0
147.4709076938372 192.27128226006167 0.0
113.42606529043861 44.80051926095814 0.0
105.91204475603806 99.862815811748 0.0
90.25661184627502 6.939099871498766 0.0
79.2115397993977 20.226816781174463 0.0
161.2439375020634 66.4768425746077 0.0
191.82809033417035 152.98495560430158 0.0
190.28225074138865 196.59741605268079 0.0
33.02008844141626 41.64246054967058 0.0
28.078528651272606 22.984520450263336 0.0
135.48084436191445 124.0175532336879 0.0
94.06124212676016 198.0944065017979 0.0
99.1026570597497 150.98236050221956 0.0
8.438062694880966 22.417254080037697 0.0
140.0760185092447 123.30172207892036 0.0
155.09709367270463 163.783350211569 0.0
129.31927164344154 94.20780086560039 0.0
30.460289154628995 139.24649115709892 0.0
99.27319737452139 164.45002819368048 0.0
139.0617960237604 18.803680966221336 0.0
144.38396794677632 56.91140548704756 0.0
33.537905275693646 186.18670600559204 0.0
18.137083383054396 199.48385559023356 0.0
64.8795466626861 149.18772206068348 0.0
138.29381021744297 67.74673036744292 0.0
108.21211955873243 130.45763646756964 0.0
152.02089887956657 43.094311272360876 0.0
160.03167999037396 89.44248941812958 0.0
83.89321997096356 27.309539715494303 0.0
64.74049100683881 127.0997576402927 0.0
192.28818127009538 121.1829100637981 0.0
121.48898899953357 107.26290019617674 0.0
193.47977951388145 22.626958258204688 0.0
146.74534010638595 191.999222638372 0.0
77.77917205114233 28.838297905121447 0.0
123.677776656904 33.03250417991088 0.0
138.35780679347934 37.41083931937217 0.0
56.34897764184483 187.27852216190473 0.0
60.9281145577635 132.90526111615242 0.0
64.88584472359025 131.76813614680324 0.0
181.24591247012 18.23147434619905 0.0
107.20201607111572 41.70912433751537 0.0
107.4376627585258 104.30226688577713 0.0
193.51466127073382 65.16460501157717 0.0
25.44483429986435 106.76802362888604 0.0
171.81096932832395 178.8023242617136 0.0
158.41667867611972 115.24379589729614 0.0
105.58398465557153 41.395777702952195 0.0
34.67175823334385 98.29180730433448 0.0
139.57143409282463 175.23459004545242 0.0
33.887663974921225 86.5237019203884 0.0
154.89515988311754 100.3282257343886 0.0
127.46741088772883 36.53880509639431 0.0
51.91308968380661 122.2636005166281 0.0
6.570048159996222 20.015857787688596 0.0
167.25937852956866 131.80374622716067 0.0
100.08212832742127 105.12752027505772 0.0
130.96277534656863 12.791283731147661 0.0
124.84563108290483 101.54834493880342 0.0
0.19710176139000612 74.64695366008736 0.0
181.74720220159102 25.678536915527218 0.0
168.13183887649132 126.73006188011784 0.0
13.81237984705741 109.30741763756018 0.0
139.51496295815522 194.05424963390055 0.0
76.23773946662264 22.791972133157266 0.0
189.03410922409324 37.328568530413534 0.0
133.33288227832745 112.92751543658987 0.0
174.16632712135686 185.02036841469575 0.0
193.63323094334726 66.03908233974052 0.0
161.14064381382676 111.11310488094122 0.0
121.98366152402171 98.4235415839938 0.0
40.80180718598321 99.4587653113101 0.0
26.182170735370946 149.12430119306055 0.0
160.5775629868673 24.101039877094177 0.0
105.81161669301015 4.121685416543741 0.0
179.4159725316066 144.67213654815578 0.0
72.17690834732915 16.373928052046118 0.0
64.47320425693819 66.94247003954675 0.0
100.80384625417958 102.74505560799672 0.0
191.49649169525003 50.82924381103826 0.0
161.74501145438566 196.70770437631413 0.0
85.26080597141221 61.64630659698154 0.0
87.97712059613012 114.81028161756896 0.0
42.08198183568066 155.10436938039058 0.0
88.46336139494045 55.24958479928728 0.0
113.34307078590547 162.54714303180012 0.0
189.9931963902854 88.49149176818129 0.0
97.1347607577972 0.13559738119457432 0.0
100.70129659076817 22.733909021234844 0.0
84.52472764752186 64.1690274150434 0.0
28.206285353934703 131.10774632336617 0.0
137.63486196361058 94.45820683088529 0.0
56.59895891132629 12.863208235732992 0.0
38.61947100716945 188.64251797154608 0.0
189.0488953873524 127.39029375931328 0.0
141.8014087007053 132.56940628717996 0.0
96.58718649866078 87.77395207367303 0.0
185.63741234738478 75.33118052422256 0.0
178.66231346814573 29.68586420151127 0.0
76.84773280665458 22.280664484689773 0.0
137.3551244609256 81.76645338703648 0.0
145.9593974141122 45.32380940096046 0.0
94.67792890546602 155.2522326218951 0.0
191.67642223712764 117.01389805469388 0.0
141.17187459920237 143.45516384087574 0.0
180.9043406301514 63.448621350102826 0.0
94.0557333924601 175.80232090025314 0.0
151.92055045582796 100.69773644426306 0.0
164.4683689866813 6.495638730480113 0.0
80.09592858860466 170.46569659741445 0.0
185.88616814739106 134.45310859870685 0.0
8.737365451316514 22.920165362248078 0.0
39.585772173612455 49.04442336367525 0.0
22.034833673223453 108.0938495352878 0.0
128.0616083882048 75.23552171523664 0.0
42.76065728618719 31.993734595649382 0.0
193.59661322836604 52.108087271171975 0.0
174.2828090754959 9.5282583113806 0.0
56.72374632805528 120.32168400400825 0.0
174.61805065121075 3.5896389744633384 0.0
158.10493301650075 16.93766901572524 0.0
49.664774962936264 78.10504027778897 0.0
127.39304819762363 80.12563903371242 0.0
83.41953818746228 112.59688068026385 0.0
173.9317030624757 51.62478021476085 0.0
84.89529240039184 26.769092137135253 0.0
96.68667016138144 131.43389031876887 0.0
24.623398231035587 45.86279932487272 0.0
144.59171943951827 187.05563601757908 0.0
158.03555415033782 101.00133555307451 0.0
23.530923697015503 148.72195859169116 0.0
188.68584403579857 3.4711645833322535 0.0
42.46825336425732 32.379220418657795 0.0
11.187209977821366 157.8617630575215 0.0
118.77467679527977 123.8132424567018 0.0
91.90059730262486 86.2141610209014 0.0
121.59173495732412 30.145875999905858 0.0
194.8292673447348 123.80437584826937 0.0
22.109863505878447 159.036406824869 0.0
140.83465111416893 116.91443158608217 0.0
140.9286549889825 121.27256373629235 0.0
0.2042972022272771 3.920430661044483 0.0
35.20535556631148 169.03754513771884 0.0
161.7664881193103 193.25349003788833 0.0
52.08699236342931 79.99099752108376 0.0
96.16019321651588 65.26607687885509 0.0
89.96049827938877 76.4033949138905 0.0
136.53298181343064 119.76272689389182 0.0
55.34439239396176 28.934989942197696 0.0
36.85378417236349 66.93077871093689 0.0
80.78449136065464 136.25183027404697 0.0
36.191221426675234 116.63326105273003 0.0
177.9053365674273 94.5231588316092 0.0
56.72247189356159 59.50267065937857 0.0
39.8079303324735 74.94587372570538 0.0
93.90157022274985 53.00089297004813 0.0
178.29358994491366 12.793338569898438 0.0
19.130219756659695 126.5871591493435 0.0
83.93269067613464 178.08753281958641 0.0
108.43812768494632 102.36239515028198 0.0
30.786126663959546 145.84485013822456 0.0
35.09408052855705 91.03498261596408 0.0
112.62648074954032 112.94763392368911 0.0
19.732891980902757 167.77942116523013 0.0
93.79482117935922 19.044984330627067 0.0
118.49755433152727 58.536005670921654 0.0
85.36823525102155 120.48795723657433 0.0
47.85987811941088 74.526225748453 0.0
116.10214892120977 139.1558595695202 0.0
94.19702358082039 121.23497603306636 0.0
157.65067076649763 62.131897440127524 0.0
136.86541219485406 177.8375323107437 0.0
84.85713483344175 103.53795658321752 0.0
25.427473742026297 194.02549749434735 0.0
4.446194552033789 56.43993772200666 0.0
94.85087352386594 83.41270615303841 0.0
169.23780092206235 60.586552483112996 0.0
76.91380784810502 6.1785116804012 0.0
110.04246573727063 90.8461094139819 0.0
71.71411848083815 28.33254140980419 0.0
63.68637362809459 31.5573222266853 0.0
180.09396511338386 120.96145694045038 0.0
53.15379861166387 43.61179501183023 0.0
65.95587720837676 120.04490493589095 0.0
84.62350364455686 53.937355335924984 0.0
116.86011731175634 105.90441351713639 0.0
66.21475039237552 1.1530155305534473 0.0
1.957283993646164 81.07544533210572 0.0
24.54771279886674 156.51781562421698 0.0
88.22416070696322 26.369506148952194 0.0
197.7620280014587 5.897525687911842 0.0
169.13492040355075 197.1197012195788 0.0
17.42638469500706 26.32452309371589 0.0
84.31379657370022 85.07972275416998 0.0
56.81107264245422 19.827960688054013 0.0
64.37947981562917 16.172758843651547 0.0
119.28446754323807 77.56270214752384 0.0
22.10541660731675 80.26349634485148 0.0
168.13349395694445 138.86723143836534 0.0
129.18443392772753 196.35278268654278 0.0
157.89720438157732 82.73212908510924 0.0
67.30004304748272 5.071249052971938 0.0
17.341633575028116 143.26247902654066 0.0
122.8708501164618 150.07463026428377 0.0
55.49312617205708 176.06892749562385 0.0
6.748630710670711 160.92014259923232 0.0
114.68653265827375 119.12381658344242 0.0
123.31465529091655 182.22983157381194 0.0
78.37352015796833 89.47032051347918 0.0
187.83286303765783 7.423339884835811 0.0
56.47550725319357 136.27408740236302 0.0
196.5826187912284 70.02915777675813 0.0
117.35467304009404 131.05847083166572 0.0
191.20784024797712 21.55994008041673 0.0
13.015589662517657 17.56592853501362 0.0
26.883253120953967 82.16402829337903 0.0
152.9391117889542 66.53981727495636 0.0
53.31277531624583 88.74193212553256 0.0
121.98914843078768 84.8223553238133 0.0
48.238882711127864 84.94302410653715 0.0
109.122107378394 113.51598965464554 0.0
105.0560407280042 198.4343305030236 0.0
116.16781253121502 16.557136719290753 0.0
69.28522702640747 33.05975793929581 0.0
149.73966276742203 108.90267941452663 0.0
143.0807696468427 66.98481883014189 0.0
164.37110622763774 2.6312200555404397 0.0
32.604594729249236 192.6483109915031 0.0
121.26427574760336 159.6126804100943 0.0
100.01726951383286 160.319090462727 0.0
154.57590976770902 31.001393176158444 0.0
199.99906352471916 94.28256885531911 0.0
95.95468159163735 136.6592910661588 0.0
30.128509825568006 39.158183342124886 0.0
98.08304360267452 191.71755136207676 0.0
105.10985118035975 63.57560222006662 0.0
19.26588847216726 22.836427855426212 0.0
76.75493168101693 199.41401765263655 0.0
183.64728351485059 133.32469287872823 0.0
64.78910482221943 27.03542647647592 0.0
115.42566737308302 174.1316160112576 0.0
137.96479464989602 30.41940222675428 0.0
60.476932984806986 56.82597036082551 0.0
90.63040787878278 140.8333409650009 0.0
155.08384373503597 5.028158243328695 0.0
196.8163875289178 163.64880618282308 0.0
179.00936299737901 82.36303659112743 0.0
92.06420942216573 40.14114174514105 0.0
138.940545106846 57.85270250370007 0.0
132.63825446362864 134.58604699344448 0.0
68.36857260282171 73.76990907346415 0.0
112.42444994633978 156.69340714033072 0.0
1.2597535346356548 66.32448125981291 0.0
79.73377641323802 130.39523468262706 0.0
79.41123556652813 56.156617288368224 0.0
189.3926375055814 2.2311305638208045 0.0
187.1743273911849 73.46244183180386 0.0
49.916305629751776 46.051190405226336 0.0
172.26730877536636 11.678915146111791 0.0
81.22559907907917 165.48297885626872 0.0
7.688774322115854 114.00656260239654 0.0
185.28110223172916 121.58556138750576 0.0
177.28151425209623 88.65024354934252 0.0
150.1731923773326 20.340359743378087 0.0
126.28605475034172 21.50955826548544 0.0
57.62036442129097 83.10493839921145 0.0
8.262022275545288 109.1522389911638 0.0
144.49219252546274 192.88261985767144 0.0
181.04461863923564 170.2552525303924 0.0
80.88755225086679 160.23717836448327 0.0
156.9424194702385 110.30004611654167 0.0
70.46262244779172 84.90857630424766 0.0
196.17195346583728 12.15986466127923 0.0
153.1172949981928 2.6622010290921816 0.0
47.56338026024396 104.31863331533589 0.0
195.81278758240967 1.6306331791490658 0.0
86.86087739699101 118.8124539960257 0.0
94.207098447325 168.383523386087 0.0
80.4801687642976 92.5864154684376 0.0
75.95924351695248 81.18777691727334 0.0
11.37486605054705 88.81077329440461 0.0
95.96712276267026 106.39673670234731 0.0
43.70230161011741 18.802411227517403 0.0
144.46794674349502 73.63364376392694 0.0
174.26857083859676 130.54876760928315 0.0
50.844299407863744 6.411242002190276 0.0
21.271568780427597 196.4331778551051 0.0
59.14286033715073 67.05593387544494 0.0
134.64992605335047 180.6120276452102 0.0
75.72697285987682 138.28142649878598 0.0
177.384705715701 195.59578229794343 0.0
45.14823942430917 108.48345027959346 0.0
123.38992669670684 67.93735234173275 0.0
197.23640560564112 153.80359235918047 0.0
45.16690037509434 24.53305301045352 0.0
126.57087867591395 117.23695524479274 0.0
123.18648166470267 83.8927370963817 0.0
14.911294918670226 73.53482178379787 0.0
199.0024925555785 90.8373935529958 0.0
187.82852135973943 138.38013271968956 0.0
115.38845558033081 168.43405114314635 0.0
8.691677155867517 131.2901031972653 0.0
39.32899999690533 77.5793324463066 0.0
56.33072559811354 33.92691048687857 0.0
147.4862696132444 172.4945878810438 0.0
7.108306977240675 98.97390402154815 0.0
68.8007883392793 119.49716034225185 0.0
47.7984395191092 159.46137555800433 0.0
125.17522375366642 106.76378892150544 0.0
182.5839602444013 164.40248055556907 0.0
88.72864016078037 114.40381558123316 0.0
65.64847514940718 23.826511122069995 0.0
82.89783488310182 137.01138078348316 0.0
190.25270180697063 84.77314470496849 0.0
194.70141946200064 54.96732300278764 0.0
195.8492117130072 179.538079471267 0.0
136.77142016439572 136.11317285093284 0.0
116.70353564033091 188.43677063559957 0.0
100.29614195923826 116.02101413494226 0.0
188.6537315950355 41.57981216092739 0.0
173.8072066826895 52.93475999192676 0.0
155.05459626301706 47.62977152522867 0.0
167.78265798452307 82.55976955387123 0.0
68.6166376784387 182.2362064959383 0.0
181.32715066622006 8.229388884865285 0.0
172.76417223731818 94.82177137250478 0.0
174.72922408114766 153.57857561441 0.0
164.30081044710863 99.61919241823232 0.0
170.48482023420263 77.70622996092251 0.0
188.5847579342863 105.3352988952174 0.0
95.41520436564824 6.909581208678084 0.0
99.0803699545056 107.54486904991451 0.0
97.79648476760727 172.42531847854565 0.0
25.066479501018435 118.8936703623776 0.0
25.95712559084522 60.2139780458028 0.0
134.44607869958284 44.41659135791542 0.0
38.58870971577386 76.67539918856166 0.0
53.01603309688034 22.753333257844965 0.0
32.054420858203734 113.2848737187188 0.0
107.2194251771053 148.77067921042172 0.0
116.26875341663523 153.49092469466578 0.0
194.31747388595835 69.07697322060223 0.0
148.26096819494987 6.817476580687232 0.0
52.08164947613978 99.14094733458742 0.0
141.32389934060407 77.96447922074901 0.0
199.52106388786436 49.203574203013844 0.0
7.688828979660767 182.80283173296675 0.0
50.82396708508714 65.89834185682182 0.0
163.95610229228035 8.510861498561017 0.0
66.60642031663279 97.4716672369449 0.0
31.05034458582885 81.70128558524927 0.0
99.72523290552357 72.72194004968571 0.0
194.25809837131158 56.239049313334256 0.0
117.32625148598939 147.25212315196566 0.0
153.94483380446084 161.55205389085918 0.0
36.46329418264116 15.357508069609205 0.0
193.83728719110542 162.58837031794903 0.0
97.53690253922053 111.84660393611261 0.0
121.29621481810138 174.17501856426478 0.0
17.966296706296838 135.31995526584936 0.0
92.79362109334572 145.38504353873617 0.0
117.92194890809154 112.90800871192177 0.0
27.847712330955133 183.62109987069485 0.0
90.61014679685992 196.195854512926 0.0
35.957724920392444 123.4753997922202 0.0
101.5151506561254 129.0391735594689 0.0
33.6199870385425 62.02738144947262 0.0
44.168463465325104 60.20231499289079 0.0
112.29555707943892 180.092015471357 0.0
54.428917693839594 87.22596893415235 0.0
33.238855492143294 48.033300488189525 0.0
190.92119196944253 12.658455855821948 0.0
71.3857892669072 175.1089829839501 0.0
126.19463925438794 69.7612163336109 0.0
108.03890624902482 2.914102861073342 0.0
161.32815206057086 32.0257299319961 0.0
180.87620515614182 66.3426253174898 0.0
76.1210410282496 159.31548004466103 0.0
39.849253379399016 49.587835315537035 0.0
57.6738068819463 53.17334741424673 0.0
28.82536247210854 150.05385268112448 0.0
12.076895033206547 94.8111720159231 0.0
15.367639343789152 129.65213561502424 0.0
157.08944981715146 121.52503229268277 0.0
124.8357338195391 80.80841058448027 0.0
118.10426498976064 160.75605101899515 0.0
100.02921920883409 63.60703758784136 0.0
5.35909077912835 185.74339573294762 0.0
3.8846317829897226 180.8513380034442 0.0
137.26859290672243 182.69249602931492 0.0
110.27615625882427 149.42008626276285 0.0
192.91528245188707 126.60814576914741 0.0
186.75911131351285 199.1517762141495 0.0
26.151826038400117 151.41874078781365 0.0
163.13440120413256 184.5899666300545 0.0
154.43113966304827 69.74439515088649 0.0
1.0011444895964283 130.27448419818194 0.0
47.394879487307584 48.638313873935026 0.0
32.00382527696899 46.86491587672719 0.0
183.41479388948684 79.85730906728101 0.0
116.26928301881236 153.23424441361308 0.0
16.695673846955692 96.69396214820605 0.0
87.56798851853986 18.772210551517365 0.0
103.21255544572492 184.12938886005966 0.0
98.02309313701574 0.48942393779600746 0.0
70.66895524179428 105.04231530597889 0.0
52.72978656372971 91.11486886830409 0.0
85.82698512420572 122.4365365910739 0.0
133.43658572211683 117.23096269338045 0.0
171.97421017455915 36.12549042437556 0.0
50.479222954715695 130.5919624214709 0.0
159.95621191209 72.03928747341071 0.0
133.44688604613214 21.12300458965075 0.0
18.117895949136397 163.29594341788635 0.0
73.59956370067853 46.698664110877665 0.0
199.66061957755232 44.40533864015268 0.0
64.84443005752998 122.65145670168927 0.0
70.33622308327652 43.45077671546716 0.0
55.11812260513504 143.06233565286718 0.0
35.0632849438182 101.819709105914 0.0
16.310918206531653 116.23667890842293 0.0
68.96475369263786 177.03177878214817 0.0
168.40791470654744 88.37093495693196 0.0
176.4903427979839 191.4387175097263 0.0
152.31122876876458 102.26662338472659 0.0
51.70109547385928 78.0474480113659 0.0
35.84646062640486 192.04991412413156 0.0
93.45751571159605 44.444075241499604 0.0
158.74564535956682 50.206609977363414 0.0
141.1668613908264 126.77320061510937 0.0
174.9379508582257 119.8439285800208 0.0
39.90911037990341 37.9533485958578 0.0
34.26854844027511 62.9419987454076 0.0
18.175259628449748 27.786108915408093 0.0
60.805030439935216 34.45957727201141 0.0
67.1157113061771 167.34295195500698 0.0
131.17987037449882 152.51006341410286 0.0
47.11043176405529 145.99030558925898 0.0
33.956497979685274 196.42542738870205 0.0
115.63679148162478 126.64007912639654 0.0
199.7955606932607 87.3772391059508 0.0
69.82491415151829 43.28938685947552 0.0
132.23709752118418 110.32556886307303 0.0
127.75453496228873 144.63964990021236 0.0
40.20329705201302 121.41804064740249 0.0
134.4613777211439 188.56205300156782 0.0
175.86570466918397 151.56295360719713 0.0
171.78508950333708 74.4026506402556 0.0
15.309698969222762 64.75189187017207 0.0
75.60496009566491 63.59718355857036 0.0
84.4681554966509 58.80879305256903 0.0
19.67351882016384 83.79206369242036 0.0
129.08531708243788 6.5941279328756375 0.0
112.17239439919165 137.64467951124192 0.0
55.01091087579009 127.29420188847911 0.0
69.27867710705567 144.70264372491758 0.0
23.913587956302695 50.27738276980747 0.0
79.44422034727825 33.238232542650614 0.0
79.5419075724615 188.10040776613423 0.0
152.7543185962082 168.6407819780582 0.0
100.95007933249845 70.59965796522773 0.0
161.6462954059854 55.94636407538227 0.0
131.6447455327912 108.60373125222821 0.0
22.432582831463456 86.31072696855607 0.0
17.398211385729013 153.65528366985794 0.0
41.486887137755616 110.70788080933953 0.0
0.5125075672192114 199.2316125862975 0.0
155.61624145524112 18.863413056976185 0.0
64.6077684449149 29.305063387609252 0.0
33.05558091325802 77.40812073080845 0.0
1.547496461353548 161.6858999563773 0.0
169.68583079175775 138.46411326922467 0.0
180.90235247104454 56.441796857963176 0.0
14.490234933187063 168.35210800855396 0.0
42.393041177609156 63.78971906066098 0.0
188.9280157918714 65.83520205337676 0.0
3.0421657665361312 171.2075071347003 0.0
26.81828379439779 40.2909713761109 0.0
173.303730192691 76.11406267375673 0.0
154.4913558162455 102.43027863541005 0.0
10.228239934888261 58.31852287302925 0.0
55.37856741006486 83.65781743172253 0.0
0.7602579075702609 155.54048108000418 0.0
118.8758044111245 44.89585767898498 0.0
64.55444939164047 55.65477023801739 0.0
160.23002675138392 161.66934043940287 0.0
193.23513637676916 110.91600166163265 0.0
16.362118023763593 179.476944968065 0.0
101.81350244134424 152.26944779811774 0.0
171.9534208687604 121.94937943408424 0.0
158.01556409184732 135.95663317224978 0.0
50.78746855890153 104.02266458438325 0.0
176.56322885005576 89.97536878123593 0.0
19.25237834779827 53.33072954630094 0.0
17.989651911841122 144.55562023634474 0.0
92.07350773900897 75.24828659098675 0.0
115.3593226553807 28.66420515189212 0.0
4.760028555116724 110.49139897786051 0.0
67.30226658311057 93.65273655007013 0.0
122.91309621331526 28.909811263052077 0.0
82.0608665941624 85.51492533750285 0.0
195.4574170508309 179.08160811314065 0.0
134.78680966051851 128.82088514199825 0.0
27.022000512641743 70.54741268360394 0.0
9.114863945069263 108.24758406641538 0.0
144.110026518647 103.99775348990158 0.0
134.07904475090072 37.72621221272961 0.0
60.36176334446437 84.4539975831103 0.0
98.72600134816089 92.57882022071284 0.0
8.128567357271876 53.45958990088522 0.0
129.3193639064419 146.61801632309462 0.0
196.7400249932596 158.5250824028057 0.0
47.81794439461016 104.03525543909286 0.0
182.26039057652662 41.54688166229641 0.0
95.34968208483792 45.00467584110337 0.0
189.19453857345917 172.64628171361954 0.0
100.69236719691949 14.281037614130042 0.0
11.517667770354546 81.85181655357283 0.0
1.3111523184154983 173.67190770982296 0.0
38.567116666932755 148.27466610485715 0.0
83.29197749967321 12.115806955842956 0.0
0.7486654781389657 94.90331574536637 0.0
96.54907975383684 161.19949550971862 0.0
10.673777424298049 6.870176876265743 0.0
22.973832418479525 99.29931535483124 0.0
187.2583227815143 142.01964199861786 0.0
127.73118101096088 44.13285501193451 0.0
193.47732319162878 34.8333958807691 0.0
7.699112489828863 31.358966286090695 0.0
192.88440133355704 8.245449882461875 0.0
66.08546718470846 155.96560648848885 0.0
35.66862123197636 2.6059725904434172 0.0
188.54569531312154 13.536510457120098 0.0
121.93546286114065 7.029532772347502 0.0
173.6640235983732 120.08945194040146 0.0
158.06282407362434 135.5897996068777 0.0
79.4496919972431 112.03013314898946 0.0
121.39687628211439 129.29959068016157 0.0
87.53890353746472 31.867569723096324 0.0
179.21676776205243 184.5413772692909 0.0
158.0822534202698 190.68822954874398 0.0
69.81118845424513 109.59020364228344 0.0
50.83640758240961 164.98781131905187 0.0
146.6738377015937 93.09744815073573 0.0
21.767897431533445 33.3110906107686 0.0
111.23902642491161 31.88024680050652 0.0
69.5159970616356 187.2519023062286 0.0
15.242497150394163 10.088307823090403 0.0
2.3505701273126345 161.71671080886847 0.0
0.7068368862833241 147.79607048255454 0.0
23.80007599046099 120.9569844263113 0.0
63.7147665645422 44.29490397360756 0.0
