2 26
3 964
4 125
6 918
8 316
10 76
13 770
16 270
19 531
18 933
20 269
22 747
25 243
31 931
30 388
34 87
33 391
38 602
39 455
36 875
42 412
43 966
40 159
46 533
50 914
49 161
55 130
52 660
57 312
61 950
68 596
71 839
65 907
76 819
78 898
79 595
72 482
73 860
84 214
81 235
80 233
83 969
92 531
95 610
88 89
91 465
103 844
101 172
99 544
96 536
111 861
108 938
109 874
106 372
105 117
116 492
114 155
125 29
124 295
123 201
122 679
121 3
138 51
140 698
143 545
128 266
133 134
135 509
152 692
154 64
156 579
157 782
158 457
159 807
146 764
147 863
149 902
151 261
170 441
168 887
175 991
174 432
173 3
163 689
162 908
161 944
160 382
167 915
166 951
165 789
184 201
185 695
190 72
189 551
178 235
179 895
183 47
204 581
207 556
201 977
196 717
193 413
192 213
220 898
221 183
223 697
216 221
218 383
219 959
208 579
238 633
235 574
233 497
230 679
229 606
226 955
225 680
224 455
250 662
247 207
244 114
245 572
242 725
241 834
274 743
272 695
277 848
283 209
280 985
286 104
285 113
258 683
257 440
262 446
263 440
260 309
266 701
267 189
265 785
268 406
269 81
306 702
309 382
308 404
313 473
312 800
315 578
317 797
319 0
318 988
288 922
290 794
292 337
293 942
294 335
297 253
298 279
302 999
341 196
338 204
336 372
351 208
350 752
348 62
347 306
346 897
326 833
327 82
324 33
322 567
323 910
333 311
330 974
331 372
329 774
372 565
369 756
368 39
370 610
381 106
380 465
383 997
382 428
377 761
358 584
359 272
352 579
353 325
354 446
366 755
367 748
360 100
361 403
363 784
410 759
411 574
408 831
409 248
402 202
400 741
401 407
406 546
393 358
397 750
387 315
386 447
391 436
388 93
441 949
442 617
446 755
447 895
434 383
436 876
437 82
438 80
424 921
427 285
428 436
431 558
430 743
417 855
416 61
418 981
421 795
420 540
423 215
422 0
478 524
474 952
472 601
470 593
467 538
465 249
458 613
457 16
456 476
454 387
453 845
449 152
500 272
496 57
499 1
493 927
494 727
489 166
488 311
490 12
484 602
483 609
