1 29 44.0
1 34 29.0
1 46 40.0
1 89 97.0
1 103 26.0
1 136 57.0
1 150 4.0
1 156 52.0
1 157 71.0
1 184 74.0
1 191 68.0
2 7 99.0
2 11 82.0
2 19 63.0
2 23 38.0
2 31 14.0
2 41 6.0
2 74 98.0
2 79 19.0
2 82 47.0
2 131 35.0
2 152 32.0
2 171 91.0
2 199 32.0
3 37 34.0
3 54 69.0
3 61 73.0
3 69 30.0
3 76 92.0
3 108 28.0
3 132 84.0
3 141 64.0
3 154 15.0
3 159 14.0
3 166 33.0
3 177 23.0
3 178 58.0
4 30 87.0
4 45 8.0
4 68 27.0
4 85 11.0
4 102 39.0
4 188 46.0
4 20 37.0
4 36 4.0
4 50 61.0
4 56 99.0
4 63 86.0
4 77 79.0
4 121 2.0
4 134 91.0
4 146 75.0
4 187 62.0
5 7 55.0
5 8 71.0
5 48 71.0
5 79 60.0
5 86 6.0
5 87 47.0
5 106 75.0
5 112 34.0
5 116 12.0
5 119 71.0
5 120 30.0
5 123 41.0
5 145 29.0
5 155 81.0
5 160 77.0
5 164 51.0
5 189 81.0
5 198 9.0
6 17 71.0
6 24 79.0
6 72 90.0
6 94 60.0
6 126 67.0
6 21 44.0
6 22 72.0
6 38 62.0
6 40 59.0
6 71 9.0
6 88 1.0
6 100 53.0
6 115 74.0
6 142 92.0
7 2 78.0
7 5 41.0
7 8 30.0
7 19 65.0
7 23 84.0
7 35 66.0
7 41 15.0
7 74 69.0
7 79 33.0
7 82 78.0
7 87 78.0
7 112 2.0
7 119 47.0
7 120 56.0
7 123 24.0
7 152 6.0
7 155 30.0
7 189 75.0
7 199 19.0
8 5 93.0
8 7 30.0
8 19 86.0
8 23 19.0
8 35 30.0
8 48 13.0
8 79 37.0
8 82 19.0
8 86 34.0
8 87 77.0
8 106 44.0
8 112 68.0
8 119 67.0
8 120 21.0
8 123 35.0
8 152 54.0
8 155 81.0
8 160 2.0
8 189 23.0
8 199 74.0
9 42 91.0
9 81 44.0
9 95 26.0
9 101 55.0
9 158 11.0
9 181 35.0
9 185 26.0
9 93 98.0
9 103 79.0
9 136 33.0
9 137 91.0
9 180 16.0
10 57 71.0
10 151 97.0
10 165 71.0
10 166 65.0
10 174 5.0
10 16 46.0
10 153 71.0
11 13 99.0
11 67 68.0
11 127 9.0
11 2 86.0
11 23 49.0
11 31 57.0
11 41 57.0
11 74 36.0
11 131 68.0
11 171 97.0
11 199 33.0
12 25 26.0
12 39 19.0
12 110 97.0
12 149 36.0
12 161 78.0
12 200 9.0
13 18 26.0
13 27 45.0
13 67 50.0
13 70 83.0
13 97 72.0
13 113 75.0
13 118 55.0
13 125 32.0
13 127 77.0
13 11 39.0
13 31 55.0
13 74 83.0
13 131 44.0
13 171 42.0
14 122 93.0
14 125 77.0
14 31 79.0
14 44 22.0
14 47 29.0
14 78 13.0
14 117 19.0
14 131 58.0
14 144 43.0
14 152 48.0
14 163 75.0
14 172 67.0
14 190 82.0
14 197 58.0
14 199 77.0
15 18 53.0
15 26 40.0
15 27 46.0
15 62 3.0
15 97 24.0
15 113 90.0
15 118 3.0
15 159 37.0
15 179 32.0
16 10 15.0
16 37 98.0
16 52 2.0
16 57 1.0
16 132 18.0
16 151 31.0
16 165 96.0
16 166 61.0
16 174 67.0
16 194 86.0
16 138 99.0
16 153 70.0
17 6 28.0
17 24 17.0
17 33 57.0
17 49 61.0
17 51 65.0
17 72 20.0
17 80 82.0
17 94 63.0
17 98 10.0
17 126 92.0
17 139 7.0
17 21 49.0
18 13 78.0
18 15 13.0
18 26 56.0
18 27 54.0
18 67 48.0
18 97 43.0
18 113 8.0
18 118 97.0
18 127 21.0
19 2 68.0
19 7 57.0
19 8 48.0
19 23 44.0
19 41 44.0
19 74 50.0
19 79 67.0
19 82 76.0
19 112 62.0
19 119 52.0
19 155 30.0
19 199 49.0
20 4 62.0
20 36 31.0
20 46 53.0
20 56 39.0
20 63 84.0
20 77 57.0
20 121 30.0
20 135 62.0
20 146 78.0
20 182 81.0
20 186 55.0
21 6 74.0
21 17 1.0
21 24 59.0
21 72 14.0
21 94 31.0
21 99 97.0
21 126 68.0
21 22 35.0
21 38 3.0
21 40 5.0
21 71 6.0
21 88 11.0
21 100 25.0
21 115 67.0
21 142 22.0
21 175 56.0
22 6 40.0
22 24 6.0
22 94 10.0
22 99 30.0
22 126 89.0
22 21 4.0
22 38 64.0
22 40 96.0
22 71 65.0
22 100 68.0
22 175 95.0
22 182 35.0
22 193 94.0
23 2 13.0
23 7 66.0
23 8 75.0
23 11 94.0
23 19 71.0
23 41 54.0
23 74 69.0
23 79 40.0
23 82 41.0
23 152 27.0
23 155 60.0
23 199 77.0
24 6 87.0
24 17 4.0
24 51 51.0
24 59 72.0
24 64 6.0
24 94 69.0
24 98 24.0
24 99 46.0
24 126 83.0
24 139 75.0
24 176 98.0
24 21 32.0
24 22 83.0
24 38 4.0
24 71 61.0
24 100 80.0
24 135 93.0
25 12 63.0
25 39 35.0
25 55 40.0
25 65 51.0
25 84 76.0
25 149 14.0
25 161 86.0
25 200 21.0
26 15 5.0
26 18 81.0
26 62 84.0
26 97 20.0
26 118 31.0
26 179 44.0
27 13 75.0
27 15 56.0
27 18 83.0
27 67 60.0
27 70 66.0
27 97 1.0
27 113 40.0
27 118 44.0
27 125 11.0
27 127 36.0
27 143 87.0
27 144 43.0
28 62 20.0
28 76 85.0
28 107 82.0
28 108 96.0
28 130 50.0
28 140 79.0
28 159 32.0
28 162 33.0
28 168 18.0
29 1 47.0
29 34 78.0
29 89 20.0
29 136 7.0
29 150 51.0
29 156 56.0
29 157 51.0
29 183 19.0
29 184 78.0
29 191 99.0
30 45 37.0
30 53 98.0
30 68 66.0
30 85 49.0
30 90 73.0
30 95 26.0
30 102 32.0
30 114 26.0
30 188 81.0
30 4 65.0
30 50 31.0
30 77 50.0
30 121 46.0
30 134 62.0
30 187 23.0
31 13 19.0
31 67 23.0
31 113 81.0
31 125 65.0
31 2 43.0
31 11 60.0
31 14 69.0
31 41 15.0
31 47 17.0
31 74 58.0
31 78 64.0
31 131 80.0
31 144 37.0
31 152 76.0
31 171 8.0
31 199 3.0
32 65 81.0
32 73 28.0
32 147 93.0
32 170 79.0
32 195 2.0
33 17 20.0
33 49 4.0
33 51 48.0
33 72 62.0
33 80 28.0
33 94 67.0
33 106 20.0
33 164 90.0
34 1 93.0
34 29 52.0
34 89 46.0
34 105 40.0
34 150 41.0
34 156 65.0
34 157 61.0
34 183 92.0
34 184 83.0
34 191 12.0
35 7 22.0
35 8 68.0
35 41 11.0
35 44 98.0
35 48 72.0
35 78 69.0
35 79 43.0
35 106 17.0
35 123 88.0
35 152 43.0
35 155 21.0
35 160 65.0
35 189 71.0
35 199 85.0
36 85 85.0
36 4 3.0
36 20 14.0
36 46 39.0
36 50 59.0
36 56 36.0
36 63 39.0
36 77 41.0
36 121 23.0
36 135 28.0
36 146 74.0
36 186 25.0
37 3 81.0
37 54 47.0
37 57 20.0
37 69 47.0
37 76 34.0
37 108 24.0
37 130 2.0
37 132 22.0
37 141 93.0
37 151 73.0
37 154 88.0
37 165 19.0
37 166 37.0
37 174 22.0
37 177 42.0
37 194 70.0
37 16 36.0
38 6 96.0
38 24 70.0
38 94 71.0
38 99 13.0
38 126 27.0
38 139 88.0
38 21 42.0
38 22 22.0
38 40 10.0
38 71 24.0
38 88 42.0
38 100 5.0
38 175 40.0
38 182 52.0
39 12 79.0
39 25 64.0
39 84 16.0
39 149 34.0
39 153 78.0
39 161 68.0
39 200 50.0
40 6 89.0
40 94 76.0
40 126 10.0
40 21 2.0
40 22 72.0
40 38 60.0
40 71 81.0
40 88 51.0
40 100 95.0
40 115 12.0
40 142 43.0
40 175 11.0
40 182 18.0
40 193 47.0
41 2 18.0
41 7 47.0
41 11 30.0
41 19 17.0
41 23 41.0
41 31 39.0
41 35 52.0
41 74 73.0
41 78 33.0
41 79 59.0
41 82 39.0
41 131 31.0
41 152 95.0
41 171 21.0
41 199 66.0
42 9 23.0
42 58 47.0
42 81 37.0
42 95 96.0
42 101 71.0
42 111 19.0
42 158 93.0
42 181 54.0
42 185 69.0
42 192 4.0
42 195 47.0
42 93 59.0
42 103 29.0
42 136 12.0
42 137 45.0
42 180 57.0
43 44 49.0
43 59 33.0
43 64 98.0
43 96 19.0
43 98 60.0
43 99 59.0
43 117 87.0
43 129 11.0
43 139 14.0
43 163 60.0
43 176 99.0
43 135 12.0
44 14 50.0
44 35 79.0
44 43 15.0
44 47 93.0
44 59 77.0
44 64 44.0
44 78 86.0
44 96 90.0
44 98 43.0
44 117 33.0
44 139 31.0
44 152 76.0
44 163 45.0
44 176 18.0
44 190 58.0
44 197 86.0
45 30 88.0
45 53 89.0
45 68 59.0
45 85 42.0
45 90 7.0
45 95 78.0
45 102 96.0
45 114 16.0
45 158 39.0
45 188 92.0
45 4 77.0
45 50 89.0
45 77 18.0
45 121 43.0
46 1 69.0
46 20 99.0
46 36 96.0
46 56 59.0
46 77 21.0
46 121 78.0
46 146 1.0
46 169 74.0
46 184 42.0
46 186 13.0
46 191 94.0
47 67 43.0
47 70 61.0
47 122 55.0
47 125 50.0
47 14 41.0
47 31 49.0
47 44 71.0
47 78 63.0
47 131 11.0
47 144 62.0
47 152 72.0
47 163 22.0
47 171 55.0
47 172 88.0
47 190 29.0
47 197 24.0
47 199 15.0
48 5 42.0
48 8 99.0
48 35 24.0
48 49 18.0
48 79 49.0
48 80 42.0
48 86 94.0
48 87 86.0
48 106 22.0
48 112 75.0
48 119 59.0
48 120 54.0
48 123 95.0
48 155 19.0
48 160 7.0
48 164 62.0
48 189 28.0
48 198 56.0
49 17 82.0
49 33 30.0
49 48 42.0
49 51 71.0
49 72 73.0
49 80 17.0
49 86 66.0
49 106 59.0
49 160 65.0
49 164 66.0
49 189 18.0
50 30 28.0
50 45 59.0
50 68 72.0
50 85 16.0
50 95 14.0
50 102 84.0
50 158 3.0
50 188 93.0
50 4 76.0
50 36 23.0
50 56 11.0
50 77 81.0
50 121 50.0
51 17 84.0
51 24 82.0
51 33 16.0
51 49 45.0
51 59 59.0
51 64 2.0
51 94 10.0
51 98 2.0
51 99 63.0
51 139 45.0
51 176 77.0
52 60 52.0
52 61 41.0
52 132 17.0
52 141 70.0
52 167 10.0
52 177 1.0
52 194 57.0
52 16 21.0
52 114 61.0
52 138 50.0
53 30 15.0
53 45 45.0
53 55 36.0
53 68 24.0
53 73 23.0
53 84 54.0
53 90 37.0
53 102 44.0
53 114 94.0
53 138 83.0
53 173 26.0
53 188 62.0
54 3 47.0
54 37 12.0
54 61 92.0
54 69 88.0
54 76 63.0
54 83 2.0
54 108 99.0
54 132 61.0
54 141 39.0
54 151 6.0
54 154 55.0
54 166 77.0
54 177 63.0
54 178 58.0
54 194 37.0
55 25 38.0
55 53 89.0
55 65 48.0
55 73 13.0
55 84 82.0
55 90 55.0
55 138 21.0
55 153 92.0
55 200 15.0
56 85 60.0
56 4 34.0
56 20 99.0
56 36 43.0
56 46 56.0
56 50 96.0
56 63 66.0
56 77 45.0
56 121 54.0
56 146 13.0
56 186 46.0
57 10 64.0
57 37 68.0
57 132 9.0
57 151 2.0
57 165 33.0
57 166 65.0
57 174 3.0
57 16 99.0
57 153 87.0
58 42 55.0
58 81 35.0
58 101 98.0
58 111 7.0
58 147 31.0
58 181 10.0
58 185 77.0
58 192 59.0
58 195 56.0
59 24 43.0
59 43 52.0
59 44 88.0
59 51 29.0
59 64 61.0
59 96 30.0
59 98 6.0
59 99 34.0
59 117 71.0
59 129 62.0
59 139 87.0
59 176 89.0
59 135 74.0
60 52 14.0
60 61 89.0
60 66 99.0
60 83 69.0
60 92 77.0
60 141 92.0
60 148 24.0
60 167 2.0
60 177 97.0
60 178 9.0
60 194 70.0
60 114 76.0
61 3 55.0
61 52 53.0
61 54 78.0
61 60 40.0
61 66 65.0
61 83 67.0
61 92 41.0
61 132 2.0
61 141 66.0
61 148 65.0
61 154 75.0
61 167 94.0
61 177 73.0
61 178 11.0
61 194 78.0
62 15 54.0
62 26 68.0
62 28 10.0
62 76 97.0
62 107 13.0
62 108 87.0
62 133 31.0
62 159 75.0
62 162 6.0
62 168 27.0
62 179 5.0
63 129 18.0
63 4 63.0
63 20 4.0
63 36 69.0
63 56 12.0
63 77 8.0
63 121 62.0
63 134 67.0
63 135 1.0
63 146 2.0
63 187 26.0
64 24 67.0
64 43 23.0
64 44 93.0
64 51 38.0
64 59 9.0
64 96 7.0
64 98 43.0
64 99 60.0
64 117 54.0
64 129 70.0
64 139 30.0
64 176 41.0
64 135 85.0
65 25 85.0
65 32 62.0
65 55 37.0
65 73 73.0
65 84 48.0
65 170 95.0
65 195 6.0
66 60 2.0
66 61 42.0
66 83 63.0
66 92 82.0
66 122 69.0
66 143 93.0
66 148 12.0
66 167 74.0
66 178 35.0
66 117 5.0
66 144 96.0
66 163 3.0
66 172 9.0
66 190 72.0
66 197 51.0
67 13 14.0
67 18 8.0
67 27 37.0
67 70 25.0
67 97 41.0
67 113 94.0
67 118 57.0
67 125 85.0
67 127 19.0
67 143 51.0
67 11 61.0
67 31 58.0
67 47 23.0
67 74 91.0
67 131 26.0
67 144 69.0
67 171 80.0
68 30 30.0
68 45 99.0
68 53 4.0
68 85 7.0
68 90 92.0
68 95 42.0
68 102 58.0
68 114 88.0
68 158 6.0
68 188 36.0
68 4 18.0
68 50 7.0
68 77 72.0
69 3 96.0
69 37 9.0
69 54 3.0
69 76 81.0
69 108 65.0
69 132 38.0
69 141 41.0
69 154 25.0
69 159 24.0
69 166 8.0
69 177 21.0
69 178 49.0
70 13 86.0
70 27 40.0
70 67 35.0
70 83 61.0
70 97 19.0
70 113 34.0
70 122 13.0
70 125 16.0
70 143 37.0
70 148 53.0
70 178 79.0
70 47 39.0
70 144 23.0
70 172 54.0
70 190 99.0
70 197 98.0
71 6 91.0
71 24 15.0
71 94 23.0
71 99 33.0
71 126 52.0
71 21 85.0
71 22 18.0
71 38 12.0
71 40 76.0
71 88 63.0
71 100 49.0
71 115 66.0
71 142 80.0
71 175 95.0
71 182 68.0
71 193 82.0
72 6 57.0
72 17 92.0
72 33 58.0
72 49 80.0
72 94 12.0
72 126 24.0
72 21 58.0
72 88 60.0
73 32 7.0
73 53 12.0
73 55 75.0
73 65 85.0
73 84 95.0
73 90 26.0
73 170 93.0
73 173 26.0
73 181 69.0
73 185 90.0
73 195 35.0
74 13 51.0
74 67 78.0
74 2 95.0
74 7 43.0
74 11 98.0
74 19 65.0
74 23 90.0
74 31 22.0
74 41 97.0
74 78 82.0
74 82 6.0
74 131 33.0
74 152 6.0
74 171 13.0
74 199 94.0
75 91 63.0
75 115 25.0
75 124 63.0
75 142 68.0
75 175 5.0
75 193 57.0
75 196 59.0
76 3 97.0
76 28 16.0
76 37 70.0
76 54 93.0
76 62 25.0
76 69 49.0
76 108 40.0
76 130 34.0
76 141 24.0
76 154 77.0
76 159 85.0
76 162 57.0
76 166 86.0
77 30 30.0
77 45 41.0
77 68 86.0
77 85 71.0
77 4 17.0
77 20 92.0
77 36 65.0
77 46 14.0
77 50 17.0
77 56 40.0
77 63 68.0
77 121 7.0
77 134 17.0
77 135 26.0
77 146 27.0
77 186 95.0
77 187 19.0
78 14 36.0
78 31 50.0
78 35 63.0
78 41 61.0
78 44 97.0
78 47 26.0
78 74 52.0
78 131 86.0
78 144 11.0
78 152 13.0
78 171 10.0
78 172 11.0
78 190 41.0
78 197 99.0
78 199 95.0
79 2 10.0
79 5 42.0
79 7 34.0
79 8 92.0
79 19 54.0
79 23 96.0
79 35 19.0
79 41 14.0
79 48 43.0
79 82 5.0
79 86 67.0
79 87 77.0
79 112 27.0
79 119 71.0
79 120 97.0
79 123 52.0
79 152 33.0
79 155 32.0
79 160 82.0
79 189 33.0
79 199 36.0
80 17 78.0
80 33 5.0
80 48 20.0
80 49 17.0
80 86 25.0
80 106 13.0
80 123 32.0
80 160 29.0
80 164 24.0
80 189 54.0
80 198 41.0
81 9 38.0
81 42 41.0
81 58 36.0
81 95 80.0
81 101 96.0
81 111 23.0
81 158 70.0
81 181 28.0
81 185 86.0
81 192 83.0
81 195 67.0
81 93 75.0
81 103 2.0
81 136 38.0
81 137 84.0
81 180 52.0
82 2 46.0
82 7 77.0
82 8 68.0
82 19 63.0
82 23 69.0
82 41 83.0
82 74 5.0
82 79 24.0
82 112 38.0
82 152 9.0
82 155 69.0
82 199 58.0
83 54 80.0
83 60 41.0
83 61 41.0
83 66 26.0
83 70 67.0
83 122 68.0
83 125 83.0
83 141 24.0
83 143 60.0
83 148 73.0
83 154 6.0
83 167 53.0
83 177 18.0
83 178 10.0
83 144 47.0
83 163 46.0
83 172 45.0
83 190 39.0
84 25 12.0
84 39 50.0
84 53 56.0
84 55 22.0
84 65 16.0
84 73 39.0
84 90 70.0
84 138 31.0
84 153 35.0
84 200 53.0
85 30 39.0
85 45 81.0
85 68 12.0
85 95 58.0
85 102 24.0
85 114 8.0
85 188 15.0
85 4 81.0
85 36 30.0
85 50 29.0
85 56 81.0
85 77 28.0
85 121 45.0
85 134 85.0
85 187 9.0
86 5 27.0
86 8 80.0
86 48 79.0
86 49 34.0
86 79 97.0
86 80 64.0
86 87 5.0
86 106 34.0
86 112 39.0
86 116 16.0
86 119 75.0
86 120 44.0
86 123 81.0
86 145 21.0
86 155 95.0
86 160 45.0
86 164 15.0
86 189 41.0
86 198 26.0
87 5 55.0
87 7 53.0
87 8 5.0
87 48 93.0
87 79 46.0
87 86 20.0
87 106 66.0
87 112 4.0
87 116 24.0
87 119 89.0
87 120 96.0
87 123 2.0
87 145 30.0
87 155 16.0
87 160 89.0
87 164 89.0
87 189 66.0
87 198 4.0
88 6 17.0
88 72 84.0
88 94 90.0
88 126 76.0
88 21 10.0
88 38 75.0
88 40 21.0
88 71 88.0
88 100 99.0
88 115 39.0
88 142 55.0
89 1 93.0
89 29 59.0
89 34 91.0
89 136 28.0
89 150 79.0
89 156 55.0
89 157 85.0
89 183 33.0
89 184 27.0
89 191 60.0
90 30 85.0
90 45 90.0
90 53 99.0
90 55 85.0
90 68 70.0
90 73 71.0
90 84 40.0
90 102 53.0
90 114 95.0
90 138 69.0
90 173 39.0
90 188 68.0
91 75 76.0
91 105 72.0
91 124 27.0
91 128 62.0
91 196 82.0
92 60 23.0
92 61 98.0
92 66 23.0
92 122 75.0
92 148 9.0
92 167 27.0
92 177 83.0
92 163 16.0
92 134 9.0
92 187 90.0
93 9 23.0
93 42 80.0
93 81 37.0
93 103 67.0
93 136 8.0
93 137 32.0
93 157 79.0
93 180 68.0
94 6 19.0
94 17 64.0
94 24 11.0
94 33 7.0
94 51 24.0
94 72 6.0
94 99 66.0
94 126 37.0
94 21 87.0
94 22 75.0
94 38 25.0
94 40 40.0
94 71 68.0
94 88 96.0
94 100 29.0
95 9 80.0
95 30 22.0
95 42 49.0
95 45 48.0
95 68 9.0
95 81 96.0
95 85 76.0
95 101 96.0
95 102 70.0
95 158 25.0
95 173 94.0
95 50 39.0
95 136 24.0
96 43 13.0
96 44 48.0
96 59 49.0
96 64 73.0
96 98 72.0
96 99 29.0
96 117 35.0
96 129 81.0
96 139 72.0
96 163 88.0
96 176 8.0
96 135 72.0
97 13 56.0
97 15 58.0
97 18 64.0
97 26 46.0
97 27 44.0
97 67 3.0
97 70 26.0
97 113 44.0
97 118 32.0
97 125 46.0
97 127 25.0
98 17 26.0
98 24 7.0
98 43 67.0
98 44 9.0
98 51 82.0
98 59 21.0
98 64 11.0
98 96 31.0
98 99 57.0
98 139 4.0
98 176 89.0
99 24 4.0
99 43 43.0
99 51 49.0
99 59 50.0
99 64 14.0
99 94 80.0
99 96 85.0
99 98 10.0
99 126 32.0
99 129 64.0
99 139 13.0
99 176 79.0
99 21 30.0
99 22 80.0
99 38 13.0
99 71 37.0
99 100 54.0
99 135 83.0
100 6 17.0
100 24 29.0
100 94 21.0
100 99 3.0
100 126 10.0
100 21 94.0
100 22 96.0
100 38 39.0
100 40 18.0
100 71 40.0
100 88 17.0
100 175 87.0
100 182 73.0
101 9 96.0
101 42 84.0
101 58 52.0
101 81 61.0
101 95 56.0
101 111 82.0
101 147 86.0
101 158 88.0
101 173 96.0
101 181 41.0
101 185 17.0
101 192 15.0
101 195 5.0
101 137 54.0
101 180 32.0
102 30 6.0
102 45 82.0
102 53 64.0
102 68 37.0
102 85 17.0
102 90 96.0
102 95 8.0
102 114 88.0
102 158 75.0
102 173 4.0
102 188 91.0
102 4 96.0
102 50 94.0
103 9 13.0
103 42 55.0
103 81 14.0
103 158 50.0
103 1 50.0
103 93 98.0
103 136 50.0
103 137 40.0
103 157 37.0
103 180 65.0
103 184 89.0
104 110 99.0
105 34 26.0
105 91 11.0
105 109 68.0
105 124 28.0
105 128 57.0
105 183 60.0
106 5 13.0
106 8 95.0
106 33 85.0
106 35 10.0
106 48 77.0
106 49 13.0
106 80 66.0
106 86 23.0
106 87 57.0
106 120 59.0
106 123 27.0
106 160 73.0
106 164 75.0
106 189 58.0
106 198 94.0
107 28 16.0
107 62 40.0
107 130 87.0
107 133 48.0
107 140 73.0
107 159 13.0
107 162 70.0
107 168 88.0
107 179 15.0
108 3 54.0
108 28 97.0
108 37 32.0
108 54 24.0
108 62 80.0
108 69 42.0
108 76 4.0
108 130 85.0
108 141 61.0
108 154 49.0
108 159 3.0
108 162 58.0
109 105 27.0
109 124 29.0
109 169 81.0
109 183 71.0
109 191 39.0
109 193 40.0
109 196 61.0
110 12 65.0
110 104 2.0
111 42 15.0
111 58 26.0
111 81 64.0
111 101 42.0
111 147 85.0
111 181 18.0
111 185 25.0
111 192 17.0
111 195 43.0
112 5 87.0
112 7 72.0
112 8 16.0
112 19 24.0
112 48 47.0
112 79 24.0
112 82 42.0
112 86 9.0
112 87 50.0
112 116 26.0
112 119 62.0
112 120 9.0
112 123 62.0
112 145 27.0
112 155 92.0
112 160 49.0
112 164 51.0
112 189 59.0
112 198 74.0
113 13 79.0
113 15 68.0
113 18 51.0
113 27 84.0
113 67 80.0
113 70 86.0
113 97 72.0
113 118 52.0
113 125 31.0
113 127 43.0
113 31 65.0
113 131 42.0
113 144 47.0
113 171 87.0
114 52 69.0
114 60 88.0
114 30 7.0
114 45 66.0
114 53 98.0
114 68 1.0
114 85 9.0
114 90 73.0
114 102 13.0
114 138 96.0
114 188 95.0
115 6 65.0
115 126 50.0
115 21 34.0
115 40 65.0
115 71 4.0
115 75 42.0
115 88 92.0
115 142 8.0
115 175 92.0
116 5 24.0
116 86 4.0
116 87 96.0
116 112 86.0
116 119 52.0
116 120 67.0
116 145 64.0
116 155 22.0
116 198 22.0
117 66 99.0
117 122 69.0
117 14 39.0
117 43 34.0
117 44 18.0
117 59 10.0
117 64 26.0
117 96 84.0
117 129 24.0
117 163 39.0
117 172 73.0
117 176 7.0
117 190 13.0
117 197 43.0
118 13 2.0
118 15 65.0
118 18 50.0
118 26 47.0
118 27 72.0
118 67 8.0
118 97 16.0
118 113 39.0
118 127 20.0
119 5 50.0
119 7 33.0
119 8 93.0
119 19 85.0
119 48 20.0
119 79 86.0
119 86 73.0
119 87 43.0
119 112 92.0
119 116 78.0
119 120 36.0
119 123 37.0
119 145 37.0
119 155 37.0
119 160 3.0
119 164 26.0
119 189 4.0
119 198 80.0
120 5 28.0
120 7 49.0
120 8 20.0
120 48 26.0
120 79 51.0
120 86 89.0
120 87 23.0
120 106 91.0
120 112 36.0
120 116 7.0
120 119 77.0
120 123 91.0
120 145 4.0
120 155 46.0
120 160 67.0
120 164 86.0
120 189 60.0
120 198 25.0
121 30 72.0
121 45 71.0
121 85 14.0
121 4 98.0
121 20 19.0
121 36 27.0
121 46 61.0
121 50 92.0
121 56 57.0
121 63 68.0
121 77 66.0
121 134 60.0
121 146 14.0
121 186 46.0
121 187 76.0
122 66 5.0
122 70 67.0
122 83 41.0
122 92 62.0
122 125 51.0
122 143 30.0
122 148 4.0
122 167 70.0
122 178 5.0
122 14 35.0
122 47 43.0
122 117 10.0
122 144 79.0
122 163 2.0
122 172 86.0
122 190 49.0
122 197 1.0
123 5 8.0
123 7 34.0
123 8 45.0
123 35 12.0
123 48 88.0
123 79 51.0
123 80 40.0
123 86 29.0
123 87 73.0
123 106 34.0
123 112 13.0
123 119 81.0
123 120 94.0
123 155 37.0
123 160 21.0
123 164 73.0
123 189 35.0
123 198 2.0
124 75 73.0
124 91 98.0
124 105 11.0
124 109 84.0
124 169 27.0
124 183 70.0
124 191 81.0
124 193 51.0
124 196 35.0
125 13 64.0
125 27 12.0
125 67 57.0
125 70 1.0
125 83 50.0
125 97 50.0
125 113 41.0
125 122 7.0
125 143 91.0
125 148 57.0
125 14 42.0
125 31 52.0
125 47 5.0
125 131 76.0
125 144 97.0
125 163 34.0
125 172 87.0
125 190 53.0
125 197 68.0
126 6 21.0
126 17 75.0
126 24 77.0
126 72 60.0
126 94 62.0
126 99 58.0
126 21 91.0
126 22 78.0
126 38 93.0
126 40 1.0
126 71 11.0
126 88 58.0
126 100 31.0
126 115 31.0
127 13 61.0
127 18 48.0
127 27 1.0
127 67 67.0
127 97 16.0
127 113 57.0
127 118 2.0
127 11 16.0
127 171 2.0
128 91 25.0
128 105 93.0
128 196 57.0
129 43 17.0
129 59 37.0
129 64 75.0
129 96 36.0
129 99 56.0
129 117 35.0
129 176 78.0
129 63 90.0
129 134 43.0
129 135 80.0
129 187 40.0
130 28 10.0
130 37 20.0
130 76 89.0
130 107 66.0
130 108 94.0
130 140 19.0
130 159 96.0
130 162 62.0
130 165 70.0
130 166 9.0
130 168 79.0
131 13 51.0
131 67 44.0
131 113 97.0
131 125 1.0
131 2 24.0
131 11 35.0
131 14 97.0
131 31 39.0
131 41 37.0
131 47 76.0
131 74 64.0
131 78 30.0
131 144 40.0
131 152 76.0
131 171 85.0
131 199 21.0
132 3 74.0
132 37 64.0
132 52 20.0
132 54 58.0
132 57 38.0
132 61 60.0
132 69 95.0
132 141 17.0
132 151 67.0
132 154 83.0
132 165 25.0
132 166 44.0
132 174 72.0
132 177 35.0
132 194 30.0
132 16 7.0
133 62 76.0
133 107 37.0
133 140 71.0
133 159 31.0
133 162 90.0
133 168 7.0
133 179 15.0
134 92 36.0
134 167 17.0
134 30 5.0
134 85 5.0
134 188 74.0
134 129 4.0
134 4 19.0
134 63 20.0
134 77 31.0
134 121 33.0
134 135 34.0
134 187 8.0
135 24 69.0
135 43 8.0
135 59 29.0
135 64 41.0
135 96 20.0
135 99 93.0
135 129 94.0
135 176 31.0
135 20 5.0
135 36 61.0
135 63 61.0
135 77 59.0
135 134 22.0
135 146 49.0
136 9 53.0
136 42 34.0
136 81 58.0
136 95 19.0
136 158 47.0
136 1 45.0
136 29 8.0
136 89 35.0
136 93 49.0
136 103 51.0
136 137 28.0
136 150 71.0
136 157 15.0
136 180 44.0
136 184 47.0
137 9 12.0
137 42 82.0
137 81 15.0
137 101 43.0
137 158 52.0
137 93 76.0
137 103 82.0
137 136 10.0
137 157 84.0
137 180 33.0
138 52 99.0
138 194 8.0
138 16 6.0
138 53 21.0
138 55 64.0
138 84 69.0
138 90 41.0
138 114 69.0
138 188 62.0
139 17 81.0
139 24 14.0
139 43 17.0
139 44 53.0
139 51 35.0
139 59 93.0
139 64 37.0
139 96 87.0
139 98 78.0
139 99 48.0
139 176 74.0
139 38 78.0
140 28 14.0
140 107 17.0
140 130 17.0
140 133 81.0
140 162 61.0
140 168 83.0
141 3 38.0
141 37 66.0
141 52 59.0
141 54 20.0
141 60 90.0
141 61 54.0
141 69 45.0
141 76 89.0
141 83 95.0
141 108 32.0
141 132 92.0
141 154 2.0
141 167 73.0
141 177 96.0
141 178 45.0
141 194 87.0
142 6 22.0
142 21 55.0
142 40 69.0
142 71 56.0
142 75 85.0
142 88 36.0
142 115 31.0
142 175 37.0
142 193 1.0
143 27 36.0
143 66 41.0
143 67 42.0
143 70 68.0
143 83 27.0
143 122 78.0
143 125 97.0
143 148 99.0
143 178 99.0
143 144 46.0
143 163 43.0
143 172 79.0
143 190 11.0
143 197 18.0
144 27 66.0
144 66 76.0
144 67 94.0
144 70 6.0
144 83 61.0
144 113 25.0
144 122 53.0
144 125 27.0
144 143 99.0
144 148 48.0
144 14 11.0
144 31 28.0
144 47 28.0
144 78 94.0
144 131 46.0
144 163 30.0
144 172 67.0
144 190 53.0
144 197 3.0
145 5 43.0
145 86 33.0
145 87 24.0
145 112 23.0
145 116 75.0
145 119 86.0
145 120 85.0
145 164 7.0
145 198 11.0
146 4 99.0
146 20 94.0
146 36 31.0
146 46 21.0
146 56 49.0
146 63 87.0
146 77 72.0
146 121 83.0
146 135 53.0
146 182 48.0
146 186 57.0
147 32 52.0
147 58 29.0
147 101 17.0
147 111 56.0
147 181 24.0
147 185 66.0
147 192 71.0
147 195 10.0
148 60 97.0
148 61 36.0
148 66 35.0
148 70 48.0
148 83 90.0
148 92 77.0
148 122 75.0
148 125 88.0
148 143 27.0
148 167 63.0
148 177 83.0
148 178 22.0
148 144 49.0
148 163 15.0
148 172 93.0
148 190 98.0
148 197 46.0
149 12 18.0
149 25 38.0
149 39 41.0
149 153 87.0
149 161 71.0
149 200 50.0
150 1 3.0
150 29 22.0
150 34 61.0
150 89 64.0
150 136 54.0
150 156 16.0
150 157 13.0
150 183 77.0
150 184 6.0
150 191 99.0
151 10 90.0
151 37 4.0
151 54 54.0
151 57 93.0
151 132 20.0
151 154 2.0
151 165 15.0
151 166 2.0
151 174 18.0
151 194 79.0
151 16 2.0
151 153 28.0
152 2 88.0
152 7 9.0
152 8 28.0
152 14 9.0
152 23 57.0
152 31 94.0
152 35 28.0
152 41 9.0
152 44 46.0
152 47 54.0
152 74 40.0
152 78 78.0
152 79 13.0
152 82 47.0
152 131 64.0
152 171 84.0
152 199 54.0
153 10 97.0
153 57 63.0
153 151 43.0
153 174 20.0
153 16 10.0
153 39 72.0
153 55 14.0
153 84 99.0
153 149 66.0
153 200 11.0
154 3 88.0
154 37 1.0
154 54 36.0
154 61 61.0
154 69 19.0
154 76 12.0
154 83 78.0
154 108 86.0
154 132 8.0
154 141 21.0
154 151 82.0
154 166 28.0
154 174 33.0
154 177 43.0
154 178 72.0
154 194 80.0
155 5 90.0
155 7 68.0
155 8 77.0
155 19 49.0
155 23 35.0
155 35 99.0
155 48 40.0
155 79 53.0
155 82 86.0
155 86 84.0
155 87 60.0
155 112 6.0
155 116 91.0
155 119 16.0
155 120 50.0
155 123 75.0
155 160 38.0
155 189 23.0
156 1 76.0
156 29 41.0
156 34 65.0
156 89 17.0
156 150 9.0
156 157 53.0
156 183 98.0
156 184 11.0
157 1 10.0
157 29 54.0
157 34 45.0
157 89 93.0
157 93 91.0
157 103 35.0
157 136 64.0
157 137 48.0
157 150 73.0
157 156 94.0
157 180 21.0
157 184 95.0
157 191 55.0
158 9 5.0
158 42 85.0
158 45 61.0
158 68 2.0
158 81 16.0
158 95 7.0
158 101 20.0
158 102 2.0
158 173 98.0
158 181 44.0
158 185 89.0
158 50 10.0
158 103 89.0
158 136 70.0
158 137 47.0
159 3 56.0
159 15 94.0
159 28 4.0
159 62 97.0
159 69 17.0
159 76 1.0
159 107 41.0
159 108 45.0
159 130 90.0
159 133 76.0
159 162 76.0
159 168 7.0
159 179 44.0
160 5 67.0
160 8 99.0
160 35 55.0
160 48 82.0
160 49 49.0
160 79 59.0
160 80 19.0
160 86 36.0
160 87 53.0
160 106 59.0
160 112 26.0
160 119 13.0
160 120 77.0
160 123 34.0
160 155 56.0
160 164 70.0
160 189 78.0
160 198 11.0
161 12 50.0
161 25 37.0
161 39 69.0
161 149 37.0
161 200 48.0
162 28 51.0
162 62 39.0
162 76 76.0
162 107 39.0
162 108 79.0
162 130 16.0
162 133 37.0
162 140 44.0
162 159 92.0
162 168 81.0
163 66 2.0
163 83 19.0
163 92 24.0
163 122 80.0
163 125 80.0
163 143 17.0
163 148 57.0
163 167 17.0
163 14 77.0
163 43 52.0
163 44 27.0
163 47 69.0
163 96 95.0
163 117 5.0
163 144 90.0
163 172 45.0
163 190 75.0
163 197 4.0
164 5 63.0
164 33 55.0
164 48 60.0
164 49 95.0
164 80 67.0
164 86 39.0
164 87 37.0
164 106 12.0
164 112 64.0
164 119 23.0
164 120 74.0
164 123 51.0
164 145 50.0
164 160 8.0
164 189 39.0
164 198 36.0
165 10 38.0
165 37 50.0
165 57 95.0
165 130 29.0
165 132 12.0
165 151 32.0
165 166 52.0
165 174 85.0
165 16 63.0
166 3 61.0
166 10 27.0
166 37 51.0
166 54 88.0
166 57 47.0
166 69 31.0
166 76 56.0
166 130 95.0
166 132 8.0
166 151 64.0
166 154 18.0
166 165 53.0
166 174 11.0
166 16 30.0
167 52 24.0
167 60 40.0
167 61 52.0
167 66 48.0
167 83 77.0
167 92 31.0
167 122 92.0
167 141 30.0
167 148 73.0
167 177 64.0
167 178 82.0
167 194 64.0
167 163 94.0
167 134 89.0
167 187 62.0
168 28 89.0
168 62 72.0
168 107 70.0
168 130 68.0
168 133 4.0
168 140 77.0
168 159 91.0
168 162 57.0
168 179 6.0
169 46 2.0
169 109 37.0
169 124 31.0
169 175 69.0
169 182 55.0
169 183 76.0
169 186 74.0
169 191 11.0
169 193 9.0
169 196 4.0
170 32 8.0
170 65 78.0
170 73 24.0
170 195 9.0
171 13 12.0
171 67 44.0
171 113 49.0
171 127 67.0
171 2 17.0
171 11 27.0
171 31 87.0
171 41 30.0
171 47 34.0
171 74 1.0
171 78 29.0
171 131 4.0
171 152 54.0
171 199 86.0
172 66 82.0
172 70 76.0
172 83 72.0
172 122 10.0
172 125 72.0
172 143 33.0
172 148 88.0
172 14 58.0
172 47 44.0
172 78 59.0
172 117 57.0
172 144 19.0
172 163 53.0
172 190 94.0
172 197 28.0
173 53 15.0
173 73 59.0
173 90 31.0
173 95 43.0
173 101 88.0
173 102 89.0
173 158 9.0
173 181 71.0
173 185 95.0
173 195 21.0
174 10 66.0
174 37 2.0
174 57 3.0
174 132 87.0
174 151 29.0
174 154 81.0
174 165 33.0
174 166 66.0
174 194 40.0
174 16 56.0
174 153 68.0
175 21 61.0
175 22 11.0
175 38 28.0
175 40 28.0
175 71 77.0
175 75 83.0
175 100 8.0
175 115 57.0
175 142 98.0
175 169 61.0
175 182 90.0
175 193 17.0
176 24 64.0
176 43 43.0
176 44 73.0
176 51 99.0
176 59 18.0
176 64 46.0
176 96 36.0
176 98 74.0
176 99 65.0
176 117 81.0
176 129 21.0
176 139 53.0
176 135 53.0
177 3 50.0
177 37 81.0
177 52 54.0
177 54 32.0
177 60 91.0
177 61 94.0
177 69 89.0
177 83 68.0
177 92 37.0
177 132 34.0
177 141 71.0
177 148 92.0
177 154 8.0
177 167 43.0
177 178 81.0
177 194 64.0
178 3 51.0
178 54 55.0
178 60 64.0
178 61 99.0
178 66 46.0
178 69 15.0
178 70 78.0
178 83 52.0
178 122 50.0
178 141 86.0
178 143 95.0
178 148 2.0
178 154 99.0
178 167 63.0
178 177 12.0
178 194 99.0
179 15 59.0
179 26 53.0
179 62 86.0
179 107 19.0
179 133 70.0
179 159 90.0
179 168 52.0
180 9 68.0
180 42 99.0
180 81 12.0
180 101 81.0
180 93 83.0
180 103 24.0
180 136 20.0
180 137 20.0
180 157 5.0
181 9 25.0
181 42 17.0
181 58 95.0
181 73 95.0
181 81 80.0
181 101 62.0
181 111 34.0
181 147 49.0
181 158 56.0
181 173 30.0
181 185 91.0
181 192 96.0
181 195 96.0
182 20 42.0
182 22 15.0
182 38 81.0
182 40 22.0
182 71 85.0
182 100 85.0
182 146 54.0
182 169 92.0
182 175 75.0
182 186 15.0
182 193 13.0
183 29 24.0
183 34 83.0
183 89 77.0
183 105 35.0
183 109 27.0
183 124 23.0
183 150 24.0
183 156 84.0
183 169 97.0
183 191 92.0
184 1 67.0
184 29 73.0
184 34 29.0
184 46 66.0
184 89 62.0
184 103 57.0
184 136 33.0
184 150 65.0
184 156 85.0
184 157 94.0
184 191 38.0
185 9 71.0
185 42 90.0
185 58 73.0
185 73 69.0
185 81 2.0
185 101 53.0
185 111 39.0
185 147 16.0
185 158 44.0
185 173 63.0
185 181 42.0
185 192 95.0
185 195 24.0
186 20 63.0
186 36 85.0
186 46 17.0
186 56 91.0
186 77 29.0
186 121 80.0
186 146 4.0
186 169 34.0
186 182 40.0
186 191 85.0
187 92 46.0
187 167 34.0
187 30 51.0
187 85 99.0
187 188 78.0
187 129 78.0
187 4 7.0
187 63 48.0
187 77 39.0
187 121 48.0
187 134 85.0
188 30 35.0
188 45 37.0
188 53 38.0
188 68 84.0
188 85 45.0
188 90 33.0
188 102 22.0
188 114 66.0
188 138 40.0
188 4 32.0
188 50 9.0
188 134 5.0
188 187 14.0
189 5 23.0
189 7 57.0
189 8 59.0
189 35 7.0
189 48 87.0
189 49 57.0
189 79 86.0
189 80 84.0
189 86 20.0
189 87 55.0
189 106 99.0
189 112 84.0
189 119 44.0
189 120 56.0
189 123 33.0
189 155 66.0
189 160 55.0
189 164 58.0
189 198 28.0
190 66 99.0
190 70 8.0
190 83 34.0
190 122 43.0
190 125 53.0
190 143 94.0
190 148 49.0
190 14 69.0
190 44 97.0
190 47 54.0
190 78 97.0
190 117 35.0
190 144 50.0
190 163 53.0
190 172 18.0
190 197 41.0
191 1 70.0
191 29 21.0
191 34 9.0
191 46 31.0
191 89 17.0
191 109 48.0
191 124 50.0
191 150 77.0
191 157 38.0
191 169 79.0
191 183 30.0
191 184 58.0
191 186 83.0
192 42 92.0
192 58 10.0
192 81 6.0
192 101 92.0
192 111 98.0
192 147 61.0
192 181 54.0
192 185 4.0
192 195 46.0
193 22 97.0
193 40 7.0
193 71 15.0
193 75 8.0
193 109 33.0
193 124 82.0
193 142 12.0
193 169 71.0
193 175 28.0
193 182 49.0
193 196 46.0
194 37 37.0
194 52 44.0
194 54 10.0
194 60 36.0
194 61 44.0
194 132 49.0
194 141 93.0
194 151 62.0
194 154 6.0
194 167 38.0
194 174 86.0
194 177 66.0
194 178 45.0
194 16 84.0
194 138 74.0
195 32 63.0
195 42 57.0
195 58 63.0
195 65 32.0
195 73 75.0
195 81 5.0
195 101 4.0
195 111 39.0
195 147 16.0
195 170 87.0
195 173 72.0
195 181 26.0
195 185 66.0
195 192 92.0
196 75 23.0
196 91 81.0
196 109 79.0
196 124 5.0
196 128 42.0
196 169 51.0
196 193 50.0
197 66 71.0
197 70 88.0
197 122 1.0
197 125 15.0
197 143 8.0
197 148 20.0
197 14 42.0
197 44 28.0
197 47 55.0
197 78 28.0
197 117 92.0
197 144 58.0
197 163 90.0
197 172 36.0
197 190 27.0
198 5 97.0
198 48 42.0
198 80 38.0
198 86 20.0
198 87 98.0
198 106 3.0
198 112 42.0
198 116 76.0
198 119 14.0
198 120 10.0
198 123 56.0
198 145 45.0
198 160 13.0
198 164 12.0
198 189 38.0
199 2 95.0
199 7 88.0
199 8 94.0
199 11 41.0
199 14 25.0
199 19 27.0
199 23 61.0
199 31 30.0
199 35 21.0
199 41 86.0
199 47 6.0
199 74 49.0
199 78 76.0
199 79 5.0
199 82 21.0
199 131 21.0
199 152 98.0
199 171 72.0
200 12 14.0
200 25 86.0
200 39 81.0
200 55 4.0
200 84 55.0
200 149 12.0
200 153 76.0
200 161 6.0
