137.02256564921987 66.4361402602155 0.0
14.1429732235967 88.97220409040143 0.0
143.38638645203477 191.4243367427132 0.0
139.0984208492321 53.98090735523533 0.0
158.13255823341962 68.44882931014982 0.0
69.06625154049759 131.676073599512 0.0
127.5423496733354 81.5484724038777 0.0
80.71474941964911 14.651857336779294 0.0
178.7342307778315 84.60978599724216 0.0
155.2807858341295 128.22169251280758 0.0
165.02861894498585 135.8447624892075 0.0
199.4389459459822 184.11771127879558 0.0
112.35952113327086 122.3735477609869 0.0
195.63860959536132 166.31466636624418 0.0
77.5302719070426 149.23449141702702 0.0
151.39752164302973 135.89852656112328 0.0
160.55574742387967 168.9018989385274 0.0
1.610680395892472 21.78276463554445 0.0
1.028824800445527 135.399633553362 0.0
158.75373065942352 50.20807554612392 0.0
32.394138842796934 181.3564514464096 0.0
2.930273745980916 58.344165654194114 0.0
68.2075069047561 136.8569353441997 0.0
57.032904382157554 35.94501631868445 0.0
50.9046790987683 135.6994896784423 0.0
101.85804395732929 43.89184117293672 0.0
6.298450397329458 87.68085628527804 0.0
51.83498743708866 169.5907899591633 0.0
15.968419812174673 34.784341319404554 0.0
34.09985659675059 196.57526719590768 0.0
144.9029994985284 54.656715738290785 0.0
191.965515944127 189.29548649124544 0.0
143.1986245598089 26.516634867061217 0.0
68.40873926010438 23.960791524753212 0.0
178.31642993937984 32.64527413816536 0.0
16.016327014607178 32.43299093707171 0.0
48.34188149537049 32.86750141631873 0.0
126.90212826781494 168.55184017552617 0.0
76.88830794825603 119.93997490089548 0.0
79.42719981642263 54.906575625685974 0.0
196.7304901107114 140.52014855320806 0.0
58.125747580649126 122.9502290247113 0.0
191.94974850054308 149.39811282948708 0.0
119.0597216647625 20.486257637746274 0.0
87.31741652699495 53.930963750306326 0.0
44.89527220509171 127.9398626869525 0.0
48.838794577297875 101.12718661993875 0.0
62.314610756471936 198.4591367063753 0.0
90.82495747791206 161.58641864909148 0.0
178.94709599571854 16.77403482676958 0.0
172.5552412518489 72.5076729526094 0.0
137.82372195064997 157.87396838210327 0.0
111.53844164678739 16.2370195376933 0.0
84.42942913959517 18.947586574863728 0.0
140.57604141372423 31.33346635984815 0.0
194.748055130357 96.66122503468169 0.0
92.27623517958963 79.88957391941804 0.0
122.2649811551078 186.73517748443436 0.0
107.36266314246102 27.851268548839748 0.0
187.71291357189097 193.909903970069 0.0
32.06722059325402 34.33897824737531 0.0
157.4164591606032 157.77694208938308 0.0
95.09154001102813 191.48013411763748 0.0
34.41157506987289 123.58230394292859 0.0
36.06706805539537 8.020851854881128 0.0
121.08617747837923 16.992722424835627 0.0
195.13897688083625 87.99244293229135 0.0
102.90862771494827 117.9480874574687 0.0
167.24452338911607 119.9661759633652 0.0
49.88097107649949 71.10620768638509 0.0
74.85162713609262 62.937561237340155 0.0
35.6742898589776 19.01875327941638 0.0
119.36895578306527 191.63925534687675 0.0
133.9737014633938 199.0601430762813 0.0
34.13392627121652 47.08941259374326 0.0
67.38091831858767 6.263918508342448 0.0
180.8304655563759 127.44023753083846 0.0
156.29259671154918 91.60393752285387 0.0
106.38364993313698 149.69922518686943 0.0
43.492984118820274 138.8905629453356 0.0
8.823677239462203 114.65341024659503 0.0
154.76968591304728 143.33485467313528 0.0
148.30684275138995 15.334737693378631 0.0
196.68175708065397 100.96649652444295 0.0
183.42665392087113 43.622579074631695 0.0
189.67952652988544 10.474109394390819 0.0
113.14342165840252 170.0870333920671 0.0
188.09594130123222 187.66934410390726 0.0
161.10600000664215 198.93471470557046 0.0
148.09955795752677 97.65901395138698 0.0
151.83467768114053 32.926315999949885 0.0
170.5195132613864 20.94224133039253 0.0
97.17953618830416 122.39317622216774 0.0
167.52326337333946 87.03255420963325 0.0
36.66388602919133 117.98789377619856 0.0
80.44803590172552 132.83753736234385 0.0
56.76770764327945 198.56172516339512 0.0
110.65741507384249 72.91154152154513 0.0
51.9013453180051 3.5695348734810395 0.0
16.114654208281152 4.829735418576964 0.0
183.76502730743758 163.66058163953073 0.0
173.43467030903557 115.31462080798387 0.0
145.98505128201933 93.6215483961714 0.0
8.497068000721919 1.378899883017648 0.0
47.36281210111608 188.59579239363927 0.0
158.27269894041598 75.6314309938481 0.0
189.7682498204671 47.51074669439659 0.0
142.336706835635 86.02583990784034 0.0
35.65438132801655 36.90315462778744 0.0
194.6112276501334 47.714086551464185 0.0
35.36517158814121 3.8396329225749204 0.0
34.20135354405698 58.30023119070158 0.0
115.85408390676992 48.38792823647016 0.0
138.7580762296403 147.67228972149556 0.0
120.12610803729685 174.10195896060026 0.0
124.62248452911957 99.7230380223812 0.0
130.66130130283742 149.24160261733556 0.0
135.0755811061029 75.65332114127223 0.0
10.273189237492787 31.956008157139948 0.0
91.33856589241134 67.18435108692728 0.0
50.30076152810259 139.41697007319436 0.0
70.53859339363808 112.88811563224854 0.0
128.7280040080445 173.89677630540638 0.0
140.6755362620182 21.97804036352098 0.0
49.77032150663374 158.042731742266 0.0
104.69529314568176 67.28471408985754 0.0
161.66240331837986 177.10832931494835 0.0
184.0958062879272 132.77432818134426 0.0
130.8275665850173 77.65893426424675 0.0
107.06209203217256 130.85034144083767 0.0
88.30368560549888 30.277601886905046 0.0
156.94687305742164 140.8116445237637 0.0
58.24640981771534 28.054440767410682 0.0
83.98387654866917 62.223325615378265 0.0
28.52541108651332 163.1508575417407 0.0
186.4409732734676 25.58896053019659 0.0
29.874942948300067 100.4876822302643 0.0
126.99082970841474 157.5961447520623 0.0
152.75513461255048 150.61408473771513 0.0
165.8969077213902 159.3398386123346 0.0
150.02585135712104 133.07200456167487 0.0
64.68307587388541 123.31082503353328 0.0
148.73027284955847 17.07855687968913 0.0
142.2753193058095 88.56950391156832 0.0
25.730548038710175 128.10677549660653 0.0
50.17441499104367 13.407962959820408 0.0
189.6333610596269 116.95282052570668 0.0
174.0386957639322 130.9361352811521 0.0
55.38836719168596 102.13556814150017 0.0
166.12638939271648 45.410622769454136 0.0
198.13796742242405 16.98238280432065 0.0
166.36730632147982 25.75764624728205 0.0
29.34200675713359 19.512631460031614 0.0
179.40393304304197 157.62430383915256 0.0
50.89647695699713 56.238289334414574 0.0
40.762374689788004 126.42520330645893 0.0
111.91047853183545 110.25891535945107 0.0
27.383844899289002 21.234319669294344 0.0
18.001056196904376 109.53589495292455 0.0
46.06768723954451 73.00474158249513 0.0
124.41088185219856 122.98889494090976 0.0
67.94735265426964 70.48177285514481 0.0
181.94898236671898 130.06506473581476 0.0
67.94090149679815 133.3077058290288 0.0
98.70011791422253 113.68946604432541 0.0
175.18801598623037 164.19936185280736 0.0
30.643622880899855 97.01304056248443 0.0
43.80584469378874 50.712290211948805 0.0
120.7679456619731 21.132092576198367 0.0
12.866186405609948 141.98837232298789 0.0
68.96233086945554 43.961244981630855 0.0
40.3169855638444 87.01640634770982 0.0
133.91250972095014 129.69955374685307 0.0
67.64131603891678 188.31794730051297 0.0
143.4224516543131 93.83725017816577 0.0
0.36737954370851256 198.6036515418253 0.0
21.029665312892853 170.40848213632884 0.0
74.11336671178486 167.82804410698608 0.0
24.47674611395385 76.20317336839652 0.0
16.671325706839866 134.20351713433027 0.0
135.54729470340433 60.908922996221705 0.0
113.70450587321655 145.117200566729 0.0
40.96946013289773 152.66175473527593 0.0
38.95295363466103 92.52705078197323 0.0
100.53593266835779 135.24222938633898 0.0
119.41242863992245 152.29645138816704 0.0
11.284267097444612 126.16136283965477 0.0
171.77206348591744 28.059315401941063 0.0
145.5268791391888 164.1384922610296 0.0
168.46647909172128 117.59058432603051 0.0
165.71537670924718 159.98115530713483 0.0
170.01837041589732 143.28977665048984 0.0
100.56908522059784 116.6347619895235 0.0
194.91788476493602 118.26802781269956 0.0
4.593044528704127 82.1777038014488 0.0
189.10549597718384 155.6619810327951 0.0
17.056072697153944 63.79535728269108 0.0
4.195284925330123 171.18057904557418 0.0
86.69468760289752 101.27424402874065 0.0
96.89590980775404 177.52367886913603 0.0
34.85412106825929 75.31541817277541 0.0
121.65688295879728 24.194265708912276 0.0
192.47293148714618 8.973911937736357 0.0
104.38804353869078 97.3587169608243 0.0
165.26295093552739 9.78906309350156 0.0
57.170401971231996 61.792572668759945 0.0
156.63178954455094 195.67808960727524 0.0
122.19692774881716 0.5818954141271648 0.0
109.34021377795659 149.42332309839358 0.0
17.752118801498405 88.13325678395894 0.0
114.58224469830628 54.59122943677339 0.0
99.85945915957886 18.17808515338919 0.0
81.12097074535197 79.97911342692274 0.0
150.29626431740172 0.8400512073128752 0.0
157.30845389266497 0.19333228515279188 0.0
54.9956861503873 41.46682293334436 0.0
55.26345113386757 66.72053615572354 0.0
46.42596238056653 18.810483810013867 0.0
39.175870769303486 176.86135727672456 0.0
149.35728088250923 191.27363120799052 0.0
108.65234320957993 27.15371304974039 0.0
91.49703856349444 177.32101126563066 0.0
33.21249042369756 183.4207880933921 0.0
18.79444455068471 179.78934970147597 0.0
175.49082608757814 51.33642297903174 0.0
89.78587845528605 53.710858829649254 0.0
78.39452515930114 189.40866178386847 0.0
14.172567532519276 153.39870964709237 0.0
185.41265344701006 70.5397981503908 0.0
47.892647267789435 136.92561386890696 0.0
13.467677851234349 68.82924467613883 0.0
60.269794097284546 54.759346642740915 0.0
4.145481398292694 125.0432983852135 0.0
48.391069950170504 104.20202129143945 0.0
141.83534120878434 27.18363609188801 0.0
89.68684473661166 192.41261272906834 0.0
46.25672595095212 131.844281767766 0.0
195.7560492509963 118.1750989665394 0.0
22.044950643184546 47.55455448458199 0.0
58.800250249059836 156.2073612868973 0.0
79.51320349306204 103.06330893889546 0.0
66.60037905035506 107.68887376405034 0.0
28.403671508480844 131.52756434818133 0.0
2.790322328838424 66.81792081888503 0.0
190.3857547941276 15.826569394794344 0.0
146.2517573854145 45.59197700210014 0.0
76.25482574576854 160.72994338387863 0.0
36.77507588542574 197.63763833817453 0.0
130.23017597784113 184.4065596152813 0.0
183.7014295076321 86.79936863985911 0.0
156.44612395966703 54.768503406135196 0.0
60.081351848440725 57.32908474933489 0.0
111.67565250620768 35.402322405054456 0.0
46.955616221186915 79.9014126132499 0.0
173.52110050673568 151.34758086668575 0.0
170.68439889787822 71.31231635540016 0.0
174.75195554647448 36.740512872947036 0.0
110.8210503902654 15.601562219381382 0.0
32.164899581084526 184.34845236325782 0.0
46.84715840371576 50.47230424781208 0.0
92.2866876594453 181.27846483207446 0.0
59.15583497930044 25.26391520053659 0.0
166.4357547425866 85.6514193238808 0.0
2.9905214458151086 85.36692720319301 0.0
34.103737342833625 75.79061394298591 0.0
33.616896339963674 192.8518870026741 0.0
156.31332328399066 86.48182468411252 0.0
76.8257738859206 154.21662047224464 0.0
59.55434410717686 136.11943499143234 0.0
110.9352475991261 93.53923950753106 0.0
126.09516870850936 44.06124723817357 0.0
154.78052071441917 182.95710737713736 0.0
157.91183676041783 39.27218852810288 0.0
140.75036417379397 22.274718183635976 0.0
69.17266745312264 169.34512009004027 0.0
192.74928031168974 145.63627183001472 0.0
6.161454029256697 33.244713238096054 0.0
26.03485795502818 125.5815632675251 0.0
93.71752137046244 181.62802335583538 0.0
39.200086040307205 43.436594218629956 0.0
63.71641897185554 155.35354585643293 0.0
178.14075069673822 99.87313450942585 0.0
33.81019531788594 165.7978960534505 0.0
17.66824855502516 50.60428774789321 0.0
73.59153772920004 59.85755284331364 0.0
128.49859424611992 169.56589274295968 0.0
120.54148371834559 58.02044564294591 0.0
75.66860581598995 165.56643698394075 0.0
89.56553430283603 5.650395868560576 0.0
129.00063533361558 108.27098526370742 0.0
57.61847924806285 135.63494799959764 0.0
157.05746336594223 155.51736062612355 0.0
198.86345896151013 4.805025749762026 0.0
23.099348555087907 116.34573043025465 0.0
96.00616986735595 137.0427654569698 0.0
104.8754997027944 32.75548982271373 0.0
159.89032384990395 182.75148368019202 0.0
119.65253675420264 18.086169496405336 0.0
152.13595076067406 87.36975931060358 0.0
51.70288550193951 151.05193786212655 0.0
24.547269129320238 50.86925952531691 0.0
51.54625538248554 91.84200642015537 0.0
64.21227889230356 155.68387822610254 0.0
104.55782148422288 60.33212259091416 0.0
64.6615220019871 42.27544877106115 0.0
51.126830080506515 96.33516773310751 0.0
131.14871055019955 119.54920474044928 0.0
181.36985842287294 107.95157119672885 0.0
172.06133124943318 111.58994747183016 0.0
124.47320170591485 106.46321529906811 0.0
128.66457193615028 62.69762954162408 0.0
106.05908040568444 24.847228474376813 0.0
151.8272186127542 49.45897595529451 0.0
56.540863581429576 21.868860436784622 0.0
47.07357619041681 181.59949681012233 0.0
119.25258488120862 184.8455278532632 0.0
178.25069835278487 12.618118477869489 0.0
29.20860879723204 61.55686140939623 0.0
45.295516209650486 26.71439179755646 0.0
11.66933911512713 75.40841964447822 0.0
133.03182866973896 20.276182998938786 0.0
84.25938661353518 7.839539344511204 0.0
165.62240476075928 154.20337667303681 0.0
137.20482125358996 168.09864707826418 0.0
195.24672098835728 17.601132342750027 0.0
113.32646642626709 12.892109650864981 0.0
3.7702374431246577 13.883889025884422 0.0
12.746544991204134 27.045525684874526 0.0
102.61636035731317 157.08925531546382 0.0
106.8361979108308 31.199211516968163 0.0
178.74763824313152 149.2085718024672 0.0
61.75185368871192 143.6924346331774 0.0
153.6079240636767 198.59895868638614 0.0
43.97860007954797 191.17370291759573 0.0
97.07268989328304 35.04927141745433 0.0
108.61912615141172 36.10731879338258 0.0
69.89988465596142 178.83031432819584 0.0
55.73703061484614 69.22914692689504 0.0
155.8691059618507 129.0674772876286 0.0
80.8837098779037 1.1374175888251514 0.0
88.74212172945816 151.03167536997046 0.0
143.00819354577098 79.58712679942026 0.0
179.3730990393952 162.4524261175067 0.0
26.269817867528687 157.68949109097815 0.0
104.74230035517296 45.71457761420985 0.0
181.84371725837337 43.1006651161437 0.0
133.38209747776065 145.8081188529325 0.0
1.6296168792311994 69.41676389297618 0.0
130.60978371944162 153.15821771991855 0.0
197.84457431859835 48.37503197824755 0.0
12.176642696135541 15.970555588280888 0.0
40.800768562189035 85.09388254779576 0.0
196.3883125235638 178.48471993259767 0.0
141.7395825488057 168.46715943121686 0.0
42.446653782453716 99.53634544635317 0.0
58.41371244570137 184.96109965579456 0.0
56.70867549716123 70.08642176844704 0.0
48.17922754411168 46.44490090843867 0.0
198.75336607275534 18.88401608811121 0.0
196.67985535113027 171.31895207554857 0.0
125.59268851122258 72.1865230539626 0.0
109.77608928304797 13.087416951820696 0.0
75.0581319268964 116.46926778818279 0.0
172.19201730814785 91.65465975373425 0.0
108.33968727302927 102.3142348509144 0.0
48.42307576582494 50.007942389911776 0.0
6.849382932646542 123.17536411295026 0.0
29.768291087504007 32.581529039272475 0.0
50.026748270912734 4.475756276612497 0.0
15.920759745741053 161.4801372548834 0.0
188.39900285132478 46.499971192380826 0.0
160.37064010059248 72.87260038852598 0.0
170.15399345276586 78.80227684420777 0.0
105.94501701667558 168.24929897059627 0.0
179.67929877830363 104.35968381600954 0.0
90.12944691232674 33.869766212238936 0.0
102.96610836963993 138.45630998119245 0.0
9.386296594878573 186.60972899019418 0.0
47.471922649543764 180.29344752622185 0.0
197.5052462205205 115.5496270832162 0.0
12.981403936375568 194.57756280142823 0.0
195.09167208416272 106.02941667650833 0.0
35.19989331458646 125.84618199447183 0.0
165.6189543860637 156.527376130424 0.0
105.25966329930843 120.04958669410593 0.0
48.041009033059524 28.6033619159207 0.0
106.01403405426318 85.91380740300225 0.0
26.781762311863844 106.27984125771096 0.0
99.93997432289576 92.86852258344132 0.0
46.988440786411715 83.61674843280105 0.0
153.6650487792393 72.83098060781859 0.0
106.25602908681758 147.86911657386213 0.0
90.5798562405295 69.89511836728552 0.0
113.60045038706177 80.49924012133462 0.0
125.6925055940515 64.98271151304526 0.0
22.2783446828982 159.4478396564951 0.0
55.826894392427185 191.77128023439036 0.0
115.12175252022416 113.45164365429375 0.0
153.46193755171112 155.72120368531878 0.0
149.3760767698826 52.827517724304855 0.0
143.954154342964 69.78247096907444 0.0
152.6003103091041 81.02615753150569 0.0
33.58136951666773 128.3690792075328 0.0
2.008601228241358 177.39107109887513 0.0
99.79059675091703 155.44712604594645 0.0
116.70261091889347 133.9415298037248 0.0
55.22845264899949 83.09030348838434 0.0
45.56450907297427 27.63085546953188 0.0
53.577792597191646 43.614375291457755 0.0
43.15059289223464 114.41428055966813 0.0
17.91954373983038 191.41003410202882 0.0
91.74602364158527 142.59344310116524 0.0
141.2841199103661 9.851316910862717 0.0
49.81135662386376 100.2873248229671 0.0
134.2518855788669 104.16462443767453 0.0
85.37185072352153 135.5123753246638 0.0
75.90776990682993 132.90110334515282 0.0
87.47098682253099 17.237192179930318 0.0
162.150179390455 188.66309415027501 0.0
139.62974763833532 41.91016794000375 0.0
39.29974219573688 2.993054464104161 0.0
186.32369138359942 132.34110278894778 0.0
161.14885602077743 20.841227156692476 0.0
126.81006225209886 24.450783361752904 0.0
114.03811375217985 66.78610673383649 0.0
130.2075303861234 92.28518102905001 0.0
117.24117150970316 8.189631520232709 0.0
181.55146684457065 122.82387348877369 0.0
124.88484326519536 109.72676171095928 0.0
140.6179649697819 19.49500534369204 0.0
130.82650674559918 69.23695922082742 0.0
123.63013930675932 186.94197285521443 0.0
9.35633446924433 26.602900616231516 0.0
2.5305132165132305 29.469788948320485 0.0
112.28700726742875 145.36955905900348 0.0
57.3236806563763 181.7319594556184 0.0
86.93901857566031 81.07458810667548 0.0
114.06369659862673 182.60141827000004 0.0
179.72491758047263 170.76878602288906 0.0
54.38094833513387 101.80199409367812 0.0
46.48120176445376 104.96320964732955 0.0
192.01362223276644 133.75959461382567 0.0
3.3917892633648306 176.24728059953162 0.0
77.62914344921212 184.26518561200677 0.0
121.292454244241 138.08016245912796 0.0
15.291344268366824 192.9243699993899 0.0
191.34080547407024 52.765356423158806 0.0
152.24931204534101 158.00128076930554 0.0
171.48172872615757 59.376332685383474 0.0
38.294339219163454 160.14725560680628 0.0
60.833563555153056 150.4088887178111 0.0
41.75157623207988 117.63754416591212 0.0
43.065548894517924 10.193624946960767 0.0
156.2433264832493 148.122219107532 0.0
190.03243466632517 138.60981957523623 0.0
135.68133719512713 60.53015231608272 0.0
23.377418467178156 60.39979630012618 0.0
154.5156064375822 55.64779849332362 0.0
194.50987343706188 3.390617391177364 0.0
106.0876392563719 175.0273432639156 0.0
62.30977801731845 18.187853316580682 0.0
24.006321696020947 5.261554801252211 0.0
23.105821899248326 107.41390633872494 0.0
139.78502792260434 18.295510240701308 0.0
78.91973912575656 134.32122704675885 0.0
174.5487051383181 108.32816436380239 0.0
117.66455536067015 88.61852720594257 0.0
3.4401223660341484 171.98957761815527 0.0
122.92981127679998 101.6060039574104 0.0
28.42476053228267 170.86236553140105 0.0
31.182145771749738 23.223252927016812 0.0
48.514099681967515 14.048837224505274 0.0
10.654906201044167 0.37148869930783146 0.0
125.99741700479865 3.368002381871116 0.0
148.89580828995537 128.87946334750933 0.0
113.0924380256624 94.89953112382521 0.0
104.88688723218928 90.74025609669121 0.0
125.49562255542233 47.97446530077543 0.0
6.846439214619315 133.7539623198257 0.0
127.63307872080883 56.345425980813026 0.0
158.2678425830379 2.469074012537731 0.0
128.98343127928945 86.15170687215247 0.0
152.44549029718627 87.3232461398276 0.0
81.66431718875158 81.42761593757244 0.0
189.6834261036681 123.14182020859681 0.0
16.544467536668293 40.285143394422484 0.0
141.57753081299578 38.66043473290939 0.0
58.46363792519824 113.53483935773126 0.0
13.207433996132423 35.49573462114297 0.0
120.71297819808254 132.39169049642257 0.0
116.76968263275529 57.99612542663335 0.0
94.74876910085909 133.04549421039192 0.0
89.12890889461163 104.66220616730924 0.0
23.182687819218483 113.2580956468541 0.0
60.95920666411758 127.33443883277351 0.0
72.4121824435749 29.782665761453497 0.0
16.593027702225616 166.10336248726344 0.0
105.82475281115936 125.28296057336452 0.0
71.3904869962801 75.9054704822628 0.0
99.33030354756605 59.563409459329094 0.0
