2 382
4 838
5 756
9 110
11 44
13 598
15 73
17 123
16 606
18 46
20 894
23 406
22 447
24 994
28 508
31 711
34 739
35 773
32 174
38 550
36 905
37 325
42 35
40 904
46 955
47 139
51 530
50 971
48 834
55 985
54 765
52 419
59 120
58 879
57 796
56 342
61 643
64 382
65 910
67 633
76 963
78 901
79 606
72 966
74 809
85 122
84 328
87 245
86 459
81 712
83 414
95 894
91 648
103 814
100 836
101 457
99 957
110 97
108 316
109 149
107 73
115 448
127 799
126 557
125 979
124 189
137 513
138 169
142 350
128 275
133 792
154 744
156 455
157 522
158 640
159 578
144 891
146 239
147 525
150 308
151 727
169 889
168 31
173 957
163 421
162 287
161 331
160 493
166 991
165 661
164 396
186 398
187 156
184 230
190 157
178 290
179 180
176 211
183 49
200 828
203 826
197 945
194 849
216 954
217 813
219 832
212 58
213 824
215 514
210 743
239 913
237 456
236 930
232 893
231 475
230 213
228 412
227 763
250 837
251 584
248 991
249 414
246 108
247 833
244 245
242 360
243 682
240 303
274 647
283 222
282 687
287 738
285 473
284 828
258 640
259 597
256 866
262 123
260 590
261 994
264 227
265 77
270 613
271 910
268 313
269 160
305 823
304 19
307 97
306 238
308 717
311 652
310 927
313 46
312 793
317 483
319 954
289 234
290 411
292 982
294 311
295 689
296 958
297 393
298 801
299 591
303 262
341 205
339 10
336 945
351 993
350 733
348 553
345 893
344 607
327 769
324 96
325 413
323 215
335 219
333 200
330 500
328 831
329 375
373 43
372 713
375 935
374 264
383 78
377 385
376 83
379 46
378 569
356 713
354 404
355 323
364 389
363 56
410 249
409 396
414 536
412 651
402 447
403 45
401 256
406 843
404 82
394 909
393 546
399 393
398 695
386 521
385 245
384 553
390 736
389 716
445 192
432 244
433 874
434 348
424 373
427 679
429 911
431 456
421 65
423 441
479 235
474 565
473 472
471 874
468 525
469 520
467 386
463 559
460 788
457 422
451 668
508 923
496 11
498 87
493 756
492 583
494 555
488 800
490 453
485 65
484 851
487 888
481 578
482 394
548 654
549 98
556 307
555 689
552 18
553 874
567 386
564 918
561 304
574 35
573 969
570 665
516 301
518 36
519 793
512 113
513 28
515 99
524 329
525 744
526 493
527 425
521 185
522 819
533 854
529 878
531 578
542 184
536 789
539 37
610 69
611 496
609 439
614 696
612 36
613 844
618 304
627 342
631 737
630 316
634 791
633 33
632 281
639 913
638 821
637 484
636 28
579 116
581 819
583 265
587 691
588 8
589 437
595 521
594 151
596 11
599 446
600 925
605 266
686 82
685 129
684 121
682 324
678 562
677 65
676 792
675 413
673 450
672 758
700 155
701 465
698 837
699 436
697 490
692 549
690 911
691 154
688 85
689 189
652 333
655 796
651 452
650 655
645 550
641 230
640 171
643 375
642 976
668 397
670 641
671 824
665 163
666 523
667 800
661 268
656 835
657 751
659 95
745 217
744 209
750 303
749 714
748 680
739 656
737 787
736 347
741 514
762 333
763 591
764 554
765 505
755 519
752 277
753 288
758 592
759 238
757 708
712 417
716 784
719 49
705 105
707 712
706 456
709 943
710 952
730 756
732 897
733 335
735 359
720 40
723 67
725 19
726 855
791 113
790 551
786 335
785 992
799 136
798 987
795 640
792 224
775 439
772 411
773 807
769 424
782 968
778 906
779 612
776 44
777 281
