3 475
4 903
6 447
7 427
8 623
13 532
14 58
17 531
16 70
24 315
27 747
29 555
31 613
30 618
33 375
36 910
40 170
41 234
46 676
45 903
51 526
49 2
48 205
55 519
58 569
57 705
63 33
61 286
60 517
69 480
70 496
65 291
67 408
76 843
77 51
78 526
72 425
73 7
75 359
83 883
82 894
95 671
91 869
100 713
101 536
98 281
97 186
109 352
106 236
107 653
116 310
114 602
113 526
125 174
124 371
123 16
122 308
121 65
120 300
137 949
136 516
139 714
138 711
141 663
140 67
142 86
129 689
131 641
133 723
135 595
153 860
155 534
156 368
159 660
148 231
151 329
171 152
169 577
173 954
163 912
161 77
166 427
165 109
164 94
186 704
187 612
191 620
188 887
189 851
178 837
179 233
177 174
183 890
180 617
200 310
196 811
199 855
198 527
193 477
195 904
