176.96924025816867 131.07117032271034 0.0
7.457807301757402 130.34682373096743 0.0
59.50303936810381 49.82922855296428 0.0
121.17188615040575 104.57277201595325 0.0
16.589811627976324 178.1738868686021 0.0
98.24702772133578 187.30592188715326 0.0
10.19115898769931 152.22915717582885 0.0
18.723626487935796 158.5534011868546 0.0
174.90898754524636 94.18546002928882 0.0
88.6154141933377 10.613779252623745 0.0
4.782561187258416 113.88132535582574 0.0
142.63636387952502 2.814772397078791 0.0
16.740531123342663 95.97717444425462 0.0
49.81859778338793 120.68149235575338 0.0
21.54903532440182 64.15794129442278 0.0
101.0068244888135 36.147886035809584 0.0
74.69850849919273 181.96537224551977 0.0
14.441512994894667 74.21283984416154 0.0
2.523375804203143 149.2749043519006 0.0
134.11951118524118 131.48176249268536 0.0
102.95037562403422 184.09605332368506 0.0
115.34738390169319 163.32327636956464 0.0
5.622847621159277 141.28935424791337 0.0
92.87933673398715 158.90989300376606 0.0
142.74984540846097 12.956913940140268 0.0
9.258095466511197 57.200450954013206 0.0
29.880528716244427 79.67774338089899 0.0
44.4537633125625 21.96134603830229 0.0
184.90580879587193 137.42305451183324 0.0
132.6221418492357 90.2124361466908 0.0
23.94084779916339 111.90077969432211 0.0
177.78064351079806 36.02274273010371 0.0
64.3435214986061 190.24268648771815 0.0
187.4264396214525 150.37000999758766 0.0
37.97551484145521 149.36140944885597 0.0
131.59806302415603 127.81734838491539 0.0
71.91434636214382 40.96896036480242 0.0
104.60824090460544 172.0491458647871 0.0
129.1760988155695 5.162099411635257 0.0
117.65235784536496 184.8475665832889 0.0
18.610255641077433 127.64428797627856 0.0
182.72335835232468 86.88003867063185 0.0
80.97955270357954 130.0677323629499 0.0
61.74066129860345 133.7070486376868 0.0
137.33938762257958 88.6433362339567 0.0
149.52704279251589 136.70887179734135 0.0
46.182840512873625 113.08026069257053 0.0
35.24412540902553 176.16866767040358 0.0
57.418884232814136 186.08095071854302 0.0
144.12364945383638 102.5385951228178 0.0
74.10305423934018 163.03149606106885 0.0
99.80814960011175 61.954660968125516 0.0
136.94125786841843 62.19130699938549 0.0
67.34146190435774 53.35494371918623 0.0
131.9391054799309 37.6001277442593 0.0
137.82579846454172 127.0951138837901 0.0
88.17055432163683 20.084442278987336 0.0
197.98882303808546 68.74397218515485 0.0
80.49139900662603 136.1594027704217 0.0
91.38073117025898 76.7810844712191 0.0
81.12453768949254 70.28655912122584 0.0
22.64785134005136 39.20733860508903 0.0
114.39561621705438 122.86154407715424 0.0
82.30582275730838 141.6186181191084 0.0
160.4991686059262 34.470186803350856 0.0
76.6620720697006 98.08159373437597 0.0
27.02693381740524 96.36528168298737 0.0
136.01376859467803 86.18987239369389 0.0
61.091621058797415 47.780614402442545 0.0
43.97405830900589 88.96772281501823 0.0
110.23090251043261 172.6126759186205 0.0
81.75591334748682 198.82764457004438 0.0
156.87807187777517 51.16468264651941 0.0
13.469496451649654 122.57720009138157 0.0
149.03722014710564 197.0615227762932 0.0
51.96555549061455 41.509490768861944 0.0
128.9025364672195 115.1083471508592 0.0
39.483799391912974 126.90077213759679 0.0
21.51267924900191 152.77957555644915 0.0
53.34195828830275 188.77776941187616 0.0
187.13298337996352 86.18912838193057 0.0
4.127582151831977 144.6062792403731 0.0
63.909527830346356 80.80680879521165 0.0
132.33136148919064 34.59177854120314 0.0
131.440996835751 97.84976113171795 0.0
29.087243904666327 181.57170561674852 0.0
11.265474252959851 179.1920316675183 0.0
107.66117548248253 196.01828842331705 0.0
186.86119742849613 136.79931828726217 0.0
134.55688917685404 60.459733437863925 0.0
173.61160633545921 197.11004853722807 0.0
92.5836983583104 92.66670305799832 0.0
198.28673035925556 106.44798607763259 0.0
92.9578515580064 183.24008233537006 0.0
157.94449568310776 90.46563957637676 0.0
79.48551526624692 130.77508793791313 0.0
19.757018028035 78.78179687559152 0.0
75.1020601516981 156.56579760284455 0.0
96.11866954280686 155.39060233826248 0.0
109.5188773016645 170.8533379123235 0.0
183.49404608818506 76.08356379139258 0.0
136.45549570532913 83.90986264614415 0.0
188.81577628392463 106.04012571642052 0.0
199.91132809237237 7.7897388918598764 0.0
183.84344983196578 173.906235219122 0.0
41.15801986518084 178.36822885961175 0.0
25.746655121658012 13.09470886196249 0.0
51.60976653675122 42.327106350772524 0.0
161.27662381743528 166.70495976662494 0.0
171.4557723408785 0.03569659659139468 0.0
192.24254230630874 69.37393076401108 0.0
9.915269000113014 172.814878043231 0.0
21.61012905582247 87.5340812195414 0.0
120.2024477375892 71.86071209896542 0.0
122.39173019341443 198.96823091164012 0.0
0.7648489896932009 186.14326193370206 0.0
75.5986102387263 123.21532565828788 0.0
14.08562746865767 77.88547680126341 0.0
8.877832441960631 176.29505591588338 0.0
15.31645824349328 176.7658122876265 0.0
134.057525636508 116.38344657210897 0.0
65.23450681921545 97.77753669206932 0.0
29.676029870143683 171.48556380266078 0.0
165.49347430860598 172.71661985904396 0.0
43.67190661756675 95.81552899427382 0.0
98.86518512288507 181.55913936980016 0.0
1.7633891211495722 88.50811717554711 0.0
183.14487870646155 197.52836842198144 0.0
98.64738236464044 126.45026171590973 0.0
54.619812928514854 18.440548827324044 0.0
21.999680822482492 112.43487765863765 0.0
85.47742887515575 46.95755236072985 0.0
13.359753793046615 20.503406914753697 0.0
109.25584607545326 103.66370246003862 0.0
105.33477896049577 132.2576896050683 0.0
179.41604735780766 109.42302560943892 0.0
191.15938055921205 101.0856644976052 0.0
118.34164243976899 57.26227963247253 0.0
80.49903090075581 155.6595520704 0.0
27.54869119397241 9.064222849754277 0.0
74.48653850453599 59.729290132863255 0.0
124.61463785888097 198.6445826893078 0.0
53.33275577181353 82.14788938816623 0.0
48.31192051270923 100.3252515691325 0.0
11.454120201411655 199.22962105856445 0.0
130.65841299292646 130.90539958366583 0.0
197.91116378546658 50.95589699505163 0.0
73.07347547792912 92.97107518915355 0.0
124.05384637726435 3.2077807254528246 0.0
183.5548086541775 138.77312830914957 0.0
85.62092126631187 30.118195194742814 0.0
32.768046311951736 136.44214232865798 0.0
113.14226700611518 23.80085494129782 0.0
69.16741477387826 54.09838744278037 0.0
12.344646513091352 163.1270809189641 0.0
196.7425202159221 142.45356469185506 0.0
185.36279881968287 128.88574352076637 0.0
163.71266951396834 92.79041831729687 0.0
33.90955977451438 39.57554013928186 0.0
36.466974849635236 174.7452537805261 0.0
137.16003481416544 0.24296073555485354 0.0
40.27476405296222 17.10744501542505 0.0
69.95653520915627 106.1933750631827 0.0
36.76760831210435 184.88913531174572 0.0
81.0426037971525 24.066607940597073 0.0
77.92069535169415 27.207331977257997 0.0
86.38581238478795 84.6826251592874 0.0
27.237924459251662 23.059745742001404 0.0
149.25082896185532 165.22681402279593 0.0
171.07162219506355 35.86469200230926 0.0
16.535625617548156 112.75856610974795 0.0
56.48436200994211 102.67448028086217 0.0
159.98536667555732 66.6908476765848 0.0
86.78686532537414 30.26081572981689 0.0
131.25000423596532 174.8025149085209 0.0
81.8626758459263 147.8097058979928 0.0
81.35321901073593 65.50919566265077 0.0
67.61668759189232 74.75255302712031 0.0
17.99194991617661 38.53269689135881 0.0
197.36126938772514 102.29901019678125 0.0
178.18717156565614 66.77278572215144 0.0
127.6802619874432 158.52645925515833 0.0
179.15830824834376 164.0994550702772 0.0
172.28774621888775 129.41979816825932 0.0
176.89512311857618 66.947706417286 0.0
139.62489644144475 142.04446648101305 0.0
109.75253323003284 102.01099944380955 0.0
123.41496477727387 81.07458667473846 0.0
33.49537207341125 167.9935831990429 0.0
60.12291876984983 106.18728084783842 0.0
164.57160969249375 146.29597218545993 0.0
193.24278232940551 65.37309691813195 0.0
139.99423236367988 173.67189591775954 0.0
91.56239048917676 58.00179746453791 0.0
175.06339941083158 59.30910833805214 0.0
157.0317765168878 191.5215319952882 0.0
54.26217043244894 109.45052075695396 0.0
27.58791133406664 196.95877723889615 0.0
26.01062971040573 134.58617701930174 0.0
131.26522158802683 20.925209830764114 0.0
