5 420
8 84
9 466
10 458
11 392
12 926
14 131
17 434
21 225
20 211
23 921
26 848
31 894
34 255
35 397
39 23
37 338
42 290
43 638
44 734
51 931
50 931
55 416
53 661
52 640
57 40
63 737
62 414
61 984
60 493
68 350
70 422
71 461
67 990
76 698
77 455
78 40
79 107
72 478
73 539
74 614
75 367
85 75
84 399
87 151
81 340
82 548
93 449
94 311
100 216
101 785
96 520
110 350
106 716
107 47
104 279
105 514
119 806
117 411
116 485
115 740
113 925
127 277
126 812
122 112
121 228
137 553
136 955
141 246
143 670
142 144
128 258
131 301
132 284
135 349
154 322
156 343
159 357
146 404
147 95
148 680
150 491
170 77
175 604
174 152
173 726
163 462
161 849
167 856
164 719
186 334
185 178
190 793
191 219
178 430
179 711
182 719
181 122
205 370
206 892
197 181
196 371
192 413
194 412
223 955
219 718
212 747
213 95
209 738
211 597
238 287
236 469
233 895
232 792
229 901
228 933
227 494
226 43
254 298
253 727
248 278
245 110
242 263
241 787
273 762
272 282
276 693
280 708
257 944
263 723
260 826
266 124
265 122
271 582
269 761
304 444
307 683
308 272
310 384
312 240
315 163
316 984
318 83
288 230
289 91
292 274
293 685
295 57
296 828
297 217
299 95
302 238
303 945
341 576
340 521
337 842
336 685
347 686
346 574
326 750
324 503
325 540
322 684
323 864
334 354
332 203
330 288
328 327
329 961
372 871
375 520
374 403
368 279
381 58
380 154
383 30
377 101
376 214
379 131
378 107
357 277
352 363
353 537
355 130
364 987
365 489
361 49
362 500
410 484
411 179
408 77
409 713
412 350
413 552
400 557
406 964
405 711
395 463
393 54
392 680
399 697
386 406
385 377
391 210
390 706
440 407
441 146
444 90
446 858
432 920
434 824
436 615
438 750
439 461
425 508
429 101
430 138
417 932
416 107
423 462
422 564
478 557
474 310
473 322
468 259
469 708
466 593
464 132
463 589
462 709
461 368
460 44
459 888
458 778
456 420
454 698
453 72
450 316
448 333
500 501
497 127
499 796
495 530
490 168
484 947
486 628
481 85
480 749
483 234
482 311
