124.20953556606034 69.51475989111398 0.0
106.91771635394558 16.45905668557863 0.0
42.29995834872058 170.3986705677453 0.0
110.57973366183576 111.19397151069546 0.0
115.99541439309944 97.37513986141988 0.0
198.2353314446869 85.54370126630033 0.0
54.2197604405463 42.99244073526236 0.0
155.79882858886006 95.05654475523713 0.0
194.78577074193726 139.95082510378705 0.0
147.2560212440027 125.70794695002834 0.0
105.6594780368521 168.0677880044058 0.0
14.586635743568554 24.661944361545984 0.0
1.694075801870909 87.59697299856617 0.0
10.151497595000247 49.698877123914585 0.0
6.966404417251781 103.49666920235472 0.0
109.74404242083607 88.87794270629928 0.0
193.0444371847526 185.75166188306324 0.0
107.82578703457028 0.636080749736756 0.0
179.95940004482136 197.61002620675973 0.0
6.035945298031042 129.40735739693082 0.0
99.35157689806233 16.604184233504892 0.0
171.8855752571866 162.97987190700036 0.0
88.20403551988261 72.48351539775261 0.0
166.6169164045574 115.19013103718187 0.0
6.773972748712009 171.69346913870504 0.0
19.529017116459336 141.18745510041427 0.0
155.77652588072232 129.79400256006528 0.0
60.640942149389446 122.38396134359888 0.0
5.571382688409066 191.21800864146766 0.0
14.384226646127885 94.33838948735655 0.0
144.0476597433257 80.02815199022312 0.0
104.08652923696904 33.20484855216894 0.0
0.09800513901854213 195.83838610722202 0.0
20.328766635364403 65.01049134928421 0.0
6.018025864925924 145.82425453443767 0.0
165.82834389690512 16.908713222620552 0.0
124.86257676513819 86.75377374534592 0.0
5.3213030662420335 190.68751753189028 0.0
87.735739133331 40.22869334762063 0.0
20.986721471212057 106.19539028481952 0.0
61.186543013152516 39.83358833975503 0.0
102.2767484185872 135.9797915297042 0.0
196.3279342941597 70.64811312299044 0.0
183.58623513626867 32.31628207489023 0.0
198.99168782059877 69.58557843689903 0.0
184.0160695808829 133.9391045091258 0.0
104.17730839410264 169.27872883559618 0.0
0.5546116294023795 132.16677503981572 0.0
38.24838016685277 88.74158718203957 0.0
59.322127585809945 74.74909317872415 0.0
108.77489531572029 100.79385316027472 0.0
139.09321106948715 190.6448772017329 0.0
74.61572105095516 139.242241700208 0.0
47.132639972473925 130.0723478246374 0.0
117.78037275340436 148.0710502951603 0.0
49.45036321180722 131.5571467880056 0.0
63.80481860304388 120.40181768306688 0.0
135.901655345647 51.33551947512955 0.0
178.82115802170392 26.740047505326213 0.0
35.12876381553078 120.35326630027974 0.0
9.196488326258345 190.03452262749227 0.0
185.16071587069095 130.23365716039962 0.0
23.56148426716622 29.33270035896882 0.0
12.558216013464829 91.97046504893743 0.0
67.24456594244575 64.32345979814617 0.0
76.31097657508504 59.7350367811178 0.0
45.57280735220872 49.816251749190464 0.0
92.26495463510615 167.06907439069693 0.0
15.19614622981258 92.21352977090145 0.0
169.67753915161123 183.86774086399024 0.0
181.5366470653214 189.29119110460422 0.0
163.5687772778987 69.94041124519524 0.0
175.65993383573556 30.10949735671673 0.0
74.85723486145031 74.56919856376338 0.0
15.311279981341453 93.634842123108 0.0
114.83930203409885 111.3683173416667 0.0
142.55401796275893 92.66046139131518 0.0
191.39111274212465 23.879988403336426 0.0
74.39340699760875 23.872052487276818 0.0
171.34251457339803 149.72554232097448 0.0
102.96426436157265 105.41205204781245 0.0
126.79289603074785 89.76312056197406 0.0
138.3060951505707 110.05416903001633 0.0
82.70892895905257 193.58621320748932 0.0
199.4446380191152 35.10751418149229 0.0
148.9646436360075 183.83005202945554 0.0
28.4442493589798 89.42756303045041 0.0
142.05455619010857 159.13572589756825 0.0
27.290618683156364 23.41896113074089 0.0
80.03085125713434 139.2547035902165 0.0
198.90884664302664 79.67295020344676 0.0
68.78597355503334 145.65919240065085 0.0
11.317065824871575 99.89009904436958 0.0
88.62228113734916 147.15669768264914 0.0
97.86119591613287 187.99677453310096 0.0
37.12071114108295 42.38979289077105 0.0
56.67169369064693 199.87157949946652 0.0
87.64073865876301 199.73510844935885 0.0
118.92845738886272 6.855887102538838 0.0
182.35423219344005 129.99821547833372 0.0
118.21544002893631 163.23029985151666 0.0
94.53606241447989 28.433926632265383 0.0
12.191686171793382 97.09676671861524 0.0
166.90473707949673 190.0044627244966 0.0
183.00100984281625 39.613870175691915 0.0
161.1265504352266 75.42051423706944 0.0
74.2876594487774 9.290562657700896 0.0
38.16706010173569 85.39329572485785 0.0
10.380780896511155 76.05153792884383 0.0
129.9941264591612 86.65831569596625 0.0
87.15569667314067 44.04516311776834 0.0
60.20687550353985 25.714500907474267 0.0
24.275362757348184 12.672725116108086 0.0
124.4854435902113 164.8550482990622 0.0
24.96075749022342 2.0755771535491796 0.0
51.326528104982906 179.94930550620674 0.0
2.134063156639243 162.32455402827196 0.0
129.350189000458 170.56762521233145 0.0
198.72409091380058 24.813876893340826 0.0
9.533625936777025 150.42414026546302 0.0
55.11847447479534 199.86952080416208 0.0
69.04786301783876 9.745059184542715 0.0
158.19259976038347 76.33992373924201 0.0
57.94381014720991 71.05300530187732 0.0
44.04049224869946 36.944587085959114 0.0
40.754247080853844 195.99064347436016 0.0
120.47826688462928 67.41413876044045 0.0
192.14876057409322 143.1897404970082 0.0
25.585938273507615 7.962963760638542 0.0
9.098850292825666 125.82456720296567 0.0
144.9988414925304 72.39362293771822 0.0
161.58085374667087 72.37134458788586 0.0
173.35510168702092 43.1398198025406 0.0
119.66453862658383 155.22830785700614 0.0
124.25101733666959 139.8127459077671 0.0
66.90561068566296 119.23372032541249 0.0
68.25141084193305 154.32314699690082 0.0
38.280643962705675 15.752007321044804 0.0
109.94743071031485 47.40961764395608 0.0
105.47325738907895 127.88099135756232 0.0
102.74951806165744 9.411083594802939 0.0
173.14075552206836 158.4660504846822 0.0
144.04863106848595 2.379566192491689 0.0
146.86059348650448 144.9897071126246 0.0
193.57401753561996 21.136878505552392 0.0
86.77650726712042 64.03819734479006 0.0
14.221350702650536 137.6369062605109 0.0
70.5344427756627 92.92913647373273 0.0
47.32005013751399 26.00280354728146 0.0
54.918523599493255 7.217387810242948 0.0
3.254281431477657 104.8663110197944 0.0
47.66796904080659 10.178956089109302 0.0
73.54707055670077 79.1442445356158 0.0
179.2758443789406 14.005574599939452 0.0
151.96262065931393 115.14491844067982 0.0
199.14103400919484 22.32551771799345 0.0
89.87698135242017 140.9051937945946 0.0
111.2650824883108 199.79879433858164 0.0
5.11264095840982 27.91654263439125 0.0
111.75589723648503 56.91801386772539 0.0
13.627955514593548 80.90644788536427 0.0
93.72049638874 126.77868173927574 0.0
59.897532115515986 139.09915877126758 0.0
144.699522694148 165.4657276120702 0.0
184.51511488798212 75.38770780486333 0.0
77.61628900429966 68.83579641984787 0.0
186.49575042736785 169.10692923509401 0.0
108.28368307126013 165.85765753404988 0.0
12.949360711507296 123.60487203897397 0.0
120.83236455411917 122.30587038439012 0.0
140.24314951765237 1.5680781618181427 0.0
146.994166796913 168.48574987696549 0.0
98.46560856611603 59.063736113634846 0.0
125.99479059622314 150.80033230588555 0.0
134.95013193032307 173.51974940252012 0.0
108.88031604849972 199.353018416065 0.0
12.81166884870084 81.37139945920336 0.0
24.422228193543027 2.412298597814133 0.0
96.89505255849068 167.861231054841 0.0
133.31613667712475 183.44774092117194 0.0
192.22901165441235 84.48655001819485 0.0
163.20952233204625 87.57933823675617 0.0
69.02516531781873 8.846665211461136 0.0
39.16424556829892 1.6650410349362765 0.0
33.45666761568751 107.14997956575102 0.0
102.47983918107992 55.88416407099199 0.0
84.89632475214253 111.39863948087745 0.0
145.3739157406765 184.55708467015765 0.0
137.9895676553235 81.27648974215191 0.0
79.83639778460937 160.0746246323405 0.0
81.88270864826677 185.02372677500796 0.0
6.044408705073856 56.19312375492114 0.0
99.12246144321233 104.08947471149865 0.0
49.045258769370605 145.58416259727971 0.0
73.18780762033037 43.11143697409716 0.0
191.98495720453843 191.41067454352353 0.0
76.31078754952361 109.77944326389368 0.0
49.98026981268027 153.83397235356097 0.0
48.18795519127526 18.39762163147698 0.0
100.80249696062471 99.73903798995624 0.0
51.37966339615612 66.46770518048429 0.0
116.86145909256965 177.59822994450036 0.0
120.63959217774278 135.37375509552157 0.0
27.54857164140667 99.27645089203973 0.0
111.11225326030537 74.25650106997391 0.0
181.81816570773285 56.71347138496663 0.0
94.28157019837337 40.423203246808214 0.0
177.95648136417702 193.8020946744844 0.0
150.74882399299872 190.1467870849218 0.0
80.80812527426558 52.41352689391978 0.0
65.36374622636183 140.46585405399068 0.0
156.3000914977823 16.40421028583774 0.0
42.92765580936169 55.60494627585497 0.0
18.923732631459966 88.57114813228041 0.0
131.6330433661411 50.89223753767469 0.0
109.90540038975016 152.90557737003138 0.0
166.59911632335144 52.55969610604134 0.0
102.1167818200179 198.12765403459787 0.0
127.3083385535239 103.56850487545346 0.0
162.34626043141637 8.367622578765111 0.0
40.44412627848153 163.61040875065217 0.0
192.37294251785158 162.99179639828972 0.0
153.5753210667367 115.69341360890246 0.0
17.355373437949574 29.954377932538566 0.0
55.32826107228095 162.22810029211738 0.0
193.36711961487322 185.68912760555384 0.0
124.13265721570109 70.28863653162722 0.0
65.48189664195256 149.4375436657543 0.0
150.32276868007594 8.730354609233393 0.0
123.63108773227738 81.04309995393153 0.0
195.3206602312934 9.103608274388698 0.0
175.5268801153183 158.62393457823248 0.0
126.82371082293417 177.81141870031811 0.0
184.26456077876304 126.16913277702307 0.0
0.3637247260160459 88.71619885419383 0.0
2.787775060471498 180.98653601635405 0.0
145.3004975545472 93.40874268855299 0.0
78.22095572886421 157.06297070865008 0.0
57.25777690187497 0.6103939307048556 0.0
96.14328891997042 52.78039635210832 0.0
199.2050832066518 96.68715803643934 0.0
88.19912843500914 150.06446943418607 0.0
169.83401924840663 6.012326171151683 0.0
136.009801413626 76.92467596057797 0.0
10.573056614862697 22.92201341110871 0.0
70.17231532650379 176.47816357478757 0.0
91.53016875258466 86.26580021419778 0.0
85.2006308631577 62.93202741007271 0.0
41.847847370918224 113.062472158227 0.0
169.585521554156 68.63180520231178 0.0
171.4004837548269 159.52869288684673 0.0
84.71938130482026 16.166595573006106 0.0
168.459359999365 35.756250593097235 0.0
117.25262668663896 185.6541277928732 0.0
151.8957829431812 164.57131901077597 0.0
176.51861355642185 89.7118853874169 0.0
6.688241413406493 45.61699361612001 0.0
11.984441066730444 117.25314183599846 0.0
137.94477099142046 62.45816978415901 0.0
185.25510203160556 62.1297487243264 0.0
141.34703245318033 153.51564583737058 0.0
146.97899138410614 13.776108128855057 0.0
6.867854961615749 56.89416324919387 0.0
141.07292195793116 54.39172467978777 0.0
147.80946995595005 34.676902958743014 0.0
87.0052044978312 80.83255010680968 0.0
178.65473468447902 184.0166990924587 0.0
75.44561538058407 49.263992197399716 0.0
152.91920357252172 50.362192495503486 0.0
53.41138280416908 26.761488492694884 0.0
116.13703617466362 72.41478394818222 0.0
72.10871190068676 26.42718275118572 0.0
129.30912672414487 8.920243253729133 0.0
123.98955524623292 101.2241448770985 0.0
174.58716847630185 124.15643153469841 0.0
105.11379143527853 176.61233434635233 0.0
167.6625993252543 141.9866375111781 0.0
4.727101731447481 13.2034152312281 0.0
70.27475793258606 17.605629126147804 0.0
46.0354141217715 108.03417049283526 0.0
21.447867464555912 21.613505155847147 0.0
180.47677528648134 66.69130781060059 0.0
87.51180004153758 82.81010598213282 0.0
72.36211806499301 8.403013721352925 0.0
68.65681312854959 194.11066879314401 0.0
101.57648544294702 102.34563602029642 0.0
193.71786650049316 150.24114606355795 0.0
159.1027429943972 175.79655753001103 0.0
85.07937343266354 156.37944526952998 0.0
113.44999847596746 83.39718007153823 0.0
82.03655379505221 123.6666970486392 0.0
185.6393535452462 181.6727601375785 0.0
73.64488016326611 150.52037835088944 0.0
86.21986881507414 14.08861545091369 0.0
11.034476662343874 177.93904628951995 0.0
39.85797701797544 179.30508244136215 0.0
44.361493692840305 102.4961541970819 0.0
151.36381834429628 128.92638179886745 0.0
161.01401215586714 132.47828443103947 0.0
151.58843081966054 120.92135590754218 0.0
89.38508488959933 80.63093711802954 0.0
2.445816816145685 141.0268691949362 0.0
76.4710901911823 1.2328169012777668 0.0
137.38448275400577 96.82751322270873 0.0
147.74870779138993 99.72737874291253 0.0
66.95312330972429 187.83799262833932 0.0
14.229199046803775 169.8981961494878 0.0
88.67559701203022 59.79741826062932 0.0
104.28401219481339 146.58255745933448 0.0
106.27055238847103 162.5175927461602 0.0
66.78097769549478 101.17547672650986 0.0
85.32149263859424 48.010077366820106 0.0
117.26577618231381 152.68409976391405 0.0
50.823172733711665 169.24977091063357 0.0
180.36853214787547 118.85039439548521 0.0
166.60081948100625 69.8154431829761 0.0
119.31084962363536 89.86769716779779 0.0
127.41870936010893 90.78049085952993 0.0
37.333786588784164 71.47458775924136 0.0
41.66512922102128 63.610109405110585 0.0
86.06271102613934 14.717349274704361 0.0
185.82094510602664 106.45365185869935 0.0
22.270106326083038 126.43010845786966 0.0
71.4894450063539 196.10408832594987 0.0
117.19295708258926 137.48948558023474 0.0
181.58526584503608 49.02890156577304 0.0
141.50642137596154 195.158508458325 0.0
104.35067433824355 12.259977006013646 0.0
24.250922820546773 41.34228617924527 0.0
22.187724087732086 138.56245756907848 0.0
15.455154759654178 140.33571323666544 0.0
196.8650867748079 0.18572329543689037 0.0
169.8926697455992 27.651432906172403 0.0
33.47876392997109 81.6321328050758 0.0
113.3551411222586 165.77392914162638 0.0
102.61611153753493 184.26225433759612 0.0
153.02067250289713 13.193520198023423 0.0
153.492935823099 174.18788597243605 0.0
49.94082037706094 39.83187867676583 0.0
60.40377343819707 9.787221989963468 0.0
184.36534161144215 54.97839147759207 0.0
10.645784355416055 96.30907575479162 0.0
13.568956061047398 53.11458963813347 0.0
64.14688065250706 32.416120342670474 0.0
47.03974408804186 28.51167057974864 0.0
93.34923305009872 137.14973848016305 0.0
45.33412883233871 61.243937967384944 0.0
46.469367694417805 175.68199847776694 0.0
186.59866994618545 35.26871676546086 0.0
68.07664191824459 38.35305759828 0.0
138.70422946325186 13.481317778789403 0.0
58.00191754819799 169.87504600139835 0.0
125.13338105478222 165.1612147318661 0.0
152.90883942051886 94.21638781716777 0.0
179.2072449730935 17.983532621807473 0.0
174.43019925696112 35.563293863396716 0.0
43.933239515848754 89.77775482292161 0.0
103.59236269059721 196.8879382052242 0.0
193.70054884334436 44.47329484873306 0.0
113.32092092070137 125.03568266453445 0.0
29.245464129236254 12.179529912334441 0.0
19.14113465819327 164.8765232937581 0.0
28.75396362736509 15.105497184533112 0.0
192.75696734728882 84.94872755489082 0.0
125.6643268424245 149.03250863364605 0.0
24.01288494055571 143.1554790356335 0.0
27.677847130417653 84.31054353059926 0.0
113.81288340423832 153.45806023578723 0.0
191.68094685639082 170.85723676114708 0.0
133.89149098615914 113.14211838231934 0.0
125.72745110062382 158.39598207569975 0.0
98.90190525947882 55.11608163908899 0.0
1.9249868350000199 76.17760406475635 0.0
62.106541869124875 0.8339172123055683 0.0
33.014778274680445 155.68769645340683 0.0
168.02586463393098 6.81697748412331 0.0
90.62952958832919 25.3497627152093 0.0
173.7213652930895 121.3826638121536 0.0
24.659244833481473 157.99186374661738 0.0
184.95915782330707 198.07034667728908 0.0
80.85031003727127 109.85247942839365 0.0
44.32075016759951 148.38786248092126 0.0
107.70832493763518 54.1590110743642 0.0
155.39802265555412 158.88468432379506 0.0
93.97060318157256 82.82016851993934 0.0
130.52962766749147 46.19064085050852 0.0
184.3594918486065 126.53134528886476 0.0
109.10645074192114 78.54200060904013 0.0
84.02301887457043 126.59983888506761 0.0
109.29398039123915 53.449360595580366 0.0
81.01466955837613 81.05462940347618 0.0
148.0898753700596 188.54478006617 0.0
191.3594221704002 183.1132214463159 0.0
92.95516355257317 56.278254141303144 0.0
162.69844833858565 71.83587117658692 0.0
92.82798176864708 173.01656695767196 0.0
60.20026133937524 22.805335416117845 0.0
177.14898083704364 139.230267671041 0.0
102.37132432565959 120.92807512037143 0.0
8.597838206472307 19.83740363928357 0.0
114.5945357283549 77.96070776279109 0.0
28.56069438748343 152.405410690507 0.0
24.66921804299014 184.12325034374908 0.0
143.91858289676213 175.79539422303264 0.0
37.32166022982983 116.1685325391176 0.0
69.56723555412066 182.96584460458 0.0
93.60048876330782 163.53502533625343 0.0
63.14899480979119 119.03562785826418 0.0
146.26647492781717 79.71801277427606 0.0
66.7978837901487 69.33894648828817 0.0
63.73174580592358 17.752027829481996 0.0
5.269098427936458 112.08770563526578 0.0
12.79863433255304 66.70510453308569 0.0
180.64466095699294 146.38962074130603 0.0
164.39366920161726 170.34332272830457 0.0
150.8771260758683 148.75313672278548 0.0
116.68767394590654 79.63194905668843 0.0
182.75365924625052 59.84309927781399 0.0
136.43807972509686 67.49715118511854 0.0
129.4330549152662 158.1338730760278 0.0
182.08494237590347 17.280258782228408 0.0
198.52859617614223 138.23948356955768 0.0
91.0775586446549 185.5742235761945 0.0
148.7799781617573 179.08314252817746 0.0
89.10367737077416 35.639816495785496 0.0
181.6778133793362 60.701255782911055 0.0
110.33882887673987 39.35681988421271 0.0
178.97455592567243 68.35997924213851 0.0
105.52849594730016 53.673462194598834 0.0
177.83599624870604 8.795052560915728 0.0
158.66114276077238 191.77491895359614 0.0
72.45779778373706 155.7685413000813 0.0
33.185527810042316 29.69972542272079 0.0
84.2918326479983 140.76890931959113 0.0
125.17094625645309 115.89064737564307 0.0
152.59742993387232 109.56360099643953 0.0
113.50441604262534 84.1743778183573 0.0
62.852901165017585 76.44625519844259 0.0
66.16408117016925 9.922282881109679 0.0
52.63309456987537 125.40334380554994 0.0
186.80349324381552 194.65218731667292 0.0
12.878984762562173 131.05789186643625 0.0
167.32670431566345 116.08903296178896 0.0
37.05562687757382 2.1308362576022866 0.0
49.82934069828959 38.71005784923322 0.0
161.51514053785354 86.29320801116135 0.0
195.22630889520946 144.05789661442574 0.0
87.45167964096463 117.66532104583438 0.0
6.081974679838242 10.612903039088618 0.0
78.1556692916291 136.85187314326214 0.0
57.60393610937533 49.77379267561075 0.0
84.84489168610088 168.28462658294993 0.0
53.45697327514662 87.50338855883963 0.0
70.1703230682212 100.77729979676215 0.0
141.99893694964504 70.45428797296816 0.0
70.56494018669434 184.57994916747373 0.0
3.7356879881153215 70.89687823964302 0.0
166.92398526487585 31.853056662602874 0.0
152.23752864417077 166.5300595874475 0.0
17.67562686559725 187.36425772511947 0.0
78.45489970646413 179.2628005548856 0.0
149.12101693037013 22.34355302845794 0.0
12.316328387109344 71.31246766540158 0.0
194.99334556671207 96.81554501321298 0.0
175.68709458302035 17.473703511259252 0.0
130.50558878780043 34.36018451272504 0.0
57.21218481773684 199.16940138746767 0.0
55.72707378091193 158.1361916445248 0.0
52.262637457047404 198.90320414015142 0.0
48.94922389403993 48.134232153551146 0.0
180.1495092513044 112.99066873468927 0.0
32.77125199179807 197.00970109122466 0.0
115.96510032440213 145.95415277614865 0.0
73.95677063295607 65.47775103439206 0.0
55.8563988156233 101.72421633853355 0.0
72.68270087545707 68.13606755496333 0.0
172.23095642665118 44.79819000336149 0.0
187.6221039705773 156.71369133313075 0.0
9.340757965690027 68.76435915815833 0.0
190.37290594737394 110.12695290740919 0.0
119.88496750339249 180.1080000650907 0.0
46.06479106057697 189.35649542683572 0.0
149.717709040224 181.97336140588027 0.0
176.54685396333457 70.0420344250231 0.0
40.44241070291892 125.5634788506781 0.0
78.37892525094772 126.82446907348013 0.0
38.61949088184786 186.1175112112952 0.0
39.919728315731405 10.84767717065831 0.0
175.50949802744432 115.91308896262413 0.0
30.125476338943756 35.46510920794233 0.0
12.719179398149949 128.49904683627943 0.0
16.24266412338351 165.07924953240163 0.0
136.8131661004678 176.37162146793136 0.0
8.39927916877734 188.1746699823311 0.0
129.89937097083097 98.56509928306491 0.0
26.168838963846387 147.98827600537695 0.0
143.3914892947157 35.13565620826484 0.0
135.5020516325147 102.89323452457504 0.0
158.59717302098701 32.27495695355272 0.0
113.99117892247695 193.4557084740252 0.0
130.47604450996587 94.79793282230912 0.0
168.25254777738004 4.256527851719594 0.0
79.85669181156258 82.0068663758897 0.0
49.28283222759096 125.95258607650355 0.0
24.597371860716912 188.44190200317027 0.0
89.96522962933251 46.685686257807355 0.0
21.620309640962 102.7856493244992 0.0
123.47178998375867 31.82926209070547 0.0
129.44484615196149 96.19770043664113 0.0
132.1286066494922 87.19630056917114 0.0
194.78997876175575 55.61233991877705 0.0
23.380795841762804 43.21454391946713 0.0
17.012188339645505 48.04081149259842 0.0
132.81455043735792 46.20792325504182 0.0
50.58974222208339 178.6771741807084 0.0
113.76386004227169 97.80591120341626 0.0
168.55988566047256 88.6146357438393 0.0
188.84980661308262 144.63534337525553 0.0
128.76085946541792 27.237074541855733 0.0
110.87059864790594 187.8321030047325 0.0
59.925742177054886 29.858240835207027 0.0
8.780968279381952 155.54279104075533 0.0
116.12062320665493 132.93897221078652 0.0
179.06964634552625 61.46934786875231 0.0
35.71481799225711 167.22055799068133 0.0
23.664164287780064 58.642469245987925 0.0
85.01621412775336 83.37017396638358 0.0
132.56240982702002 189.99240104681746 0.0
166.90004295372742 185.24221868536011 0.0
162.71068647663313 135.91848385180734 0.0
131.20486617540595 72.61701048986222 0.0
74.21841460076321 63.94175358438279 0.0
136.3646781658436 128.28635092407282 0.0
50.8198403980729 196.65757404833406 0.0
80.69149379875435 23.613054757324512 0.0
53.563466048435245 131.5881701072022 0.0
46.9179811655261 162.199527163436 0.0
35.030248171659764 70.16779007230394 0.0
185.05513884624597 33.05814611555762 0.0
175.9518850299437 142.97584103345437 0.0
96.31520188554596 102.684157987117 0.0
96.9208477487517 154.46645047289783 0.0
174.79538398929938 139.6894444879139 0.0
44.95411186682705 112.82541184287123 0.0
113.81326973212802 136.16353400192978 0.0
157.99287235967515 59.21855103255993 0.0
90.23010082268787 66.68579354634754 0.0
69.99084512957606 165.5781289371311 0.0
2.7933689359349145 8.920826455805209 0.0
135.0640141945695 31.20692932459004 0.0
159.47564821686933 38.986645608650726 0.0
21.2450641935388 175.86230958828318 0.0
183.98162392243327 10.293244574912318 0.0
152.70604863940994 100.61541214831362 0.0
43.04089950298551 26.30678090336549 0.0
63.883073676643676 167.66349620887092 0.0
183.79922448106197 125.70260796690833 0.0
169.75719315353845 136.4062095904798 0.0
14.566254298893444 12.628054589903904 0.0
153.61594405557946 85.47938770158 0.0
162.3731752263011 185.3036378858383 0.0
126.94036833173068 49.07278444380765 0.0
97.23891967963681 142.94948911297192 0.0
125.63247912308582 0.740969216838816 0.0
25.73892611437174 84.0311169271857 0.0
172.61872613421184 29.049471162143227 0.0
25.41574316059023 48.07689610499752 0.0
58.93505031032289 66.78093754654594 0.0
16.766174306909388 198.82724926080093 0.0
173.71960537706906 159.05907755349645 0.0
150.98477341820748 98.23326643950413 0.0
148.10950155266337 185.63077642712747 0.0
129.33904795174152 178.8304916696148 0.0
168.858170687996 188.679729979375 0.0
63.99686250904504 186.27127209155486 0.0
164.56037978625645 199.92767881787742 0.0
140.321921938977 134.3069654745621 0.0
70.69207234363604 109.41218483087137 0.0
147.0985406462884 91.26902155066026 0.0
39.242764789164774 73.21260635279263 0.0
103.84214921822799 100.10588501651192 0.0
174.5382416324282 18.5289281446817 0.0
133.29740129853087 123.29038413006987 0.0
148.92190428059223 171.90067856150569 0.0
2.420929422964768 99.42011128551277 0.0
80.28319641212474 9.986201192893196 0.0
186.59126492293453 0.09112773585151501 0.0
137.99197418560308 12.205189508108315 0.0
99.48357305585125 183.63314268851263 0.0
84.61802962041394 80.68030818238934 0.0
74.99234568647857 156.55206772050548 0.0
157.88511484455356 85.29650851846256 0.0
187.780381490945 74.03378118596329 0.0
150.62935855026888 90.32940797270356 0.0
55.477705878701975 137.62056824206573 0.0
56.10208244614678 23.977053866314037 0.0
178.24949194369256 81.17973661463725 0.0
11.77747768391335 63.26200736737108 0.0
140.39722385976143 175.54153861913824 0.0
96.89575736041465 24.153669104495947 0.0
123.85278398496644 27.691394016022386 0.0
17.292976505748147 170.39349944864057 0.0
64.87032597454115 102.15929739526753 0.0
45.63866834648736 84.38858942142102 0.0
22.916242943673936 150.25699337657642 0.0
176.02306955847783 179.67189745537047 0.0
124.70274552953857 197.07140636994615 0.0
98.90590097132478 76.81026363415732 0.0
196.50592594801645 6.630525575361257 0.0
105.75886290987786 13.274067440836346 0.0
104.35453393128789 22.41589052302548 0.0
192.30458646717244 112.66532499652956 0.0
84.37085889470369 63.40351198895282 0.0
45.07482962641616 99.83370706782173 0.0
164.4906392371101 145.07293565903007 0.0
68.08118290172469 115.79288553645841 0.0
153.98404138863998 90.33198197995911 0.0
134.7117824961621 59.98231566319008 0.0
8.645177379171809 97.06243350453394 0.0
134.53788943002075 167.30247839341828 0.0
67.21288049180694 136.99987383357055 0.0
25.53448993732721 113.4843745771042 0.0
98.53080518995621 174.91855698218447 0.0
199.2893503677603 34.736824360341664 0.0
99.15024671513652 117.60011525394711 0.0
120.09531423195361 46.24805598478081 0.0
137.52429813838722 128.82264449744903 0.0
8.390967503322155 149.00075157119934 0.0
53.63742689849913 79.6145985540531 0.0
4.834992689120221 25.49263596257847 0.0
91.85967782971703 42.27562513550185 0.0
173.3700295422368 142.33744602870058 0.0
170.01022552712968 82.17439456759534 0.0
79.95193342660262 1.353919545494553 0.0
69.06011287782343 153.09125913397776 0.0
118.19093686826176 110.63334850229735 0.0
165.5994757185708 59.881326539360025 0.0
43.97118064802703 83.20889383100412 0.0
23.139820483854145 16.491424038894586 0.0
128.18574690608682 13.332876981052832 0.0
8.517159274392515 97.87224653248785 0.0
140.04434510853235 129.0008557415556 0.0
106.1072593850896 61.08468067633541 0.0
32.98130783900619 74.2442946819069 0.0
65.25945514529559 193.90726226885303 0.0
121.01176342445734 35.846312467042864 0.0
135.30082511668408 38.50943428381115 0.0
105.45421639739736 96.51791918917579 0.0
117.65790825327758 33.26309749866061 0.0
140.25807314159016 70.20483712457539 0.0
96.08830993795061 117.52284297750816 0.0
8.744874921923484 55.07795845314809 0.0
193.71001268749492 152.21290087065358 0.0
25.392534272722855 25.893176166749843 0.0
49.46140840130684 23.316835092941133 0.0
73.36186106555813 179.78920945674966 0.0
6.820429529706051 115.87372663217899 0.0
41.78529464986087 48.22485217050574 0.0
64.05647578125131 72.84236820370653 0.0
36.40787788776863 192.6398561043071 0.0
47.98410203349049 186.20294103574392 0.0
102.99083890474654 12.556491482543496 0.0
42.13279798974499 6.923280925043573 0.0
24.958570720645955 12.221648334982715 0.0
25.442495863709567 5.92480907374906 0.0
35.08994210268488 195.52213972489636 0.0
159.0396472505933 169.9409284214271 0.0
15.625378722538219 88.78867964340071 0.0
196.34427033377114 74.16850200698522 0.0
151.9812769462474 27.236834869770398 0.0
85.70334490630039 37.87088268944145 0.0
52.33375667280722 183.1760465001537 0.0
184.94157705472537 39.598769877768426 0.0
48.6540238860482 162.7506457529474 0.0
13.665607120106849 145.45290194620512 0.0
154.3479423738455 52.85959344366433 0.0
131.85323083899306 86.82056566689809 0.0
169.47266732783922 161.03446510637426 0.0
152.20438739610236 113.27549638819447 0.0
96.57360372385797 158.43805564829725 0.0
68.92606401169516 141.83882207194642 0.0
158.50522743533838 109.77877541004683 0.0
17.06852893302704 125.55624249667233 0.0
94.16951549457086 153.81878038845443 0.0
64.22565085785557 72.35466905618013 0.0
48.926258239533915 184.28667217346316 0.0
80.35737665966019 59.39921040747325 0.0
73.49961328841721 173.3883377134328 0.0
131.68768206600785 108.67931549736389 0.0
198.52574085447253 178.74235549617376 0.0
1.0767290226355142 116.31062224867965 0.0
61.456588120407154 179.44922708475195 0.0
149.96122507031012 161.0468666944696 0.0
128.35521294108761 98.13638196828423 0.0
105.90224510191052 56.754122355218485 0.0
75.18836164865115 83.20396197852347 0.0
84.97516654297526 159.10730553188915 0.0
71.54235411615872 149.12887732962523 0.0
39.681661792755364 188.52681153658315 0.0
144.25858612723516 2.5677585760800703 0.0
60.758976081573856 189.38091054929103 0.0
89.30528351133901 118.1320093990255 0.0
155.20702454634005 109.73733838985946 0.0
147.2725344373897 70.09108819369419 0.0
73.04921102265429 56.45535212776309 0.0
61.197793649691114 174.89295298484151 0.0
61.78815676768244 57.16731457320161 0.0
194.9995227805359 54.27334788680995 0.0
190.21280754892197 143.70670278747946 0.0
106.61681111733836 189.85856135156084 0.0
2.1587129240676184 160.79723825345962 0.0
142.02320307694407 107.54888652787704 0.0
136.01863315571896 99.3256251592753 0.0
44.60330372732344 103.60306685071589 0.0
177.24591678306314 155.27825671809825 0.0
58.950910866955454 4.226642283326099 0.0
198.78831733183907 123.42999597710912 0.0
148.96791124223654 136.59998505778975 0.0
188.33539688846602 149.1309747168502 0.0
147.21335658467075 81.66467498237395 0.0
61.45781912914292 82.04520134159041 0.0
105.77249700096318 77.6195435332351 0.0
16.162251985744504 102.45253074476659 0.0
28.4858951748876 147.96075244565077 0.0
197.0808423533234 123.733348190507 0.0
130.1989526504103 139.0327931580103 0.0
6.459625884975639 113.91325661058474 0.0
190.76264851214657 69.44036516342031 0.0
124.30539760786093 124.65265553873641 0.0
49.836427995586384 117.30377829604987 0.0
181.49608987573157 67.82414399219216 0.0
23.114666418834616 1.22330603964389 0.0
67.35478434617634 137.82829575544886 0.0
11.418271975295259 46.95088350093892 0.0
47.133015324367314 42.056330505094586 0.0
121.16346183596724 74.15012849689835 0.0
15.04417742507973 72.41586450436877 0.0
118.03994469366958 186.25871066746603 0.0
114.9332181768852 127.59389902112449 0.0
195.30110445348242 1.3497314171073027 0.0
23.36414942905105 78.73882561092331 0.0
153.88911945957855 23.021668420318097 0.0
8.852133993751954 160.50125491736193 0.0
163.68815321937 117.7292843753164 0.0
56.162314748567724 164.8810930907678 0.0
3.5192571158780828 38.600566545830304 0.0
76.04276202647544 117.08625131286692 0.0
62.06067908969632 15.66779081530334 0.0
108.45436260702152 20.61606233084621 0.0
22.697882041350148 18.57342557126096 0.0
71.30561461057493 173.04041489004538 0.0
52.37759734408611 190.1944921934408 0.0
6.895761876987594 74.45330779177264 0.0
67.86080187416476 148.26181366901434 0.0
134.71494465742356 77.33744384836434 0.0
62.33960702232106 156.93338838786138 0.0
131.94532292400166 59.58421302909216 0.0
141.20355547400746 181.41388373737772 0.0
131.95250987133778 141.6712724727102 0.0
37.81095233626925 156.09515339526445 0.0
156.25194253197546 14.507760833019967 0.0
58.441311800196274 20.325418364847913 0.0
76.88007643893538 196.21491409724013 0.0
40.17525145874021 5.797600913008516 0.0
143.79570969782628 94.11776865572708 0.0
196.26845206886725 95.68010172321284 0.0
5.881946149110906 112.48137843713717 0.0
70.65668651963439 117.99609058753799 0.0
4.314678977940445 17.032792655422412 0.0
26.54915174386727 184.3902948040249 0.0
123.50879164703608 144.06789146039623 0.0
153.63775401738198 140.30496843202704 0.0
147.54853834787903 24.949951253629333 0.0
194.27014555060188 153.7195464546772 0.0
88.95395414043223 186.06463479589706 0.0
61.00485308476256 136.99144560533446 0.0
31.83039034109465 79.80392580757719 0.0
146.2869250122514 169.96806447465482 0.0
162.8935612772122 103.90932076674282 0.0
109.55295999093254 72.42303438712617 0.0
151.55797028561483 74.51240568538286 0.0
167.8947051795632 160.0024671450232 0.0
184.22162100285445 132.4688006736103 0.0
113.48062608561646 10.249866565105247 0.0
58.07549209225529 83.08917425118251 0.0
134.25528339376336 163.91100517905522 0.0
196.21141782416836 196.12897324325877 0.0
24.006560978334555 91.60313972907605 0.0
58.497366437163876 125.90615818218443 0.0
133.71115506600165 67.06549251067275 0.0
191.6344254023427 50.67425494193676 0.0
38.13905753013165 5.590901948840954 0.0
87.00511143236072 175.88562023352617 0.0
170.01804358554435 49.87129535102844 0.0
96.36795908392337 197.73783883569806 0.0
8.62948617800956 115.37247248472073 0.0
93.14860078929557 181.40380148162959 0.0
0.5271810279218636 143.48647636887247 0.0
161.02288809085692 172.60400518748295 0.0
37.14112262010851 53.09268963618767 0.0
