2 296
5 34
6 486
10 521
14 624
15 461
16 572
19 541
20 74
23 932
26 426
29 59
35 25
38 863
39 940
36 638
37 354
41 216
46 353
45 257
51 158
50 454
49 524
48 748
53 388
52 426
59 976
57 704
56 731
60 300
69 250
70 473
71 717
66 248
67 32
76 455
79 952
74 899
85 136
86 801
93 934
92 364
94 291
88 647
91 148
103 505
98 560
96 154
97 343
110 647
111 772
108 746
109 194
104 805
105 735
117 139
114 788
127 270
126 251
124 261
123 191
122 17
121 366
137 183
136 443
138 935
141 222
140 624
143 385
142 288
128 44
133 729
135 116
157 82
158 441
144 698
146 705
147 23
148 933
150 583
171 303
170 985
169 6
168 783
173 649
161 725
160 101
167 209
187 89
191 586
188 109
189 908
182 151
183 116
180 837
181 641
199 358
193 793
195 309
194 727
