1 113 80.0
1 29 12.0
1 42 2.0
1 58 95.0
1 67 80.0
1 84 80.0
1 89 42.0
1 92 40.0
1 102 89.0
1 127 36.0
1 138 91.0
1 140 42.0
1 173 64.0
1 192 8.0
1 199 61.0
2 45 55.0
2 35 86.0
2 56 6.0
2 97 48.0
2 125 54.0
2 126 78.0
2 144 94.0
2 149 91.0
2 166 76.0
2 180 87.0
2 195 79.0
2 10 11.0
2 17 34.0
2 31 79.0
2 90 49.0
2 123 49.0
3 19 24.0
3 22 66.0
3 25 88.0
3 27 28.0
3 30 7.0
3 50 23.0
3 53 45.0
3 59 83.0
3 80 65.0
3 86 48.0
3 98 43.0
3 132 23.0
3 152 42.0
3 162 51.0
3 170 60.0
3 171 49.0
3 181 54.0
3 188 56.0
4 18 64.0
4 24 54.0
4 33 50.0
4 62 46.0
4 79 58.0
4 83 77.0
4 129 81.0
4 130 91.0
4 139 63.0
4 154 47.0
4 157 37.0
4 183 33.0
4 194 24.0
5 57 42.0
5 64 26.0
5 78 36.0
5 94 4.0
5 109 7.0
5 111 8.0
5 133 44.0
5 148 19.0
5 165 47.0
5 168 17.0
5 186 21.0
5 190 15.0
5 197 34.0
6 68 39.0
6 69 98.0
6 85 25.0
6 107 66.0
6 108 34.0
6 176 96.0
7 103 49.0
7 112 13.0
7 178 70.0
7 16 32.0
7 30 97.0
7 45 23.0
7 100 7.0
7 113 78.0
7 142 97.0
7 171 45.0
7 126 93.0
7 10 91.0
7 17 26.0
7 31 80.0
7 67 10.0
7 140 86.0
8 9 5.0
8 11 40.0
8 15 19.0
8 34 91.0
8 47 90.0
8 52 87.0
8 105 43.0
8 115 85.0
8 118 45.0
8 119 87.0
8 147 65.0
8 198 77.0
9 8 67.0
9 11 96.0
9 15 57.0
9 23 78.0
9 32 65.0
9 52 78.0
9 70 96.0
9 93 51.0
9 96 98.0
9 99 53.0
9 118 56.0
9 146 44.0
9 147 85.0
9 161 47.0
9 169 98.0
9 182 59.0
10 103 49.0
10 112 21.0
10 145 83.0
10 187 1.0
10 7 31.0
10 16 45.0
10 45 75.0
10 100 44.0
10 142 14.0
10 2 85.0
10 35 96.0
10 125 30.0
10 126 25.0
10 17 79.0
10 31 2.0
11 8 4.0
11 9 34.0
11 23 67.0
11 34 51.0
11 36 8.0
11 51 66.0
11 52 69.0
11 76 65.0
11 115 16.0
11 118 53.0
11 131 15.0
11 147 78.0
11 161 28.0
11 175 87.0
11 182 5.0
12 160 91.0
12 28 25.0
12 50 20.0
12 53 81.0
12 59 17.0
12 95 2.0
12 98 39.0
12 116 11.0
12 162 19.0
12 171 97.0
12 174 93.0
13 60 88.0
13 61 27.0
13 64 73.0
13 78 72.0
13 156 53.0
13 159 73.0
13 165 80.0
13 190 49.0
13 197 37.0
13 200 5.0
14 66 95.0
14 68 2.0
14 74 43.0
14 107 77.0
14 109 33.0
14 133 56.0
14 136 21.0
14 148 80.0
14 165 37.0
14 190 72.0
14 197 13.0
15 8 68.0
15 9 22.0
15 32 87.0
15 52 44.0
15 99 54.0
15 161 36.0
16 103 61.0
16 112 83.0
16 178 17.0
16 7 76.0
16 30 93.0
16 45 70.0
16 100 7.0
16 113 4.0
16 142 2.0
16 171 39.0
16 126 80.0
16 10 63.0
16 17 27.0
16 31 22.0
16 67 4.0
16 140 53.0
17 103 83.0
17 112 87.0
17 187 30.0
17 7 30.0
17 16 24.0
17 45 27.0
17 100 63.0
17 142 4.0
17 2 92.0
17 35 57.0
17 125 20.0
17 126 4.0
17 180 64.0
17 10 91.0
17 31 57.0
18 4 83.0
18 38 86.0
18 62 76.0
18 79 10.0
18 83 69.0
18 121 68.0
18 129 20.0
18 130 78.0
18 139 38.0
18 143 4.0
18 151 25.0
18 157 49.0
18 183 57.0
19 3 10.0
19 22 32.0
19 25 79.0
19 27 12.0
19 50 76.0
19 80 48.0
19 82 73.0
19 86 98.0
19 101 39.0
19 104 33.0
19 132 77.0
19 152 55.0
19 162 84.0
19 170 96.0
19 177 97.0
19 181 51.0
19 188 66.0
19 191 55.0
20 21 74.0
20 48 88.0
20 50 63.0
20 53 6.0
20 59 80.0
20 65 92.0
20 71 25.0
20 80 53.0
20 86 26.0
20 87 17.0
20 98 63.0
20 104 42.0
20 117 2.0
20 132 28.0
20 153 35.0
20 162 43.0
20 170 91.0
20 188 68.0
21 20 22.0
21 48 75.0
21 53 94.0
21 65 73.0
21 71 29.0
21 73 9.0
21 80 16.0
21 87 21.0
21 153 89.0
21 174 64.0
22 3 99.0
22 19 5.0
22 25 98.0
22 30 4.0
22 50 26.0
22 53 20.0
22 59 33.0
22 80 46.0
22 98 44.0
22 100 73.0
22 116 6.0
22 132 53.0
22 152 73.0
22 162 15.0
22 170 92.0
22 171 80.0
22 181 64.0
23 9 49.0
23 11 26.0
23 34 92.0
23 51 31.0
23 52 59.0
23 76 73.0
23 115 91.0
23 118 21.0
23 131 28.0
23 146 52.0
23 147 38.0
23 161 15.0
23 182 57.0
24 176 5.0
24 4 95.0
24 33 84.0
24 62 12.0
24 79 56.0
24 83 48.0
24 129 28.0
24 130 52.0
24 139 83.0
24 154 19.0
24 157 75.0
24 183 60.0
24 194 93.0
25 3 28.0
25 19 9.0
25 22 80.0
25 30 93.0
25 50 36.0
25 59 87.0
25 98 66.0
25 100 5.0
25 113 96.0
25 116 45.0
25 152 48.0
25 162 74.0
25 170 92.0
25 171 56.0
25 181 96.0
26 88 27.0
26 121 3.0
26 141 98.0
27 3 96.0
27 19 59.0
27 37 83.0
27 40 11.0
27 41 13.0
27 82 48.0
27 101 70.0
27 110 30.0
27 152 72.0
27 163 30.0
27 170 98.0
27 177 45.0
27 181 63.0
27 191 53.0
28 43 5.0
28 46 30.0
28 49 3.0
28 81 45.0
28 160 68.0
28 12 4.0
28 53 90.0
28 73 32.0
28 95 92.0
28 116 1.0
28 174 53.0
29 1 40.0
29 44 68.0
29 55 35.0
29 75 27.0
29 84 74.0
29 89 75.0
29 92 34.0
29 102 29.0
29 124 11.0
29 138 55.0
29 167 97.0
29 172 46.0
29 173 55.0
29 179 80.0
29 192 79.0
29 199 15.0
30 3 23.0
30 7 49.0
30 16 98.0
30 22 10.0
30 25 80.0
30 98 35.0
30 100 18.0
30 113 95.0
30 116 16.0
30 152 95.0
30 171 94.0
31 187 18.0
31 7 75.0
31 16 9.0
31 45 54.0
31 2 92.0
31 35 86.0
31 56 46.0
31 125 7.0
31 126 50.0
31 180 91.0
31 10 49.0
31 17 15.0
31 90 1.0
32 9 71.0
32 15 73.0
32 39 18.0
32 52 74.0
32 70 1.0
32 72 99.0
32 96 19.0
32 99 21.0
32 106 75.0
32 128 86.0
32 169 41.0
32 193 36.0
33 35 94.0
33 144 39.0
33 166 34.0
33 180 18.0
33 4 98.0
33 24 11.0
33 83 97.0
33 90 67.0
33 123 93.0
33 130 61.0
33 154 58.0
33 183 48.0
33 194 64.0
34 8 71.0
34 11 42.0
34 23 82.0
34 36 43.0
34 105 84.0
34 115 76.0
34 118 39.0
34 119 56.0
34 147 70.0
34 164 7.0
34 175 40.0
34 114 59.0
34 196 65.0
35 45 96.0
35 2 16.0
35 56 22.0
35 97 55.0
35 125 64.0
35 126 91.0
35 144 41.0
35 166 63.0
35 180 46.0
35 10 8.0
35 17 75.0
35 31 20.0
35 33 31.0
35 90 50.0
35 123 57.0
36 11 68.0
36 34 93.0
36 51 67.0
36 103 32.0
36 105 95.0
36 115 63.0
36 119 44.0
36 122 89.0
36 134 86.0
36 145 29.0
36 164 9.0
36 175 59.0
36 187 94.0
36 56 2.0
36 149 46.0
36 195 82.0
36 196 63.0
37 27 11.0
37 40 24.0
37 41 92.0
37 82 44.0
37 101 87.0
37 110 81.0
37 150 28.0
37 163 71.0
37 177 71.0
37 181 48.0
37 191 99.0
37 124 12.0
38 18 45.0
38 62 63.0
38 79 84.0
38 121 95.0
38 129 20.0
38 139 83.0
38 157 50.0
38 183 3.0
39 32 5.0
39 70 15.0
39 72 27.0
39 93 5.0
39 96 16.0
39 106 84.0
39 128 49.0
39 146 93.0
39 169 8.0
39 193 63.0
40 27 48.0
40 37 84.0
40 41 78.0
40 82 95.0
40 101 30.0
40 110 20.0
40 150 29.0
40 163 25.0
40 177 82.0
40 124 54.0
41 27 50.0
41 37 57.0
41 40 13.0
41 82 42.0
41 101 95.0
41 150 5.0
41 163 10.0
41 177 26.0
41 191 55.0
42 113 55.0
42 1 94.0
42 58 56.0
42 67 91.0
42 89 98.0
42 92 61.0
42 127 58.0
42 140 3.0
42 173 57.0
43 46 97.0
43 49 15.0
43 51 84.0
43 76 55.0
43 81 42.0
43 131 2.0
43 134 22.0
43 160 68.0
43 178 6.0
43 28 85.0
43 95 1.0
44 29 40.0
44 55 39.0
44 75 69.0
44 84 49.0
44 88 3.0
44 91 78.0
44 102 57.0
44 120 47.0
44 143 19.0
44 151 70.0
44 158 54.0
44 167 83.0
44 189 43.0
45 103 4.0
45 112 69.0
45 122 50.0
45 145 30.0
45 187 4.0
45 7 82.0
45 16 82.0
45 100 55.0
45 142 26.0
45 2 35.0
45 35 57.0
45 125 34.0
45 126 58.0
45 10 83.0
45 17 88.0
45 31 50.0
46 43 89.0
46 49 64.0
46 76 24.0
46 81 57.0
46 103 43.0
46 112 4.0
46 131 76.0
46 134 38.0
46 160 46.0
46 178 26.0
46 28 98.0
46 95 59.0
47 8 23.0
47 63 4.0
47 198 75.0
47 114 4.0
48 20 42.0
48 21 3.0
48 65 38.0
48 71 93.0
48 80 93.0
48 86 12.0
48 87 17.0
48 104 97.0
48 117 81.0
48 132 11.0
48 135 58.0
48 153 43.0
48 162 25.0
48 184 21.0
48 188 92.0
49 43 24.0
49 46 19.0
49 81 10.0
49 160 81.0
49 28 52.0
49 73 86.0
49 95 59.0
49 174 34.0
50 3 68.0
50 12 34.0
50 19 16.0
50 20 31.0
50 22 84.0
50 25 81.0
50 53 71.0
50 59 53.0
50 65 8.0
50 80 98.0
50 86 88.0
50 98 2.0
50 116 74.0
50 132 43.0
50 152 70.0
50 162 92.0
50 170 75.0
50 171 36.0
50 188 62.0
51 11 91.0
51 23 61.0
51 36 60.0
51 43 82.0
51 76 78.0
51 115 84.0
51 118 12.0
51 131 42.0
51 134 80.0
51 146 11.0
51 147 68.0
51 161 68.0
51 182 88.0
52 8 42.0
52 9 46.0
52 11 73.0
52 15 89.0
52 23 72.0
52 32 87.0
52 70 93.0
52 93 60.0
52 96 86.0
52 99 4.0
52 118 72.0
52 146 58.0
52 147 29.0
52 161 6.0
52 169 5.0
52 182 6.0
53 3 45.0
53 12 7.0
53 20 71.0
53 21 16.0
53 22 29.0
53 28 48.0
53 50 98.0
53 59 17.0
53 80 94.0
53 86 94.0
53 95 4.0
53 98 48.0
53 116 12.0
53 132 75.0
53 162 27.0
53 170 71.0
53 171 61.0
54 105 6.0
54 119 47.0
54 164 78.0
54 175 67.0
54 60 94.0
54 77 48.0
54 114 70.0
54 149 5.0
54 196 68.0
54 200 90.0
55 29 2.0
55 44 86.0
55 75 79.0
55 84 30.0
55 88 76.0
55 91 64.0
55 102 13.0
55 120 12.0
55 143 62.0
55 151 8.0
55 158 41.0
55 167 70.0
55 189 17.0
56 36 67.0
56 119 56.0
56 122 49.0
56 145 57.0
56 164 41.0
56 175 92.0
56 187 62.0
56 2 97.0
56 35 22.0
56 125 18.0
56 126 24.0
56 149 91.0
56 195 41.0
56 196 83.0
56 31 62.0
57 5 16.0
57 60 51.0
57 64 55.0
57 77 66.0
57 78 40.0
57 94 71.0
57 111 20.0
57 148 7.0
57 165 78.0
57 168 36.0
57 190 43.0
57 197 3.0
57 200 73.0
58 113 56.0
58 1 86.0
58 42 91.0
58 67 71.0
58 89 74.0
58 92 32.0
58 127 46.0
58 140 60.0
58 173 23.0
59 3 36.0
59 12 19.0
59 20 17.0
59 22 79.0
59 25 56.0
59 50 99.0
59 53 58.0
59 80 90.0
59 86 7.0
59 95 65.0
59 98 39.0
59 116 64.0
59 132 72.0
59 152 26.0
59 162 44.0
59 170 51.0
59 171 92.0
60 13 40.0
60 54 6.0
60 57 88.0
60 61 58.0
60 64 83.0
60 77 62.0
60 78 36.0
60 111 81.0
60 149 16.0
60 156 19.0
60 159 80.0
60 168 7.0
60 190 21.0
60 200 70.0
61 13 85.0
61 60 13.0
61 64 67.0
61 77 85.0
61 78 37.0
61 97 75.0
61 149 64.0
61 156 23.0
61 159 53.0
61 190 49.0
61 200 53.0
62 4 75.0
62 18 72.0
62 24 88.0
62 38 54.0
62 79 38.0
62 83 11.0
62 129 43.0
62 130 4.0
62 139 52.0
62 154 77.0
62 157 16.0
62 183 26.0
63 47 6.0
63 198 45.0
63 114 45.0
64 5 31.0
64 13 41.0
64 57 98.0
64 60 46.0
64 61 9.0
64 77 47.0
64 78 46.0
64 94 3.0
64 109 50.0
64 111 65.0
64 148 59.0
64 165 46.0
64 168 19.0
64 190 46.0
64 197 47.0
64 200 19.0
65 20 82.0
65 21 54.0
65 48 70.0
65 50 80.0
65 71 61.0
65 80 1.0
65 86 51.0
65 87 88.0
65 104 93.0
65 117 24.0
65 132 11.0
65 153 18.0
65 162 50.0
65 170 53.0
65 184 66.0
65 188 29.0
66 14 67.0
66 74 74.0
66 109 74.0
66 133 51.0
66 136 43.0
66 165 21.0
66 197 21.0
67 7 69.0
67 16 33.0
67 113 41.0
67 1 10.0
67 42 20.0
67 58 22.0
67 90 29.0
67 127 40.0
67 140 64.0
67 173 90.0
68 6 30.0
68 14 8.0
68 69 96.0
68 85 79.0
68 107 98.0
68 176 13.0
69 6 45.0
69 68 98.0
69 85 77.0
69 97 3.0
69 107 84.0
69 108 87.0
69 144 68.0
69 156 51.0
69 159 38.0
69 166 30.0
69 176 51.0
70 9 94.0
70 32 42.0
70 39 61.0
70 52 38.0
70 72 60.0
70 93 92.0
70 96 5.0
70 106 77.0
70 128 22.0
70 146 13.0
70 161 47.0
70 169 64.0
70 182 45.0
70 193 11.0
71 20 39.0
71 21 32.0
71 48 17.0
71 65 51.0
71 80 87.0
71 87 47.0
71 117 22.0
71 153 71.0
71 174 4.0
72 32 73.0
72 39 48.0
72 70 57.0
72 93 54.0
72 96 91.0
72 106 24.0
72 128 84.0
72 169 55.0
72 193 72.0
73 49 21.0
73 81 59.0
73 21 44.0
73 28 25.0
73 174 13.0
74 14 25.0
74 66 78.0
74 133 81.0
74 136 78.0
74 186 21.0
75 29 77.0
75 44 10.0
75 55 32.0
75 84 27.0
75 89 83.0
75 92 51.0
75 102 50.0
75 120 46.0
75 124 56.0
75 138 87.0
75 158 69.0
75 167 37.0
75 172 16.0
75 179 67.0
75 192 26.0
75 199 18.0
76 11 57.0
76 23 28.0
76 43 13.0
76 46 67.0
76 51 88.0
76 81 90.0
76 118 43.0
76 131 97.0
76 134 72.0
76 147 89.0
76 160 8.0
76 182 81.0
77 54 38.0
77 57 9.0
77 60 33.0
77 61 51.0
77 64 25.0
77 78 96.0
77 111 71.0
77 114 17.0
77 168 63.0
77 190 37.0
77 200 57.0
78 5 7.0
78 13 22.0
78 57 96.0
78 60 4.0
78 61 26.0
78 64 10.0
78 77 20.0
78 94 23.0
78 111 43.0
78 148 20.0
78 165 62.0
78 168 99.0
78 190 71.0
78 197 96.0
78 200 34.0
79 4 67.0
79 18 60.0
79 24 10.0
79 38 37.0
79 62 69.0
79 83 40.0
79 91 96.0
79 129 81.0
79 130 48.0
79 139 91.0
79 143 63.0
79 151 46.0
79 154 6.0
79 157 31.0
79 183 26.0
79 194 27.0
80 3 78.0
80 19 59.0
80 20 80.0
80 21 18.0
80 22 57.0
80 48 48.0
80 50 7.0
80 53 28.0
80 59 89.0
80 65 75.0
80 71 35.0
80 86 92.0
80 87 7.0
80 98 99.0
80 104 92.0
80 117 43.0
80 132 21.0
80 152 39.0
80 153 16.0
80 162 15.0
80 170 52.0
80 188 83.0
81 43 82.0
81 46 38.0
81 49 54.0
81 76 88.0
81 131 1.0
81 160 28.0
81 28 36.0
81 73 10.0
81 95 68.0
81 174 8.0
82 19 61.0
82 27 14.0
82 37 11.0
82 40 21.0
82 41 94.0
82 101 94.0
82 163 74.0
82 177 87.0
82 191 14.0
83 4 23.0
83 18 46.0
83 24 1.0
83 33 97.0
83 62 21.0
83 79 97.0
83 91 39.0
83 129 86.0
83 130 21.0
83 139 77.0
83 143 82.0
83 151 98.0
83 154 52.0
83 157 58.0
83 183 5.0
83 194 47.0
84 1 68.0
84 29 65.0
84 44 31.0
84 55 43.0
84 75 46.0
84 89 5.0
84 91 83.0
84 92 13.0
84 102 91.0
84 120 25.0
84 127 80.0
84 151 86.0
84 167 4.0
84 173 49.0
85 6 80.0
85 68 25.0
85 69 82.0
85 97 48.0
85 107 35.0
85 108 5.0
85 144 50.0
85 156 18.0
85 159 16.0
85 166 60.0
85 176 19.0
86 3 71.0
86 19 8.0
86 20 30.0
86 48 30.0
86 50 49.0
86 53 93.0
86 59 94.0
86 65 65.0
86 80 26.0
86 87 65.0
86 98 30.0
86 104 75.0
86 117 61.0
86 132 88.0
86 152 63.0
86 153 60.0
86 162 34.0
86 170 86.0
86 188 6.0
86 191 56.0
87 20 89.0
87 21 81.0
87 48 15.0
87 65 95.0
87 71 18.0
87 80 25.0
87 86 89.0
87 104 47.0
87 117 56.0
87 135 53.0
87 153 34.0
87 188 26.0
88 26 45.0
88 44 83.0
88 55 54.0
88 91 54.0
88 120 14.0
88 121 27.0
88 143 79.0
88 189 88.0
89 1 29.0
89 29 92.0
89 42 84.0
89 58 93.0
89 75 96.0
89 84 13.0
89 92 67.0
89 102 8.0
89 124 49.0
89 127 71.0
89 138 55.0
89 167 4.0
89 172 50.0
89 173 95.0
89 179 97.0
89 192 12.0
89 199 62.0
90 2 24.0
90 35 18.0
90 125 50.0
90 144 37.0
90 166 63.0
90 180 4.0
90 31 96.0
90 33 28.0
90 67 75.0
90 123 4.0
90 194 47.0
91 44 28.0
91 55 83.0
91 79 63.0
91 83 10.0
91 84 66.0
91 88 69.0
91 120 76.0
91 127 90.0
91 143 43.0
91 151 57.0
92 113 21.0
92 1 33.0
92 29 4.0
92 42 74.0
92 58 11.0
92 75 5.0
92 84 81.0
92 89 18.0
92 102 80.0
92 124 97.0
92 138 4.0
92 167 64.0
92 172 68.0
92 173 24.0
92 192 66.0
92 199 55.0
93 9 98.0
93 39 52.0
93 52 69.0
93 70 88.0
93 72 94.0
93 96 75.0
93 106 98.0
93 128 70.0
93 146 75.0
93 161 69.0
93 169 63.0
93 182 30.0
93 185 74.0
94 5 24.0
94 57 77.0
94 64 9.0
94 78 6.0
94 109 63.0
94 111 98.0
94 148 17.0
94 165 2.0
94 168 3.0
94 186 55.0
94 197 18.0
95 43 67.0
95 46 57.0
95 49 77.0
95 81 53.0
95 160 59.0
95 12 37.0
95 28 16.0
95 53 23.0
95 59 49.0
95 98 14.0
95 116 89.0
95 171 64.0
96 9 16.0
96 32 33.0
96 39 97.0
96 52 22.0
96 70 27.0
96 72 19.0
96 93 97.0
96 106 81.0
96 118 86.0
96 128 3.0
96 146 13.0
96 147 50.0
96 161 63.0
96 169 97.0
96 182 74.0
97 2 15.0
97 35 3.0
97 61 22.0
97 69 13.0
97 85 52.0
97 108 85.0
97 125 78.0
97 144 63.0
97 156 82.0
97 159 3.0
97 166 65.0
97 180 22.0
97 123 67.0
98 3 56.0
98 12 51.0
98 20 72.0
98 22 98.0
98 25 36.0
98 30 52.0
98 50 32.0
98 53 24.0
98 59 47.0
98 80 82.0
98 86 38.0
98 95 34.0
98 116 26.0
98 132 1.0
98 152 20.0
98 162 84.0
98 170 87.0
98 171 77.0
99 9 10.0
99 15 6.0
99 32 60.0
99 52 85.0
100 112 43.0
100 178 95.0
100 7 37.0
100 16 15.0
100 22 37.0
100 25 68.0
100 30 89.0
100 45 21.0
100 113 23.0
100 142 35.0
100 171 11.0
100 10 72.0
100 17 72.0
100 140 88.0
101 19 41.0
101 27 35.0
101 37 24.0
101 40 59.0
101 41 56.0
101 82 38.0
101 110 13.0
101 150 49.0
101 163 7.0
101 177 5.0
101 181 69.0
101 191 93.0
101 124 47.0
102 1 76.0
102 29 40.0
102 44 12.0
102 55 43.0
102 75 65.0
102 84 81.0
102 89 6.0
102 92 76.0
102 120 77.0
102 124 47.0
102 138 12.0
102 167 87.0
102 172 3.0
102 173 15.0
102 179 83.0
102 192 22.0
102 199 23.0
103 36 46.0
103 46 98.0
103 112 99.0
103 122 13.0
103 134 26.0
103 145 81.0
103 178 42.0
103 187 37.0
103 7 94.0
103 16 19.0
103 45 62.0
103 142 71.0
103 126 1.0
103 10 10.0
103 17 30.0
104 19 19.0
104 20 11.0
104 48 16.0
104 65 12.0
104 80 47.0
104 86 35.0
104 87 8.0
104 117 9.0
104 132 63.0
104 135 25.0
104 153 92.0
104 170 75.0
104 184 74.0
104 188 31.0
104 191 76.0
105 8 71.0
105 34 17.0
105 36 15.0
105 115 58.0
105 119 40.0
105 164 31.0
105 175 61.0
105 54 10.0
105 114 84.0
105 149 34.0
105 196 25.0
106 32 61.0
106 39 80.0
106 70 20.0
106 72 18.0
106 93 30.0
106 96 11.0
106 128 24.0
106 146 41.0
106 161 72.0
106 169 20.0
106 185 36.0
106 193 31.0
107 6 98.0
107 14 21.0
107 68 2.0
107 69 3.0
107 85 77.0
107 108 97.0
107 156 64.0
107 176 46.0
108 6 95.0
108 69 4.0
108 85 95.0
108 97 49.0
108 107 80.0
108 144 71.0
108 156 55.0
108 159 81.0
108 166 58.0
108 176 91.0
108 123 54.0
109 5 44.0
109 14 51.0
109 64 79.0
109 66 48.0
109 94 3.0
109 111 34.0
109 133 53.0
109 136 74.0
109 148 28.0
109 165 40.0
109 168 37.0
109 186 68.0
109 197 94.0
110 27 91.0
110 37 31.0
110 40 35.0
110 101 74.0
110 150 59.0
110 163 41.0
110 181 99.0
110 124 16.0
110 192 86.0
110 199 30.0
111 5 7.0
111 57 76.0
111 60 8.0
111 64 11.0
111 77 6.0
111 78 60.0
111 94 77.0
111 109 61.0
111 148 77.0
111 165 68.0
111 168 68.0
111 190 93.0
111 197 71.0
111 200 67.0
112 46 47.0
112 103 23.0
112 122 8.0
112 134 63.0
112 145 36.0
112 178 96.0
112 187 64.0
112 7 47.0
112 16 71.0
112 45 66.0
112 100 8.0
112 142 72.0
112 126 25.0
112 10 43.0
112 17 50.0
113 7 23.0
113 16 22.0
113 25 58.0
113 30 7.0
113 100 17.0
113 1 77.0
113 42 52.0
113 58 20.0
113 67 99.0
113 92 29.0
113 140 71.0
113 173 49.0
114 34 71.0
114 47 74.0
114 63 94.0
114 105 88.0
114 119 16.0
114 164 15.0
114 198 39.0
114 54 35.0
114 77 85.0
114 200 19.0
115 8 70.0
115 11 95.0
115 23 33.0
115 34 76.0
115 36 61.0
115 51 1.0
115 105 68.0
115 118 38.0
115 119 19.0
115 122 14.0
115 145 65.0
115 147 95.0
115 164 59.0
115 175 97.0
115 182 42.0
115 196 22.0
116 12 45.0
116 22 29.0
116 25 70.0
116 28 85.0
116 30 98.0
116 50 20.0
116 53 6.0
116 59 15.0
116 95 30.0
116 98 68.0
116 162 41.0
116 171 6.0
117 20 41.0
117 48 85.0
117 65 47.0
117 71 98.0
117 80 67.0
117 86 84.0
117 87 67.0
117 104 16.0
117 132 89.0
117 135 74.0
117 137 3.0
117 153 54.0
117 184 19.0
117 188 14.0
118 8 61.0
118 9 37.0
118 11 40.0
118 23 76.0
118 34 60.0
118 51 86.0
118 52 12.0
118 76 73.0
118 96 76.0
118 115 50.0
118 131 50.0
118 146 5.0
118 147 39.0
118 161 42.0
118 182 97.0
119 8 70.0
119 34 43.0
119 36 46.0
119 105 82.0
119 115 71.0
119 122 13.0
119 145 65.0
119 164 54.0
119 175 21.0
119 54 11.0
119 56 1.0
119 114 11.0
119 149 46.0
119 195 41.0
119 196 61.0
120 44 6.0
120 55 26.0
120 75 79.0
120 84 54.0
120 88 60.0
120 91 21.0
120 102 25.0
120 158 69.0
120 167 78.0
120 179 33.0
120 189 39.0
121 18 8.0
121 26 32.0
121 38 70.0
121 88 25.0
121 129 67.0
121 143 28.0
122 36 78.0
122 103 73.0
122 112 68.0
122 115 58.0
122 119 84.0
122 134 84.0
122 145 46.0
122 164 9.0
122 175 14.0
122 178 75.0
122 187 6.0
122 45 51.0
122 142 86.0
122 56 46.0
122 126 39.0
122 149 61.0
122 195 37.0
122 196 95.0
123 2 97.0
123 35 56.0
123 97 89.0
123 108 70.0
123 144 99.0
123 166 40.0
123 180 85.0
123 33 13.0
123 90 91.0
123 154 40.0
123 194 50.0
124 37 90.0
124 40 40.0
124 101 9.0
124 110 70.0
124 150 3.0
124 29 90.0
124 75 43.0
124 89 12.0
124 92 43.0
124 102 91.0
124 138 89.0
124 167 56.0
124 172 42.0
124 179 52.0
124 192 2.0
124 199 47.0
125 187 84.0
125 45 53.0
125 2 16.0
125 35 14.0
125 56 73.0
125 97 57.0
125 126 10.0
125 144 57.0
125 149 70.0
125 166 25.0
125 180 44.0
125 195 91.0
125 10 20.0
125 17 90.0
125 31 69.0
125 90 76.0
126 103 50.0
126 112 42.0
126 122 27.0
126 145 7.0
126 187 15.0
126 7 25.0
126 16 65.0
126 45 78.0
126 142 26.0
126 2 78.0
126 35 35.0
126 56 29.0
126 125 15.0
126 180 21.0
126 195 47.0
126 10 8.0
126 17 58.0
126 31 63.0
127 1 1.0
127 42 11.0
127 58 74.0
127 67 73.0
127 84 20.0
127 89 70.0
127 91 23.0
127 140 33.0
127 151 2.0
127 173 4.0
128 32 14.0
128 39 61.0
128 70 56.0
128 72 44.0
128 93 51.0
128 96 19.0
128 106 30.0
128 146 44.0
128 161 29.0
128 169 2.0
128 185 99.0
128 193 18.0
129 4 19.0
129 18 42.0
129 24 89.0
129 38 15.0
129 62 95.0
129 79 86.0
129 83 19.0
129 121 51.0
129 130 51.0
129 139 62.0
129 143 31.0
129 151 98.0
129 154 82.0
129 157 79.0
129 183 20.0
130 4 21.0
130 18 58.0
130 24 97.0
130 33 27.0
130 62 98.0
130 79 69.0
130 83 85.0
130 129 44.0
130 139 98.0
130 154 36.0
130 157 30.0
130 183 27.0
130 194 78.0
131 11 37.0
131 23 25.0
131 43 92.0
131 46 63.0
131 51 82.0
131 76 38.0
131 81 49.0
131 118 48.0
131 134 83.0
131 146 77.0
131 147 65.0
131 160 63.0
131 182 11.0
132 3 43.0
132 19 10.0
132 20 13.0
132 22 68.0
132 48 71.0
132 50 3.0
132 53 62.0
132 59 77.0
132 65 50.0
132 80 91.0
132 86 36.0
132 98 92.0
132 104 36.0
132 117 67.0
132 152 46.0
132 153 35.0
132 162 22.0
132 170 96.0
132 188 4.0
133 5 79.0
133 14 54.0
133 66 4.0
133 74 66.0
133 109 94.0
133 136 19.0
133 148 35.0
133 165 86.0
133 186 1.0
133 190 62.0
133 197 63.0
134 36 54.0
134 43 53.0
134 46 81.0
134 51 56.0
134 76 33.0
134 103 63.0
134 112 94.0
134 122 86.0
134 131 32.0
134 145 6.0
134 160 66.0
134 178 18.0
134 187 45.0
134 142 58.0
135 48 77.0
135 87 70.0
135 104 91.0
135 117 79.0
135 137 32.0
135 153 38.0
135 184 10.0
136 14 33.0
136 66 3.0
136 74 75.0
136 109 41.0
136 133 28.0
136 186 42.0
137 117 95.0
137 135 5.0
137 184 41.0
138 1 57.0
138 29 35.0
138 75 14.0
138 89 86.0
138 92 57.0
138 102 63.0
138 124 84.0
138 167 70.0
138 172 66.0
138 179 89.0
138 192 9.0
138 199 84.0
139 4 95.0
139 18 83.0
139 24 27.0
139 38 74.0
139 62 87.0
139 79 46.0
139 83 99.0
139 129 45.0
139 130 11.0
139 154 31.0
139 157 92.0
139 183 35.0
140 7 73.0
140 16 31.0
140 100 28.0
140 113 41.0
140 1 7.0
140 42 26.0
140 58 18.0
140 67 47.0
140 127 64.0
140 173 6.0
141 26 79.0
141 189 69.0
142 103 83.0
142 112 74.0
142 122 68.0
142 134 95.0
142 145 12.0
142 178 44.0
142 187 96.0
142 7 72.0
142 16 99.0
142 45 62.0
142 100 96.0
142 126 68.0
142 10 9.0
142 17 95.0
143 18 81.0
143 44 17.0
143 55 79.0
143 79 34.0
143 83 93.0
143 88 24.0
143 91 6.0
143 121 94.0
143 129 92.0
143 151 4.0
143 183 6.0
144 2 18.0
144 35 27.0
144 69 10.0
144 85 32.0
144 97 80.0
144 108 39.0
144 125 85.0
144 156 76.0
144 166 89.0
144 180 10.0
144 33 3.0
144 90 31.0
144 123 27.0
145 36 26.0
145 103 86.0
145 112 21.0
145 115 84.0
145 119 35.0
145 122 98.0
145 134 15.0
145 164 24.0
145 175 8.0
145 178 77.0
145 187 95.0
145 45 97.0
145 142 67.0
145 56 7.0
145 126 61.0
145 149 37.0
145 195 39.0
145 196 45.0
145 10 8.0
146 9 34.0
146 23 89.0
146 39 92.0
146 51 36.0
146 52 41.0
146 70 53.0
146 93 49.0
146 96 43.0
146 106 95.0
146 118 39.0
146 128 92.0
146 131 95.0
146 147 19.0
146 161 87.0
146 169 59.0
146 182 85.0
146 185 20.0
147 8 75.0
147 9 96.0
147 11 13.0
147 23 50.0
147 34 43.0
147 51 28.0
147 52 66.0
147 76 8.0
147 96 70.0
147 115 57.0
147 118 23.0
147 131 42.0
147 146 58.0
147 161 22.0
147 182 70.0
148 5 6.0
148 14 18.0
148 57 80.0
148 64 94.0
148 78 77.0
148 94 8.0
148 109 29.0
148 111 90.0
148 133 20.0
148 165 92.0
148 168 14.0
148 186 60.0
148 190 84.0
148 197 84.0
149 36 23.0
149 105 12.0
149 119 90.0
149 122 12.0
149 145 24.0
149 164 65.0
149 175 48.0
149 2 12.0
149 54 24.0
149 56 62.0
149 60 54.0
149 61 75.0
149 125 32.0
149 195 27.0
149 196 8.0
149 200 88.0
150 37 18.0
150 40 65.0
150 41 56.0
150 101 96.0
150 110 60.0
150 163 1.0
150 124 37.0
150 172 85.0
150 192 10.0
150 199 70.0
151 18 11.0
151 44 40.0
151 55 92.0
151 79 4.0
151 83 83.0
151 84 18.0
151 91 18.0
151 127 64.0
151 129 9.0
151 143 33.0
151 183 62.0
152 3 37.0
152 19 7.0
152 22 79.0
152 25 42.0
152 27 77.0
152 30 20.0
152 50 12.0
152 59 14.0
152 80 16.0
152 86 62.0
152 98 17.0
152 132 65.0
152 162 37.0
152 170 51.0
152 171 31.0
152 181 14.0
153 20 85.0
153 21 2.0
153 48 66.0
153 65 61.0
153 71 36.0
153 80 44.0
153 86 37.0
153 87 87.0
153 104 1.0
153 117 99.0
153 132 87.0
153 135 30.0
153 184 17.0
153 188 37.0
154 4 79.0
154 24 27.0
154 33 69.0
154 62 27.0
154 79 69.0
154 83 74.0
154 123 1.0
154 129 4.0
154 130 32.0
154 139 83.0
154 157 14.0
154 183 13.0
154 194 89.0
155 185 92.0
156 13 90.0
156 60 68.0
156 61 21.0
156 69 47.0
156 85 99.0
156 97 90.0
156 107 49.0
156 108 47.0
156 144 35.0
156 159 50.0
156 190 3.0
157 4 73.0
157 18 7.0
157 24 6.0
157 38 25.0
157 62 47.0
157 79 51.0
157 83 70.0
157 129 31.0
157 130 3.0
157 139 75.0
157 154 28.0
157 183 97.0
158 44 40.0
158 55 17.0
158 75 56.0
158 120 97.0
158 167 11.0
158 189 39.0
159 13 15.0
159 60 61.0
159 61 93.0
159 69 89.0
159 85 1.0
159 97 51.0
159 108 42.0
159 156 25.0
159 190 85.0
159 200 6.0
160 43 52.0
160 46 23.0
160 49 67.0
160 76 23.0
160 81 44.0
160 131 79.0
160 134 36.0
160 178 47.0
160 12 47.0
160 28 76.0
160 95 52.0
161 9 11.0
161 11 10.0
161 15 65.0
161 23 91.0
161 51 35.0
161 52 25.0
161 70 33.0
161 93 52.0
161 96 98.0
161 106 73.0
161 118 26.0
161 128 63.0
161 146 59.0
161 147 31.0
161 169 95.0
161 182 77.0
162 3 16.0
162 12 25.0
162 19 11.0
162 20 82.0
162 22 53.0
162 25 34.0
162 48 98.0
162 50 27.0
162 53 75.0
162 59 47.0
162 65 19.0
162 80 5.0
162 86 40.0
162 98 2.0
162 116 68.0
162 132 10.0
162 152 22.0
162 170 86.0
162 171 92.0
162 188 23.0
163 27 90.0
163 37 53.0
163 40 32.0
163 41 78.0
163 82 90.0
163 101 3.0
163 110 79.0
163 150 21.0
163 177 77.0
163 191 48.0
164 34 22.0
164 36 13.0
164 105 67.0
164 115 75.0
164 119 33.0
164 122 69.0
164 145 50.0
164 175 3.0
164 187 68.0
164 54 54.0
164 56 85.0
164 114 40.0
164 149 32.0
164 195 33.0
164 196 63.0
165 5 18.0
165 13 49.0
165 14 13.0
165 57 5.0
165 64 4.0
165 66 28.0
165 78 41.0
165 94 32.0
165 109 72.0
165 111 42.0
165 133 56.0
165 148 61.0
165 168 51.0
165 190 58.0
165 197 57.0
166 2 96.0
166 35 26.0
166 69 17.0
166 85 77.0
166 97 81.0
166 108 43.0
166 125 82.0
166 144 27.0
166 180 26.0
166 33 24.0
166 90 36.0
166 123 99.0
166 194 1.0
167 29 69.0
167 44 28.0
167 55 8.0
167 75 77.0
167 84 91.0
167 89 70.0
167 92 60.0
167 102 22.0
167 120 5.0
167 124 56.0
167 138 96.0
167 158 12.0
167 172 72.0
167 179 46.0
167 192 79.0
167 199 19.0
168 5 86.0
168 57 73.0
168 60 22.0
168 64 25.0
168 77 50.0
168 78 71.0
168 94 2.0
168 109 58.0
168 111 4.0
168 148 67.0
168 165 56.0
168 190 26.0
168 197 46.0
168 200 17.0
169 9 92.0
169 32 92.0
169 39 78.0
169 52 31.0
169 70 63.0
169 72 3.0
169 93 95.0
169 96 42.0
169 106 93.0
169 128 65.0
169 146 66.0
169 161 98.0
169 193 3.0
170 3 37.0
170 19 24.0
170 20 99.0
170 22 81.0
170 25 9.0
170 27 10.0
170 50 23.0
170 53 39.0
170 59 65.0
170 65 6.0
170 80 48.0
170 86 96.0
170 98 41.0
170 104 30.0
170 132 59.0
170 152 28.0
170 162 89.0
170 171 55.0
170 181 71.0
170 188 22.0
170 191 90.0
171 3 38.0
171 7 23.0
171 12 93.0
171 16 1.0
171 22 86.0
171 25 73.0
171 30 29.0
171 50 92.0
171 53 84.0
171 59 61.0
171 95 9.0
171 98 54.0
171 100 48.0
171 116 85.0
171 152 32.0
171 162 52.0
171 170 1.0
172 150 42.0
172 29 27.0
172 75 11.0
172 89 6.0
172 92 42.0
172 102 1.0
172 124 64.0
172 138 97.0
172 167 43.0
172 179 61.0
172 192 46.0
172 199 51.0
173 113 75.0
173 1 38.0
173 29 25.0
173 42 5.0
173 58 11.0
173 67 81.0
173 84 76.0
173 89 43.0
173 92 39.0
173 102 22.0
173 127 80.0
173 140 90.0
173 192 9.0
174 49 80.0
174 81 57.0
174 12 1.0
174 21 91.0
174 28 50.0
174 71 11.0
174 73 87.0
175 11 82.0
175 34 48.0
175 36 62.0
175 105 32.0
175 115 62.0
175 119 57.0
175 122 23.0
175 145 2.0
175 164 11.0
175 187 27.0
175 54 42.0
175 56 53.0
175 149 1.0
175 195 90.0
175 196 11.0
176 6 98.0
176 68 19.0
176 69 55.0
176 85 11.0
176 107 20.0
176 108 82.0
176 24 52.0
177 19 17.0
177 27 86.0
177 37 59.0
177 40 21.0
177 41 29.0
177 82 93.0
177 101 7.0
177 163 47.0
177 191 78.0
178 43 37.0
178 46 17.0
178 103 71.0
178 112 70.0
178 122 12.0
178 134 37.0
178 145 9.0
178 160 69.0
178 187 15.0
178 7 66.0
178 16 70.0
178 100 86.0
178 142 27.0
179 29 37.0
179 75 72.0
179 89 50.0
179 102 14.0
179 120 2.0
179 124 78.0
179 138 17.0
179 167 38.0
179 172 26.0
179 192 33.0
179 199 1.0
180 2 7.0
180 35 13.0
180 97 7.0
180 125 3.0
180 126 35.0
180 144 51.0
180 166 97.0
180 17 95.0
180 31 75.0
180 33 68.0
180 90 75.0
180 123 6.0
181 3 10.0
181 19 46.0
181 22 24.0
181 25 34.0
181 27 58.0
181 37 62.0
181 101 64.0
181 110 31.0
181 152 35.0
181 170 22.0
181 199 8.0
182 9 54.0
182 11 46.0
182 23 89.0
182 51 49.0
182 52 19.0
182 70 90.0
182 76 22.0
182 93 49.0
182 96 80.0
182 115 10.0
182 118 89.0
182 131 54.0
182 146 46.0
182 147 89.0
182 161 26.0
183 4 26.0
183 18 86.0
183 24 33.0
183 33 66.0
183 38 65.0
183 62 47.0
183 79 55.0
183 83 80.0
183 129 46.0
183 130 75.0
183 139 3.0
183 143 59.0
183 151 87.0
183 154 63.0
183 157 22.0
183 194 12.0
184 48 54.0
184 65 5.0
184 104 52.0
184 117 52.0
184 135 38.0
184 137 58.0
184 153 77.0
185 93 20.0
185 106 18.0
185 128 14.0
185 146 84.0
185 155 14.0
186 5 3.0
186 74 73.0
186 94 78.0
186 109 85.0
186 133 27.0
186 136 29.0
186 148 13.0
187 36 20.0
187 103 17.0
187 112 6.0
187 122 86.0
187 134 22.0
187 145 61.0
187 164 44.0
187 175 92.0
187 178 16.0
187 45 26.0
187 142 35.0
187 56 10.0
187 125 63.0
187 126 29.0
187 195 21.0
187 196 29.0
187 10 92.0
187 17 46.0
187 31 25.0
188 3 65.0
188 19 61.0
188 20 74.0
188 48 47.0
188 50 93.0
188 65 2.0
188 80 39.0
188 86 85.0
188 87 85.0
188 104 44.0
188 117 9.0
188 132 39.0
188 153 83.0
188 162 28.0
188 170 50.0
188 191 65.0
189 44 20.0
189 55 52.0
189 88 6.0
189 120 84.0
189 141 98.0
189 158 90.0
190 5 94.0
190 13 11.0
190 14 32.0
190 57 52.0
190 60 70.0
190 61 70.0
190 64 22.0
190 77 61.0
190 78 85.0
190 111 13.0
190 133 75.0
190 148 99.0
190 156 83.0
190 159 29.0
190 165 33.0
190 168 92.0
190 197 25.0
190 200 29.0
191 19 5.0
191 27 97.0
191 37 58.0
191 41 90.0
191 82 98.0
191 86 4.0
191 101 22.0
191 104 49.0
191 163 54.0
191 170 82.0
191 177 81.0
191 188 56.0
192 110 89.0
192 150 85.0
192 1 96.0
192 29 40.0
192 75 83.0
192 89 9.0
192 92 14.0
192 102 93.0
192 124 53.0
192 138 99.0
192 167 88.0
192 172 98.0
192 173 86.0
192 179 44.0
192 199 72.0
193 32 37.0
193 39 22.0
193 70 89.0
193 72 70.0
193 106 82.0
193 128 3.0
193 169 78.0
194 166 34.0
194 4 53.0
194 24 39.0
194 33 33.0
194 79 48.0
194 83 14.0
194 90 86.0
194 123 13.0
194 130 10.0
194 154 75.0
194 183 36.0
195 36 1.0
195 119 96.0
195 122 60.0
195 145 1.0
195 164 84.0
195 175 95.0
195 187 54.0
195 2 81.0
195 56 5.0
195 125 41.0
195 126 49.0
195 149 73.0
195 196 31.0
196 34 98.0
196 36 47.0
196 105 13.0
196 115 36.0
196 119 19.0
196 122 72.0
196 145 11.0
196 164 26.0
196 175 84.0
196 187 55.0
196 54 86.0
196 56 48.0
196 149 50.0
196 195 69.0
197 5 59.0
197 13 14.0
197 14 2.0
197 57 91.0
197 64 31.0
197 66 23.0
197 78 20.0
197 94 18.0
197 109 64.0
197 111 33.0
197 133 85.0
197 148 20.0
197 165 82.0
197 168 21.0
197 190 41.0
198 8 52.0
198 47 67.0
198 63 16.0
198 114 29.0
199 110 6.0
199 150 28.0
199 181 13.0
199 1 61.0
199 29 3.0
199 75 40.0
199 89 90.0
199 92 87.0
199 102 78.0
199 124 12.0
199 138 36.0
199 167 22.0
199 172 21.0
199 179 35.0
199 192 32.0
200 13 59.0
200 54 80.0
200 57 46.0
200 60 34.0
200 61 81.0
200 64 19.0
200 77 25.0
200 78 34.0
200 111 39.0
200 114 62.0
200 149 52.0
200 159 61.0
200 168 78.0
200 190 71.0
