3 783
4 700
5 248
6 83
8 413
11 794
12 793
13 343
15 497
17 352
16 816
19 974
21 338
23 76
22 41
25 23
24 641
27 151
29 456
34 278
33 631
38 850
39 455
36 86
37 546
43 183
40 72
46 448
47 598
51 549
50 801
48 600
54 993
59 569
57 901
56 49
63 303
69 614
65 383
66 253
76 284
77 610
79 889
73 570
74 640
84 956
86 50
92 580
95 588
94 77
89 222
91 387
90 563
103 890
100 784
101 969
97 715
110 371
111 227
109 138
106 219
104 99
119 710
117 480
115 198
113 221
112 165
125 290
124 774
123 887
120 556
137 865
141 396
129 654
128 351
131 911
133 804
135 454
152 564
153 188
154 901
156 275
157 154
159 606
144 653
146 697
148 867
151 476
170 228
161 12
165 653
187 191
184 319
185 941
191 566
188 150
189 405
178 538
179 109
182 796
181 958
205 257
206 742
201 280
200 975
203 136
202 933
196 665
222 865
216 676
213 292
214 572
210 586
239 837
236 503
233 220
231 931
230 746
227 221
254 740
255 256
248 302
247 905
245 315
242 383
243 518
240 46
274 957
272 288
277 421
283 401
281 338
286 459
284 983
258 256
259 150
256 158
257 974
262 993
261 53
266 781
264 828
265 413
271 264
268 908
269 774
304 787
306 815
309 953
308 161
310 376
313 69
315 444
318 421
288 188
289 563
293 8
297 866
298 209
299 674
301 643
302 914
303 437
343 665
342 337
337 53
336 118
349 502
347 591
346 899
344 509
326 877
325 171
322 458
334 475
373 123
374 449
368 724
371 0
370 725
381 729
383 747
377 546
376 34
379 972
378 356
358 338
359 425
352 84
353 126
354 507
365 113
366 899
367 469
360 436
361 483
362 788
408 544
412 797
403 629
407 166
394 187
398 566
397 798
389 327
388 921
440 858
443 90
444 845
445 161
446 106
447 945
433 672
435 716
436 143
439 568
425 323
426 817
429 255
428 451
430 273
416 421
419 329
418 477
421 380
420 690
423 499
478 174
476 104
477 811
475 0
470 119
468 846
467 793
464 192
465 797
463 325
461 141
458 263
456 8
455 363
452 843
450 471
508 47
510 970
511 623
504 649
505 562
506 381
500 110
501 903
497 596
499 489
493 948
495 13
494 515
489 761
491 861
490 630
484 180
487 161
480 858
483 99
551 728
547 380
545 611
559 918
555 525
552 921
566 531
565 469
563 682
561 824
560 812
574 929
573 964
571 459
568 40
516 814
517 110
512 511
514 169
526 701
520 800
521 274
522 190
535 629
534 646
528 966
542 250
538 961
611 595
609 411
616 74
622 307
620 619
621 908
626 667
625 109
628 906
634 735
632 262
638 64
636 172
576 576
577 633
578 622
580 482
582 151
584 100
585 505
586 909
587 445
588 316
589 487
591 539
593 342
598 639
601 405
600 59
603 864
602 605
605 760
604 478
606 123
686 735
685 482
684 628
683 584
682 726
679 473
677 752
675 275
674 291
673 556
701 858
694 237
692 727
690 871
691 967
688 498
689 534
653 927
652 134
654 210
649 52
651 863
650 305
641 555
643 700
642 863
668 78
670 683
665 721
662 822
656 442
658 587
659 395
746 638
745 361
744 215
748 257
739 358
738 556
736 306
742 141
762 934
761 95
766 318
764 800
753 419
756 309
713 553
715 402
717 978
708 571
710 163
728 470
733 641
735 119
723 12
725 336
726 545
790 683
789 466
788 260
784 112
797 545
796 984
793 292
775 131
772 604
770 251
768 558
769 864
783 240
780 294
779 680
776 481
777 696
