20.037786155504644 3.858231358684683 0.0
13.688471500803923 54.78472424410894 0.0
183.31632378163994 117.75534738165206 0.0
96.89474932915296 127.68561461081251 0.0
165.79444257994214 143.38707971963873 0.0
181.5790983893346 85.81582955218383 0.0
10.322706807801385 15.189302101743984 0.0
64.82111534349757 140.02819643869606 0.0
150.8738543860163 67.17518992596443 0.0
10.555503270557697 172.78113957965695 0.0
37.49333015463685 113.60859473439304 0.0
31.658099574717546 84.88388813309162 0.0
99.72275662587755 160.05865873989512 0.0
137.93707748214663 79.57172602957392 0.0
94.62062209704382 66.00868880960327 0.0
76.32940740921232 73.5413943460711 0.0
3.6684864633936165 187.41902063883046 0.0
48.39164961894005 197.42840461075497 0.0
92.26512547874725 116.1200314032703 0.0
80.21327189948326 2.3094498656267115 0.0
126.17506381560015 102.63813045874015 0.0
141.16972794234857 124.16476493623283 0.0
51.21199634507381 0.034049473249675444 0.0
160.47161883870166 174.83680380675912 0.0
85.60170433328476 198.55936374906892 0.0
174.25522773650323 125.87315802900758 0.0
148.88308972300283 34.413658063447606 0.0
150.99893277805427 30.743247626118574 0.0
56.87004323081661 150.61145777334093 0.0
189.3389533668256 191.26982597478332 0.0
149.11088460904506 63.94444573035396 0.0
159.896942123232 15.717916575875424 0.0
183.44628067505124 149.2511559021804 0.0
71.52109958129319 38.83542755175029 0.0
31.680423484520382 190.68287018450042 0.0
82.381450807741 78.24111581918167 0.0
141.04453469400252 169.38098578352836 0.0
147.64899263624844 86.90726507648307 0.0
88.04562123679788 57.957678675095245 0.0
198.0275762404325 128.08596787812527 0.0
44.45762870638879 74.39835340828094 0.0
77.1963372771411 46.879375398935544 0.0
199.62610539502427 111.48074454928583 0.0
31.25958840459695 41.7560506801522 0.0
138.92156536007474 102.53227004508392 0.0
139.59022740895495 49.66681263734427 0.0
65.09088444437516 110.32371183811946 0.0
103.99161725659872 50.01536310699362 0.0
167.4199569938832 133.1238926723937 0.0
71.89214327334155 65.5903109179958 0.0
193.03509702443924 10.41654840356998 0.0
59.32552909964151 192.6668007231177 0.0
155.33461821719877 180.5071904111903 0.0
60.73923022011493 27.83766514148205 0.0
126.45604787868572 193.22433542370686 0.0
85.21214520332549 175.73539961158926 0.0
3.84864605613382 13.145933977730007 0.0
142.45204165699445 119.6579390642448 0.0
15.43482061352821 62.25855319280038 0.0
16.98209887423767 16.21267553562078 0.0
133.50813802638277 45.68329234751738 0.0
115.21506957745609 135.44490279202682 0.0
104.42973422869703 80.07905541287165 0.0
147.65259216508758 109.51817181243383 0.0
69.34890189374082 101.56030070510904 0.0
117.23627356278587 75.86585218739808 0.0
150.58782469895547 168.44305304824232 0.0
24.916242629385476 4.834607192707674 0.0
108.99431791322618 93.85937807268505 0.0
74.79184672157663 187.19208562810425 0.0
39.480673703168875 44.25726862715449 0.0
163.71835730509716 23.472768424673053 0.0
65.13065515371804 122.02923468792196 0.0
74.06249949821957 104.98730833757965 0.0
114.67077621157502 113.98964315677607 0.0
53.32877814067278 105.42246280020524 0.0
123.76609657636448 132.1473519944517 0.0
160.66750428398004 12.310154787753035 0.0
187.51476157668372 199.19666563857928 0.0
87.81466733932241 119.24573049627116 0.0
109.67967761612488 138.37632912184122 0.0
120.80271172675157 172.58719625303547 0.0
43.60964046714475 15.822765464935774 0.0
98.82036938435503 120.4686215782717 0.0
100.46643614806861 53.27031895151158 0.0
47.88886362946416 47.31253311853649 0.0
112.28840272082492 179.92787791705163 0.0
19.56068692901529 93.62772108735675 0.0
180.5850039197685 24.58778655077094 0.0
148.6363939617309 58.730328590584314 0.0
15.5711488872462 162.49948446428647 0.0
58.933771388627875 163.12776731138922 0.0
176.81385537502436 26.266927810321185 0.0
92.43294303692942 107.65652199339513 0.0
162.97807904550945 66.00540348786934 0.0
14.659883462096989 108.06647662617799 0.0
66.52255570896392 101.2198633482392 0.0
57.95996562404928 6.595909916846532 0.0
8.610499316113994 145.34351839011387 0.0
4.352306376957715 66.18297514095255 0.0
0.16416000476342507 103.60197978846352 0.0
80.94449264361229 38.3109213160506 0.0
36.90619498477172 45.84475894528137 0.0
143.4266238716592 162.08597884690556 0.0
129.39504419727425 38.21259755178006 0.0
156.952461489668 99.99830015965576 0.0
193.47532022581288 180.98553328400683 0.0
148.75461441683746 44.918013724299264 0.0
82.22848809691934 144.68325233071903 0.0
3.129780425415407 143.2299159293287 0.0
127.42314589270191 122.46588613430096 0.0
96.96905564564535 170.61192330520635 0.0
176.62811091509553 124.10979173809893 0.0
32.797415434583385 69.81402434582196 0.0
61.56584963593097 125.30965372673364 0.0
16.325623439670967 113.89591193401402 0.0
113.94757936222517 155.78461155353216 0.0
146.80667838716576 93.73317627233683 0.0
156.94564362220987 160.64280306996045 0.0
41.02820497248669 45.20338165357474 0.0
143.6227111114352 1.6852107058863641 0.0
195.56108983826218 29.315015214200525 0.0
88.05143156580102 78.8062721977978 0.0
106.92380270677965 157.64377370622887 0.0
140.52227896006582 146.37534918288137 0.0
15.610925283163457 15.792264183579485 0.0
195.1513186581237 175.45953038644612 0.0
17.473350137221423 79.19074857350546 0.0
86.36376514185726 169.97506698196963 0.0
194.72684351940626 38.40811403604163 0.0
30.1431795175219 83.33107808551972 0.0
158.90463564653777 155.24384252803617 0.0
96.60030406679097 1.8557871989192787 0.0
169.35869252789092 56.223252952928384 0.0
162.32952578893344 162.27222924112004 0.0
193.45361503380084 136.71994803253364 0.0
184.18505251062115 152.71675093743508 0.0
108.3858602313486 196.78083411296817 0.0
160.5229604717405 10.270310817992234 0.0
109.60035527600415 58.8308140738981 0.0
1.6192776851373214 72.69910399378378 0.0
87.06538028119289 127.78559291488587 0.0
117.88843527356643 168.07762368911852 0.0
58.20584388834333 145.70284373184577 0.0
52.69035303736167 33.193774221282645 0.0
105.08402463047514 165.95335267991143 0.0
135.92858465725283 140.11233695269007 0.0
53.45594369716606 25.99540444163275 0.0
115.30598052092805 179.99946697919847 0.0
152.62066307943647 133.18724195465091 0.0
34.018366289827014 104.2876523942313 0.0
67.51871696020075 194.6739535822414 0.0
66.83083067796261 55.48701740869546 0.0
178.3251200612589 20.236762505443107 0.0
0.8952681496497084 133.42540370323746 0.0
97.82136139512505 106.09416653739703 0.0
153.33187606134575 137.42633306306385 0.0
63.11979842369673 167.99605645663948 0.0
154.51135521391933 0.9103839487314858 0.0
35.85309082956019 133.5533743311303 0.0
194.13868533159703 192.13218202614516 0.0
153.730263221287 126.59757275869079 0.0
26.65333998680106 93.24167768181064 0.0
16.400031670198324 80.46554119862049 0.0
63.12487756234076 89.58507941769551 0.0
159.85115809183225 2.457399482092004 0.0
38.7370049246539 2.137164509718281 0.0
176.1186303268063 178.31598637602258 0.0
38.11705028219361 178.18351996902211 0.0
68.85354739407504 153.42848149457865 0.0
85.18218039013298 18.847540544968954 0.0
0.3535757335874523 156.55219222872273 0.0
59.83736737598719 166.7838289391436 0.0
181.94004624944395 142.21803025076062 0.0
190.7745361561828 3.336035004875315 0.0
87.10666802865126 19.566865748821762 0.0
191.78611888305048 111.68381199958492 0.0
25.653982166519196 108.22534078123913 0.0
58.42044820622723 150.98010429001147 0.0
7.062799956730492 15.929546367459423 0.0
22.470452226509895 156.20655831444324 0.0
142.6487432649563 167.95622873307687 0.0
173.70115265797276 29.451374694277078 0.0
188.57930175184455 135.02300012846885 0.0
1.38554965842963 120.54056403279019 0.0
15.623683437386715 104.17044112946586 0.0
182.63252157282014 108.43000729662013 0.0
6.54493676445389 116.24063505444533 0.0
150.1545006285815 89.492439522965 0.0
28.332782679401202 53.91816578361273 0.0
109.03659350214639 54.809838143468895 0.0
104.01476431713459 5.901220965086251 0.0
40.23310362853141 195.80850018615695 0.0
17.57227050347727 155.6219975050338 0.0
27.931215884194938 116.05044492018975 0.0
25.52713172134309 147.0371381480737 0.0
178.58589241243232 46.72142818291027 0.0
20.053537326827374 165.36053520711172 0.0
61.34397237597051 164.33247682934365 0.0
91.00904323173893 137.2123919487565 0.0
192.7395421700556 91.37828255820854 0.0
68.06754919960945 102.50990397911286 0.0
12.956712000741199 24.17244208742535 0.0
89.17616936075167 139.5266996352901 0.0
56.620044430766356 76.80612407492514 0.0
137.84699092569636 34.8994373262782 0.0
7.986860646125304 156.1531869398466 0.0
19.33372495835013 181.96183445142674 0.0
48.57976008037539 190.0714651860721 0.0
4.532440859297182 163.6377436057293 0.0
154.7118034811589 19.42640812734211 0.0
160.48447202911964 130.22650788164012 0.0
183.02069009574095 134.28985168876898 0.0
7.64879199881372 17.765488719349797 0.0
94.04260972440512 85.643326905316 0.0
196.65011890497303 69.25604805646731 0.0
107.02019109822649 36.141734336299876 0.0
180.99815262576783 18.89102223383641 0.0
153.5533063751143 126.96989188128131 0.0
177.31232555200103 78.52309720822292 0.0
103.36536953264333 132.55101294710207 0.0
50.875558829356436 125.96521922221469 0.0
72.3719470075221 50.84265516318713 0.0
141.87961196176198 36.31561739740743 0.0
91.40243372684809 34.182362113222986 0.0
56.51360550459916 120.35169032898807 0.0
113.3397939990042 4.121651830883688 0.0
87.08637195493623 138.13841102868656 0.0
167.10722124734713 13.413689754649983 0.0
196.66242502218392 141.34868615961557 0.0
28.84478429625141 119.29647937758348 0.0
6.230287857528349 64.39442898548681 0.0
73.78316441480027 14.439940440062182 0.0
156.211094826001 132.3188797889248 0.0
196.7355538768174 125.40189074229183 0.0
179.15434986765936 182.50212207591625 0.0
44.792978450000966 133.16447998146765 0.0
16.75683908147756 107.58334901880811 0.0
92.72231170960823 96.2990633073943 0.0
141.87977706324784 18.60507732661636 0.0
109.7302561380718 164.53434325873232 0.0
105.02823229057397 0.23591982806581147 0.0
115.67076237574365 58.97884407132887 0.0
14.796066220363603 84.03019034690628 0.0
5.437266892496728 64.97558625181297 0.0
183.06861651459283 101.03421201625447 0.0
32.19533090045661 34.5432779117941 0.0
118.3143834361672 191.65060188878022 0.0
83.27519924102577 27.584954201242763 0.0
34.086099563087366 148.52357381637816 0.0
156.9579798545437 134.5215150035131 0.0
54.89064542562365 47.30969601871842 0.0
54.05309544124148 117.73418585083569 0.0
147.8762250906143 180.55018240328727 0.0
35.07882608243422 185.17652500540967 0.0
86.32442650974956 151.46237461582828 0.0
62.02171873793893 66.74313440072032 0.0
59.723701331127124 107.31955220691951 0.0
43.064821783415596 2.4587334527264026 0.0
85.24001581284078 96.18987431983687 0.0
29.338627302083164 71.27800277292751 0.0
146.68934944721317 16.15671156597005 0.0
174.66278627923776 90.2628902497676 0.0
189.65586648468346 192.74433021263872 0.0
62.410675991985286 96.13093193217036 0.0
135.18860010944076 68.12426727938397 0.0
128.04293845569285 184.6444362005245 0.0
139.54863778555838 14.77944921446801 0.0
161.52021252588136 28.03716386812003 0.0
23.767685871975708 96.65466080462515 0.0
60.71931306894034 116.65154485253173 0.0
124.3181597668919 92.42338571969009 0.0
125.1412175187614 78.18607907657591 0.0
174.98387733124258 68.35281628860548 0.0
28.61320345359397 116.42919350806284 0.0
20.059496053389903 42.35020778525544 0.0
190.35163560112272 81.08230183362748 0.0
180.2959776890151 16.125437986628643 0.0
175.66592590648904 131.25140640534337 0.0
145.5483823054437 69.00613133342969 0.0
0.7481545230759501 187.4131835310196 0.0
151.87128512591258 104.79325411278005 0.0
190.4071689825521 180.1379956116834 0.0
115.84633060658518 22.14678402197279 0.0
143.2696600899682 98.57887077786339 0.0
145.2153434049309 139.34237079980193 0.0
195.88514400053768 17.71204246898701 0.0
22.43156857630386 45.84177012069646 0.0
145.33562830329998 40.54121936307236 0.0
66.5306737197075 75.97108834618125 0.0
89.3647955247054 29.954294631813873 0.0
18.76213474544144 104.10274589350894 0.0
73.70575854902273 124.64779207610476 0.0
68.71079181587187 146.08833299767693 0.0
198.20033729403391 134.51084819831968 0.0
40.177342207844106 118.29131705801102 0.0
126.46697062619427 193.0872387332948 0.0
89.8756721077425 53.42002514857531 0.0
168.28837087492937 108.21027060274098 0.0
37.04387695119144 101.46291268745647 0.0
59.554163335394406 96.63224723352117 0.0
38.35503881464333 154.37961320582238 0.0
51.50778247356709 14.446439892436214 0.0
150.0527652324245 124.80302312306237 0.0
139.2108738111556 2.3263446189867976 0.0
178.02560262573397 181.85898522284543 0.0
8.552736278584504 53.08337675755388 0.0
106.57349279196858 1.311901127186732 0.0
161.79612653933415 178.77080998054774 0.0
117.9085677833299 122.59606652236621 0.0
93.56499404293552 5.5382987427399 0.0
166.9714670588065 21.89407957268743 0.0
132.3437647256369 156.66791410837175 0.0
59.93366071394151 108.27532882606418 0.0
36.971749635521746 97.69911787465853 0.0
199.79513047257146 129.00894944024387 0.0
43.280420335894476 12.27677603957118 0.0
8.775896318531462 30.517455035398356 0.0
192.93533195104823 153.33270799228714 0.0
114.73897120901142 163.03855323351166 0.0
44.70846464812808 171.43806183440333 0.0
97.6713434820324 39.91439561225884 0.0
67.82096043837151 160.64009297830108 0.0
132.28862171582185 66.52898808561905 0.0
147.66012990967133 181.82376357861858 0.0
34.11815508745608 139.26611285782153 0.0
96.08879785731051 24.614898569786558 0.0
18.95435542019044 181.46156025583127 0.0
51.72907092370447 151.0683658999363 0.0
119.3691077033586 131.1752237063024 0.0
180.0165962828967 127.86125917973297 0.0
66.99922416911565 24.70995266955636 0.0
138.4856420950814 198.4375620003068 0.0
145.6218730166258 30.155797098849945 0.0
159.65913775366727 172.52744939185257 0.0
47.568064807456366 176.83972750456894 0.0
122.0820917045812 117.6908488436806 0.0
124.8133093927105 99.41256870833621 0.0
29.450752171932358 26.01148669447546 0.0
16.1236159646573 169.4063286190782 0.0
98.45394745134843 98.79421565500802 0.0
52.924020967259565 122.44682162970446 0.0
167.8571570659875 143.0949557445584 0.0
99.096052431263 105.90787751231004 0.0
184.52386208787985 6.139170433571439 0.0
163.69937579371557 169.64515259326654 0.0
96.48284370767357 187.16132307929684 0.0
40.652117101403505 1.5489976486871004 0.0
188.81412911232795 160.92437973113385 0.0
175.69332432814554 170.00743937083305 0.0
135.04031230978424 123.15493743208246 0.0
138.49013551062274 76.97195338569647 0.0
4.874159694221003 25.356129145103303 0.0
86.54121424623035 48.17016485707675 0.0
168.58732566242705 104.9370426848245 0.0
47.56718682254848 91.1112742615352 0.0
68.92914122918323 36.32391703009987 0.0
118.36781025333293 36.88145968961154 0.0
193.43853310666933 129.69498818256383 0.0
180.66460453506585 48.328220918081264 0.0
73.15612250515456 86.20736354615066 0.0
68.23690114709302 25.08401143960699 0.0
158.1576267539951 82.06092320926328 0.0
84.69815973564756 64.98123510307387 0.0
175.99382485184796 198.4707400963188 0.0
167.54858507429415 51.76214114166011 0.0
66.03631181444653 40.59619760360582 0.0
21.679077824760796 30.588710655541007 0.0
0.8923691216480734 195.70133256443043 0.0
4.290604810636922 105.70931589414951 0.0
155.46637364138132 169.29776574449718 0.0
33.23222216549513 148.74028305265466 0.0
164.9091895614818 7.747906152802919 0.0
112.04991788248006 41.372295480781986 0.0
24.611023517939955 166.7827875728984 0.0
17.577626870769116 92.9129043865941 0.0
128.55740638025202 117.61552248354114 0.0
79.69076160047473 70.92818621490464 0.0
16.781837085592866 95.8077074884067 0.0
197.8816630124281 162.34795946412626 0.0
8.312896778926127 92.77295739179516 0.0
85.60550660262973 142.75068489391134 0.0
32.92750767299599 65.77805396104344 0.0
10.884123281603731 73.14566158527703 0.0
43.186269192645234 199.5289387821083 0.0
10.444477020346854 166.42169516823367 0.0
187.64064348890676 90.90522728562142 0.0
94.7073529224546 69.73299412461564 0.0
56.76606842879721 148.13353195240282 0.0
132.23104725624117 94.4446364651479 0.0
175.08890693331068 96.6664870267121 0.0
104.75385949015426 91.86142604071337 0.0
106.13940601960579 66.26081278057781 0.0
57.76823074018853 120.81564416316559 0.0
61.27671455969734 97.22444085425606 0.0
136.59846816048577 182.290654026253 0.0
159.09627641795413 48.52919641140212 0.0
194.24302743904784 106.60893198340726 0.0
69.04373484787621 16.46220906493361 0.0
184.78140894830864 170.3146605191117 0.0
91.02382637068483 79.71557226948948 0.0
114.9347797591708 192.73256744779098 0.0
172.2064902371209 75.29063056433296 0.0
116.4085024000377 116.28627323166818 0.0
142.89681574635273 179.31955194127772 0.0
22.933772324708034 10.01091795939033 0.0
165.24921862264623 117.88361456957426 0.0
88.46473624008426 52.29653180993403 0.0
31.770496918537706 65.1340686686503 0.0
166.77634464233464 146.74998110189063 0.0
124.97036782043256 99.4980350998659 0.0
187.74747851255293 4.165081552431205 0.0
155.18222995784768 83.4785619814327 0.0
111.90275064528703 183.94189992686495 0.0
30.490861812123438 8.534291886161105 0.0
122.32555562315217 129.89785658704756 0.0
180.86798175756482 3.7510353852329814 0.0
21.84402369652163 58.26487533568334 0.0
158.0304303186252 145.49388261332683 0.0
43.430460194120776 59.768276906141104 0.0
163.2000695594331 124.9551684777952 0.0
153.04410935609397 163.03474801257002 0.0
116.85829697632717 131.4901682405214 0.0
26.68594842956713 173.1782767924214 0.0
177.75232531674547 191.85882952486435 0.0
17.223469358271657 47.26447840689918 0.0
42.824376103538995 68.96865098121931 0.0
191.58226061158507 197.45532198065303 0.0
115.39892662228881 68.4401326158274 0.0
115.19048317847313 22.98780169159318 0.0
115.87734336652224 127.29293029730218 0.0
88.10121995419438 163.74172861736142 0.0
127.3532151795677 166.27738692024587 0.0
196.00681636287524 41.00326682420352 0.0
17.97573480306074 75.8526430776089 0.0
29.398447905818802 5.132523319972582 0.0
62.552672548942944 75.53911345798305 0.0
45.41305368857507 45.19497389044174 0.0
197.79836053679222 137.34966809430574 0.0
99.44900030118092 132.21809332257385 0.0
88.7963517953649 96.23043667090585 0.0
57.42085126376742 65.58618756430195 0.0
58.66032324081327 183.91872656388284 0.0
14.562577516708153 171.18784365798533 0.0
139.04099884433012 17.352039619909366 0.0
92.97782069920544 160.28213639419388 0.0
36.04080400414158 148.73879748693747 0.0
67.6746413425359 99.65117145808978 0.0
74.2621100186771 141.62799456559304 0.0
179.6114337330759 166.4581921405055 0.0
181.1289548333798 175.79140657786033 0.0
34.31967070135562 65.33195495060198 0.0
104.28618489482405 3.4586860685421383 0.0
55.95817385160184 70.5497463245945 0.0
116.79407087397786 80.4222149091661 0.0
169.19277716848552 22.792847862714826 0.0
58.00041946094794 77.75506535185394 0.0
15.08418603460122 57.79996778381518 0.0
82.3863800933216 143.36206591936428 0.0
72.20596159724369 173.34556935922265 0.0
144.3461002058243 27.31052905778446 0.0
150.50368842121708 151.32172411990888 0.0
33.774577316445246 110.86370084227426 0.0
52.94523429411684 43.303541320320726 0.0
95.50191580862067 86.36661494755494 0.0
158.80138659423525 0.8299447126802528 0.0
15.026504431588572 123.61053813514387 0.0
72.43488153792106 85.73299603145527 0.0
33.66348729149762 28.028833008168785 0.0
102.76515576832122 31.200584506649864 0.0
68.13908428488666 147.05357944197917 0.0
191.1151053577962 140.85890162007485 0.0
52.825319894266556 13.18880216353573 0.0
188.93518240675974 11.012560119920355 0.0
197.22384600642 125.83286896188379 0.0
101.93928509155923 140.28194007036632 0.0
156.97146710214443 68.60901254387015 0.0
63.47591548864837 151.22879811143738 0.0
153.5542789270152 134.93962389311122 0.0
177.49713085262565 90.16272868863406 0.0
46.08110263527379 191.82643566472447 0.0
180.27697871799296 94.17273268321217 0.0
57.881229148386495 50.27535702438441 0.0
110.06995209505061 18.529601806791796 0.0
91.35532212348775 130.53121157254176 0.0
45.18936856468194 2.956432886821525 0.0
126.42261615914299 111.26422388312749 0.0
73.52431289501482 21.86618084952854 0.0
91.07135686394254 134.07670534354537 0.0
190.30312966192315 11.516650417152686 0.0
16.933741673780524 198.17483653600888 0.0
185.95031352958378 196.1349616357678 0.0
48.4704930728908 24.777151562037215 0.0
182.17280413791352 145.4150321377023 0.0
161.26437719010048 96.80778986248635 0.0
101.95075357978858 87.39320813474163 0.0
63.08594012397979 186.64914787248426 0.0
17.89686279760265 73.55873924656436 0.0
100.80894565554124 73.20519753104952 0.0
13.487432530134269 147.15735621532482 0.0
