158.3554756748834 117.41599118111384 0.0
85.3357549017422 122.36127300043556 0.0
154.33056586620924 60.375963878184066 0.0
118.67810526547638 174.5031772725453 0.0
14.517269688853585 165.26523203489728 0.0
78.4825105086415 176.77668410883618 0.0
115.1321817681696 91.3178562145527 0.0
30.29806135095443 72.63070106447127 0.0
28.288956337790893 49.0175964413045 0.0
102.54087489693131 100.41998286496023 0.0
51.38848791329129 62.348486561029134 0.0
121.7696461223913 40.27419273928323 0.0
50.62512504928678 150.4425611045997 0.0
41.401642756885735 179.73239547157226 0.0
14.415936835765585 53.972656610585055 0.0
116.02370311800088 89.9948014216644 0.0
101.81757117020325 103.70850481245778 0.0
140.8355068019464 179.83890662058894 0.0
166.50340518344214 56.974587795754374 0.0
149.39542602945787 25.692410961492683 0.0
138.63109675069984 12.3186706216313 0.0
142.7217636392237 64.05071568077672 0.0
54.9388842877379 53.520100078672094 0.0
108.93534026615852 176.37200638742885 0.0
141.66638704658186 71.13737772503386 0.0
185.01188491576968 196.77832118203716 0.0
175.4038362304116 63.11475206463222 0.0
110.84577058683931 29.33629284800583 0.0
173.73116409000713 125.5378997651876 0.0
130.70921115627905 74.3865142018682 0.0
100.51646332336976 110.44918523305658 0.0
8.324054076854814 32.335882291007145 0.0
110.00089988991665 149.70309033779907 0.0
39.14597578898387 78.52251134069914 0.0
99.30518436621189 122.16293072598545 0.0
67.09372869215156 84.2081761223493 0.0
190.75034276629043 76.11015605913438 0.0
142.83898383062368 196.4484795794814 0.0
23.393501522686954 9.557899136239655 0.0
196.90497303951625 83.53634701210697 0.0
197.4370574232074 58.23072797641491 0.0
143.2051244150504 102.90970605797499 0.0
85.6775586313494 44.29287581035801 0.0
177.28552910425142 154.85951977669 0.0
102.91831422119706 98.47753781758925 0.0
88.41801630437574 48.069672517692986 0.0
7.2776478072773765 84.09016313230578 0.0
165.82336720357952 21.965526192604234 0.0
96.58249398119148 23.428893073070057 0.0
146.6869938794269 46.04325317527322 0.0
58.544838490270365 55.48572955596103 0.0
27.26232338681256 47.7973947655663 0.0
135.176309507894 38.362261876139804 0.0
38.239734238534 108.55934196383932 0.0
169.9040886144018 150.65404708550955 0.0
71.69200283325866 110.50487729471494 0.0
20.109065299169693 143.12819594728495 0.0
139.28971651013808 118.28406681335946 0.0
138.3149956630661 45.338871173510654 0.0
40.11315115669667 135.17223137021682 0.0
52.0152402379975 141.39579975115024 0.0
121.26983039952029 186.33596992325454 0.0
5.131483209402843 94.9212475537771 0.0
25.6597648156486 150.7535472329652 0.0
163.35659536207828 25.301068008688098 0.0
38.61330570363148 188.52427742559377 0.0
131.14167458355323 115.65597762708958 0.0
68.75919171211243 191.74681280269465 0.0
79.84509597798777 167.52928332191757 0.0
28.363311106761536 24.841591198529265 0.0
144.56916731024418 8.107780723289126 0.0
14.511482747172488 14.138015734023512 0.0
111.4678844876397 2.8627558207326986 0.0
34.89233885673097 196.74220520446238 0.0
187.81700913198802 129.81839826881293 0.0
70.5692141237117 45.14651653988251 0.0
23.895558921276418 131.22514576300637 0.0
23.01278770933759 146.73734185969002 0.0
138.7355907515089 174.23595417913936 0.0
153.7990515954554 36.30293948777648 0.0
91.0549801337081 24.253613744527016 0.0
192.7598532901597 54.838506339675504 0.0
132.19569799415532 162.9377136871953 0.0
164.00631966593832 139.39081977868673 0.0
79.64790885161703 167.43004094012986 0.0
159.12803246320456 36.38026177727311 0.0
157.7480234605282 8.177589199861913 0.0
173.00378286163195 174.783285006499 0.0
166.39667317690646 119.80261916685664 0.0
110.04252817932176 135.7536247481661 0.0
159.1503252357884 152.7895845674645 0.0
167.3059333752617 111.70601685834536 0.0
38.798145382168684 23.328974214351696 0.0
5.846734733999903 160.581367609571 0.0
111.54350739389822 44.47846228338912 0.0
32.73000561459669 29.957695057822708 0.0
80.16726883638721 143.872156505998 0.0
133.5870973580468 50.866464339370566 0.0
2.0579246022025544 51.52884437022125 0.0
119.18499854169606 82.6192484876308 0.0
189.75137962427667 75.88070872960186 0.0
179.3765782248359 127.6449411097539 0.0
89.6310380431081 76.9640419003619 0.0
173.92991590708198 29.283105062779534 0.0
38.69658902934934 92.78403870288481 0.0
32.118000445877605 15.674330989623563 0.0
69.81781883558173 178.18583135809718 0.0
81.5824978132429 159.33371909730866 0.0
12.647461013299655 175.13442483176465 0.0
181.86850064828144 84.6890908673958 0.0
20.375024683110897 149.1264325579415 0.0
99.15969394507201 74.81061690950155 0.0
141.76123447051756 98.52678556913703 0.0
26.126327433197496 103.75409505183477 0.0
53.40067887562099 71.94396742099127 0.0
124.43114147083192 52.3852051358656 0.0
168.91786760368976 13.327610267596746 0.0
47.32127144309955 53.24756811289533 0.0
49.80998019000544 95.29259620958048 0.0
185.86684281695395 153.98261379129937 0.0
156.90710204523586 198.24413962044264 0.0
74.78995390618496 89.00464443590532 0.0
101.92885211735741 146.19862095278816 0.0
192.46037039525638 105.57979023351254 0.0
85.3738494025122 119.76521245591474 0.0
94.51724001424482 103.15281721328162 0.0
139.98647470050014 132.57380779738523 0.0
31.708794976005716 13.711129480164264 0.0
138.3031261637365 179.50485664819539 0.0
119.92498165053709 176.17055226396192 0.0
68.28793141398289 43.397165862706835 0.0
154.03058580925168 39.21286448736632 0.0
32.82578748850222 181.48004240023818 0.0
86.98941691877751 64.70027725068277 0.0
186.8483307614166 3.5963911206699395 0.0
31.902779025639425 197.73747054557808 0.0
190.12630817157762 1.3537158950920336 0.0
186.96839075664576 119.64701721493695 0.0
124.2695752554516 190.66034251952465 0.0
131.99861324529786 106.56936551606844 0.0
199.2338568335097 189.67442279230815 0.0
100.01973451573416 79.09394213403742 0.0
157.6410704000461 170.01364711385065 0.0
88.6069006138015 147.27309002851445 0.0
74.47796080056 91.14379900852082 0.0
42.99195836052381 30.566039305592096 0.0
45.24558955369508 56.184826751360475 0.0
16.614429051352243 163.70528363558194 0.0
57.38990192924851 111.9430877570623 0.0
194.66860479912825 87.17317775393316 0.0
147.85160368454606 156.79908927262107 0.0
152.3325193929153 64.92169021889 0.0
163.83123173511535 17.150033301393176 0.0
111.74742464897048 172.16384451903002 0.0
64.37323676177425 6.427085877172178 0.0
60.44916284555737 152.5103909230318 0.0
127.13055353155703 190.2773357291814 0.0
198.83570437862298 156.42075594743685 0.0
57.67919006681503 147.32090427202306 0.0
95.38783710874803 41.8826096707615 0.0
38.0098571203352 36.96394120588982 0.0
145.74291655979033 43.42959255336532 0.0
196.33181554033553 64.0684606752068 0.0
55.35431184493093 97.05224036218848 0.0
32.08164761693006 164.85042205016342 0.0
95.35201492008294 146.2521872293032 0.0
188.03762929447868 129.19766310838622 0.0
17.352745992033626 148.43542740004384 0.0
25.698161402916632 21.669677876507688 0.0
155.35059490439366 51.0352797737033 0.0
130.59049159986188 66.76148967968105 0.0
191.45220432094092 113.20140377815574 0.0
150.9338318123819 123.58422555859532 0.0
117.10312649658464 11.586252451781508 0.0
56.088710204192815 90.935278294788 0.0
82.58495682436082 187.70584535950977 0.0
190.48233479746426 55.801310748808234 0.0
94.94559494823685 69.54693422497473 0.0
194.2073484262801 126.65751007836296 0.0
98.15775241510099 131.53799475486255 0.0
163.2494531759551 77.49712211839727 0.0
49.18374871559001 44.696836211033286 0.0
130.30690696545147 169.34523244200847 0.0
189.7573306824052 12.71280895793594 0.0
61.42293324385142 13.0813306230541 0.0
6.076175512483317 189.91704161086537 0.0
84.15973090561405 90.71549795815147 0.0
167.2314242791285 33.53937371734761 0.0
189.80071093659848 161.8331768437483 0.0
38.08353840075949 155.34595322168335 0.0
185.0753183045503 47.744008189522006 0.0
173.42649035642637 106.69684923211828 0.0
8.15863810854398 7.940449407030714 0.0
117.6651376916465 156.2582335312787 0.0
69.20580287152976 101.79215534923476 0.0
57.86345491117502 101.04916183870509 0.0
27.439030980046276 162.97249855850083 0.0
7.904114188301881 89.19808537867846 0.0
174.81288100114534 104.93384614639629 0.0
37.63266524943112 126.7297375688395 0.0
