9 145
11 383
12 974
14 203
15 431
16 452
18 52
21 683
25 31
24 720
27 214
30 670
32 888
36 460
37 314
42 80
41 555
46 905
44 911
51 857
50 572
48 46
53 553
52 668
58 389
56 201
63 906
62 513
61 87
69 598
71 278
64 51
66 518
76 53
72 689
75 771
84 327
87 750
86 111
81 619
80 825
83 888
92 255
95 847
94 861
89 414
88 413
91 53
102 747
100 931
101 882
98 869
99 706
97 165
106 715
107 596
104 228
116 924
113 875
127 715
125 940
124 494
123 838
122 484
137 197
136 827
138 995
143 324
129 32
128 83
130 452
132 916
134 481
152 384
144 661
146 265
151 359
163 686
160 47
167 28
165 94
189 742
179 512
183 612
180 171
204 202
207 889
201 607
200 539
197 131
196 92
199 984
198 192
193 30
192 695
195 730
194 137
222 317
223 145
217 242
218 173
219 161
214 936
238 90
237 948
235 197
233 5
231 802
228 746
227 582
224 677
254 385
250 129
251 375
248 116
244 818
243 330
241 914
274 464
272 242
278 143
276 96
283 271
282 605
281 264
280 345
287 967
285 688
258 952
256 190
266 592
267 873
264 91
265 395
307 159
306 658
308 510
311 891
310 626
313 197
312 435
314 564
317 723
319 450
318 368
289 58
293 635
297 643
299 371
300 847
301 420
342 368
341 180
340 96
338 258
336 606
348 447
346 11
345 423
327 499
324 340
322 748
323 739
333 301
330 45
331 510
328 381
373 56
372 675
375 982
369 440
371 270
380 597
377 508
376 348
379 824
357 695
358 67
359 247
352 811
354 107
355 952
364 504
362 350
363 774
410 87
411 232
409 792
414 161
415 728
412 822
403 734
400 763
401 105
406 126
405 562
395 999
392 957
399 469
398 863
397 599
387 434
386 51
385 817
391 653
388 528
442 373
443 249
445 546
447 397
432 701
436 838
438 277
424 846
427 929
428 319
431 721
417 600
418 766
421 661
422 699
479 141
476 142
475 206
472 247
471 457
468 349
469 36
466 134
463 556
461 35
457 396
456 910
455 578
454 399
453 122
452 790
451 246
450 417
449 873
448 972
496 262
492 810
495 104
494 478
489 287
484 115
480 248
483 393
482 960
