119.33103899081492 166.17598950683598 0.0
15.220058724822572 63.87159427383666 0.0
3.7726886201080223 49.79311182340276 0.0
21.58049116468428 65.75192742337228 0.0
130.19652059844958 65.56659692721854 0.0
138.34267436676663 87.89022295982971 0.0
161.40428390075886 143.24592706355384 0.0
139.37035538835025 2.557862912493203 0.0
34.08274003903109 87.60369964033588 0.0
140.97388471900388 117.44385705980964 0.0
72.5654886670512 141.22931960567595 0.0
134.65750568973715 134.70532730714189 0.0
145.7735634475531 18.689061210932078 0.0
111.08312786672376 101.90731554822608 0.0
9.357455238721402 102.5613988086828 0.0
181.8240404097912 73.19306322364582 0.0
11.97738234686665 67.83332932882264 0.0
83.02115021223506 140.62735906583205 0.0
112.82261305135705 158.3697784225982 0.0
53.84331849709294 118.50714666586421 0.0
56.88470417596159 77.64481321952294 0.0
122.69248962694186 67.53514073828629 0.0
185.16367499951156 175.64997620228465 0.0
105.38335453377003 31.103797782298372 0.0
118.90006938337181 114.87153534441399 0.0
122.0663130960034 22.538450387571363 0.0
50.09003257962172 80.455134259471 0.0
173.45167081504016 50.00013810121429 0.0
194.9545195791075 63.15272199980735 0.0
81.93187823882866 194.85002273009826 0.0
122.69785708586014 188.37337414658145 0.0
99.48793584270952 69.62907878344211 0.0
158.80490754868453 90.63604122047589 0.0
111.80488287315036 173.40807361206515 0.0
80.29016525246662 139.94894345861826 0.0
26.8105941682554 135.11461756477456 0.0
69.72623338951874 115.11678090921802 0.0
25.890955614552237 189.5454406741853 0.0
175.5430280148914 88.70353202159276 0.0
77.3237588312893 66.12381982471172 0.0
138.00334078662314 39.3552860288356 0.0
64.01250548559463 187.06344630275245 0.0
183.4242687001457 39.41386826015798 0.0
61.39059070053903 69.45169141801719 0.0
63.62816215822389 179.22885820890556 0.0
116.40519991768919 104.8668369074164 0.0
23.270827828575456 84.3019633821245 0.0
124.7794523544232 50.4952112552524 0.0
114.60874685045282 157.37435464733898 0.0
81.29034127393209 7.3159953587918825 0.0
147.4310767624619 134.79416314634426 0.0
86.5890503775441 183.77277746235316 0.0
161.2964324750865 184.97778055619082 0.0
34.129359121982695 147.45268078849324 0.0
37.878309537728015 196.5053346185096 0.0
72.05884029912677 152.64532765483543 0.0
133.1372400875294 104.36711054159818 0.0
137.46667795438367 98.25556262017572 0.0
2.2016966042704977 85.10437897378986 0.0
94.17092742124038 118.39533798286199 0.0
14.25392035423565 15.064566112084844 0.0
70.26721185808054 137.08178962313053 0.0
110.38091640015242 130.71733665609278 0.0
87.94973329248106 128.82002853798244 0.0
144.2647656794391 155.9546219580127 0.0
5.654768182278613 118.45083552504086 0.0
163.7507380543622 68.52435194879438 0.0
151.36565660460377 126.49490676208855 0.0
40.7454858002827 166.22399054815992 0.0
15.957535710472804 120.326890287652 0.0
37.56178753465158 163.2067528359122 0.0
196.74899081720233 166.86406734648014 0.0
9.740433183570518 97.72981447283881 0.0
33.96697961892387 199.0560341116145 0.0
188.5437422229526 64.90042231148207 0.0
66.62034367920188 106.31331320635904 0.0
60.729381855919165 1.4523592929008844 0.0
149.3163589605516 38.11443198181503 0.0
168.87725030987866 144.3118347352868 0.0
17.843813501682604 70.38249068667145 0.0
92.45609384646639 160.6883811897454 0.0
68.88512488152536 125.82384989444677 0.0
37.98077379721023 104.6528871990973 0.0
128.00917182114736 62.27320342239642 0.0
166.0250065140166 93.64152923090447 0.0
20.135440641496526 147.19065458121239 0.0
13.518602326038698 118.0508682091358 0.0
27.949290916474713 121.80822797374371 0.0
131.67216615930454 98.06592823411475 0.0
26.287083134869604 125.0246440655105 0.0
153.0363513584094 184.0897398425219 0.0
14.299082209947223 94.99878820877738 0.0
125.6168201704106 160.6192260485264 0.0
132.23699529626256 95.49389321774117 0.0
107.63011593421588 58.13903843050727 0.0
46.002194446409405 124.37601602427716 0.0
103.39972008631987 103.58140173768793 0.0
10.129664150934236 153.2718796881942 0.0
39.05558012014107 147.12662804078926 0.0
178.6717034082745 20.24283733374064 0.0
26.114582099328842 91.59553056610599 0.0
23.484696711342036 151.43315932127464 0.0
41.683320427622725 20.41152687509009 0.0
40.711055471479504 123.00248723369988 0.0
165.93880059465866 71.08674415949045 0.0
78.78771632654322 191.2538102359301 0.0
60.706539241645906 33.41309300835573 0.0
5.1015220920814786 116.71994543132041 0.0
47.369779291593694 165.0157054201219 0.0
43.45091145246798 87.07293702777552 0.0
148.00750677047492 11.652832799129143 0.0
160.76241709778216 104.07255395898409 0.0
190.5730247583351 95.62277845292235 0.0
159.04948312941528 41.371422985341354 0.0
147.0889252063856 192.86501259920738 0.0
37.390293640938246 102.84601736174106 0.0
73.24835643407548 157.8191907319257 0.0
128.74017859353648 15.224259028844568 0.0
148.47650403832355 74.8324011671299 0.0
87.68341888094417 174.13206079437734 0.0
177.42039134153 115.88139905516654 0.0
7.768230324347147 129.28262385286266 0.0
106.9989527559684 66.60334576535007 0.0
180.85773878219666 42.38403413083371 0.0
37.559638251919814 46.10493118570973 0.0
75.96894010909642 80.44202460980068 0.0
62.35169031694214 90.7464512311081 0.0
11.360593842624468 117.48662874424673 0.0
56.440369916456405 198.07396092043948 0.0
121.17008884523548 9.352691987041295 0.0
54.35048208699085 134.29909629329595 0.0
176.68845029305714 78.99604721441065 0.0
105.14157683388396 197.20285421165923 0.0
12.401547262380674 103.92854944548031 0.0
74.28126637197414 196.06606685614545 0.0
128.21488821090662 32.70680007151252 0.0
173.59723524312173 161.2059336523086 0.0
91.81818334839491 74.01093706129286 0.0
43.75243042532375 127.92452413075279 0.0
48.935070855299735 99.70143258003587 0.0
188.102164498357 153.15170640042896 0.0
164.24247891388526 82.34339036712328 0.0
62.45577271783189 117.79155902306415 0.0
162.03299776189718 148.0394108059816 0.0
162.17964244063782 43.757831165890224 0.0
113.23296747101776 167.01367996651737 0.0
16.242400922617463 11.910626655258039 0.0
24.177731631865917 27.24139695561174 0.0
97.21716568202454 105.58305294373329 0.0
22.584835825490114 40.5194108276745 0.0
86.91984263526629 124.11304835415591 0.0
7.454894102659382 115.72522518525143 0.0
99.27645338089211 111.77234684446975 0.0
132.1688715930203 0.6134004413831606 0.0
155.176575068626 29.710867533015637 0.0
23.839690470531117 41.34972591396806 0.0
28.484068013397334 162.01156676091898 0.0
7.01507668745045 138.08508855561746 0.0
138.0402492521355 91.67731385556546 0.0
196.11762881233318 85.222788814817 0.0
47.408824735392145 108.34777614693077 0.0
148.5471334621725 76.63422002340035 0.0
152.2758671292339 116.77111293480047 0.0
29.159296394537183 28.929772283338195 0.0
84.8322779031788 103.53157601908312 0.0
126.87400331883913 129.99308774908152 0.0
45.13014386936112 189.26088552458657 0.0
85.45537520830686 55.33858846423176 0.0
81.3185323433102 44.53766557123253 0.0
163.04492344122124 11.453548957429781 0.0
83.82830633751506 179.90589878856832 0.0
18.818141799386456 163.1377310773216 0.0
132.98958896367665 133.91983279383246 0.0
140.1739935513245 80.95506749801665 0.0
45.2295913303155 77.8494061538445 0.0
70.15574499034281 5.26341270107844 0.0
99.91255425246901 31.656728207070728 0.0
72.34069732178037 164.89005948428465 0.0
197.0476781302622 143.08086366588216 0.0
179.22548133195136 111.37214282980415 0.0
95.50487408342747 120.1445490642844 0.0
110.1724981875601 33.78274580594491 0.0
112.04232643771878 127.12320421783659 0.0
116.2723186678966 104.5149655168132 0.0
123.36390200245641 54.99300352597969 0.0
12.015828859052835 72.99784692862576 0.0
106.58843188056717 59.601491843418316 0.0
87.4589249024801 172.16961192379097 0.0
177.92704437040132 24.280686631264146 0.0
59.60175584058778 131.63522368163768 0.0
145.0287835721096 148.34915681798483 0.0
117.99345682585493 101.78677317761921 0.0
175.3686956795201 188.92624799783127 0.0
47.11244305123008 184.7668933250914 0.0
101.21679105145954 190.7080756424689 0.0
166.86134373473794 41.006842732164685 0.0
131.14026155274146 26.8314756267243 0.0
22.554810590871565 94.17252906758267 0.0
118.65535331828944 143.6787696705111 0.0
177.0673400746281 192.70328148225667 0.0
50.55949317405557 153.45262060872315 0.0
110.34753808041964 2.7297516262754007 0.0
60.6381894502408 150.5769283388799 0.0
115.29405650950875 105.00888777212374 0.0
48.855381485297336 41.4562137684509 0.0
194.02771772202252 147.6154625616276 0.0
91.79989739217984 171.85254417259216 0.0
104.8832719572677 66.48125518561862 0.0
67.0748781110355 112.11557238317387 0.0
87.98335866219837 127.4744698640631 0.0
82.4808860620188 17.727878935862208 0.0
6.046240467161423 166.56362426457875 0.0
0.2576719753180967 121.10429718622397 0.0
77.11805227415465 108.71163019285974 0.0
177.31354421983346 30.310552570640503 0.0
47.20923438279703 31.497394651373956 0.0
104.28529006210337 11.34300398561674 0.0
153.35399249158462 106.06379549746 0.0
119.43585233975773 112.8379638630579 0.0
161.4006196233441 95.84253509442856 0.0
197.81076171393983 55.555493250245625 0.0
127.87963249802148 122.60777799066165 0.0
171.7386623505874 53.70929722663283 0.0
131.5856702537797 119.76220400636745 0.0
25.675092568982794 161.19068395061328 0.0
48.04823597902943 184.36061375331388 0.0
126.55293344095968 142.96141245940882 0.0
98.85538092397547 112.22770029440092 0.0
0.21683372451062333 60.36648371404154 0.0
197.8335163244618 154.62834639055737 0.0
145.18315922585418 128.84479288772548 0.0
37.375548422423364 70.30014506944889 0.0
186.88091623110574 157.49190220981103 0.0
10.748703944452199 63.25962443027839 0.0
18.69323423714615 12.155874085763706 0.0
50.002343671506154 194.64503928559262 0.0
50.53310356088956 57.2236379387012 0.0
74.13521571485803 135.9602906704483 0.0
91.35099950530628 25.981930073685366 0.0
188.4706469002249 91.435989137879 0.0
128.88622768362748 45.4133753069238 0.0
53.7271996605988 158.82530335961803 0.0
138.13775840834543 198.51487047594605 0.0
152.06139265326382 120.80382920668309 0.0
49.444506259796995 45.70205941182377 0.0
17.39821978969043 63.24414804572933 0.0
137.7289533812665 146.59006146760785 0.0
68.65412733684737 101.98744262723525 0.0
156.37217363966042 24.417407771082257 0.0
86.99631097305091 66.33606954669995 0.0
132.35230509293447 197.606543361741 0.0
12.071146659675192 35.34244717775772 0.0
63.69266506290627 66.43086234780253 0.0
197.1736911346208 152.071335032008 0.0
15.929630015601282 187.48483664189524 0.0
159.6193039106809 151.36405401539727 0.0
101.22464188219796 194.63030219797463 0.0
190.11729657187993 128.2347429297919 0.0
141.90860372132553 132.3185885933239 0.0
143.73588474410707 46.88036779117895 0.0
69.66107485345128 55.66469774095737 0.0
125.0864917462976 144.38773318995513 0.0
92.19072904389107 21.37631939216731 0.0
1.6447034886349021 118.57230225283276 0.0
171.1976122214186 44.61701356842887 0.0
131.66415661670058 5.985219740475678 0.0
198.5617183259362 29.10951235569783 0.0
176.92871681328117 153.97643222078275 0.0
32.11658226373664 91.26155122325683 0.0
185.62737917545783 69.80349619706188 0.0
58.03058614279997 93.82331466341343 0.0
76.92537384179448 190.12700223974988 0.0
183.73272440167986 180.56205525501696 0.0
36.34403821685315 155.83541165927645 0.0
133.48367811407522 60.66607686080525 0.0
139.8510089790755 199.99333381510377 0.0
18.107074536699375 130.0667635527982 0.0
164.60152038882205 160.80910059804467 0.0
181.05990686240028 36.593981064308466 0.0
15.560429486128324 16.868918591640124 0.0
84.93510617156987 196.85667310795873 0.0
99.77381632428862 108.48645919732056 0.0
95.65338645780852 54.96703833332604 0.0
113.84806218159642 156.86837828915813 0.0
46.01545313744397 136.7033169464128 0.0
75.23322649223385 21.89768940773005 0.0
15.949815383322052 197.4326619144674 0.0
24.19682769766709 49.688639847275454 0.0
53.70546002690062 188.09222652556434 0.0
50.91297371879509 52.66813436740296 0.0
180.40274124557982 170.75310725470433 0.0
160.88102471201174 37.79047530141637 0.0
169.76980419790019 103.76837682558384 0.0
181.92692470632196 152.5936087286398 0.0
75.55608855862519 186.2329899589347 0.0
37.32945367830685 154.15672354997264 0.0
91.02839521559747 2.459870386530749 0.0
62.15270110941113 22.620559304334307 0.0
68.11905153220472 39.40316811830735 0.0
23.655078868279823 138.78340462933343 0.0
98.20988947424112 63.43606662393477 0.0
121.68440782781953 124.38723126059104 0.0
162.19971680142552 137.6172225365414 0.0
91.25739715306418 4.060042166667199 0.0
194.4169915934399 136.55644992724126 0.0
7.061257585161407 189.48213205609153 0.0
173.1036506494583 73.21676018583183 0.0
98.40385853040763 109.19531671030154 0.0
49.60983413742397 190.46649204756582 0.0
23.178309022477084 111.57602646917717 0.0
59.10362343515325 189.921853395729 0.0
20.696502355169354 153.84445352443475 0.0
17.513659405646887 171.59667263906138 0.0
165.7855869447656 156.58371766029967 0.0
2.5868234964297354 40.102790932752285 0.0
180.33011702674696 151.09447201837324 0.0
141.3570844125429 96.62104906090916 0.0
123.48184814316816 76.011869962548 0.0
81.9857198302621 80.58944900377666 0.0
178.04816606702366 89.96362738133867 0.0
114.84717727513336 51.03149609086981 0.0
78.10918841520558 158.6491000356976 0.0
25.898921349773516 4.674501554320498 0.0
81.70266466283857 47.57124758896156 0.0
14.787606754788317 16.48393662194838 0.0
182.45482126098176 105.75461144799941 0.0
190.80815476635786 157.96673468140528 0.0
75.324397128066 161.1342143961182 0.0
71.74607678055884 99.57280171228248 0.0
44.16620450624662 64.90164253452255 0.0
153.79776701186984 135.75070092339337 0.0
22.60953269943684 119.94639728047203 0.0
195.17736283468284 184.6899471824925 0.0
194.78581999825658 7.631887857326869 0.0
161.6828399761327 109.50896483542924 0.0
48.729106117110035 87.49720103452555 0.0
19.40816053756396 83.62430238350531 0.0
172.81180497706805 86.07725997382644 0.0
127.95230112306197 80.263224786722 0.0
94.36739805238523 13.885549381589012 0.0
86.88998731690415 104.55849174013643 0.0
99.69073579785326 53.70517121013065 0.0
118.93320567750563 106.39049831330189 0.0
45.89565948182288 148.68553832916177 0.0
35.126393691889234 13.118688302163918 0.0
77.64878197838378 85.34358740678216 0.0
120.58245920715787 3.5706693735335415 0.0
95.58726126376268 14.419960935726372 0.0
103.68076529024293 8.133908615740548 0.0
188.26748207343917 181.64212125052958 0.0
127.31223526780123 64.52164593477944 0.0
35.780669803139034 150.79803108176765 0.0
127.67092593544949 184.76105732071034 0.0
120.71042342527862 193.12542759036697 0.0
44.25532862402803 196.17833832164538 0.0
40.89636433325525 189.87350345066795 0.0
34.15681845161187 7.631953138416381 0.0
108.50699831577946 148.99511321718157 0.0
144.37671808520543 121.97177380942672 0.0
141.21405348704772 72.27944727483329 0.0
107.82747501336154 166.67854481778747 0.0
103.79960946646342 25.836439896519426 0.0
71.83753923569975 146.8644997786589 0.0
42.31637076149495 64.6959381079269 0.0
142.3935849807254 38.29262470021153 0.0
167.9604571788791 141.38606740648066 0.0
33.01778133225959 32.798646048686834 0.0
194.10532459131574 88.70690878728789 0.0
44.0918645957854 24.47625592156417 0.0
107.48420208540728 8.517072156886684 0.0
66.60389523652852 182.21280913696987 0.0
63.29778247339204 121.20240447590153 0.0
103.7074962479014 92.63917769853339 0.0
34.0627863046858 134.59751347370553 0.0
134.14763410616717 177.28402028356027 0.0
13.30615011911922 76.48251126020547 0.0
3.520881917467489 88.69941514842114 0.0
177.74861905486947 101.37876971383206 0.0
22.502279439884944 172.55108366710962 0.0
45.41062491389896 30.219177861124248 0.0
75.58495615323062 46.14339832269798 0.0
132.11237822648303 110.56991182386102 0.0
99.5426203934609 88.57549747800928 0.0
105.12913846737855 95.432207385197 0.0
177.73933746581315 163.70176474942738 0.0
160.30172188493404 30.25438270154939 0.0
14.57480170915093 4.296233844206188 0.0
107.6913600830706 110.63566698539715 0.0
3.767523259332295 174.29716059564927 0.0
40.90708818875346 27.305191859077492 0.0
84.84244840869601 195.73460368634582 0.0
86.52289828269902 150.31092828351532 0.0
94.10341463433878 77.9202490175092 0.0
182.54091792676658 120.95489225668908 0.0
159.53516024058695 118.70548994836365 0.0
118.64606178309218 117.86266241962733 0.0
63.4933925752452 61.090191635391356 0.0
186.03646772944853 42.67660394011597 0.0
2.7057378382005615 83.19114994820289 0.0
130.9033274917823 131.21395638691763 0.0
12.020236325814482 75.55588173729979 0.0
83.17252878615787 37.53232303816188 0.0
86.50232447654633 17.03388966628989 0.0
140.9098456266934 61.19684918540682 0.0
135.89507715367307 198.894107230894 0.0
130.83025339617353 92.1447524416441 0.0
136.12177024994162 166.60382412748945 0.0
136.6411727394438 32.89456025109823 0.0
4.423697678928362 149.6609532398625 0.0
89.48838481371848 124.4489418938999 0.0
17.890401068238493 32.09798348080444 0.0
48.56253443544005 150.09156117259533 0.0
19.553374438203686 179.7526953807304 0.0
164.9630942050115 120.37993060068892 0.0
11.878512704965537 85.12703704707047 0.0
118.20581900110061 152.98787491041497 0.0
24.406548527196016 16.632393778004094 0.0
42.298706766486085 52.652699461207675 0.0
160.45478868628476 66.24581596275551 0.0
17.100593300573273 169.33375502116408 0.0
77.20756818666972 178.07846120549155 0.0
90.7155521146557 66.79066328095078 0.0
34.1868922186696 110.08400950812765 0.0
119.96534960286557 169.14101734309548 0.0
57.00872409999831 32.11146458553258 0.0
68.52120162525483 69.55891619081926 0.0
106.49455760407396 195.73313379151432 0.0
186.06528811279702 183.12730032484868 0.0
17.62188534216047 24.75539300084273 0.0
106.89132634201964 104.95855153029395 0.0
178.46129275969952 70.04614340756763 0.0
152.6428244951829 195.0494713195949 0.0
56.16191651516738 148.28964996058912 0.0
1.4264366426204989 152.9382262057066 0.0
145.21110918821432 41.5058696778783 0.0
194.32712269531015 68.08245651650817 0.0
112.60819742087229 172.64800754574992 0.0
90.39075069315624 35.979307172704765 0.0
45.25634780216237 92.31857711569806 0.0
52.4288587363922 115.39971034166582 0.0
166.7904243160237 12.620811467814708 0.0
48.53943648744456 168.71075664289702 0.0
184.22305420132054 6.388847055087288 0.0
88.0265113267154 175.11163031250624 0.0
149.20499174877102 53.516625492044966 0.0
175.4405087751894 135.71008919342685 0.0
174.3599434945359 60.832066675202825 0.0
162.75039240774396 99.71808102388302 0.0
132.06820405694185 107.93961469016512 0.0
7.197558620034017 132.64658271143568 0.0
181.23737101189707 78.68077259317752 0.0
101.17069112415432 20.231382423675814 0.0
17.012539531377335 126.33890514753536 0.0
130.4796520258774 155.92305400042156 0.0
119.04248161910687 90.4410691417783 0.0
138.69575775811137 195.1259215856481 0.0
185.8322297356901 33.98616743561234 0.0
127.76459474397232 75.97240035196353 0.0
185.87677963632453 102.15543756051939 0.0
8.886908559337803 104.27067608228666 0.0
30.684402317705526 117.0376421032393 0.0
32.70181476256322 179.36518065691516 0.0
180.46241277275016 117.62808022049525 0.0
174.09596758247585 98.00093780541647 0.0
130.15205427429845 30.336942414423085 0.0
124.5011385677373 14.884480572904767 0.0
91.66339270770982 12.469195087764561 0.0
153.33183987433816 161.48538079606075 0.0
87.57508165314492 149.6147706297529 0.0
140.2536962859694 28.72431893096845 0.0
102.22799357545023 107.61424854962758 0.0
151.2622829487152 4.544846867959507 0.0
98.05563712344917 40.74192031202093 0.0
34.09119156389886 123.96784138826989 0.0
198.15861207916203 139.9746880022278 0.0
42.257255827954545 137.07901791819063 0.0
160.54402798812052 68.69167860145855 0.0
62.08981450918611 129.5015301975261 0.0
25.115305159466807 177.8761936162587 0.0
13.379978316308216 40.25723397036476 0.0
101.41145140143422 18.86801733242507 0.0
21.82502609740706 13.521713352996922 0.0
83.25926957137722 78.94080786119457 0.0
20.23197100578784 193.6297674048702 0.0
25.91579873616052 53.45572120963331 0.0
125.48347895778784 126.78962135516618 0.0
1.9425195281003838 138.0691331019094 0.0
59.558418785895896 168.3156887420005 0.0
63.96677072989991 175.44873313727297 0.0
35.43830145262143 10.791201838282971 0.0
85.65001037441684 23.178922437057146 0.0
112.51997785624437 46.42372234929275 0.0
126.59654876565318 23.01300946037901 0.0
41.1940323149111 155.9579894767229 0.0
172.60043017533457 146.35620789947882 0.0
62.53735560238507 76.86218422554101 0.0
39.542292228571284 66.84005047286503 0.0
6.607416367804508 145.1052429044536 0.0
97.41195635658195 68.07534334207277 0.0
141.61490701349996 127.69438980200046 0.0
