3 806
6 349
7 304
9 898
10 285
14 179
15 966
21 156
22 309
29 229
30 254
34 429
33 669
38 142
39 12
37 307
42 269
40 414
41 960
47 80
45 348
49 473
54 946
59 739
57 471
56 83
63 192
60 3
68 343
69 72
70 150
71 884
64 670
67 616
76 889
78 674
79 797
73 479
74 128
84 538
87 117
86 107
92 399
95 144
94 864
89 230
90 257
100 827
99 171
97 156
108 769
106 381
107 723
104 478
105 965
118 479
116 632
114 941
113 752
126 841
123 82
122 450
136 835
140 518
143 911
142 305
129 367
128 150
152 319
153 559
155 945
158 701
144 972
146 528
147 594
149 201
150 857
151 51
169 106
168 800
175 813
174 34
173 329
162 144
165 292
164 808
185 946
191 137
188 539
178 607
179 900
176 517
177 326
183 770
180 853
200 807
197 183
196 957
199 550
194 961
