79.51899267162787 56.12828031139958 0.0
36.22535089037544 19.447160956040488 0.0
87.99241055170349 176.23278708749172 0.0
5.782031948053379 57.03542119968981 0.0
71.71377132414429 59.71023387695613 0.0
33.73080969438935 152.40074437529083 0.0
184.17383594453324 185.11924533949545 0.0
93.06615090465577 100.33464105590701 0.0
40.014994366697685 149.6996033977338 0.0
151.01607589982407 171.3975823952588 0.0
130.9611311659002 9.980562128903347 0.0
77.76958084705095 158.03933530191537 0.0
123.89564953985396 147.26351249533016 0.0
145.2288579827369 36.697662285366775 0.0
141.46003463648358 150.1969436910473 0.0
76.80306443227406 155.76928501686766 0.0
92.1467187508519 199.8258229583891 0.0
191.48715490050768 93.13591494243082 0.0
164.71177483508976 166.91149867310037 0.0
148.9456610840332 191.96734179503184 0.0
130.8344046594603 86.98239781858881 0.0
147.0479983873973 79.81247831407208 0.0
110.3018224102678 65.48967971369237 0.0
149.2783838891998 3.5284710179501744 0.0
144.59958204146014 183.60630847714512 0.0
26.670026721898154 171.38699287050875 0.0
97.6391401090938 24.621799294267554 0.0
187.38979879267822 83.73584275039714 0.0
56.45582051954463 21.549218198342125 0.0
136.82618458786857 54.88314076588028 0.0
140.0620450273315 138.47486149192272 0.0
62.00986022354944 181.41037896914486 0.0
41.24218294534017 41.34523463630584 0.0
166.4227609500009 95.90970664042251 0.0
123.92698320463285 88.29997287014794 0.0
94.72820736649656 160.17988047630695 0.0
77.8870581054895 175.32341453770138 0.0
181.68099549062177 98.20435829360035 0.0
192.8364934916425 109.90154582500178 0.0
35.453178820129864 46.774054289418345 0.0
55.63926630817113 153.53524159877566 0.0
122.83757430684979 10.406453491722711 0.0
97.1625400132642 73.37457997488504 0.0
162.2678249905144 147.25165277687336 0.0
119.42272781543505 73.90329191186453 0.0
50.32019922151121 183.9651203139782 0.0
119.02152740785623 141.51626918411597 0.0
148.33909996559746 160.06601105820846 0.0
189.47088648412876 27.99731410247066 0.0
38.05451713416688 36.08878766031427 0.0
32.85724522183913 123.31815573347748 0.0
118.53658523452725 64.87520436866498 0.0
40.39719199183853 23.844044390275766 0.0
61.558628038322105 21.642522103574734 0.0
11.787931959845022 88.94511946107448 0.0
168.41687186326467 16.003092536008843 0.0
174.8578553623624 97.17691960020043 0.0
78.48145962128913 67.89934919943445 0.0
39.873775205349425 62.60742189655599 0.0
68.22996988175647 119.45745985799734 0.0
176.96314391423618 152.53202474815214 0.0
149.2412434640506 76.05180665806964 0.0
40.46106364388849 59.73207086029855 0.0
124.603893845813 22.4115965046241 0.0
80.59344673810666 125.5964248165299 0.0
95.42031072213678 143.39004309166918 0.0
180.75926419043566 184.8397538628112 0.0
22.563762036521663 94.05543287598502 0.0
137.77640811891166 108.21525459702926 0.0
43.57251234032178 10.05264268650028 0.0
62.80722366176321 156.53357448352045 0.0
120.54160743416973 26.722622213727853 0.0
22.281310834828872 127.46370578500257 0.0
52.09948317226836 84.25646418165951 0.0
160.98482929012326 76.00587433686658 0.0
121.03311723010273 136.19971418936703 0.0
153.58701717976692 120.1902062267647 0.0
68.85198502246865 49.91171175612574 0.0
116.2262813254743 105.46936139382386 0.0
89.55767931754256 90.12369704825258 0.0
76.37968093379787 94.43706908489811 0.0
117.11262397753212 110.52856047891706 0.0
147.09131351270392 172.91881087549928 0.0
44.57781096375988 43.37421345513215 0.0
80.73651577656382 119.14480102470222 0.0
57.61613979126581 173.32147494781321 0.0
87.85055194397667 69.62956097703841 0.0
191.03439131799254 9.366609900921286 0.0
98.15181101631431 33.54637847928053 0.0
124.26357014117835 127.41757208365226 0.0
13.741286977896937 156.79910391116357 0.0
120.15379530924643 146.15214716836292 0.0
158.56152930343958 17.65768556675813 0.0
81.18648901096881 20.075230780656316 0.0
63.54991876107334 147.7379870789925 0.0
148.18330439477094 86.23155704816526 0.0
143.52265186918228 15.270442088632773 0.0
98.81759370442597 184.81919060131807 0.0
119.67730186994254 82.0162578022369 0.0
16.710964729034593 88.98827131318264 0.0
20.703577646186176 50.85376004845574 0.0
96.623915741221 25.398424172689495 0.0
55.84323321716171 57.971757321513316 0.0
27.226168376214076 44.64747684979044 0.0
194.8418058865579 131.770685432052 0.0
150.15884520340006 9.472991199934055 0.0
112.58639367704642 139.98645130126494 0.0
132.57721307264026 8.667363187153555 0.0
60.32514753933902 77.21592478323673 0.0
10.089278055731032 75.93618110572503 0.0
10.715902637744179 106.93710105591103 0.0
157.98207592907934 195.46867609040433 0.0
90.55272033503927 65.28100155752877 0.0
30.85408941975569 109.7781089979843 0.0
62.87082722705924 158.22648210923268 0.0
174.24868787173173 10.408974750868039 0.0
49.23198923040426 139.5531118232755 0.0
56.61023785435309 188.39711816814395 0.0
193.3438039295024 143.80144089056546 0.0
95.86087715660044 148.9076898480747 0.0
158.76809971048905 166.65392578280608 0.0
62.12267531045952 153.26514637184388 0.0
26.32511285136554 134.5639857489959 0.0
26.586347732266937 41.62839640797198 0.0
110.90170450644968 186.12455848942818 0.0
196.2543812237956 110.85338078204201 0.0
52.723390663600746 199.581731401338 0.0
125.26282949328724 174.624379360569 0.0
54.751631063903815 144.06301434741252 0.0
125.71274756730999 116.72437227749523 0.0
135.71924648338188 106.50388256427381 0.0
14.418731926575322 63.35390721154208 0.0
147.41853518597634 51.92030641904006 0.0
26.708545410339603 146.6969533280972 0.0
65.20807252237273 111.58903565329963 0.0
4.384511208676889 109.47131110254107 0.0
102.3058896759971 61.8614940310946 0.0
22.183743019562986 108.9901256696828 0.0
121.28821392479966 55.75108115640901 0.0
55.551000299913596 19.300259342753655 0.0
20.31445489408299 0.09797232520991628 0.0
112.26442244002406 101.25220689548885 0.0
56.950847737881574 33.02935592505194 0.0
51.43098212875869 112.89535895913735 0.0
39.066563661293976 149.5971425055137 0.0
95.59506608141912 166.38149603419654 0.0
160.1277399080633 147.8894367687785 0.0
5.180209218824339 102.59841623334746 0.0
185.31645534244646 123.57579493786066 0.0
29.21040213339554 51.044680186519706 0.0
105.25317511130919 127.76069926413155 0.0
72.23418114425999 169.99556376869285 0.0
65.7028529604744 121.18345157327117 0.0
24.601111627493722 120.79924676061282 0.0
154.49629536612807 7.21696014850759 0.0
91.71685485373604 20.181524960387055 0.0
81.00012695189834 106.78185828883574 0.0
27.629661965402576 35.726154670701504 0.0
118.82010200445127 150.20643598802687 0.0
29.27760371916035 42.237251724633 0.0
99.02419620292524 104.22699133787548 0.0
79.95244307129026 40.47899774677042 0.0
139.02335545891833 126.73726645467389 0.0
144.01264654290154 154.82717804760213 0.0
171.34948464376552 47.5596448229815 0.0
9.604529102408854 172.65593905168595 0.0
196.92164681320244 10.424854273259543 0.0
152.12718638374454 165.82238928483983 0.0
128.99318089823743 79.51107812266322 0.0
148.40328508910213 143.40062998207864 0.0
116.82388302451041 113.3072776240462 0.0
109.99454153011348 124.85587377623541 0.0
142.2230045273044 39.22977379395258 0.0
123.82706246226107 94.13840924064021 0.0
67.46041655152139 24.33500769007766 0.0
189.2684831488128 197.7161999204564 0.0
179.64476063628632 130.6356612020556 0.0
23.02524605272356 83.35397618465056 0.0
24.51909556957046 67.94119458563574 0.0
166.70504256631273 41.485771862940204 0.0
151.7259594000795 12.808048624377433 0.0
76.6159009910111 7.316835128505672 0.0
103.94548487785065 149.0987796868395 0.0
101.35006380559075 109.33002035238756 0.0
173.91167051741837 3.8134566573562845 0.0
59.92727166108638 108.66074235796492 0.0
126.16346960544635 1.2706722688346828 0.0
121.74870622102587 163.84366850880676 0.0
34.48897408513187 139.37969551121108 0.0
59.339361765015106 76.72339729959212 0.0
21.37253503433907 103.65922909908032 0.0
95.83317732470682 127.86041564700675 0.0
2.356128729595297 77.82234474836844 0.0
101.3818819248862 193.55266771763755 0.0
136.07796891886935 184.161306183618 0.0
6.14494386001776 51.632234032885236 0.0
159.8528408380733 92.6299169559128 0.0
192.24477748759696 29.48551438591318 0.0
151.01020660410597 74.43515558850164 0.0
103.04766098272715 25.28453677979141 0.0
95.80776913819913 44.114011429320676 0.0
165.35763338966981 42.20596918190167 0.0
170.58958171388363 133.48532179433255 0.0
158.58705717463133 115.45349967915948 0.0
43.95959035375725 71.53061269795306 0.0
184.6941165936432 83.18836036285717 0.0
194.09275784525627 106.17194014617921 0.0
193.65408776566767 55.01173705816467 0.0
1.907839161169167 197.07885040037988 0.0
1.4578438502865776 65.43200039033981 0.0
28.67704890583118 133.0505277818341 0.0
101.10750677269785 64.78860700801732 0.0
15.749793040552706 83.18343941500324 0.0
111.80579208481423 96.39369546583121 0.0
154.4189139615439 77.94862936755133 0.0
37.512192282618415 36.19142505180073 0.0
65.55963163703208 34.46708546161534 0.0
13.265569125890941 30.02418336539565 0.0
101.52286254354519 189.6855227631591 0.0
106.14945108392071 153.6337706983852 0.0
36.866139736053036 185.81905272761577 0.0
7.502788735473809 41.81489896917001 0.0
149.85700710792807 164.34124114744563 0.0
103.95551409471948 85.67719426353023 0.0
113.2851849584961 67.96618916533654 0.0
47.09480060305784 80.76117556376306 0.0
10.971535849869252 124.48115993908037 0.0
155.04453620822366 123.79253373668145 0.0
175.4632467299233 191.95263432640687 0.0
173.96699393039614 102.14826194183748 0.0
2.756350016493836 81.7423826922277 0.0
103.47230763331999 97.64715354492246 0.0
41.4882082582416 143.9344949487919 0.0
147.14796252316484 35.06629764962628 0.0
76.8940957066696 99.18824135733945 0.0
187.89692627624993 145.82424197689832 0.0
33.92371340609224 131.69566398860658 0.0
107.4997872685465 88.56055637119893 0.0
109.26486857471093 19.837045248504424 0.0
170.7927142369724 70.88057001525421 0.0
8.623277840507981 174.2911264268669 0.0
177.07962407742266 50.32320857870616 0.0
113.4588348372437 77.77146712353033 0.0
144.87358475282574 57.648790225877235 0.0
30.480454856030814 176.22392903339576 0.0
140.78891426490964 81.83281061940593 0.0
87.5529769647534 158.23469624778826 0.0
89.38215011366187 183.69070974492357 0.0
131.27127952650292 177.56210526398226 0.0
7.966457601992483 163.84782650299633 0.0
54.3083072948479 123.11966787184079 0.0
98.90079923280733 0.807602600873758 0.0
34.7452513485887 121.40178462707472 0.0
101.58154729281827 196.16037316878052 0.0
104.94368791329967 68.25762565375415 0.0
57.34097728349647 116.51396710039204 0.0
184.1210954235174 130.08275832459773 0.0
172.6834801260928 5.516502946769886 0.0
106.64259556955027 28.912226618335257 0.0
179.76698102174967 154.3808665309224 0.0
57.14356383022052 131.56269921073448 0.0
87.76365148595502 165.6092125021347 0.0
183.94902212680614 99.8854973382581 0.0
94.71041726872275 122.15519781403641 0.0
3.8575366078631657 127.3563659877931 0.0
86.6865022771739 183.05045472420514 0.0
134.20880013957682 186.6418077159535 0.0
189.63169032756562 66.56102785258149 0.0
92.25561098525353 43.445985212650726 0.0
58.845573643641046 53.22844864767671 0.0
187.21259919308068 53.85620830412885 0.0
192.18468517932493 143.68936157715447 0.0
96.95554705360634 155.56905013580996 0.0
135.2008754402434 39.95642528642374 0.0
169.19679468051848 187.7932960536765 0.0
9.940918355613594 83.88251570761966 0.0
16.063670603293744 130.2898506459673 0.0
143.8538913923147 182.81917748326478 0.0
181.35854554972312 38.922938035559596 0.0
101.22942615059445 80.01936537764833 0.0
151.38063261349757 173.2609122473676 0.0
126.81642839286582 86.12360381014783 0.0
153.04123352135377 61.17901355508562 0.0
99.748618856633 178.10774045601158 0.0
37.105648467138266 26.08063897133426 0.0
165.62951515261946 193.35949988315792 0.0
79.74660180025917 14.267511655737675 0.0
65.60635429488957 99.09018059807453 0.0
152.1955523050017 3.1534201056360622 0.0
13.488726036170927 1.0768333204147718 0.0
6.129791975777676 45.430169762947 0.0
185.4444965781085 70.76932735133967 0.0
1.5348864489867609 109.95837494367436 0.0
81.53202056035906 116.08582574272073 0.0
64.13351133435452 117.06995321207422 0.0
194.30417910420422 98.75919662115871 0.0
1.0732584903819786 134.13308335400262 0.0
176.94650568060752 109.88598714794328 0.0
126.41767382150746 196.64456588133123 0.0
41.88804516848226 155.36858746871823 0.0
52.08624408762388 50.7785017041366 0.0
40.55024263375906 174.23042456887626 0.0
85.24063511781227 75.23432594658152 0.0
175.87573436692693 15.32284819567733 0.0
139.71608446072224 133.39129720022513 0.0
181.5054235067768 31.731673163576325 0.0
16.94837251652006 131.1905478049196 0.0
64.94880622200758 117.23028399976845 0.0
140.94839553204318 11.829914915481465 0.0
156.81913615738222 5.4152330671197735 0.0
142.22783586572177 5.270813357798421 0.0
34.18141837726658 79.69945546794574 0.0
77.18118687446858 168.72052563232648 0.0
93.28800242286907 1.127157011323754 0.0
142.28066678071224 3.6672245267743486 0.0
135.4529403613281 151.01358513616745 0.0
96.54239996604134 15.709235826368694 0.0
99.54287099026011 6.7018794919580404 0.0
41.073612227248766 95.33405446530882 0.0
25.538833678636497 121.26835565506661 0.0
121.11223559990883 140.9666736445019 0.0
65.84988413671584 161.79652669174646 0.0
113.82185501333078 20.02089977050896 0.0
74.53597475721452 75.87932722140975 0.0
144.20652018180914 169.35131581396774 0.0
199.3241548476597 102.29800969739323 0.0
131.86146063032533 73.41770794487945 0.0
177.27869935668602 19.365250364017328 0.0
12.87735245170676 126.6377334096579 0.0
92.21226176281907 133.20911190672726 0.0
104.06728964093482 185.81780178347677 0.0
190.40185076509795 48.31348833300056 0.0
180.78728483217003 49.21601859848997 0.0
170.89985657217522 33.91981802990311 0.0
124.97251396007161 160.70529728828055 0.0
167.7070105500062 2.4338266711041667 0.0
166.61329435114226 30.668679066609105 0.0
23.300628564925162 149.77016859644127 0.0
189.74610559764469 189.67302039389514 0.0
16.488219524334568 172.60691848868095 0.0
103.13678989111865 146.6312130744176 0.0
152.28284197729377 73.81085309937603 0.0
86.18441385758162 10.077284833726008 0.0
47.47344070816055 94.83360576818423 0.0
12.175903261799492 149.34260863181638 0.0
152.78974001613085 72.667806316784 0.0
123.87322489406483 121.8357154068981 0.0
141.03795422776417 108.99134882842685 0.0
90.51629445695535 73.29206765551251 0.0
160.3100565361061 60.41706713556116 0.0
110.67643303035067 129.77439999890643 0.0
102.346014909248 11.304071329718802 0.0
141.99679160826418 143.36813750601496 0.0
68.3548353701208 174.37614206597976 0.0
36.70762684406708 127.93058590870467 0.0
28.076946116787017 179.43160079606696 0.0
140.90599913930785 26.916558216753938 0.0
62.59689216806472 56.71811340038329 0.0
175.94086396562153 92.21722618696371 0.0
157.39199314223617 199.08501650589784 0.0
161.84627062841116 121.1130391053842 0.0
69.3290993720276 195.81475059582826 0.0
165.616819874442 97.85555726553523 0.0
129.79812906766327 71.07409515830012 0.0
161.22113368991018 17.05722986634026 0.0
165.89776808833258 131.21489314623742 0.0
73.60063381351448 27.982024013665185 0.0
22.565063391845964 127.69315871566663 0.0
145.50256189241708 131.99413410737486 0.0
50.767395401352466 176.16431435004105 0.0
113.84762071566217 89.83574691203712 0.0
190.3517730021699 37.351561023332124 0.0
111.43426298005552 151.0692170181032 0.0
120.87298383425025 161.57335659061246 0.0
120.13318865330795 104.93281618775181 0.0
179.69870892541968 126.3550118088429 0.0
193.3272219530403 170.02344172223934 0.0
153.9162357742759 155.33856094651995 0.0
138.2031381557451 189.63365677515517 0.0
41.042011849944274 96.7440625783049 0.0
102.60384857762621 80.2345172939861 0.0
43.261816156715696 160.9245534366948 0.0
146.5006247911291 92.5097057322534 0.0
10.905906243965923 69.09597536418819 0.0
194.74682930100084 187.51056765829034 0.0
83.08999367570668 49.112436049511764 0.0
165.62603735313868 104.91565044797562 0.0
186.92961947355974 129.19619602402278 0.0
148.80907933474566 106.04250584554134 0.0
151.46185232589622 26.82092548937165 0.0
66.68604771754359 111.17348268106801 0.0
68.38499127472389 7.4857230798205165 0.0
94.64093511557563 18.921345172165882 0.0
188.95337609257896 196.90651610198915 0.0
38.688038515028445 194.77463613738945 0.0
84.84105888830717 170.19059528777473 0.0
72.99091585175599 46.62669754502715 0.0
20.51460306463946 12.848866698608052 0.0
125.13622280003847 67.00641941302506 0.0
85.63186814883295 51.03978445772383 0.0
163.63624353773872 114.89272473375165 0.0
18.210153278048622 82.22770413162397 0.0
89.98565441141571 34.409028401264806 0.0
12.783752622617971 2.477667538098327 0.0
66.6994158727465 163.35777045714931 0.0
152.49733699505543 22.897507416830166 0.0
123.11042383308244 71.4693812833025 0.0
30.05836237866415 195.2774345212955 0.0
172.30705573851714 186.40393465750313 0.0
29.698116434383227 125.76613263443176 0.0
145.44222185926262 14.957972283850962 0.0
30.767617432496543 145.46157489276248 0.0
3.7472914388015255 47.59283718040239 0.0
163.32117385117212 28.0837690639143 0.0
123.93559716493678 146.3151318527923 0.0
97.01692854118582 197.4357857676869 0.0
169.28195245058848 59.10384266470934 0.0
176.8903127883769 51.14834059131215 0.0
56.51612435869209 78.49276279418902 0.0
133.03285889961336 142.2424757310144 0.0
7.769738032102302 167.58094766673315 0.0
85.93544688847776 106.33368174920155 0.0
137.16770282041816 113.65794149389103 0.0
145.23152918308097 199.84015835086004 0.0
163.25674923579055 37.79462715517528 0.0
56.80249398429744 123.34671120644086 0.0
61.31530869925492 88.16457744670218 0.0
91.6839826996916 44.31500027811659 0.0
173.69048057658682 175.52486971312624 0.0
89.93828233628538 4.619891834847589 0.0
81.65935927948291 171.19938463377434 0.0
73.63479074586097 0.9306912424563052 0.0
8.913663393782723 81.07165537031062 0.0
125.3068686914491 159.74513013437698 0.0
74.61803742173502 133.50842500641826 0.0
91.7301015173413 193.92300665577346 0.0
143.09409738992844 74.79910987220859 0.0
117.59344506675184 123.85550100153948 0.0
127.53372783664052 52.610449314792994 0.0
39.611435020859155 73.94519884082634 0.0
196.74678042870983 86.11962954238572 0.0
78.85205064787328 13.860919330183297 0.0
6.799890546538356 70.90334173126259 0.0
57.53144969049018 4.070544382757846 0.0
33.50458483393037 147.32416733129244 0.0
136.25344302997047 26.44409525554787 0.0
117.06460822898903 73.06984135281762 0.0
18.647919078879415 33.25827749856924 0.0
46.7937142756238 183.66497569798065 0.0
102.58927217564636 31.722997348726324 0.0
11.667006137852365 199.18885746316357 0.0
170.65218456056562 36.18911324258847 0.0
21.570176074380765 141.09705205229523 0.0
107.18887108362789 166.4860458335013 0.0
164.46285729158214 159.95858591154374 0.0
5.388344769259956 48.37669326101934 0.0
6.273573045372549 143.08449448713716 0.0
84.90488253928268 180.90632718791818 0.0
163.19559695647922 170.43769729529956 0.0
79.11940151273744 75.46112662117498 0.0
80.15439457885942 17.87807462311686 0.0
170.824004648038 142.6410626333728 0.0
134.56898609886412 168.71084453637087 0.0
156.096624377308 105.59095395813318 0.0
151.13112448971125 187.67024870623925 0.0
98.35904919085716 152.22256673928067 0.0
61.177697007742736 35.8847322265327 0.0
98.08842082075077 103.79966723128184 0.0
169.33336768446972 161.03383778501725 0.0
148.37864467666887 173.64698378040197 0.0
100.45204735088116 183.82100576238437 0.0
172.52488306859522 17.283198270111157 0.0
191.48725804418387 120.05069794543537 0.0
47.03073193730465 134.06700380221838 0.0
65.77315735597895 127.01219519430656 0.0
101.91433586553566 70.48445922788854 0.0
181.29941066630857 143.5365145726121 0.0
59.91621245204686 96.49484156108721 0.0
79.91475786997349 105.00699714237582 0.0
27.188114511391515 78.89130490920576 0.0
80.99565553192396 57.7681086728083 0.0
180.26889873745768 159.42172648816913 0.0
60.96791057711957 71.79111331217594 0.0
7.629782494458515 160.4541178092074 0.0
139.1708172316816 156.11936985312042 0.0
158.7980956971538 187.26013767002294 0.0
150.90489048061826 18.529891710591496 0.0
130.04510308828216 73.52924426945893 0.0
130.10575248476118 79.01218164076435 0.0
172.85001144102876 125.51504838614073 0.0
46.93846659646568 46.079050189284374 0.0
149.82896975435037 60.2546181888304 0.0
149.70794435691442 195.5885118538176 0.0
182.5442594133623 104.59041866666539 0.0
45.832871197430556 53.669712024661685 0.0
36.585560542904204 124.26369191587732 0.0
123.23189620431828 78.50995174893805 0.0
71.54173229570549 186.13718699951875 0.0
61.32265034246407 160.1740167707577 0.0
46.95797348842839 121.64405397446214 0.0
9.935512490605491 113.29094073292092 0.0
120.10005438968408 55.84904286354975 0.0
124.79568751956668 24.357525663026113 0.0
197.32356199842062 94.04689646246527 0.0
139.82881530203906 133.57193205140615 0.0
8.072900396190153 16.612173102402483 0.0
129.39663635078307 80.52471610190328 0.0
59.01126746513621 122.85360895731725 0.0
167.67116731692062 23.738779454964476 0.0
195.50936196412997 85.9152653058291 0.0
27.707002033285598 155.96377406332647 0.0
48.697166608791576 33.30577650714146 0.0
179.37328895943946 80.29450339832714 0.0
178.50974678274568 51.42604316953437 0.0
143.1581655797463 186.59697449471875 0.0
36.63449352901959 127.50478850578205 0.0
135.96031052950934 173.38981661076753 0.0
167.99389175289946 188.64051120203266 0.0
105.33352645696452 197.24284513257973 0.0
145.37436440387356 175.1873106985322 0.0
90.2521038254318 199.91854524165774 0.0
189.03837948168584 194.51125080482882 0.0
169.31607705745938 162.89644701356164 0.0
61.6335169672368 141.18292397438498 0.0
61.41715640267606 169.5842643244475 0.0
48.43881563168213 140.96093168335912 0.0
129.23764569775616 17.433909000640835 0.0
33.96521372778005 178.46011215616474 0.0
102.55622553503272 115.3443567787784 0.0
68.15348633374636 102.18734634233306 0.0
86.18602770075891 126.14758684916698 0.0
178.88968811554963 65.66689201354788 0.0
146.47203651154754 69.63778042131001 0.0
132.28459044757489 159.6661986781371 0.0
180.6263083111648 188.51800052567822 0.0
168.14024526642518 118.07231390393098 0.0
64.7812489244481 197.80277157648024 0.0
45.25331968532922 138.7578963074132 0.0
49.49253590655116 187.62885026880616 0.0
19.68139216018141 50.81510689464599 0.0
25.524977933210646 30.09072952464178 0.0
48.82506035869909 80.82457019389169 0.0
18.10614313040606 52.63134408131336 0.0
165.15513713459947 123.36567739996991 0.0
84.43408670939957 183.6825625328607 0.0
195.64090482809212 104.76365614921104 0.0
87.07719245334754 150.66412075131046 0.0
16.411820080316787 144.1077634986357 0.0
195.0055206561499 16.113702452915966 0.0
126.91180154861372 161.86416193202368 0.0
24.344842298685275 174.63493105623732 0.0
103.78161184874514 163.94594949494353 0.0
72.54591003773754 101.51408502306414 0.0
51.93152136071468 37.89200369495196 0.0
122.51318623449279 43.27045512497105 0.0
108.74301586553963 137.84531457697204 0.0
197.33875482647522 71.06929242729387 0.0
177.06473464749925 6.310528053113895 0.0
31.63877941195654 79.8403664575816 0.0
163.64459243833437 83.20947228905409 0.0
92.09133048552829 9.109171639912672 0.0
81.86642320017094 186.54260501389763 0.0
127.62605094577052 185.96201610774858 0.0
41.13614189368047 114.00321357725471 0.0
58.81767170825513 46.2301027574489 0.0
189.98893184442193 111.18042741321467 0.0
126.38689406460031 176.89191756281812 0.0
105.96561918596609 179.52604737791918 0.0
10.31383690765988 40.85725915791683 0.0
132.5328017128561 56.049332062453125 0.0
103.92066401982414 94.71028214687576 0.0
151.79802356383422 186.74288578069985 0.0
81.38170169808552 90.65301431791912 0.0
51.49775429124552 137.0318929903017 0.0
132.4708204462782 165.80488531959347 0.0
95.71249868397582 35.07805001695586 0.0
154.95751247494093 65.17780881542777 0.0
140.99000239638067 27.55846340286716 0.0
192.91450525797455 119.06050326541448 0.0
153.03393295141314 142.57898884619806 0.0
88.30153923167386 1.2097143051044812 0.0
173.84216631623056 0.6705314851968014 0.0
73.54125849984874 31.160147991769893 0.0
165.1552284209253 92.3557857536935 0.0
74.40493504014474 52.12891709691847 0.0
11.302020444006144 49.56306219728053 0.0
15.377149827459657 115.40439546518677 0.0
3.0066159555830696 78.20288378480451 0.0
23.770205408607083 132.773440081309 0.0
143.44635310719042 90.51206650800614 0.0
114.21059509092456 120.45500669177545 0.0
18.828123882282433 78.3091059192928 0.0
101.72139941379758 51.17223473456738 0.0
157.97619025510295 102.09369986024464 0.0
139.4760298967672 55.40912285991146 0.0
168.90157933036105 135.96237149895782 0.0
6.400367706812515 168.56203198314353 0.0
85.04956288805059 104.60112684019079 0.0
80.15180052104523 7.61027468473392 0.0
79.89826886469702 176.15525664729668 0.0
22.60532892937679 79.09409111113219 0.0
15.808177670107803 133.56534804589174 0.0
177.82842765615757 69.60247068099905 0.0
181.49863014879242 36.997687435846615 0.0
136.6278974152022 50.63716843441877 0.0
42.254178059159585 11.286317025171666 0.0
57.10353630947252 41.63358215216917 0.0
77.94013552191244 44.84301059344482 0.0
147.2449880566273 18.08290304026827 0.0
16.133198934058136 170.28055370869816 0.0
13.459725055350624 26.114314954249007 0.0
181.149645348467 112.03372008225341 0.0
158.02167819554603 170.5599040629345 0.0
74.48009725773717 32.55149429154767 0.0
168.78154427906554 80.43898433213441 0.0
78.116506762647 186.1730143013272 0.0
86.0814111263782 23.962797888833887 0.0
129.4834708590522 98.58888382679525 0.0
54.6679266496539 144.57434563408202 0.0
155.1626115915085 129.82852631656533 0.0
72.49969110554744 120.20242290431342 0.0
170.3253076390554 150.00334866647404 0.0
33.696261811939785 109.82277319798659 0.0
51.76565182661417 159.57440634817218 0.0
129.47759336045848 144.58352107664007 0.0
74.65196222109213 19.702572732602896 0.0
18.79438551907471 145.16598210054673 0.0
166.5919071268315 23.278040799940094 0.0
9.451306047664287 102.7160648074092 0.0
77.33273827543474 33.51515365886686 0.0
0.8767184092060676 47.595562711263284 0.0
88.39469990438415 144.53766305740223 0.0
131.29393377590006 48.36657877981298 0.0
94.16233463260133 77.16847486879782 0.0
144.9008201772669 32.83660469873808 0.0
74.43484800640773 13.177070303709403 0.0
48.76586756052554 103.65559970931355 0.0
148.16335145968867 92.52686185601935 0.0
64.50063159840273 32.870619336456144 0.0
149.07932952026118 150.7037358529504 0.0
196.36991059191712 163.00762328834963 0.0
196.14519060978935 56.99620823067526 0.0
135.35256137555157 16.664020364241683 0.0
45.23444650147705 29.63654168058254 0.0
97.76748405586098 122.25971848752475 0.0
103.17550022522215 150.00137705050852 0.0
157.43081692756294 100.50844526826135 0.0
61.26966191946688 175.60939233848595 0.0
71.91204427395981 124.33509740914393 0.0
162.62052601685224 60.44259727338106 0.0
126.30806009445035 64.37913104216473 0.0
156.08846367509022 131.15696622674614 0.0
122.05611735849142 162.88784022705727 0.0
9.41050588918515 39.03711465610129 0.0
123.65779730697517 140.71759798002967 0.0
55.002416574158715 10.088837097472304 0.0
142.78806029798974 35.32512450343815 0.0
24.186450962001427 149.45234822878842 0.0
187.11463139075687 192.04492261892761 0.0
189.0646890557579 21.358205371479478 0.0
30.254884632528434 86.61308838099644 0.0
175.9845137332092 22.136798258595558 0.0
69.64868173409471 43.811786326551385 0.0
140.51932433793522 191.33156005999174 0.0
130.72735147275858 35.272663530209655 0.0
101.11417765520483 64.75495832213598 0.0
48.610450491424075 188.89165068717796 0.0
117.02246380348285 163.36542295534414 0.0
112.66362186761557 22.9715922866913 0.0
65.88658956882432 133.13249379171293 0.0
194.6022910498647 130.12318806687998 0.0
27.29179377847919 3.596473531099087 0.0
197.4276578637022 79.11888588212483 0.0
110.84921115264737 116.61790210179387 0.0
160.33283242670578 77.30831404091055 0.0
180.84048164084686 191.85134479635326 0.0
133.81870445486254 41.86798141725021 0.0
124.18307059860129 141.76693647233873 0.0
199.61054115725923 165.07202904032908 0.0
84.45180833659778 26.58224698362006 0.0
151.56800455158609 26.934829148357075 0.0
41.918857726851954 148.256048688559 0.0
176.63270728570123 7.990330964174075 0.0
58.05080049392615 122.73474358773416 0.0
178.95910548096313 185.63716922588782 0.0
22.628142260813156 40.93105959802674 0.0
175.7260673107711 59.39242548575978 0.0
42.6290766634005 131.4539275322461 0.0
59.727892755553526 143.56127565020455 0.0
94.24591228166166 71.89734719738175 0.0
171.69537007045744 90.2435270918418 0.0
22.879146799422443 60.53517147902625 0.0
154.39871707247053 161.26235654766512 0.0
20.680708112841018 156.55779226199365 0.0
70.93608798672837 154.51445523148644 0.0
137.1944644478221 24.52580883602209 0.0
161.21274283046068 108.40491684426874 0.0
185.8686455114891 77.50472519722817 0.0
83.46751557944154 57.44431116280791 0.0
197.69143350185507 103.38392990970107 0.0
41.80490349779191 192.74931267315162 0.0
142.92747377717012 180.17212151525482 0.0
36.042560488503916 193.102480107544 0.0
192.90963769903215 38.600535018182256 0.0
186.78557572745288 35.39073355773563 0.0
126.06702672983945 14.154300046857449 0.0
86.49044358144255 67.65615936501537 0.0
195.84655283557515 145.69134375052982 0.0
6.383329240269386 133.65688492017748 0.0
72.91227028195007 24.097381722998733 0.0
149.4485344093021 74.749747892522 0.0
149.98296963779572 71.96446195507609 0.0
181.30495526952467 3.070623348198964 0.0
154.8951808769916 44.06975856525097 0.0
193.63960564325586 139.4022875729096 0.0
55.955400678234234 78.47020713236417 0.0
58.96901286851557 139.78376203564977 0.0
63.37170769320251 199.31780240763823 0.0
20.850775968212922 96.82920077927602 0.0
131.5316977857405 175.0392714638354 0.0
130.26918677171471 194.88832714208883 0.0
149.12012292020407 69.31307341981491 0.0
186.77032224779694 122.59463515695586 0.0
167.54616674837837 87.31555146405796 0.0
172.02364991737127 2.011507818710312 0.0
162.87695191253567 15.997313088422604 0.0
173.8386706701136 180.50057231590296 0.0
152.450350624039 84.68983093820277 0.0
90.26674369372954 149.6005463732295 0.0
194.56672941331138 31.131396789930953 0.0
176.269805803211 104.61905456697578 0.0
88.13586829542557 148.04060897965985 0.0
149.53917050681446 39.30380983093818 0.0
58.88187646998999 106.65458872633333 0.0
107.39932233303176 181.87369682605828 0.0
169.68538272674581 6.188299922636609 0.0
123.33297149882789 21.85433257791265 0.0
24.868936784897254 181.96024902502916 0.0
89.51540460635994 151.57677076429644 0.0
151.7081257919108 19.969062711960195 0.0
150.84756001102676 51.862010248822756 0.0
37.17737324517747 171.9943521655406 0.0
136.3289453405174 188.32811326500132 0.0
173.91608542401474 142.8345029962031 0.0
135.2130076242051 152.92075391683474 0.0
26.62724533119951 30.082938222189437 0.0
188.23910501358932 84.68208815097 0.0
168.59720297973988 36.88352775809567 0.0
168.33690850494696 34.43686074397849 0.0
157.75196367774603 49.394911219678605 0.0
110.55049200449534 99.98887559451799 0.0
22.641765544615545 73.23253469358382 0.0
117.53098461810237 51.584768588440525 0.0
110.97241119457281 56.946233075013566 0.0
114.79828436819525 191.816337545483 0.0
116.77829189894346 195.63028618895345 0.0
159.0737530633041 149.79656248586218 0.0
147.05864043171144 4.051973616308047 0.0
113.33751354848162 196.3586516331075 0.0
114.6751311429893 76.22361583470885 0.0
93.86547025004187 85.19137218889838 0.0
151.53543808621882 107.13228452341947 0.0
167.35271617470647 174.23809151716245 0.0
124.56403544834956 42.38028305295576 0.0
130.33161307435103 62.351003350141895 0.0
106.6879678258629 142.77868764550013 0.0
38.44430984546094 188.10603736574285 0.0
6.041960206764219 103.475211693828 0.0
69.73114906453534 180.8479877262688 0.0
88.82378083633174 150.98680961540276 0.0
103.94781708916983 28.449616786839194 0.0
44.70732473107839 56.5463462213212 0.0
79.02582138630976 131.93230707165853 0.0
138.44741569826832 50.46193384451752 0.0
146.1422948947345 54.01013588703745 0.0
67.28700615113266 99.72639561674315 0.0
86.46676474977637 36.78311169991115 0.0
1.0038308071181001 119.90350330809463 0.0
175.50414615625124 163.21957114434983 0.0
119.91031307033052 32.3566881893323 0.0
85.05459019176828 167.7315766228067 0.0
185.84696693801465 149.17489603079775 0.0
98.16261529064185 163.06140246793373 0.0
82.18615947159856 170.68944467515615 0.0
79.02931587073529 143.86121475501253 0.0
41.08962505416092 114.26471844125174 0.0
87.71316672396512 51.76197319508324 0.0
39.73972567162265 158.08462873884795 0.0
58.54631015991265 42.39191377372167 0.0
191.9909644115123 79.94582972685262 0.0
171.54504403489815 181.7187184930109 0.0
87.86484916381809 98.60772547266149 0.0
37.69449453584417 117.25386263956807 0.0
140.53782542972883 84.03839153143579 0.0
191.83923974359402 119.07139576173984 0.0
88.9483710541556 92.93459955682135 0.0
41.01313199042605 66.25770440345904 0.0
73.87618983278304 7.183142716024937 0.0
151.39310349894757 66.32270767945676 0.0
156.32271222273985 105.4697851657645 0.0
