109.57825381991813 69.47675090989232 0.0
128.28304356179626 42.077840332273844 0.0
88.10261530526809 6.595604700151325 0.0
199.833570425402 81.62185845706425 0.0
124.10983838713878 53.70133677645477 0.0
104.82525952393931 2.762038673029732 0.0
42.192680809737325 27.683726714326372 0.0
152.7033818116468 129.93917216237128 0.0
111.74375862372712 147.6063539382979 0.0
153.50272091514506 137.90989193389856 0.0
120.07091204684515 124.62707154823916 0.0
193.42425568196313 1.1330453434556187 0.0
24.557835046297516 7.631560148894523 0.0
185.77366033691527 82.4171159501381 0.0
135.53630352527165 175.16226475727018 0.0
99.02559118554099 161.66488417976836 0.0
58.293989555803826 23.795248304264494 0.0
18.660387557015532 68.24679797815097 0.0
105.64982473594084 118.9378796363072 0.0
160.5528278003728 199.4799111214792 0.0
181.7865426514025 46.09062748536628 0.0
21.07520357949728 182.88446094830192 0.0
33.53795483491058 128.93639069872583 0.0
22.70996443312452 71.3355327727012 0.0
67.08628824818466 165.1912746836096 0.0
93.84984816216142 147.9225596934274 0.0
36.032645430907316 171.9709195388778 0.0
7.596314341892985 61.274723335657086 0.0
21.061653992116703 29.49690037590924 0.0
196.7498834834421 12.305590665903999 0.0
41.928949707917404 65.28788995716697 0.0
160.8187782569495 69.77571427965952 0.0
169.25813650129734 30.550746366564987 0.0
85.75514024414754 4.7671315116506685 0.0
136.64159560132225 186.3069036869453 0.0
108.26081153126937 103.10915647408085 0.0
192.79730601582568 138.85975624437611 0.0
173.8875588705784 39.98997860288562 0.0
79.04172784694393 42.52908622264388 0.0
61.78941388954669 82.43408866255209 0.0
169.09657137550445 22.14887114494548 0.0
78.8676042585251 23.020730190451523 0.0
166.25505042788916 158.64510530989443 0.0
162.18134293946835 142.16391875070195 0.0
117.19107580359487 128.08062245902047 0.0
70.88060609617357 146.4699758269496 0.0
72.20269407633782 187.8741786522816 0.0
197.54981593895363 37.133648966663536 0.0
98.4387907362097 63.47136076578084 0.0
83.73414211066057 25.029399488360582 0.0
135.66596435924234 4.565286806526836 0.0
185.55295909766096 128.09963928351033 0.0
173.39026013194717 52.035246438320804 0.0
2.68784458851421 161.83701217968988 0.0
23.656290534735234 185.09182586435693 0.0
157.66523165356682 65.10317145528755 0.0
165.60405505077182 102.68737547290631 0.0
192.23676986646205 91.22180506103734 0.0
145.87158286227557 134.0709591062267 0.0
133.79310039419457 138.2289605343051 0.0
33.18936262453891 170.43721814331886 0.0
77.12969177133351 192.35901354765514 0.0
46.02030514228688 162.9389782210698 0.0
125.51619037318196 115.29000586146016 0.0
98.85681540176792 41.90364121385488 0.0
39.90342443286809 18.367302791903573 0.0
45.79439417239441 77.91379767668035 0.0
56.23518600165003 35.96992094667537 0.0
39.25888237104949 127.48275538728475 0.0
148.21459356268446 35.37909033264235 0.0
67.27245359542071 84.37597777151937 0.0
136.50772167610629 81.95404631436922 0.0
184.40109602881304 192.19986319168916 0.0
75.24997205403501 116.11524032404542 0.0
9.534298691950681 64.69939548219902 0.0
82.85348694851291 92.58057562812816 0.0
127.90528927434359 107.27672067027052 0.0
26.49668127642757 182.49545986831734 0.0
105.2682035967027 136.56289754267812 0.0
18.309849475246722 145.54296787705852 0.0
98.90614182974855 154.4453836077087 0.0
136.15352740169902 41.81551116489446 0.0
133.15208693394243 48.77418748975695 0.0
143.01920435930384 72.17485954671048 0.0
196.36230980554393 65.03990083099079 0.0
46.464683238539074 111.022643016298 0.0
11.789842809911644 21.63711272778306 0.0
113.12930394864391 26.848751047168108 0.0
36.56329058806402 25.897067203755462 0.0
33.25698640216566 173.62036285380339 0.0
150.9841291534312 88.89370020470378 0.0
116.28784674048434 80.01971261363623 0.0
14.613423329234564 134.09753014452045 0.0
90.96210154905239 163.73388278763528 0.0
186.12680097114097 48.27214996574449 0.0
82.01252133991098 54.445382462002414 0.0
30.674110159688194 32.578457817484804 0.0
40.40480707259733 21.86745174193563 0.0
171.4883049788835 177.67199361581766 0.0
115.21782435575089 74.11344131994326 0.0
181.74563903425224 108.64906431639085 0.0
172.6386197169624 116.88483118329238 0.0
158.18722168557926 124.01777447843654 0.0
91.17984371172511 145.4078972108149 0.0
169.7697842278713 87.44018657909265 0.0
192.1100666788049 178.74416673621127 0.0
132.6212311579643 21.812371545620614 0.0
0.22029496338857868 140.04534821961917 0.0
26.834474493911408 102.3192158038962 0.0
72.43277842099513 136.51848488211215 0.0
141.14078540008558 148.42132847691462 0.0
80.39102445061704 199.3125764897947 0.0
8.261745136042919 174.3016034372922 0.0
88.05274306047967 106.23314601138647 0.0
76.74667267884247 73.1193589158401 0.0
26.440280287193186 29.136589026060932 0.0
154.36024761437227 82.49021321170824 0.0
135.085879163108 23.051356365227527 0.0
53.59278802190764 106.93031934644397 0.0
13.341939685277747 5.518480903805334 0.0
71.62356720969025 57.57370801046273 0.0
104.60925439653579 62.33913421176271 0.0
145.07528180827057 110.29190271464941 0.0
122.66901000759496 59.862300535235406 0.0
134.15557319267458 180.4153369158628 0.0
121.68715306762321 44.140908789121866 0.0
111.28944985156932 165.57625313999054 0.0
10.09257565384094 163.73016891314776 0.0
156.1040922550506 17.76325608333227 0.0
113.41325890067999 65.59700281870744 0.0
191.63549964355056 71.4978398790544 0.0
102.28753052588648 82.55496510287028 0.0
35.8841162385017 77.11369664344755 0.0
19.250190355646545 55.834253117222296 0.0
88.35450400375913 66.43972977145181 0.0
61.52625178700497 117.84170622359211 0.0
122.97181852705677 112.75820715208333 0.0
6.947686135001829 197.86106630432084 0.0
116.77579154173881 37.72961272091682 0.0
106.2415561498133 7.38903402741713 0.0
108.05061249048778 165.0462465376427 0.0
107.32059324186771 11.9980553559625 0.0
148.05700322145864 123.896768616189 0.0
25.840104838969324 3.0618990644527777 0.0
87.29053081479314 64.89433867429616 0.0
131.16803123402315 145.3756419171844 0.0
20.19807486505927 66.94122444603377 0.0
178.0475790918042 195.64679642774146 0.0
101.54212185439712 185.57306900055312 0.0
181.61488354618155 162.029732871469 0.0
143.11040319784004 121.64640475199569 0.0
7.0668146946751165 6.320788607609629 0.0
101.22618803574028 73.80316858476029 0.0
125.15690160839381 78.12685757053987 0.0
73.52242099891093 178.96645711801517 0.0
70.83020698740312 14.26549510565598 0.0
137.70054009515 42.191907942322324 0.0
34.690693332335876 36.849887632806656 0.0
85.50287621233235 10.519539449225835 0.0
15.627576323698843 139.9574050373596 0.0
31.88506684869146 55.041101140535886 0.0
67.80980271718893 167.47570336254998 0.0
12.383000350031836 191.2183356756818 0.0
186.3907830681984 53.665687903180896 0.0
20.926361332113963 89.55791716385755 0.0
93.64816257768422 123.17597489166765 0.0
85.85889233375997 107.06900169671351 0.0
10.916340232540534 128.68875891935653 0.0
133.6831329731351 4.499806526078021 0.0
31.552173339620015 42.07234311991843 0.0
148.05528671609602 105.16983651386758 0.0
146.30723385495386 108.86089180743419 0.0
95.8136809068483 198.2847147702492 0.0
114.86261390950072 126.077250511871 0.0
62.332039878347054 92.9409027198709 0.0
25.915281182171324 109.8600773192201 0.0
15.246674487773992 188.59791021434523 0.0
143.08769269790207 82.05166659335958 0.0
198.6144956947702 143.6158540386717 0.0
95.06516970291506 23.84841890606877 0.0
148.816460975043 95.52663781664026 0.0
35.748452253793104 119.81094479460859 0.0
119.02908363247133 115.02722239620394 0.0
73.8415354039758 46.976298081858744 0.0
100.84420455876149 60.25385350309378 0.0
51.17780131674794 51.510092735730574 0.0
39.62528246420365 138.7164088058828 0.0
35.22024266963912 99.28153085312633 0.0
54.446042431375076 81.34228808362897 0.0
83.55436241230396 86.93968813141184 0.0
93.9653100139998 86.39964395952259 0.0
136.82517204141817 156.51482972208726 0.0
86.34957846335871 0.6400787083181259 0.0
101.45250565494761 169.2636464145677 0.0
74.36270340529995 170.82112257454955 0.0
94.59174531407135 163.4227732645092 0.0
65.9998957167018 20.83928106535349 0.0
41.189692808990785 145.7302048761162 0.0
176.55108615651594 88.02464146319431 0.0
136.618421169174 48.019530732939344 0.0
