2 585
5 877
8 881
9 202
11 434
13 610
15 979
17 302
19 999
18 750
24 850
27 821
26 823
34 937
43 768
41 610
46 991
45 926
51 746
50 554
49 412
55 570
52 604
59 316
58 769
57 703
63 170
62 229
60 52
68 269
70 401
66 636
74 202
84 996
86 379
82 383
94 523
89 448
88 778
91 192
90 384
103 609
98 252
99 536
97 841
109 389
104 300
105 127
119 75
116 317
115 601
114 989
112 519
127 153
126 472
125 383
124 853
123 192
120 213
136 761
141 239
140 729
142 119
129 988
128 642
134 55
152 393
157 749
158 703
159 788
144 44
145 370
146 625
147 781
149 434
150 665
151 38
170 454
169 173
168 847
174 632
173 362
172 750
160 122
167 526
165 768
164 82
184 100
188 723
189 989
179 911
176 372
177 128
183 955
180 284
206 859
200 165
202 515
196 118
192 335
221 138
222 468
223 406
216 999
217 796
219 127
212 560
209 116
210 532
211 118
238 79
237 456
235 793
233 177
232 804
231 655
225 509
224 677
254 518
252 446
253 197
250 610
251 139
246 292
243 970
240 367
275 884
278 371
277 909
283 531
280 150
284 355
256 40
257 283
263 901
261 148
267 503
264 707
265 275
271 797
268 93
307 75
306 686
309 158
311 586
310 976
312 472
317 878
316 866
319 203
288 600
289 266
290 177
293 730
294 582
295 435
297 555
298 705
343 963
342 83
339 344
338 117
337 598
349 195
348 556
347 653
345 779
327 36
324 149
334 941
335 687
332 952
330 405
331 872
328 495
373 556
372 16
371 393
370 253
383 837
377 911
376 182
357 84
354 331
364 810
365 514
366 627
367 894
410 533
415 781
412 125
403 372
406 505
404 507
405 58
394 741
392 763
398 318
396 390
386 659
385 50
384 200
391 855
390 153
389 162
388 673
443 500
445 302
432 493
434 432
435 504
439 438
425 537
427 962
429 198
428 990
431 581
417 117
418 719
421 602
420 629
478 528
479 999
477 516
472 949
473 649
468 925
469 75
464 809
463 498
462 937
461 910
458 419
456 97
451 888
449 547
448 894
509 42
510 802
505 817
507 839
500 707
502 157
496 678
497 652
492 932
495 562
494 854
488 477
491 136
487 245
486 553
481 310
480 981
483 723
551 503
548 790
549 140
544 276
558 802
556 330
554 197
552 719
553 128
567 3
566 667
563 893
561 412
560 350
569 759
516 837
517 128
518 506
519 884
515 455
525 97
526 268
521 654
523 316
533 199
535 374
529 7
528 658
531 968
542 510
537 488
610 454
608 472
609 274
614 688
615 970
612 510
619 554
616 676
622 846
626 318
625 430
624 547
630 130
628 70
635 142
639 181
637 258
576 192
577 848
578 560
582 642
583 715
584 780
586 774
587 761
588 462
590 684
591 982
593 762
595 194
597 287
599 573
598 948
603 843
602 317
606 617
687 676
686 387
685 324
684 842
683 721
682 275
677 80
702 933
703 373
700 303
701 402
699 814
696 27
692 628
691 791
688 970
689 779
655 72
654 193
648 935
645 667
647 502
646 852
641 480
640 712
643 717
669 950
671 80
664 106
667 237
660 225
661 362
662 581
663 981
656 573
657 147
746 763
739 787
737 382
736 757
742 815
740 937
762 765
763 256
761 517
764 288
765 130
755 311
752 342
759 692
756 295
715 357
714 343
716 852
719 240
729 426
730 888
733 444
735 119
720 605
721 890
722 433
723 508
725 600
726 802
800 280
791 601
788 475
786 554
784 747
799 267
794 422
774 903
772 521
770 732
769 230
783 765
780 777
