1 49 45.0
1 65 93.0
1 135 59.0
1 145 59.0
1 191 62.0
1 5 79.0
1 72 13.0
1 92 4.0
1 100 26.0
1 122 56.0
1 124 85.0
1 126 83.0
1 130 47.0
1 132 85.0
1 153 93.0
1 154 39.0
1 185 98.0
2 65 42.0
2 5 47.0
2 70 46.0
2 82 67.0
2 83 48.0
2 88 18.0
2 107 39.0
2 118 85.0
2 124 65.0
2 126 45.0
2 130 36.0
2 139 85.0
2 157 31.0
2 200 15.0
3 34 7.0
3 42 49.0
3 50 34.0
3 156 41.0
3 159 89.0
3 180 6.0
3 193 27.0
3 197 27.0
3 6 73.0
3 140 52.0
3 142 23.0
4 14 58.0
4 58 69.0
4 85 74.0
4 131 30.0
4 199 75.0
5 49 60.0
5 65 63.0
5 1 33.0
5 2 4.0
5 82 96.0
5 83 30.0
5 84 2.0
5 88 59.0
5 92 14.0
5 100 58.0
5 122 60.0
5 124 76.0
5 126 81.0
5 130 45.0
5 139 27.0
5 154 38.0
5 157 71.0
5 185 91.0
5 200 64.0
6 3 33.0
6 34 13.0
6 159 79.0
6 180 14.0
6 193 8.0
6 88 33.0
6 140 38.0
6 142 90.0
6 169 23.0
7 13 23.0
7 17 18.0
7 29 58.0
7 66 79.0
7 68 62.0
7 89 33.0
7 97 13.0
7 98 25.0
7 116 28.0
7 144 72.0
7 158 78.0
7 161 14.0
7 170 44.0
7 186 54.0
7 197 79.0
8 10 43.0
8 44 18.0
8 59 73.0
8 60 8.0
8 102 68.0
8 103 59.0
8 111 37.0
8 123 86.0
8 143 35.0
8 146 40.0
8 151 62.0
8 171 80.0
8 172 65.0
9 16 60.0
9 26 99.0
9 81 12.0
9 94 90.0
9 104 93.0
9 196 98.0
9 11 60.0
9 19 89.0
9 45 62.0
9 60 20.0
9 79 86.0
9 111 90.0
9 127 48.0
9 141 97.0
9 146 96.0
9 174 60.0
9 192 79.0
9 194 20.0
10 8 84.0
10 43 86.0
10 44 40.0
10 59 83.0
10 60 6.0
10 102 56.0
10 103 66.0
10 111 9.0
10 123 47.0
10 143 14.0
10 146 9.0
10 151 44.0
10 172 99.0
10 192 78.0
11 166 56.0
11 9 13.0
11 19 97.0
11 36 9.0
11 45 79.0
11 59 82.0
11 60 42.0
11 64 68.0
11 77 93.0
11 79 96.0
11 123 85.0
11 137 93.0
11 143 12.0
11 146 23.0
11 151 73.0
11 174 34.0
11 183 7.0
12 30 41.0
13 7 80.0
13 29 61.0
13 66 61.0
13 87 27.0
13 89 35.0
13 97 50.0
13 98 77.0
13 116 41.0
13 120 12.0
13 144 59.0
13 152 25.0
14 4 98.0
14 32 15.0
14 58 25.0
14 85 86.0
14 105 29.0
14 131 1.0
14 164 67.0
14 199 70.0
14 57 13.0
14 101 64.0
15 35 46.0
15 111 56.0
15 125 55.0
15 127 55.0
15 141 12.0
15 192 65.0
16 26 81.0
16 81 61.0
16 94 69.0
16 104 10.0
16 195 66.0
16 196 15.0
16 9 52.0
16 79 66.0
16 127 32.0
16 141 38.0
16 149 92.0
16 194 24.0
17 7 56.0
17 39 57.0
17 42 57.0
17 50 25.0
17 66 91.0
17 68 84.0
17 89 38.0
17 97 45.0
17 98 3.0
17 156 14.0
17 158 37.0
17 184 20.0
17 186 76.0
17 197 93.0
18 24 35.0
18 28 87.0
18 31 98.0
18 67 65.0
18 75 92.0
18 133 30.0
18 134 31.0
18 147 19.0
18 161 68.0
18 165 44.0
18 170 47.0
19 114 90.0
19 166 27.0
19 167 98.0
19 9 86.0
19 11 55.0
19 36 45.0
19 45 75.0
19 64 67.0
19 77 4.0
19 79 97.0
19 137 62.0
19 174 12.0
19 183 61.0
20 35 86.0
20 73 50.0
20 99 52.0
20 148 10.0
21 33 23.0
21 38 38.0
21 41 83.0
21 48 91.0
21 53 62.0
21 85 62.0
21 95 57.0
21 131 47.0
21 164 75.0
22 27 97.0
22 54 3.0
22 55 96.0
22 61 96.0
22 78 42.0
22 90 13.0
22 113 9.0
22 128 6.0
22 138 65.0
22 163 30.0
22 177 21.0
23 188 42.0
23 69 42.0
23 80 5.0
23 86 60.0
23 93 1.0
23 109 22.0
23 119 24.0
23 160 98.0
23 168 86.0
23 176 57.0
23 182 41.0
23 187 89.0
23 198 57.0
24 18 11.0
24 28 84.0
24 31 22.0
24 67 36.0
24 75 13.0
24 133 22.0
24 134 55.0
24 147 24.0
24 161 57.0
24 165 63.0
25 46 54.0
25 47 1.0
25 62 43.0
25 63 64.0
25 94 41.0
25 110 56.0
25 155 68.0
25 162 80.0
25 195 86.0
25 196 64.0
26 16 16.0
26 46 65.0
26 81 2.0
26 94 70.0
26 104 61.0
26 110 46.0
26 166 70.0
26 196 27.0
26 9 1.0
26 79 88.0
26 127 65.0
26 141 2.0
26 194 45.0
27 22 2.0
27 55 83.0
27 61 33.0
27 63 80.0
27 78 15.0
27 90 57.0
27 113 99.0
27 128 47.0
27 177 14.0
27 198 97.0
28 18 50.0
28 24 46.0
28 75 95.0
28 134 20.0
28 147 17.0
28 161 62.0
29 7 82.0
29 13 64.0
29 66 37.0
29 87 28.0
29 89 91.0
29 97 62.0
29 98 70.0
29 116 70.0
29 120 62.0
29 134 33.0
29 144 26.0
29 152 63.0
29 158 98.0
29 161 68.0
29 170 83.0
30 12 40.0
30 41 94.0
30 48 71.0
31 18 10.0
31 24 83.0
31 40 75.0
31 67 40.0
31 133 48.0
31 134 32.0
31 147 97.0
31 158 48.0
31 161 10.0
31 170 87.0
31 186 36.0
31 189 55.0
32 14 47.0
32 53 38.0
32 56 77.0
32 72 99.0
32 84 58.0
32 91 36.0
32 105 72.0
32 117 67.0
32 178 32.0
32 181 59.0
32 199 43.0
33 21 94.0
33 38 17.0
33 41 64.0
33 48 20.0
33 53 76.0
33 70 59.0
33 95 80.0
33 129 41.0
33 164 56.0
34 3 41.0
34 42 18.0
34 50 74.0
34 156 51.0
34 159 17.0
34 180 97.0
34 193 54.0
34 197 28.0
34 6 32.0
34 140 49.0
34 142 24.0
35 15 80.0
35 20 93.0
35 125 29.0
35 192 10.0
36 76 69.0
36 190 43.0
36 191 31.0
36 92 70.0
36 100 76.0
36 132 78.0
36 114 76.0
36 166 6.0
36 167 20.0
36 11 50.0
36 19 78.0
36 45 29.0
36 64 69.0
36 77 92.0
36 137 53.0
36 174 51.0
36 183 97.0
37 52 81.0
37 102 81.0
37 150 52.0
37 179 59.0
38 21 93.0
38 33 86.0
38 41 74.0
38 48 79.0
38 53 74.0
38 56 83.0
38 70 2.0
38 95 20.0
38 129 91.0
38 164 40.0
39 17 41.0
39 42 97.0
39 49 9.0
39 50 75.0
39 65 71.0
39 68 64.0
39 96 79.0
39 121 42.0
39 135 92.0
39 145 62.0
39 156 29.0
39 180 76.0
39 184 39.0
39 186 12.0
39 197 69.0
39 185 99.0
40 31 5.0
40 67 75.0
40 71 56.0
40 76 18.0
40 115 86.0
40 121 40.0
40 133 74.0
40 175 41.0
40 189 3.0
40 190 1.0
40 119 46.0
41 21 70.0
41 30 35.0
41 33 80.0
41 38 84.0
41 70 12.0
41 129 6.0
42 3 8.0
42 17 65.0
42 34 64.0
42 39 65.0
42 50 11.0
42 65 30.0
42 68 14.0
42 156 77.0
42 159 9.0
42 180 60.0
42 184 88.0
42 193 29.0
42 197 59.0
43 10 29.0
43 44 75.0
43 99 8.0
43 111 47.0
43 150 67.0
43 192 90.0
44 8 78.0
44 10 88.0
44 43 54.0
44 52 80.0
44 59 48.0
44 60 14.0
44 102 75.0
44 103 93.0
44 111 58.0
44 143 69.0
44 150 72.0
44 151 93.0
44 192 80.0
45 166 90.0
45 9 44.0
45 11 7.0
45 19 43.0
45 36 36.0
45 59 53.0
45 60 76.0
45 64 92.0
45 77 62.0
45 79 41.0
45 137 4.0
45 146 6.0
45 151 83.0
45 174 25.0
45 183 55.0
46 25 82.0
46 26 35.0
46 63 38.0
46 81 83.0
46 94 65.0
46 104 58.0
46 110 40.0
46 162 5.0
46 195 30.0
46 196 52.0
46 198 3.0
47 25 45.0
47 62 46.0
47 112 40.0
47 155 84.0
47 162 60.0
47 173 86.0
47 195 1.0
47 149 49.0
48 21 39.0
48 30 26.0
48 33 41.0
48 38 28.0
48 53 51.0
48 85 84.0
48 95 42.0
48 164 60.0
49 39 77.0
49 65 85.0
49 96 35.0
49 115 9.0
49 121 43.0
49 135 78.0
49 145 33.0
49 184 73.0
49 190 21.0
49 191 66.0
49 1 18.0
49 5 94.0
49 92 19.0
49 100 44.0
49 122 80.0
49 124 99.0
49 130 57.0
49 132 7.0
49 153 59.0
49 185 71.0
50 3 35.0
50 17 8.0
50 34 77.0
50 39 31.0
50 42 59.0
50 65 18.0
50 68 85.0
50 96 41.0
50 156 37.0
50 159 94.0
50 180 15.0
50 184 34.0
50 193 79.0
50 197 1.0
50 88 19.0
50 140 39.0
50 142 24.0
51 107 5.0
51 118 38.0
51 129 44.0
51 140 14.0
51 142 38.0
51 169 43.0
52 37 3.0
52 44 83.0
52 101 53.0
52 102 27.0
52 103 16.0
52 179 53.0
53 21 6.0
53 32 96.0
53 33 34.0
53 38 54.0
53 48 45.0
53 56 93.0
53 85 87.0
53 95 87.0
53 131 79.0
53 164 88.0
54 22 69.0
54 80 76.0
54 108 64.0
54 113 40.0
54 128 60.0
54 160 56.0
54 177 34.0
55 22 1.0
55 27 20.0
55 61 29.0
55 78 93.0
55 90 14.0
55 113 4.0
55 128 38.0
55 138 70.0
55 163 27.0
55 177 56.0
56 32 90.0
56 38 8.0
56 53 54.0
56 72 42.0
56 83 26.0
56 84 8.0
56 91 47.0
56 105 67.0
56 117 45.0
56 178 86.0
56 199 23.0
56 200 86.0
57 14 51.0
57 58 31.0
57 91 49.0
57 105 78.0
57 117 36.0
57 181 62.0
57 199 54.0
57 101 99.0
57 102 26.0
57 103 76.0
57 123 39.0
57 143 52.0
57 151 34.0
57 171 89.0
57 172 70.0
58 4 25.0
58 14 25.0
58 85 97.0
58 105 14.0
58 131 78.0
58 199 64.0
58 57 85.0
58 101 48.0
59 8 12.0
59 10 46.0
59 11 50.0
59 44 73.0
59 45 29.0
59 60 35.0
59 64 6.0
59 103 40.0
59 111 20.0
59 123 95.0
59 143 81.0
59 146 1.0
59 151 56.0
59 171 30.0
59 172 43.0
59 192 71.0
60 8 84.0
60 9 90.0
60 10 10.0
60 11 42.0
60 44 28.0
60 45 74.0
60 59 53.0
60 64 73.0
60 79 61.0
60 103 90.0
60 111 38.0
60 137 66.0
60 143 56.0
60 146 88.0
60 151 60.0
60 174 30.0
60 183 11.0
60 192 87.0
61 22 36.0
61 27 71.0
61 55 43.0
61 63 79.0
61 78 87.0
61 80 36.0
61 90 75.0
61 113 18.0
61 128 74.0
61 163 79.0
61 177 57.0
61 198 49.0
62 25 23.0
62 47 7.0
62 112 44.0
62 155 83.0
62 162 13.0
62 173 44.0
62 195 33.0
62 149 93.0
63 25 4.0
63 27 81.0
63 46 34.0
63 61 79.0
63 78 58.0
63 90 48.0
63 162 12.0
63 187 55.0
63 195 93.0
63 198 1.0
64 11 30.0
64 19 79.0
64 36 54.0
64 45 65.0
64 59 16.0
64 60 28.0
64 77 75.0
64 79 72.0
64 123 38.0
64 137 29.0
64 143 71.0
64 151 28.0
64 171 92.0
64 172 30.0
64 174 86.0
64 183 36.0
65 39 68.0
65 42 31.0
65 49 98.0
65 50 13.0
65 96 81.0
65 135 13.0
65 145 77.0
65 180 97.0
65 184 50.0
65 1 40.0
65 2 63.0
65 5 35.0
65 88 91.0
65 122 42.0
65 124 51.0
65 126 2.0
65 130 28.0
65 139 92.0
65 185 29.0
66 7 26.0
66 13 86.0
66 17 94.0
66 29 43.0
66 68 45.0
66 87 16.0
66 89 37.0
66 97 49.0
66 98 19.0
66 116 23.0
66 120 42.0
66 144 18.0
66 158 66.0
66 170 85.0
66 197 44.0
67 18 67.0
67 24 82.0
67 31 79.0
67 40 21.0
67 71 11.0
67 133 62.0
67 147 30.0
67 161 20.0
67 165 9.0
67 175 57.0
67 186 80.0
67 188 14.0
67 189 48.0
68 7 9.0
68 17 28.0
68 39 37.0
68 42 86.0
68 50 13.0
68 66 98.0
68 89 75.0
68 97 96.0
68 98 85.0
68 121 87.0
68 156 58.0
68 158 27.0
68 170 4.0
68 184 93.0
68 186 99.0
68 197 53.0
69 188 42.0
69 23 68.0
69 80 37.0
69 86 94.0
69 93 4.0
69 109 7.0
69 119 1.0
69 136 59.0
69 160 53.0
69 168 80.0
69 176 87.0
69 182 40.0
69 187 56.0
69 198 44.0
70 2 45.0
70 33 12.0
70 38 43.0
70 41 34.0
70 82 89.0
70 83 48.0
70 107 41.0
70 118 95.0
70 126 74.0
70 129 96.0
70 157 79.0
70 200 81.0
71 40 56.0
71 67 20.0
71 76 84.0
71 115 81.0
71 121 4.0
71 135 60.0
71 145 73.0
71 175 64.0
71 189 69.0
71 190 32.0
71 191 33.0
71 119 27.0
71 167 69.0
72 1 26.0
72 32 25.0
72 56 74.0
72 84 87.0
72 91 61.0
72 92 71.0
72 100 94.0
72 117 74.0
72 124 78.0
72 130 14.0
72 154 78.0
72 178 57.0
72 181 58.0
72 77 79.0
72 123 44.0
72 171 64.0
72 172 4.0
73 20 15.0
73 99 71.0
73 106 94.0
73 148 15.0
74 76 18.0
74 175 81.0
74 86 99.0
74 110 47.0
74 114 84.0
74 119 57.0
74 136 10.0
74 166 47.0
74 167 27.0
75 18 21.0
75 24 47.0
75 28 24.0
75 133 64.0
75 134 70.0
75 147 3.0
75 161 17.0
75 165 57.0
76 40 81.0
76 71 81.0
76 115 8.0
76 135 81.0
76 145 89.0
76 175 46.0
76 190 23.0
76 191 61.0
76 132 79.0
76 153 64.0
76 74 57.0
76 114 48.0
76 167 6.0
76 36 27.0
77 72 69.0
77 91 37.0
77 92 2.0
77 154 71.0
77 178 86.0
77 181 94.0
77 11 42.0
77 19 28.0
77 36 80.0
77 45 83.0
77 64 47.0
77 123 56.0
77 137 67.0
77 143 76.0
77 151 43.0
77 171 59.0
77 172 11.0
77 174 13.0
77 183 5.0
78 22 80.0
78 27 25.0
78 55 49.0
78 61 83.0
78 63 68.0
78 90 82.0
78 113 33.0
78 128 80.0
78 138 51.0
78 163 70.0
78 177 10.0
79 16 54.0
79 26 8.0
79 81 42.0
79 104 1.0
79 166 95.0
79 196 51.0
79 9 73.0
79 11 21.0
79 19 35.0
79 45 16.0
79 60 23.0
79 64 90.0
79 127 28.0
79 137 38.0
79 141 74.0
79 146 91.0
79 174 50.0
79 183 48.0
80 23 45.0
80 54 49.0
80 61 60.0
80 69 55.0
80 93 90.0
80 108 78.0
80 128 82.0
80 160 77.0
80 168 10.0
80 187 22.0
80 198 63.0
81 16 91.0
81 26 55.0
81 46 15.0
81 94 85.0
81 104 26.0
81 195 45.0
81 196 68.0
81 9 16.0
81 79 58.0
81 127 6.0
81 141 2.0
81 194 4.0
82 2 21.0
82 5 29.0
82 70 10.0
82 83 55.0
82 88 94.0
82 107 12.0
82 118 1.0
82 124 20.0
82 126 71.0
82 139 82.0
82 157 73.0
82 200 2.0
83 2 5.0
83 5 90.0
83 56 25.0
83 70 64.0
83 82 11.0
83 84 24.0
83 88 24.0
83 107 5.0
83 118 94.0
83 124 68.0
83 126 18.0
83 130 64.0
83 139 64.0
83 157 17.0
83 200 96.0
84 5 90.0
84 32 66.0
84 56 87.0
84 72 53.0
84 83 26.0
84 91 20.0
84 92 48.0
84 100 79.0
84 117 26.0
84 124 64.0
84 154 49.0
84 178 12.0
84 181 63.0
84 200 15.0
85 4 38.0
85 14 2.0
85 21 33.0
85 48 19.0
85 53 54.0
85 58 8.0
85 95 25.0
85 131 79.0
85 164 42.0
86 175 29.0
86 188 89.0
86 23 99.0
86 69 90.0
86 74 77.0
86 109 79.0
86 119 87.0
86 136 23.0
86 176 70.0
86 182 27.0
86 187 83.0
87 13 59.0
87 29 45.0
87 66 65.0
87 89 6.0
87 97 82.0
87 98 49.0
87 116 6.0
87 120 15.0
87 144 47.0
87 152 35.0
87 158 10.0
87 170 47.0
88 50 88.0
88 65 96.0
88 180 23.0
88 2 83.0
88 5 96.0
88 6 98.0
88 82 76.0
88 83 65.0
88 107 48.0
88 118 59.0
88 126 82.0
88 139 79.0
88 140 19.0
88 142 57.0
88 157 94.0
89 7 49.0
89 13 90.0
89 17 45.0
89 29 41.0
89 66 76.0
89 68 52.0
89 87 3.0
89 97 84.0
89 98 9.0
89 116 70.0
89 144 32.0
89 158 9.0
89 161 57.0
89 170 71.0
89 186 93.0
89 197 72.0
90 22 43.0
90 27 20.0
90 55 25.0
90 61 45.0
90 63 1.0
90 78 85.0
90 113 35.0
90 128 61.0
90 163 52.0
90 177 87.0
90 198 38.0
91 32 23.0
91 56 74.0
91 72 91.0
91 84 46.0
91 105 20.0
91 117 30.0
91 154 50.0
91 178 23.0
91 181 10.0
91 199 98.0
91 57 68.0
91 77 36.0
91 123 72.0
91 171 31.0
91 172 92.0
92 49 84.0
92 191 6.0
92 1 97.0
92 5 24.0
92 72 50.0
92 84 34.0
92 100 29.0
92 122 80.0
92 124 50.0
92 130 49.0
92 132 45.0
92 153 35.0
92 154 60.0
92 178 4.0
92 185 83.0
92 36 84.0
92 77 83.0
93 23 51.0
93 69 47.0
93 80 42.0
93 108 1.0
93 128 12.0
93 160 95.0
93 168 21.0
93 176 55.0
93 182 47.0
93 187 60.0
93 198 87.0
94 16 90.0
94 25 1.0
94 26 21.0
94 46 7.0
94 81 16.0
94 104 66.0
94 155 5.0
94 162 8.0
94 195 76.0
94 196 60.0
94 9 56.0
94 127 80.0
94 141 42.0
94 149 43.0
94 194 33.0
95 21 20.0
95 33 90.0
95 38 70.0
95 48 33.0
95 53 95.0
95 85 28.0
95 131 51.0
95 164 69.0
96 39 63.0
96 49 22.0
96 50 5.0
96 65 84.0
96 115 5.0
96 121 62.0
96 135 13.0
96 145 15.0
96 184 91.0
96 122 25.0
96 153 6.0
96 185 59.0
97 7 8.0
97 13 17.0
97 17 9.0
97 29 3.0
97 66 10.0
97 68 26.0
97 87 37.0
97 89 1.0
97 98 99.0
97 116 12.0
97 134 16.0
97 144 32.0
97 158 21.0
97 161 5.0
97 170 69.0
97 186 16.0
98 7 70.0
98 13 57.0
98 17 27.0
98 29 24.0
98 66 16.0
98 68 48.0
98 87 53.0
98 89 14.0
98 97 19.0
98 116 88.0
98 144 35.0
98 158 71.0
98 170 26.0
98 197 14.0
99 20 96.0
99 43 77.0
99 73 3.0
99 106 13.0
99 148 93.0
99 150 91.0
100 49 16.0
100 135 50.0
100 145 34.0
100 191 83.0
100 1 30.0
100 5 74.0
100 72 74.0
100 84 80.0
100 92 89.0
100 122 55.0
100 124 66.0
100 130 16.0
100 132 54.0
100 153 84.0
100 154 92.0
100 178 39.0
100 185 43.0
100 36 75.0
101 14 13.0
101 58 22.0
101 105 45.0
101 199 68.0
101 52 64.0
101 57 35.0
101 102 73.0
101 103 75.0
102 105 83.0
102 199 98.0
102 8 27.0
102 10 48.0
102 37 24.0
102 44 92.0
102 52 43.0
102 57 29.0
102 101 89.0
102 103 20.0
102 123 36.0
102 143 38.0
102 151 11.0
102 171 38.0
102 172 45.0
103 181 13.0
103 8 31.0
103 10 38.0
103 44 7.0
103 52 35.0
103 57 3.0
103 59 46.0
103 60 26.0
103 101 7.0
103 102 34.0
103 111 19.0
103 123 5.0
103 143 34.0
103 151 57.0
103 171 68.0
103 172 64.0
104 16 24.0
104 26 36.0
104 46 5.0
104 81 75.0
104 94 89.0
104 110 88.0
104 166 19.0
104 196 3.0
104 9 30.0
104 79 27.0
104 127 92.0
104 141 48.0
104 194 14.0
105 14 93.0
105 32 66.0
105 56 84.0
105 58 31.0
105 91 4.0
105 117 88.0
105 131 44.0
105 178 74.0
105 181 93.0
105 199 62.0
105 57 53.0
105 101 23.0
105 102 95.0
105 171 82.0
106 73 65.0
106 99 34.0
106 148 72.0
106 150 79.0
107 2 2.0
107 51 47.0
107 70 64.0
107 82 28.0
107 83 56.0
107 88 57.0
107 118 16.0
107 126 65.0
107 129 84.0
107 139 93.0
107 142 89.0
107 157 47.0
107 169 74.0
107 200 51.0
108 54 79.0
108 80 27.0
108 93 30.0
108 128 31.0
108 160 90.0
108 168 80.0
109 133 14.0
109 165 42.0
109 188 56.0
109 23 93.0
109 69 20.0
109 86 73.0
109 119 47.0
109 176 59.0
109 182 61.0
110 25 86.0
110 26 4.0
110 46 37.0
110 74 19.0
110 104 8.0
110 136 25.0
110 166 67.0
111 8 78.0
111 9 80.0
111 10 59.0
111 15 34.0
111 43 71.0
111 44 39.0
111 59 4.0
111 60 16.0
111 103 40.0
111 143 5.0
111 146 61.0
111 151 6.0
111 192 95.0
112 47 24.0
112 62 80.0
112 155 57.0
112 173 87.0
112 195 26.0
112 149 35.0
113 22 73.0
113 27 52.0
113 54 5.0
113 55 89.0
113 61 4.0
113 78 49.0
113 90 51.0
113 128 30.0
113 138 11.0
113 163 58.0
113 177 71.0
114 76 51.0
114 175 28.0
114 190 55.0
114 191 77.0
114 132 9.0
114 74 77.0
114 136 70.0
114 166 99.0
114 167 67.0
114 19 68.0
114 36 53.0
115 40 13.0
115 49 27.0
115 71 66.0
115 76 79.0
115 96 45.0
115 121 92.0
115 135 55.0
115 145 82.0
115 175 53.0
115 184 49.0
115 189 13.0
115 190 57.0
115 191 4.0
115 122 69.0
115 132 41.0
115 153 84.0
115 185 28.0
116 7 96.0
116 13 28.0
116 29 75.0
116 66 61.0
116 87 14.0
116 89 92.0
116 97 44.0
116 98 62.0
116 120 24.0
116 134 64.0
116 144 79.0
116 152 81.0
116 158 62.0
116 161 78.0
116 170 90.0
117 32 18.0
117 56 52.0
117 72 27.0
117 84 78.0
117 91 21.0
117 105 41.0
117 154 74.0
117 178 5.0
117 181 7.0
117 199 37.0
117 57 89.0
117 123 92.0
117 171 66.0
117 172 12.0
118 2 48.0
118 51 20.0
118 70 82.0
118 82 17.0
118 83 69.0
118 88 71.0
118 107 31.0
118 126 95.0
118 129 7.0
118 139 96.0
118 142 74.0
118 157 91.0
118 169 78.0
118 200 68.0
119 40 47.0
119 71 89.0
119 175 28.0
119 188 15.0
119 189 99.0
119 23 20.0
119 69 57.0
119 74 34.0
119 86 60.0
119 109 32.0
119 136 86.0
119 176 25.0
119 182 70.0
120 13 32.0
120 29 48.0
120 66 68.0
120 87 99.0
120 116 63.0
120 144 64.0
120 152 38.0
121 39 97.0
121 40 99.0
121 49 76.0
121 68 44.0
121 71 70.0
121 96 3.0
121 115 2.0
121 135 46.0
121 145 35.0
121 184 14.0
121 186 36.0
121 189 92.0
121 185 24.0
122 49 36.0
122 65 26.0
122 96 13.0
122 115 35.0
122 135 55.0
122 145 6.0
122 191 96.0
122 1 67.0
122 5 79.0
122 92 65.0
122 100 67.0
122 124 98.0
122 126 56.0
122 130 37.0
122 132 69.0
122 139 34.0
122 153 70.0
122 154 30.0
122 185 95.0
123 72 44.0
123 91 5.0
123 117 94.0
123 178 72.0
123 181 34.0
123 8 95.0
123 10 31.0
123 11 15.0
123 57 28.0
123 59 16.0
123 64 33.0
123 77 27.0
123 102 38.0
123 103 58.0
123 137 57.0
123 143 58.0
123 151 88.0
123 171 95.0
123 172 54.0
123 183 23.0
124 49 82.0
124 65 52.0
124 1 37.0
124 2 33.0
124 5 5.0
124 72 46.0
124 82 66.0
124 83 3.0
124 84 80.0
124 92 79.0
124 100 43.0
124 122 8.0
124 126 81.0
124 130 18.0
124 139 33.0
124 153 15.0
124 154 89.0
124 157 42.0
124 185 37.0
124 200 46.0
125 15 2.0
125 35 80.0
125 127 11.0
125 192 31.0
126 65 73.0
126 1 98.0
126 2 55.0
126 5 6.0
126 70 20.0
126 82 76.0
126 83 89.0
126 88 83.0
126 107 47.0
126 118 40.0
126 122 60.0
126 124 47.0
126 130 82.0
126 139 96.0
126 157 84.0
126 185 74.0
126 200 91.0
127 16 61.0
127 26 46.0
127 81 42.0
127 94 81.0
127 104 58.0
127 196 56.0
127 9 45.0
127 15 97.0
127 79 5.0
127 125 49.0
127 141 62.0
127 146 5.0
127 149 7.0
127 192 54.0
127 194 30.0
128 22 54.0
128 27 20.0
128 54 98.0
128 55 96.0
128 61 27.0
128 78 55.0
128 80 5.0
128 90 17.0
128 93 91.0
128 108 51.0
128 113 33.0
128 160 27.0
128 163 48.0
128 177 31.0
129 33 89.0
129 38 83.0
129 41 65.0
129 51 60.0
129 70 37.0
129 107 52.0
129 118 79.0
129 169 2.0
130 49 93.0
130 65 4.0
130 135 16.0
130 145 40.0
130 191 89.0
130 1 48.0
130 2 39.0
130 5 94.0
130 72 9.0
130 83 31.0
130 92 54.0
130 100 67.0
130 122 37.0
130 124 6.0
130 126 2.0
130 132 44.0
130 139 27.0
130 153 88.0
130 154 56.0
130 185 27.0
130 200 19.0
131 4 76.0
131 14 9.0
131 21 5.0
131 53 63.0
131 58 50.0
131 85 62.0
131 95 73.0
131 105 3.0
131 164 25.0
131 199 47.0
132 49 38.0
132 76 82.0
132 115 80.0
132 135 24.0
132 145 34.0
132 190 24.0
132 191 59.0
132 1 41.0
132 92 57.0
132 100 27.0
132 122 52.0
132 130 32.0
132 153 61.0
132 154 37.0
132 185 2.0
132 114 19.0
132 167 78.0
132 36 66.0
133 18 84.0
133 24 22.0
133 31 86.0
133 40 1.0
133 67 11.0
133 75 56.0
133 134 21.0
133 147 21.0
133 161 61.0
133 165 51.0
133 186 45.0
133 188 80.0
133 189 58.0
133 109 91.0
134 18 48.0
134 24 27.0
134 28 16.0
134 29 74.0
134 31 59.0
134 75 25.0
134 97 54.0
134 116 85.0
134 133 51.0
134 147 37.0
134 158 91.0
134 161 87.0
134 170 4.0
135 39 51.0
135 49 39.0
135 65 49.0
135 71 9.0
135 76 94.0
135 96 33.0
135 115 85.0
135 121 98.0
135 145 61.0
135 184 95.0
135 190 81.0
135 191 79.0
135 1 3.0
135 100 45.0
135 122 82.0
135 130 94.0
135 132 43.0
135 153 64.0
135 185 81.0
136 175 6.0
136 69 88.0
136 74 31.0
136 86 76.0
136 110 52.0
136 114 60.0
136 119 52.0
136 167 18.0
136 182 38.0
137 11 39.0
137 19 8.0
137 36 45.0
137 45 20.0
137 60 25.0
137 64 67.0
137 77 95.0
137 79 16.0
137 123 42.0
137 143 41.0
137 151 41.0
137 171 72.0
137 172 85.0
137 174 23.0
137 183 23.0
138 22 51.0
138 55 71.0
138 78 68.0
138 113 85.0
138 163 68.0
138 177 8.0
139 65 92.0
139 180 92.0
139 2 8.0
139 5 99.0
139 82 87.0
139 83 89.0
139 88 25.0
139 107 17.0
139 118 16.0
139 122 10.0
139 124 70.0
139 126 22.0
139 130 32.0
139 142 65.0
139 157 19.0
139 185 10.0
139 200 76.0
140 3 53.0
140 34 50.0
140 50 28.0
140 159 64.0
140 180 99.0
140 193 77.0
140 6 92.0
140 51 6.0
140 88 32.0
140 142 71.0
140 169 54.0
141 16 61.0
141 26 85.0
141 81 12.0
141 94 75.0
141 104 86.0
141 196 86.0
141 9 26.0
141 15 2.0
141 79 61.0
141 127 59.0
141 149 91.0
141 194 32.0
142 3 60.0
142 34 40.0
142 50 97.0
142 159 10.0
142 180 6.0
142 193 78.0
142 6 82.0
142 51 16.0
142 88 55.0
142 107 97.0
142 118 99.0
142 139 7.0
142 140 2.0
142 169 27.0
143 181 88.0
143 8 85.0
143 10 94.0
143 11 65.0
143 44 64.0
143 57 90.0
143 59 66.0
143 60 53.0
143 64 69.0
143 77 85.0
143 102 56.0
143 103 9.0
143 111 85.0
143 123 9.0
143 137 49.0
143 146 65.0
143 151 27.0
143 171 70.0
143 172 86.0
144 7 97.0
144 13 5.0
144 29 31.0
144 66 42.0
144 87 37.0
144 89 76.0
144 97 84.0
144 98 84.0
144 116 98.0
144 120 77.0
144 152 47.0
145 39 9.0
145 49 9.0
145 65 51.0
145 71 35.0
145 76 27.0
145 96 2.0
145 115 87.0
145 121 21.0
145 135 12.0
145 184 73.0
145 190 13.0
145 191 4.0
145 1 80.0
145 100 10.0
145 122 69.0
145 130 93.0
145 132 2.0
145 153 97.0
145 185 49.0
146 8 8.0
146 9 34.0
146 10 16.0
146 11 66.0
146 45 15.0
146 59 7.0
146 60 10.0
146 79 89.0
146 111 85.0
146 127 50.0
146 143 54.0
146 151 42.0
146 174 32.0
146 192 41.0
147 18 43.0
147 24 80.0
147 28 78.0
147 31 95.0
147 67 91.0
147 75 7.0
147 133 91.0
147 134 8.0
147 161 46.0
147 165 89.0
147 170 35.0
148 20 35.0
148 73 98.0
148 99 45.0
148 106 6.0
149 16 72.0
149 47 64.0
149 62 23.0
149 94 53.0
149 112 74.0
149 155 24.0
149 173 39.0
149 196 7.0
149 127 36.0
149 141 79.0
149 194 94.0
150 37 40.0
150 43 80.0
150 44 51.0
150 99 34.0
150 106 85.0
150 179 23.0
151 181 53.0
151 8 75.0
151 10 53.0
151 11 46.0
151 44 16.0
151 45 92.0
151 57 86.0
151 59 72.0
151 60 99.0
151 64 94.0
151 77 53.0
151 102 45.0
151 103 16.0
151 111 17.0
151 123 6.0
151 137 4.0
151 143 13.0
151 146 91.0
151 171 84.0
151 172 6.0
151 174 32.0
151 183 60.0
152 13 17.0
152 29 68.0
152 87 85.0
152 116 38.0
152 120 67.0
152 144 14.0
153 49 56.0
153 76 43.0
153 96 21.0
153 115 37.0
153 135 25.0
153 145 65.0
153 190 48.0
153 191 93.0
153 1 87.0
153 92 38.0
153 100 83.0
153 122 81.0
153 124 47.0
153 130 77.0
153 132 65.0
153 154 57.0
153 185 31.0
154 1 8.0
154 5 30.0
154 72 26.0
154 84 86.0
154 91 38.0
154 92 21.0
154 100 97.0
154 117 33.0
154 122 93.0
154 124 89.0
154 130 7.0
154 132 77.0
154 153 51.0
154 178 58.0
154 181 83.0
154 77 26.0
155 25 99.0
155 47 19.0
155 62 46.0
155 94 77.0
155 112 76.0
155 162 83.0
155 173 73.0
155 195 64.0
155 196 14.0
155 149 39.0
155 194 36.0
156 3 46.0
156 17 60.0
156 34 96.0
156 39 46.0
156 42 69.0
156 50 59.0
156 68 78.0
156 159 91.0
156 180 1.0
156 193 59.0
156 197 11.0
157 2 42.0
157 5 35.0
157 70 80.0
157 82 95.0
157 83 5.0
157 88 99.0
157 107 86.0
157 118 73.0
157 124 37.0
157 126 42.0
157 139 88.0
157 200 29.0
158 7 31.0
158 17 48.0
158 29 30.0
158 31 15.0
158 66 6.0
158 68 92.0
158 87 30.0
158 89 94.0
158 97 69.0
158 98 6.0
158 116 93.0
158 134 98.0
158 161 40.0
158 170 61.0
158 186 62.0
159 3 29.0
159 34 27.0
159 42 45.0
159 50 75.0
159 156 49.0
159 180 37.0
159 193 16.0
159 197 30.0
159 6 52.0
159 140 77.0
159 142 3.0
160 23 83.0
160 54 66.0
160 69 70.0
160 80 73.0
160 93 93.0
160 108 92.0
160 128 59.0
160 168 12.0
160 182 55.0
160 187 62.0
160 198 93.0
161 7 77.0
161 18 44.0
161 24 7.0
161 28 63.0
161 29 99.0
161 31 28.0
161 67 87.0
161 75 70.0
161 89 13.0
161 97 6.0
161 116 76.0
161 133 14.0
161 134 11.0
161 147 63.0
161 158 19.0
161 170 98.0
161 186 6.0
162 25 23.0
162 46 69.0
162 47 37.0
162 62 73.0
162 63 54.0
162 94 28.0
162 155 94.0
162 195 67.0
162 196 57.0
163 22 96.0
163 55 77.0
163 61 15.0
163 78 39.0
163 90 63.0
163 113 47.0
163 128 74.0
163 138 72.0
163 177 6.0
164 14 1.0
164 21 18.0
164 33 14.0
164 38 1.0
164 48 49.0
164 53 11.0
164 85 62.0
164 95 94.0
164 131 93.0
165 18 45.0
165 24 11.0
165 67 57.0
165 75 87.0
165 133 90.0
165 147 50.0
165 188 20.0
165 109 55.0
165 176 93.0
166 26 95.0
166 74 65.0
166 104 25.0
166 110 53.0
166 114 77.0
166 167 48.0
166 11 30.0
166 19 46.0
166 36 90.0
166 45 53.0
166 79 22.0
166 174 8.0
166 183 44.0
167 71 78.0
167 76 38.0
167 175 32.0
167 190 29.0
167 191 85.0
167 132 74.0
167 74 42.0
167 114 83.0
167 136 24.0
167 166 98.0
167 19 26.0
167 36 97.0
168 23 48.0
168 69 73.0
168 80 42.0
168 93 73.0
168 108 31.0
168 160 48.0
168 176 29.0
168 182 28.0
169 6 92.0
169 51 95.0
169 107 87.0
169 118 21.0
169 129 75.0
169 140 98.0
169 142 25.0
170 7 37.0
170 18 68.0
170 29 92.0
170 31 13.0
170 66 72.0
170 68 74.0
170 87 4.0
170 89 99.0
170 97 27.0
170 98 6.0
170 116 51.0
170 134 45.0
170 147 33.0
170 158 87.0
170 161 4.0
170 186 64.0
171 72 3.0
171 91 38.0
171 105 13.0
171 117 77.0
171 178 4.0
171 181 7.0
171 8 85.0
171 57 30.0
171 59 57.0
171 64 59.0
171 77 95.0
171 102 12.0
171 103 61.0
171 123 55.0
171 137 72.0
171 143 14.0
171 151 42.0
171 172 75.0
172 72 50.0
172 91 5.0
172 117 47.0
172 178 36.0
172 181 20.0
172 8 77.0
172 10 14.0
172 57 82.0
172 59 44.0
172 64 85.0
172 77 40.0
172 102 25.0
172 103 8.0
172 123 36.0
172 137 36.0
172 143 77.0
172 151 60.0
172 171 34.0
172 183 18.0
173 47 71.0
173 62 32.0
173 112 72.0
173 155 63.0
173 149 95.0
173 194 38.0
174 166 39.0
174 9 50.0
174 11 59.0
174 19 37.0
174 36 60.0
174 45 48.0
174 60 26.0
174 64 22.0
174 77 71.0
174 79 62.0
174 137 62.0
174 146 55.0
174 151 72.0
174 183 45.0
175 40 49.0
175 67 60.0
175 71 52.0
175 76 73.0
175 115 62.0
175 188 40.0
175 189 28.0
175 190 91.0
175 74 87.0
175 86 97.0
175 114 79.0
175 119 87.0
175 136 38.0
175 167 4.0
176 165 12.0
176 188 11.0
176 23 83.0
176 69 45.0
176 86 65.0
176 93 2.0
176 109 36.0
176 119 95.0
176 168 62.0
176 182 51.0
177 22 34.0
177 27 11.0
177 54 93.0
177 55 60.0
177 61 82.0
177 78 94.0
177 90 11.0
177 113 54.0
177 128 37.0
177 138 42.0
177 163 84.0
178 32 49.0
178 56 95.0
178 72 86.0
178 84 20.0
178 91 35.0
178 92 51.0
178 100 96.0
178 105 40.0
178 117 42.0
178 154 7.0
178 181 53.0
178 77 70.0
178 123 88.0
178 171 59.0
178 172 64.0
179 37 10.0
179 52 15.0
179 150 8.0
180 3 9.0
180 34 58.0
180 39 84.0
180 42 79.0
180 50 76.0
180 65 82.0
180 156 2.0
180 159 68.0
180 193 41.0
180 197 34.0
180 6 2.0
180 88 89.0
180 139 99.0
180 140 19.0
180 142 57.0
181 32 3.0
181 72 48.0
181 84 86.0
181 91 4.0
181 105 31.0
181 117 99.0
181 154 58.0
181 178 51.0
181 199 80.0
181 57 85.0
181 77 40.0
181 103 71.0
181 123 31.0
181 143 6.0
181 151 71.0
181 171 10.0
181 172 96.0
182 188 61.0
182 23 40.0
182 69 48.0
182 86 43.0
182 93 20.0
182 109 54.0
182 119 67.0
182 136 66.0
182 160 34.0
182 168 24.0
182 176 49.0
182 187 93.0
182 198 61.0
183 166 67.0
183 11 13.0
183 19 89.0
183 36 18.0
183 45 24.0
183 60 41.0
183 64 10.0
183 77 27.0
183 79 70.0
183 123 35.0
183 137 11.0
183 151 91.0
183 172 25.0
183 174 7.0
184 17 30.0
184 39 9.0
184 42 23.0
184 49 91.0
184 50 78.0
184 65 56.0
184 68 93.0
184 96 45.0
184 115 50.0
184 121 13.0
184 135 20.0
184 145 75.0
184 186 52.0
184 197 3.0
185 39 43.0
185 49 59.0
185 65 42.0
185 96 49.0
185 115 11.0
185 121 39.0
185 135 44.0
185 145 88.0
185 191 99.0
185 1 54.0
185 5 54.0
185 92 8.0
185 100 16.0
185 122 98.0
185 124 69.0
185 126 8.0
185 130 91.0
185 132 32.0
185 139 81.0
185 153 30.0
186 7 13.0
186 17 49.0
186 31 53.0
186 39 31.0
186 67 65.0
186 68 53.0
186 89 59.0
186 97 36.0
186 121 1.0
186 133 33.0
186 158 15.0
186 161 40.0
186 170 9.0
186 184 22.0
187 23 18.0
187 63 81.0
187 69 30.0
187 80 64.0
187 86 30.0
187 93 78.0
187 160 35.0
187 182 90.0
187 198 12.0
188 67 44.0
188 133 62.0
188 165 91.0
188 175 40.0
188 189 5.0
188 23 58.0
188 69 3.0
188 86 4.0
188 109 56.0
188 119 13.0
188 176 61.0
188 182 51.0
189 31 1.0
189 40 52.0
189 67 20.0
189 71 60.0
189 115 54.0
189 121 78.0
189 133 5.0
189 175 64.0
189 188 95.0
189 190 90.0
189 119 6.0
190 40 5.0
190 49 1.0
190 71 50.0
190 76 55.0
190 115 2.0
190 135 90.0
190 145 6.0
190 175 51.0
190 189 25.0
190 191 87.0
190 132 67.0
190 153 92.0
190 114 40.0
190 167 95.0
190 36 99.0
191 49 64.0
191 71 30.0
191 76 45.0
191 115 72.0
191 135 45.0
191 145 58.0
191 190 25.0
191 1 13.0
191 92 78.0
191 100 7.0
191 122 11.0
191 130 56.0
191 132 10.0
191 153 60.0
191 185 6.0
191 114 30.0
191 167 30.0
191 36 23.0
192 9 22.0
192 10 16.0
192 15 69.0
192 35 36.0
192 43 88.0
192 44 66.0
192 59 15.0
192 60 70.0
192 111 52.0
192 125 55.0
192 127 18.0
192 146 62.0
193 3 73.0
193 34 83.0
193 42 38.0
193 50 56.0
193 156 91.0
193 159 6.0
193 180 16.0
193 197 61.0
193 6 98.0
193 140 13.0
193 142 95.0
194 16 67.0
194 26 45.0
194 81 55.0
194 94 44.0
194 104 73.0
194 155 38.0
194 173 84.0
194 195 65.0
194 196 86.0
194 9 12.0
194 127 93.0
194 141 30.0
194 149 3.0
195 16 4.0
195 25 7.0
195 46 98.0
195 47 29.0
195 62 42.0
195 63 24.0
195 81 57.0
195 94 50.0
195 112 74.0
195 155 30.0
195 162 27.0
195 196 14.0
195 194 10.0
196 16 11.0
196 25 82.0
196 26 32.0
196 46 72.0
196 81 85.0
196 94 34.0
196 104 7.0
196 155 44.0
196 162 33.0
196 195 31.0
196 9 64.0
196 79 64.0
196 127 4.0
196 141 61.0
196 149 94.0
196 194 90.0
197 3 90.0
197 7 34.0
197 17 48.0
197 34 64.0
197 39 28.0
197 42 40.0
197 50 75.0
197 66 14.0
197 68 75.0
197 89 32.0
197 98 84.0
197 156 59.0
197 159 89.0
197 180 62.0
197 184 68.0
197 193 55.0
198 23 94.0
198 27 60.0
198 46 23.0
198 61 91.0
198 63 25.0
198 69 54.0
198 80 87.0
198 90 4.0
198 93 23.0
198 160 87.0
198 182 94.0
198 187 64.0
199 4 23.0
199 14 95.0
199 32 35.0
199 56 56.0
199 58 9.0
199 91 75.0
199 105 12.0
199 117 51.0
199 131 43.0
199 181 98.0
199 57 94.0
199 101 58.0
199 102 69.0
200 2 80.0
200 5 13.0
200 56 28.0
200 70 59.0
200 82 61.0
200 83 42.0
200 84 59.0
200 107 47.0
200 118 12.0
200 124 91.0
200 126 65.0
200 130 97.0
200 139 28.0
200 157 4.0
