92.70887513225325 46.83792170098964 0.0
182.5336661779197 139.2517048718406 0.0
50.624084599872646 30.60170689075925 0.0
199.06297667845752 12.256096650293259 0.0
185.59379559952788 124.03139324132117 0.0
71.24123552005588 175.19660139744414 0.0
167.84408968463285 125.44519324790215 0.0
143.63892692633925 64.97360720165868 0.0
91.39917496661025 98.51302453442379 0.0
75.88173996641976 177.66093119436238 0.0
43.938592752904746 129.18919183424563 0.0
55.71575399728963 174.83013240550537 0.0
48.612733614509175 151.65083148371303 0.0
112.46426758321277 133.43199232383748 0.0
185.7086089020304 75.01093528218308 0.0
194.72505816115032 96.49227956761044 0.0
184.28419642869088 176.36379556609597 0.0
24.00851782442728 106.2928339410109 0.0
37.36636401049041 90.7598159177225 0.0
165.11871589403106 57.373316014985896 0.0
39.03391582250953 124.99569585239686 0.0
64.4309169323182 193.60277715847968 0.0
67.68380542391309 49.64496051645575 0.0
198.82067194607617 91.73444745038269 0.0
147.00527212258748 182.5430344503216 0.0
150.8512053574089 123.27106410517257 0.0
104.66301188892409 66.97997664236087 0.0
179.92732168249682 67.13231169623795 0.0
118.4172323648738 169.1431388611252 0.0
94.47564448479228 157.52974269983244 0.0
90.38490501771876 171.8910438401001 0.0
146.81261943623122 194.61890300824308 0.0
122.37318405449716 25.728823509430576 0.0
70.21312778923003 19.912187466210728 0.0
78.6923583473773 132.89467270814396 0.0
56.794293734695444 64.1002084488768 0.0
117.58245325034741 86.75577589374954 0.0
35.180497187771785 11.84340414239664 0.0
148.364080944831 66.25128873210586 0.0
48.51727384654871 96.25974020864234 0.0
28.65059819552851 93.90894977937347 0.0
56.253217092062215 135.24838877128354 0.0
154.43545357788656 106.00100711898637 0.0
87.21070702081926 152.4533124205783 0.0
115.59483570055207 154.69422475850092 0.0
156.81773822149623 87.58483952632375 0.0
90.32260052590067 64.58772421927203 0.0
127.97473195907591 93.98122996450479 0.0
34.240809219588456 99.82156244520506 0.0
142.88177669508045 45.70641298341982 0.0
83.40589442202156 62.97790816886566 0.0
182.25329401567626 132.1441558501883 0.0
135.15695002839993 143.28591415975993 0.0
118.69871678352288 4.962782859968384 0.0
96.72925021628005 159.1801890058189 0.0
122.64924962316219 60.488963256685665 0.0
198.78269259833655 199.05212676120573 0.0
52.062477578350475 89.9427957499166 0.0
59.471326675291756 54.07213834442448 0.0
111.23800520469926 110.65074791996723 0.0
54.40678812443957 58.25012383441379 0.0
199.42898788458317 103.26692674155086 0.0
198.8449900177373 3.440411877328975 0.0
186.53592763981771 23.197266712944508 0.0
180.6519460095936 80.78656865739646 0.0
51.02061406411238 28.835292193975427 0.0
196.08123409730422 115.14050322719187 0.0
194.27982071918322 174.8821226512662 0.0
35.1221083575338 105.27929360570305 0.0
106.0697104682869 55.93751643631537 0.0
39.15384169679963 60.28239715749344 0.0
97.17365250059116 53.71281762774394 0.0
110.86853512258534 131.22072179115636 0.0
38.35760887464754 140.6306038673573 0.0
94.9009887956982 77.34834831227487 0.0
148.75883545249332 23.24007804539039 0.0
167.33102732068224 177.27655814119078 0.0
62.20525083898447 170.79118921558484 0.0
173.20008382541494 198.14902730081357 0.0
66.56429049085015 167.4745493199576 0.0
133.4104406175698 169.62598018639468 0.0
159.0717480852198 51.24831296697296 0.0
5.852107849560384 74.52430947084972 0.0
189.6925476217858 57.83722120859023 0.0
30.328868852801527 164.24956552938266 0.0
74.91707633440589 75.40303958620265 0.0
12.831621023597695 34.694928814856205 0.0
55.99812472665173 133.54978871395835 0.0
111.93360958229945 57.07124437712905 0.0
48.48520408661889 199.74111173225947 0.0
78.55880706940385 48.171279803549716 0.0
84.01444167232472 36.871207702472454 0.0
70.10126288588256 185.86049771861144 0.0
80.66387218785098 87.64495660396081 0.0
110.84967194532209 128.1255761800896 0.0
94.78553661531883 94.58666637722226 0.0
2.898175360312294 77.80107015838556 0.0
5.077279502081189 38.91123016579567 0.0
5.200778878021062 150.1336569597427 0.0
58.75878952847295 187.15528389830675 0.0
93.15347772624752 46.63240457689497 0.0
70.06793075376314 171.3801989983439 0.0
87.06466126872165 116.19265611904166 0.0
102.89496005192913 96.92272599875797 0.0
195.10095330163188 193.27011978220196 0.0
192.22390335102628 71.08316489516832 0.0
154.772222624417 142.9208217488664 0.0
63.15173128611773 76.80502951721652 0.0
176.74603196350603 13.811718952432761 0.0
91.60776094262214 177.314233440563 0.0
95.75837976558832 102.84568178396695 0.0
117.49706513834879 30.849848047303396 0.0
115.61412747925752 68.8338098004885 0.0
168.8433869101897 19.03262423947034 0.0
98.74712882093878 97.68688231649215 0.0
84.60856829130611 148.08140615449756 0.0
95.53653683337915 17.887076414379344 0.0
34.216978959916865 69.00180764267299 0.0
134.5523990391259 192.53985835313964 0.0
23.415178875391796 81.03537883081225 0.0
2.130246090618537 173.09525539252678 0.0
48.94843480180371 32.07172375310192 0.0
28.150815813485263 89.86666153337559 0.0
18.63734460101172 10.389991088659745 0.0
164.62777648497112 175.7643636779722 0.0
88.78943117536637 34.010283619747696 0.0
94.68272751891303 72.20016874333285 0.0
87.48201584379443 187.0995200915275 0.0
141.71342570621198 49.90843220095253 0.0
190.10438299661956 27.29046353931299 0.0
162.03770249351982 192.46791418644884 0.0
192.64865871150468 193.43652601529325 0.0
199.02207532632139 136.5980001843625 0.0
188.59056849389845 180.23921472383503 0.0
52.68071516365565 140.8417762960331 0.0
196.80257731297382 14.348983606989574 0.0
75.95684334157839 63.037601869821394 0.0
110.79369800444252 65.9544113375648 0.0
47.37535132455663 67.01984698744425 0.0
43.67172194560154 60.53865702612236 0.0
89.48187645231415 150.27851392990982 0.0
128.57508265919867 117.39617390027325 0.0
103.46020836184604 86.84660585658986 0.0
100.92335437813757 134.66686460338008 0.0
72.54643439622946 113.47299681441012 0.0
136.68675662368864 65.05867930156195 0.0
50.3347623116112 52.17781771951178 0.0
49.976670949376434 182.09397461172244 0.0
94.79660417063616 158.57631468739297 0.0
63.610761276462455 123.62885253787749 0.0
34.81097738206933 12.896212024777732 0.0
157.90777999144737 117.55880997712266 0.0
163.23086947521634 29.40272100938499 0.0
75.81881535288018 144.03810059063892 0.0
138.98687470024723 49.984355082861164 0.0
16.603153669842243 69.20426875128256 0.0
150.45574357055648 8.94174955575535 0.0
85.60864649096915 197.313356897307 0.0
143.29833739680367 8.560885402938666 0.0
84.31790753549578 31.3553814869614 0.0
48.19778774159826 128.84095173195692 0.0
22.673275262324477 106.633708592514 0.0
57.405376243000546 109.78636959932699 0.0
14.795103876983662 167.45605124347682 0.0
93.72819524905753 90.96142146687608 0.0
179.55938854400094 93.99881983678624 0.0
91.56910762097739 70.54503707484001 0.0
9.102341271069193 54.57072865545767 0.0
166.85624954690715 54.912336461778 0.0
191.17118719167922 157.91544278148766 0.0
191.17572913609607 9.808655413635936 0.0
75.3418517516376 10.857316966238617 0.0
105.14786198094974 95.47070955460516 0.0
58.475867221796896 48.508216076471264 0.0
107.06371932053626 70.58877637862892 0.0
131.39043803070746 97.41745962119663 0.0
35.025469434369995 183.79268775559282 0.0
76.56700472398536 156.46107972197015 0.0
24.310455839825718 136.38361593615141 0.0
135.8253991758673 35.930572377644324 0.0
66.4055135265693 196.32258228314672 0.0
177.24210354928377 82.19543911598954 0.0
22.134652995071 71.02579969305738 0.0
82.19275482608555 133.47778891785782 0.0
148.52978630152114 105.30590010072108 0.0
46.250577485586675 101.69146223302745 0.0
87.57066541107766 160.83725952069503 0.0
141.77401618802244 155.9620940050029 0.0
134.64686252183392 154.81264820049313 0.0
25.368352950106843 195.3586383150376 0.0
55.5710989362606 87.99748741896471 0.0
90.0077170372432 141.53093088771084 0.0
153.19987817278522 76.17711705957913 0.0
59.455410103909976 156.36194177732702 0.0
98.193836739294 14.03143388500656 0.0
1.7220230019191929 195.4074452343581 0.0
33.17691552564979 46.7604458070269 0.0
198.65248269097287 144.80979974575888 0.0
35.5298426522479 2.323267270547058 0.0
50.33457125865617 157.53674319988522 0.0
181.28022903261117 145.9421621162845 0.0
15.873155530667947 104.2100981494769 0.0
191.02786613643772 58.56230076395814 0.0
96.17588723024137 84.45325587075132 0.0
158.5705738926952 112.24700383172829 0.0
149.74762913995733 106.60056634655335 0.0
163.87244519340462 118.02723642583264 0.0
199.09256766785228 136.7756249437621 0.0
54.24287305113158 55.51321683406667 0.0
33.17438594385131 142.75966940853186 0.0
141.07133010713687 158.61509400889076 0.0
40.48651263252583 113.73522721634244 0.0
4.189480001233248 28.00863168285368 0.0
117.63604096145947 123.90434059068687 0.0
21.908645363796133 68.52099634276325 0.0
89.94641214970748 126.14465290621091 0.0
52.0073282854963 8.400729932206573 0.0
153.43556821282124 111.28078295175096 0.0
77.42003333446368 147.47508513715027 0.0
1.627816245279412 149.2123969390591 0.0
0.1051073458367302 102.48696838529081 0.0
136.00922298674774 40.05458175284855 0.0
117.54600617008806 170.44280007866232 0.0
175.53793900259024 46.609966463483765 0.0
148.56685247721455 14.591609436569009 0.0
178.4723407840491 53.9063878918256 0.0
188.61978376681964 192.69482934751352 0.0
68.88154174016321 107.19767714281983 0.0
69.42810194560636 93.5352914947073 0.0
20.554316685100904 16.739412512597806 0.0
73.84583978056487 125.15288843345105 0.0
92.62406234088252 185.81542343950917 0.0
14.020894285636064 107.08362488803809 0.0
134.07899512995644 17.904982614894127 0.0
119.42543503906231 158.91765474860082 0.0
178.42831944105714 189.54459858410507 0.0
1.0438914591593962 148.78104277512452 0.0
35.14671574542998 137.35243803715315 0.0
158.98535585996456 167.8850968729996 0.0
151.12096596074275 100.84748669745014 0.0
83.01381595349278 131.07610752570687 0.0
63.17424967770555 187.1095555629563 0.0
158.96615599473802 68.3573873496948 0.0
91.84499237151446 178.99034001103112 0.0
138.75451879302122 168.64465259630396 0.0
136.9489421003544 195.49982969758702 0.0
57.62607649349667 164.5547466436585 0.0
127.0545271987616 31.156375737197052 0.0
189.57987101322382 5.8168515872734305 0.0
47.8532223406257 50.50279139475173 0.0
120.31697648325297 158.93435502733288 0.0
128.50815617854173 94.65499345109474 0.0
86.82674937725187 92.01458407479106 0.0
100.41578984331308 168.66365106668454 0.0
183.68847746690832 156.2227232204218 0.0
59.41702991780784 121.63343412496388 0.0
68.39441170211036 159.10529570279738 0.0
160.3457134109836 105.95852315359275 0.0
11.476566218614837 40.067606392680055 0.0
151.9040038297877 107.69708481909757 0.0
131.94640293447569 4.578616330126928 0.0
20.205687864878662 77.02144258974405 0.0
34.53292891828856 51.215859807896734 0.0
150.93008168344474 155.84480067183821 0.0
22.431381220515732 34.45195308937885 0.0
42.8806900356217 199.13945279389364 0.0
197.75126309102242 46.12339969397865 0.0
109.84436630566472 17.1253394144385 0.0
81.57896487660996 169.81140112889776 0.0
92.99832144140983 127.4220425765773 0.0
86.54681466220453 164.9035379772271 0.0
72.71382006753623 99.42129346420225 0.0
57.02701483730963 170.8940801159467 0.0
16.457036349456857 197.5510938727962 0.0
155.5453673225806 87.5199543034944 0.0
28.589043163717353 185.76669379788905 0.0
18.736416234532726 82.61827652534532 0.0
178.21853214755154 42.51768772807629 0.0
132.13797770766618 107.13054865233944 0.0
172.8623499645143 153.60454399892745 0.0
180.3498139174692 155.46759068873666 0.0
18.520567776724306 99.75196769933075 0.0
117.55766123400532 99.48841859535906 0.0
160.87435890024605 36.39057043912977 0.0
73.15034023521704 45.63529428517094 0.0
37.66642307689321 75.05231720142598 0.0
158.13433848795873 117.30621195539494 0.0
88.92541341042298 18.94939185415612 0.0
170.2767764805794 148.3352477498978 0.0
69.54727224706268 79.72008423355012 0.0
109.3842008159185 188.49011828930273 0.0
187.84797640162364 7.98939278330566 0.0
108.85126231296553 168.18552516752573 0.0
154.0537364260101 7.3061651505801795 0.0
65.58984524476759 147.14972759924103 0.0
64.29635597973326 69.1825384055529 0.0
107.67586193849144 80.57107377469922 0.0
168.5328155793441 166.37561981878684 0.0
77.52735079252619 176.2900360864441 0.0
174.90996003472452 72.21536308834236 0.0
28.154248886718314 87.89161375298112 0.0
28.446501951772095 35.69660448909868 0.0
130.99660308463575 191.09180202046252 0.0
68.50630482330907 135.21742531535682 0.0
176.0947064034161 24.601038381864647 0.0
117.38829762220364 58.25989456504459 0.0
8.811064667796664 41.68655388957676 0.0
181.4601017875112 109.97345087895891 0.0
192.05075447262195 114.94457536689933 0.0
56.61389222692641 40.53519568174546 0.0
108.90329048623013 164.33248221757447 0.0
21.424601560892032 199.32538696806424 0.0
27.855601977497212 37.29996196227503 0.0
174.2422427599914 173.370555506209 0.0
141.20240826402173 159.89742929574564 0.0
24.55147618710789 48.17069483538947 0.0
57.006715641743135 99.02884254878363 0.0
84.28334578871531 140.94104636309248 0.0
75.93981706481736 28.555296132136874 0.0
21.365497478686212 99.46304258007339 0.0
16.55671469189146 175.74470834172826 0.0
35.64886501728151 34.15305642816116 0.0
166.03936698589703 39.6020465942488 0.0
96.45024932733482 56.62170635810484 0.0
128.16688735257898 118.90355957749313 0.0
141.30197159157376 34.910373004652584 0.0
116.24823898522601 65.29760271524346 0.0
77.10110358146143 143.7559235129412 0.0
195.9795485459346 185.6235964422989 0.0
47.7025615683395 87.64834645094236 0.0
121.66485187350207 57.63988415553567 0.0
136.10176137721294 105.11042100213375 0.0
128.9654648717308 94.64014144359865 0.0
54.70415280752088 24.542343606695493 0.0
148.31990669132168 196.97719787298416 0.0
43.78055824627249 135.13839092454904 0.0
185.40268097836866 162.30208309636166 0.0
146.05867488468235 60.79681951903459 0.0
78.46699832149586 91.36527420692393 0.0
54.50281551521392 180.60814993504778 0.0
87.14289442519451 22.516062996209698 0.0
40.68542895039873 26.421143300218542 0.0
193.2388732642007 55.57518076122969 0.0
62.75547953302003 106.14976180179123 0.0
1.321717616565632 84.54467976037611 0.0
24.860471366667625 150.8985382108019 0.0
115.32570233023142 148.65836707828424 0.0
113.9802731270348 64.6478196599012 0.0
37.16899625990462 132.56491849740692 0.0
175.4826250315208 67.15432097360055 0.0
184.3315619189869 98.97506701869334 0.0
5.311664898949364 63.88670148931439 0.0
155.57552143804406 120.89312846040625 0.0
34.57242735619444 151.22968269326023 0.0
87.46539279867336 95.59237889384664 0.0
161.3758405279568 170.85449388044114 0.0
39.072297297520194 68.78270837091338 0.0
45.1602262566134 164.06734986871373 0.0
18.22267028848912 74.95815042838562 0.0
20.307001064184817 45.11187228349518 0.0
119.87868505184028 8.700829518794496 0.0
108.7197018311112 11.815241213453675 0.0
85.71406817132454 181.7570765165295 0.0
15.137147047567744 142.6321551568463 0.0
13.675631494981456 191.99039635837144 0.0
74.30301167509545 91.05449006334452 0.0
147.29732490476476 132.85510257664947 0.0
85.71568982654385 181.51882766084336 0.0
56.76024758985019 5.823507650945192 0.0
19.53390157957402 135.35798832003638 0.0
87.16858402811683 63.238516136067815 0.0
106.31505934255223 111.00671505955584 0.0
94.23798556009466 105.3526968500907 0.0
33.614921449722445 129.58582021958844 0.0
13.56948736870578 82.8538537231432 0.0
64.07865422506416 75.15314469024985 0.0
116.90866067848988 114.96614474442346 0.0
62.50508372005989 108.32366587844146 0.0
97.26618416668549 23.255019109663856 0.0
73.46724832882612 112.62526325200098 0.0
194.50259151226206 102.55315348502705 0.0
26.424180098336358 104.8706129418058 0.0
23.956625618691497 102.96369080677795 0.0
161.86025171211384 183.98981996105363 0.0
2.923028822649454 80.68614504769927 0.0
69.83999705715027 167.1824577767202 0.0
83.26227666714306 90.44942528829536 0.0
11.46798340104207 167.911622557465 0.0
93.15127353893709 38.625397261284824 0.0
54.09470103969578 7.1768913214800945 0.0
166.9606041047093 193.6356128207452 0.0
92.71120343700134 117.66693349727551 0.0
99.47054820601744 59.05277002143894 0.0
52.82660846668512 99.80668828659394 0.0
199.11448325155914 154.83756273392018 0.0
74.22422695515556 119.37808335020131 0.0
134.6650476576889 123.44071975770821 0.0
60.343672605605825 98.3072694869922 0.0
170.75486290340038 80.03896292814359 0.0
44.63778285445286 143.3754987016332 0.0
69.85025864671772 59.962793678513 0.0
173.1048204329718 82.02477537215711 0.0
1.7729038236175887 181.41299194210626 0.0
131.2979323565035 130.09343498998308 0.0
46.5909577925987 137.85187354971103 0.0
154.46547304084416 3.23101606354923 0.0
102.67780679787626 61.99427622344436 0.0
151.07725918760838 1.9056458508323049 0.0
18.962993969316887 62.11244844817727 0.0
142.84349745722204 149.33143447588319 0.0
158.87666026344388 21.407999238112808 0.0
178.4346094283892 142.3072391657881 0.0
173.21519147835576 172.49311323039035 0.0
113.46177591008355 86.8724105787254 0.0
110.13246541706705 111.56238337293038 0.0
165.87958829495622 133.84899162063812 0.0
122.68760976935722 100.62558854873771 0.0
153.82371640059867 3.754134272049403 0.0
147.85667924446773 121.21081103421648 0.0
1.9981351094309874 196.2303287573411 0.0
25.64239323566586 189.2364874677361 0.0
63.07792488796575 16.05528999560304 0.0
2.8924229444853067 118.28979546608313 0.0
42.19534051039313 15.957282557579312 0.0
23.663457277976143 27.338105141369784 0.0
35.428257153148635 55.875808857929 0.0
46.4447274833659 28.9391079244367 0.0
197.31182567095266 108.97159628950766 0.0
48.28129333714648 105.30441041014367 0.0
37.74557346197789 6.603920974080468 0.0
176.81394736094796 182.11028812153083 0.0
115.26990270931266 107.65730504670252 0.0
93.4791018364964 43.73861263660157 0.0
141.53736492106177 2.0138070112408757 0.0
114.58868601204017 198.66974473934482 0.0
40.90575410313792 13.630998963848452 0.0
101.73653424453433 100.03843048384225 0.0
119.43155825569313 55.6000354376895 0.0
178.95441607880386 53.90278170510558 0.0
189.14391734781918 107.72201260154613 0.0
61.2672844908706 106.5653778412549 0.0
66.33074091888709 36.55509192490249 0.0
67.77408880360458 192.32472871502125 0.0
116.67029925890395 58.548826460935 0.0
162.10677071312824 44.32431132118062 0.0
55.39301938342081 58.79619484881229 0.0
14.096964951977252 23.705447624551713 0.0
27.259965925647943 21.097910709468493 0.0
108.70616395888337 106.05947257433435 0.0
88.99581660100324 199.44770781036254 0.0
141.7519093611044 179.21348110813446 0.0
195.9159789095581 166.7112300233097 0.0
136.68901823149272 152.67329517966792 0.0
54.83879018800732 113.18535057196253 0.0
92.68141579612366 156.58606901309204 0.0
146.9755073036039 135.8887275445368 0.0
131.42675999395652 116.8742138268577 0.0
47.3422205352602 158.84847909684316 0.0
48.672590798618586 33.23130030075541 0.0
71.33949369654817 155.31196960572308 0.0
96.0892453260741 157.95969637326473 0.0
64.49700122749205 104.72668228151764 0.0
120.14140046251147 176.16864835127092 0.0
17.982072365635958 10.495270710196557 0.0
66.8266979833374 21.640833351098987 0.0
140.32256755889395 128.9269586177689 0.0
124.62632686532658 127.71411729199068 0.0
44.89606393569245 115.47045508857059 0.0
22.7392171813098 108.81465037233929 0.0
23.088983447236377 81.22768014123128 0.0
27.647808125499317 95.81627841835179 0.0
164.63071055519745 170.91160859252088 0.0
188.29016090335492 7.1904049914504276 0.0
159.45943461614783 22.825650116356222 0.0
168.58959540265505 127.94945267935098 0.0
169.57797731750338 152.10599363767753 0.0
175.8195980258114 89.67619589610634 0.0
194.7093796404433 110.3824633049455 0.0
44.25840528188145 97.47023932036586 0.0
72.16365103299059 18.17742880254365 0.0
65.81413058812959 33.43201038539372 0.0
49.17862311538022 140.77644099537088 0.0
72.77794870485349 81.34368986879625 0.0
145.0994145588298 183.96832218658642 0.0
172.58929887357618 163.49557227837576 0.0
81.11252827205995 122.966374971638 0.0
10.473775983596646 158.1453767291091 0.0
196.85228127410682 45.98669440708243 0.0
93.0408393355836 174.887171346787 0.0
96.04866459229137 93.37333322790369 0.0
144.40503247079178 105.24554083381943 0.0
167.48750085175377 103.82435798612195 0.0
86.12105422895038 37.0997514781199 0.0
12.905085393393056 41.18679886050751 0.0
33.199467564859695 124.08169427686082 0.0
180.04130154353172 68.4525487742188 0.0
80.69649890597607 134.88051167856426 0.0
46.92655924845628 60.00136961115277 0.0
18.847891461509114 172.42577445902646 0.0
32.579629303341974 198.801243217155 0.0
