14.359121515115469 88.85544151234042 0.0
69.81360081333992 106.89718034684002 0.0
8.403294518887261 173.09878613301785 0.0
55.99685507634709 198.5051907851379 0.0
43.03507097976418 185.08718165860157 0.0
8.582978109021578 130.56781197604994 0.0
77.88616796393045 15.502692997646307 0.0
90.38453237783011 53.327754396661554 0.0
79.68904010416162 15.579775102934711 0.0
32.81212393460022 61.69251324979514 0.0
187.06174534182404 36.33822435190566 0.0
79.18990334297067 18.510156239459576 0.0
127.97936596477189 77.340084305273 0.0
109.43491182283766 112.55522602409852 0.0
39.71825085960774 125.66511859401017 0.0
97.15623203075099 115.2201383806017 0.0
138.9111244444066 140.21345333507915 0.0
63.7063367814767 14.946475493547329 0.0
68.45247388155092 42.10810191902108 0.0
88.44379305705903 54.719669744816656 0.0
8.34533884899853 8.884185117586508 0.0
110.44276818197723 175.48964857090348 0.0
179.18212708845053 138.3155912746519 0.0
14.111613345367013 77.16899981381803 0.0
189.8035817074529 47.144067666373914 0.0
29.65919814828073 148.8993936978264 0.0
184.7817592871067 0.6396094934540741 0.0
199.07427631529646 191.56595680678652 0.0
132.72422730993117 130.8352207343358 0.0
159.2597238157127 158.07839880387326 0.0
62.9984360943759 194.44312778156075 0.0
176.1901106982111 70.72677425379194 0.0
6.326646067534281 145.8735171787722 0.0
27.437472772867586 39.95878997483724 0.0
23.803465050135998 156.4411200345646 0.0
175.13695578381797 105.21464419226119 0.0
19.23951927258536 197.75880129882853 0.0
97.44027115134706 45.99443884002636 0.0
21.33640073530547 125.48154267059164 0.0
53.73177909331845 170.12230026978506 0.0
95.04959067445296 148.9781986741442 0.0
147.3582800674735 176.2103541843185 0.0
195.5975900579742 53.172490178476735 0.0
119.35039937785031 108.61482153278965 0.0
113.92707964371482 150.70872337166327 0.0
57.58985070701714 175.7154949684272 0.0
179.04550073436758 85.7618458693463 0.0
138.1035328232337 186.1389884965717 0.0
180.4839784622874 85.22546363842125 0.0
28.64186697042679 172.58518175332983 0.0
53.255082696889765 58.67555434987639 0.0
79.42547645452376 19.20533310239092 0.0
28.02153450824325 85.42157429900219 0.0
101.92077679577037 186.01940645938953 0.0
190.79341588677977 95.1208903398285 0.0
193.73160042778204 132.64925141002269 0.0
119.32314136305793 147.84633760397173 0.0
106.17064813210031 183.68326364972265 0.0
67.46889863397479 50.16089952596274 0.0
70.80096171245422 149.2773251018117 0.0
54.148881495479564 105.66754607995344 0.0
2.214383625225258 17.135751114278854 0.0
180.11021369043746 191.66626239529248 0.0
176.54025704536565 65.80517147279836 0.0
143.58797286196898 77.96444975614475 0.0
48.65447916243455 14.253218078481433 0.0
55.03133058988945 159.55088637988354 0.0
15.785369545193074 118.99304099864834 0.0
61.425390390110145 161.7575168475918 0.0
61.18944096664751 57.55368646115393 0.0
182.33880077171796 94.69740722070361 0.0
118.79677902248918 195.88542702166052 0.0
132.67889531342882 183.1812607008321 0.0
88.20220913363121 27.328283272445187 0.0
161.23756688909384 78.97891233330544 0.0
99.10505312121481 192.06089621577124 0.0
69.46270905134885 174.2063895328046 0.0
75.27680810100306 138.4860825921685 0.0
191.49159191290087 77.78305963226973 0.0
80.3626878367391 171.79846844582266 0.0
14.334122717252429 91.31751239712717 0.0
141.29944528279168 150.01854902566748 0.0
96.19548921837892 26.44493290939669 0.0
39.85855775963047 34.06673233027209 0.0
1.2792476559350119 142.55266833945345 0.0
138.8003513739624 75.9898766072761 0.0
111.0134667166615 151.99483851501105 0.0
66.35120137683089 38.241946146454794 0.0
194.49417574168012 139.31092558705416 0.0
21.19258802902926 76.959446340924 0.0
125.0417736686907 71.62723393564173 0.0
179.8772092301167 193.4614102253583 0.0
115.11780997254044 139.3342804814323 0.0
189.56407916625636 60.74267399621212 0.0
108.45095579310969 59.29717928195506 0.0
11.19096261518122 165.51836196513602 0.0
116.0726117403089 97.27015217294858 0.0
41.67911991377766 171.41647880009126 0.0
112.06415945968007 121.85042330404924 0.0
88.49195932880241 5.204579772538098 0.0
15.16947017746988 89.22066851359622 0.0
195.84558517646636 195.4756222907265 0.0
74.02767584088264 176.0934568334602 0.0
129.09600543987045 52.007026037642376 0.0
46.63303979839406 127.68500787446297 0.0
112.30414399394755 164.0462060882083 0.0
118.73005671033245 68.20973914630117 0.0
183.70648425976458 17.064740783036882 0.0
141.2036847808417 33.30111004319269 0.0
84.79567335637937 80.06251377370054 0.0
83.12601511240855 26.928383953287693 0.0
130.9419889384334 99.29220731436 0.0
194.97237461492168 79.79288830764995 0.0
24.963155296653717 149.31350202296386 0.0
55.621330833020075 191.8515298825792 0.0
69.77653433201768 38.575534133684556 0.0
37.10469479754535 178.52930803516375 0.0
112.24428519831322 144.26515747828222 0.0
162.67508565461816 108.34665086875022 0.0
7.548647979414458 59.94756268394303 0.0
56.61032773033521 19.10149812622528 0.0
31.911076627951452 179.5650081134545 0.0
88.27538127015025 130.41005366556476 0.0
91.19551858071824 112.64830628064084 0.0
98.31412726589217 32.32421147818314 0.0
173.9126533784898 28.134977263672756 0.0
61.444899111736476 122.90782236621493 0.0
79.36853012714474 57.97681936824215 0.0
88.1851644121233 92.0678053081596 0.0
15.17754830476925 156.7588973871546 0.0
96.93244453795226 104.60046161904548 0.0
3.0863585852565434 109.84088904643019 0.0
98.17989297150773 122.3271006840993 0.0
158.03171006866282 110.07088216116472 0.0
124.24681526398712 123.3574701102194 0.0
12.58195779498028 81.91067929606494 0.0
10.755721727919676 25.93323995910857 0.0
147.38846137922505 121.85084268685435 0.0
90.18917969193127 104.96810047169475 0.0
57.99959211272498 45.282661735511496 0.0
193.21129842007844 1.314914869042938 0.0
39.36673948518698 82.53337471775998 0.0
170.04023797023478 66.9545774191026 0.0
101.59825587013638 50.56001847145837 0.0
42.00962969158712 163.71514210302954 0.0
143.99372988497765 41.836268413719324 0.0
72.55845425760283 138.7940019656903 0.0
9.117689333860724 18.255840444086346 0.0
107.2404301734818 37.26984138770779 0.0
14.648297027270907 75.41491670887778 0.0
73.9455331825921 79.95518520471359 0.0
117.96321053744765 151.42528745919745 0.0
157.37783532006492 134.35449273265593 0.0
6.901330417819396 194.44882462171142 0.0
65.93543940498463 37.15667675934482 0.0
129.86568442947436 74.43303479728083 0.0
194.4897862173259 88.60512340743796 0.0
179.40935775150982 27.06652986841076 0.0
153.16323310798396 132.25225970468713 0.0
25.672802515420855 151.7622038845636 0.0
80.05534466436141 58.01983722274557 0.0
159.517589679001 50.51512369650586 0.0
184.96989664767221 122.15010106503964 0.0
149.9280018879594 90.77104678172707 0.0
81.54613796862067 164.54716499827583 0.0
46.22872845536994 2.980668889032212 0.0
56.799477342837164 22.171860983441682 0.0
62.89317745167795 182.30366095149066 0.0
99.92823794898811 186.56750690434785 0.0
73.19371253070734 153.96573514855635 0.0
66.3447559042784 34.2580077811707 0.0
7.671553489804306 183.06091316366064 0.0
188.24067507764556 170.67384870235162 0.0
4.380709958578555 162.13032347938673 0.0
59.597698431476374 171.42553322574437 0.0
90.08685198767283 93.637910093607 0.0
21.406899705306138 79.15808366579289 0.0
85.07856993519431 99.5024161685661 0.0
151.96093872863685 19.884397181487934 0.0
118.97508660759777 136.13419894311397 0.0
27.43536298855571 39.60911773667897 0.0
20.89099915160748 70.96439269153214 0.0
59.576556318574305 130.21891831296014 0.0
104.54519870604955 85.24298646573536 0.0
140.16554287494 13.029079268196764 0.0
107.37772144561231 107.92159731687492 0.0
126.02839541633142 179.040307394963 0.0
62.46478233141095 156.72557611687742 0.0
183.715595215113 146.87380643807916 0.0
82.99884720252693 65.05927340410366 0.0
179.57414106716604 92.51669549999642 0.0
21.32716674727435 107.17736982526984 0.0
148.7879508873364 129.4239172923338 0.0
128.0187154618841 99.09412185664539 0.0
6.0634528450987935 173.18682232444394 0.0
181.15609000851154 48.991573011285695 0.0
70.9890404937626 111.89271447988554 0.0
82.02546945188172 158.42674789781935 0.0
72.69839168816307 121.4636817900545 0.0
20.604239585657712 134.42692997726192 0.0
