3 932
4 45
6 613
7 661
8 30
10 604
11 200
12 659
13 28
14 255
15 283
18 128
20 790
27 451
28 846
32 747
39 990
37 838
42 86
43 783
40 442
44 749
45 791
51 434
50 328
54 229
53 370
52 308
58 605
56 82
62 412
61 93
60 905
69 902
70 3
71 439
64 443
77 457
78 630
79 11
72 165
74 62
84 376
87 455
80 171
82 463
93 560
95 317
89 366
91 367
102 120
99 567
96 967
111 757
109 607
106 590
119 74
116 880
115 461
127 585
125 721
123 510
122 643
136 106
138 921
141 799
140 469
142 69
130 325
135 974
134 213
154 179
155 814
156 399
159 693
144 683
148 444
151 339
171 721
170 959
169 275
175 545
174 118
173 396
162 300
161 552
160 339
166 491
164 495
186 63
187 827
191 828
189 50
179 757
183 131
180 891
205 841
204 396
206 614
200 243
203 410
202 791
198 307
192 862
195 75
194 837
223 167
217 630
219 291
214 174
208 997
209 6
236 777
233 914
231 303
229 330
228 581
227 297
226 455
224 877
254 905
253 765
248 846
247 978
244 172
242 843
241 160
275 90
274 339
272 969
279 411
278 371
282 892
287 273
285 610
284 353
257 672
262 59
263 442
260 54
266 244
264 18
265 120
270 638
269 37
305 524
306 700
309 798
311 525
313 53
317 855
316 298
319 566
289 101
296 868
297 349
298 354
299 613
343 126
341 819
339 573
338 810
337 966
336 747
351 992
350 688
349 63
348 568
346 626
345 287
326 129
324 367
322 524
321 115
330 717
331 826
373 922
372 109
375 219
371 323
383 361
376 183
359 550
352 12
353 865
354 893
355 185
361 115
362 177
363 695
410 313
412 804
402 290
403 99
400 606
406 406
407 81
404 7
395 646
394 519
393 580
399 868
397 24
387 979
386 135
385 86
390 90
440 360
441 851
442 760
446 16
447 333
432 541
433 60
434 330
435 601
436 975
437 616
438 936
439 503
425 493
429 956
428 652
431 79
416 637
419 720
422 676
478 872
479 76
477 675
474 243
470 330
471 937
469 510
467 204
465 760
463 209
461 126
460 50
453 978
452 310
500 816
496 318
497 833
499 388
492 703
489 877
490 323
484 730
480 130
