165.06087973589118 157.9686191392888 0.0
62.404709489064714 15.295018768573975 0.0
11.074492047028773 86.28686993753874 0.0
112.46441307199568 48.018983898034094 0.0
56.96703149490225 43.73655842640287 0.0
96.4070289818839 93.4553355661659 0.0
127.48641845924304 43.75852925757844 0.0
178.24045390965205 134.904577423898 0.0
171.78274363269196 37.442212237733365 0.0
170.6380233157051 48.637174909099336 0.0
62.94819443568167 174.93805244381187 0.0
186.64336098244138 84.86064035031488 0.0
162.7709680167897 162.09036166307703 0.0
53.67477870408883 76.95445378916051 0.0
120.33713926611043 21.98900602019551 0.0
36.295300799261994 111.03464359885997 0.0
49.09117840548036 48.67751968362963 0.0
55.81588260143102 56.073781301359716 0.0
84.19218355611694 49.04422191206466 0.0
117.65105726371796 154.2163898180444 0.0
160.4795887143421 108.96205415503584 0.0
61.4477920245617 1.5935816514709877 0.0
71.08867081403147 91.03181763478946 0.0
34.35974861865627 111.85508984228542 0.0
67.73259611909326 73.82267915982953 0.0
54.44099498776218 47.800663053448524 0.0
45.89451674965268 176.29273211625153 0.0
78.98445780676491 30.906996635529737 0.0
121.64966724828965 76.11159305311186 0.0
121.73220286251771 194.2104752640456 0.0
151.56392106899185 26.896002205337165 0.0
173.2360740357212 30.91984281961553 0.0
73.09200269352942 106.9084647843348 0.0
170.24882711953967 109.2973111679486 0.0
50.12496140475684 190.55806228811505 0.0
32.87746228727213 173.76035545460945 0.0
96.81311911455317 124.08159599287008 0.0
42.3319767742578 132.82071155202817 0.0
122.51730141969168 8.072287593545724 0.0
167.45437031744447 146.39111056248157 0.0
191.7176826767799 142.06240234570225 0.0
164.81427916714907 68.15428228842151 0.0
24.936183280068946 70.15502933771998 0.0
175.00918839715044 73.10291612473496 0.0
180.20480909458863 81.73958482829345 0.0
116.90869632510955 6.023235219111411 0.0
149.33909001841047 67.61442040300243 0.0
41.93391322585822 23.609023298256695 0.0
179.25208504173236 9.379129986609902 0.0
152.06464400558525 71.05684557043853 0.0
185.7712107298311 188.74817734933544 0.0
8.118483421656709 33.40742163523187 0.0
65.89656345509634 43.47646959822298 0.0
158.94764378419646 32.56210589777455 0.0
34.166018125158736 67.8766670232666 0.0
7.5507948070171915 102.81742715430443 0.0
109.76898600307197 58.447008805932214 0.0
196.69877207420393 170.92484836494677 0.0
163.2771852625407 138.91746505207146 0.0
144.52464484996713 91.09685034126443 0.0
195.33745991278423 164.06127719590071 0.0
189.630111106578 41.04451850109412 0.0
164.3981137277873 97.90766703795401 0.0
115.61179080034111 72.04597825842018 0.0
106.51690054197185 189.53097592874425 0.0
16.512529834011346 24.20890651221539 0.0
97.5253045555098 28.380202091437813 0.0
137.5544558174433 167.50461462756715 0.0
196.30037003221145 51.15214411312516 0.0
79.61195955450205 9.815080384851438 0.0
77.62180690840243 193.50042889044096 0.0
191.2344899805275 125.14846421977578 0.0
14.068741148457487 132.41168027738973 0.0
88.63048476726645 198.34274490277505 0.0
198.63705478287838 148.86919386868925 0.0
41.875417660417604 156.99102942098898 0.0
113.23472872473828 55.463553887509455 0.0
44.70844236881497 66.9863110472654 0.0
142.9392597031844 79.89867195309624 0.0
145.6336809616866 4.997396203734117 0.0
111.87772825179336 72.88081908722614 0.0
59.643833310673244 189.35188053033124 0.0
73.81668308325015 117.66719776597074 0.0
2.7352555794199596 50.21600733848235 0.0
129.02557108171717 158.58982074295852 0.0
95.48525919809083 50.6254344018086 0.0
58.70397857013705 37.1593525773843 0.0
167.3139681514922 131.8348283871672 0.0
169.2395359476144 126.89275116296952 0.0
159.6546149355305 49.618482633760806 0.0
120.78991165706657 191.79756707762328 0.0
174.10767803933632 192.56801474320764 0.0
78.1588201506481 158.48482687394602 0.0
140.75588251861475 129.09737272602334 0.0
66.66264837000853 188.1714620416902 0.0
92.16865410825143 116.7794420471798 0.0
141.6607221956341 162.37237346459355 0.0
120.2261244579878 125.80255148922448 0.0
87.6489158454609 54.871203347057104 0.0
65.74435861406063 177.74928125817308 0.0
51.29282118394971 52.5980089032422 0.0
44.98510687138872 181.56403020318857 0.0
182.50323703421464 109.33109192651851 0.0
52.4848689293836 160.4898808721942 0.0
8.633358551310799 68.67922376987995 0.0
96.23962241718789 6.919277271594981 0.0
99.10353787838653 176.5896993900183 0.0
19.13321925179432 76.51724932636435 0.0
191.23611192953317 118.66659202297699 0.0
139.59889095161742 38.63980198184467 0.0
142.80933366686196 63.872711782769144 0.0
104.85493028003108 36.98431514365388 0.0
52.81596522971639 173.72783772582665 0.0
91.65725262421238 182.57269670437518 0.0
49.13876460422488 44.90479668388681 0.0
112.36290320228457 100.58228616910607 0.0
180.33147515677882 193.1640762893866 0.0
88.20037781173262 83.20334600607909 0.0
168.4207424326122 157.8567350890129 0.0
136.9940011170278 162.61629290287507 0.0
80.62065464405957 108.76437071972613 0.0
189.19125777891367 111.34559236380912 0.0
60.078437908435504 170.83403344336793 0.0
193.893534463549 1.6616298304487742 0.0
119.24620934292224 47.40497954159193 0.0
5.6922496401491385 111.36560122529526 0.0
44.200345641433316 118.81330644254062 0.0
153.4639273890513 50.20679912689159 0.0
84.20653855316047 20.79944433677938 0.0
83.8794022575498 199.34562718660592 0.0
108.05523507415047 165.93267129942865 0.0
145.2337443765773 105.6896095407166 0.0
97.16865775298503 161.30581757289903 0.0
131.30528151518504 153.59403877242025 0.0
15.207171955244213 197.04236213825092 0.0
40.30341217515145 48.332607849912115 0.0
44.8793943475279 32.69727253854118 0.0
20.566654225287007 188.90772759232112 0.0
114.88689375273948 192.42188717043305 0.0
72.52387447092642 82.18407930445488 0.0
153.41100932429524 194.80233794589938 0.0
155.5331403277461 155.99321614600825 0.0
199.27577253446475 89.56991794177596 0.0
108.56434595760518 65.77084527400285 0.0
177.89757110252972 50.92101540813319 0.0
35.293164326472116 57.45274651283425 0.0
6.358662172836027 85.97318115164572 0.0
127.02552990479536 148.76914070869955 0.0
130.4183043003725 56.92301490195033 0.0
100.97346612567736 21.741507736369805 0.0
16.001787405298316 186.7606213097488 0.0
116.75446439245086 181.09981900329248 0.0
118.68413986900505 20.934391754662762 0.0
0.5883904509474291 126.50234225392963 0.0
36.9120386628176 51.14904661670205 0.0
54.51729723506473 10.854090876575428 0.0
118.18375339265405 72.51878301329367 0.0
57.07518372571756 112.68413835559747 0.0
132.1338108262231 41.58655166593519 0.0
72.18621287829676 37.456111911582866 0.0
150.4453194937562 130.25954312626723 0.0
174.67159954440618 80.85013130350856 0.0
80.73973939197951 29.499912961858897 0.0
173.59676509809992 36.468623878429526 0.0
190.07024082995937 146.64900808769673 0.0
68.7920550238695 111.08245271626176 0.0
23.37148263800277 161.55227022334492 0.0
111.23187603793237 122.44790339046301 0.0
173.19511091469565 59.19113582073861 0.0
154.55852741571917 197.88906591260158 0.0
189.28691072167888 40.31729691803203 0.0
82.88875690423494 166.25429603131226 0.0
130.03812007417076 26.62375344014427 0.0
79.14251521755358 141.51943128959067 0.0
52.56983092918996 23.27611786220809 0.0
158.48495572146487 33.22454927036418 0.0
114.18621890680183 179.166732186167 0.0
133.07430531970925 87.09508860324442 0.0
115.15861447865576 194.04324438700723 0.0
197.1598515418586 58.61222379436799 0.0
51.27923812713553 161.7022416938014 0.0
25.675719923854622 52.961451053016795 0.0
164.34987048747152 9.727759573698735 0.0
64.82779604086535 26.70241296397613 0.0
79.74722104574883 198.79340587962895 0.0
159.7726905682769 39.66702038985061 0.0
102.43352505577033 78.33599574659948 0.0
12.339133976574823 170.00703661187688 0.0
6.257243563087678 60.44760002709819 0.0
190.84385832815883 160.97631347883325 0.0
96.11544064557778 170.1219888804519 0.0
124.40545692603975 154.9469463419079 0.0
148.5259525967713 157.53058767287519 0.0
105.76145662861262 88.32270506582222 0.0
43.38392923723895 16.791914857895506 0.0
199.4451831960175 70.42709215452838 0.0
88.15408142903993 45.737839693104654 0.0
106.28073385329624 150.10750251105605 0.0
5.476322754891316 102.46878180306096 0.0
70.50585855416773 85.71101885047759 0.0
106.13917736422242 67.02918501838604 0.0
32.434134933476514 77.25140508505055 0.0
101.60192295012547 100.32364750190898 0.0
27.419334753222515 94.00091968625584 0.0
123.72281359394623 107.43311302456293 0.0
110.98656317535753 36.40470978339552 0.0
14.077549369903952 58.77957504058082 0.0
50.34613257731515 108.12949934197856 0.0
21.228501288457124 100.12694706358741 0.0
64.10789531693904 42.222429666797254 0.0
101.53189881940247 91.19457332064158 0.0
14.865180655654765 24.769931789767274 0.0
57.54662298560269 152.69916894842282 0.0
63.41904574024888 90.11060174636289 0.0
167.83504074408918 172.92983840049536 0.0
78.76525912447508 23.570083166842682 0.0
162.92252133946036 27.500073623111554 0.0
64.56779306335001 0.8500472780199164 0.0
184.4092485306609 99.7094514247697 0.0
110.69432001093435 117.61737315833403 0.0
127.70412241469322 153.98710982789262 0.0
107.49068440947538 18.50382423316368 0.0
113.57741813546167 111.17786250199408 0.0
70.82296424606322 21.64037793874465 0.0
159.70523205896194 1.9710666189868498 0.0
17.5171724631624 53.01461245768457 0.0
30.6053530161577 133.5613595057369 0.0
103.67836191937872 154.35354370673994 0.0
132.84085622727042 94.66938555701219 0.0
192.47233786364365 108.89829363820964 0.0
192.09412058169383 45.33980496592596 0.0
153.30480776540998 41.35121966044153 0.0
99.69068826092176 190.47286720212327 0.0
10.934359495945811 91.4399740382905 0.0
148.3787934089762 19.834865357491395 0.0
160.9071821034766 34.95722596593394 0.0
90.6471184653099 12.331999575774244 0.0
46.80304499681856 31.798692751863133 0.0
47.58974318840365 48.62099956177832 0.0
155.13359415758404 117.43627136441192 0.0
72.30392240026966 153.6691757370821 0.0
125.33562128884796 22.427091748917547 0.0
129.03282597866655 199.66545017937779 0.0
195.15341688301632 3.973410638700914 0.0
187.74196385570002 39.72302366334184 0.0
105.80608404883154 4.212250227567704 0.0
53.54462524281909 14.103491058778328 0.0
176.68698575614158 11.827846153765552 0.0
51.36808531746113 73.23111409255418 0.0
125.94432827551087 196.74396699804024 0.0
168.47908677569566 95.55517620960272 0.0
161.14321684761072 12.067250280893948 0.0
120.9634935840537 143.3573186913493 0.0
93.31129180751394 13.116751527301119 0.0
54.981704544096985 195.88984495494856 0.0
138.02137640232982 30.288974014933444 0.0
19.59786251291289 126.77003801256745 0.0
58.76641293275715 150.67174329484544 0.0
155.20758707946746 151.34462700148066 0.0
180.73325277603743 112.73425451927244 0.0
130.0653935016003 59.777531372744775 0.0
157.18361456864963 199.08481263778916 0.0
127.13961559855451 72.90319781144623 0.0
6.002018086164496 124.20176455620229 0.0
34.49913763911252 110.42668285270645 0.0
50.57206102005365 157.2071327712456 0.0
24.662923653991076 44.84105626746653 0.0
196.99396635181455 194.166746177456 0.0
21.81972029480974 129.47132379280646 0.0
58.757951948407516 100.06439718597066 0.0
50.55202422923257 35.34353776137309 0.0
0.3394199508904183 177.51193901222337 0.0
135.6748868191245 9.116510061009176 0.0
12.783633831635942 87.42103916448576 0.0
80.02673808386848 173.10283916829087 0.0
57.1990671651273 146.2765768198777 0.0
85.52592220670287 128.44486105430704 0.0
116.18018775000951 55.31557546359767 0.0
2.533241813158571 193.80028522851347 0.0
78.53194068467131 178.82970883831365 0.0
193.5373589257892 14.431321458766622 0.0
149.26987063512593 81.97345921673053 0.0
179.40645648303925 110.3801232291854 0.0
124.72129537261576 162.87407638176322 0.0
199.9261315627521 197.45253766531613 0.0
1.6545256038075218 69.50355367317702 0.0
165.07004613061872 11.021059117059728 0.0
199.71468605821724 178.68682655096404 0.0
199.42645986522794 90.197115989251 0.0
168.0463280832747 132.7846192782636 0.0
89.43024848152182 138.71177276051398 0.0
119.83440978188791 79.00325923687667 0.0
31.52669780893309 168.88299184347352 0.0
92.59703848368596 36.947930181885916 0.0
149.1198027037554 56.33674023103345 0.0
67.41463859266057 131.94992057326235 0.0
97.13442282104154 185.68821128611447 0.0
96.8820580889472 74.86237840673837 0.0
105.24824274305458 151.17851886595872 0.0
89.42145053459029 43.433261371060425 0.0
24.32596851250821 191.30131087918446 0.0
76.69549915501538 26.028224977061054 0.0
135.3147838064776 182.74278572980327 0.0
51.21202382802803 125.39008577302617 0.0
55.83671826560148 196.49759876901967 0.0
2.81256737671598 88.28585176888014 0.0
36.94002434561043 27.81240295511158 0.0
5.589236154900967 26.306087637721888 0.0
80.94832577612279 151.64753931644682 0.0
110.8754453605573 123.74563612966168 0.0
31.072790943928297 26.636736505170266 0.0
187.30794150451564 90.40869840120615 0.0
84.42920522855077 173.06355163801217 0.0
115.5589886756061 10.345327360329183 0.0
62.32831716723706 184.16244670524645 0.0
93.18911731518646 61.94051561330796 0.0
35.18445869370386 195.0913990542264 0.0
34.17246335304303 140.4410664790741 0.0
144.11398692419385 130.2120620212846 0.0
157.99824228505685 100.91951056485644 0.0
87.27154915448796 76.85249023698215 0.0
54.8535276279851 157.8383911070068 0.0
146.19898091732557 192.51656188331665 0.0
186.2439828484745 126.79234231728161 0.0
15.937918041761856 42.54328544337351 0.0
134.51079557267119 74.66938626658693 0.0
72.38398073562269 186.5081801947366 0.0
150.05365448953214 156.3869661201438 0.0
61.33686313646729 184.19809435540378 0.0
61.67115114192639 159.52232442299646 0.0
125.92722893599175 175.77974622177774 0.0
13.281498636232826 152.57081733440805 0.0
2.577868269475969 5.821502126178024 0.0
169.38812196779526 38.229951089046324 0.0
110.38319950242388 107.11676705376318 0.0
92.00616829120074 150.0207960999236 0.0
134.76764554100424 37.796663958467256 0.0
133.3675276178595 98.72274591273454 0.0
163.51009507377628 74.00849531277775 0.0
111.5736196045895 74.5113532364341 0.0
71.69815748696904 0.4757450493755977 0.0
140.46665055936884 141.35336474187883 0.0
71.90246258192691 12.544301042273354 0.0
170.34165204338058 122.1268415218189 0.0
146.83789332518162 45.85872685548817 0.0
162.72321755939106 66.09851062855527 0.0
64.0051481615478 83.60147373408238 0.0
70.28234949702046 14.804479030489425 0.0
35.282569851204926 56.26684608141797 0.0
122.07040251020658 38.044509303223165 0.0
29.164836779657133 45.230861340202246 0.0
124.59872606835009 98.61411698784784 0.0
69.3215653894412 28.91690969787113 0.0
180.89410711771527 22.562838571384013 0.0
160.37547046188607 169.14643795615484 0.0
2.51172011129821 101.18105302548777 0.0
170.27636614775315 25.302747921801007 0.0
43.588800477538214 31.581805206268363 0.0
68.37372946885903 105.22518467054233 0.0
21.37390731951767 14.658179150591666 0.0
169.26718883992123 14.290032073492466 0.0
4.268109901589012 72.3607216084104 0.0
64.7408837106682 147.92342742166727 0.0
146.26606897685596 20.65370084385645 0.0
139.5640902166788 187.83074457512137 0.0
125.78647829246867 40.17272663177209 0.0
161.66723302551281 8.515958241309551 0.0
7.2329727627936435 23.520664445337513 0.0
13.1788063457829 178.20348777249524 0.0
185.22809085927062 46.30256559437416 0.0
186.0354033773477 47.064162702682964 0.0
94.31451861501927 8.414545633820513 0.0
4.353562246403309 55.68597397881647 0.0
71.01933431808631 122.76557073064293 0.0
55.478722068960295 168.01936819395434 0.0
140.52858469053305 90.52515851085239 0.0
12.60310514910179 35.5658431890389 0.0
166.82106140625535 95.15406620634744 0.0
114.07097329799159 33.36773865236067 0.0
152.96174529895663 171.8891366049252 0.0
27.966200496567595 73.39614639331072 0.0
107.3568597786576 65.01747620623857 0.0
75.30370797848815 97.22289610763659 0.0
2.124179458164943 172.18923785636358 0.0
11.122854387193604 177.40169607237104 0.0
141.33363238776175 193.18236766584545 0.0
170.00743448747468 15.772545495955171 0.0
129.7249732383553 49.94667572457718 0.0
171.03352392840173 116.94253686677413 0.0
186.61069288607638 125.41869274649562 0.0
146.87291045273383 36.48537100994569 0.0
185.02408239060543 80.51282831600939 0.0
12.756530027969216 55.94080505803416 0.0
112.77367868236956 51.85845219420142 0.0
23.22874154187722 20.484431272159643 0.0
49.9172225010293 107.26646061921785 0.0
178.09995644200683 90.17721644251932 0.0
36.26944495716759 41.57309385531099 0.0
133.73163104853248 1.9932783841809298 0.0
162.90989207182142 132.42278045297988 0.0
151.76425407818874 117.36342888444635 0.0
63.25830038342799 143.71578553317988 0.0
74.62543408166557 38.76113393699578 0.0
102.13682408250409 63.86058391326386 0.0
155.63184778393008 118.89653850031408 0.0
165.3397493480131 196.63494649421926 0.0
191.22533482188965 157.37328295982573 0.0
37.583102725107494 84.37368426508955 0.0
3.85993332567367 182.20195129077823 0.0
123.30800456231191 136.3651872383895 0.0
106.28335578507595 47.35296375874225 0.0
112.66316189044292 159.75291135755688 0.0
141.4327662593299 42.57088172172596 0.0
124.09358237913199 45.90193902448281 0.0
36.89148626467935 7.9610532030659265 0.0
65.31398405558451 52.10496342491729 0.0
138.82967361139913 173.39873646182954 0.0
46.047132945500536 36.66601962281148 0.0
97.57863144251377 101.59971365215954 0.0
48.75867591658582 54.81426871186472 0.0
165.4650230155952 103.73063030798903 0.0
117.7218368800056 103.56442125599435 0.0
37.257676789970404 117.72630257073399 0.0
62.096714084572 115.55420882137798 0.0
14.556435358795294 92.02025227280855 0.0
85.3105727583811 145.05352100685704 0.0
107.67888564069135 1.1838227839856552 0.0
50.87711020492347 63.75389251573025 0.0
102.07745918985816 135.00840486143787 0.0
73.89412898143763 189.6109594210048 0.0
11.045932007272308 48.85407882011714 0.0
187.81073666362832 108.9267379916813 0.0
112.45095271200015 140.6274002392531 0.0
177.65668368055242 120.02250232202378 0.0
124.45071052708462 28.53984262353395 0.0
93.7780309480803 26.267149218016872 0.0
13.639479529122456 143.83756926248304 0.0
64.22485752725908 36.890067491876735 0.0
48.78333140803504 23.98232074613924 0.0
9.288410723483365 95.92145643959915 0.0
14.288873069695684 94.3021758517315 0.0
128.28649008646022 52.767202922242774 0.0
179.77338414482477 59.92006089713007 0.0
176.54755659737816 112.33948541224702 0.0
85.58133397312349 194.80694648690258 0.0
179.64552653619077 158.3282504434309 0.0
48.81885254455194 11.095662974406807 0.0
142.28887824217463 30.112900140636523 0.0
120.45418406975334 19.330481971504998 0.0
100.86911621962243 51.97745312441167 0.0
31.25884976883806 149.11646077020592 0.0
141.52537300227021 62.706628549243426 0.0
52.84065763073325 89.6718074384425 0.0
159.68330836212158 74.30426260233727 0.0
69.74645609354273 131.07547241884183 0.0
172.37818520505675 100.48960377536925 0.0
109.58886096946297 39.541269630737496 0.0
111.27348367195388 38.7910615217278 0.0
110.37792793102692 83.83887071578727 0.0
22.13799334600992 164.47105153811862 0.0
17.715240837703618 145.0211164054492 0.0
75.64585500338322 0.17962131668678438 0.0
199.23444607708782 87.90615663703659 0.0
154.71566300726556 62.14864716945259 0.0
39.64876869401615 50.30189447854401 0.0
25.206236895519996 51.90244942156279 0.0
36.99278944669939 14.749404907154684 0.0
19.638228604884556 61.874663982708846 0.0
159.12207846958015 167.601013770024 0.0
167.71235905113718 93.9853804160913 0.0
39.26104414615259 121.53770385019533 0.0
192.7465658282881 52.14651256063569 0.0
190.36584388521817 80.16970526415493 0.0
159.75595486124772 162.82755475962034 0.0
0.2956879521299527 57.153133039917336 0.0
8.750980289721921 102.22778220751762 0.0
33.26263145456072 127.29455236097758 0.0
135.9308866286165 164.26514409080275 0.0
107.75626584355284 183.4044918805658 0.0
195.80093566643248 190.5061468945371 0.0
147.11647201380947 0.19995227404707716 0.0
188.84356988843956 101.32497419793907 0.0
106.15390873988497 165.34500491547328 0.0
72.22521092840677 116.99431697840699 0.0
165.69438840315027 27.75767701977059 0.0
185.12191526599577 138.07434652182528 0.0
56.64997516672374 34.60032875345733 0.0
115.59871738493914 66.38030216487127 0.0
26.19617131410552 80.90984435968807 0.0
52.57906666078076 90.97333893639173 0.0
190.86100690760216 179.6130104143469 0.0
164.29221596904503 138.03325193372703 0.0
34.808618576134975 74.71146973118341 0.0
123.6881676079741 189.13574808818848 0.0
6.326279852948846 166.70975327605242 0.0
161.66117592379788 9.371104624294357 0.0
141.50048668340793 96.89894976110527 0.0
170.52442119570398 194.904988312674 0.0
1.294264784766752 145.89762701346768 0.0
3.030106206692218 148.9963188485681 0.0
146.7144339100489 41.890637966972186 0.0
16.33067389884426 26.15121222637484 0.0
96.48408708299905 45.295591122662636 0.0
95.62847411623927 46.005896079236265 0.0
12.612157621179199 79.12579916524838 0.0
58.862787217692336 71.69582645184178 0.0
41.47842973224487 8.107475871236037 0.0
91.63458269003296 171.88199043154074 0.0
101.52904536119269 134.6482328314668 0.0
90.67106771539744 41.26973164946308 0.0
153.40396712467728 176.04274705491997 0.0
104.4835854534863 41.369315976280994 0.0
14.29451401438171 14.84072527181619 0.0
51.47394036633379 41.411497565963714 0.0
185.55567121981395 173.0912535356011 0.0
168.5959191713924 188.74564313258858 0.0
151.0743253269123 51.21666108410352 0.0
197.78018498312048 18.711696475406335 0.0
173.6212369994178 93.5582437077159 0.0
152.6824002367353 125.89160490858539 0.0
167.39114298234864 195.17500592177285 0.0
24.915957887384653 161.80975026378655 0.0
157.1618033752888 48.265893081551646 0.0
186.78222809600223 198.56604344379335 0.0
147.97955246450056 141.62490610227357 0.0
126.61284259604844 103.54938787316838 0.0
124.00532824693305 172.8275471740242 0.0
113.19012495414538 107.29322341965187 0.0
171.13179846898026 110.38619902984479 0.0
27.313177020210123 14.699102629122596 0.0
175.20875959419948 51.90101279254793 0.0
121.42894605552732 109.26804891469624 0.0
186.19048940944955 164.2720129187843 0.0
72.34892926060613 130.64377024240756 0.0
158.24535683152217 163.32708849152306 0.0
177.42388100552193 167.68565944458499 0.0
176.84455209214937 192.75977511924265 0.0
111.15036204614381 102.45372313133973 0.0
66.07330877920707 196.05957340974066 0.0
107.03460874131142 164.9015432536447 0.0
32.88462799016409 140.1568298833521 0.0
158.64070574542737 13.737502950553782 0.0
149.74199204758793 145.7930778885653 0.0
44.101602612473 145.82850932545082 0.0
3.07421058229036 107.16695954175752 0.0
69.97315301345668 154.68457356155483 0.0
142.1920355609999 142.1947931228088 0.0
3.162833440954782 7.97666660992522 0.0
51.79274648040055 4.76399949754629 0.0
113.76636669121545 94.70420589994997 0.0
40.90552756681522 11.646550694735481 0.0
186.99715195765313 104.54280408853265 0.0
92.10696255726853 89.27886037915297 0.0
178.99476782672838 45.06681250441318 0.0
147.0625412873022 29.403345634390355 0.0
89.15057613344943 76.9552531198323 0.0
117.92667607141804 157.60617607144292 0.0
0.689874411458069 152.9539714744767 0.0
108.86025446479066 165.0746613072707 0.0
101.60171264785447 83.28061525615374 0.0
107.90130082712946 31.436817950860394 0.0
39.60892044771877 18.323410171622957 0.0
166.65094177591783 175.33475934171952 0.0
187.72263785089777 38.8985457521295 0.0
23.713355539997206 9.422543217677326 0.0
101.02700060900325 174.99514223717003 0.0
47.55503340905103 147.76823862439113 0.0
30.691388485256343 135.85084929598406 0.0
75.42516807466433 16.179022121576804 0.0
27.809019282732116 127.36508337572106 0.0
7.20555901379627 149.75710555232118 0.0
117.51240987600188 157.2711452395366 0.0
76.53508321524227 27.03351048349072 0.0
52.91765200441863 184.15232606662607 0.0
166.28015392541192 86.3155835740297 0.0
68.80111334507679 153.30134842700434 0.0
161.3993661449263 197.42336909655927 0.0
46.513611483803615 180.58639716210985 0.0
139.47692452129476 120.7789265599309 0.0
174.48888608752978 94.90121544798372 0.0
187.67608992380525 175.85173962249806 0.0
142.80443964299866 30.4406532025407 0.0
4.590425608279758 62.25251022807803 0.0
145.60474549975675 171.95721284550848 0.0
196.447227453582 129.3065830365897 0.0
81.79807167359203 99.31817764062885 0.0
109.34396474153398 173.72739613005984 0.0
142.28990520085551 52.0969466737492 0.0
152.6752764513391 60.049352984682145 0.0
51.11747846937496 40.59630947305519 0.0
63.6345236266894 104.76865583412165 0.0
188.2014790100109 66.61540248567323 0.0
38.650511261194964 42.67955927924276 0.0
63.03253360386225 185.43616300097105 0.0
114.84650107518189 102.68274070741074 0.0
131.4616512157795 139.91925451673865 0.0
23.085292843998296 60.38143280308987 0.0
151.86546634356134 28.26329951030788 0.0
153.8905870359508 106.07002847222698 0.0
162.30844254264315 128.89551847691504 0.0
78.51155610587949 169.25899622168194 0.0
126.92607815860278 199.12587334043465 0.0
49.62394982172464 174.66894369688694 0.0
147.60442250244188 88.61073072118337 0.0
69.63778222616874 169.66575028247058 0.0
66.13298736413746 164.3364474047728 0.0
59.30805946409225 159.39779084666324 0.0
92.35958247267438 30.746947582316597 0.0
185.32170180537037 13.435239869062165 0.0
185.47718813259135 146.80376635923537 0.0
112.76030994407556 166.50062403971745 0.0
88.42460545033568 191.18085343433805 0.0
36.81494559661911 25.9187557822941 0.0
169.4840916526349 7.460692912913536 0.0
17.85578856437724 19.703329386391346 0.0
160.5108019575761 73.1121356698925 0.0
194.9359467558371 71.73640810376389 0.0
97.83042657204074 79.19462974954747 0.0
85.03536862106453 174.28625150735536 0.0
69.69295549843224 182.14744645236516 0.0
188.82730094320402 43.147825623801154 0.0
153.27209050436537 194.6865893408373 0.0
118.47637678331455 186.9795386188627 0.0
184.55132767140407 19.746194362602544 0.0
38.9538449977918 99.94874252139485 0.0
146.03936996976356 199.56522666955092 0.0
171.58217674187205 95.58753927072472 0.0
180.10907676794204 151.43437404236127 0.0
46.99772757320198 139.79971634725302 0.0
139.8556309806835 92.28207611963832 0.0
114.44676705288408 112.24838489212019 0.0
174.72133549126988 16.19273506886778 0.0
15.306677321760475 27.893219125997515 0.0
114.73582164683 182.11418387167154 0.0
110.95078391159498 84.23514338491826 0.0
165.0721882145618 193.42550561319524 0.0
118.55175244592063 164.86534413855503 0.0
51.72101268978155 106.70049477999295 0.0
153.14508873895255 26.204679409744493 0.0
69.43583364603492 93.9159348639379 0.0
100.25084127942239 21.858422354811257 0.0
74.70521740386766 0.5181239751307132 0.0
50.57818677434467 77.80055743063691 0.0
139.35812116591185 91.17491000202409 0.0
116.81407701745334 121.64073594329281 0.0
134.51074824613238 155.7048587568185 0.0
122.223762355763 90.51615743619301 0.0
149.914786935949 159.58887743547763 0.0
1.767536096138711 194.68964517968564 0.0
170.36834712164077 166.634076155475 0.0
88.6645636695666 97.72432301177692 0.0
28.702567615672958 135.77332855031747 0.0
172.81136098886455 89.14429084898062 0.0
133.95837783939305 199.64837255364807 0.0
112.18884665522069 171.779754894055 0.0
33.71949245404664 169.53812588000417 0.0
54.36863966685868 63.53424657758355 0.0
111.1692686312717 79.35811309702152 0.0
182.4557345268214 22.100420508597708 0.0
40.29058374477121 180.8708599141663 0.0
138.28125252699044 141.1902369965807 0.0
26.729527481956474 132.91119877660472 0.0
95.38561169969799 138.13417325030585 0.0
147.1952082994173 189.34455566238242 0.0
55.308904295273265 55.24327978121954 0.0
66.86951667211653 183.6402425204259 0.0
122.931898153091 131.11695482541163 0.0
62.15234717949454 32.3559236641001 0.0
80.08768730959757 163.11840472069923 0.0
5.169251168286415 135.49346856762722 0.0
121.39041987474516 178.52866563633563 0.0
176.8200278317685 38.60043730756486 0.0
142.20432067448837 159.42933021507193 0.0
66.74852498090804 39.65553689409449 0.0
75.90259475854579 125.15309291942798 0.0
91.46515755572847 73.19047138197521 0.0
66.04239828037011 66.18018627835636 0.0
15.95554518732676 184.7645607689207 0.0
128.8087822213719 44.648081454654246 0.0
199.46001585855967 20.82275839376344 0.0
12.056818492338994 29.180659974316804 0.0
2.7103375080886227 2.1315564637383044 0.0
189.50791309228242 115.53220989738426 0.0
191.7616759189623 23.401428863656058 0.0
142.13272105034505 99.58077306341382 0.0
152.65921787226773 27.368606605265498 0.0
73.47974356986053 115.4941918240157 0.0
191.53056652157113 38.522819119724105 0.0
181.685138258455 29.431523246117088 0.0
136.29652680494596 9.831953841358999 0.0
168.12597646070287 87.93134053751193 0.0
79.04444915366591 135.22841860132175 0.0
1.155610009175878 160.17765987584716 0.0
2.209913621992854 111.28627203824782 0.0
73.08644895361451 184.62321390657428 0.0
17.064049938133707 193.43204929203978 0.0
189.5620218745746 132.98882701685244 0.0
9.605392597242046 185.19640171469857 0.0
112.68667335586431 138.44683043859234 0.0
36.80663450541759 123.42769250994023 0.0
42.757926240986485 199.83536111156616 0.0
45.26844169593514 178.05275967788356 0.0
68.17300306175147 70.03960415253061 0.0
194.68368650225833 171.88407802494038 0.0
39.05759230800285 164.21495080077503 0.0
60.11739733196737 144.1367080765859 0.0
127.39160140136079 182.31627769318655 0.0
59.95903893472521 130.7323628147611 0.0
124.88298681400171 30.436417848938024 0.0
10.505348687580973 15.13209134639688 0.0
99.56755865544767 146.74613685354498 0.0
143.48365331601318 115.35309936592722 0.0
183.08903412692433 90.3668907929808 0.0
39.42686700942701 115.98923073288879 0.0
192.8403035918916 35.296698029812944 0.0
127.66331982057942 28.468828281814762 0.0
106.623314349194 26.54860791516167 0.0
82.78572424580946 68.44761615985593 0.0
102.21166822070442 101.95018008806638 0.0
7.8154868261428145 76.14841612807868 0.0
150.1764899609511 60.591592846128826 0.0
135.87992004775543 173.62350615245325 0.0
5.562741692219375 167.69894769674391 0.0
105.0715392387187 152.3295045698948 0.0
82.47970458711966 25.748455790041767 0.0
65.26025345511171 15.068772439873257 0.0
115.39588246625945 12.926245054500129 0.0
160.98070268977352 158.2652856086645 0.0
111.90521908050562 92.57758602961839 0.0
101.11865547229873 73.70713885262923 0.0
83.95801424609908 31.07839961707304 0.0
173.97188555009154 173.30177674763684 0.0
8.026491253538737 126.60095741054282 0.0
195.3625620682905 196.054128787344 0.0
9.401582255597752 47.5347953811682 0.0
87.8296641616445 43.39200013884381 0.0
91.79401064445818 106.86283183460408 0.0
80.5315959595154 7.12695877096341 0.0
40.63931174459678 57.58186536447223 0.0
92.34068001868874 3.753172485577805 0.0
16.983075279044257 84.29557203018827 0.0
114.71274879339504 9.450622361835691 0.0
28.549087186429787 87.39729108108885 0.0
146.2667094336771 2.0732218359562404 0.0
115.56983224450906 8.798841178914053 0.0
47.61037828481604 159.5664034096922 0.0
121.18517004855943 31.95077339045167 0.0
182.8006282256108 38.672864701672395 0.0
129.69173178374555 3.938446860633227 0.0
92.92722235406494 163.44909718464191 0.0
50.652003564733874 173.72748354285247 0.0
107.66153941699854 90.02954324619998 0.0
2.848756959683074 118.17103387989675 0.0
142.21269862492133 182.23916200593703 0.0
109.29690434606201 136.18058711184523 0.0
149.98532969041588 32.06934421784191 0.0
53.00160691015498 31.500923669243154 0.0
5.33475540643189 89.69606348934536 0.0
62.87780432278191 75.8189690081745 0.0
176.16684659491034 29.633337952689587 0.0
100.22309888547882 46.475342085312455 0.0
12.731484402533045 72.77907129678974 0.0
98.36236520586361 166.83648819049526 0.0
26.81002632823779 108.52438610719335 0.0
171.55904010484454 142.42425431698854 0.0
164.5987985259467 16.761715372793383 0.0
154.01468707474885 82.18898414484795 0.0
186.9421685555243 76.54083707390093 0.0
55.75483909405923 121.85109193494033 0.0
62.17035376807871 166.28624648801065 0.0
29.42587218560866 25.02528179176966 0.0
149.64860315372025 9.903248637147911 0.0
30.50406730760915 127.8805982523454 0.0
106.2460497937834 3.7642022761375626 0.0
123.14466709653733 114.37846010637274 0.0
83.28403921975598 171.48044506354785 0.0
134.87526900979339 61.67008745697906 0.0
98.12528672260721 136.5294936199388 0.0
95.56446953603701 179.02359981783277 0.0
62.41682782072142 77.22113610091732 0.0
9.573216806845153 78.69026172806635 0.0
28.10126657177514 34.150140884892366 0.0
4.722924601328482 63.40831868698502 0.0
172.66235878852083 77.19734100549044 0.0
177.69091229491082 192.7819965370208 0.0
86.67258089752632 107.30494521608584 0.0
112.67037138086809 199.5622873767295 0.0
49.56188413208575 67.66590318558643 0.0
88.60854262684813 66.89517427047416 0.0
183.62833287692717 69.63138383929015 0.0
10.063395880044524 48.892018022666406 0.0
61.663010721340015 0.5542894077531502 0.0
97.69567607143621 119.41595104274761 0.0
110.16303387665238 173.95092964522644 0.0
156.6397051508361 67.7671140483135 0.0
197.95809372123813 106.7769964064533 0.0
4.47290885807472 124.98862773325119 0.0
129.17756596422942 164.27804674504847 0.0
185.23062469800175 100.80434932824971 0.0
169.8367600190261 199.78873351134177 0.0
