4 381
7 15
8 568
9 519
10 367
14 712
15 37
16 506
19 751
18 124
23 969
22 652
25 399
26 588
29 503
28 502
31 987
30 445
35 806
33 262
36 315
37 631
42 42
43 404
45 367
51 755
49 615
48 106
54 487
52 654
59 516
57 680
64 228
66 51
67 314
76 165
77 358
74 540
75 592
85 354
80 547
83 120
92 885
95 984
90 337
101 552
99 656
110 90
111 488
108 140
109 583
107 725
104 607
105 395
119 915
116 323
114 89
112 863
127 212
126 135
124 844
123 335
121 342
141 163
142 222
128 38
131 608
133 814
135 907
134 96
153 293
155 57
157 88
158 309
145 536
146 608
147 518
148 366
150 649
171 214
169 963
173 509
163 614
162 505
167 898
166 769
165 576
186 956
187 573
184 670
188 372
178 635
180 309
200 899
196 657
198 593
193 455
192 397
195 373
194 926
