4 222
7 317
9 261
10 215
13 912
15 273
17 894
16 223
19 442
20 205
23 889
29 661
31 900
34 211
35 852
32 530
33 161
36 311
37 512
42 16
41 562
46 494
44 711
45 538
48 125
55 566
52 747
59 568
56 558
63 348
62 111
61 247
68 664
71 701
65 277
66 63
76 151
77 52
78 668
79 335
72 285
73 418
74 898
75 611
84 664
87 4
86 702
81 117
80 29
93 830
92 883
89 234
91 843
90 814
103 2
100 595
98 182
96 979
110 423
111 955
106 190
107 659
104 789
119 513
118 835
116 84
115 97
127 507
122 991
120 442
136 688
139 602
140 993
129 263
128 606
131 901
133 185
132 889
153 628
154 886
155 837
156 814
157 613
158 696
159 391
144 42
145 741
149 90
150 104
151 73
171 927
170 789
168 270
174 168
172 153
163 641
161 389
160 965
167 102
166 294
164 84
186 487
187 104
191 390
189 479
179 559
176 919
182 24
183 117
181 742
207 11
206 927
201 597
203 761
202 26
196 905
193 130
192 936
194 102
221 443
223 72
217 988
218 406
219 930
210 217
237 654
236 983
230 356
229 857
228 820
227 119
226 157
225 234
251 934
249 646
247 702
241 685
274 71
272 386
278 479
276 390
283 279
282 445
280 669
287 850
286 341
285 117
284 287
258 672
259 58
260 336
261 66
264 1
265 201
270 569
271 133
307 381
306 226
316 939
319 894
290 860
291 173
292 377
294 803
295 317
296 692
297 464
300 365
301 174
342 546
340 530
339 431
337 801
350 911
348 264
346 12
345 40
327 325
325 275
323 542
320 109
333 589
331 511
329 819
373 136
369 450
371 364
370 498
381 485
380 128
383 634
377 556
376 577
378 909
356 736
358 421
353 409
354 981
355 337
364 865
365 759
361 636
410 44
411 291
408 602
403 908
401 551
406 809
398 249
385 622
390 8
440 764
443 813
432 261
433 615
435 971
438 688
439 406
427 18
426 686
429 533
417 131
419 222
418 976
421 676
479 255
476 560
477 406
474 58
473 861
470 710
468 293
467 731
465 353
462 12
458 544
457 942
456 527
455 534
454 918
453 772
450 426
449 55
448 42
508 459
509 301
504 724
503 780
496 645
498 422
488 24
490 709
485 696
484 689
487 525
480 424
483 506
550 952
547 980
558 419
556 763
557 159
555 217
553 725
567 767
566 757
565 638
564 89
562 774
561 351
560 9
575 609
572 738
571 343
570 805
516 910
517 597
519 915
526 947
533 643
532 108
528 264
531 594
543 378
542 603
537 132
539 906
610 998
611 798
608 738
614 633
615 960
612 546
613 144
619 623
622 421
623 254
620 293
624 597
631 419
630 681
629 751
634 13
633 68
632 881
639 273
638 317
578 620
579 845
580 657
581 206
583 861
584 368
585 103
587 4
590 330
591 315
592 281
595 33
594 24
597 173
599 675
598 250
600 863
605 833
604 876
606 901
685 672
681 68
678 780
676 765
702 834
701 170
699 34
696 356
694 77
695 469
693 802
653 133
652 367
649 456
647 404
641 971
643 740
671 942
664 831
665 57
666 760
660 810
661 931
663 102
656 400
659 970
747 303
746 76
738 191
743 733
742 839
741 478
763 844
760 182
755 279
752 52
758 561
756 277
757 845
712 116
715 790
716 256
719 888
718 799
706 132
709 171
710 271
729 877
733 958
734 161
735 357
720 493
722 977
726 349
727 512
800 997
791 628
790 122
789 0
788 323
785 106
799 867
798 549
797 758
796 876
793 888
772 905
773 604
768 252
769 373
782 236
780 392
781 165
