1 24 36.0
1 53 8.0
1 81 2.0
1 90 81.0
1 101 93.0
1 120 47.0
1 136 1.0
1 142 56.0
1 150 84.0
1 177 42.0
1 182 20.0
1 132 1.0
1 192 16.0
2 129 92.0
2 151 80.0
2 176 7.0
2 178 63.0
2 16 9.0
2 61 20.0
2 123 63.0
2 124 72.0
2 127 93.0
2 131 81.0
2 139 32.0
2 183 20.0
2 197 8.0
2 199 84.0
3 33 90.0
3 35 2.0
3 37 51.0
3 50 81.0
3 96 92.0
3 114 11.0
3 117 97.0
3 122 34.0
3 130 60.0
3 154 39.0
3 160 75.0
3 172 89.0
3 174 40.0
3 195 9.0
4 5 6.0
4 31 48.0
4 40 90.0
4 46 99.0
4 77 48.0
4 103 23.0
4 115 83.0
4 117 85.0
4 168 6.0
4 175 59.0
5 4 23.0
5 31 13.0
5 37 36.0
5 40 46.0
5 46 30.0
5 50 44.0
5 67 42.0
5 69 46.0
5 77 37.0
5 98 16.0
5 115 33.0
5 117 77.0
5 122 67.0
5 145 73.0
5 168 22.0
5 175 81.0
6 26 15.0
6 33 63.0
6 39 71.0
6 68 83.0
6 85 12.0
6 114 20.0
6 130 83.0
6 132 38.0
6 160 38.0
6 192 10.0
6 200 27.0
7 9 15.0
7 12 23.0
7 18 30.0
7 19 26.0
7 52 40.0
7 66 94.0
7 74 62.0
7 83 13.0
7 88 44.0
7 100 57.0
7 111 94.0
7 116 65.0
7 121 22.0
7 125 17.0
7 155 17.0
7 167 23.0
7 171 27.0
8 19 26.0
8 20 85.0
8 38 32.0
8 59 40.0
8 70 90.0
8 74 25.0
8 83 93.0
8 88 85.0
8 110 67.0
8 111 97.0
8 116 43.0
8 125 22.0
8 128 87.0
8 155 59.0
8 161 75.0
8 190 83.0
8 95 45.0
8 144 9.0
8 149 4.0
9 7 76.0
9 12 33.0
9 18 63.0
9 19 40.0
9 52 51.0
9 74 52.0
9 83 26.0
9 88 28.0
9 100 92.0
9 111 97.0
9 116 16.0
9 121 60.0
9 125 71.0
9 155 64.0
9 167 94.0
9 171 81.0
10 24 89.0
10 34 75.0
10 51 33.0
10 53 49.0
10 70 42.0
10 84 72.0
10 90 73.0
10 120 77.0
10 136 3.0
10 142 97.0
10 150 96.0
10 177 30.0
10 181 68.0
10 182 1.0
11 25 8.0
11 43 88.0
11 94 25.0
11 108 73.0
11 126 89.0
11 158 90.0
11 196 53.0
12 7 84.0
12 9 56.0
12 18 63.0
12 19 28.0
12 52 85.0
12 74 58.0
12 83 29.0
12 88 95.0
12 100 53.0
12 111 48.0
12 116 39.0
12 121 35.0
12 125 55.0
12 155 38.0
12 167 95.0
12 171 9.0
13 65 58.0
13 86 78.0
13 91 98.0
13 95 25.0
13 97 70.0
13 104 31.0
13 107 10.0
13 112 12.0
13 156 39.0
13 164 74.0
13 184 28.0
13 194 81.0
14 129 43.0
14 176 95.0
14 178 68.0
14 97 68.0
14 112 1.0
14 184 79.0
14 194 45.0
14 16 22.0
14 123 19.0
14 124 97.0
14 131 9.0
14 133 77.0
14 139 69.0
14 29 46.0
14 44 29.0
14 93 74.0
14 99 80.0
14 135 42.0
14 180 79.0
14 186 27.0
15 26 36.0
15 39 29.0
15 61 64.0
15 68 76.0
15 105 11.0
15 114 68.0
15 127 24.0
15 160 69.0
15 183 5.0
15 192 27.0
15 200 66.0
16 129 18.0
16 176 94.0
16 178 90.0
16 97 96.0
16 2 88.0
16 123 7.0
16 124 7.0
16 131 72.0
16 133 59.0
16 139 85.0
16 197 11.0
16 199 51.0
16 14 61.0
16 44 54.0
16 99 9.0
16 135 99.0
16 186 90.0
17 29 71.0
17 30 37.0
17 45 85.0
17 57 33.0
17 82 30.0
17 93 25.0
17 118 20.0
17 135 8.0
17 138 99.0
17 152 84.0
17 153 19.0
17 159 52.0
17 180 56.0
17 193 89.0
18 7 79.0
18 9 32.0
18 12 68.0
18 19 39.0
18 52 44.0
18 66 52.0
18 74 67.0
18 88 33.0
18 100 81.0
18 111 95.0
18 116 65.0
18 121 21.0
18 155 82.0
18 166 65.0
18 167 96.0
18 171 76.0
19 7 15.0
19 8 66.0
19 9 36.0
19 12 67.0
19 18 22.0
19 20 91.0
19 38 52.0
19 51 75.0
19 52 73.0
19 59 82.0
19 70 7.0
19 74 16.0
19 84 30.0
19 88 89.0
19 111 16.0
19 116 47.0
19 121 20.0
19 128 28.0
19 140 79.0
19 155 86.0
19 161 63.0
19 167 41.0
19 171 34.0
19 190 24.0
20 8 78.0
20 19 71.0
20 38 96.0
20 59 59.0
20 70 26.0
20 74 2.0
20 83 45.0
20 88 28.0
20 110 66.0
20 111 29.0
20 116 24.0
20 125 14.0
20 128 31.0
20 151 52.0
20 155 81.0
20 161 59.0
20 190 95.0
20 95 49.0
20 144 13.0
20 149 80.0
21 62 78.0
21 137 17.0
21 148 39.0
22 76 35.0
22 169 6.0
22 45 22.0
22 48 29.0
22 54 5.0
22 57 63.0
22 58 95.0
22 72 95.0
22 73 36.0
22 87 1.0
22 106 43.0
22 152 70.0
22 187 40.0
23 30 51.0
23 56 32.0
23 89 35.0
23 153 30.0
23 159 17.0
23 163 14.0
23 189 98.0
24 1 12.0
24 10 11.0
24 53 34.0
24 81 86.0
24 90 93.0
24 101 37.0
24 120 42.0
24 136 72.0
24 142 20.0
24 150 81.0
24 177 90.0
24 182 7.0
25 11 43.0
25 32 14.0
25 43 69.0
25 64 43.0
25 94 74.0
25 126 2.0
25 143 60.0
25 158 58.0
25 196 51.0
26 6 2.0
26 15 50.0
26 33 47.0
26 35 73.0
26 39 54.0
26 50 42.0
26 67 49.0
26 85 7.0
26 96 70.0
26 98 60.0
26 105 36.0
26 114 82.0
26 130 83.0
26 145 30.0
26 160 59.0
26 174 43.0
26 200 78.0
27 108 1.0
27 126 90.0
27 141 67.0
27 158 86.0
28 63 25.0
28 92 51.0
28 102 53.0
28 173 18.0
29 14 20.0
29 17 27.0
29 44 74.0
29 45 6.0
29 57 60.0
29 82 43.0
29 93 47.0
29 99 58.0
29 118 96.0
29 135 1.0
29 138 89.0
29 152 55.0
29 153 42.0
29 159 5.0
29 180 36.0
29 193 56.0
30 17 27.0
30 23 46.0
30 42 99.0
30 82 68.0
30 153 39.0
30 159 85.0
30 189 46.0
31 4 4.0
31 5 19.0
31 40 25.0
31 46 42.0
31 77 42.0
31 80 59.0
31 103 99.0
31 115 97.0
31 168 35.0
31 175 99.0
32 25 60.0
32 43 18.0
32 47 16.0
32 49 87.0
32 55 19.0
32 64 86.0
32 71 9.0
32 75 60.0
32 79 84.0
32 94 1.0
32 113 24.0
32 143 95.0
32 157 56.0
32 162 73.0
32 191 49.0
32 196 29.0
33 3 28.0
33 6 72.0
33 26 93.0
33 35 30.0
33 39 28.0
33 68 67.0
33 85 95.0
33 96 22.0
33 114 23.0
33 130 66.0
33 160 77.0
33 174 42.0
33 195 43.0
33 200 41.0
34 10 7.0
34 84 11.0
34 120 4.0
34 137 91.0
34 148 53.0
34 181 27.0
35 3 49.0
35 26 29.0
35 33 12.0
35 50 35.0
35 85 26.0
35 96 77.0
35 98 30.0
35 114 67.0
35 117 31.0
35 122 96.0
35 130 10.0
35 145 15.0
35 160 38.0
35 174 63.0
35 195 24.0
35 200 15.0
36 47 44.0
36 49 73.0
36 55 60.0
36 71 57.0
36 75 70.0
36 157 13.0
36 164 21.0
36 191 50.0
36 119 35.0
36 134 91.0
36 163 5.0
37 3 64.0
37 5 34.0
37 50 38.0
37 117 19.0
37 122 99.0
37 154 71.0
37 172 76.0
37 195 30.0
38 8 82.0
38 19 41.0
38 20 57.0
38 74 18.0
38 83 3.0
38 111 89.0
38 116 79.0
38 125 51.0
38 128 48.0
38 161 90.0
38 190 18.0
38 95 22.0
38 144 64.0
38 149 28.0
39 6 41.0
39 15 69.0
39 26 25.0
39 33 75.0
39 68 66.0
39 85 36.0
39 105 23.0
39 114 12.0
39 132 35.0
39 160 56.0
39 192 34.0
39 200 9.0
40 4 52.0
40 5 6.0
40 31 32.0
40 46 99.0
40 50 35.0
40 60 43.0
40 67 24.0
40 69 80.0
40 77 75.0
40 80 13.0
40 98 28.0
40 103 5.0
40 115 83.0
40 117 29.0
40 122 30.0
40 145 83.0
40 165 34.0
40 168 26.0
40 170 36.0
40 175 70.0
40 188 78.0
41 60 41.0
41 78 21.0
41 80 73.0
41 123 24.0
41 133 86.0
41 147 29.0
41 165 38.0
41 170 93.0
41 198 98.0
41 45 36.0
41 57 53.0
41 87 5.0
41 93 50.0
41 106 51.0
41 118 49.0
41 152 7.0
41 180 76.0
42 30 51.0
42 48 96.0
42 73 20.0
42 82 37.0
42 187 75.0
43 11 73.0
43 25 87.0
43 32 57.0
43 64 42.0
43 79 45.0
43 94 45.0
43 113 60.0
43 143 32.0
43 196 50.0
44 97 83.0
44 112 28.0
44 184 14.0
44 194 55.0
44 16 11.0
44 124 20.0
44 131 51.0
44 133 75.0
44 139 10.0
44 14 60.0
44 29 30.0
44 99 68.0
44 135 93.0
44 180 94.0
44 186 7.0
45 41 91.0
45 17 3.0
45 22 69.0
45 29 58.0
45 57 32.0
45 82 11.0
45 87 67.0
45 93 35.0
45 99 50.0
45 106 24.0
45 118 52.0
45 135 8.0
45 152 8.0
45 180 35.0
46 4 62.0
46 5 83.0
46 31 49.0
46 40 20.0
46 50 47.0
46 60 40.0
46 67 23.0
46 69 22.0
46 77 84.0
46 80 7.0
46 98 81.0
46 103 55.0
46 115 59.0
46 117 53.0
46 122 68.0
46 145 22.0
46 165 88.0
46 168 13.0
46 170 29.0
46 175 87.0
46 188 51.0
46 198 3.0
47 32 45.0
47 49 11.0
47 55 9.0
47 64 32.0
47 71 99.0
47 75 61.0
47 79 94.0
47 94 90.0
47 113 10.0
47 143 71.0
47 157 44.0
47 164 56.0
47 191 92.0
47 36 18.0
47 119 23.0
48 22 27.0
48 42 72.0
48 72 91.0
48 73 66.0
48 187 80.0
49 32 31.0
49 47 63.0
49 55 38.0
49 64 72.0
49 71 44.0
49 75 89.0
49 79 1.0
49 94 20.0
49 113 1.0
49 143 41.0
49 157 60.0
49 191 96.0
49 36 44.0
49 119 53.0
50 3 93.0
50 5 27.0
50 26 89.0
50 35 91.0
50 37 25.0
50 40 5.0
50 46 16.0
50 67 70.0
50 96 70.0
50 98 86.0
50 114 12.0
50 117 4.0
50 122 61.0
50 130 43.0
50 145 95.0
50 160 91.0
50 172 52.0
50 174 88.0
50 195 56.0
51 10 92.0
51 19 12.0
51 59 64.0
51 70 47.0
51 84 26.0
51 88 69.0
51 116 12.0
51 128 2.0
51 140 51.0
51 142 69.0
51 151 9.0
51 155 62.0
51 161 96.0
51 171 9.0
52 7 42.0
52 9 88.0
52 12 58.0
52 18 54.0
52 19 64.0
52 74 68.0
52 83 85.0
52 88 68.0
52 100 32.0
52 111 34.0
52 116 54.0
52 121 47.0
52 125 72.0
52 155 12.0
52 167 40.0
52 171 16.0
53 1 72.0
53 10 24.0
53 24 8.0
53 81 51.0
53 90 17.0
53 101 5.0
53 136 35.0
53 142 68.0
53 150 21.0
53 177 45.0
53 182 26.0
53 192 54.0
54 76 9.0
54 80 45.0
54 103 10.0
54 165 45.0
54 169 13.0
54 22 10.0
54 58 98.0
54 72 11.0
54 106 42.0
54 187 60.0
55 32 17.0
55 47 57.0
55 49 61.0
55 71 96.0
55 79 72.0
55 113 64.0
55 157 7.0
55 191 24.0
55 36 53.0
55 163 33.0
56 23 7.0
56 89 29.0
56 163 88.0
56 189 81.0
57 41 64.0
57 17 50.0
57 22 71.0
57 29 1.0
57 45 76.0
57 82 31.0
57 87 38.0
57 93 71.0
57 99 20.0
57 106 70.0
57 118 72.0
57 135 73.0
57 152 64.0
57 180 59.0
58 76 19.0
58 80 3.0
58 169 68.0
58 22 33.0
58 54 47.0
58 72 6.0
58 73 58.0
58 106 91.0
58 187 89.0
59 8 46.0
59 19 75.0
59 20 94.0
59 51 13.0
59 70 20.0
59 88 43.0
59 111 15.0
59 116 63.0
59 128 17.0
59 140 36.0
59 155 89.0
59 161 41.0
59 167 21.0
59 171 73.0
59 190 54.0
60 40 86.0
60 41 73.0
60 46 13.0
60 67 90.0
60 69 12.0
60 77 44.0
60 78 14.0
60 80 28.0
60 103 86.0
60 123 10.0
60 127 43.0
60 147 4.0
60 165 11.0
60 170 14.0
60 175 54.0
60 183 21.0
60 188 95.0
60 198 46.0
60 199 89.0
61 142 58.0
61 2 52.0
61 15 94.0
61 105 67.0
61 127 18.0
61 183 71.0
61 197 8.0
61 199 39.0
62 21 86.0
62 137 24.0
62 148 76.0
63 28 69.0
63 92 26.0
63 102 88.0
63 173 40.0
64 25 8.0
64 32 1.0
64 43 55.0
64 47 16.0
64 49 92.0
64 71 92.0
64 75 57.0
64 79 1.0
64 94 81.0
64 113 10.0
64 143 72.0
64 157 19.0
64 162 86.0
64 191 95.0
64 196 89.0
65 13 37.0
65 75 15.0
65 86 45.0
65 91 86.0
65 104 65.0
65 107 96.0
65 112 41.0
65 143 45.0
65 156 25.0
65 164 62.0
65 194 74.0
66 7 25.0
66 18 79.0
66 84 2.0
66 88 30.0
66 121 96.0
66 155 40.0
66 166 17.0
66 167 31.0
66 171 11.0
67 5 98.0
67 26 3.0
67 40 55.0
67 46 16.0
67 50 73.0
67 60 78.0
67 69 87.0
67 77 45.0
67 78 28.0
67 80 78.0
67 98 41.0
67 103 60.0
67 117 30.0
67 145 72.0
67 147 38.0
67 165 46.0
67 168 44.0
67 170 85.0
67 175 48.0
67 183 16.0
67 188 60.0
67 198 5.0
68 81 88.0
68 101 48.0
68 6 95.0
68 15 36.0
68 33 98.0
68 39 36.0
68 85 15.0
68 132 2.0
68 192 64.0
68 200 74.0
69 5 40.0
69 40 88.0
69 46 97.0
69 60 52.0
69 67 20.0
69 77 1.0
69 78 67.0
69 80 25.0
69 98 76.0
69 103 53.0
69 117 46.0
69 145 85.0
69 147 24.0
69 165 62.0
69 168 54.0
69 170 50.0
69 175 82.0
69 188 70.0
69 198 85.0
70 8 55.0
70 10 55.0
70 19 29.0
70 20 35.0
70 51 97.0
70 59 72.0
70 88 32.0
70 116 16.0
70 128 69.0
70 140 89.0
70 151 59.0
70 155 78.0
70 161 61.0
70 171 17.0
70 190 43.0
71 32 65.0
71 47 56.0
71 49 20.0
71 55 4.0
71 64 97.0
71 75 54.0
71 79 6.0
71 113 59.0
71 157 20.0
71 191 64.0
71 36 77.0
71 119 8.0
71 134 51.0
71 163 97.0
72 76 40.0
72 169 31.0
72 22 26.0
72 48 28.0
72 54 55.0
72 58 45.0
72 73 70.0
72 187 2.0
73 22 74.0
73 42 40.0
73 48 39.0
73 58 90.0
73 72 7.0
73 106 33.0
73 187 15.0
74 7 61.0
74 8 62.0
74 9 28.0
74 12 77.0
74 18 39.0
74 19 54.0
74 20 74.0
74 38 97.0
74 52 8.0
74 83 73.0
74 88 30.0
74 100 84.0
74 111 63.0
74 116 10.0
74 125 30.0
74 155 51.0
74 171 88.0
74 144 65.0
74 149 76.0
75 32 41.0
75 47 76.0
75 49 88.0
75 64 10.0
75 65 17.0
75 71 60.0
75 86 57.0
75 143 26.0
75 162 60.0
75 164 40.0
75 191 88.0
75 36 48.0
75 119 68.0
76 80 19.0
76 103 21.0
76 169 32.0
76 22 58.0
76 54 79.0
76 58 50.0
76 72 98.0
76 187 26.0
77 4 7.0
77 5 81.0
77 31 69.0
77 40 92.0
77 46 3.0
77 60 15.0
77 67 48.0
77 69 5.0
77 80 65.0
77 98 14.0
77 103 65.0
77 115 97.0
77 145 35.0
77 165 68.0
77 168 58.0
77 170 96.0
77 175 23.0
77 188 63.0
77 198 8.0
78 41 73.0
78 60 39.0
78 67 18.0
78 69 74.0
78 123 12.0
78 127 41.0
78 133 20.0
78 147 41.0
78 165 95.0
78 170 96.0
78 183 41.0
78 188 51.0
78 197 85.0
78 198 54.0
78 199 38.0
79 32 56.0
79 43 59.0
79 47 52.0
79 49 18.0
79 55 2.0
79 64 62.0
79 71 81.0
79 94 84.0
79 113 37.0
79 143 77.0
79 157 57.0
79 191 26.0
80 31 60.0
80 40 96.0
80 41 87.0
80 46 34.0
80 60 31.0
80 67 83.0
80 69 64.0
80 76 51.0
80 77 6.0
80 103 29.0
80 165 26.0
80 168 68.0
80 169 42.0
80 170 25.0
80 175 46.0
80 188 63.0
80 198 12.0
80 54 42.0
80 58 98.0
81 1 35.0
81 24 76.0
81 53 33.0
81 90 62.0
81 101 41.0
81 136 96.0
81 142 86.0
81 150 95.0
81 177 81.0
81 182 83.0
81 68 21.0
81 132 80.0
81 192 55.0
82 17 93.0
82 29 50.0
82 30 24.0
82 42 63.0
82 45 63.0
82 57 32.0
82 93 29.0
82 118 53.0
82 138 79.0
82 152 91.0
82 153 23.0
82 159 87.0
82 180 49.0
82 193 38.0
83 7 41.0
83 8 69.0
83 9 13.0
83 12 75.0
83 20 18.0
83 38 56.0
83 52 83.0
83 74 85.0
83 100 16.0
83 111 4.0
83 116 80.0
83 125 79.0
83 144 88.0
83 149 5.0
84 10 31.0
84 19 4.0
84 34 7.0
84 51 3.0
84 66 56.0
84 88 52.0
84 121 25.0
84 140 59.0
84 155 13.0
84 167 44.0
84 171 5.0
84 181 53.0
85 6 4.0
85 26 45.0
85 33 7.0
85 35 60.0
85 39 56.0
85 68 15.0
85 96 1.0
85 114 71.0
85 130 97.0
85 160 53.0
85 174 38.0
85 200 10.0
86 13 76.0
86 65 20.0
86 75 9.0
86 91 45.0
86 104 42.0
86 107 36.0
86 112 10.0
86 156 59.0
86 164 56.0
86 194 27.0
87 41 12.0
87 198 62.0
87 22 91.0
87 45 93.0
87 57 79.0
87 93 42.0
87 106 75.0
87 118 15.0
87 152 60.0
87 180 36.0
88 7 25.0
88 8 29.0
88 9 89.0
88 12 1.0
88 18 10.0
88 19 83.0
88 20 18.0
88 51 5.0
88 52 21.0
88 59 31.0
88 66 62.0
88 70 82.0
88 74 14.0
88 84 18.0
88 111 46.0
88 116 70.0
88 121 28.0
88 128 27.0
88 140 41.0
88 155 97.0
88 161 28.0
88 167 39.0
88 171 81.0
89 23 8.0
89 56 40.0
89 163 23.0
89 189 74.0
90 1 62.0
90 10 1.0
90 24 3.0
90 53 24.0
90 81 46.0
90 101 8.0
90 120 23.0
90 136 51.0
90 142 62.0
90 150 15.0
90 177 3.0
90 182 58.0
91 13 19.0
91 65 59.0
91 86 73.0
91 95 41.0
91 97 24.0
91 104 40.0
91 107 98.0
91 112 79.0
91 156 24.0
91 184 1.0
91 194 3.0
92 28 96.0
92 63 80.0
92 102 67.0
92 173 84.0
93 41 69.0
93 123 46.0
93 133 26.0
93 14 35.0
93 17 17.0
93 29 46.0
93 45 93.0
93 57 60.0
93 82 78.0
93 87 27.0
93 99 51.0
93 106 7.0
93 118 90.0
93 135 59.0
93 152 56.0
93 180 68.0
94 11 85.0
94 25 96.0
94 32 55.0
94 43 6.0
94 47 53.0
94 49 55.0
94 64 45.0
94 79 11.0
94 113 51.0
94 143 86.0
94 157 3.0
94 196 24.0
95 8 34.0
95 20 63.0
95 38 38.0
95 125 72.0
95 128 81.0
95 161 93.0
95 190 54.0
95 13 79.0
95 91 87.0
95 104 63.0
95 107 27.0
95 144 87.0
95 149 71.0
95 156 76.0
95 184 18.0
96 3 58.0
96 26 13.0
96 33 19.0
96 35 53.0
96 50 50.0
96 85 99.0
96 114 92.0
96 117 86.0
96 122 87.0
96 130 21.0
96 154 92.0
96 160 49.0
96 172 49.0
96 174 75.0
96 195 96.0
97 129 59.0
97 176 17.0
97 13 5.0
97 91 13.0
97 107 57.0
97 112 71.0
97 156 82.0
97 184 83.0
97 194 45.0
97 16 98.0
97 124 11.0
97 131 21.0
97 139 91.0
97 14 6.0
97 44 62.0
97 99 37.0
97 135 1.0
97 186 73.0
98 5 31.0
98 26 54.0
98 35 35.0
98 40 47.0
98 46 16.0
98 50 98.0
98 67 54.0
98 69 10.0
98 77 48.0
98 114 15.0
98 115 6.0
98 117 89.0
98 122 43.0
98 145 99.0
98 160 2.0
98 168 54.0
98 175 16.0
98 188 40.0
99 97 42.0
99 112 33.0
99 194 35.0
99 16 93.0
99 123 85.0
99 124 88.0
99 131 57.0
99 133 85.0
99 139 65.0
99 14 61.0
99 29 78.0
99 44 99.0
99 45 6.0
99 57 2.0
99 93 96.0
99 118 68.0
99 135 41.0
99 180 73.0
99 186 56.0
100 7 40.0
100 9 2.0
100 12 19.0
100 18 78.0
100 52 36.0
100 74 39.0
100 83 56.0
100 111 47.0
100 125 18.0
101 1 12.0
101 24 56.0
101 53 30.0
101 81 68.0
101 90 63.0
101 136 35.0
101 142 55.0
101 150 95.0
101 177 11.0
101 182 85.0
101 68 68.0
101 132 24.0
101 192 8.0
102 28 54.0
102 63 16.0
102 92 43.0
102 173 62.0
103 4 19.0
103 31 60.0
103 40 76.0
103 46 50.0
103 60 65.0
103 67 75.0
103 69 83.0
103 76 56.0
103 77 68.0
103 80 87.0
103 115 18.0
103 165 98.0
103 168 10.0
103 169 36.0
103 170 52.0
103 175 2.0
103 188 28.0
103 198 78.0
103 54 20.0
104 13 40.0
104 65 53.0
104 86 94.0
104 91 40.0
104 95 7.0
104 107 77.0
104 109 5.0
104 144 74.0
104 146 76.0
104 149 87.0
104 156 45.0
105 15 92.0
105 26 60.0
105 39 20.0
105 61 47.0
105 127 58.0
105 147 27.0
105 183 12.0
105 197 5.0
105 199 85.0
105 200 94.0
106 41 90.0
106 169 90.0
106 22 99.0
106 45 41.0
106 54 65.0
106 57 91.0
106 58 98.0
106 73 5.0
106 87 7.0
106 93 9.0
106 118 27.0
106 152 56.0
106 180 58.0
106 187 57.0
107 13 56.0
107 65 41.0
107 86 40.0
107 91 24.0
107 95 40.0
107 97 81.0
107 104 45.0
107 144 59.0
107 156 5.0
107 184 9.0
108 11 33.0
108 27 66.0
108 126 34.0
108 141 4.0
108 158 20.0
109 104 24.0
109 146 56.0
109 162 37.0
109 179 96.0
109 185 84.0
110 8 53.0
110 20 41.0
110 128 27.0
110 129 30.0
110 151 1.0
110 161 2.0
110 176 49.0
110 178 50.0
110 190 69.0
110 184 90.0
110 131 35.0
110 139 24.0
111 7 79.0
111 8 15.0
111 9 99.0
111 12 74.0
111 18 9.0
111 19 44.0
111 20 94.0
111 38 33.0
111 52 76.0
111 59 24.0
111 74 67.0
111 83 42.0
111 88 62.0
111 100 75.0
111 116 88.0
111 121 58.0
111 125 47.0
111 155 64.0
111 167 97.0
111 171 6.0
111 144 68.0
111 149 20.0
112 13 57.0
112 65 35.0
112 86 18.0
112 91 70.0
112 97 32.0
112 156 7.0
112 164 44.0
112 184 87.0
112 194 29.0
112 14 18.0
112 44 10.0
112 99 47.0
112 134 18.0
112 135 26.0
112 138 97.0
112 186 99.0
113 32 13.0
113 43 19.0
113 47 80.0
113 49 39.0
113 55 74.0
113 64 66.0
113 71 69.0
113 79 33.0
113 94 26.0
113 143 99.0
113 157 73.0
113 191 57.0
114 3 57.0
114 6 18.0
114 15 56.0
114 26 7.0
114 33 62.0
114 35 5.0
114 39 25.0
114 50 58.0
114 85 82.0
114 96 80.0
114 98 42.0
114 130 45.0
114 145 17.0
114 160 87.0
114 174 85.0
114 200 73.0
115 4 4.0
115 5 19.0
115 31 21.0
115 40 16.0
115 46 40.0
115 77 57.0
115 98 26.0
115 103 37.0
115 117 48.0
115 122 82.0
115 168 94.0
115 175 9.0
116 7 78.0
116 8 53.0
116 9 48.0
116 12 64.0
116 18 65.0
116 19 28.0
116 20 83.0
116 38 16.0
116 51 9.0
116 52 33.0
116 59 36.0
116 70 77.0
116 74 37.0
116 83 10.0
116 88 71.0
116 111 26.0
116 121 2.0
116 125 14.0
116 128 89.0
116 140 78.0
116 155 49.0
116 161 34.0
116 167 85.0
116 171 35.0
116 190 56.0
117 3 20.0
117 4 40.0
117 5 16.0
117 35 35.0
117 37 92.0
117 40 72.0
117 46 56.0
117 50 86.0
117 67 11.0
117 69 55.0
117 96 94.0
117 98 33.0
117 115 20.0
117 122 28.0
117 145 62.0
117 160 63.0
117 168 10.0
117 172 49.0
117 175 31.0
118 41 16.0
118 123 40.0
118 133 91.0
118 17 97.0
118 29 35.0
118 45 46.0
118 57 75.0
118 82 51.0
118 87 92.0
118 93 97.0
118 99 10.0
118 106 47.0
118 135 80.0
118 152 72.0
118 180 85.0
119 47 73.0
119 49 82.0
119 71 83.0
119 75 26.0
119 164 48.0
119 191 73.0
119 36 43.0
119 134 36.0
119 138 36.0
119 153 21.0
119 159 16.0
119 163 58.0
119 193 86.0
120 1 59.0
120 10 53.0
120 24 18.0
120 34 62.0
120 90 34.0
120 136 17.0
120 150 73.0
120 177 98.0
120 181 64.0
120 182 61.0
121 7 27.0
121 9 61.0
121 12 4.0
121 18 2.0
121 19 68.0
121 52 84.0
121 66 4.0
121 84 70.0
121 88 84.0
121 111 13.0
121 116 5.0
121 140 88.0
121 155 97.0
121 166 8.0
121 167 51.0
121 171 28.0
122 3 7.0
122 5 92.0
122 35 86.0
122 37 68.0
122 40 44.0
122 46 15.0
122 50 79.0
122 96 55.0
122 98 54.0
122 115 23.0
122 117 28.0
122 130 4.0
122 145 92.0
122 154 21.0
122 160 96.0
122 172 44.0
122 175 29.0
122 195 66.0
123 2 95.0
123 16 58.0
123 41 58.0
123 60 40.0
123 78 34.0
123 124 68.0
123 127 88.0
123 131 86.0
123 133 74.0
123 139 64.0
123 147 99.0
123 170 54.0
123 183 50.0
123 197 89.0
123 198 97.0
123 199 56.0
123 14 56.0
123 93 65.0
123 99 88.0
123 118 43.0
123 186 77.0
124 129 68.0
124 176 43.0
124 178 76.0
124 97 12.0
124 2 26.0
124 16 37.0
124 123 30.0
124 131 5.0
124 133 3.0
124 139 75.0
124 197 38.0
124 199 59.0
124 14 71.0
124 44 97.0
124 99 14.0
124 186 78.0
125 7 62.0
125 8 57.0
125 9 49.0
125 12 40.0
125 20 96.0
125 38 82.0
125 52 82.0
125 74 85.0
125 83 74.0
125 100 24.0
125 111 94.0
125 116 28.0
125 95 75.0
125 144 79.0
125 149 44.0
126 11 16.0
126 25 1.0
126 27 95.0
126 108 17.0
126 158 54.0
126 162 41.0
126 179 52.0
126 196 4.0
127 2 37.0
127 15 98.0
127 60 98.0
127 61 21.0
127 78 30.0
127 105 37.0
127 123 44.0
127 147 82.0
127 183 44.0
127 197 56.0
127 199 71.0
128 8 47.0
128 19 72.0
128 20 37.0
128 38 46.0
128 51 65.0
128 59 32.0
128 70 48.0
128 88 72.0
128 110 72.0
128 116 92.0
128 140 4.0
128 151 77.0
128 155 97.0
128 161 27.0
128 171 49.0
128 190 21.0
128 95 22.0
128 144 92.0
129 110 30.0
129 151 93.0
129 176 88.0
129 178 74.0
129 190 6.0
129 97 20.0
129 184 9.0
129 2 66.0
129 16 66.0
129 124 35.0
129 131 95.0
129 139 65.0
129 197 52.0
129 14 64.0
129 186 30.0
130 3 27.0
130 6 50.0
130 26 56.0
130 33 76.0
130 35 39.0
130 50 16.0
130 85 20.0
130 96 88.0
130 114 83.0
130 122 82.0
130 145 17.0
130 160 50.0
130 172 7.0
130 174 48.0
130 195 19.0
130 200 21.0
131 110 52.0
131 129 15.0
131 176 27.0
131 178 97.0
131 97 92.0
131 184 95.0
131 2 30.0
131 16 49.0
131 123 69.0
131 124 39.0
131 133 63.0
131 139 91.0
131 197 52.0
131 199 64.0
131 14 86.0
131 44 84.0
131 99 40.0
131 186 1.0
132 1 1.0
132 81 43.0
132 101 57.0
132 136 66.0
132 6 72.0
132 39 46.0
132 68 50.0
132 192 81.0
133 176 42.0
133 178 97.0
133 16 29.0
133 41 52.0
133 78 8.0
133 123 96.0
133 124 8.0
133 131 5.0
133 139 31.0
133 197 19.0
133 199 59.0
133 14 45.0
133 44 93.0
133 93 74.0
133 99 12.0
133 118 75.0
133 135 63.0
133 180 49.0
133 186 73.0
134 71 59.0
134 112 86.0
134 164 93.0
134 191 46.0
134 36 60.0
134 119 60.0
134 138 24.0
134 153 5.0
134 159 50.0
134 163 34.0
134 193 45.0
135 97 57.0
135 112 46.0
135 194 64.0
135 16 90.0
135 133 80.0
135 14 33.0
135 17 71.0
135 29 6.0
135 44 64.0
135 45 62.0
135 57 41.0
135 93 56.0
135 99 59.0
135 118 73.0
135 138 74.0
135 152 53.0
135 180 7.0
135 186 38.0
135 193 38.0
136 1 51.0
136 10 55.0
136 24 22.0
136 53 23.0
136 81 26.0
136 90 20.0
136 101 32.0
136 120 16.0
136 142 8.0
136 150 44.0
136 177 68.0
136 182 94.0
136 132 94.0
136 192 8.0
137 21 60.0
137 34 37.0
137 62 70.0
137 148 32.0
137 181 12.0
138 112 26.0
138 194 31.0
138 17 58.0
138 29 97.0
138 82 10.0
138 119 90.0
138 134 36.0
138 135 97.0
138 153 94.0
138 159 73.0
138 193 86.0
139 110 52.0
139 129 1.0
139 151 84.0
139 176 7.0
139 178 49.0
139 97 96.0
139 184 43.0
139 2 42.0
139 16 14.0
139 123 65.0
139 124 42.0
139 131 91.0
139 133 99.0
139 197 48.0
139 199 60.0
139 14 96.0
139 44 31.0
139 99 71.0
139 186 23.0
140 19 23.0
140 51 11.0
140 59 24.0
140 70 48.0
140 84 89.0
140 88 89.0
140 116 95.0
140 121 72.0
140 128 64.0
140 155 19.0
140 161 7.0
140 167 44.0
140 171 22.0
141 27 61.0
141 108 39.0
141 158 56.0
142 1 75.0
142 10 58.0
142 24 15.0
142 51 39.0
142 53 96.0
142 81 72.0
142 90 81.0
142 101 83.0
142 136 54.0
142 150 47.0
142 177 35.0
142 182 28.0
142 61 75.0
143 25 6.0
143 32 62.0
143 43 62.0
143 47 76.0
143 49 31.0
143 64 73.0
143 65 31.0
143 75 78.0
143 79 24.0
143 94 78.0
143 113 32.0
143 162 46.0
143 191 32.0
143 196 3.0
144 8 25.0
144 20 50.0
144 38 97.0
144 74 20.0
144 83 40.0
144 111 23.0
144 125 33.0
144 128 73.0
144 161 95.0
144 190 85.0
144 95 56.0
144 104 82.0
144 107 70.0
144 149 84.0
145 5 4.0
145 26 5.0
145 35 95.0
145 40 61.0
145 46 2.0
145 50 46.0
145 67 41.0
145 69 41.0
145 77 54.0
145 98 83.0
145 114 69.0
145 117 43.0
145 122 65.0
145 130 92.0
145 160 21.0
145 168 31.0
145 175 56.0
145 188 39.0
146 104 82.0
146 109 45.0
146 162 83.0
146 179 96.0
146 185 49.0
147 41 27.0
147 60 85.0
147 67 66.0
147 69 73.0
147 78 69.0
147 105 21.0
147 123 35.0
147 127 33.0
147 165 63.0
147 170 55.0
147 183 10.0
147 188 91.0
147 197 54.0
147 198 75.0
147 199 84.0
148 21 78.0
148 34 56.0
148 62 70.0
148 137 41.0
148 181 18.0
149 8 7.0
149 20 50.0
149 38 92.0
149 74 74.0
149 83 59.0
149 111 99.0
149 125 92.0
149 95 67.0
149 104 97.0
149 144 55.0
150 1 62.0
150 10 25.0
150 24 7.0
150 53 49.0
150 81 21.0
150 90 17.0
150 101 39.0
150 120 87.0
150 136 80.0
150 142 10.0
150 177 12.0
150 182 2.0
151 20 20.0
151 51 17.0
151 70 87.0
151 110 9.0
151 128 68.0
151 129 22.0
151 161 36.0
151 176 35.0
151 178 6.0
151 190 74.0
151 2 26.0
151 139 7.0
152 41 42.0
152 17 2.0
152 22 39.0
152 29 37.0
152 45 37.0
152 57 22.0
152 82 27.0
152 87 15.0
152 93 16.0
152 106 63.0
152 118 77.0
152 135 92.0
152 180 59.0
152 187 96.0
153 17 8.0
153 23 24.0
153 29 82.0
153 30 6.0
153 82 22.0
153 119 99.0
153 134 66.0
153 138 9.0
153 159 4.0
153 189 15.0
153 193 51.0
154 3 26.0
154 37 90.0
154 96 41.0
154 122 32.0
154 172 69.0
154 195 47.0
155 7 92.0
155 8 25.0
155 9 94.0
155 12 36.0
155 18 25.0
155 19 49.0
155 20 3.0
155 51 23.0
155 52 1.0
155 59 54.0
155 66 56.0
155 70 28.0
155 74 59.0
155 84 79.0
155 88 63.0
155 111 26.0
155 116 50.0
155 121 5.0
155 128 64.0
155 140 14.0
155 161 35.0
155 167 3.0
155 171 36.0
156 13 51.0
156 65 84.0
156 86 6.0
156 91 62.0
156 95 61.0
156 97 24.0
156 104 17.0
156 107 97.0
156 112 86.0
156 164 71.0
156 184 83.0
156 194 74.0
157 32 97.0
157 47 32.0
157 49 36.0
157 55 45.0
157 64 99.0
157 71 92.0
157 79 95.0
157 94 63.0
157 113 19.0
157 191 36.0
157 36 70.0
158 11 39.0
158 25 27.0
158 27 68.0
158 108 10.0
158 126 72.0
158 141 23.0
158 179 23.0
158 196 99.0
159 17 17.0
159 23 10.0
159 29 41.0
159 30 5.0
159 82 52.0
159 119 85.0
159 134 92.0
159 138 72.0
159 153 60.0
159 193 36.0
160 3 99.0
160 6 84.0
160 15 49.0
160 26 96.0
160 33 97.0
160 35 87.0
160 39 33.0
160 50 87.0
160 85 32.0
160 96 21.0
160 98 6.0
160 114 14.0
160 117 40.0
160 122 44.0
160 130 24.0
160 145 92.0
160 174 21.0
160 195 86.0
160 200 82.0
161 8 5.0
161 19 26.0
161 20 63.0
161 38 55.0
161 51 37.0
161 59 31.0
161 70 30.0
161 88 21.0
161 110 90.0
161 116 75.0
161 128 25.0
161 140 40.0
161 151 91.0
161 155 49.0
161 171 1.0
161 190 6.0
161 95 6.0
161 144 19.0
162 32 57.0
162 64 9.0
162 75 42.0
162 109 73.0
162 126 43.0
162 143 86.0
162 146 28.0
162 196 33.0
163 55 92.0
163 71 34.0
163 23 46.0
163 36 69.0
163 56 99.0
163 89 68.0
163 119 68.0
163 134 3.0
163 189 71.0
164 13 13.0
164 47 46.0
164 65 37.0
164 75 1.0
164 86 84.0
164 112 2.0
164 156 6.0
164 191 31.0
164 194 1.0
164 36 10.0
164 119 49.0
164 134 32.0
165 40 22.0
165 41 86.0
165 46 58.0
165 60 63.0
165 67 3.0
165 69 82.0
165 77 59.0
165 78 4.0
165 80 36.0
165 103 9.0
165 147 66.0
165 168 79.0
165 169 61.0
165 170 73.0
165 175 2.0
165 188 65.0
165 198 96.0
165 54 37.0
166 18 77.0
166 66 39.0
166 121 99.0
166 167 2.0
167 7 12.0
167 9 33.0
167 12 57.0
167 18 86.0
167 19 20.0
167 52 35.0
167 59 8.0
167 66 87.0
167 84 53.0
167 88 36.0
167 111 6.0
167 116 19.0
167 121 77.0
167 140 20.0
167 155 82.0
167 166 50.0
167 171 20.0
168 4 88.0
168 5 80.0
168 31 36.0
168 40 45.0
168 46 44.0
168 67 57.0
168 69 58.0
168 77 61.0
168 80 50.0
168 98 33.0
168 103 31.0
168 115 38.0
168 117 18.0
168 145 90.0
168 165 45.0
168 175 44.0
168 188 20.0
169 76 77.0
169 80 17.0
169 103 84.0
169 165 32.0
169 22 80.0
169 54 67.0
169 58 35.0
169 72 94.0
169 106 59.0
169 187 39.0
170 40 96.0
170 41 89.0
170 46 39.0
170 60 98.0
170 67 97.0
170 69 75.0
170 77 40.0
170 78 46.0
170 80 13.0
170 103 37.0
170 123 48.0
170 147 60.0
170 165 7.0
170 175 98.0
170 183 65.0
170 188 73.0
170 198 59.0
171 7 2.0
171 9 66.0
171 12 42.0
171 18 41.0
171 19 41.0
171 51 73.0
171 52 60.0
171 59 53.0
171 66 70.0
171 70 58.0
171 74 67.0
171 84 8.0
171 88 4.0
171 111 69.0
171 116 17.0
171 121 77.0
171 128 62.0
171 140 86.0
171 155 99.0
171 161 96.0
171 167 1.0
172 3 45.0
172 37 90.0
172 50 75.0
172 96 83.0
172 117 67.0
172 122 95.0
172 130 89.0
172 154 84.0
172 174 53.0
172 195 26.0
173 28 43.0
173 63 74.0
173 92 81.0
173 102 58.0
173 189 47.0
174 3 88.0
174 26 42.0
174 33 94.0
174 35 41.0
174 50 71.0
174 85 8.0
174 96 38.0
174 114 61.0
174 130 82.0
174 160 16.0
174 172 45.0
174 195 35.0
175 4 56.0
175 5 93.0
175 31 86.0
175 40 58.0
175 46 55.0
175 60 85.0
175 67 8.0
175 69 34.0
175 77 66.0
175 80 15.0
175 98 65.0
175 103 61.0
175 115 83.0
175 117 11.0
175 122 46.0
175 145 97.0
175 165 75.0
175 168 58.0
175 170 56.0
175 188 75.0
175 198 31.0
176 110 56.0
176 129 45.0
176 151 30.0
176 178 80.0
176 190 36.0
176 97 38.0
176 184 41.0
176 2 12.0
176 16 18.0
176 124 66.0
176 131 69.0
176 133 52.0
176 139 38.0
176 197 10.0
176 14 57.0
176 186 4.0
177 1 76.0
177 10 26.0
177 24 56.0
177 53 34.0
177 81 47.0
177 90 91.0
177 101 2.0
177 120 73.0
177 136 99.0
177 142 71.0
177 150 32.0
177 182 86.0
177 192 98.0
178 110 24.0
178 129 72.0
178 151 89.0
178 176 98.0
178 184 51.0
178 2 93.0
178 16 33.0
178 124 49.0
178 131 45.0
178 133 30.0
178 139 2.0
178 197 90.0
178 199 15.0
178 14 25.0
178 186 41.0
179 109 83.0
179 126 28.0
179 146 33.0
179 158 26.0
179 185 55.0
180 41 93.0
180 133 61.0
180 14 36.0
180 17 83.0
180 29 87.0
180 44 81.0
180 45 64.0
180 57 63.0
180 82 26.0
180 87 72.0
180 93 54.0
180 99 30.0
180 106 16.0
180 118 4.0
180 135 47.0
180 152 16.0
181 10 54.0
181 34 52.0
181 84 61.0
181 120 17.0
181 137 82.0
181 148 75.0
182 1 73.0
182 10 38.0
182 24 89.0
182 53 74.0
182 81 7.0
182 90 87.0
182 101 14.0
182 120 34.0
182 136 90.0
182 142 2.0
182 150 25.0
182 177 41.0
183 2 87.0
183 15 44.0
183 60 51.0
183 61 35.0
183 67 45.0
183 78 70.0
183 105 56.0
183 123 15.0
183 127 25.0
183 147 72.0
183 170 35.0
183 188 70.0
183 197 80.0
183 199 7.0
184 110 15.0
184 129 50.0
184 176 5.0
184 178 73.0
184 190 74.0
184 13 30.0
184 91 74.0
184 95 68.0
184 97 47.0
184 107 31.0
184 112 28.0
184 156 28.0
184 194 96.0
184 131 94.0
184 139 45.0
184 14 83.0
184 44 85.0
184 186 92.0
185 109 46.0
185 146 12.0
185 179 78.0
186 129 73.0
186 176 58.0
186 178 98.0
186 97 86.0
186 112 96.0
186 184 15.0
186 194 26.0
186 16 25.0
186 123 40.0
186 124 15.0
186 131 26.0
186 133 50.0
186 139 59.0
186 14 70.0
186 44 43.0
186 99 29.0
186 135 19.0
187 76 21.0
187 169 26.0
187 22 27.0
187 42 77.0
187 48 6.0
187 54 60.0
187 58 19.0
187 72 33.0
187 73 41.0
187 106 24.0
187 152 85.0
188 40 93.0
188 46 30.0
188 60 13.0
188 67 13.0
188 69 11.0
188 77 4.0
188 78 31.0
188 80 5.0
188 98 88.0
188 103 2.0
188 145 93.0
188 147 1.0
188 165 13.0
188 168 9.0
188 170 15.0
188 175 98.0
188 183 6.0
188 198 92.0
189 23 86.0
189 30 38.0
189 56 34.0
189 89 52.0
189 153 63.0
189 163 91.0
189 173 29.0
190 8 20.0
190 19 94.0
190 20 27.0
190 38 77.0
190 59 69.0
190 70 1.0
190 110 14.0
190 116 81.0
190 128 45.0
190 129 32.0
190 151 7.0
190 161 21.0
190 176 61.0
190 95 82.0
190 144 70.0
190 184 20.0
191 32 37.0
191 47 20.0
191 49 90.0
191 55 9.0
191 64 57.0
191 71 65.0
191 75 11.0
191 79 22.0
191 113 41.0
191 143 71.0
191 157 13.0
191 164 53.0
191 36 26.0
191 119 23.0
191 134 5.0
192 1 15.0
192 53 6.0
192 81 98.0
192 101 77.0
192 136 19.0
192 177 37.0
192 6 62.0
192 15 85.0
192 39 78.0
192 68 50.0
192 132 49.0
192 200 17.0
193 17 21.0
193 29 44.0
193 82 53.0
193 119 45.0
193 134 23.0
193 135 89.0
193 138 56.0
193 153 15.0
193 159 79.0
194 13 28.0
194 65 95.0
194 86 62.0
194 91 27.0
194 97 37.0
194 112 77.0
194 156 37.0
194 164 83.0
194 184 28.0
194 14 56.0
194 44 18.0
194 99 90.0
194 135 58.0
194 138 34.0
194 186 77.0
195 3 77.0
195 33 59.0
195 35 73.0
195 37 23.0
195 50 28.0
195 96 42.0
195 122 95.0
195 130 24.0
195 154 75.0
195 160 70.0
195 172 5.0
195 174 54.0
196 11 7.0
196 25 12.0
196 32 57.0
196 43 84.0
196 64 43.0
196 94 12.0
196 126 60.0
196 143 94.0
196 158 28.0
196 162 2.0
197 129 10.0
197 176 47.0
197 178 27.0
197 2 12.0
197 16 60.0
197 61 99.0
197 78 67.0
197 105 60.0
197 123 2.0
197 124 47.0
197 127 11.0
197 131 78.0
197 133 89.0
197 139 52.0
197 147 56.0
197 183 61.0
197 199 41.0
198 41 70.0
198 46 25.0
198 60 68.0
198 67 59.0
198 69 68.0
198 77 54.0
198 78 31.0
198 80 94.0
198 103 22.0
198 123 50.0
198 147 12.0
198 165 85.0
198 170 77.0
198 175 47.0
198 188 30.0
198 87 56.0
199 178 35.0
199 2 80.0
199 16 60.0
199 60 38.0
199 61 76.0
199 78 77.0
199 105 36.0
199 123 27.0
199 124 1.0
199 127 34.0
199 131 5.0
199 133 45.0
199 139 36.0
199 147 69.0
199 183 29.0
199 197 8.0
200 6 32.0
200 15 47.0
200 26 97.0
200 33 28.0
200 35 15.0
200 39 38.0
200 68 64.0
200 85 97.0
200 105 13.0
200 114 69.0
200 130 44.0
200 160 22.0
200 192 4.0
