2 307
3 780
5 801
9 528
11 76
13 912
17 464
16 138
21 48
22 978
25 464
28 479
31 367
30 425
35 580
32 16
39 80
36 281
37 69
40 884
46 496
47 376
45 214
51 751
50 846
48 158
54 707
58 187
57 644
63 552
60 219
68 157
69 591
64 457
65 476
66 470
67 759
76 502
78 301
79 228
72 746
74 172
85 479
87 261
80 284
83 953
94 100
89 904
91 889
102 811
103 522
99 152
96 642
97 73
109 361
106 37
107 126
104 980
105 71
119 360
125 960
124 105
122 702
120 19
137 542
139 558
138 147
141 804
143 465
129 590
131 583
130 676
133 800
152 491
154 546
155 975
157 648
146 183
148 107
149 58
150 799
151 7
174 116
172 612
163 558
161 805
165 138
164 683
190 235
188 24
189 163
178 380
176 262
177 74
180 824
181 255
204 196
201 214
203 514
202 60
196 879
199 860
198 321
193 486
194 223
220 514
221 135
222 858
216 441
218 360
219 234
212 875
213 229
214 968
211 329
237 110
235 710
233 633
232 262
230 189
229 107
226 255
225 593
224 387
254 362
255 464
252 694
253 627
250 68
251 213
249 925
246 781
247 324
244 251
245 351
242 909
274 944
273 989
279 792
280 57
284 850
256 352
257 528
262 376
263 873
261 82
266 835
267 218
264 960
269 192
305 512
308 743
311 352
315 19
314 199
316 992
319 289
288 94
290 460
292 652
293 932
294 991
296 144
297 648
298 60
341 279
340 934
339 743
338 514
336 624
351 275
349 193
348 816
347 466
346 598
326 835
324 821
325 513
322 792
323 475
321 575
330 951
331 885
329 453
373 95
375 506
370 288
381 415
380 446
383 633
377 461
356 30
352 398
355 416
364 175
365 779
363 291
411 270
408 322
409 814
412 464
402 911
403 258
401 813
404 389
395 755
394 395
399 353
397 526
396 634
386 434
390 637
389 39
442 290
445 920
447 667
432 276
433 30
434 31
435 949
436 93
438 509
439 181
427 869
426 711
429 741
431 630
416 546
419 229
418 618
421 950
423 375
478 469
479 734
477 627
475 497
472 903
468 574
469 217
466 958
463 416
462 999
461 839
458 316
457 717
455 580
453 790
449 349
505 531
500 133
502 402
503 869
496 251
498 45
493 193
492 61
485 586
487 176
480 857
483 144
482 111
550 855
549 934
547 374
544 406
559 362
556 401
554 154
555 66
566 393
565 324
564 349
562 286
561 102
573 761
572 502
569 660
518 978
515 675
524 783
526 359
520 563
521 252
522 972
535 443
528 110
539 309
538 266
608 21
609 863
614 316
612 401
613 788
618 803
616 319
622 704
620 327
628 574
635 944
633 372
639 864
638 741
637 865
577 532
578 54
580 778
581 414
582 300
584 808
585 400
586 969
587 36
589 701
590 10
591 993
593 797
595 161
594 580
599 724
598 879
605 850
604 701
607 547
684 385
678 569
677 464
675 221
673 31
672 739
702 469
700 51
699 313
696 231
692 881
691 507
653 30
648 394
651 447
645 80
644 860
640 38
643 137
642 303
668 162
664 745
666 439
667 420
660 996
661 410
662 202
658 963
747 778
746 406
745 462
744 314
751 86
737 464
763 770
766 651
767 71
764 568
757 117
712 728
714 263
716 386
719 143
705 743
707 454
708 279
711 841
710 541
728 681
729 121
732 546
733 383
721 747
722 959
724 815
725 83
726 222
800 24
791 37
789 925
788 341
786 853
785 990
799 821
797 705
796 911
795 719
794 310
774 278
775 656
772 826
771 898
769 418
782 941
780 748
781 137
778 841
