137 339
136 836
2 96
139 4
3 128
6 574
7 917
129 89
8 20
128 672
10 21
131 72
130 974
133 428
13 179
132 895
135 138
15 740
17 955
16 747
153 224
154 343
19 532
18 777
155 196
157 247
20 197
158 554
22 457
159 256
25 311
144 554
24 295
146 600
147 991
150 437
31 835
151 949
30 167
34 295
171 781
35 207
170 618
32 94
169 13
33 76
38 742
39 279
163 999
43 337
41 335
160 873
167 974
47 852
44 573
164 9
50 572
48 619
55 863
53 803
189 542
57 296
177 873
56 507
182 214
61 468
180 529
181 933
200 515
65 628
66 408
76 591
196 308
77 85
79 675
198 696
73 793
195 656
75 425
85 661
84 826
81 250
82 191
95 688
88 257
98 738
99 799
97 5
108 578
119 311
118 328
117 507
116 27
115 646
114 638
113 971
127 958
124 637
123 650
122 561
