1 3 41.0
1 18 43.0
1 32 41.0
1 50 40.0
1 70 39.0
1 89 52.0
1 143 63.0
1 153 30.0
1 173 67.0
2 30 84.0
2 35 48.0
2 36 69.0
2 42 30.0
2 56 79.0
2 60 88.0
2 91 68.0
2 104 82.0
2 108 77.0
2 144 56.0
2 154 94.0
3 1 51.0
3 18 48.0
3 44 3.0
3 50 66.0
3 59 44.0
3 67 48.0
3 99 12.0
3 110 8.0
3 143 58.0
3 173 24.0
3 176 76.0
3 197 22.0
3 62 20.0
4 8 32.0
4 17 97.0
4 19 65.0
4 24 54.0
4 27 99.0
4 29 31.0
4 33 33.0
4 34 80.0
4 38 11.0
4 39 31.0
4 61 63.0
4 62 95.0
4 74 93.0
4 75 16.0
4 77 32.0
4 85 56.0
4 95 77.0
4 100 10.0
4 102 80.0
4 122 48.0
4 128 12.0
4 130 67.0
4 147 88.0
4 174 53.0
4 178 59.0
5 73 93.0
5 106 62.0
5 140 57.0
5 82 42.0
5 116 1.0
5 169 3.0
5 194 83.0
6 10 49.0
6 54 47.0
6 86 43.0
6 103 32.0
6 109 25.0
6 131 98.0
6 132 45.0
6 141 28.0
6 149 39.0
6 171 51.0
7 23 1.0
7 28 51.0
7 80 27.0
7 88 3.0
7 101 23.0
7 195 47.0
7 129 61.0
7 20 78.0
7 53 5.0
7 96 44.0
7 164 1.0
7 196 28.0
7 112 72.0
8 4 23.0
8 19 66.0
8 24 90.0
8 27 10.0
8 29 2.0
8 33 26.0
8 38 56.0
8 39 98.0
8 61 68.0
8 62 96.0
8 74 85.0
8 75 86.0
8 77 27.0
8 85 37.0
8 95 69.0
8 100 26.0
8 102 62.0
8 107 46.0
8 119 25.0
8 122 3.0
8 130 25.0
8 146 12.0
8 147 34.0
8 160 26.0
8 174 87.0
8 178 4.0
9 28 5.0
9 37 1.0
9 51 82.0
9 69 60.0
9 162 56.0
9 188 31.0
9 191 69.0
9 192 23.0
9 60 54.0
9 113 31.0
9 144 11.0
9 150 33.0
9 198 50.0
10 6 55.0
10 49 67.0
10 54 66.0
10 68 71.0
10 86 23.0
10 103 35.0
10 109 54.0
10 131 8.0
10 132 80.0
10 139 43.0
10 141 25.0
10 149 45.0
10 171 29.0
11 117 49.0
11 118 42.0
11 165 50.0
12 25 79.0
12 38 16.0
12 39 92.0
12 61 2.0
12 66 57.0
12 77 86.0
12 79 62.0
12 94 3.0
12 102 86.0
12 107 83.0
12 123 60.0
12 135 87.0
12 138 73.0
12 142 62.0
12 145 41.0
12 146 31.0
13 14 23.0
13 22 66.0
13 42 65.0
13 76 76.0
13 84 57.0
13 90 92.0
13 108 25.0
13 127 13.0
13 151 58.0
13 152 98.0
13 166 90.0
13 187 63.0
14 13 20.0
14 26 92.0
14 30 69.0
14 36 49.0
14 42 56.0
14 46 78.0
14 72 16.0
14 84 69.0
14 93 40.0
14 104 16.0
14 108 91.0
14 115 39.0
14 134 26.0
14 152 54.0
15 51 60.0
15 98 93.0
15 155 60.0
15 162 82.0
15 183 9.0
15 186 55.0
15 188 1.0
15 113 1.0
16 41 66.0
16 73 67.0
16 114 54.0
16 115 6.0
16 140 70.0
16 97 13.0
16 163 85.0
17 4 17.0
17 24 15.0
17 27 2.0
17 29 60.0
17 34 19.0
17 38 32.0
17 39 15.0
17 74 72.0
17 77 48.0
17 85 80.0
17 100 41.0
17 120 42.0
17 125 58.0
17 128 49.0
17 147 4.0
17 178 99.0
18 1 24.0
18 3 54.0
18 32 49.0
18 50 15.0
18 70 65.0
18 89 66.0
18 143 69.0
18 153 6.0
18 156 43.0
18 173 93.0
19 21 9.0
19 4 53.0
19 8 96.0
19 27 54.0
19 29 83.0
19 33 13.0
19 39 61.0
19 61 90.0
19 62 90.0
19 74 77.0
19 75 63.0
19 77 5.0
19 100 65.0
19 102 22.0
19 107 72.0
19 119 52.0
19 122 45.0
19 130 57.0
19 146 39.0
19 160 84.0
19 174 95.0
20 7 29.0
20 23 64.0
20 28 40.0
20 80 3.0
20 53 18.0
20 96 16.0
20 105 26.0
20 164 31.0
20 196 74.0
20 112 8.0
21 23 22.0
21 43 91.0
21 44 5.0
21 59 79.0
21 67 78.0
21 80 93.0
21 88 94.0
21 182 14.0
21 193 12.0
21 195 27.0
21 19 52.0
21 119 42.0
21 160 72.0
22 13 30.0
22 42 36.0
22 45 43.0
22 76 20.0
22 90 2.0
22 127 82.0
22 151 60.0
22 166 57.0
22 187 73.0
23 7 49.0
23 21 79.0
23 28 35.0
23 37 94.0
23 43 90.0
23 67 19.0
23 80 22.0
23 88 44.0
23 101 75.0
23 182 90.0
23 191 4.0
23 193 92.0
23 195 28.0
23 20 59.0
23 53 2.0
23 164 75.0
24 4 88.0
24 8 36.0
24 17 84.0
24 27 60.0
24 29 69.0
24 34 83.0
24 38 31.0
24 39 51.0
24 61 62.0
24 74 96.0
24 75 89.0
24 77 35.0
24 79 34.0
24 85 62.0
24 100 10.0
24 102 90.0
24 120 76.0
24 122 36.0
24 130 45.0
24 147 12.0
24 178 96.0
25 12 33.0
25 66 70.0
25 79 23.0
25 94 64.0
25 135 22.0
25 137 28.0
25 145 46.0
25 157 3.0
25 167 57.0
25 175 81.0
25 184 22.0
26 14 85.0
26 45 61.0
26 72 66.0
26 84 4.0
26 115 79.0
26 127 79.0
26 134 18.0
26 152 13.0
27 4 77.0
27 8 32.0
27 17 2.0
27 19 20.0
27 24 4.0
27 29 10.0
27 33 82.0
27 38 56.0
27 39 89.0
27 61 15.0
27 62 64.0
27 74 54.0
27 75 71.0
27 77 7.0
27 85 62.0
27 95 78.0
27 100 46.0
27 102 55.0
27 107 93.0
27 119 56.0
27 122 75.0
27 130 60.0
27 147 46.0
27 174 1.0
27 178 62.0
28 7 9.0
28 9 17.0
28 23 69.0
28 37 93.0
28 69 73.0
28 80 54.0
28 88 85.0
28 101 16.0
28 191 56.0
28 192 67.0
28 20 43.0
28 53 30.0
28 96 6.0
28 150 41.0
28 164 14.0
28 196 53.0
28 198 85.0
29 4 94.0
29 8 35.0
29 17 81.0
29 19 27.0
29 24 71.0
29 27 39.0
29 33 76.0
29 34 73.0
29 39 17.0
29 61 20.0
29 62 2.0
29 74 96.0
29 75 87.0
29 77 7.0
29 83 55.0
29 85 28.0
29 95 92.0
29 100 30.0
29 122 2.0
29 128 60.0
29 130 27.0
29 147 11.0
29 159 35.0
29 174 63.0
29 178 37.0
30 2 2.0
30 14 97.0
30 36 26.0
30 46 35.0
30 56 47.0
30 72 52.0
30 91 14.0
30 93 96.0
30 104 7.0
30 105 98.0
30 108 80.0
30 134 95.0
30 154 82.0
31 32 81.0
31 52 24.0
31 57 57.0
31 65 84.0
31 124 1.0
31 153 33.0
31 156 82.0
32 1 25.0
32 18 63.0
32 31 58.0
32 47 51.0
32 48 2.0
32 50 13.0
32 70 19.0
32 89 85.0
32 124 94.0
32 133 89.0
32 143 21.0
32 153 93.0
32 156 14.0
32 176 60.0
32 177 87.0
33 44 76.0
33 99 20.0
33 110 57.0
33 197 88.0
33 4 59.0
33 8 6.0
33 19 14.0
33 27 53.0
33 29 19.0
33 62 3.0
33 71 1.0
33 75 80.0
33 83 71.0
33 95 28.0
33 100 46.0
33 119 3.0
33 122 33.0
33 130 32.0
33 159 75.0
33 160 23.0
33 174 85.0
34 4 60.0
34 17 25.0
34 24 70.0
34 29 68.0
34 74 39.0
34 85 48.0
34 100 99.0
34 120 64.0
34 125 66.0
34 128 89.0
34 178 26.0
35 155 50.0
35 162 24.0
35 183 16.0
35 188 72.0
35 2 95.0
35 60 26.0
35 113 57.0
35 144 45.0
35 150 98.0
35 154 96.0
36 2 63.0
36 14 21.0
36 30 95.0
36 56 59.0
36 72 77.0
36 91 52.0
36 93 40.0
36 104 12.0
36 105 26.0
36 108 45.0
36 154 88.0
37 9 69.0
37 23 20.0
37 28 57.0
37 69 57.0
37 88 92.0
37 101 22.0
37 182 17.0
37 191 66.0
37 192 75.0
37 193 50.0
37 150 18.0
37 164 46.0
37 198 70.0
38 4 64.0
38 8 81.0
38 12 71.0
38 17 19.0
38 24 61.0
38 27 17.0
38 39 80.0
38 61 80.0
38 74 77.0
38 77 42.0
38 79 44.0
38 85 53.0
38 94 36.0
38 102 19.0
38 107 93.0
38 122 1.0
38 130 66.0
38 135 83.0
38 146 33.0
38 147 47.0
39 4 74.0
39 8 47.0
39 12 45.0
39 17 25.0
39 19 24.0
39 24 6.0
39 27 70.0
39 29 84.0
39 38 99.0
39 61 11.0
39 74 12.0
39 75 92.0
39 77 71.0
39 79 85.0
39 85 47.0
39 102 16.0
39 107 36.0
39 122 56.0
39 130 32.0
39 135 28.0
39 146 55.0
39 147 92.0
39 174 40.0
39 178 98.0
40 121 25.0
40 125 28.0
40 168 95.0
40 172 60.0
40 189 68.0
40 190 5.0
41 16 83.0
41 114 50.0
41 115 9.0
41 140 70.0
41 97 42.0
41 163 27.0
42 2 52.0
42 13 17.0
42 14 90.0
42 22 78.0
42 76 9.0
42 90 88.0
42 108 38.0
42 127 77.0
42 151 95.0
42 152 42.0
42 166 50.0
43 21 75.0
43 23 77.0
43 44 69.0
43 59 14.0
43 67 32.0
43 80 58.0
43 88 29.0
43 101 69.0
43 182 85.0
43 191 95.0
43 193 19.0
43 195 1.0
43 160 70.0
44 3 55.0
44 21 66.0
44 43 33.0
44 59 82.0
44 67 51.0
44 99 67.0
44 110 1.0
44 176 42.0
44 182 97.0
44 193 37.0
44 197 5.0
44 33 23.0
44 62 15.0
44 119 58.0
44 160 62.0
45 22 26.0
45 26 85.0
45 76 40.0
45 84 76.0
45 127 56.0
46 14 95.0
46 30 4.0
46 72 57.0
46 73 96.0
46 93 68.0
46 105 2.0
46 106 58.0
46 115 1.0
46 134 62.0
46 140 93.0
46 152 89.0
47 32 50.0
47 52 49.0
47 70 37.0
47 89 59.0
47 124 32.0
47 153 34.0
47 177 77.0
48 32 65.0
48 59 12.0
48 133 80.0
48 143 35.0
48 156 88.0
48 176 37.0
48 182 90.0
48 193 62.0
49 10 3.0
49 54 36.0
49 55 81.0
49 58 87.0
49 63 9.0
49 68 17.0
49 78 72.0
49 86 90.0
49 109 84.0
49 111 47.0
49 126 80.0
49 139 68.0
49 158 80.0
49 161 65.0
49 170 35.0
49 171 93.0
49 180 59.0
50 1 99.0
50 3 49.0
50 18 35.0
50 32 11.0
50 70 34.0
50 89 6.0
50 143 39.0
50 153 45.0
50 173 57.0
51 9 4.0
51 15 35.0
51 69 92.0
51 98 79.0
51 133 49.0
51 186 15.0
51 188 18.0
51 192 8.0
52 31 67.0
52 47 7.0
52 57 64.0
52 65 39.0
52 124 37.0
52 177 10.0
53 7 47.0
53 23 72.0
53 28 27.0
53 80 18.0
53 195 78.0
53 129 81.0
53 20 82.0
53 96 96.0
53 105 43.0
53 164 76.0
53 196 36.0
53 112 94.0
54 6 21.0
54 10 52.0
54 49 79.0
54 58 24.0
54 68 20.0
54 78 74.0
54 86 40.0
54 103 11.0
54 109 20.0
54 111 69.0
54 126 62.0
54 132 64.0
54 139 79.0
54 158 74.0
54 171 27.0
54 180 64.0
55 129 71.0
55 49 71.0
55 58 75.0
55 78 87.0
55 92 83.0
55 111 86.0
55 112 23.0
55 116 41.0
55 126 26.0
55 158 20.0
55 169 19.0
55 170 44.0
55 179 58.0
55 180 83.0
55 185 94.0
55 194 55.0
56 2 33.0
56 30 92.0
56 36 96.0
56 91 91.0
56 96 62.0
56 104 66.0
56 105 39.0
56 108 12.0
56 144 54.0
56 150 26.0
56 154 13.0
56 198 82.0
57 31 88.0
57 52 66.0
57 65 37.0
57 124 26.0
58 49 62.0
58 54 10.0
58 55 60.0
58 64 13.0
58 68 11.0
58 78 18.0
58 82 34.0
58 111 6.0
58 116 99.0
58 126 18.0
58 139 13.0
58 148 90.0
58 158 72.0
58 169 94.0
58 170 72.0
58 171 77.0
58 180 73.0
58 185 36.0
58 194 24.0
59 3 70.0
59 21 86.0
59 43 91.0
59 44 58.0
59 48 5.0
59 67 94.0
59 88 38.0
59 101 67.0
59 110 73.0
59 176 3.0
59 182 86.0
59 191 79.0
59 193 32.0
60 9 95.0
60 155 90.0
60 162 3.0
60 183 80.0
60 188 36.0
60 2 22.0
60 35 78.0
60 113 71.0
60 144 85.0
60 150 10.0
60 154 29.0
60 198 75.0
61 4 94.0
61 8 96.0
61 12 48.0
61 19 83.0
61 24 23.0
61 27 5.0
61 29 64.0
61 38 64.0
61 39 29.0
61 74 40.0
61 75 27.0
61 77 48.0
61 79 21.0
61 85 52.0
61 102 76.0
61 107 13.0
61 119 91.0
61 122 22.0
61 123 84.0
61 130 3.0
61 146 6.0
61 147 13.0
61 160 37.0
61 174 61.0
62 3 98.0
62 44 24.0
62 67 39.0
62 99 19.0
62 110 8.0
62 197 85.0
62 4 83.0
62 8 26.0
62 19 3.0
62 27 60.0
62 29 41.0
62 33 22.0
62 71 37.0
62 75 41.0
62 83 6.0
62 95 85.0
62 100 43.0
62 119 35.0
62 122 23.0
62 130 86.0
62 159 88.0
62 160 91.0
62 174 94.0
63 145 11.0
63 167 23.0
63 175 76.0
63 49 92.0
63 68 64.0
63 86 77.0
63 109 90.0
63 126 21.0
63 136 94.0
63 139 26.0
63 141 78.0
63 149 17.0
63 158 13.0
63 161 82.0
64 58 63.0
64 78 35.0
64 82 79.0
64 87 80.0
64 111 34.0
64 116 35.0
64 148 58.0
64 169 76.0
64 170 22.0
64 194 87.0
65 31 4.0
65 52 30.0
65 57 59.0
65 98 85.0
65 124 75.0
66 12 44.0
66 25 1.0
66 79 34.0
66 94 96.0
66 135 65.0
66 137 26.0
66 145 43.0
66 157 98.0
66 167 36.0
66 175 24.0
66 181 71.0
66 184 6.0
66 136 26.0
67 3 59.0
67 21 98.0
67 23 85.0
67 43 94.0
67 44 2.0
67 59 91.0
67 88 38.0
67 110 89.0
67 176 68.0
67 182 32.0
67 193 89.0
67 62 64.0
67 119 93.0
67 160 89.0
68 167 36.0
68 175 85.0
68 10 7.0
68 49 48.0
68 54 26.0
68 58 63.0
68 63 5.0
68 78 38.0
68 86 33.0
68 109 22.0
68 111 2.0
68 126 91.0
68 132 30.0
68 136 75.0
68 139 95.0
68 141 14.0
68 149 50.0
68 158 3.0
68 161 74.0
68 171 52.0
68 180 45.0
69 9 4.0
69 28 21.0
69 37 53.0
69 51 34.0
69 88 63.0
69 101 53.0
69 133 25.0
69 162 87.0
69 182 77.0
69 186 34.0
69 188 55.0
69 191 46.0
69 192 75.0
69 150 59.0
69 198 93.0
70 1 75.0
70 18 21.0
70 32 12.0
70 47 75.0
70 50 53.0
70 89 87.0
70 124 98.0
70 143 48.0
70 153 17.0
70 156 7.0
70 177 97.0
71 99 68.0
71 110 85.0
71 197 86.0
71 33 3.0
71 62 48.0
71 83 7.0
71 95 70.0
71 159 65.0
72 14 67.0
72 26 40.0
72 30 27.0
72 36 94.0
72 46 5.0
72 84 60.0
72 93 52.0
72 106 34.0
72 108 30.0
72 115 77.0
72 134 40.0
72 140 84.0
72 152 42.0
73 16 84.0
73 46 77.0
73 93 19.0
73 106 70.0
73 114 23.0
73 115 27.0
73 134 8.0
73 140 41.0
73 5 89.0
73 82 24.0
73 97 76.0
73 169 48.0
73 194 56.0
74 4 5.0
74 8 60.0
74 17 6.0
74 19 59.0
74 24 13.0
74 27 74.0
74 29 19.0
74 34 86.0
74 38 40.0
74 39 9.0
74 61 86.0
74 75 44.0
74 77 17.0
74 79 13.0
74 85 32.0
74 100 11.0
74 102 14.0
74 122 68.0
74 130 54.0
74 147 62.0
74 174 99.0
74 178 62.0
75 4 45.0
75 8 24.0
75 19 88.0
75 24 72.0
75 27 8.0
75 29 97.0
75 33 8.0
75 39 7.0
75 61 96.0
75 62 22.0
75 74 65.0
75 77 86.0
75 83 62.0
75 85 40.0
75 95 80.0
75 100 95.0
75 122 39.0
75 128 14.0
75 130 68.0
75 159 38.0
75 174 59.0
75 178 21.0
76 13 58.0
76 22 51.0
76 42 41.0
76 45 44.0
76 90 81.0
76 127 59.0
76 151 69.0
76 166 7.0
76 187 1.0
77 4 80.0
77 8 1.0
77 12 75.0
77 17 27.0
77 19 72.0
77 24 8.0
77 27 86.0
77 29 46.0
77 38 89.0
77 39 39.0
77 61 95.0
77 74 71.0
77 75 61.0
77 79 72.0
77 85 53.0
77 100 64.0
77 102 9.0
77 107 46.0
77 119 49.0
77 122 74.0
77 130 99.0
77 146 62.0
77 147 54.0
77 174 2.0
77 178 54.0
78 49 20.0
78 54 96.0
78 55 49.0
78 58 49.0
78 64 60.0
78 68 80.0
78 109 5.0
78 111 7.0
78 116 11.0
78 126 59.0
78 139 69.0
78 148 31.0
78 158 65.0
78 161 5.0
78 170 78.0
78 171 78.0
78 180 60.0
78 185 11.0
78 194 57.0
79 12 40.0
79 24 25.0
79 25 93.0
79 38 21.0
79 39 78.0
79 61 2.0
79 66 99.0
79 74 41.0
79 77 56.0
79 94 93.0
79 102 57.0
79 107 21.0
79 123 32.0
79 135 55.0
79 145 41.0
79 146 46.0
79 147 74.0
80 7 18.0
80 21 7.0
80 23 37.0
80 28 87.0
80 43 47.0
80 88 93.0
80 101 88.0
80 195 47.0
80 129 29.0
80 20 30.0
80 53 72.0
80 96 22.0
80 164 15.0
80 112 20.0
81 165 56.0
81 199 19.0
81 200 89.0
82 73 17.0
82 140 25.0
82 5 40.0
82 58 99.0
82 64 86.0
82 87 11.0
82 97 9.0
82 116 30.0
82 148 85.0
82 169 75.0
82 170 16.0
82 194 27.0
83 99 61.0
83 110 54.0
83 197 40.0
83 29 61.0
83 33 90.0
83 62 44.0
83 71 19.0
83 75 29.0
83 95 13.0
83 100 16.0
83 159 52.0
84 13 67.0
84 14 21.0
84 26 19.0
84 45 40.0
84 72 55.0
84 115 8.0
84 127 81.0
84 134 25.0
84 152 90.0
85 4 15.0
85 8 52.0
85 17 99.0
85 24 77.0
85 27 86.0
85 29 60.0
85 34 15.0
85 38 79.0
85 39 46.0
85 61 69.0
85 74 91.0
85 75 98.0
85 77 32.0
85 95 51.0
85 100 72.0
85 122 66.0
85 128 64.0
85 130 31.0
85 147 23.0
85 174 97.0
85 178 79.0
86 167 70.0
86 175 93.0
86 6 76.0
86 10 96.0
86 49 55.0
86 54 25.0
86 63 84.0
86 68 39.0
86 103 47.0
86 109 29.0
86 111 97.0
86 126 29.0
86 132 80.0
86 136 62.0
86 139 53.0
86 141 11.0
86 149 90.0
86 158 38.0
86 161 65.0
86 171 43.0
87 64 35.0
87 82 60.0
87 97 34.0
87 163 23.0
87 199 90.0
88 7 95.0
88 21 30.0
88 23 61.0
88 28 30.0
88 37 30.0
88 43 12.0
88 59 27.0
88 67 15.0
88 69 45.0
88 80 27.0
88 101 36.0
88 182 12.0
88 191 58.0
88 193 42.0
88 195 23.0
88 164 98.0
89 1 81.0
89 18 53.0
89 32 83.0
89 47 19.0
89 50 89.0
89 70 85.0
89 124 3.0
89 143 47.0
89 153 17.0
89 156 19.0
89 177 40.0
90 13 43.0
90 22 23.0
90 42 45.0
90 76 33.0
90 151 4.0
90 166 30.0
90 187 47.0
91 2 11.0
91 30 90.0
91 36 2.0
91 56 75.0
91 96 18.0
91 104 40.0
91 105 31.0
91 108 22.0
91 150 11.0
91 154 84.0
91 164 64.0
91 196 3.0
91 198 12.0
92 129 80.0
92 138 82.0
92 142 11.0
92 55 43.0
92 112 60.0
92 116 78.0
92 158 61.0
92 170 65.0
92 179 66.0
92 185 57.0
93 14 14.0
93 30 55.0
93 36 39.0
93 46 92.0
93 72 55.0
93 73 44.0
93 105 21.0
93 106 24.0
93 108 25.0
93 115 61.0
93 134 94.0
93 140 70.0
93 152 87.0
94 12 32.0
94 25 69.0
94 38 93.0
94 66 91.0
94 79 36.0
94 102 34.0
94 123 78.0
94 135 10.0
94 137 12.0
94 145 23.0
94 175 64.0
94 184 11.0
95 4 99.0
95 8 62.0
95 27 63.0
95 29 6.0
95 33 8.0
95 62 42.0
95 71 54.0
95 75 15.0
95 83 67.0
95 85 4.0
95 100 31.0
95 122 93.0
95 128 3.0
95 130 25.0
95 159 1.0
95 174 13.0
95 178 24.0
96 7 99.0
96 28 7.0
96 80 10.0
96 20 76.0
96 53 90.0
96 56 68.0
96 91 4.0
96 104 44.0
96 105 5.0
96 164 51.0
96 196 33.0
97 16 35.0
97 41 55.0
97 73 10.0
97 114 76.0
97 82 79.0
97 87 48.0
97 163 49.0
97 199 22.0
98 15 23.0
98 51 21.0
98 65 37.0
98 183 54.0
98 186 66.0
99 3 33.0
99 44 6.0
99 110 11.0
99 173 26.0
99 197 26.0
99 33 34.0
99 62 60.0
99 71 48.0
99 83 3.0
99 159 12.0
100 4 73.0
100 8 27.0
100 17 14.0
100 19 96.0
100 24 7.0
100 27 95.0
100 29 75.0
100 33 66.0
100 34 41.0
100 62 62.0
100 74 42.0
100 75 86.0
100 77 31.0
100 83 76.0
100 85 36.0
100 95 62.0
100 122 46.0
100 128 82.0
100 130 22.0
100 159 41.0
100 174 35.0
100 178 13.0
101 7 55.0
101 23 78.0
101 28 24.0
101 37 31.0
101 43 60.0
101 59 53.0
101 69 2.0
101 80 15.0
101 88 33.0
101 182 33.0
101 191 96.0
101 192 87.0
101 193 53.0
101 164 53.0
102 4 91.0
102 8 99.0
102 12 28.0
102 19 90.0
102 24 16.0
102 27 38.0
102 38 49.0
102 39 16.0
102 61 48.0
102 74 16.0
102 77 96.0
102 79 32.0
102 94 42.0
102 107 68.0
102 119 79.0
102 122 96.0
102 123 60.0
102 130 28.0
102 135 58.0
102 146 15.0
102 147 83.0
103 6 94.0
103 10 18.0
103 54 68.0
103 86 65.0
103 131 59.0
103 132 69.0
103 141 6.0
104 2 37.0
104 14 77.0
104 30 32.0
104 36 8.0
104 56 82.0
104 91 71.0
104 96 49.0
104 105 48.0
104 108 76.0
104 150 89.0
104 154 30.0
104 196 58.0
104 198 17.0
105 20 31.0
105 30 24.0
105 36 93.0
105 46 5.0
105 53 18.0
105 56 15.0
105 91 56.0
105 93 80.0
105 96 14.0
105 104 56.0
105 106 22.0
105 108 68.0
105 164 30.0
105 196 92.0
106 46 18.0
106 72 5.0
106 73 20.0
106 93 75.0
106 105 24.0
106 114 64.0
106 115 45.0
106 134 15.0
106 140 6.0
106 5 52.0
107 8 6.0
107 12 50.0
107 19 17.0
107 27 35.0
107 38 69.0
107 39 37.0
107 61 26.0
107 77 44.0
107 79 78.0
107 102 47.0
107 119 18.0
107 122 5.0
107 123 97.0
107 130 27.0
107 138 37.0
107 142 73.0
107 146 88.0
107 160 69.0
107 174 5.0
108 2 96.0
108 13 96.0
108 14 59.0
108 30 50.0
108 36 58.0
108 42 4.0
108 56 73.0
108 72 26.0
108 91 61.0
108 93 4.0
108 104 68.0
108 105 76.0
108 154 59.0
109 175 84.0
109 6 14.0
109 10 52.0
109 49 81.0
109 54 24.0
109 63 63.0
109 68 27.0
109 78 71.0
109 86 71.0
109 111 53.0
109 126 68.0
109 132 41.0
109 136 9.0
109 139 16.0
109 141 87.0
109 149 45.0
109 158 53.0
109 161 37.0
109 171 55.0
109 180 75.0
110 3 27.0
110 44 67.0
110 59 22.0
110 67 30.0
110 99 91.0
110 173 32.0
110 197 17.0
110 33 43.0
110 62 92.0
110 71 35.0
110 83 64.0
110 159 16.0
110 160 3.0
110 174 69.0
111 49 36.0
111 54 81.0
111 55 87.0
111 58 3.0
111 64 23.0
111 68 20.0
111 78 34.0
111 86 43.0
111 109 76.0
111 126 34.0
111 139 3.0
111 148 23.0
111 158 87.0
111 170 60.0
111 171 83.0
111 180 50.0
112 7 63.0
112 80 65.0
112 129 87.0
112 142 76.0
112 20 22.0
112 53 4.0
112 55 52.0
112 92 78.0
112 179 7.0
112 185 12.0
113 9 68.0
113 15 48.0
113 155 87.0
113 162 74.0
113 183 21.0
113 188 85.0
113 35 48.0
113 60 14.0
113 144 2.0
114 16 38.0
114 41 21.0
114 73 64.0
114 106 91.0
114 115 11.0
114 140 47.0
114 97 34.0
114 163 41.0
115 14 4.0
115 16 65.0
115 26 87.0
115 41 43.0
115 46 14.0
115 72 50.0
115 73 74.0
115 84 53.0
115 93 97.0
115 106 29.0
115 114 68.0
115 134 92.0
115 140 47.0
115 152 80.0
116 5 27.0
116 55 14.0
116 58 57.0
116 64 21.0
116 78 42.0
116 82 42.0
116 92 98.0
116 148 66.0
116 158 19.0
116 169 56.0
116 170 55.0
116 180 88.0
116 185 26.0
116 194 75.0
117 11 45.0
117 118 92.0
118 11 59.0
118 117 63.0
118 131 19.0
118 165 44.0
119 21 84.0
119 44 27.0
119 67 29.0
119 195 30.0
119 8 75.0
119 19 21.0
119 27 76.0
119 33 83.0
119 61 83.0
119 62 27.0
119 77 41.0
119 102 86.0
119 107 4.0
119 122 74.0
119 123 90.0
119 130 4.0
119 146 24.0
119 160 16.0
119 174 53.0
120 17 87.0
120 24 85.0
120 34 58.0
120 121 81.0
120 125 87.0
120 147 97.0
120 172 59.0
120 189 59.0
120 190 79.0
121 40 55.0
121 120 87.0
121 125 54.0
121 168 10.0
121 172 94.0
121 189 21.0
121 190 6.0
122 4 94.0
122 8 45.0
122 19 34.0
122 24 86.0
122 27 87.0
122 29 58.0
122 33 77.0
122 38 23.0
122 39 56.0
122 61 41.0
122 62 23.0
122 74 30.0
122 75 69.0
122 77 83.0
122 85 66.0
122 95 81.0
122 100 79.0
122 102 51.0
122 107 27.0
122 119 47.0
122 130 44.0
122 146 82.0
122 147 17.0
122 160 45.0
122 174 13.0
122 178 83.0
123 12 37.0
123 61 69.0
123 79 10.0
123 94 72.0
123 102 1.0
123 107 95.0
123 119 29.0
123 129 39.0
123 135 41.0
123 138 60.0
123 142 35.0
123 146 60.0
124 31 91.0
124 32 32.0
124 47 45.0
124 52 64.0
124 57 47.0
124 65 25.0
124 70 6.0
124 89 34.0
124 153 45.0
124 156 94.0
124 177 48.0
125 17 33.0
125 34 14.0
125 40 73.0
125 120 32.0
125 121 72.0
125 168 8.0
125 172 52.0
126 49 39.0
126 54 31.0
126 55 90.0
126 58 59.0
126 63 68.0
126 68 43.0
126 78 38.0
126 86 51.0
126 109 38.0
126 111 76.0
126 136 79.0
126 139 39.0
126 158 61.0
126 161 52.0
126 170 92.0
126 171 27.0
126 180 99.0
127 13 6.0
127 22 58.0
127 26 19.0
127 42 38.0
127 45 52.0
127 76 8.0
127 84 10.0
127 151 41.0
127 152 84.0
127 166 39.0
127 187 87.0
128 4 92.0
128 17 37.0
128 29 85.0
128 34 88.0
128 75 77.0
128 85 47.0
128 95 54.0
128 100 54.0
128 159 36.0
128 178 72.0
129 7 47.0
129 80 15.0
129 195 15.0
129 123 66.0
129 138 75.0
129 142 44.0
129 53 19.0
129 55 45.0
129 92 46.0
129 112 50.0
129 179 48.0
129 185 99.0
130 4 32.0
130 8 8.0
130 19 32.0
130 24 21.0
130 27 19.0
130 29 93.0
130 33 68.0
130 38 76.0
130 39 69.0
130 61 57.0
130 62 64.0
130 74 50.0
130 75 29.0
130 77 51.0
130 85 72.0
130 95 6.0
130 100 61.0
130 102 38.0
130 107 57.0
130 119 73.0
130 122 50.0
130 147 22.0
130 159 24.0
130 174 40.0
130 178 78.0
131 6 81.0
131 10 78.0
131 103 85.0
131 118 62.0
132 6 17.0
132 10 20.0
132 54 6.0
132 68 68.0
132 86 22.0
132 103 34.0
132 109 87.0
132 136 75.0
132 139 37.0
132 141 50.0
132 149 97.0
132 171 4.0
133 32 59.0
133 48 57.0
133 51 34.0
133 69 6.0
133 156 81.0
133 176 71.0
133 182 92.0
133 186 2.0
133 193 89.0
134 14 63.0
134 26 29.0
134 30 60.0
134 46 43.0
134 72 12.0
134 73 28.0
134 84 19.0
134 93 66.0
134 106 57.0
134 115 60.0
134 140 12.0
134 152 36.0
135 12 83.0
135 25 61.0
135 38 80.0
135 39 34.0
135 66 20.0
135 79 60.0
135 94 67.0
135 102 53.0
135 123 92.0
135 145 90.0
135 146 95.0
135 175 59.0
135 184 33.0
136 66 25.0
136 145 56.0
136 167 39.0
136 175 34.0
136 184 14.0
136 63 64.0
136 68 56.0
136 86 99.0
136 109 47.0
136 126 8.0
136 132 38.0
136 139 41.0
136 141 48.0
136 149 84.0
136 161 73.0
137 25 67.0
137 66 35.0
137 94 79.0
137 157 47.0
137 181 20.0
137 184 52.0
138 195 5.0
138 12 87.0
138 107 84.0
138 123 18.0
138 129 46.0
138 142 97.0
138 146 81.0
138 92 4.0
138 179 95.0
139 175 32.0
139 10 24.0
139 49 78.0
139 54 97.0
139 58 12.0
139 63 56.0
139 68 34.0
139 78 19.0
139 86 44.0
139 109 61.0
139 111 40.0
139 126 72.0
139 132 44.0
139 136 53.0
139 141 24.0
139 149 31.0
139 158 11.0
139 161 94.0
139 171 6.0
139 180 27.0
140 16 90.0
140 41 8.0
140 46 13.0
140 72 42.0
140 73 58.0
140 93 45.0
140 106 52.0
140 114 36.0
140 115 15.0
140 134 10.0
140 5 71.0
140 82 20.0
141 167 98.0
141 175 69.0
141 6 82.0
141 10 64.0
141 63 37.0
141 68 28.0
141 86 38.0
141 103 11.0
141 109 41.0
141 132 70.0
141 136 19.0
141 139 51.0
141 149 84.0
141 161 53.0
142 12 26.0
142 107 9.0
142 123 24.0
142 129 98.0
142 138 89.0
142 146 96.0
142 92 93.0
142 112 41.0
142 179 49.0
143 1 15.0
143 3 30.0
143 18 76.0
143 32 31.0
143 48 55.0
143 50 16.0
143 70 25.0
143 89 19.0
143 153 45.0
143 156 83.0
143 173 80.0
143 176 7.0
144 9 61.0
144 162 63.0
144 188 14.0
144 192 17.0
144 2 87.0
144 35 56.0
144 56 67.0
144 60 29.0
144 113 48.0
144 150 5.0
144 154 23.0
144 198 43.0
145 12 23.0
145 25 19.0
145 66 39.0
145 79 27.0
145 94 31.0
145 135 90.0
145 167 78.0
145 175 89.0
145 184 58.0
145 63 6.0
145 136 66.0
145 161 85.0
146 8 73.0
146 12 68.0
146 19 96.0
146 38 94.0
146 39 24.0
146 61 9.0
146 77 28.0
146 79 70.0
146 102 54.0
146 107 21.0
146 119 51.0
146 122 79.0
146 123 48.0
146 135 94.0
146 138 34.0
146 142 96.0
146 160 91.0
147 4 29.0
147 8 50.0
147 17 73.0
147 24 11.0
147 27 11.0
147 29 26.0
147 38 18.0
147 39 18.0
147 61 62.0
147 74 98.0
147 77 58.0
147 79 29.0
147 85 40.0
147 102 97.0
147 120 33.0
147 122 88.0
147 130 28.0
147 178 25.0
148 58 24.0
148 64 29.0
148 78 7.0
148 82 57.0
148 111 43.0
148 116 72.0
148 169 31.0
148 170 88.0
148 180 89.0
148 194 18.0
149 167 48.0
149 175 34.0
149 6 9.0
149 10 73.0
149 63 49.0
149 68 96.0
149 86 38.0
149 109 50.0
149 132 5.0
149 136 99.0
149 139 78.0
149 141 64.0
149 161 2.0
150 9 2.0
150 28 72.0
150 37 46.0
150 69 91.0
150 162 59.0
150 188 5.0
150 192 25.0
150 35 74.0
150 56 53.0
150 60 88.0
150 91 26.0
150 104 52.0
150 144 26.0
150 154 61.0
150 198 46.0
151 13 34.0
151 22 31.0
151 42 25.0
151 76 50.0
151 90 14.0
151 127 85.0
151 166 12.0
151 187 13.0
152 13 33.0
152 14 79.0
152 26 31.0
152 42 88.0
152 46 91.0
152 72 27.0
152 84 26.0
152 93 88.0
152 115 8.0
152 127 23.0
152 134 69.0
153 1 51.0
153 18 9.0
153 31 75.0
153 32 22.0
153 47 70.0
153 50 94.0
153 70 25.0
153 89 34.0
153 124 59.0
153 143 33.0
153 156 69.0
153 177 74.0
154 162 66.0
154 2 38.0
154 30 26.0
154 35 66.0
154 36 47.0
154 56 41.0
154 60 59.0
154 91 44.0
154 104 49.0
154 108 57.0
154 144 83.0
154 150 80.0
154 198 2.0
155 15 74.0
155 162 32.0
155 183 87.0
155 188 49.0
155 35 96.0
155 60 72.0
155 113 49.0
156 18 95.0
156 31 34.0
156 32 64.0
156 48 75.0
156 70 19.0
156 89 74.0
156 124 49.0
156 133 96.0
156 143 78.0
156 153 32.0
156 176 85.0
157 25 19.0
157 66 68.0
157 137 6.0
157 181 65.0
157 184 7.0
158 49 12.0
158 54 99.0
158 55 93.0
158 58 82.0
158 63 54.0
158 68 71.0
158 78 93.0
158 86 47.0
158 92 69.0
158 109 21.0
158 111 43.0
158 116 31.0
158 126 85.0
158 139 48.0
158 161 5.0
158 170 58.0
158 171 53.0
158 179 38.0
158 180 20.0
158 185 47.0
159 99 56.0
159 110 19.0
159 197 5.0
159 29 62.0
159 33 75.0
159 62 44.0
159 71 54.0
159 75 11.0
159 83 38.0
159 95 49.0
159 100 15.0
159 128 89.0
159 130 23.0
159 174 73.0
159 178 39.0
160 21 22.0
160 43 75.0
160 44 78.0
160 67 60.0
160 110 36.0
160 195 89.0
160 8 36.0
160 19 73.0
160 33 26.0
160 61 89.0
160 62 68.0
160 107 11.0
160 119 79.0
160 122 56.0
160 146 71.0
160 174 22.0
161 145 47.0
161 167 59.0
161 175 8.0
161 49 60.0
161 63 43.0
161 68 57.0
161 78 12.0
161 86 71.0
161 109 66.0
161 126 49.0
161 136 65.0
161 139 67.0
161 141 71.0
161 149 33.0
161 158 80.0
161 180 35.0
162 9 78.0
162 15 2.0
162 69 47.0
162 155 83.0
162 183 42.0
162 188 1.0
162 192 66.0
162 35 19.0
162 60 23.0
162 113 6.0
162 144 81.0
162 150 31.0
162 154 59.0
162 198 61.0
163 16 54.0
163 41 64.0
163 114 78.0
163 87 24.0
163 97 58.0
163 199 22.0
164 7 86.0
164 23 35.0
164 28 89.0
164 37 15.0
164 80 51.0
164 88 23.0
164 101 86.0
164 20 26.0
164 53 5.0
164 91 95.0
164 96 15.0
164 105 97.0
164 196 14.0
164 198 50.0
165 11 46.0
165 81 22.0
165 118 21.0
165 199 43.0
165 200 22.0
166 13 87.0
166 22 68.0
166 42 52.0
166 76 48.0
166 90 5.0
166 127 60.0
166 151 31.0
166 187 76.0
167 25 16.0
167 66 25.0
167 145 19.0
167 175 31.0
167 184 10.0
167 63 99.0
167 68 47.0
167 86 30.0
167 136 35.0
167 141 46.0
167 149 9.0
167 161 60.0
168 40 3.0
168 121 49.0
168 125 15.0
168 172 20.0
168 189 43.0
168 190 90.0
169 73 85.0
169 5 5.0
169 55 30.0
169 58 75.0
169 64 38.0
169 82 26.0
169 116 47.0
169 148 31.0
169 170 63.0
169 180 2.0
169 185 28.0
169 194 28.0
170 49 50.0
170 55 31.0
170 58 2.0
170 64 69.0
170 78 62.0
170 82 44.0
170 92 53.0
170 111 13.0
170 116 1.0
170 126 98.0
170 148 62.0
170 158 50.0
170 169 95.0
170 171 50.0
170 179 53.0
170 180 14.0
170 185 15.0
170 194 79.0
171 6 32.0
171 10 44.0
171 49 54.0
171 54 96.0
171 58 16.0
171 68 77.0
171 78 95.0
171 86 95.0
171 109 4.0
171 111 63.0
171 126 65.0
171 132 20.0
171 139 52.0
171 158 95.0
171 170 61.0
171 180 72.0
172 40 12.0
172 120 29.0
172 121 26.0
172 125 27.0
172 168 14.0
172 189 50.0
172 190 40.0
173 1 14.0
173 3 53.0
173 18 92.0
173 50 46.0
173 99 67.0
173 110 30.0
173 143 12.0
173 176 46.0
173 197 39.0
174 110 42.0
174 4 90.0
174 8 60.0
174 19 48.0
174 27 32.0
174 29 10.0
174 33 43.0
174 39 39.0
174 61 4.0
174 62 87.0
174 74 72.0
174 75 12.0
174 77 99.0
174 85 6.0
174 95 30.0
174 100 97.0
174 107 32.0
174 119 24.0
174 122 61.0
174 130 92.0
174 159 34.0
174 160 43.0
174 178 39.0
175 25 3.0
175 66 50.0
175 94 85.0
175 135 55.0
175 145 25.0
175 167 57.0
175 184 51.0
175 63 10.0
175 68 48.0
175 86 56.0
175 109 50.0
175 136 44.0
175 139 79.0
175 141 81.0
175 149 31.0
175 161 79.0
176 3 78.0
176 32 58.0
176 44 97.0
176 48 7.0
176 59 36.0
176 67 2.0
176 133 58.0
176 143 26.0
176 156 50.0
176 173 3.0
176 182 64.0
176 193 56.0
177 32 28.0
177 47 13.0
177 52 55.0
177 70 21.0
177 89 96.0
177 124 70.0
177 153 90.0
178 4 33.0
178 8 12.0
178 17 43.0
178 24 43.0
178 27 99.0
178 29 29.0
178 34 91.0
178 39 2.0
178 74 5.0
178 75 56.0
178 77 55.0
178 85 75.0
178 95 63.0
178 100 6.0
178 122 93.0
178 128 97.0
178 130 44.0
178 147 42.0
178 159 70.0
178 174 86.0
179 129 41.0
179 138 57.0
179 142 98.0
179 55 64.0
179 92 7.0
179 112 26.0
179 158 99.0
179 170 40.0
179 180 1.0
179 185 42.0
180 49 21.0
180 54 19.0
180 55 18.0
180 58 4.0
180 68 2.0
180 78 43.0
180 109 87.0
180 111 75.0
180 116 36.0
180 126 56.0
180 139 39.0
180 148 80.0
180 158 94.0
180 161 61.0
180 169 12.0
180 170 55.0
180 171 32.0
180 179 59.0
180 185 90.0
180 194 35.0
181 66 88.0
181 137 55.0
181 157 24.0
181 184 81.0
182 21 42.0
182 23 84.0
182 37 25.0
182 43 24.0
182 44 21.0
182 48 20.0
182 59 57.0
182 67 36.0
182 69 36.0
182 88 48.0
182 101 4.0
182 133 82.0
182 176 12.0
182 191 7.0
182 193 16.0
183 15 65.0
183 98 26.0
183 155 63.0
183 162 7.0
183 188 96.0
183 35 73.0
183 60 41.0
183 113 33.0
184 25 4.0
184 66 87.0
184 94 2.0
184 135 72.0
184 137 65.0
184 145 26.0
184 157 83.0
184 167 41.0
184 175 6.0
184 181 28.0
184 136 91.0
185 129 65.0
185 55 84.0
185 58 26.0
185 78 92.0
185 92 20.0
185 112 91.0
185 116 43.0
185 158 68.0
185 169 8.0
185 170 99.0
185 179 95.0
185 180 78.0
185 194 24.0
186 15 12.0
186 51 33.0
186 69 33.0
186 98 20.0
186 133 30.0
186 192 10.0
187 13 64.0
187 22 86.0
187 76 95.0
187 90 95.0
187 127 6.0
187 151 63.0
187 166 51.0
188 9 82.0
188 15 95.0
188 51 67.0
188 69 37.0
188 155 89.0
188 162 56.0
188 183 76.0
188 192 83.0
188 35 62.0
188 60 59.0
188 113 94.0
188 144 23.0
188 150 48.0
188 198 55.0
189 40 45.0
189 120 47.0
189 121 22.0
189 168 5.0
189 172 98.0
189 190 26.0
190 40 93.0
190 120 93.0
190 121 58.0
190 168 44.0
190 172 2.0
190 189 73.0
191 9 58.0
191 23 96.0
191 28 63.0
191 37 41.0
191 43 28.0
191 59 11.0
191 69 52.0
191 88 93.0
191 101 96.0
191 182 41.0
191 192 74.0
191 193 56.0
192 9 79.0
192 28 42.0
192 37 70.0
192 51 82.0
192 69 1.0
192 101 65.0
192 162 54.0
192 186 65.0
192 188 46.0
192 191 63.0
192 144 35.0
192 150 68.0
192 198 48.0
193 21 17.0
193 23 44.0
193 37 63.0
193 43 11.0
193 44 25.0
193 48 91.0
193 59 20.0
193 67 69.0
193 88 67.0
193 101 47.0
193 133 30.0
193 176 92.0
193 182 37.0
193 191 21.0
194 73 55.0
194 5 77.0
194 55 98.0
194 58 53.0
194 64 28.0
194 78 73.0
194 82 67.0
194 116 11.0
194 148 63.0
194 169 44.0
194 170 4.0
194 180 93.0
194 185 54.0
195 7 85.0
195 21 64.0
195 23 14.0
195 43 49.0
195 80 4.0
195 88 7.0
195 119 99.0
195 129 58.0
195 138 40.0
195 160 93.0
195 53 45.0
196 7 7.0
196 28 8.0
196 20 60.0
196 53 50.0
196 91 25.0
196 96 46.0
196 104 81.0
196 105 77.0
196 164 61.0
197 3 76.0
197 44 84.0
197 99 55.0
197 110 21.0
197 173 58.0
197 33 26.0
197 62 11.0
197 71 49.0
197 83 8.0
197 159 42.0
198 9 99.0
198 28 28.0
198 37 45.0
198 69 95.0
198 162 43.0
198 188 15.0
198 192 39.0
198 56 75.0
198 60 42.0
198 91 13.0
198 104 73.0
198 144 38.0
198 150 67.0
198 154 57.0
198 164 81.0
199 81 52.0
199 87 53.0
199 97 23.0
199 163 57.0
199 165 76.0
199 200 57.0
200 81 42.0
200 165 66.0
200 199 78.0
