4 295
5 847
8 866
11 370
12 163
17 533
19 323
18 640
23 687
24 510
27 730
26 394
29 207
28 981
31 72
30 76
34 75
33 574
38 369
39 4
37 465
42 466
41 187
44 373
45 177
50 468
55 120
54 395
52 449
56 163
63 29
68 613
69 857
71 157
76 762
72 332
75 105
84 964
80 418
83 694
82 246
95 143
90 229
102 383
101 19
98 840
97 137
111 462
108 468
107 797
104 384
105 639
118 662
116 893
115 322
113 250
126 27
124 818
137 434
136 679
139 841
138 333
141 734
140 59
142 906
129 90
128 9
130 588
132 910
135 873
134 819
152 166
153 428
154 78
155 688
158 143
159 872
146 742
147 101
148 653
149 654
151 294
170 974
169 98
175 765
174 929
173 653
172 793
161 430
160 262
167 510
165 592
164 739
184 356
190 486
189 1
178 853
180 451
205 257
204 887
206 710
201 449
200 858
202 857
197 118
193 917
195 789
194 750
220 896
221 859
223 41
216 534
213 596
208 37
209 889
210 377
238 840
236 938
234 745
231 462
230 327
226 45
255 294
252 82
253 996
244 413
245 118
241 187
275 407
273 820
272 239
279 511
276 989
282 975
281 699
287 630
286 535
285 441
258 657
259 209
262 945
260 964
264 359
268 661
269 27
304 349
311 387
313 888
315 164
317 498
288 361
289 159
290 545
292 667
295 543
296 73
298 142
299 491
300 12
301 556
303 771
342 289
341 582
339 466
338 568
350 199
349 451
348 15
347 555
346 606
345 8
326 26
327 678
321 772
335 517
328 550
329 190
375 380
374 57
369 11
368 541
370 392
382 130
376 462
379 569
357 260
353 292
355 930
364 902
367 986
361 435
363 249
411 334
408 526
414 860
412 899
413 489
402 454
401 429
404 529
405 200
395 744
393 693
387 887
391 546
389 192
388 574
440 164
441 970
443 572
446 663
447 783
432 568
434 301
438 254
439 295
425 963
427 836
426 523
431 263
416 976
420 823
423 223
478 37
477 508
474 63
475 395
472 518
473 693
471 871
466 477
464 207
462 151
460 619
458 814
457 74
452 539
450 891
449 927
500 499
497 858
499 754
494 425
489 374
491 463
484 695
487 563
486 264
481 922
480 247
