86.16959965285051 4.790038163207799 0.0
131.35400227235087 23.189668776927007 0.0
175.86596903058876 21.410718099570047 0.0
50.41335978650024 137.23325711515128 0.0
13.313142962469616 127.3273411502287 0.0
65.2523831639491 61.118655196238734 0.0
166.45692037170065 124.94800522817864 0.0
130.73700683906551 197.02944224041929 0.0
141.62266293198644 85.30130235519309 0.0
21.840535548354456 114.12197111877387 0.0
17.819977205625825 57.552014045579526 0.0
180.47549934402474 42.97501588508648 0.0
142.54739135981973 75.95582129383997 0.0
37.26850512249664 93.05520047416249 0.0
64.66464087865751 151.97882734083228 0.0
197.61523407370524 176.72483257973445 0.0
2.7517236601856343 138.72181999656001 0.0
119.82923577207238 163.35778994945642 0.0
151.4755389864471 85.45320829497412 0.0
132.92489679076215 158.41824588105834 0.0
13.836338392245406 161.9686612831785 0.0
42.55138126572868 4.895948746945922 0.0
113.76796164021947 25.65953559490033 0.0
155.8209415232025 138.28102037595892 0.0
91.41721642173972 28.586191205087164 0.0
119.2515969194706 191.300115686531 0.0
112.52943573577461 117.51646406482126 0.0
108.7707128599815 40.92497654854188 0.0
133.71880683965145 66.80353254552213 0.0
36.70254215082232 117.7033800099138 0.0
57.00354895955972 2.141470861176309 0.0
147.88942467783613 156.25166881308502 0.0
179.83763519121223 22.650986491725966 0.0
65.57285836988278 155.78695092617681 0.0
0.9723641611393941 109.4116447172719 0.0
17.387200514380652 140.866287492499 0.0
177.83252812410439 20.471248345944602 0.0
22.79537845877899 165.03907566705908 0.0
47.6935836722838 115.5268767934079 0.0
55.52249181614168 83.90809547615514 0.0
22.797784281844713 27.88618263028857 0.0
8.01979503375505 139.13353834439778 0.0
148.64874608747388 6.981788267017586 0.0
79.71807480620927 141.2035918267222 0.0
175.0755028041045 191.6253947448479 0.0
186.8060541722128 16.33406636235748 0.0
31.258732805216827 42.352545768005065 0.0
148.49591388797487 91.64870561930488 0.0
18.763284521010924 60.62289668815419 0.0
143.2147390518455 132.8308526728368 0.0
140.72278488858458 153.30491320485012 0.0
47.88709679998178 19.7262078121776 0.0
170.6736438630545 162.78809356856607 0.0
174.450649089419 47.91545357144918 0.0
131.13732095541317 176.22971641863856 0.0
199.97314880986764 178.0646638039159 0.0
199.9013063405127 51.85730943951769 0.0
150.2158703187809 119.90033439746061 0.0
91.05078794901465 155.91201705652423 0.0
141.21492073161235 133.9451249070319 0.0
68.15464765762742 190.73214028196747 0.0
9.428576868322502 61.689264720552586 0.0
138.6107803655428 12.640209354682908 0.0
168.22532378140008 153.6618113574585 0.0
51.007587896246 87.71089588035328 0.0
16.963756459461777 154.90487263069588 0.0
71.45973280455429 114.1613377123812 0.0
198.64218503246263 28.64307896730427 0.0
150.22811189754415 152.01930665668343 0.0
153.07223836717162 51.479564184351844 0.0
6.535336482287302 143.8888204350139 0.0
144.7574324092206 197.2388549849983 0.0
57.339697984102365 185.0468630073136 0.0
58.13411692634121 141.61605354829382 0.0
194.932072491051 106.76889391901045 0.0
147.55887255027585 66.08084868129221 0.0
178.5719289689664 73.6949170134392 0.0
5.402938594182349 117.02381867274185 0.0
46.97994538902215 164.21197010704446 0.0
68.84083157533306 84.92176841883811 0.0
81.35650649920221 102.2428708564863 0.0
24.396869332106164 8.337634157788054 0.0
52.696814374190204 39.49522595679513 0.0
89.03989079316557 178.85978664881654 0.0
172.5249054276733 149.13869058790712 0.0
147.59303597369586 25.624509555850494 0.0
132.77048162267008 185.04258645925674 0.0
108.45195013279978 191.8544920429141 0.0
68.36396525647264 85.11996974678281 0.0
3.0814088439298226 180.88527567121668 0.0
5.226820306182023 152.98843634112117 0.0
99.48692137049125 45.440637259349614 0.0
166.68563299399568 139.07182170787567 0.0
25.834349260822197 121.4569876569894 0.0
2.9401868055372704 60.431253279669406 0.0
7.617252642228189 166.54583959486263 0.0
181.06709933478967 48.02782376341652 0.0
10.248154911965024 53.22254393268877 0.0
27.142374302954096 90.78344263039948 0.0
48.67653118003934 188.31858027426566 0.0
47.41762148032078 57.720299271850315 0.0
176.61282657491913 82.53359286527528 0.0
172.0863448194628 22.623603748730403 0.0
100.16447156008577 177.87267006028677 0.0
63.02824321735532 90.08614746578097 0.0
174.16630721755064 155.75314262812503 0.0
6.021004330805146 27.457497475196902 0.0
134.21448722698216 94.85451650449122 0.0
168.26067725989023 44.1344998017571 0.0
93.38944525946758 25.32400727548312 0.0
143.63324461704102 27.793958276518758 0.0
89.88007956663738 34.73932922957044 0.0
131.03157984283888 46.58242585518553 0.0
10.19790471844615 121.26939268821711 0.0
195.11354479147448 156.94196845789614 0.0
32.39638385309054 60.762641777154315 0.0
44.24852578677496 118.66499893545242 0.0
34.687361939852956 57.03186718710549 0.0
27.001336792602437 111.93522287553326 0.0
97.07299756315643 78.393302802712 0.0
196.35385292717916 175.525862468152 0.0
87.088093913779 148.55696533518682 0.0
119.96643821551096 40.990337489748654 0.0
165.474464657027 56.25422425461479 0.0
25.132697538536842 124.59467735496122 0.0
73.58534705172346 175.5276354527338 0.0
58.68270759259031 56.90502571732588 0.0
71.54457261108071 147.39715405786674 0.0
114.94140007754416 79.35758688771084 0.0
184.66166444323346 63.65588218438978 0.0
38.95031639707713 117.80247191938531 0.0
185.330741923732 114.8376640820291 0.0
47.512634168209324 154.927027273128 0.0
88.61741890330612 16.937705863555628 0.0
127.2227377449986 66.62811720495401 0.0
71.96479452067422 115.25668796906972 0.0
166.49338003857775 161.81710230118716 0.0
42.92583860943571 78.77774216762859 0.0
57.694811796355964 70.80515990220393 0.0
173.55630776465847 144.77478022915366 0.0
165.87209384175176 164.3307473955316 0.0
196.07875624783534 150.88974702254825 0.0
2.1080668072768205 153.45499928858098 0.0
111.65478536186599 100.70539094697115 0.0
62.45128794824901 119.96500439691556 0.0
2.5793014124902314 148.87920955084604 0.0
197.42960666014145 157.58885489633724 0.0
57.936972569421386 63.19337966068321 0.0
162.52175592319696 66.24056526290305 0.0
123.73786105388753 23.41434978036183 0.0
166.5607631949221 134.67683617828868 0.0
70.7754918618082 50.645079147358544 0.0
82.89471538993641 171.3619254062835 0.0
36.9274755670159 25.891752615385897 0.0
117.23177499490897 199.00070826135573 0.0
145.34508026713476 152.8560387996662 0.0
136.448106963879 15.114318266484862 0.0
25.95496998350544 47.502860514718904 0.0
154.23877588668006 139.19658535934164 0.0
174.92267456646894 195.7428492247813 0.0
42.34332990877343 116.4037435242387 0.0
75.20406683365563 110.6076255522402 0.0
190.17931457435355 128.39382886494445 0.0
71.037603215448 141.58515837875848 0.0
171.06857372307013 173.84628886598344 0.0
40.20670116706759 141.3215000911097 0.0
89.8426245929873 124.35638318257342 0.0
140.1281207505699 78.6842346737304 0.0
184.46514402771268 135.8130383367512 0.0
117.29883943192459 2.2221040000962144 0.0
33.41098968080125 1.0328039702245162 0.0
64.36051224693304 104.3442633671089 0.0
180.89288086828532 66.33677761883725 0.0
85.01697948826985 14.081728271648618 0.0
133.62832689753975 102.92121334210118 0.0
84.26711534853992 55.08263779282985 0.0
105.69101564878005 23.28679076511342 0.0
39.89165878729961 45.531984657995814 0.0
192.09237580201756 163.65546799267412 0.0
30.85934885713304 87.9755464827606 0.0
37.09069445001525 15.217939352774934 0.0
199.29417332399407 99.56684910174324 0.0
129.82659962488887 180.21876734328546 0.0
104.87217139660008 167.04500001913803 0.0
7.735390270331766 153.3003468985885 0.0
193.99276137941507 175.7902997987753 0.0
77.28818823979884 84.19091763653317 0.0
150.79608149065865 158.59367168184542 0.0
71.96549601659102 164.73586012992138 0.0
123.07451873498565 37.31487962631754 0.0
158.96829420093172 101.4356057394119 0.0
23.352994654006775 89.3937151029063 0.0
179.02331929298512 84.06761442296767 0.0
93.88929192450001 161.21732863967225 0.0
57.7408394960506 141.6337838415042 0.0
94.07219973173238 171.63583315422298 0.0
62.33471568138742 188.78888543326457 0.0
19.671775973043815 1.4576536233833925 0.0
94.1160853778034 9.069556062101647 0.0
195.622689854033 48.54483727685992 0.0
5.023687358997431 95.65752591770806 0.0
97.49810044147611 143.16779977185496 0.0
5.555250768326703 76.07473818800767 0.0
151.5580568299938 164.56802363196482 0.0
191.81608092899683 184.1222070260643 0.0
39.23312873553719 177.21619462763064 0.0
61.002411833056414 110.53833999486973 0.0
89.1302607387523 14.042463720594768 0.0
7.488739622176421 163.2667347489797 0.0
178.12474704765236 173.95442620990588 0.0
195.78992500541003 198.8872739941274 0.0
182.82847695284312 72.24762078916034 0.0
92.02028695861834 48.678680171995545 0.0
23.70135149921917 85.05231205043656 0.0
102.07366119254588 155.9444730031992 0.0
126.29930105961282 62.74942990088965 0.0
12.599826991935736 65.64857485106043 0.0
87.62882028226082 52.32758679674361 0.0
59.95425321072829 63.070718890877856 0.0
80.30457203002632 64.9421561324775 0.0
62.64983210246973 45.105920389859456 0.0
53.183213640903816 52.47646957012624 0.0
144.4406248089952 25.996402148460064 0.0
94.3729912827431 15.69423583154732 0.0
148.01939170323706 128.698273965266 0.0
10.995439317731016 156.61135810989293 0.0
93.41208528604352 93.7494952670713 0.0
49.80188590963574 9.004387081884158 0.0
170.50417478141458 49.419627588796985 0.0
133.7241426967449 133.51190344074226 0.0
171.73516716194513 130.08591635834367 0.0
21.665298180977 47.57420772311245 0.0
168.84924536648333 104.19438904397656 0.0
12.313060758108962 175.49572252551548 0.0
16.69153710320903 78.82864795529414 0.0
7.484688501707559 150.2035694235176 0.0
127.39109427863133 184.82315099505084 0.0
126.48911844791124 175.81496836758188 0.0
99.87317097384745 114.52176209858746 0.0
20.21845628875212 168.9149382358345 0.0
12.495045620047197 83.69653385521735 0.0
172.15749018684045 36.48506121867905 0.0
90.70106509643234 19.805616807250527 0.0
193.22660021346672 119.71303295271467 0.0
46.94432536678168 140.6833440441072 0.0
18.349855947187255 135.45176608379808 0.0
56.72374165102616 180.91955236284102 0.0
194.86668800651452 80.88593530041712 0.0
82.43706228251826 147.59931385117494 0.0
116.38218340053746 132.00290974812282 0.0
85.85177112214097 42.73822882649927 0.0
100.37744087797505 162.75396941011934 0.0
180.3474295357755 76.66262728183088 0.0
33.878180628950915 139.3309895728391 0.0
165.68462187567386 114.74791682660882 0.0
118.7061698052101 102.7725763641027 0.0
160.90718681106938 49.34254429657052 0.0
36.3147702735026 143.15290619006146 0.0
5.085974839354246 69.36899181497083 0.0
21.936307646530295 89.8954699637701 0.0
130.9639221926418 12.007323349587251 0.0
88.74572216239915 195.29305297218434 0.0
133.1638983052698 124.03086783329653 0.0
174.97126688260437 72.1042592836146 0.0
50.47216271420001 34.77770844352368 0.0
100.3598385059143 161.13606444136252 0.0
60.8120133774257 148.40560757687746 0.0
113.13092803841673 51.01084650983883 0.0
47.873663284086135 199.99224170160863 0.0
84.52979144745407 49.85543414268623 0.0
139.96794226489175 188.20647608967562 0.0
65.31696921620554 117.43883182134407 0.0
44.523103974082254 96.6906423418606 0.0
157.0079727853243 6.324243051994638 0.0
5.745329385917275 146.9577180910619 0.0
70.4032687764969 31.89015483563371 0.0
98.31545620743842 187.521493683096 0.0
144.92556145275546 93.61429695874403 0.0
136.59559486323332 17.141732391128485 0.0
184.5076675935897 3.8032684523434224 0.0
126.67123740351632 164.48051035986063 0.0
29.251035950422953 44.98987366173988 0.0
117.65576849045061 102.12995766747434 0.0
126.8013542150452 173.50902544311126 0.0
119.03595484777081 59.88560204404925 0.0
93.36445801842399 14.302353086173936 0.0
42.438592061979485 120.30371309584793 0.0
161.51206547422 150.7906049129377 0.0
199.04992109155955 128.99501032067988 0.0
100.40368768672299 3.691971392911908 0.0
138.02114426906437 132.7711933686041 0.0
63.77739419760342 13.953675373026941 0.0
146.54477294294122 170.67479014988416 0.0
72.03883959974979 97.50297069835614 0.0
148.88827589213926 86.08695845090737 0.0
67.00444274959698 23.313078336891447 0.0
39.52287188260388 2.52180974456806 0.0
91.33119588845919 81.31835418339016 0.0
64.58705733803241 11.380050553413867 0.0
139.39210064545227 153.00223961052396 0.0
126.27586879225264 56.848601390565044 0.0
2.332881015187249 75.02053460100753 0.0
26.34853072257508 171.29711890449815 0.0
187.272108979083 195.01159665876787 0.0
87.79868980575223 113.93626833117507 0.0
129.08344382915564 58.784123214034146 0.0
97.83296705702665 96.16668331064176 0.0
32.92529867494349 39.362295412289264 0.0
100.6551650755925 38.961701266756464 0.0
186.6597431550427 20.907059255695735 0.0
35.15495799177359 100.79086195375359 0.0
64.52911613685855 184.3213718815916 0.0
160.4515855771791 39.00538260695421 0.0
6.935227018175949 106.3864118810585 0.0
41.34448754141849 123.27079127158613 0.0
105.89277412916398 180.56468237328997 0.0
176.0744231545622 6.545973911703351 0.0
151.70499139795203 195.1450442712818 0.0
140.40032665576135 177.27198737409552 0.0
103.63624726128778 163.19386473031042 0.0
194.8484199539513 165.84800191149353 0.0
135.83278162872844 188.81538096162717 0.0
56.091960135782834 159.13588429249066 0.0
79.46936199428023 75.51353031623842 0.0
168.77139420733803 88.64884897384644 0.0
33.07623442294214 134.98659769526571 0.0
130.6662680597261 1.243838746954129 0.0
45.22723183286095 38.47496469513414 0.0
121.98191039804584 195.5512814501055 0.0
87.24656982929947 167.82142271976335 0.0
68.61528297709518 13.039805437341512 0.0
28.318295072072463 169.692579940405 0.0
29.61615630018082 109.52786631075344 0.0
1.3590415316044435 93.94879581259607 0.0
140.66120182229974 101.11795317133283 0.0
5.241204271991484 5.939386093241317 0.0
168.21017343368604 77.94336794232551 0.0
27.430311587703017 102.53868273105225 0.0
133.11495443425443 9.781489909335273 0.0
190.82679949761382 133.02770831292767 0.0
147.8037878973218 129.50153064843016 0.0
29.579101227477867 128.4652720013633 0.0
177.76453594586903 173.4789208470116 0.0
180.86144280957052 76.98137700640086 0.0
85.90244623580354 82.5223849215454 0.0
143.086270398326 47.46477276626653 0.0
47.449394498924406 22.523988243223812 0.0
95.74794157244241 160.4057411590047 0.0
33.4531975051745 170.95638319032182 0.0
102.07064042415071 132.19411362153087 0.0
152.4770919790835 33.50556926833019 0.0
122.86032167505357 77.9616144346392 0.0
12.991102188567517 104.54161188753741 0.0
158.43678250175776 48.09676265076517 0.0
123.03850985502334 65.79374034749092 0.0
105.24871548241383 194.84951171783533 0.0
79.112286774691 29.51031550797836 0.0
164.7510521280171 117.98194027683422 0.0
112.77782228678473 175.54832152682275 0.0
74.35055259800116 22.21039146419679 0.0
61.42991422038095 106.25096012988023 0.0
43.70204300784748 34.22342576769191 0.0
8.673516037906692 148.63607804461915 0.0
74.36440319267244 173.34913487187012 0.0
100.1693114612954 70.33217190698406 0.0
116.80183441370065 47.484293089950036 0.0
182.3867136291134 43.86286730350355 0.0
75.94263366668743 154.68704131547798 0.0
134.5585256822094 193.2946632659014 0.0
14.984141471610158 110.87371883346387 0.0
68.23298837103653 87.92699932281403 0.0
26.85916628660614 195.3495785057571 0.0
154.17051027785226 109.61756129199607 0.0
143.75573787413245 108.44222323222648 0.0
102.93400668989594 113.5000258513979 0.0
137.30859048039477 169.2956146622716 0.0
73.37323754771828 26.26523464719974 0.0
125.5573305307029 146.9215093565951 0.0
12.305184893505249 181.8411949276763 0.0
147.4928742191333 113.89444417813326 0.0
139.04398226916064 81.22096644774403 0.0
91.9901677388838 139.61517060505807 0.0
80.0356227758346 81.35190974679445 0.0
175.1519276390086 98.85678191003538 0.0
31.703988255581184 67.41368120393487 0.0
148.56459167946517 161.3465731315971 0.0
83.71660402551082 43.476307922312586 0.0
190.69423305931463 49.42602714171835 0.0
70.22981717832155 188.4440240761199 0.0
184.62684811133383 103.37006263744752 0.0
33.274846860332 67.35432235399455 0.0
17.58386656583404 177.73603344893502 0.0
180.29760218988145 162.5159454146781 0.0
51.12036853942037 7.151833455750012 0.0
96.96681124445388 94.63344260716183 0.0
5.640094022884323 126.24161845880859 0.0
136.71646241370232 40.98015589340855 0.0
178.83773491362686 105.92667939335398 0.0
150.09028038299644 125.84537857274478 0.0
174.9058055886412 177.12809592525042 0.0
39.807314249187 157.8956215954237 0.0
159.8196568709861 52.936840578628086 0.0
31.569491558289343 19.753948131511343 0.0
77.7410744150355 131.60604772205372 0.0
35.98336684963219 77.01537346384148 0.0
64.55716114814274 65.25927157778287 0.0
43.57002655192379 167.0804069828821 0.0
76.79804251207474 112.99759582358813 0.0
142.68850344907364 52.60290627462605 0.0
117.65324420025239 162.12750181519283 0.0
79.29976800926815 80.01243358333537 0.0
186.53340008637628 197.5204648904015 0.0
87.84984036606905 170.48535958748482 0.0
4.600254708614693 126.65440908987551 0.0
14.152118579569816 188.90310209375255 0.0
75.91474329015 26.675995691873844 0.0
124.00069069239295 185.74980202577137 0.0
132.3292585032525 69.86208169396264 0.0
45.34776981679121 187.5660130673396 0.0
79.97699175379832 5.147434255899763 0.0
27.230187241765357 123.48880091048872 0.0
16.187597448456636 125.92510333636591 0.0
115.23123108534725 118.5728983861977 0.0
117.88517319011326 138.11475383529327 0.0
141.11581411833004 159.00157624760126 0.0
16.000958892501526 57.5334319071245 0.0
3.3784397285631096 39.95986868806307 0.0
65.15981753799977 11.89218705939481 0.0
175.79509104919194 143.85696728734905 0.0
93.87612699641608 0.2811690327338301 0.0
122.67159866902632 164.74863618256603 0.0
177.72115915522747 71.79477155417389 0.0
122.3327030540965 194.2244644611738 0.0
116.40075191452463 24.987476394561092 0.0
104.49760293178738 14.688957094451304 0.0
15.408489365920808 1.1401832568554315 0.0
92.5392346599419 7.879548325994334 0.0
73.89630069106165 46.855826982170676 0.0
108.22621467062802 179.6284403685952 0.0
162.63080571822525 55.292040008957265 0.0
144.3978563675034 26.28961663364773 0.0
39.380491572904305 60.377944111213026 0.0
40.12428411335798 123.91609651436353 0.0
93.8051047282077 54.65093922295414 0.0
3.2551687716601663 8.186718803492177 0.0
139.89549034166762 128.8885672038673 0.0
116.86226988367518 131.24584623983594 0.0
181.23847787647432 190.49957760934484 0.0
38.932422402401954 31.03332676192334 0.0
62.85800794254981 7.677371829518154 0.0
58.76926223823445 129.34617052846122 0.0
93.1103442225184 47.6080304948229 0.0
108.9134542884723 186.78748212620616 0.0
70.08767189048753 129.56426496004332 0.0
47.992838672381865 185.92223058714598 0.0
79.211007715488 97.50560875378522 0.0
127.76546245337829 88.37345779929018 0.0
142.16987778623408 131.84431588216663 0.0
36.71990327913572 117.25668551194057 0.0
92.09282041232152 166.3254260181754 0.0
72.9490293810809 153.26425160126908 0.0
125.80930119794118 153.50854521136975 0.0
40.61483186429058 100.87542434161641 0.0
141.2901799150768 31.12798242918697 0.0
187.17345456633507 80.58216474309332 0.0
6.830468465836481 181.64686374225542 0.0
102.63119192139858 33.684522301684396 0.0
128.26466160991066 148.61001531499724 0.0
187.45384145966463 188.12366802925553 0.0
81.48147876872652 175.93938208973958 0.0
62.35316724452555 26.98461555740712 0.0
59.73144398407732 170.10483514120534 0.0
141.02603021437923 125.71484882819277 0.0
48.69723279654969 150.142345603062 0.0
116.0230918831027 79.76897000568421 0.0
187.02337677723463 146.78042543035167 0.0
118.27572170783849 131.30368491049273 0.0
95.97837212641818 39.47496468082494 0.0
2.4112187464227164 21.711490578426805 0.0
69.1488785556324 178.9415384082378 0.0
182.83799898331225 46.195359217493625 0.0
101.5422116306832 32.81334579521735 0.0
99.68406348710886 67.2509570181141 0.0
7.199934489317794 113.3420546426105 0.0
129.02351558871953 155.83690785396465 0.0
125.40186454411433 98.59781868560813 0.0
168.42750112516904 172.1776297801354 0.0
147.7664330749963 142.41384290227782 0.0
26.727582290568886 172.55744069943063 0.0
12.02985592977246 83.35991122326598 0.0
125.98091878906092 34.128617820855055 0.0
3.013120035263528 9.318378071407718 0.0
83.97844697135749 126.67016285683492 0.0
177.26245844333766 11.77515564867997 0.0
87.23862438712216 28.398141495191176 0.0
185.07537684440786 172.72733695580013 0.0
187.28092319282914 182.3424586848456 0.0
102.10101782326551 67.14806858032196 0.0
157.07484587822958 20.4690212278841 0.0
2.43012148300914 135.23849389087601 0.0
129.91176207112863 44.640327727259965 0.0
106.06644985246845 181.23548700620876 0.0
109.54845986028121 46.671568395613505 0.0
15.898028440720458 189.33308681434232 0.0
188.32284397009798 74.15333146780043 0.0
22.76327009621202 12.314535601879717 0.0
139.04377073431965 104.37620461379156 0.0
101.93337898050284 84.78092951967669 0.0
156.80860105002995 75.60641919991093 0.0
50.309306869483514 140.40148358207006 0.0
118.50359688206369 143.12600821693252 0.0
20.857728252887387 171.39957635395743 0.0
0.5938261542781653 176.8647576671762 0.0
99.28741254492314 158.52771725586302 0.0
49.910870375726276 198.11544409096916 0.0
137.69368984272225 21.073682455848687 0.0
137.4981166483823 64.73791935292795 0.0
10.875369848175364 188.97909990364704 0.0
42.1750260293948 57.421539721408955 0.0
193.2550556294169 182.94089708970415 0.0
8.333288998158462 93.98963901127905 0.0
67.81028291977596 3.4049496160088344 0.0
1.5794295242189893 104.39376212558477 0.0
73.14953217163145 175.65051810821822 0.0
46.18986816014914 35.95935175711882 0.0
70.84371982589059 175.70291714370148 0.0
69.94608316378023 26.608827240454126 0.0
172.35030106661137 70.60113036064706 0.0
4.769075487734176 83.20183108578667 0.0
103.34376367668547 146.5859660866125 0.0
95.67387836339654 132.79670090455028 0.0
2.9926919456951806 70.06352015402109 0.0
55.91642071641332 176.55112076844782 0.0
156.7003597340515 128.73775982261213 0.0
72.80662895938843 69.1440453572812 0.0
143.05218896724108 134.09506623263002 0.0
116.51321593331718 171.0150566421469 0.0
39.19007245409536 31.4626530338592 0.0
133.28712314962215 176.38134208197286 0.0
73.56006989931261 160.15190385355018 0.0
114.88225269502401 6.906576710911105 0.0
40.956614514144896 33.73657285993483 0.0
127.55350116704494 179.05999706991778 0.0
102.01284351907287 69.3050937159335 0.0
156.86390804467501 102.61812898792387 0.0
77.76330498304907 84.56503074874871 0.0
78.63410560044528 148.42557141497363 0.0
19.6318157136663 2.9670371875319512 0.0
1.7188654581693275 35.44536506432787 0.0
86.17379633277875 59.55450980145327 0.0
44.897187460075315 130.2935222921275 0.0
190.12901110429797 84.0343949181505 0.0
108.01379842681752 26.86641244340158 0.0
92.81721701929587 152.6034820933554 0.0
176.61160447155538 79.33359275922216 0.0
17.63565391841948 46.353760714315165 0.0
159.6461654533323 198.6829866413569 0.0
30.394100623134747 131.61930523740943 0.0
1.474791877685644 191.1691415579443 0.0
191.44953774974357 86.41635521543012 0.0
32.164459698186555 16.429515394097383 0.0
23.079234866619338 137.16724820193272 0.0
24.264322535635017 173.69769887476716 0.0
155.25747153971935 141.1879361114139 0.0
9.540084404959327 186.45664474966108 0.0
113.97777318595286 152.95789117877894 0.0
175.76918906763692 49.038930459470656 0.0
98.48907628589359 45.98025351708168 0.0
111.5471600887969 123.09525021185517 0.0
57.2907764477748 127.07915994442382 0.0
96.15718296719035 127.51629755204745 0.0
17.45818388578355 76.27023085198623 0.0
41.90647186951226 152.30731824445863 0.0
47.84652003784136 172.87924696077837 0.0
87.93449894854754 45.07867995223691 0.0
43.94807238855092 27.373165568314306 0.0
117.34984952240582 68.22984365324149 0.0
110.65375030270089 128.4066304843526 0.0
23.653911129280768 5.5681617656446525 0.0
88.89681737530924 35.87617626915043 0.0
187.76119905914246 109.01808878366752 0.0
123.13316149702824 3.3135169462751968 0.0
143.5277432110246 19.240284413592157 0.0
98.83897436884452 196.73815926726604 0.0
7.5504292379368065 68.39437538350288 0.0
92.68335917387544 92.12887763865602 0.0
128.10182576622609 178.94296495053837 0.0
72.75986156276852 79.96247665639822 0.0
168.41655887060642 109.3087207955269 0.0
162.2375349769029 182.80737665759113 0.0
81.1468073372627 65.36037980586917 0.0
37.01870396448446 100.74869109923952 0.0
153.65623193446788 96.11750870107707 0.0
66.46712324219735 139.46042521329042 0.0
107.92292751914185 22.728031365406444 0.0
25.996856087919884 147.02952321050407 0.0
124.17387718280368 111.68650160927598 0.0
11.288668839089034 188.17562498495647 0.0
23.974635123419176 96.42524237513592 0.0
166.12738664214882 118.29931544685253 0.0
96.34979439617071 75.82441958534305 0.0
199.33016920699328 84.83083414077907 0.0
179.61119684745194 73.85136561796335 0.0
10.96224682220599 79.64024841749846 0.0
21.922399497930446 31.453310456452233 0.0
74.0131662112889 193.8090814477704 0.0
35.22963335302545 119.9919195733274 0.0
124.9333071383314 184.85257415576984 0.0
130.04085554197516 114.92201794492523 0.0
4.906762858408098 156.52068279121144 0.0
172.6361594709073 149.0809211192014 0.0
163.463470978903 172.59511077533165 0.0
141.64440673264878 76.86895061547925 0.0
187.00989562744576 78.6386558883323 0.0
77.52240732083871 123.76564833805428 0.0
147.08415133341174 89.44219897635001 0.0
16.32459331100482 70.040402952023 0.0
176.61808663229513 14.953818808435049 0.0
78.25271486176197 123.18011491711552 0.0
77.21532036085314 143.7634557223878 0.0
141.8266123133362 70.4707312884994 0.0
136.43087375128385 180.75573513930763 0.0
76.11866478447801 71.33346387254053 0.0
91.2644554827924 44.33250916203399 0.0
126.34614061691805 148.4305539528822 0.0
112.55627555865067 168.6458183964473 0.0
152.21718457373942 67.2195814593308 0.0
4.700515690555118 27.571009882922116 0.0
3.7777586190284262 55.549300700567386 0.0
116.06842511984468 99.68878682714852 0.0
186.10841798394662 108.05411664486346 0.0
137.75933582079395 27.33410704248813 0.0
112.07133417755534 44.51830612823973 0.0
31.774704153013 87.8087588542319 0.0
71.4096355420854 47.04521743869729 0.0
174.43656205807017 91.14371873579378 0.0
154.85252453076475 87.78072595085631 0.0
26.84859953550973 46.336232465533286 0.0
163.48142859474422 77.10420670941306 0.0
51.4244672448688 196.77578961511458 0.0
6.4637215518669855 111.61452894735562 0.0
181.98452276070913 115.61217471893681 0.0
44.36243812157197 81.90242682476845 0.0
124.64884823384045 73.10778316523103 0.0
70.58163828909142 112.0148091850635 0.0
117.73083965592939 40.55552874406361 0.0
140.10888518375648 45.68057260347334 0.0
111.06228574815991 79.13272234852894 0.0
52.567801052146514 68.78161619410841 0.0
38.65742100220799 77.10030331563915 0.0
175.695096115356 163.21665101778225 0.0
153.34998835630412 45.04594406746023 0.0
55.708238873089975 24.21968330238333 0.0
68.0138645091871 56.40856877092886 0.0
102.63135936152123 141.35894226950646 0.0
5.2044786753977945 29.31087370788925 0.0
161.4985317844738 142.85615494481993 0.0
195.53469431550164 85.76557352009628 0.0
184.4552847196987 33.5301260106162 0.0
184.8254134448872 195.61005822656682 0.0
104.13054699569261 18.582649944144315 0.0
11.047835989424204 15.063261708505916 0.0
175.25297655587852 198.6088266316301 0.0
194.30069574690992 63.58767910963725 0.0
99.33708848539283 145.62790909837585 0.0
46.54248991587699 47.7783511455292 0.0
176.3661932420941 25.594906791851525 0.0
152.52522912964997 37.289865621807536 0.0
137.75068925309074 119.76722847167184 0.0
199.35278002071914 125.3514025606033 0.0
6.441862501765061 115.4646483757074 0.0
39.31350916294929 165.20896261785882 0.0
102.93284774377977 186.1750027197011 0.0
159.11336777364485 163.87290370053444 0.0
169.98006679456208 61.62214259866923 0.0
198.36229936445227 135.8380748262447 0.0
124.22986765321696 0.3265187513887824 0.0
11.14324301771168 71.98280379914381 0.0
159.53684309541165 20.353140205720166 0.0
196.71966004124474 162.64212383284396 0.0
24.61166670266195 118.35539111344087 0.0
38.91406485111703 128.8896515733503 0.0
76.73802891849215 112.6875687469072 0.0
188.41659337654096 62.351630896135 0.0
173.64970614017858 183.2727570477483 0.0
198.25917023192662 151.4156217750598 0.0
7.260369300737102 149.07699916538047 0.0
179.9175062511547 80.48554079801403 0.0
105.79035738343975 23.454564493551366 0.0
185.97955647614754 128.97365348841308 0.0
34.93616278929679 18.293308915594043 0.0
45.045791382211256 68.00927154931797 0.0
114.07990077451326 129.80316486177907 0.0
75.5031088018099 55.3829896721104 0.0
30.137710321306056 131.95477169300636 0.0
187.0407536008103 63.03427088160347 0.0
79.49745945052442 27.98948573891582 0.0
142.2532971330638 136.42933666601618 0.0
197.59778692588057 166.08586420632153 0.0
195.40212373656763 181.4653403401651 0.0
46.05207969195055 112.18200875885567 0.0
151.38357904428375 2.0758810076983325 0.0
18.822401626805817 191.11698580093935 0.0
95.17842716388105 170.5019527755476 0.0
101.80022647977194 156.6688173692824 0.0
30.533791172716683 2.2314880763493194 0.0
74.25206696595691 131.73039775593253 0.0
36.35545692842943 28.899819578186904 0.0
175.93993691567323 171.77895314208186 0.0
100.26475852908526 114.98221411149947 0.0
80.32791952183584 147.95856465217378 0.0
121.00108423607858 147.8989826272668 0.0
12.137889805707003 120.50936770606653 0.0
84.82736380154641 46.19249635710509 0.0
126.6187921438584 178.94123592636993 0.0
115.8226606930522 76.7246351443619 0.0
28.245617670336042 62.26362997536354 0.0
175.92237015741117 149.3822050324854 0.0
148.1656373913062 140.74744255804467 0.0
47.79329127314074 66.56695387353399 0.0
22.561156734169142 140.10878751045607 0.0
72.1071815234963 44.78582204291126 0.0
118.19945505164003 119.66866206760902 0.0
130.50318322697453 196.94620489298157 0.0
136.79232688563604 77.95645674861032 0.0
166.50585620125554 66.5000001667776 0.0
96.38900252768434 152.3894802545209 0.0
118.89234543878615 138.3693145828259 0.0
135.877953551194 104.07454541102553 0.0
105.47855630744547 116.62574826065237 0.0
117.77456166778518 34.441903015892805 0.0
40.02090752068055 55.18423808959143 0.0
114.82322198419499 67.33573695773683 0.0
190.90677422844718 155.31151559064372 0.0
157.54397675345737 48.34960644141437 0.0
97.5332452329879 2.538294460221957 0.0
192.70544760080034 162.60910910516932 0.0
148.75046344470263 5.603362716849625 0.0
56.80721188665012 152.86841412551502 0.0
197.47224857594256 21.346781414680382 0.0
4.006525878761069 131.70098200470218 0.0
36.5334611069867 2.008562074789544 0.0
144.52573338822953 24.729187074621393 0.0
193.0999057302177 185.17808512357402 0.0
47.42827839622561 56.25142025120575 0.0
112.41333121108956 61.678787368375446 0.0
140.75288945388544 194.28940471962233 0.0
196.38049597819244 102.96152792439506 0.0
2.346930214187215 108.99248581002661 0.0
138.49194869740552 7.1192036258834746 0.0
176.34159118894493 166.49970138755 0.0
153.78263183870564 31.424254279436916 0.0
173.06306780006693 79.77459003546103 0.0
41.02306806094367 19.32967812824513 0.0
14.275537303757059 68.59158756875803 0.0
134.05640033380575 1.1633427746801095 0.0
71.00318603617417 142.76715660813343 0.0
100.17310292094106 150.28436892682194 0.0
7.780201654513275 15.892609902792753 0.0
25.641839149903056 10.259434031895175 0.0
195.02917798088984 181.23984670677237 0.0
91.99136460594252 73.65595139311797 0.0
180.36987806523126 37.175204551211834 0.0
191.3650348647364 189.33809660592718 0.0
120.01199960595123 36.330610395864625 0.0
55.24605027852052 102.69071120538842 0.0
62.986997145418975 50.945499370663285 0.0
78.07803280896073 91.98522818998973 0.0
53.825703735259125 96.20676637084851 0.0
5.782194382828432 154.14077166517842 0.0
173.38997526647563 34.078288262040026 0.0
28.898882986670984 114.42267694803046 0.0
72.91817226613423 92.0254768603384 0.0
171.05782774556113 187.1597120609571 0.0
72.9458715061073 174.20448526308726 0.0
195.70801013355234 98.3503937080406 0.0
96.61473046763037 17.099699127636736 0.0
167.51463410943848 96.0677898375846 0.0
185.98403970812402 47.257205764356236 0.0
99.55718912360484 20.86131324641567 0.0
110.31095306532201 135.67600868323152 0.0
193.4392932954888 85.89306054167972 0.0
16.86711852212166 111.58285245133834 0.0
36.647354036267934 125.33526794665973 0.0
197.7108354763607 97.73048442901171 0.0
159.9718588877767 9.594627673135836 0.0
49.935500376815334 60.02337570441583 0.0
177.53154146640188 97.21812461195904 0.0
192.26667715712128 26.188885443010278 0.0
132.9172806606985 195.87425233785945 0.0
67.48163268234065 21.37594449843143 0.0
57.199135294191365 138.5924402643375 0.0
7.976831055722244 92.97741542365104 0.0
108.01646583608849 146.48261890697208 0.0
70.91032052749624 52.63634207477639 0.0
3.697732868937509 45.44589476514482 0.0
159.69764378000016 150.31030301219297 0.0
192.3330117420015 131.92644932464694 0.0
40.24134095387568 13.432297095825675 0.0
102.94888178018995 41.54367240995165 0.0
