58.29882644459972 182.51830792840414 0.0
27.659161889384333 12.51449195058736 0.0
114.5936407690384 33.98765933019805 0.0
154.58807997782387 34.95100705413958 0.0
180.07003037060196 72.91188913994799 0.0
191.9174133249777 193.49657971266453 0.0
139.2914207688959 1.8733548569109804 0.0
25.874182795233857 71.68851848992756 0.0
106.80225988580527 127.15841913469434 0.0
165.03239266178372 80.7996268591076 0.0
182.18886668116528 33.47456005165781 0.0
198.88045065092703 179.5512881122338 0.0
22.92158880606474 45.719026998157396 0.0
148.8555425980912 18.185861165147756 0.0
134.78894612790447 73.5571788703417 0.0
7.065849204559749 70.72286864455492 0.0
72.11748446856998 34.763815496643026 0.0
78.42943952113481 72.5437057561533 0.0
138.6036610898508 9.726169719367128 0.0
68.71632014921974 90.02007399867935 0.0
84.46703502125071 192.20265008081574 0.0
193.98811043172742 14.721377255736346 0.0
106.7668018325502 170.37648346773565 0.0
126.18750837563661 196.80693734559208 0.0
177.10651444408919 97.43906000412375 0.0
135.13752097697704 110.52897117142912 0.0
144.58465712080547 92.3827563913648 0.0
138.96834110636902 179.34271328024076 0.0
191.73157699066613 149.37855749364394 0.0
132.99748101713766 178.94026688100914 0.0
57.30599811427255 128.05904200797923 0.0
31.346594039837882 183.59526559424785 0.0
182.20731685891232 47.22256542691008 0.0
126.0862536407208 24.52546148575181 0.0
183.39251103094603 110.91981584203367 0.0
145.45779486585485 88.55100112154426 0.0
15.569429645096289 58.579296705188824 0.0
75.72904699869196 1.1461259884504305 0.0
41.57100640217604 149.77347002279126 0.0
100.49868412913425 110.05265093787402 0.0
199.69774268245902 169.42272958316715 0.0
6.771721065478764 113.94362435492047 0.0
129.94860533793116 70.67961073117179 0.0
8.886442241406645 65.1961174936749 0.0
100.94336422957058 60.430993833309984 0.0
149.38091104935626 116.65220696044199 0.0
65.47213078816985 76.30134708628663 0.0
50.14501437733059 179.31767257000647 0.0
164.99068433714947 104.23539992170193 0.0
7.711802702388759 111.26812477810115 0.0
102.0130457800664 42.18388001692639 0.0
53.299683940292496 167.60273804807537 0.0
4.235496729928889 28.111379880032715 0.0
31.22486407050595 7.105881933169189 0.0
115.35908466056712 119.49058417926723 0.0
188.56124272456867 173.34747328726934 0.0
64.96048496312319 136.64253777786968 0.0
14.432734661221659 46.27298043106072 0.0
193.39388207111995 163.72786017362236 0.0
119.08092783144836 194.90447113770662 0.0
37.58932281856997 38.88913063394028 0.0
0.8585571980636031 52.59436558009263 0.0
19.74586340322675 158.9900380383562 0.0
13.55743919312169 83.34377893163175 0.0
23.300618789055385 74.59215829905925 0.0
116.98694846887425 111.0178439601992 0.0
89.18758672272003 57.25550943600821 0.0
70.47723011367293 42.86048836513609 0.0
120.28301869089123 83.944396560468 0.0
11.988958512044047 34.53166904777931 0.0
43.06685504570973 102.26539484171677 0.0
54.769371269937864 15.96017766975919 0.0
142.9126053561685 15.459511767085733 0.0
29.002126730986145 25.6256304228248 0.0
63.05078746398605 157.5160080856098 0.0
197.65619399261075 185.45341869301083 0.0
37.133976499981245 116.47062847834316 0.0
83.747045275675 189.3268163365316 0.0
111.46416949293985 7.896277037756549 0.0
60.48100283954694 75.29063675771815 0.0
5.3261501448578 100.78950482737494 0.0
76.26153083097704 4.841342352175504 0.0
56.50323388688348 54.5015094472171 0.0
13.294076692691625 182.2685195279607 0.0
3.9345937610750337 138.05762004601704 0.0
111.53376299653179 112.8333007740725 0.0
170.60625636982692 72.15461056972006 0.0
28.97823497953569 120.63929702416836 0.0
127.15060548124677 159.32039887784236 0.0
54.815584275227195 25.3721505617162 0.0
140.26204749113455 149.16612222399533 0.0
143.69519570110972 111.65406070293851 0.0
39.91932417635222 23.355825172616917 0.0
197.39721405678296 15.579818835189618 0.0
175.53776826748452 178.86425398628566 0.0
184.43395865404995 100.07146609588942 0.0
73.55759824171213 138.28872452270588 0.0
58.62467145126562 94.00875006022054 0.0
57.607179132762745 122.42617334505161 0.0
14.442555267687807 29.662976492293502 0.0
47.26295560740752 183.02191012028362 0.0
199.9410982642886 28.782202331184493 0.0
12.560644059068672 112.54186112596045 0.0
197.32427476405965 59.74594298597526 0.0
128.79495995594505 23.015482126689648 0.0
176.73324269604962 16.527929982876934 0.0
149.77814093149638 117.44167830976784 0.0
30.579739354226444 154.77577820899756 0.0
97.61015542852887 164.94555370893895 0.0
3.764418735596986 61.1366517871383 0.0
53.14647039976581 134.81900270724734 0.0
149.37601417472177 129.02848181971817 0.0
23.73189821378794 144.77355545392956 0.0
159.97510199469747 167.37641863317947 0.0
163.40199922598623 135.17909800505362 0.0
151.32402781997098 78.40469013112133 0.0
25.636269849737992 93.75751499499341 0.0
8.432439699793504 106.39420395176968 0.0
39.88009607895633 24.145533413539198 0.0
143.0455174867054 181.38662268594766 0.0
20.435398945033768 176.93640246657327 0.0
157.21000098931233 160.1359723431652 0.0
39.95259132393429 143.2553358019202 0.0
159.31080289842106 101.17905793139172 0.0
29.63935187761939 48.61893415132248 0.0
136.97886195053192 101.7164200288389 0.0
4.434464951882511 78.77420596285616 0.0
55.52861345671853 71.06568248768434 0.0
53.777911726252306 119.40798304993953 0.0
21.091454361278462 118.76970666188176 0.0
187.24100628026866 198.06297344125855 0.0
124.3691759300256 195.0119953371609 0.0
179.1634611273052 79.29189784095081 0.0
63.93927704100866 36.81237062602065 0.0
117.57674046651121 183.02656345486454 0.0
137.3019018654808 145.54605033337197 0.0
30.076239138488713 171.33394899621098 0.0
83.36581980039732 49.64970116452365 0.0
132.9373103318552 80.17676806056402 0.0
161.82885670250488 90.94828839229518 0.0
129.65319823271304 160.4912199106119 0.0
162.91588085037023 13.85684440555577 0.0
171.2056398292042 36.84001909809427 0.0
155.19525887675576 133.78169359137217 0.0
182.76173299384686 192.09406495422166 0.0
99.70260232772823 14.365819767708942 0.0
60.12353039979126 143.04140887149092 0.0
185.35831755286367 192.7935379494754 0.0
144.13951110793985 184.51753426173116 0.0
73.673391387258 158.18980576865562 0.0
192.42005082488646 48.59626487838587 0.0
179.99559021941658 110.21995060364411 0.0
185.0816886524808 50.57589461801042 0.0
64.0560470471268 3.3158076456566876 0.0
124.87787926800335 74.94048431440565 0.0
154.3341523933158 16.52457466557862 0.0
121.95671494528277 92.17157621919453 0.0
188.76627960896633 79.79710902424016 0.0
89.61888807834477 191.23086760753597 0.0
118.58183964312576 34.60255194408028 0.0
119.83201640614836 162.72973576286236 0.0
192.55794432955895 10.076615573433712 0.0
55.890235849194944 74.24675356725325 0.0
115.74173049889993 55.481091365845494 0.0
134.49079300511272 41.949743294985794 0.0
159.69718361611223 185.5724615914285 0.0
30.63217832584373 121.62414324922455 0.0
90.59126009820966 167.54788363254366 0.0
6.12116161612084 117.40479369802594 0.0
176.9417204458805 6.5570157722634415 0.0
136.10887606779517 137.95362257095795 0.0
140.60706310039987 171.33856281229015 0.0
167.95894392493 117.5209159751831 0.0
122.60662990245422 142.36064666659533 0.0
52.88343579182009 63.273275249552775 0.0
149.61691634728908 61.91453253774124 0.0
183.16527211533284 90.46662442854408 0.0
7.497740632392369 118.93141239934933 0.0
66.41844690932803 163.4878946068151 0.0
54.95995579825963 10.862370919966713 0.0
173.22035915632426 73.48448339601829 0.0
143.49397970347374 190.78196512185795 0.0
5.583248694501286 152.2456902832373 0.0
48.93644732087235 29.946046913708656 0.0
51.11459946372663 147.19580133259927 0.0
65.55989164439673 104.3549316188314 0.0
11.34919406701551 163.80377307413247 0.0
65.32837378180287 148.44323227863964 0.0
122.61827970367113 19.409697588637 0.0
182.9695989536033 9.83796965068311 0.0
123.95414095544099 146.41366608348625 0.0
151.7720628849368 186.19696422397027 0.0
68.91118025039135 132.9678634689021 0.0
185.52340356461912 28.459789763760224 0.0
126.81744467572966 95.75808517568278 0.0
178.76410479037625 54.413837082775295 0.0
173.8532710698043 142.15617598850883 0.0
80.53834870964873 32.29841218446037 0.0
135.4866748403012 197.9702115886923 0.0
186.08183015479497 166.2400928423293 0.0
109.17775720936137 52.21448441936134 0.0
186.39392427754126 43.63283975130771 0.0
69.89733768271414 1.7667905859605426 0.0
117.39961103793904 189.14673374252456 0.0
40.8877775034242 166.47575337516417 0.0
58.414242558445515 110.86946567480179 0.0
198.22680794192573 189.22618215304033 0.0
143.88215845816262 21.15502825877855 0.0
70.1379267380291 35.665907860636125 0.0
172.8678331985997 168.07443433201448 0.0
190.62379142426155 164.74273188887543 0.0
27.536184840041102 122.93351430999384 0.0
71.88190339417908 53.89550889867112 0.0
44.86641853024504 35.14318894913049 0.0
171.09448811442803 131.6886402518418 0.0
25.101570864279044 187.79793806320305 0.0
44.56755305130709 195.8746304930601 0.0
105.94382257045673 165.63851229575766 0.0
105.82674864148241 176.31460443314066 0.0
83.263337907731 181.6451800213982 0.0
134.16046204855348 39.88208591202642 0.0
117.0963286602827 199.32823016920878 0.0
116.23350871003484 128.4204899938026 0.0
125.96570714478355 34.85258441443471 0.0
145.77746834304926 71.02033381705407 0.0
143.06570609320775 26.45392104548483 0.0
154.99664082063654 18.327233522207553 0.0
84.60941089734946 118.17381361496693 0.0
6.211260554125753 109.28724947516383 0.0
163.64617749096686 120.76179124434829 0.0
133.39261964833761 199.68133328615994 0.0
171.91359541925144 84.66258846500922 0.0
90.62735017625462 156.99606326691068 0.0
47.796521943751145 148.32703067300997 0.0
38.18111805162705 57.62303823934016 0.0
150.22348815282686 109.65546454728612 0.0
176.7146460641689 10.074688981160463 0.0
66.33864378735876 109.20285468941795 0.0
26.337877926674057 71.84959980675262 0.0
195.04515225225353 10.844973994526441 0.0
39.57090574215534 27.775668112996588 0.0
169.02380948491472 118.92553969909162 0.0
135.9130399343084 54.10478770607483 0.0
4.588505881775995 180.47431714353579 0.0
150.60428817062015 105.32807037498937 0.0
101.74780052932542 186.9066267340502 0.0
101.29624502222086 29.625904589424955 0.0
56.099933553681566 111.68493213708675 0.0
193.7322810318032 144.06246785970075 0.0
89.69622804745987 198.74359615743137 0.0
11.169687299472963 82.07960358046498 0.0
159.76565956362413 151.04808058686058 0.0
162.15923163809038 163.54035733632836 0.0
62.20132407744781 159.4802637382707 0.0
197.43044459684202 131.51767643613158 0.0
110.96717949570683 159.31184147547367 0.0
49.01374111375407 50.219191332729366 0.0
45.091340461146004 4.848107362722209 0.0
193.36325583927777 64.88418346313671 0.0
91.6700196927017 12.394629059080398 0.0
195.12717926577835 187.18434331189573 0.0
196.31394333885322 137.5198267802553 0.0
49.34507305411302 88.60502586330512 0.0
121.72702082603723 124.65656287359236 0.0
7.234566383553287 59.47916908423736 0.0
10.614711836582448 95.40634416099141 0.0
144.36257353258188 22.791330147774502 0.0
110.87742887197705 26.479926305411805 0.0
9.879039149959823 179.56449721532584 0.0
69.05213340331986 9.028507629581517 0.0
81.62393761654594 106.58785109237002 0.0
112.2230388024525 78.18994199193861 0.0
44.30122886001615 127.43875080359011 0.0
159.13022077985627 154.99477260701232 0.0
106.54608507856263 134.19764813523756 0.0
27.962640024302022 52.34714968658114 0.0
77.59470207438174 149.94997229285585 0.0
41.3300700409307 162.61607097167837 0.0
135.3986710968481 191.1142372186994 0.0
68.16600142479889 166.44259846225268 0.0
135.40880829516746 13.830987966890973 0.0
187.82162625330307 80.68914436122412 0.0
132.88607502640372 110.09257579442853 0.0
113.3686823101236 198.02711653634188 0.0
121.48010416285697 56.98895249841005 0.0
69.13681376883866 161.47958589916405 0.0
26.948589090543116 16.3900338200736 0.0
181.76886686152716 164.30594360682932 0.0
137.27366150888548 32.5805712944615 0.0
14.58540647369826 68.935835375346 0.0
199.0641519527978 181.808623529812 0.0
51.807515846422135 98.2299129866159 0.0
165.01549581790587 190.40418289612126 0.0
122.19476968074228 68.165385575311 0.0
38.331779159141945 57.06976448660057 0.0
140.91305854112179 103.11447587631604 0.0
27.39733153720534 90.1400125854618 0.0
143.9548147135723 3.204431376570138 0.0
97.61798325645002 2.0528403073247325 0.0
191.19190221118666 117.81780721664565 0.0
187.23499890183112 90.96979584899825 0.0
122.14937088500804 120.11226252021852 0.0
40.0474622369984 83.42872075060255 0.0
162.8459686950542 74.50926608914821 0.0
0.3617070250946153 112.10707241976665 0.0
2.5552131004109135 42.421561640449546 0.0
14.11924927714412 159.21959943576084 0.0
186.09855182818785 181.05939497209255 0.0
85.03739106546485 108.76935401758504 0.0
100.29004366596787 55.97596061445411 0.0
145.729600929876 119.81633727401653 0.0
72.4097186644662 110.08277999411735 0.0
121.15546017590717 158.12344117767853 0.0
144.09063523990812 110.18600042399001 0.0
85.38289869575817 4.984562042600604 0.0
135.76249905821695 126.66499374535942 0.0
42.528145536794185 99.73515636221157 0.0
74.80239327363098 192.73486398238362 0.0
198.87174725464502 166.390814020638 0.0
124.8011595793061 36.80486083225387 0.0
35.53169918252257 125.054680828058 0.0
23.861614916175423 184.76498986534676 0.0
39.707614318146 95.179932983224 0.0
116.60273926946137 88.60331094911062 0.0
7.39272487934961 160.46881161918407 0.0
147.55165057494514 153.57696769180853 0.0
191.58314919161913 184.13498690332383 0.0
72.86315364305341 8.230046241610655 0.0
37.396869412841326 138.45138427150346 0.0
42.814258517164895 89.87183352395792 0.0
19.147544377181113 143.95095404921275 0.0
9.27911149573941 2.6993279684613514 0.0
174.30112126977494 101.34302709685126 0.0
120.39737509625921 146.56810195770467 0.0
115.37609667802278 43.15343647534189 0.0
178.90706300734115 11.486054102057963 0.0
193.23095848393282 132.2916341949678 0.0
161.120565655655 86.22474118960439 0.0
83.8152770012212 191.19364192632125 0.0
120.28044605410399 139.01345522613252 0.0
175.34364478469527 157.88467388630696 0.0
131.03939508547717 94.1013725971591 0.0
143.9845323745626 134.25086893853737 0.0
71.06651627193456 50.043584841585506 0.0
23.53886664403644 117.00467054072787 0.0
181.2899935154505 163.88690856912015 0.0
98.21607722050291 83.27379325385824 0.0
98.04393092821549 160.00193590882964 0.0
77.4979790683928 40.439082293129516 0.0
8.395015886342549 113.12789373142722 0.0
48.213910813825954 143.7917322154139 0.0
144.1824242978592 102.26733440586753 0.0
41.33311382576974 35.775812783306684 0.0
0.8122962152348423 135.38784824202898 0.0
99.61334925856364 167.02722251280878 0.0
43.6057580122446 4.458484943800034 0.0
87.12744030629655 22.11561666399 0.0
47.507447451020624 46.16873971942033 0.0
142.82228059853253 91.84108049617346 0.0
5.219234902865866 155.7482789858512 0.0
47.64772094788705 109.13266532655481 0.0
134.33158703601137 29.625994236850328 0.0
48.42539414414815 97.04125509443762 0.0
115.78300302170561 97.23721537963337 0.0
61.510548282763786 165.0144744738328 0.0
103.98553592759798 143.10815953599115 0.0
65.43266564556085 133.58669471129642 0.0
63.2124338898127 17.417185309769213 0.0
84.08340106615464 167.81252406450434 0.0
5.351654804571293 86.55253999493853 0.0
60.65334790465891 56.21747107902642 0.0
130.88676440319395 184.7567612742215 0.0
127.4018186260688 184.73473202537028 0.0
107.97466074169975 193.76804614443654 0.0
87.47664861820235 24.04245445931319 0.0
163.74732370040343 199.43939865364032 0.0
142.38396053556306 73.911083943775 0.0
107.47255082426588 52.63649929104297 0.0
22.340450842877946 89.61571015555703 0.0
56.966544851750925 96.28567904626479 0.0
106.62377177025148 53.163668053330106 0.0
97.65898939720418 11.263641491708242 0.0
57.16923254256461 146.03295989965088 0.0
167.96902157975273 180.89087429758754 0.0
131.04397723910168 130.3123417292888 0.0
135.15839419901909 77.11108100767213 0.0
86.06249739523231 51.57929446897369 0.0
102.58588884690047 131.00912580020807 0.0
48.690255491373065 39.547307118926575 0.0
72.29487988968168 166.14049947807263 0.0
74.51494037498898 1.459393179742996 0.0
176.1237174849138 145.21543305646378 0.0
198.94770968949604 178.3998087122333 0.0
184.03645962557312 109.00124812315926 0.0
149.4495813105444 66.14154241071392 0.0
100.12925981608085 170.8767267077561 0.0
170.4609782001668 89.84224090908457 0.0
164.7755931552154 71.29270839133683 0.0
198.34517189199187 65.84664174814321 0.0
95.63119024725279 93.46329601908205 0.0
116.03924743472038 84.04890670040447 0.0
120.72748655920655 94.93256969190654 0.0
15.73905717311268 0.7135062972827289 0.0
83.64018523767733 19.231752145373406 0.0
102.82729322421899 44.34866038519078 0.0
33.72724849937765 117.66234449343358 0.0
85.38680449168467 106.17167014259846 0.0
53.68855665669474 33.31087018384351 0.0
11.02396684227902 111.90068885195967 0.0
22.207270847685656 77.72131068251102 0.0
136.35979128581272 53.052962249076366 0.0
161.19064137144971 65.22149282906003 0.0
144.42924451049294 193.62469563891997 0.0
175.1360085953177 160.72018507157225 0.0
61.36205727818198 61.97312684203635 0.0
154.40530264167452 143.86175965878948 0.0
166.1011596419216 87.91673187062071 0.0
184.6994568770624 95.74575520342425 0.0
35.54762293706428 151.51466270026853 0.0
181.781679106471 173.98893278418285 0.0
22.40384841622223 72.68193381503384 0.0
53.50653130386323 57.72768542430351 0.0
124.11956925516603 189.74223237606637 0.0
80.46951756863724 16.229042659212656 0.0
168.72796088666243 50.21535900475187 0.0
2.0996390077958393 183.09881527020954 0.0
116.99209118596063 68.58181726708818 0.0
96.77530135738937 102.64563521374399 0.0
60.164657781772334 193.46226858311292 0.0
152.5516689441266 155.7801616679697 0.0
178.796785505923 170.59489057746634 0.0
39.345416597707406 69.898809832479 0.0
120.41452119780749 88.18903142765595 0.0
13.930666502952537 170.52184911847505 0.0
152.51443461614113 147.67885710878568 0.0
115.85763224214982 142.02589937961477 0.0
52.21252930931701 15.595921715796557 0.0
45.41341948496353 30.63128516178477 0.0
5.013533640677559 81.22504234916383 0.0
154.00211384162387 44.87492069669332 0.0
2.5504188236409764 69.90305850081585 0.0
22.829227944407847 187.11975909793995 0.0
152.7767940229489 143.26540976559673 0.0
157.533263302233 84.22215720429666 0.0
145.97766726301873 55.44076343340119 0.0
184.41510730554316 176.29877977306745 0.0
56.09689332923824 128.13931409977636 0.0
198.1735971541085 69.6050422682008 0.0
99.26232194258371 157.77552112183798 0.0
181.56365404228742 162.85733487496336 0.0
120.02270595072513 74.21154854869813 0.0
94.15091236597901 15.901631944951312 0.0
30.692939020365184 33.402873400388366 0.0
110.34484567909296 145.451389037853 0.0
190.3372888834956 45.1728610099307 0.0
176.1500222668423 4.68792070409374 0.0
177.30291164163685 12.538439449535499 0.0
149.58301483357099 31.836825552258308 0.0
182.84883492617558 190.45429413041285 0.0
91.46028925675158 37.40422466702837 0.0
133.29838051827497 159.5383349231018 0.0
181.27023478621956 40.577081924444805 0.0
34.275857043837576 54.286499006676706 0.0
47.1002025954103 162.3619083114639 0.0
122.97103725790419 185.48022821951878 0.0
19.09742037277493 136.3567839191584 0.0
13.007925016299794 152.93535194338753 0.0
142.700256262793 7.621680671555997 0.0
121.37701229337831 57.43630556214085 0.0
120.884299728153 55.93252849234458 0.0
78.02303781541804 89.64507031169914 0.0
93.92538263106745 101.77473549258909 0.0
136.06314729656063 198.96936961483598 0.0
110.68961283156484 131.7521724016244 0.0
24.243073528895074 126.82011072071602 0.0
97.21818651122294 14.657971801100311 0.0
13.121872239157529 26.383320946003263 0.0
86.38269089165694 170.27380223319358 0.0
2.6084285874133473 184.97706789530176 0.0
36.64423084333117 0.034538056865418554 0.0
180.85594079097064 15.259323063172857 0.0
138.45776507067944 92.01566961722969 0.0
53.15316741321101 87.99787684503562 0.0
83.62061710372845 72.27096764008385 0.0
194.33429935261722 141.80883327611284 0.0
155.87213623479147 90.36834336639555 0.0
139.36189706491885 124.21549350418918 0.0
190.30911914862688 99.042135429138 0.0
194.12029125902035 193.57475093676618 0.0
44.689576581248616 116.20028631360155 0.0
22.08963584271404 42.86338175949813 0.0
27.455123998255203 142.09531365307663 0.0
42.45349678269164 94.01204263776108 0.0
135.3101291022517 145.28817861907322 0.0
161.32592172104674 55.419992476414826 0.0
167.45361294906377 128.10454634338438 0.0
150.16641792369 35.478912633535046 0.0
4.067584839119731 135.60317893160888 0.0
84.08441020148601 61.37951922724898 0.0
163.4234558896032 181.64660119767834 0.0
