3 248
11 300
12 638
13 12
14 950
15 35
16 169
19 387
20 53
23 833
22 534
25 979
24 923
27 572
29 165
34 137
35 375
33 511
38 746
39 771
36 407
37 777
40 767
41 905
47 273
44 713
50 329
55 262
54 187
53 417
52 82
59 609
58 981
57 204
61 319
60 339
68 588
69 220
70 487
64 540
76 18
75 52
85 436
87 631
83 185
93 327
92 942
94 990
103 191
101 948
98 970
99 779
110 10
111 575
106 298
119 437
117 284
115 492
114 7
113 979
127 522
125 194
122 257
120 768
136 791
139 794
138 7
141 971
140 854
143 907
129 577
134 809
152 572
154 356
155 762
159 418
144 60
146 189
149 724
170 317
175 492
174 154
160 932
165 368
164 692
184 372
191 612
189 792
178 879
176 262
177 375
182 321
183 42
180 177
200 511
197 474
196 505
199 61
195 466
194 281
