17.34572340316809 143.1075944098527 0.0
181.27517578866335 69.7219407424109 0.0
173.26856138896488 116.36281397716128 0.0
162.3993999519544 135.42590750672028 0.0
3.6766265673464193 61.113604769788424 0.0
168.13568465715062 56.49643989477398 0.0
162.90030930753954 1.2691066845356591 0.0
20.77864119286479 157.11499892883816 0.0
135.49722598281963 126.87891600389509 0.0
14.34992397184638 193.27943051240575 0.0
122.85331316957407 23.491423947520506 0.0
92.08833948810833 1.5403039358877546 0.0
63.028408158394434 198.14321306748715 0.0
145.6885602689232 7.603771388666103 0.0
194.8876070270734 126.93678396803656 0.0
147.42725215432273 180.0121393925234 0.0
154.31747074515195 108.73417934724634 0.0
181.19843514745088 176.80862925287082 0.0
173.3339749136357 125.31444929685574 0.0
99.61251333955066 152.0381737177658 0.0
142.14685952308196 80.41310187711225 0.0
101.69644162691249 164.13128878000825 0.0
89.75295505586953 18.382144300120263 0.0
199.36511163874886 159.66354979178564 0.0
40.38873505251841 7.779509146200425 0.0
120.71696366135285 93.67834903447454 0.0
11.180276566672486 116.01699115548993 0.0
84.33963026114131 91.70599278311646 0.0
130.58657853605084 98.26621579538674 0.0
71.19419210516973 58.80756236649978 0.0
77.73995492985286 77.14237960466033 0.0
119.27946357917538 197.41717269854271 0.0
69.54512168745244 199.25586314196113 0.0
171.1605626252748 108.45159338662064 0.0
55.4063299550474 20.542090742181784 0.0
115.57877529784687 119.10164584714798 0.0
18.70978184109362 194.3503819830531 0.0
81.74256477964184 5.914872080485489 0.0
129.69627102230072 114.59282301209743 0.0
168.53244634682426 163.22449451904123 0.0
146.11695415360606 100.82445022595452 0.0
20.735127523833906 104.6748857445728 0.0
116.07281690398183 102.94646006383931 0.0
0.5552643230923859 179.53905016500684 0.0
101.69631381906086 150.29434646406878 0.0
145.03590934168122 135.7191061568505 0.0
112.84146455259072 73.19329271389385 0.0
48.651583215036844 67.76582682817676 0.0
116.70641905466425 184.6333629436945 0.0
65.22067590995952 150.94880278564202 0.0
72.320432256659 25.537431846663907 0.0
184.41675142928852 181.3540277622292 0.0
28.08490635903398 149.16503747934172 0.0
5.541059220570355 117.1809906047902 0.0
16.066050458536864 48.515697516727954 0.0
4.851493637882509 147.85677135872152 0.0
178.49442723902825 115.16550038312351 0.0
172.62590342181454 105.27979759105597 0.0
69.93459520545724 158.7911897934857 0.0
82.27057277925684 75.45139782794519 0.0
192.84569092288007 113.70610804906991 0.0
146.16751067376967 68.94846917940465 0.0
144.76182332591404 112.05285194236431 0.0
11.586892398671322 165.1359774239373 0.0
82.07876672595785 112.86770545150635 0.0
154.87396098692486 57.713248558516426 0.0
138.44138274171394 142.052212112065 0.0
143.25236715168828 198.1333861283841 0.0
174.9839554526078 120.35768472799569 0.0
150.96882976989593 158.63042309786442 0.0
185.18344492458988 34.80858282958606 0.0
140.13678871152007 18.034133659044404 0.0
28.84347439748303 43.561159754244215 0.0
46.51950238734863 111.24776535788376 0.0
127.73473439785161 195.01399536958485 0.0
146.6259061254097 177.20921882034554 0.0
119.67515953156986 189.05742239135407 0.0
124.875336438263 190.351588939117 0.0
38.341250137897106 11.669054422499592 0.0
8.220000014912365 167.02421941352065 0.0
162.85949649154213 133.63304650642255 0.0
90.49697387367893 1.0307504398724632 0.0
64.2349029498926 79.98101545996761 0.0
29.914215858844774 101.38598560125595 0.0
164.93119140823418 148.82275925327127 0.0
70.45798958906266 80.5887358218938 0.0
123.4253234393097 86.55534919811474 0.0
11.641853797383138 173.1529874820245 0.0
157.31654401903143 11.009444224188947 0.0
130.90016221915727 51.83520268671222 0.0
26.578131708852236 14.911945055524999 0.0
149.06192638967636 52.94078858708684 0.0
12.797865392408148 79.11445109376747 0.0
121.72359102335935 122.28810633136737 0.0
50.76082356468197 178.3573357256386 0.0
37.972177293107315 49.853709466380394 0.0
195.4862310216169 171.9094824883999 0.0
112.79296992145956 173.81777661581995 0.0
40.8376373771653 37.244102210967434 0.0
70.6288678262197 103.67407708035574 0.0
145.0837087977477 26.981341480996047 0.0
134.94116955209918 137.26408990201898 0.0
164.29455787016613 7.648726699935771 0.0
162.2545228933283 128.04017929827833 0.0
46.216482259263316 173.38073146833034 0.0
189.05147566668293 196.55808074520536 0.0
95.2757688300432 118.4991763133725 0.0
196.0149357822483 74.14428892761491 0.0
183.61994455323568 99.98639630092624 0.0
136.49966006307494 16.879159949156165 0.0
53.61278700429884 24.18342996716667 0.0
24.74664864513636 134.4819466104811 0.0
133.95714923271944 51.61585947811653 0.0
134.23720107937916 41.379249393280816 0.0
174.6274833827931 129.6701941252095 0.0
117.7161858221373 156.1837224705058 0.0
95.05176634117707 34.91397130203025 0.0
127.79682836201485 151.00505835780217 0.0
135.49032694948235 35.17313144784349 0.0
190.69224936724788 183.46081720944238 0.0
103.31689265548853 66.05053919442246 0.0
165.5016895568794 31.949738739243514 0.0
13.915025805158043 157.38971846983964 0.0
7.6121882087629045 98.69562865956686 0.0
140.16084516695076 142.258329046252 0.0
147.15941049535655 45.265213917912675 0.0
4.970845614847863 34.346141249742026 0.0
192.12392497174093 181.708601277826 0.0
178.1513298851673 69.24258912428533 0.0
70.52224370594968 43.166375456236224 0.0
71.79388309836776 70.87932277285904 0.0
137.28463848380943 56.732611247644996 0.0
67.71908971225898 126.49344549939319 0.0
88.79456639248644 26.558440899519265 0.0
55.978453818281 131.78747465846322 0.0
151.69742324465 146.62609589588135 0.0
15.182410061251161 2.5323726748814 0.0
142.46902254745325 188.31868324926083 0.0
23.429986722693897 39.6802952656851 0.0
30.367198548509712 3.856226284434605 0.0
52.87364706082967 82.12399450220758 0.0
178.7725092466454 136.86385369280669 0.0
71.4605116814551 84.56018439692166 0.0
88.55709897089103 137.7833331741136 0.0
152.14905420230792 17.484456315328355 0.0
22.003291362879285 144.53442918331564 0.0
72.9081429040001 102.16560712405693 0.0
146.92661145818693 7.777862868530572 0.0
80.06317508901036 165.5176516832343 0.0
8.04045219553171 115.32706456834903 0.0
83.06170557216916 128.10796650550307 0.0
6.23267135990353 101.7010865466677 0.0
150.48903195031443 123.11050447878276 0.0
146.3069866053953 16.5064210941954 0.0
185.17176105474476 84.83313411063685 0.0
199.875049697462 69.28085002269862 0.0
70.46535224858258 42.51861201512674 0.0
22.467745641731618 168.62760942320858 0.0
0.3293792027123432 8.438978748129466 0.0
62.56717099353306 129.91358903182694 0.0
132.55211221505846 58.873433556573886 0.0
105.14349007717794 38.50058141392769 0.0
137.49375961003045 172.38009446881014 0.0
3.413716307636472 24.42384184642734 0.0
53.97562623191312 11.842361247611066 0.0
169.92231101122186 29.627620884407 0.0
109.4500965325139 115.09094455992216 0.0
121.67618805486296 30.312560317173663 0.0
13.344429604077801 93.47281455356162 0.0
3.9496794282483316 14.645248237013963 0.0
90.47880276066063 28.5587850240697 0.0
153.50771525752805 10.02542581146557 0.0
85.71722685141596 104.25170866765605 0.0
4.378312835415055 4.301771121510334 0.0
141.5174707477491 14.877475481237191 0.0
187.93834882230541 111.77242495023849 0.0
126.8041307131293 49.4115050332083 0.0
133.95922368437326 197.50172299898466 0.0
178.59671460124298 167.81354247729539 0.0
40.39211804206897 192.4299825125513 0.0
7.08243866297682 57.51405585487939 0.0
147.05505872593588 106.94845009565735 0.0
10.331225045230097 86.41567317283399 0.0
22.017033839997225 82.0568155119539 0.0
146.60825408358804 53.34357442735826 0.0
49.357113373219065 104.91608711901041 0.0
20.24720331367449 77.69893734050906 0.0
93.10936210923428 59.55483412623486 0.0
151.30509608043695 67.13992080370042 0.0
4.587170455494793 183.6821926560761 0.0
119.72752545371765 155.43495587788087 0.0
38.913372037170376 159.00631755954447 0.0
1.510869158751249 112.20344969503464 0.0
151.46545654119703 175.15225631413034 0.0
47.35578958776336 192.07926459009806 0.0
156.07782465310697 176.21858174001693 0.0
93.56434121427178 12.902724862819891 0.0
44.22599485242134 124.20737087536628 0.0
140.44055738044645 30.867158504629376 0.0
188.05045268196977 95.0074608092023 0.0
85.21245188730458 15.116297721531136 0.0
79.960524269723 160.30628599614326 0.0
154.50101527490992 15.109228219495495 0.0
97.691677571325 102.75074927097437 0.0
145.61964890481252 61.139805239123504 0.0
126.07229772222396 61.8731084101795 0.0
156.49533247182 41.71785417569327 0.0
115.38881626447794 14.742969969592568 0.0
60.7605401873184 61.08969065139842 0.0
11.121023339149172 158.00192030058042 0.0
167.57288906147937 95.99592250932866 0.0
150.952013156097 176.88262817562932 0.0
94.97707871687557 142.8346962793769 0.0
192.3401379781648 62.00948692275556 0.0
81.13176304117728 74.7189613189252 0.0
107.57318109558003 166.22324989421517 0.0
159.4815873143878 112.48650796172517 0.0
163.10767501652265 181.36741902043119 0.0
31.96257065198207 154.54203997957893 0.0
86.12916750309714 58.91942576907434 0.0
88.58677922777376 7.4806571779704845 0.0
13.6520575814153 198.54495068599897 0.0
42.260011514212216 12.7625692446657 0.0
118.11041009201706 85.09913634506118 0.0
74.44412489262476 74.27907974606242 0.0
8.273955425907008 167.2935983696279 0.0
20.283342635893575 57.470337316190935 0.0
115.4563444562509 140.19360241441183 0.0
161.07174907905784 152.72544164036512 0.0
92.36550831463974 118.90500324941094 0.0
37.44702101473016 74.1160194622678 0.0
175.57876692145956 72.25588405535758 0.0
148.45313279049063 99.08459058050079 0.0
92.50818376578185 122.9731347501225 0.0
59.62278212126335 145.52934288085407 0.0
29.854467072722567 114.79952126214594 0.0
107.4878622425687 129.79732291328455 0.0
22.930487076798812 197.19214401181344 0.0
158.4343656715408 152.41826508763847 0.0
73.86834974889247 84.68842040360663 0.0
156.5756799164621 17.981724600390624 0.0
161.6067780694699 110.72113003243832 0.0
78.3262200519631 11.380319215001311 0.0
67.68827001914875 14.609295800585631 0.0
0.6150993862718002 124.71237269153777 0.0
9.278470596257748 175.6470342700517 0.0
85.18732080870713 57.457441286572156 0.0
44.45287394766524 139.65783340648147 0.0
183.19780464209165 97.1085800999119 0.0
94.67882304985542 171.07692493865216 0.0
72.31145095567177 28.26548500837376 0.0
15.553670152021626 7.569917173645657 0.0
52.780094118350405 115.2629953915879 0.0
39.242597408134316 194.39094191750738 0.0
149.47516643019577 156.72970784863668 0.0
110.69260260953075 132.12910446139068 0.0
93.61265124374052 20.04179553996479 0.0
144.58184124991672 84.18713221560026 0.0
190.91465288946208 129.4574592792476 0.0
41.09634822699617 59.28162103291008 0.0
122.20984956829406 103.78768351919649 0.0
16.0090360011258 109.44942157905527 0.0
67.9827850936896 117.77933259917369 0.0
24.16860515772381 165.49013203231152 0.0
100.1398578926351 195.9569808416965 0.0
185.38884349499537 69.46997155469504 0.0
142.26760848007171 138.49000376224618 0.0
157.86162369350785 157.85751627569996 0.0
163.91679070787174 125.72205820613675 0.0
146.59970751693658 199.0572286923468 0.0
44.95346923694372 51.32004992208357 0.0
83.0482263439055 95.5519434608795 0.0
122.77618576243464 93.57033922672342 0.0
66.8866184136667 123.56080046010769 0.0
18.206130201311744 150.16995770549218 0.0
22.1755495590112 2.064435436010559 0.0
125.11499296956447 133.9311368014466 0.0
87.38616183663 158.244531610414 0.0
144.36299309098126 155.13761243700915 0.0
132.48180884234108 187.83021262190815 0.0
44.37740862581903 100.86158242206061 0.0
176.1052714580244 96.538940903097 0.0
38.709786746159345 62.370458954415575 0.0
162.05725861527768 52.74506782307811 0.0
185.16771382232827 58.82286775035723 0.0
146.63475755563286 81.70431890758134 0.0
31.62493874931618 158.77366249078767 0.0
47.03067987212404 188.10798954602274 0.0
160.37144952905243 10.578084095462103 0.0
105.87901789372745 6.435722786329845 0.0
115.8728246952913 158.6054230100113 0.0
138.16257741803003 47.52132623374506 0.0
40.06612746690645 144.2428925277617 0.0
44.083078792167015 134.94109576600135 0.0
184.82726596239013 68.99080276376557 0.0
195.12637949570478 106.27970310416963 0.0
123.0027481532447 31.520270031056242 0.0
130.4382342301581 92.02380233272206 0.0
137.4063763791407 41.38522492724979 0.0
136.7588767274747 78.778969590365 0.0
131.43936248847243 59.150586780287576 0.0
127.5475992599207 13.70079940735578 0.0
75.50014204850106 116.01894198689824 0.0
185.56114102453648 13.476402481329819 0.0
80.10792889776867 25.60827335748206 0.0
188.03272189709085 103.88770622496781 0.0
69.67190177941316 16.353695812349976 0.0
94.73117778124201 134.93345915250572 0.0
120.09574262882185 85.07631660198096 0.0
146.56259509507612 91.68200062494836 0.0
18.915003609016544 0.5828695760350611 0.0
196.00960118009664 152.47225085048228 0.0
108.42264898642753 70.72983545701712 0.0
70.58627108472368 133.7756417288928 0.0
180.2458957625009 27.206307259043783 0.0
56.6194950282243 4.977088535585672 0.0
104.09530667403712 79.35998295929132 0.0
83.05032282897038 156.52831244003448 0.0
193.91488730077586 141.71111431768597 0.0
183.58180706550948 61.37226379623621 0.0
41.41975921670662 49.36945404581326 0.0
120.3824547116137 82.23256236981788 0.0
80.0158233918918 41.389655482541876 0.0
63.687452576215065 46.3073532637728 0.0
81.35355828379183 114.17078422989968 0.0
139.02242227325448 34.10209975970333 0.0
132.2759864523123 25.326014090579907 0.0
77.40742010998912 10.581314839874079 0.0
191.67867751433033 163.01878587582027 0.0
133.78163910947248 64.51446681019242 0.0
84.80733249340508 186.58216021458122 0.0
75.02212815974963 115.83656730772671 0.0
156.7764859954304 91.30825198968667 0.0
181.31258455068576 1.0393812578357364 0.0
177.60050057912196 153.6150636782402 0.0
53.25121682388385 53.05437677336686 0.0
67.78602148672299 72.36830256828222 0.0
171.96932616376196 54.783953280237775 0.0
196.54268237849323 137.95603647408362 0.0
20.665161881049986 164.38273107753233 0.0
193.92681614992014 32.78451087400824 0.0
143.34046590004408 85.58604119831135 0.0
13.740686900894893 95.1835034196746 0.0
190.15979546723798 187.8280092331745 0.0
185.7675074259549 163.2801682863669 0.0
178.73563468511162 68.58703105171828 0.0
3.9304468401382353 56.220498980289534 0.0
86.77511631302896 194.3416493807089 0.0
11.22152705188173 147.1878206278081 0.0
83.90687854761043 156.715227520827 0.0
162.75418091593502 135.9881382673659 0.0
9.139567608025523 136.83310294464422 0.0
75.05106360710919 38.54243014401253 0.0
105.28614303885881 183.61117256356167 0.0
2.686478010297555 176.4462394415029 0.0
132.8210596521475 80.64030083541056 0.0
22.660604992188873 171.8273452102699 0.0
3.020161787660025 101.5260688096612 0.0
152.39058454265162 31.052460268254677 0.0
193.8659824159918 34.988885107355294 0.0
178.96123983845584 135.4043738294956 0.0
42.083897827500394 98.72463153130317 0.0
35.28608190506761 147.67111264445322 0.0
140.80744195658232 154.97146320916679 0.0
23.08705852441406 90.65916832551946 0.0
114.75389271439474 190.92357752504955 0.0
53.1092756345233 156.9629507880744 0.0
193.42400902407678 133.5781486685067 0.0
149.7448164058857 168.89320388614436 0.0
57.72271230569381 131.2969838269859 0.0
150.24747569302238 23.28713714252013 0.0
196.53018549355002 53.30958127211769 0.0
17.978168643379068 127.99358667181467 0.0
77.13577120242563 133.57983933495194 0.0
84.62848208190204 165.14669807960735 0.0
7.079863546375154 16.903763598877486 0.0
38.12770628891915 100.91193987172163 0.0
44.83172323536899 152.80094030334936 0.0
180.94648347335996 2.208668981788331 0.0
102.86403538938708 126.70787567462783 0.0
197.768015098945 117.98362875515964 0.0
79.0677938747469 118.17646321523657 0.0
192.00561305007614 35.93020949545458 0.0
51.08397628228474 32.22639715566835 0.0
77.40308657329713 135.11855670868314 0.0
73.0111540268869 162.69541219079665 0.0
143.9624780144371 20.821898966661557 0.0
125.0811780329666 115.37671818125301 0.0
156.70122073051363 149.8948186388523 0.0
84.277694706459 143.92823420375285 0.0
91.24881606115403 33.37952116333292 0.0
7.505248280675314 32.983534029309446 0.0
162.05078141189574 37.5863915770529 0.0
148.79938698425684 0.5898007549338447 0.0
156.9555967648988 95.71553190400401 0.0
168.20108103885175 186.04325985001446 0.0
56.217965976303866 189.1562159214039 0.0
132.30155838692613 139.38806268560836 0.0
84.45980611336851 60.921514226815155 0.0
155.09649444606535 135.28970845738206 0.0
120.88789802408073 83.24579201794194 0.0
82.6712239550072 96.68957230944284 0.0
176.0751591217122 117.19279236707256 0.0
86.37160096378568 32.59228980523909 0.0
32.87025120566176 174.19268276899876 0.0
196.49779568511443 169.53316613465685 0.0
144.50795640698865 117.74653450906145 0.0
82.1911968664449 187.71798853879 0.0
84.75070530268934 128.10702163898742 0.0
163.06744416318608 160.52304258836512 0.0
52.89939671381454 193.5645826356544 0.0
24.281342385241157 139.98834993593942 0.0
150.76940836452013 89.03842121586123 0.0
99.0922647512744 31.132487781545514 0.0
169.2355806413814 155.9921919199042 0.0
81.63147746566104 54.362741060386874 0.0
48.70777738038055 107.2644040502029 0.0
137.4555981307308 107.94946733534461 0.0
10.906376001968887 46.22399993855013 0.0
90.60324897051939 111.47911893077863 0.0
198.56484554273038 111.73172857846649 0.0
183.25470971832056 136.3953984019213 0.0
105.19453950355808 38.70847222662057 0.0
127.72732425303688 11.183603820369271 0.0
128.8043798036128 58.68172738198114 0.0
0.42204811801942466 126.4483064894947 0.0
41.47620111167907 155.50201183272628 0.0
63.46946378930187 159.08002243625293 0.0
30.954088538259896 138.49104101905183 0.0
42.20641676512882 184.901611189339 0.0
40.914053629032 98.60407029130978 0.0
135.24706669987557 155.63075038505488 0.0
13.3380938439001 172.75889001374026 0.0
88.79523571209467 178.68981843008217 0.0
119.4244685869575 157.30443426040125 0.0
27.977448438842046 57.34009168983354 0.0
154.72399871884903 183.672201183436 0.0
5.359145756280004 123.81236484716658 0.0
169.69977518905117 197.57398500801023 0.0
0.43911663412670165 129.55137724358775 0.0
108.66570427832112 167.67980688472258 0.0
183.80025851894652 44.38684271899649 0.0
138.06696363413278 190.53014820907117 0.0
45.72730286726801 60.38911384143493 0.0
59.323317682856015 155.50698120558494 0.0
81.48526444255977 96.3628674489084 0.0
121.96409277223275 187.0083416668856 0.0
124.08493143984775 55.377426771615724 0.0
79.54134020846806 90.5415570154367 0.0
120.24463526044822 0.42786223808808366 0.0
63.81559338534903 95.27055348435935 0.0
156.39039169324113 82.26596816496583 0.0
191.9664120594195 107.622865549272 0.0
58.91920592162043 78.63595785357795 0.0
167.08774257628824 68.8824819786156 0.0
116.58324873529229 185.59462498009458 0.0
83.98585848702254 44.26478267055556 0.0
2.7353620939576606 39.29131640916881 0.0
10.305600395124337 161.79027896719955 0.0
11.309201026048044 40.52825991867106 0.0
77.26828252293183 66.34407133509134 0.0
62.790098857076934 104.61706961273917 0.0
184.81258732904107 157.62832324910661 0.0
185.06556719765106 165.492686527723 0.0
2.6874712420747793 140.2853416533868 0.0
128.92719011912666 125.74116400655902 0.0
132.054004215904 130.28915978616527 0.0
39.128433236707075 63.14318777927173 0.0
81.41082957124262 133.77381956386904 0.0
69.28570605660357 179.53037070934633 0.0
106.16572238116075 142.786919649298 0.0
102.54287502456214 9.196816637110562 0.0
162.93363985092776 177.02720826156676 0.0
119.80217920621439 191.80365830927792 0.0
37.64930234504726 141.4454352113456 0.0
43.457356071365915 58.65966720164511 0.0
120.84035371585063 166.65787362774967 0.0
76.94758051194816 181.45622963011039 0.0
123.91478231074406 152.44231349691407 0.0
59.083630502738174 88.9804756420081 0.0
57.0742040709477 144.15661843362986 0.0
156.98047301160878 170.0254463515864 0.0
22.472405211273404 137.7402224040643 0.0
132.56340759710707 149.66169033253504 0.0
15.496330317219421 131.02929593512604 0.0
34.997479133999136 51.22988409175397 0.0
172.55450913450343 117.43662141586597 0.0
95.0229753122017 37.8593510313044 0.0
155.51576569897065 52.617478457963315 0.0
27.06237117647785 165.01283282945712 0.0
20.948845433702367 15.56322280907394 0.0
81.0970674109738 69.50295675096328 0.0
186.57140393091998 32.63449566510255 0.0
28.695038653253736 170.62136755545149 0.0
177.82458659591148 136.36637474481284 0.0
16.203238680656607 65.46661596594285 0.0
114.24732824938135 190.44801489240467 0.0
73.001575028913 63.252377046094075 0.0
178.33222708081934 28.099689501432312 0.0
23.847941958152184 22.32272884174218 0.0
198.80265729889737 123.14048569510454 0.0
21.726685373480947 28.79669799980227 0.0
175.75870327739867 141.36010078383694 0.0
91.24564149091299 187.2094101937655 0.0
76.89718520028337 104.37865824390218 0.0
152.5097662319891 81.21266941454061 0.0
142.0189074787826 138.998639096783 0.0
181.53211611337383 106.34296097592082 0.0
47.2941147527252 82.12341575686028 0.0
55.625798150089054 77.06030660059587 0.0
1.26488476973865 164.63716127051043 0.0
30.853288258215983 66.70659253611613 0.0
171.32103743625143 7.211215542534055 0.0
103.49237979694234 151.72740225631753 0.0
172.39396074290642 26.822303754692168 0.0
118.6107665551905 0.44667120572587926 0.0
88.87050834105546 74.83834456785159 0.0
6.224126083313575 71.87872866911032 0.0
46.2370487050227 105.84785255570206 0.0
149.14539482341476 171.50773663399633 0.0
100.7213980021943 110.97926475466151 0.0
16.515659378316826 48.659676781562425 0.0
173.20836491779056 40.27686648840889 0.0
33.140017561611444 14.037545043184462 0.0
117.96229028998513 185.7702732899754 0.0
197.13447135703856 6.185519596040812 0.0
187.19784672821527 100.19472426575592 0.0
7.022765173016543 142.09336846365812 0.0
129.29821413287078 185.88978742649266 0.0
14.304921835390005 149.84755370125094 0.0
141.48746189992855 4.224400804894746 0.0
178.6520347567549 0.18082347649304165 0.0
87.02187838529545 127.96641200320984 0.0
170.26457314825822 128.9674390144266 0.0
182.47272933229837 187.33518648650062 0.0
37.56451291577736 74.15646797337541 0.0
162.43075871212275 45.04610363305055 0.0
38.27413387788923 138.33086088254512 0.0
136.97063202826513 176.476105572206 0.0
118.06737916025531 32.02541114913953 0.0
171.471180470163 128.14970452625894 0.0
113.36229840542327 153.1318987112269 0.0
38.89524994828146 181.06532649293374 0.0
53.4560497675713 14.165203548955141 0.0
21.39075986938723 54.951988533139584 0.0
142.0866681756649 141.85925357692014 0.0
71.08226529909085 55.36674421714485 0.0
109.63862004931102 142.5072419546813 0.0
79.18034292404643 87.61361009405972 0.0
44.59204859858852 151.65563107417933 0.0
48.04367832553502 39.78502294143333 0.0
136.4483157125643 168.20693656089173 0.0
12.586788084996247 171.79708824948398 0.0
192.24736857242246 10.681516790256973 0.0
15.433944268653676 138.11037318979908 0.0
124.92518130139698 27.33391247799193 0.0
104.4777722965806 118.8981344415712 0.0
54.14243161519412 42.01461532684294 0.0
192.00878164141594 37.744257686715784 0.0
8.848249350576287 124.11346172049362 0.0
91.33990229438152 3.523570999044545 0.0
75.72583052619768 33.61613214664256 0.0
129.85789973824942 129.9373105211373 0.0
198.79944654961807 11.250540069609505 0.0
26.6913868831109 158.24708198163896 0.0
102.86517048927367 158.89527198263954 0.0
18.692917881448736 37.070722081088434 0.0
187.04051184167673 186.86749665602716 0.0
120.19050581735135 197.67402390432764 0.0
114.6109489306396 192.40306901274244 0.0
109.9716960084229 104.01233106261579 0.0
11.48411271988894 177.58687982585693 0.0
153.22112655407386 153.84660209262518 0.0
77.94526833559905 15.186888264989463 0.0
86.64035059297905 160.57864772053892 0.0
17.040483819523278 127.29043113969087 0.0
121.73651195021998 55.0206059164978 0.0
187.79669904443023 54.33684309611295 0.0
54.27419189588014 112.13413460139563 0.0
2.6207904598249954 161.0856989846183 0.0
7.142713387643385 129.84496842104318 0.0
5.602442899807114 151.2553057859811 0.0
79.39883418613147 165.35888696963542 0.0
92.07847715891451 44.0113225543745 0.0
26.002713422544854 68.97544045901812 0.0
59.69918480151188 3.180846987801922 0.0
50.77273131951139 146.21607045989353 0.0
117.36986487038938 104.01240724665499 0.0
159.34266459575892 26.153574807919178 0.0
120.823757708818 172.4978332306707 0.0
89.41241166754294 17.150265616979677 0.0
152.21522269231832 38.717130149622925 0.0
12.341410852768497 90.78228206448793 0.0
16.004932150380036 108.36287665331508 0.0
183.14159176773143 150.54808430699524 0.0
84.54159418855396 75.54589980909448 0.0
105.18455327318705 14.029247676661427 0.0
94.12757648141572 75.17945706270214 0.0
171.4455157039552 165.4921674280772 0.0
165.9885936422399 4.684225339707204 0.0
145.86432255450623 20.489404850614545 0.0
106.4504229520939 132.45194476903208 0.0
56.411677236092174 184.83994827569248 0.0
126.75845983201974 54.45069208724558 0.0
85.70650951903605 187.43774822256617 0.0
115.3587022181915 160.55024743323537 0.0
65.53826125695714 19.65835506597373 0.0
94.09158414093952 28.59112290950705 0.0
8.405687776629245 123.70374412775682 0.0
94.63288880851364 176.9163555720978 0.0
142.191475006677 38.04571031215052 0.0
2.6487782368094015 175.03030291137318 0.0
153.34998428246502 130.19854934057977 0.0
134.51480378886237 37.24405317049766 0.0
189.49305346851503 125.37208549418568 0.0
35.081544327615966 105.61247038110704 0.0
24.016672155619425 74.12631945024741 0.0
14.852351409719722 66.16299204995697 0.0
43.41923603614155 192.96940000910888 0.0
81.07155213598996 136.361834044368 0.0
182.21977146223946 58.91086791980693 0.0
159.6040868035975 11.958433695894733 0.0
0.892372216491566 142.30242598460993 0.0
53.12064669108159 67.79431789284895 0.0
178.99099938427398 21.86887205626793 0.0
35.98491983142684 169.85787954452533 0.0
178.6464519680911 41.65202519628646 0.0
147.37255978940988 74.81188460111055 0.0
122.87524206653326 41.660939093720415 0.0
111.53419237707467 168.4158353172616 0.0
28.647868940720556 122.34185268679883 0.0
187.74763283176094 25.71058067398866 0.0
36.421831448501464 187.55175692941236 0.0
132.3873224306508 163.5279885180944 0.0
185.85251999131745 51.53974156861727 0.0
41.67174027897871 199.83363794687233 0.0
1.652881330060807 192.51053989665238 0.0
136.03237891956388 34.60601934983405 0.0
74.08067590185719 188.66507960453683 0.0
145.68076762732312 23.400808853899278 0.0
145.28990488279024 82.18311183368063 0.0
61.83270463206683 27.44430181294375 0.0
145.79070730260443 182.4333488342773 0.0
29.181763110781024 93.04524773462437 0.0
164.52002299029442 141.76676381668378 0.0
72.5969377812056 138.30976143645012 0.0
81.5330008886939 115.56916119308565 0.0
174.65209765949587 6.58916178780784 0.0
144.08291857400027 52.81924818760593 0.0
150.4776583323885 183.78610915175787 0.0
124.86533917818016 54.21897778193543 0.0
2.5578938827327757 170.58945006556317 0.0
65.45988354077943 82.03304773504816 0.0
180.47985318029683 150.90375799198878 0.0
178.51091051639395 109.09481344280196 0.0
19.272899163119604 4.184665875220239 0.0
58.94615970243415 54.00629208972156 0.0
184.86053805706388 72.08657209221505 0.0
137.54026578811192 165.38008896663425 0.0
16.279115784645583 8.774433065292797 0.0
99.38780854469589 90.0414438014683 0.0
21.700713866165277 119.44682768889629 0.0
185.35844367667391 88.42901454388834 0.0
58.93042427591866 23.06269775650549 0.0
96.36440507308934 145.0031097680389 0.0
110.93096701174106 62.95951920261322 0.0
28.27853473795452 62.29063847303726 0.0
53.06044881616987 32.99595344485 0.0
179.59877720226658 24.266155616936615 0.0
1.0918899276772143 87.04734092857555 0.0
94.46290165797528 168.08883893867775 0.0
127.71588449422879 156.12774504170366 0.0
30.375033762099314 12.785426556452562 0.0
40.11065968837286 10.107523612596614 0.0
173.01335129403805 159.28957615893137 0.0
122.29658742202261 69.9407134576177 0.0
159.74617262259204 98.31829551057061 0.0
63.37494643517214 1.5118847492184617 0.0
18.991444575726945 40.88654115272898 0.0
116.38365792363545 3.6573834767965163 0.0
84.3124360149818 20.83125711724618 0.0
62.38544926725247 140.61118992329364 0.0
100.15027711856341 109.53654971911486 0.0
190.53672988462966 63.07098186084919 0.0
0.35178948770604457 30.121924005305157 0.0
47.268298386173036 12.275221284610183 0.0
111.15889427491892 161.67589685531348 0.0
56.34179035998103 107.92752568173725 0.0
7.0836274996113335 83.68753217075819 0.0
166.42856898881126 183.49971753209132 0.0
131.10066900462195 26.648869703967225 0.0
43.99069335149803 51.39043951029403 0.0
179.8470895396648 66.87132825905367 0.0
196.6261501682395 55.61144291635771 0.0
150.02681970090936 31.879787738248666 0.0
185.67370526412174 101.1189220887299 0.0
43.97514192960556 67.31801560952246 0.0
166.75521878761782 36.60270013891109 0.0
140.3463859233449 57.119701220029896 0.0
183.06625936302177 111.49133154431159 0.0
50.14572426217896 185.76953203075763 0.0
128.60862864188064 28.12642097709015 0.0
98.83385854486527 84.7990525648195 0.0
97.19120160658868 66.5048917290164 0.0
101.99117374591937 15.232436000962135 0.0
137.90832927172661 71.6832046473531 0.0
135.03573011051228 3.517561288752402 0.0
48.93779011385659 162.8828203592282 0.0
36.74726366202792 170.54808336492445 0.0
158.88322756270088 48.531480949405605 0.0
131.85727069348795 71.70255223472385 0.0
68.51866358623128 12.92033204200358 0.0
9.72295148513691 100.3969144350229 0.0
55.67561394446028 177.85205644501968 0.0
154.11064752459532 98.46700712446273 0.0
82.14606925426384 136.6005945102341 0.0
183.37224886942957 63.768076781285664 0.0
83.85746648523104 107.69833843323534 0.0
30.805793518481938 48.69853380166103 0.0
74.20855225830012 162.51196151312988 0.0
171.74937014666816 2.9255948394306452 0.0
145.33786943548952 43.26340109847533 0.0
186.96516830472274 29.410606228645065 0.0
113.22941044479076 7.097758869794468 0.0
141.1284180556378 94.90242040038908 0.0
119.94279544088356 6.995267569418928 0.0
50.74369022728935 64.3871936057828 0.0
179.88812393767319 151.76979365035638 0.0
117.56889298966271 13.553537857333886 0.0
36.948501389469456 175.09151117040446 0.0
11.635115540776898 114.15215104762216 0.0
185.38601429277796 187.4169330278843 0.0
102.2082323276372 184.19938525802695 0.0
99.8497766824696 84.904560034019 0.0
155.54607025124525 48.29452743785849 0.0
18.437418590593047 45.83990339404227 0.0
45.062667625344254 162.89089765884077 0.0
27.644322205831774 157.7888515700126 0.0
52.5190361620207 127.18111670352572 0.0
109.16756920034554 187.6436458508985 0.0
178.11762560401394 122.3273459114177 0.0
25.914485380750186 31.921174765595815 0.0
122.88548018103678 0.08742750201879979 0.0
48.19848394224364 66.11841592474774 0.0
58.488923459991284 76.45829674983189 0.0
150.987598277991 49.62536618376736 0.0
157.6304239797123 76.77838415029743 0.0
49.204091653509366 36.64092636145715 0.0
122.43602764583356 125.8008449574752 0.0
80.45619036778166 93.73268720391795 0.0
18.749704154706137 179.5699948846394 0.0
93.21584871121257 131.12674320093802 0.0
1.0086013147320605 55.50349265536427 0.0
153.33932139999098 17.509058802169598 0.0
195.38113504592798 32.903185541352144 0.0
42.960061086724366 167.06519375711784 0.0
98.10761106869488 68.18782500097367 0.0
193.1662597927595 162.6804709848842 0.0
141.4908586348155 197.46115246598407 0.0
65.5082583818834 110.66807865740138 0.0
181.7422345936632 83.59926644220921 0.0
77.2637773562811 110.08778042570333 0.0
170.89611006753418 105.861344824594 0.0
151.5217405443776 63.66336461160913 0.0
189.26380852955867 87.0981934754967 0.0
65.52832894326295 57.502131463166094 0.0
135.4056936579233 106.95347333798722 0.0
169.37165712348053 93.26516049519427 0.0
97.3580924311052 59.022588214819784 0.0
151.96431483707477 69.13229894588679 0.0
161.85931595845773 75.75470180607586 0.0
142.41580085840476 174.85122941264882 0.0
157.5770658156813 66.95357577590764 0.0
152.26972278132064 91.35517169106102 0.0
173.84717953252573 196.0532679415448 0.0
87.71340542495467 166.87923948812 0.0
48.19155352555562 152.91499848996799 0.0
90.75039067521227 79.20059904736017 0.0
173.890928881996 172.71186124333383 0.0
4.459166385643809 187.5730641636763 0.0
143.14586808855552 97.53834759942399 0.0
99.84411382278671 28.12194002738877 0.0
111.86732087093543 180.70192247273155 0.0
50.417761757914015 12.910339222592327 0.0
148.89576281440506 193.2242725052761 0.0
95.5358750132504 155.58344064321656 0.0
15.455799016302363 107.90014328875873 0.0
194.64011061713137 165.44251728263458 0.0
9.91097222763373 8.33191222262537 0.0
141.94544069200234 126.9958072223665 0.0
108.39123818823195 98.67847812713305 0.0
84.74261485655697 13.478738735426177 0.0
33.62348605279617 174.42731828781086 0.0
68.36857020717947 70.53115647206636 0.0
92.3031448889827 55.31878743706857 0.0
117.03063593201341 50.16469282164717 0.0
35.602936170916344 78.62221228358213 0.0
152.05307990116134 175.3485983104367 0.0
17.922479815381486 4.283488435194194 0.0
147.74746810472203 171.98773864431652 0.0
