2 880
3 971
5 412
6 543
7 720
9 124
14 460
19 194
20 32
22 151
27 886
26 694
28 749
31 628
34 902
32 519
38 161
39 775
36 964
40 325
41 127
44 276
45 703
51 16
49 21
52 309
57 280
63 619
61 986
69 770
71 741
67 778
77 173
79 246
72 470
74 721
75 565
80 818
83 500
82 266
95 663
94 473
90 125
103 130
101 562
99 768
96 77
110 2
111 687
109 351
107 718
104 37
105 883
117 975
116 200
114 890
127 246
125 282
124 883
120 720
137 782
136 394
138 977
140 480
128 885
131 679
135 577
134 12
152 458
154 929
155 486
156 947
158 683
144 886
146 326
149 213
150 744
151 144
171 902
170 809
169 114
174 38
172 51
161 761
160 658
167 606
166 131
191 214
188 846
178 380
179 906
177 830
182 470
181 329
204 120
207 446
206 125
201 586
196 760
199 822
195 131
221 140
223 708
216 488
217 23
213 649
214 76
215 155
208 714
211 890
238 677
237 58
236 590
232 841
229 758
228 589
227 150
226 810
225 597
224 665
254 671
255 358
252 464
250 785
251 124
248 827
249 736
246 816
247 167
244 83
245 800
243 785
241 931
272 134
278 459
277 205
276 727
283 175
282 259
284 840
259 605
257 281
260 670
267 769
264 416
265 420
304 419
307 652
306 60
308 392
311 459
312 878
314 943
316 252
319 530
288 404
291 173
292 860
293 156
295 609
296 321
299 517
300 740
302 306
303 983
343 205
342 384
340 751
339 576
336 828
350 176
349 920
347 788
346 953
326 262
324 913
322 187
320 483
334 487
335 732
332 535
333 909
330 791
331 730
328 529
329 252
373 955
372 525
375 980
374 96
369 80
368 845
383 439
376 805
378 433
359 53
354 619
355 645
366 309
360 441
362 996
410 907
408 447
409 135
402 285
395 310
398 991
387 406
386 132
385 177
384 206
391 735
389 325
388 787
441 535
442 231
444 114
446 256
432 880
433 423
434 719
436 779
427 304
429 912
430 547
417 750
416 402
419 166
421 707
420 928
478 760
476 832
477 425
474 305
472 563
470 696
469 722
466 469
467 646
462 613
459 254
453 491
451 171
496 43
495 920
494 560
489 509
490 828
481 388
483 965
