2 920
4 875
5 508
6 387
7 947
8 326
10 862
11 427
12 612
13 914
14 810
15 957
16 42
21 480
22 659
24 725
27 162
26 224
29 370
28 421
31 285
30 761
35 605
33 375
38 869
39 13
37 383
42 849
43 238
41 615
46 515
47 430
50 625
55 282
53 610
59 557
58 884
63 127
61 236
69 472
70 237
64 978
67 11
76 859
74 493
75 594
84 74
87 111
86 978
80 795
93 965
92 994
94 356
89 618
90 115
102 717
99 929
96 876
108 781
109 122
106 467
107 979
105 330
118 415
116 719
113 278
127 907
126 196
124 410
123 476
122 914
121 748
137 228
139 173
140 224
143 355
129 478
128 341
131 307
133 293
135 695
134 22
153 654
155 839
156 554
157 649
158 226
159 828
144 251
147 464
148 491
149 438
170 753
173 523
163 45
161 687
160 750
167 317
165 245
186 154
184 32
185 266
191 924
188 843
189 204
178 319
177 246
182 792
183 281
205 286
204 185
200 779
202 831
197 349
198 641
192 373
223 427
216 490
218 184
213 160
209 322
210 693
239 83
238 584
236 754
231 386
230 591
227 792
225 176
252 233
250 226
251 165
248 988
242 220
243 647
240 145
275 850
279 468
278 833
277 846
276 209
282 969
281 112
287 316
285 502
284 828
258 306
259 369
262 27
260 850
261 968
266 68
264 560
265 879
270 409
268 438
305 259
304 812
307 837
306 166
311 100
318 512
292 695
293 208
295 937
296 158
298 117
300 729
301 785
302 736
340 380
339 521
338 364
336 912
348 541
345 325
322 223
332 191
372 468
374 392
381 966
380 812
377 567
379 397
356 593
358 666
359 203
352 852
353 105
355 542
364 105
365 374
363 532
408 740
414 240
415 895
413 763
401 917
406 133
404 552
395 157
394 775
396 901
386 501
384 629
391 977
390 939
441 521
442 943
443 137
445 532
446 588
433 64
434 173
437 791
438 391
439 34
424 98
427 123
426 284
431 622
430 812
418 121
421 84
420 996
423 194
476 953
474 654
475 598
472 565
473 232
469 785
466 836
467 613
464 654
462 399
459 456
456 528
455 446
454 358
452 313
450 736
449 318
448 715
508 445
504 648
501 406
503 309
497 599
499 955
492 78
495 892
494 808
487 616
483 760
550 676
551 449
546 966
547 509
554 634
552 783
553 104
567 724
563 401
562 319
560 62
574 908
573 665
569 337
568 888
517 786
519 61
514 122
515 855
524 254
526 624
527 577
533 577
532 152
535 148
534 267
531 64
540 584
537 414
539 961
538 993
609 411
619 457
617 991
620 700
621 153
625 53
631 48
629 701
628 867
633 716
637 69
636 141
577 355
578 329
579 420
580 21
582 924
587 29
589 389
590 945
591 496
597 391
600 464
603 669
602 783
606 287
687 66
686 47
685 45
683 168
682 623
680 376
679 493
678 920
676 545
674 336
673 353
703 925
700 806
701 221
698 172
699 773
697 623
694 792
695 710
691 42
689 813
652 852
655 566
645 40
646 735
641 267
640 335
668 333
669 318
671 959
664 841
666 836
667 969
663 34
657 72
658 245
659 108
744 811
750 642
748 972
743 683
742 870
762 9
763 221
761 845
766 654
765 552
754 225
752 308
758 49
759 971
756 784
713 920
715 992
717 63
716 899
718 819
705 226
704 960
707 828
709 495
708 36
711 657
710 901
728 172
729 303
730 838
734 353
721 750
723 885
726 182
727 195
800 770
791 249
789 388
787 761
786 129
784 603
795 477
794 924
792 782
775 229
773 148
771 399
769 281
782 222
781 200
779 362
