32.6193660658675 191.42902494154384 0.0
97.72584907500016 186.92955531899986 0.0
9.65814732916781 113.68711288325603 0.0
11.16687888762462 130.09989579222685 0.0
122.25658639160275 12.628893796778229 0.0
49.64362693217483 148.08913417413913 0.0
189.4621922699534 126.12125382424428 0.0
154.17506121820733 130.9337521662036 0.0
99.69331670316035 183.68681830003302 0.0
56.04462640459189 35.61681665769376 0.0
25.529290202722432 109.71536880203536 0.0
122.76837347381968 78.64301710175621 0.0
23.605877840666057 32.363193972597124 0.0
62.328214424665475 5.141996997858844 0.0
182.58604389011174 113.112251427977 0.0
85.84729262885489 106.21030247591597 0.0
26.902512488852715 8.250149053562538 0.0
139.23600453799858 43.11613489904032 0.0
9.945308575383205 101.07098074549232 0.0
105.93887053491558 55.15529071255314 0.0
37.59379618557674 2.386156001911144 0.0
55.76387129047442 177.36061038060842 0.0
51.46961174778531 6.9733569342001145 0.0
68.87754765271421 74.93148157082285 0.0
171.01310830021646 14.880887619456008 0.0
99.40064790350445 13.163847764738911 0.0
144.4627908990023 79.04372275259111 0.0
159.64074485653322 124.82531353074498 0.0
91.04352093388022 24.456574884330728 0.0
3.8497059332001093 111.33403165440794 0.0
130.1461092474845 99.1884371221794 0.0
69.49553966790177 19.764000870907218 0.0
88.00719621750875 163.8121094286166 0.0
94.38972662288737 174.61363417953783 0.0
48.375086310652904 103.36118157437042 0.0
169.61257308766406 111.43833291090719 0.0
70.87369615339951 154.71617904223928 0.0
11.030867115079722 58.862030158760504 0.0
139.25330479188676 82.36045089958397 0.0
136.30351871507017 146.1466289920269 0.0
121.44338637332058 6.735626982660592 0.0
19.622564177103197 75.41237028096326 0.0
24.299444073333355 191.9653714669704 0.0
163.03833631898598 90.76615974374872 0.0
108.16213679306586 33.505327942845796 0.0
171.06930228612683 101.00908283140002 0.0
89.82378539017103 51.31618216298086 0.0
144.39855363300302 168.25823864041894 0.0
107.22368382090188 90.44581467039889 0.0
18.810488890012266 61.732175556648 0.0
145.17042854655128 158.44558847235598 0.0
67.12284473314345 194.11328992531963 0.0
28.61579898522928 187.8349167979083 0.0
54.720768160084596 7.31455769146514 0.0
78.48150548198718 101.86723077247737 0.0
93.40112641819968 155.14205667331996 0.0
94.76656158368357 83.13963544658263 0.0
73.58698012723066 42.25876384820162 0.0
82.63958137458138 97.12753845940763 0.0
71.57345138221729 22.01930722343124 0.0
69.44700091840448 106.51455241612115 0.0
126.31805628429203 30.159164191252998 0.0
74.0445718032283 27.227230348073086 0.0
59.38993301020461 36.986181400695806 0.0
184.58630588191818 123.37295430953228 0.0
172.04403619441706 37.636032166396284 0.0
176.8813323825135 15.818671870153578 0.0
94.98796121506889 168.11752432792085 0.0
162.65590769149668 187.9369927575857 0.0
189.260527480778 134.28766894643715 0.0
195.53426578372196 12.085368883643245 0.0
100.74294265674631 71.56036563796413 0.0
182.27862906609099 91.67307748288896 0.0
156.1748041681298 15.066853044997664 0.0
47.80513682834855 116.20982798915634 0.0
55.14883817257037 153.14988145627098 0.0
84.71923097567569 60.51879803630034 0.0
160.4098344591784 161.4878425720788 0.0
181.59033774951118 24.336085518683515 0.0
17.88472628949802 170.80901633587797 0.0
168.91249512280538 104.80755753462338 0.0
148.22245228774506 108.07020007334329 0.0
47.673912026832355 21.933065056415323 0.0
43.223652236192734 69.13807122214463 0.0
172.68521649958822 175.79726340612723 0.0
73.3919443601843 30.42568083779853 0.0
151.29252673612575 4.465096949776526 0.0
66.94001367732561 187.60047188233168 0.0
87.82823374906408 132.70923314086374 0.0
55.93530427994546 121.39444716524362 0.0
55.12867946771232 54.275793942959005 0.0
101.8717410979778 33.71095980229377 0.0
106.67485528291496 174.18361087849402 0.0
10.805382253367712 71.63683904734827 0.0
156.38836104713988 152.59159105912283 0.0
127.29350170876363 62.63251684295319 0.0
47.84186103855998 38.0575496881425 0.0
56.728213264037365 21.08695928337907 0.0
110.61947054294482 55.55112449204338 0.0
107.25718628967351 154.58819562336467 0.0
58.78935587117551 123.37238235730203 0.0
65.33572986205509 197.674346697808 0.0
24.92717548302292 13.166756143258285 0.0
23.055933175230003 131.4941505317607 0.0
42.85571257822123 138.5160727972107 0.0
160.75018268867746 109.71992842559366 0.0
193.2424973729702 60.12448562071751 0.0
54.967965190234125 104.22012626800591 0.0
108.42387310143305 129.40713362882076 0.0
29.77638994606164 8.412571125969581 0.0
196.3004003745806 57.328483319300226 0.0
98.43640284161106 91.8836079217672 0.0
187.87524739397864 191.62632738875482 0.0
152.8582536715183 186.77243550157533 0.0
38.98355147915169 113.09648788931797 0.0
49.84142047271622 4.58393866365967 0.0
23.987462106459944 20.402353310646614 0.0
115.95557610915131 131.50740182970063 0.0
47.688100069243355 62.912368768593296 0.0
147.020910175727 130.98261650425565 0.0
171.43218218818092 102.35780582882323 0.0
13.497621488869417 194.16880217491632 0.0
100.36766159481729 136.64202406854344 0.0
99.6959322516295 122.13603298484976 0.0
111.02931567189316 2.9216291114677606 0.0
2.569556343428414 98.01272549974678 0.0
11.911753419622828 192.11894876252887 0.0
194.95720195004515 112.98692038916332 0.0
24.41380238669677 53.31430757661961 0.0
118.48803038920659 46.97315369439919 0.0
147.5150031643238 144.00564495701263 0.0
12.968865946432008 72.92070030442366 0.0
26.77122981208271 191.01209567430578 0.0
111.92219352402877 53.153124706746425 0.0
186.69327776445138 66.83718982228035 0.0
38.04581381855745 126.79306121576248 0.0
105.2985855962713 157.596459832935 0.0
117.71637371483888 149.24025976973385 0.0
10.603064000491269 101.15316127547361 0.0
100.26075562803507 37.8349743536462 0.0
61.04631991637548 107.89507310615087 0.0
15.570650233775329 2.25282557543216 0.0
135.32032173387933 141.62421166071218 0.0
32.73738686474479 93.84136968003776 0.0
1.7980286936594814 134.32051306653426 0.0
192.73559320904909 95.02261027837824 0.0
163.73504672889862 136.07949994987067 0.0
179.78575414075567 88.04979895217642 0.0
183.64398895595014 60.31301391316395 0.0
68.87741736022332 91.82090487683186 0.0
178.7178015471556 74.34128015936598 0.0
41.036245709582374 136.1152496351465 0.0
48.9047575226915 106.79341886907727 0.0
193.26979257208893 54.533748155184256 0.0
50.21451546962059 195.7728311745464 0.0
186.72830678634963 120.58742319107623 0.0
158.06116414248038 85.53268532575595 0.0
174.46856364708262 25.79276398904975 0.0
78.92567633234384 194.44605398924608 0.0
29.310200926683972 4.296693670201779 0.0
163.34685810450858 23.34410520195629 0.0
152.62562338055778 145.46783711312722 0.0
49.2263299697739 50.83492006197861 0.0
86.5060977439569 104.05502585896743 0.0
21.65974690433061 171.00456168157012 0.0
174.598228551759 116.92780565163463 0.0
13.982981839582687 168.94105954343073 0.0
21.006615997719646 66.07804953888686 0.0
94.44848747549854 0.8110220507391075 0.0
82.00991207772567 89.47551634918331 0.0
183.9237792700213 147.75773119125904 0.0
191.93924389398524 134.5346212654008 0.0
32.23035813666999 46.67852670414743 0.0
172.4193867212209 73.36341335131496 0.0
144.21811509731066 165.9784254739471 0.0
103.27471943659768 154.63003892801785 0.0
191.396709018634 90.68595897733447 0.0
143.75352654468557 53.79596027896791 0.0
70.92200282188475 8.85631138728764 0.0
184.32573753604834 1.6292092085346654 0.0
180.96227888772526 49.97578583949507 0.0
82.16083789259135 20.325127540856624 0.0
69.94537448180327 16.120872362562476 0.0
187.49417847368787 177.22601813524156 0.0
186.91458954111687 167.91408241581502 0.0
103.44151354477253 178.04520141466392 0.0
11.197646901803315 79.85787175452785 0.0
138.4231216096812 164.6651377946842 0.0
171.81969525964897 163.41704080462225 0.0
108.21046543183344 56.993139390448654 0.0
80.56772688781628 71.25896497607104 0.0
23.709900027415685 184.0225089680745 0.0
97.34054468728345 42.35023592526599 0.0
160.94946978834707 86.16075065891064 0.0
122.39476973298112 125.14718072403225 0.0
51.33643765096754 39.05077894752145 0.0
167.32415960715193 124.90690995676582 0.0
53.104741158786474 48.524963490818294 0.0
95.08586309509627 61.18456303108448 0.0
168.97311409752356 196.99594771021938 0.0
