171.87924800841355 90.60381163934701 0.0
47.62801064362245 144.3310945788759 0.0
164.4730035358291 115.0260239831764 0.0
45.45828113035677 173.71423739062962 0.0
103.49848789647949 39.58367735254929 0.0
110.97836864175241 132.62292105723608 0.0
122.67462311936823 48.98748991850421 0.0
37.52941339375708 94.87873583994019 0.0
165.17684640762695 105.71796165268698 0.0
72.99980410238727 197.60790567788428 0.0
47.82068400422928 136.75254258843518 0.0
185.1753621697236 137.03683094106887 0.0
193.68117449969043 1.8588211770012686 0.0
0.6065868420966458 187.18973279546313 0.0
98.82810590788841 80.47157950678105 0.0
69.4892799560763 44.22888601203589 0.0
136.5522704514214 72.17938840497457 0.0
199.8751873396103 35.31074012482514 0.0
196.4033181695364 170.10410581270273 0.0
151.59960242224057 173.21400885455668 0.0
105.55507571174833 136.96462248944493 0.0
183.63328639834768 186.62865003119794 0.0
186.45950623787203 190.37388593523522 0.0
8.136198832041885 10.877485385148278 0.0
67.44579636845216 186.92607047395364 0.0
20.310981056682497 84.97498278950755 0.0
181.86639046036078 183.88864739038954 0.0
45.224433150306794 168.31054117268943 0.0
66.58710939738266 52.821802458711 0.0
71.08543326512438 63.876501243185956 0.0
2.0637339605147575 21.205566373075445 0.0
123.03824712441414 14.843761313780135 0.0
123.94283711581524 26.162782042391107 0.0
172.35024435744435 27.420893986700044 0.0
80.06991422549183 178.62382813602255 0.0
172.94361877580957 165.31531504790576 0.0
6.983187906312116 56.7869102701666 0.0
170.54077948318414 159.7479019608645 0.0
56.41673581906046 174.48546350573784 0.0
139.2635746478535 83.85534981642209 0.0
115.03197792712632 3.0820118657747697 0.0
166.34670267683435 151.4472371462071 0.0
129.54178456955685 164.76577091895427 0.0
27.69605113048639 117.46772053887643 0.0
174.5869095237707 60.63894088326496 0.0
75.3429661026313 81.14446397077857 0.0
82.16952597985564 48.73449999763424 0.0
92.41582344121689 122.69033089382992 0.0
89.14430764674526 145.11619227539256 0.0
162.07050073921206 140.5561071810563 0.0
153.2124288374709 85.469107536099 0.0
43.89177225094292 98.61534923524347 0.0
138.05948088712816 55.097123498619105 0.0
54.59786545412311 41.295289412668645 0.0
174.72339276773076 72.0013110921795 0.0
9.450749747478149 89.55052675776123 0.0
168.97395793329588 90.72113539878106 0.0
196.59512408416347 191.70904449041603 0.0
43.43064298896904 183.8781989018961 0.0
28.61924210960467 70.60288501230232 0.0
78.3409076215088 53.87001931539919 0.0
143.95114935702918 182.02869165070183 0.0
46.38642614697331 28.91912876014231 0.0
115.2741482990526 179.4660346579647 0.0
124.57991738770617 5.690722791142933 0.0
162.9656515824462 166.1143854234109 0.0
10.260722641697617 114.94968203746146 0.0
168.63387065311156 107.69229569410494 0.0
68.39242786243362 7.235819800576415 0.0
37.147150319768805 178.07518613321355 0.0
93.81123034732444 182.29391590620386 0.0
65.12099397190691 114.73102559986114 0.0
184.76907739240124 119.00286188877824 0.0
39.64818844034554 72.04587155557711 0.0
93.06084556949695 101.80619037696627 0.0
113.12779477664601 178.01421386627362 0.0
41.22017525444159 185.15394828802587 0.0
78.36893973640507 23.401705047360633 0.0
178.71394531463824 89.22375212384033 0.0
102.7158321008927 42.370777660477145 0.0
186.76056479594584 178.19668097232378 0.0
70.76059443138325 179.69248946575155 0.0
35.342671383204795 36.62140385343593 0.0
32.28088980338184 182.0506364786287 0.0
146.1801355006827 129.90784718831497 0.0
55.35965139170087 99.57707600182029 0.0
21.87448012865505 11.749466528180474 0.0
44.21445172897474 138.63998115553494 0.0
164.13126160535603 124.28097605084491 0.0
197.08444328038576 68.03959912792283 0.0
22.912222468973887 26.03628124247297 0.0
151.59307060335004 148.1488284986888 0.0
193.564311526864 78.27908938997632 0.0
93.32509944847006 26.168760267187373 0.0
110.4179956407922 22.036525117419647 0.0
187.92676877466386 20.55225754316932 0.0
73.04264430641514 86.17390221619985 0.0
37.858235551653685 103.78126300119396 0.0
185.29199999050343 81.10657460168464 0.0
61.997794434870656 85.06647382941088 0.0
87.46816133454209 153.25266037030508 0.0
149.61758809921022 193.1708252420953 0.0
18.3776765650874 102.08816521220893 0.0
49.82096829148641 64.44097700089051 0.0
156.74882509281994 194.67393181941773 0.0
123.35185461041927 52.2638577742424 0.0
160.42435134646237 51.78160047384019 0.0
105.75683852424078 191.54811968476997 0.0
146.93927129085867 25.253558537176367 0.0
9.201012719798163 75.46317349680271 0.0
40.538684243817904 137.98977548290387 0.0
24.80893413169678 131.55126887754903 0.0
48.38585311868635 115.96204817665246 0.0
78.22229993026335 120.46092853114291 0.0
22.656087592987937 105.914233581088 0.0
138.1363419528651 122.93282352609532 0.0
15.407302107622245 142.91461694433488 0.0
80.8972003711832 29.302026904129775 0.0
39.56344953022028 108.68453795594928 0.0
73.81287511714936 0.6633457197072534 0.0
112.04229216569124 4.635185235524553 0.0
55.650615790104794 131.97929576936562 0.0
74.00435828184008 52.80218410499282 0.0
164.86405969776595 14.793069614388088 0.0
58.395161316136644 33.37554787027324 0.0
94.41349411942679 70.84163754553762 0.0
6.39812548426042 169.28031262789196 0.0
136.6132266934845 7.747011232316425 0.0
122.11100170916139 176.27093853382564 0.0
122.26014500086453 134.096407819369 0.0
198.70377328339939 11.260491497168124 0.0
155.36790780162593 163.60494474780825 0.0
149.51143353021433 172.11330413801426 0.0
198.15157670374052 136.68729244757662 0.0
33.96035932387851 128.88776319690348 0.0
170.47782061704797 192.6474818138003 0.0
180.92221824065655 199.52349529652105 0.0
93.81596014030909 136.82893121520704 0.0
81.03475818346271 122.2252869745675 0.0
131.7957177159777 64.44954189189156 0.0
144.72406700725867 122.30362157523022 0.0
157.79759464728275 126.47951827138775 0.0
4.108262932303197 22.989746263556256 0.0
114.57226157978262 52.80240692660547 0.0
174.65783104880268 107.75084774604358 0.0
121.70558405478195 84.03262818998239 0.0
186.43318348697247 5.888817248854661 0.0
33.81628177392659 105.74564087632903 0.0
144.9153060766022 43.71385437340849 0.0
155.69345317061192 27.50957387210804 0.0
87.89068771967959 80.34195357003935 0.0
80.15158676801487 3.9901642991392094 0.0
67.54697315778051 30.173228531117857 0.0
130.20096535515228 156.53344530022378 0.0
5.881230375775948 63.3656922369491 0.0
59.20161677671689 21.013616984476702 0.0
46.717864964753005 71.1270392710698 0.0
90.98942942929223 21.36618155434842 0.0
159.07868313960535 184.40478790630465 0.0
66.53317706269692 48.10940760735431 0.0
134.34281268452887 142.56282340841153 0.0
4.501677614542343 107.28985937278696 0.0
63.57952133262148 122.89039102541783 0.0
180.19049784820524 197.6705938268732 0.0
81.6323653692899 62.297237734871636 0.0
80.5780161588008 72.61348659293097 0.0
20.978271480909562 129.30650397558182 0.0
102.85089156889904 147.98985620516686 0.0
31.080596768726387 37.464691141555576 0.0
29.559388461433777 128.58650014578916 0.0
187.90046943779132 130.54602757882995 0.0
135.6332193438746 142.8568866923646 0.0
43.42602437036278 15.436080142674458 0.0
60.80898231569076 99.50030015318181 0.0
146.52441823526837 170.33757994659143 0.0
115.59046868791887 9.234328393824098 0.0
4.116973407526103 13.948996415778382 0.0
79.68356429548106 151.25898552858342 0.0
145.62291339359683 185.52436576126027 0.0
198.91763496845203 6.29364249952129 0.0
103.81256436759065 56.23060286565384 0.0
189.98573863186206 26.700588357877187 0.0
31.656294898205807 168.97637482675282 0.0
21.906195222124182 169.09203462149893 0.0
137.45056288283604 186.8944261280512 0.0
58.92845085916849 75.95004249646328 0.0
139.44797420174297 19.91707622036256 0.0
21.676424948066764 60.17177618612652 0.0
116.41342401851233 94.39232609539468 0.0
151.64291122439138 20.085173228171293 0.0
61.97376118778934 32.44598671976702 0.0
148.7187853980003 92.36312316253094 0.0
138.32371768638563 115.80290379168599 0.0
92.2612655903166 36.39684954510396 0.0
68.79618564762586 23.038230663662883 0.0
53.27563049008359 36.07211860011825 0.0
109.00016736057738 49.73756198515438 0.0
58.60518137545072 3.524730435125223 0.0
192.67511287462014 147.80242074605306 0.0
77.59453388239538 174.33447678619768 0.0
161.10562740477002 53.14552605946379 0.0
167.5116717908964 194.74964093787608 0.0
53.88585835842854 110.2780856811382 0.0
36.08441231724395 18.916854868138145 0.0
64.01817605329609 147.79900227912714 0.0
57.82737211080418 157.72401978684366 0.0
141.77608479230503 110.55393102546898 0.0
15.405741301847309 150.74673508304195 0.0
169.45660614181537 112.23977947982206 0.0
128.10249735924765 168.92155933498597 0.0
123.09269978675663 136.48808011815728 0.0
76.526097351108 197.95216532483727 0.0
87.39157556671661 184.96852433494828 0.0
136.01579498792879 101.08734696110308 0.0
196.61006879527545 47.811696164743765 0.0
190.77231838767693 14.79260056328422 0.0
136.77363549395494 54.657961490179254 0.0
116.56167871419265 191.9697612747917 0.0
163.59067968900106 153.8970921923846 0.0
191.91043158841123 174.76215095932423 0.0
65.60941766797099 63.17127067373527 0.0
26.030828781552696 52.61531757823281 0.0
133.60964352150017 35.97168072812349 0.0
176.28473116950428 141.14638233372 0.0
184.91719735128694 197.16689356424695 0.0
168.81548802557285 103.50778295787491 0.0
35.27415748970497 14.558957844762176 0.0
33.047133047650746 128.3140180467828 0.0
111.0931236762384 94.07098864661998 0.0
114.0707524183525 76.83278079623608 0.0
151.36928930022276 112.92778252901219 0.0
36.50813671546032 117.02476394205739 0.0
161.21931754815955 138.198868398802 0.0
59.26300053784226 73.14911716003674 0.0
147.96124321972906 17.331219032131862 0.0
82.64063004696054 137.0344608704969 0.0
95.84514229252608 172.80656316254718 0.0
47.63685451255179 110.7480950484861 0.0
116.98940294366412 184.81619272691722 0.0
1.7677615731574114 180.2788773450813 0.0
153.7728635766505 3.853841570730321 0.0
96.63179155590376 155.98208621083663 0.0
1.8784173601886556 99.38514815509735 0.0
29.46612935453894 157.91735429299305 0.0
173.37891290135093 121.25987807790608 0.0
144.2797464867308 72.84357734319813 0.0
25.701521525607273 127.2910655872472 0.0
167.71558996664518 164.51756826170308 0.0
45.00211573445139 113.43288405562046 0.0
170.61490630655624 180.0759469626807 0.0
191.42640810204702 72.24699348682941 0.0
18.32685476920346 162.66265633851955 0.0
188.93001066468426 100.85486766719546 0.0
101.1269642144659 154.0972508636184 0.0
173.77483412301868 181.33138614525342 0.0
120.67822912901582 51.261949768443294 0.0
3.5145714740205447 164.50287027593282 0.0
149.28908330404295 66.0182322208084 0.0
172.22729472892615 2.3704977568785646 0.0
75.79260067233706 130.84658188162345 0.0
77.94860304826183 194.88784013110956 0.0
105.19180305050301 191.0358148730079 0.0
144.7039174457126 143.57909388864326 0.0
188.78608737122676 29.13118900305156 0.0
14.233993383818166 37.49244489211141 0.0
127.31419694703021 78.4833599266157 0.0
91.45290417836031 36.24066157778925 0.0
11.719476871587364 0.12301018892257876 0.0
152.8731358238724 60.38905973099893 0.0
44.4634086002061 20.818874177324464 0.0
108.67773558719426 51.20849077107221 0.0
18.883753128431067 160.05955230823693 0.0
146.81472911382937 119.8191893604847 0.0
24.913989382474334 109.83248774257281 0.0
181.43439498324813 170.00873830346993 0.0
96.5509684159571 73.45615760651067 0.0
178.18524109704472 149.5155532770363 0.0
119.77810981723597 118.354411754325 0.0
135.32986962401074 61.32685756059206 0.0
179.2216658808993 152.54468050330294 0.0
62.337251091311494 49.548102996895935 0.0
37.63802756138326 95.74462048931771 0.0
16.55315525337302 63.658506512919175 0.0
14.400186702647666 183.38449602148668 0.0
133.74593739559035 0.4752050450798295 0.0
157.47200188004018 15.445535841527125 0.0
19.77003815837044 24.906342598048603 0.0
87.92899699314584 141.92716133891275 0.0
58.28497712152591 178.58127486642564 0.0
36.90490485798286 62.8789510634151 0.0
133.41290591851563 199.70377690594015 0.0
191.9134027727393 113.31590964702684 0.0
166.41306072424103 97.98205518561554 0.0
122.8148041791275 1.9684374080367162 0.0
121.89681492671585 55.2471095543837 0.0
167.26780752648548 177.70128439604278 0.0
151.80232567985541 55.37884335675347 0.0
21.326724505190555 108.56847804914898 0.0
114.29307628838335 86.41715000212074 0.0
2.914822562572361 175.8541124827423 0.0
29.939931055729563 3.24288656139724 0.0
134.22491741920572 9.08162506546677 0.0
118.99163139110041 190.97169799324197 0.0
123.66845471281376 117.8571050889953 0.0
101.23401334588713 27.211194261328252 0.0
118.8147888504743 12.544850850516308 0.0
33.8834236171508 5.590023152963464 0.0
148.8326145416429 48.156324960205076 0.0
113.15530045191355 53.47504189925585 0.0
78.26580053558739 174.46641804643815 0.0
171.59403600116346 53.550681675501146 0.0
53.546233678565834 30.253738796315766 0.0
65.94561971143527 61.94239290199699 0.0
39.46658532918039 180.69447661609306 0.0
169.29989220226298 4.823866238674279 0.0
114.90617930619923 164.32218146143705 0.0
156.42453662134238 130.95549658805143 0.0
125.42351692313638 189.5986510570623 0.0
2.65816989356773 199.3595426493391 0.0
74.89928571129303 1.0238806492661068 0.0
4.425397410762022 89.34490840562206 0.0
79.23398123847866 20.845869585262466 0.0
73.38175523086814 34.3526989943854 0.0
2.1746805000496305 164.81389404233548 0.0
156.39202850222244 1.601188612884874 0.0
46.66560643994728 129.05166997956056 0.0
189.9905052224994 66.26680731943758 0.0
184.68773581595303 50.00961505284762 0.0
110.66730790148675 161.9455332771388 0.0
174.37270032761523 50.58825924708348 0.0
111.26995443726227 128.39689364544967 0.0
35.24681471083873 102.90767385115116 0.0
159.0048988073991 123.08057135289776 0.0
30.781150565423275 61.83055136979445 0.0
171.96886549274006 14.753419163348669 0.0
41.994111714979155 53.22944788414752 0.0
188.83535899210582 135.40259512660083 0.0
106.67302607017635 37.121446880986 0.0
160.26674634982123 131.04815235007857 0.0
45.85184269353499 108.17639981120679 0.0
40.81792071334356 22.456453317653867 0.0
102.50212757029983 144.7375889630744 0.0
66.54265785985298 163.56340322932007 0.0
176.96498319736654 172.37659564068048 0.0
66.20913831787854 168.41439945545287 0.0
159.4717658910338 69.13689110778371 0.0
172.9765463489443 66.68577120803299 0.0
32.17186254961939 7.003521156809889 0.0
178.57970574837006 143.36007266803833 0.0
41.40598170269283 97.7690129155763 0.0
3.514345709690092 119.88571661733498 0.0
125.53385012898258 91.34854196953745 0.0
144.41063366216233 142.15894075493344 0.0
124.44546889739199 60.730092486462 0.0
103.72807335402108 54.924162523160035 0.0
93.95533529278796 0.12823703572832912 0.0
107.10011966671516 62.696405031557845 0.0
101.59947642562797 161.54297307380455 0.0
70.10222559221278 104.06741160323658 0.0
189.9253253177006 159.80781240351058 0.0
188.91227008773984 99.26482678231135 0.0
159.18488668312256 187.34416539803195 0.0
98.27769232140962 70.09160700757006 0.0
43.41185833082044 97.2219129450928 0.0
65.39898740324104 176.88073888471314 0.0
32.18377955198779 36.75877584128817 0.0
169.78441165207846 168.85800262746065 0.0
124.94050345488057 143.77401647802498 0.0
56.82623987405968 2.313483070181177 0.0
195.55068167673667 153.74471195539158 0.0
46.79406631213472 45.24026423966008 0.0
191.88819133396274 8.495732510610221 0.0
131.1360051523756 157.60651105186284 0.0
98.50079666815354 105.6873433500721 0.0
94.42406182866416 13.185104203601373 0.0
50.02362491167294 83.24714977829795 0.0
62.97505224470128 111.87262127754067 0.0
198.81039942427057 194.02591300257598 0.0
0.12398848920420757 20.687430945170384 0.0
12.325532999707555 193.33962782245575 0.0
43.321938547443814 77.14436506767566 0.0
4.160754336457684 35.6929560317643 0.0
109.67589201912638 90.46132335553312 0.0
87.10998521631443 156.86212164405438 0.0
84.24333119727001 84.0609013471922 0.0
177.55667053441476 103.64790027838848 0.0
149.33953262534177 37.0880485913911 0.0
177.49805020408894 165.992436173779 0.0
13.311036904932827 103.17247859677119 0.0
13.851061388653862 64.78622941430665 0.0
153.6739171097365 111.42238423134665 0.0
24.255055939744395 53.57455472539778 0.0
102.21087186653526 87.64390518864182 0.0
44.40668251902162 3.5053337484920677 0.0
68.56639546126692 73.0384796660277 0.0
74.03264314821378 158.24333237565628 0.0
24.074724628451705 63.13813755880658 0.0
176.92636039355273 69.20834749621166 0.0
149.00044420746593 41.496525127234605 0.0
105.04491980755427 151.37782509739895 0.0
84.06696883185687 40.661328009180366 0.0
27.482887256320822 136.0272690425786 0.0
121.09354267323029 127.21148856573254 0.0
92.20997481223627 39.164466613031834 0.0
117.75654444041155 178.15054950842938 0.0
151.77990191915868 113.04651842559402 0.0
127.93629870031118 92.70511874749452 0.0
43.78790827956123 3.051353364214915 0.0
101.80593739274516 66.58541560535289 0.0
132.67496344835192 193.3082717832492 0.0
128.76405861202485 145.0225269320825 0.0
191.54676024642708 191.8749076794272 0.0
171.50830624782668 66.40492756253451 0.0
130.9961000282758 179.88074040084817 0.0
70.9923502015842 10.094567854713654 0.0
166.48748481037327 28.940139302157174 0.0
189.70396043288977 70.01067890725507 0.0
156.68303854296275 77.27074751416716 0.0
4.647272829162774 89.82723551815148 0.0
42.15926652550526 47.33579175263949 0.0
61.60755638117765 116.1378076219226 0.0
167.28440460815048 186.46174219240496 0.0
158.722232579924 152.6994301165356 0.0
177.59641998454566 116.76556537368403 0.0
40.07711335116071 131.87482170066303 0.0
150.84213882793483 191.85856918386946 0.0
48.99212911754671 58.65019387811652 0.0
41.90811128308398 175.17674674688578 0.0
115.8562316057697 128.11362123910143 0.0
0.19435195335051336 178.42023686636662 0.0
136.81635195234426 69.03681536237663 0.0
52.55217955017424 28.467419938484362 0.0
37.32067583805909 24.210948582222546 0.0
35.72790793037146 167.26191128815432 0.0
8.461795576520291 142.44494619210354 0.0
109.32427190937904 31.553557968722966 0.0
154.2606037038305 127.64251370141768 0.0
83.61193516291333 8.007394832704296 0.0
94.47711856532467 67.13201799718813 0.0
156.0935775049898 114.07721317734317 0.0
130.2297081458754 144.4310218552587 0.0
66.54357434983812 116.17335772626969 0.0
198.64954997396757 130.88524511174433 0.0
152.31637544763768 64.03707954709137 0.0
17.992465453516093 46.129420740563944 0.0
114.03717067212453 193.86655856976014 0.0
156.07545173777743 79.07538606238211 0.0
86.35867784367655 32.622682910776234 0.0
42.60083373802643 169.1405330935353 0.0
49.28816057467564 122.0752699598575 0.0
189.8758971920947 161.68758068166971 0.0
112.65920213406244 73.53340206829513 0.0
86.63154161354672 172.15439343764828 0.0
159.64294585554583 62.83624223842141 0.0
186.0885206129856 120.11047611775072 0.0
144.76393453560104 180.06362889323344 0.0
122.1153102739581 127.48448027004748 0.0
7.705941232065872 59.5583722612868 0.0
156.26691130631303 14.464921321249768 0.0
86.26349049808107 133.23527194557073 0.0
83.68919196869886 72.08416387324581 0.0
90.115104487925 73.78435211097323 0.0
7.3187311503272845 42.25342986938752 0.0
131.66460698585556 124.25891017998121 0.0
127.50333379531685 194.0245386921384 0.0
1.0171607026631557 46.671609185671684 0.0
188.1138931943066 149.1117339218056 0.0
19.226938224717838 164.60475507266338 0.0
70.41334236115964 80.21496791370934 0.0
7.273786454264886 23.47365910706889 0.0
32.39398170852608 82.4436068162808 0.0
167.79641372671207 146.96477394978552 0.0
53.98959250466786 101.14752558072023 0.0
192.42999976897852 29.303255895064417 0.0
67.51421403518219 188.72024282615817 0.0
79.66648371568552 70.38715221199156 0.0
127.87464817809236 58.44662662385542 0.0
176.4760112782392 34.45852194670116 0.0
8.549152947757953 105.22546248476607 0.0
41.49839900751346 192.86437422236443 0.0
97.02007758733993 71.00508527790925 0.0
68.433780866704 197.59327388424364 0.0
7.29344751671368 147.02793514109436 0.0
5.331843017223403 124.65617058774838 0.0
27.33393350878044 125.48785501358735 0.0
158.79952186023166 25.01289519284564 0.0
175.68884546165944 39.96170950374107 0.0
181.71713298240698 125.62856540722862 0.0
54.27012574442352 166.98465915806858 0.0
108.87343131048644 134.3768986970521 0.0
53.20872369545566 100.39632281356319 0.0
127.00026784201106 119.89031741126861 0.0
188.8908925603048 55.59284431205447 0.0
44.00786309302489 161.08951936576386 0.0
137.73138451074632 12.577670623559566 0.0
156.7920651918703 191.0079453519362 0.0
65.93375155145011 164.71164338471036 0.0
7.8052089644991 195.65950880711617 0.0
49.43336858471925 4.320954020021883 0.0
167.65258876015082 171.08061219620961 0.0
