133.49743591475956 25.221917408886753 0.0
105.4320790119173 90.20135489627205 0.0
138.6312782037124 182.5395026218894 0.0
134.30722222547448 139.77122918937977 0.0
5.8833525698185785 63.379023985967024 0.0
76.73978696183849 77.17449326717659 0.0
80.54572698068223 148.68830046604296 0.0
197.87295348859618 68.40960952141583 0.0
180.49155923066243 71.03569427537361 0.0
151.5114406355094 54.25546601471745 0.0
52.108081057500264 113.567419588445 0.0
38.84238286407567 78.91857610829558 0.0
152.55883713983528 176.36614545695198 0.0
91.65742155758483 114.45376835998995 0.0
68.43987335677339 132.62916733088554 0.0
24.613432800457048 73.00550025026315 0.0
76.40230087864911 125.40457593944969 0.0
174.7019286172857 130.36224965477064 0.0
153.07169706027952 40.19437814379929 0.0
125.98024202001305 72.01169622383921 0.0
149.6023390418663 129.55359919133852 0.0
3.7502054533495643 116.82974400284995 0.0
60.462311726992965 162.88492855037742 0.0
14.752961996611024 173.7318060691667 0.0
136.55321519384128 127.94863367974936 0.0
108.58128147348762 143.0599481534599 0.0
19.526042125687624 20.177820954437475 0.0
40.39370667238777 87.17500163739149 0.0
107.16260384437821 21.70949767187633 0.0
26.147414261075053 63.66781721410069 0.0
198.94974936325107 194.11208690905357 0.0
198.94983608790835 139.79938955685145 0.0
116.48130116483009 87.1104613784959 0.0
198.76152915522133 188.22474351466425 0.0
45.08060993141736 0.17980889172142245 0.0
57.565883495529135 101.75078498472179 0.0
1.0443360088648435 24.700003703841332 0.0
78.25392869356624 58.82376085795305 0.0
93.16589731643299 41.432423286208575 0.0
47.85531408122201 21.63711910348507 0.0
117.70481781597243 151.40152161113042 0.0
74.37944104407799 155.19599031465944 0.0
102.72613143446634 177.83366769185818 0.0
191.41340251283737 118.3697788492074 0.0
100.74162924296337 92.62627066042472 0.0
35.75634120995996 196.90963685312957 0.0
17.842720501817166 92.89029204712863 0.0
170.75250833714634 23.603038032745328 0.0
163.02236417652722 181.42972661359013 0.0
1.618257347310137 162.1827306102359 0.0
103.14144421145912 89.59190115848605 0.0
108.94091872446681 119.30295433678695 0.0
117.00266218546854 21.74268093570719 0.0
12.66030806278875 192.8409027221718 0.0
56.252963919733205 197.69112411735418 0.0
71.22657781634815 164.9768213143943 0.0
141.3432014848893 122.7082824394431 0.0
19.26070538267963 4.951420813931229 0.0
147.53163867926696 124.35533067474242 0.0
151.9269302896487 59.09459606554981 0.0
168.92565793312855 161.15628872790214 0.0
175.35914823675563 74.66476661570702 0.0
87.81390285739532 30.221222676591687 0.0
59.866122396558175 29.233431950509402 0.0
22.04881017734106 79.2457709749043 0.0
56.27317111287542 118.79493759160209 0.0
174.99743202209353 162.88348933701994 0.0
165.64081640610559 195.47659545543377 0.0
70.58608207724879 74.30753420809349 0.0
188.7337116309617 39.669822104113095 0.0
120.22235730504651 29.848778456585112 0.0
23.995869157285732 101.59806793245383 0.0
38.885739775850034 187.9174891832437 0.0
131.42121815448021 153.7828076480396 0.0
4.4358100581616045 42.98629306215291 0.0
34.59112617899582 58.56400255116556 0.0
37.19506583905812 51.23222758435231 0.0
194.28345837005762 173.77691654298079 0.0
66.12095419513643 16.506153816778514 0.0
154.44056867587076 194.8823446342904 0.0
143.38964885690052 193.61804706870163 0.0
134.91630972022244 63.29271951515676 0.0
70.97190873379489 150.49692459304032 0.0
25.305102088111386 158.33184084879306 0.0
110.78913924045659 171.60472110484497 0.0
20.288831200705836 134.21125748272317 0.0
64.29562405348743 182.05339536463512 0.0
129.32017435056238 63.60170817229012 0.0
27.84065580076438 25.19518114654442 0.0
92.09377372764902 5.823253267754591 0.0
156.92214865593928 36.02599447769923 0.0
36.13950808878579 130.3731657542991 0.0
5.451147650274679 18.56241950166151 0.0
124.00485689836012 95.4558033159306 0.0
45.40437527581662 157.4230123735154 0.0
54.8762466360956 106.37414380552892 0.0
17.749891542735096 72.16487133611122 0.0
9.122039386424795 160.08788628139575 0.0
17.288630113705004 157.49691792698718 0.0
54.1226386668749 19.938365184181215 0.0
72.06246346475258 143.3114634724748 0.0
165.88599605587234 58.485859186318145 0.0
42.237293875549575 55.54600758706923 0.0
63.32963732606276 56.600088480488964 0.0
133.8773392629431 62.20765845883971 0.0
0.7431169520527359 153.39022585855392 0.0
199.78474537556167 48.46261036900606 0.0
118.82761166582254 4.255724659739113 0.0
82.58643778794341 180.51368901804244 0.0
115.84223678357772 23.284954155186277 0.0
144.50781489652545 190.0591589200261 0.0
67.76938980708618 161.4236235155869 0.0
23.780879058366278 39.44624429765733 0.0
0.04432809659520309 3.2805119364057944 0.0
159.39209021857286 12.203333317065802 0.0
93.27694041546259 53.13322262239857 0.0
133.88308764169204 114.45487008613249 0.0
191.52647553422634 124.64197429342192 0.0
198.17521929699367 169.79352374317716 0.0
174.07290743885667 148.97488931110038 0.0
62.89664637551222 143.50432504390628 0.0
150.26128242604827 72.49336156406034 0.0
167.4485718716581 41.60589171688427 0.0
141.87827936431307 27.841593222975504 0.0
171.05503807669876 195.99414468409267 0.0
128.6530881952129 31.229514446136154 0.0
149.29840249850236 69.04423876823842 0.0
49.85737962922461 83.8937831792532 0.0
125.15057456366992 89.34666856261447 0.0
178.6120956740202 137.16674769864377 0.0
115.267822151359 64.82399948874043 0.0
15.39150563801941 118.2786312529057 0.0
30.32474153640996 10.29475410016547 0.0
83.34780916727841 107.9635008240031 0.0
132.4208713863101 173.62152165528045 0.0
150.46242835144085 11.134897081092564 0.0
123.10123330743963 47.90047570924876 0.0
52.16288682461785 68.34227043476957 0.0
112.28981297209724 16.7199578058443 0.0
42.92698304198621 118.41475262848522 0.0
101.44290443827799 195.3359953957693 0.0
66.52881561167143 41.644065049790214 0.0
3.487030856083173 2.68296822003935 0.0
101.96404513900508 88.05367887888038 0.0
17.613895883315966 27.457937781098153 0.0
15.72449306977919 26.746626790077578 0.0
178.76273234545278 36.087531369983 0.0
130.97511430644252 40.01979999730918 0.0
109.62819100784785 111.20643038211301 0.0
10.319104782619814 29.87766518973196 0.0
17.289660069097224 106.34706030449061 0.0
141.21974852266402 104.77386627783073 0.0
197.06585163160094 55.86011676315812 0.0
111.7804547551169 70.85436696369378 0.0
132.95615216090147 88.65611954198988 0.0
69.46713538034042 164.6710949570243 0.0
117.03817307323206 160.17836449218905 0.0
166.49006460733304 33.28044035870133 0.0
149.44869911534943 139.08795434614328 0.0
112.94499916246221 92.83619494730986 0.0
126.08300685701495 63.461979985394066 0.0
82.44623604160188 78.23188789377808 0.0
172.90537896953472 115.87614037065093 0.0
44.8671443235066 34.04275029744086 0.0
43.77152731009038 57.56353743361622 0.0
136.93635821294114 190.96284509277928 0.0
162.92124922703368 108.9115044524547 0.0
123.8208533033362 122.12829290464717 0.0
163.8076683597611 166.87877843613117 0.0
153.4597185359897 80.16266858450902 0.0
52.68711443063161 9.485691595040958 0.0
60.29540204994986 78.47621693402988 0.0
8.401475466765152 153.35011055895126 0.0
36.18201064166049 99.29552325608671 0.0
119.04281485458436 102.3125184902501 0.0
153.63291564901274 186.09588782142816 0.0
51.6976481778415 53.51363313100379 0.0
0.20290381499696863 109.55377551471157 0.0
153.22631366237454 111.85843944645828 0.0
162.68287362988593 183.83210576594053 0.0
188.04049290154714 104.62085111568913 0.0
85.9177707698771 53.956399130137235 0.0
33.09984870005045 185.01332020583618 0.0
123.44145903387651 75.2352333749527 0.0
170.8565688412208 166.8663399682773 0.0
195.7549336217043 62.12360981592147 0.0
147.63435623564948 142.13279634471795 0.0
176.9570146208283 96.6232323044738 0.0
97.93624817916826 198.75262215442845 0.0
141.5696932968506 155.25907658279405 0.0
174.43348496885795 178.48348773570706 0.0
120.78287629569667 138.86678891753039 0.0
68.89544215352576 192.6234988687867 0.0
40.976271271993305 70.8708738681447 0.0
161.07839123013196 48.122275730095446 0.0
47.258815838789346 167.42892430514794 0.0
190.59879607826338 27.39708421788705 0.0
50.89903766058668 176.76244647905077 0.0
111.07456365797364 12.240907088641073 0.0
81.90233172887729 35.19014501303195 0.0
156.32549020884326 145.5298166987641 0.0
76.62420967390679 93.8248571510919 0.0
125.18199493345752 84.00718645357732 0.0
85.19108719808348 132.5905879330064 0.0
74.45903444061383 11.242649043902219 0.0
144.6333125175243 97.16155150746826 0.0
198.90986988454725 151.93402288001542 0.0
31.017673212993067 169.6202171924382 0.0
72.48221013373207 157.0407225563541 0.0
177.49959420122354 15.07688786892729 0.0
26.9570562468582 13.80751026322633 0.0
25.098008931937166 34.18849818849863 0.0
52.05840549066314 75.55771657485502 0.0
159.1286878133396 195.45970693215148 0.0
15.379673191651676 3.205389136350578 0.0
176.61460352649377 121.40466471501976 0.0
20.98070490619093 63.756186643340214 0.0
128.62479469391778 159.09312171188617 0.0
152.2669061885421 140.63705626397663 0.0
186.37591890146834 178.29987766892611 0.0
77.76982225379545 176.5151073566666 0.0
91.0635553977968 9.421884720846707 0.0
37.70645805264401 191.3364233125371 0.0
164.773103394997 158.5225805287468 0.0
174.70226386030507 96.63582467846933 0.0
183.4529399965493 118.3084904309424 0.0
23.820695965164475 61.738861058420746 0.0
42.81534344361546 31.53818170906737 0.0
35.04989010883413 178.297796125612 0.0
84.16339166560624 57.309302934630594 0.0
65.65495435262412 16.6734514385954 0.0
189.52507796196304 140.86442709795463 0.0
50.31216158413292 170.99521483668383 0.0
104.10840460377042 194.00197562841558 0.0
133.6990459631324 49.30184201916834 0.0
98.97430901091906 155.87365993643948 0.0
33.22233257767746 180.9858795277253 0.0
47.95688795061934 22.89533213789996 0.0
88.82339185106886 185.83495051865324 0.0
60.24329671720925 111.69320766745284 0.0
152.3087541869871 77.28350321018374 0.0
183.65851016004768 150.45309600580842 0.0
170.41091648591043 157.05869922242908 0.0
173.58286456769832 81.73518083015105 0.0
23.79270032822567 199.22475859928682 0.0
108.56326373674095 103.76257428739892 0.0
98.46600395761611 118.7001237827079 0.0
126.06154790710991 77.38690127528372 0.0
186.60377905879463 72.64223967679035 0.0
150.4165327106809 182.37964830201008 0.0
40.48175537162446 152.66505561200637 0.0
189.9788847780804 19.393258188585705 0.0
36.294329117928385 91.67464478686935 0.0
191.51089530589448 22.881267582243336 0.0
143.8467972122753 131.17862848712235 0.0
157.32604467938418 75.46214810308523 0.0
143.63395199885142 173.24545162619162 0.0
54.2759188465723 195.6567123526777 0.0
184.57287331713104 175.85986966637273 0.0
173.57509587135357 108.6243853041607 0.0
133.6655094250498 41.24123602498273 0.0
36.587171906188075 3.4688846546082175 0.0
133.12454027646558 193.76162762720924 0.0
84.0781053142143 30.879180693710005 0.0
151.00376783665556 47.42100471790156 0.0
35.07575991657712 101.31687109696495 0.0
88.13208416145608 22.407074375227264 0.0
156.3573852794053 106.65657402714824 0.0
187.1579646251992 86.08769549165152 0.0
144.71957496993392 7.131009037696834 0.0
78.76906035173184 165.85405678342602 0.0
91.56807326902296 100.62799060528766 0.0
195.659580540742 9.553165734314572 0.0
72.9975347382493 22.831730468215717 0.0
86.57558777686008 153.81849169936714 0.0
88.41433395148435 14.396174714481624 0.0
170.77651105325657 1.4278630064683107 0.0
156.88806531813944 135.28344371739166 0.0
87.50871440580477 5.888149314548641 0.0
172.80045766540078 6.595788616258869 0.0
15.594928542847208 14.766464386402767 0.0
20.993074613381737 116.67465125177215 0.0
165.00109705764692 132.85797035980855 0.0
56.498008599189674 140.93591298855335 0.0
75.25004747218931 32.10072440309651 0.0
165.06865467183212 93.85560690188395 0.0
194.80917974726785 57.2182273484045 0.0
38.110385115266475 56.71566460406589 0.0
61.0871097477524 154.3907661552049 0.0
19.24379088147692 106.16473910349684 0.0
52.43223731892186 184.82679016952528 0.0
109.61598853971242 106.34422824262356 0.0
141.53372940749642 175.92610162331957 0.0
55.20827918939193 21.27511219126912 0.0
143.88343132849695 109.79669747540346 0.0
81.77123324615782 154.39652309342165 0.0
25.464989837528385 152.20760534293916 0.0
191.6511665012637 28.592109120286445 0.0
110.5941748919318 184.6303135362947 0.0
191.65468525185926 82.73578723296897 0.0
113.84240434320209 117.8416544297204 0.0
182.23089605373667 179.73367768837224 0.0
9.233044357671805 137.63134502218287 0.0
105.63356960529148 96.23426914218298 0.0
45.408087083548935 161.47779472501693 0.0
124.35847738758967 95.62434300618993 0.0
117.22049726772894 169.6258915872321 0.0
81.0338667280067 173.6233411408937 0.0
12.215336091605234 114.82105217595888 0.0
77.07484632272765 9.73421652930706 0.0
164.72065681696972 12.023868790837744 0.0
99.79530206507555 58.00423711424811 0.0
70.77689641337015 162.75023878726782 0.0
26.30376287519869 166.99428039516306 0.0
43.89135521997143 78.25199660280715 0.0
37.392432815584975 31.550727919158117 0.0
124.61213936063034 131.57345719567945 0.0
85.76143188873175 47.919217612246065 0.0
96.17376921076 90.58962497129724 0.0
180.30310480506844 168.93487277029038 0.0
103.97444528189472 62.45204442569121 0.0
71.80407362159957 137.4689699868732 0.0
128.4028356144219 14.43863887487078 0.0
55.30549668238927 14.007233009430786 0.0
118.53997369261178 127.02424381412645 0.0
40.49480340488763 8.180364370336623 0.0
158.51972508160654 182.05868900532502 0.0
183.88507665701655 74.26267016644505 0.0
8.83913350088601 192.2598352314193 0.0
25.170932874033227 137.09994291821096 0.0
141.66761407897616 137.7990217950932 0.0
25.032633824918005 177.6231013046228 0.0
172.21198932393108 191.57695149235096 0.0
62.79304443913447 126.04939903934431 0.0
177.45199597371635 186.85811172250456 0.0
19.714672046105974 186.06833802897484 0.0
189.06880189253462 109.25236323820637 0.0
47.35706325460205 44.754687671103795 0.0
149.14682345922867 79.60241878253566 0.0
100.29744912146703 10.64636873922633 0.0
25.237041356784083 35.15648551505459 0.0
198.6505248716938 66.37024583106846 0.0
195.62767100605413 113.47543382320337 0.0
78.20584641389911 122.39424775897825 0.0
36.17604317812331 196.84432425513 0.0
184.6343835339101 14.929408473017425 0.0
66.8132021345683 184.52834208581314 0.0
173.09836209219912 3.700913669876882 0.0
48.840614128549696 126.03361439590155 0.0
185.73150714472638 94.25239152241357 0.0
63.39621811034828 170.60349000095408 0.0
196.83948317818263 34.64311091307677 0.0
46.97478937446067 166.50146470135365 0.0
39.30322025891766 117.84301205584893 0.0
111.64546110004292 78.20194832555222 0.0
155.55063867839576 158.82575933857828 0.0
35.6170347549144 180.4306462811263 0.0
52.59500983451313 9.305468325820376 0.0
174.05950948340765 35.066408826937234 0.0
83.02105901635801 123.25790851182268 0.0
110.59812056378698 160.23690692726225 0.0
122.43279532977095 192.81235108541787 0.0
46.6539398494511 60.51066736609862 0.0
168.75969785309664 136.79563486917058 0.0
8.812914751991707 102.90841697177089 0.0
49.950888313024166 143.15517762185547 0.0
43.66306804038158 195.5269052541133 0.0
93.96956386365302 41.68306770547887 0.0
65.04735613191346 153.88874219580177 0.0
188.63295227270422 14.908722771439242 0.0
120.4374750637382 24.702115611235254 0.0
138.7256409090635 142.72278436622832 0.0
151.1418480496428 77.53448376630763 0.0
13.947208494799002 120.24035040805153 0.0
35.31858404279544 71.97479272531422 0.0
73.6376622151085 88.60690218844842 0.0
23.27234651820824 161.1788779129783 0.0
52.85712567936227 74.89560924693306 0.0
1.2715431994581694 2.263250510543635 0.0
99.27903769673831 49.94001368557619 0.0
153.13035198495305 109.83260708003375 0.0
61.488846613911385 81.89136351106711 0.0
128.05766166822582 10.996764059126395 0.0
146.663100201689 88.48529103037934 0.0
168.78308021637014 138.55309291391637 0.0
189.23659106544676 72.44767610834816 0.0
5.727645684862437 33.58076776652466 0.0
102.04799216393843 62.16500020839606 0.0
80.99507660783902 119.51344682554814 0.0
117.58733142229718 73.68973125811611 0.0
30.21685363614488 56.82742174205537 0.0
169.35139569342007 60.34661231522247 0.0
120.79247936612016 90.80242448411514 0.0
11.945922132996078 22.65100974489038 0.0
121.82392927303516 64.38274273259464 0.0
33.45640524090114 13.945858168345037 0.0
64.05124206565014 83.98654060953554 0.0
174.74196904257974 96.10898734660769 0.0
137.35389299284975 198.18155315662423 0.0
137.68972649293403 174.87791221673228 0.0
168.89048973405528 77.46570681185099 0.0
138.09972547175684 75.78461282856487 0.0
126.70709966660374 167.96154133393097 0.0
38.753528947994155 9.387946120639047 0.0
101.65234429990042 132.65349967086502 0.0
184.3521685190065 118.43679581723603 0.0
34.69521891302529 190.86763733436032 0.0
52.39211645720301 99.79235868424306 0.0
77.24938908774234 20.013450116475017 0.0
132.68062736767226 150.383165415513 0.0
98.865525596012 193.1779692187287 0.0
53.074759572027034 99.1619001618252 0.0
89.6610888219953 91.98248961522818 0.0
80.16107386474157 155.97833136365506 0.0
44.114738403411444 56.182650288895644 0.0
140.9758465317707 33.47790672303035 0.0
158.36036909734844 9.812898029947071 0.0
35.49849036674655 79.58098162318643 0.0
24.873648090297795 138.24666659044854 0.0
139.53367438151244 95.79297187639656 0.0
166.4516106824819 181.36392591085945 0.0
33.73039084680438 110.54088874560284 0.0
115.64382539869102 155.08806611116913 0.0
136.86910708875942 126.92722742332197 0.0
116.30135351190485 16.874386911245164 0.0
170.18089982741972 170.7372974839249 0.0
0.6675951025941984 150.3027621321019 0.0
134.34532231168987 27.23155925154117 0.0
78.4428897367396 159.74745120056383 0.0
41.946514306900376 74.19975259791418 0.0
163.51258854203684 138.1671447238134 0.0
115.54994074248444 193.9489111687712 0.0
159.536069001482 99.37891321633438 0.0
135.19489214924712 78.34273351274561 0.0
127.3520804665097 50.74978155222358 0.0
98.98076414896335 128.705036358269 0.0
65.16348190651655 23.0601392957557 0.0
146.55786512105897 196.34531720460882 0.0
146.7223793381116 71.36345116043022 0.0
187.7163847455926 9.659866048238275 0.0
83.2443761158556 13.986993860314122 0.0
76.89993212846377 90.20705566898175 0.0
1.5385320490898247 86.38877051939818 0.0
79.35287562579848 72.85078494136981 0.0
163.8474427576742 152.4059601251793 0.0
185.7435038533051 14.011457728170807 0.0
194.1495511093337 37.50063468196048 0.0
149.48789194187918 97.25903813074967 0.0
21.183826086993896 126.92873761535712 0.0
144.63213198985358 126.9281587158482 0.0
100.21448039279966 6.328734803351255 0.0
72.03336127201436 138.13052775598112 0.0
33.56152535052639 13.046501167962754 0.0
177.71297490976428 145.48515438413594 0.0
74.18047024552443 113.58345133887168 0.0
189.6380138845063 103.0823001216757 0.0
167.0824956294294 125.87518863920113 0.0
27.819746367593368 154.64231221106976 0.0
160.14419145524928 164.6782620220393 0.0
97.50107588001849 15.525860832755045 0.0
198.86365385288934 104.16291407856701 0.0
36.33741844610443 47.19735614994145 0.0
108.87776633589266 23.88004935067225 0.0
153.8582909853254 59.93867976347915 0.0
165.563065465845 32.59091382198711 0.0
75.12989108100827 111.05566763845565 0.0
51.80054493677873 149.01842781275002 0.0
80.42155374620417 153.51507556870632 0.0
12.992579038526664 59.39914163792606 0.0
118.8119217161075 133.8950884783867 0.0
32.677864396723 168.7854681289209 0.0
66.05343165169153 38.72775065721798 0.0
72.59811724590033 16.367847362488753 0.0
95.6465229581411 44.756986447284945 0.0
47.82818054764388 34.65694917431081 0.0
36.957782941413875 141.3312125292133 0.0
40.58886915294981 198.18636989648203 0.0
105.34911731195278 162.09484822907237 0.0
95.6197172383821 129.46645674197552 0.0
6.667734217169108 88.33833898676107 0.0
185.49672485422 108.24036128129507 0.0
142.07966729609055 167.81163817333527 0.0
186.0378839025973 164.66358647052036 0.0
69.11227974476468 30.501357391984985 0.0
159.9470677634528 27.848748722482863 0.0
110.90404468748763 176.8171919405023 0.0
111.10482886872578 148.28745237905653 0.0
48.0427412353162 163.8284433277058 0.0
42.42228497324789 115.98162296570686 0.0
176.00590040869912 121.63685225027696 0.0
26.93220459228303 155.68679260468846 0.0
66.10034552166258 94.66722224636102 0.0
84.79917505557322 196.49035542356808 0.0
128.93025261274528 121.60264112248649 0.0
148.18852869977172 85.01789017697901 0.0
146.8061604092186 142.8864226752934 0.0
91.44156454922539 39.88116971088955 0.0
115.14007683077763 156.1582011596913 0.0
105.76235262504585 29.551604894935004 0.0
12.754638666339924 127.68691837062947 0.0
5.629313995180851 196.66340293175918 0.0
107.16714106959246 11.80876002758071 0.0
168.40245334427073 148.82071178921834 0.0
93.29203576549571 30.57342139888368 0.0
129.1050381769834 89.30375241134614 0.0
162.6383026689828 122.24735515284779 0.0
179.11633598625093 170.63881690315108 0.0
4.960937929278586 180.0180471472327 0.0
50.51970503583143 119.81770000243512 0.0
155.45857686117853 171.1885683242209 0.0
107.10831795856252 106.02214273276735 0.0
17.99214970126961 52.3470594351952 0.0
8.558466229716455 0.029420090504617136 0.0
118.43216851039237 177.44106533087316 0.0
166.03834080523072 9.045348261236196 0.0
72.12519994753062 33.38197947575825 0.0
65.52784953360604 161.53137683833785 0.0
185.60274866251441 31.750120288429983 0.0
99.38293391834898 63.66272510173994 0.0
155.03870805816018 135.3663534476407 0.0
117.18569734246111 152.37486762016133 0.0
172.59423145796592 104.94142127691175 0.0
83.67936754090425 129.52592425331977 0.0
106.67185286340815 113.70942650172802 0.0
14.594971043267503 177.52282696477604 0.0
83.23326598253074 196.89740101582544 0.0
150.43445941633982 128.82958329597886 0.0
162.71823520761788 78.07792110582122 0.0
123.78276528473695 190.09601235710937 0.0
80.73473586207716 145.8973281059807 0.0
77.47910679479084 106.2159563754909 0.0
0.5733215611937403 142.36724950712048 0.0
98.98572790677935 190.4439532728782 0.0
111.73150054749807 67.85243087545108 0.0
150.54991427420882 43.76995405710711 0.0
101.01676408421186 108.08336566716721 0.0
95.2631833648017 40.07183098939093 0.0
21.429601060325364 44.96726998774578 0.0
45.87909498455416 163.13570582942262 0.0
88.91083369570354 25.66649853181382 0.0
96.25914796035508 147.45458561056023 0.0
48.170219279641955 133.3586512211227 0.0
134.57393661711924 96.78597336144117 0.0
166.1962243093262 128.28801818454468 0.0
82.89454812423 32.769455102057044 0.0
35.679632912257645 9.163290106759558 0.0
159.56707388215406 160.4756688551297 0.0
0.4664513784065294 82.65173784047852 0.0
18.77084049433442 28.578238304329282 0.0
151.28840307270775 22.665515364365408 0.0
85.91879184163112 8.910673976167605 0.0
82.40213420350868 151.33082127298908 0.0
78.0663316234097 23.490509071157774 0.0
148.40103214469207 79.9762332537623 0.0
175.25264789392202 6.6632479778532705 0.0
15.34637471469984 111.17160012039045 0.0
191.7064184106607 5.839042209034195 0.0
61.49738398481019 21.794390607187463 0.0
185.1056323868739 96.36528755609737 0.0
50.302499829924095 22.29553473961716 0.0
37.58897705689726 14.398691776078664 0.0
71.94708476870058 18.78225253816126 0.0
43.97414818547678 196.21063317315028 0.0
29.63545907781109 192.23057686074537 0.0
50.64622445527576 153.17997198496883 0.0
132.91816524800092 153.08565361551686 0.0
2.8370157595660084 8.797754423451076 0.0
152.75799110437012 129.70316025870503 0.0
78.52420680154862 177.32861852150114 0.0
191.66117314905065 5.530548929249979 0.0
113.93679156833103 173.3439629856451 0.0
27.083028075714676 132.62209706753885 0.0
158.66125274695457 7.162307507566679 0.0
97.45005373465563 118.02707301061626 0.0
137.60064654020945 143.30250808589992 0.0
117.5233457980233 4.785622344834972 0.0
142.54659207125792 177.37590379747692 0.0
133.46099000693252 50.71236001744499 0.0
27.882037290641893 21.413719407843736 0.0
157.81991217560434 45.84281831808972 0.0
142.94037736128956 78.44634282073255 0.0
160.8704990824376 3.3634121232510417 0.0
197.80441240591784 34.221494259727294 0.0
136.9800535869799 109.040704133995 0.0
29.836400569580878 97.26851318982273 0.0
13.454019430964603 20.611205446120493 0.0
14.988247530349064 178.0863788707525 0.0
124.10673533766357 171.2881912499676 0.0
50.94875534948908 14.05334710415893 0.0
30.966203552829484 50.487321946068 0.0
28.442614332097627 18.72645271031739 0.0
44.90024713290119 110.06821860112181 0.0
102.5036312431598 62.51933824723612 0.0
69.58425360403933 175.83438454369252 0.0
77.30255175292116 76.31731785618501 0.0
173.11344220755348 31.729254270957384 0.0
26.11756959488023 110.40879106567274 0.0
177.6954564296345 188.1114423277979 0.0
82.29349677122681 78.1824306175322 0.0
150.24189407207916 145.68745842745437 0.0
157.54336875628502 67.36002857780252 0.0
175.31020336053723 123.12571572513986 0.0
170.70399987032866 11.104962699944497 0.0
196.73012100191448 29.070719584821436 0.0
3.0649431239935687 77.16678958478032 0.0
25.38177193360096 28.221775484275536 0.0
35.6480047930418 155.29257067934444 0.0
27.975201996071352 176.3358604427049 0.0
169.32233698718665 101.45609756617104 0.0
135.3140878349689 80.45954597516815 0.0
80.3979282053215 132.02618209576548 0.0
38.40901032817292 178.3902357939182 0.0
122.34815749256514 151.81583064286798 0.0
176.9387099537647 25.31230351407041 0.0
148.56978457740894 47.02414266128774 0.0
166.94027963727223 125.74894573680871 0.0
1.5967245617470427 77.40325253756737 0.0
63.24233582237866 155.4159663380236 0.0
90.94161127670152 61.55294167152445 0.0
107.03781659852262 80.25898354087005 0.0
164.7470873296043 65.06573838599452 0.0
170.1260002949146 98.90086631000582 0.0
69.68645259185553 173.31578411905363 0.0
174.7360557495376 109.92149818834902 0.0
189.06126901358837 59.00497470061734 0.0
141.47731093365974 136.8373332517368 0.0
150.8011353305958 39.1502102069063 0.0
197.84423922006917 31.343465608480937 0.0
105.07889723312722 157.01586883015895 0.0
65.83688848479561 19.326268574127713 0.0
185.5121021613215 121.56607099364074 0.0
39.64044823328101 54.34999482070284 0.0
88.42955635716818 90.3313771811877 0.0
62.94029481845076 99.76599886924853 0.0
31.43953683109919 91.15509514078532 0.0
20.33176465589792 173.2885585331295 0.0
85.5440025076722 144.1045933433404 0.0
168.41673443348654 56.82665914949061 0.0
14.301057860944265 66.90326161686373 0.0
149.56178201492617 199.55630139695208 0.0
99.04562101050158 125.5592591908577 0.0
54.92569716317588 123.66331146117868 0.0
180.93618653877616 126.43726846308114 0.0
133.24672190648516 179.88183020198562 0.0
108.60325351046136 36.83999688861994 0.0
178.0128773559985 193.8991394553933 0.0
144.43289412315474 168.23633780685995 0.0
168.02144524990268 194.89257811926404 0.0
53.02674324949803 159.5934859701232 0.0
184.966553558989 23.909851627567402 0.0
172.13742662760237 57.84058911377432 0.0
186.57654725738806 182.499098102077 0.0
149.38638085911217 108.31185212314536 0.0
74.95572970519117 0.9406442394317871 0.0
17.328692727109818 40.08726705767187 0.0
67.16782110208801 80.62748334959213 0.0
74.93753211076344 59.46953804414168 0.0
48.731247164629046 196.5869296505624 0.0
45.33845338976556 49.40602172686164 0.0
170.57934322983223 33.831214810160006 0.0
187.63170597124648 13.484823159339498 0.0
36.17114034814119 75.17005739346642 0.0
54.89854960127465 0.20454095720106036 0.0
17.821428044470245 58.31359339531039 0.0
10.99525947019715 196.537374332281 0.0
139.95148247639247 76.53933951770458 0.0
45.49644999867433 189.37577274309655 0.0
171.84466765920413 9.89215075885288 0.0
59.157079683094736 159.27293326102222 0.0
83.62398079236395 142.8315702840838 0.0
31.520335409502852 192.95794363993494 0.0
36.55136851881158 149.4360994545423 0.0
127.80640506424834 179.42651225392453 0.0
2.381524616268349 108.71933832337253 0.0
53.97497976098708 88.97870498627594 0.0
136.3855752531896 50.30828636217996 0.0
26.862080239533537 25.39527710293705 0.0
164.79302151711357 124.67931985045644 0.0
190.5497024700339 88.51457858665192 0.0
89.78297419560388 42.3427116857269 0.0
180.6345033509154 187.79236804389996 0.0
63.78866986556502 132.81189724198677 0.0
14.819605584991047 106.99699046993784 0.0
139.76190417897797 36.88897757552041 0.0
171.2614602247437 136.0129761035664 0.0
165.17701645337485 64.74323941437498 0.0
5.361357378917786 57.79614930075665 0.0
154.93672383023807 27.45487023920159 0.0
151.19919833317232 6.843831945557799 0.0
51.9749727760024 81.1411987409986 0.0
55.564796760091674 100.11398802342491 0.0
64.23481214988098 10.478345716129024 0.0
100.54984690383722 182.14741110390517 0.0
152.83206862823667 22.376192237910363 0.0
84.92155612449868 123.21746554903945 0.0
138.5984113636457 120.7601574525577 0.0
155.00658532097705 62.652124475099356 0.0
92.83022836815383 89.85837556331605 0.0
2.572032150329484 199.0434157727715 0.0
182.9525843631068 26.088358599455 0.0
80.19768554464058 194.87966831720135 0.0
154.94022779981515 27.582326733945028 0.0
123.8918619260937 185.20625116278154 0.0
151.72055681683224 75.5859872056904 0.0
18.210763635939166 158.24086968216085 0.0
190.41619898642477 123.41050787044357 0.0
190.89922050133012 110.43973950026 0.0
151.1676551741618 146.31311209417487 0.0
82.07843615044659 69.33124474326124 0.0
166.40934243446858 199.62671442433432 0.0
197.26417324744665 24.504132699800895 0.0
41.85509723220466 182.6545371628726 0.0
24.006667313872263 10.45745246187919 0.0
189.08210518207767 12.29085917482655 0.0
68.70131418104923 44.58983499717479 0.0
104.4849195038014 73.02440597325565 0.0
53.12702807408387 139.42603837929514 0.0
90.50416453618726 128.9261946497758 0.0
99.5269668506608 180.24894754823723 0.0
82.41726080414612 158.41892837220095 0.0
128.554139532561 87.62557498182078 0.0
117.61132847023899 4.070382353838631 0.0
96.1621923502348 168.88587225568997 0.0
164.14125202114386 117.3485380651258 0.0
103.52954718132943 103.43353531045128 0.0
111.50871477873969 22.221516928469565 0.0
28.362816985371243 3.838247792438909 0.0
118.9807687401009 21.680656692762422 0.0
146.433252254858 47.97912398248172 0.0
15.399410897507092 127.71046743320582 0.0
38.95780611202597 87.07947961441948 0.0
49.31631605933349 7.924377799714732 0.0
114.4441957967997 0.2932935178185492 0.0
199.4198647272072 111.03069602695139 0.0
112.87715048002194 188.57408477757 0.0
72.60423819229945 58.488277539637636 0.0
5.6308785376916415 78.87724613334797 0.0
140.6632724440068 71.15690878812563 0.0
156.25056030871448 44.3171357035651 0.0
96.47458924806295 37.44264315343928 0.0
65.25347029802373 136.72062952658231 0.0
46.6722061843647 23.38364083785882 0.0
86.35824816606011 75.08903115957027 0.0
100.18883841418807 175.31732755546344 0.0
172.05851601686894 36.80068359857891 0.0
60.68170735465115 72.21518265916436 0.0
183.21494239648152 157.95683240303032 0.0
185.73867589841316 47.46648977161338 0.0
180.34763235362044 65.09360773211334 0.0
136.89415252761094 18.83800193033427 0.0
3.568526907718561 32.5534568317454 0.0
111.86721951307246 140.5315204614579 0.0
143.60135113685988 88.12937428266319 0.0
124.06708042345689 122.70692024399148 0.0
8.094417769619655 174.1659477187386 0.0
74.29381822315887 151.5333005095722 0.0
195.4393888689613 112.1212444871389 0.0
45.695282467261734 186.7763286701484 0.0
102.56702922169647 15.664057237871386 0.0
145.4236914472334 14.125170894307892 0.0
113.6985983982348 150.7012675822146 0.0
15.06834095008578 185.90766428180206 0.0
143.7895423604076 50.30043139516906 0.0
36.823721131481626 96.53773648727169 0.0
43.40984471431146 158.29295526220207 0.0
73.48495751864385 107.98440030897673 0.0
111.06319648266043 197.413623641 0.0
97.74559515298608 65.74687156089342 0.0
104.45505650822551 36.15243760029478 0.0
89.90522770874291 127.2658390949698 0.0
93.97738639195374 63.0651825647027 0.0
112.97756095798772 162.39606306840847 0.0
59.68569992324311 168.10930001370596 0.0
110.3221669943905 79.51086962362861 0.0
97.30186163957278 177.64207471947532 0.0
113.30602226387529 81.00444010212581 0.0
69.28393656870703 193.03840590641138 0.0
195.13374986605007 58.40303690594255 0.0
113.76213368344115 142.45570437039942 0.0
61.86829882543654 99.991686689067 0.0
7.147698811901537 171.09390904036917 0.0
32.79663180937653 2.80811926744875 0.0
165.47952551784007 67.36873309888355 0.0
129.67769715749196 156.05108351183586 0.0
65.08093696962563 150.73672599625638 0.0
68.04292745661691 194.39546992765273 0.0
64.85697124671567 131.48100724999833 0.0
123.60221966502498 7.401972571351534 0.0
20.57031760807917 193.58672492865944 0.0
132.94115964771302 35.154382987955216 0.0
95.69186753345025 148.90582744842692 0.0
80.07814798978072 80.45283822524034 0.0
193.92956349775696 164.1308398819967 0.0
19.08276310410397 124.33673276870584 0.0
65.2972438422428 71.66775939102601 0.0
87.83970732504125 44.40630308886793 0.0
170.5927367836967 41.31845180872895 0.0
79.17525298191714 104.35712426013349 0.0
28.41248634874962 11.753311038804659 0.0
52.946126483703914 8.337251604316265 0.0
