3 423
4 449
6 349
10 243
11 307
13 648
16 167
18 92
22 811
24 182
27 335
26 119
29 288
28 29
32 254
39 20
36 542
37 932
42 948
43 754
41 215
47 325
44 770
51 899
49 500
48 32
55 647
52 557
59 783
58 706
62 169
60 37
68 536
69 817
71 734
64 815
67 370
77 510
79 358
85 800
80 505
82 373
92 630
94 468
89 755
91 784
90 876
100 963
96 464
111 87
108 762
109 583
104 559
105 68
119 561
117 769
116 734
114 227
127 772
124 137
121 941
120 975
137 557
136 547
141 776
143 744
129 152
128 982
131 256
130 928
133 546
132 105
135 460
153 444
154 237
155 551
156 713
158 816
145 987
149 801
150 555
175 107
174 684
173 194
172 999
162 226
160 335
167 566
166 551
165 424
164 617
186 243
190 864
191 379
183 140
180 722
205 492
204 290
207 255
200 351
202 103
197 698
199 102
193 827
195 376
194 208
223 542
219 627
212 414
209 337
211 839
239 569
237 836
235 773
234 966
232 800
231 827
226 250
252 694
253 814
250 546
251 188
248 179
249 34
245 332
242 834
243 746
275 932
274 559
273 860
272 976
279 164
276 684
283 920
281 958
280 218
286 368
285 212
284 950
259 85
262 70
263 998
266 565
267 879
264 430
268 112
305 740
304 645
307 678
310 431
313 836
314 509
316 164
319 986
318 13
289 248
292 261
293 999
295 92
296 839
300 613
303 241
343 551
341 889
336 851
351 334
350 470
347 154
346 936
345 173
326 376
334 392
331 668
328 212
329 879
373 575
375 654
374 40
369 97
368 260
381 502
380 198
376 196
378 607
357 640
352 950
355 69
364 961
365 791
367 879
360 380
361 301
362 51
411 765
408 696
409 419
415 952
413 791
406 555
404 543
395 237
394 925
393 289
397 809
387 614
385 543
388 859
440 893
442 870
444 201
446 106
447 658
432 389
439 459
428 634
431 880
416 994
419 476
421 509
420 490
423 757
422 926
478 536
479 947
476 540
477 524
472 222
473 766
470 599
463 408
462 311
458 29
457 594
456 538
455 709
452 827
450 423
448 347
500 371
496 653
497 629
495 608
488 898
491 986
485 521
484 889
486 610
481 908
483 287
482 249
