53.042643233824236 179.74793491087135 0.0
2.616470950383265 121.6555666040579 0.0
107.53174847012785 10.27239677434153 0.0
22.497178393789575 109.34487813895757 0.0
38.15937055239651 153.32994581848618 0.0
173.6579574593335 126.66611109538741 0.0
125.85802978029189 106.91748283060511 0.0
8.708023294020627 110.91391457100018 0.0
146.05463166916377 22.739055008967533 0.0
157.82197130228164 56.045490447695734 0.0
96.67468776064862 174.96041953759288 0.0
197.20507821964958 10.169083385851852 0.0
142.50720451476633 30.134185744742336 0.0
37.04726968920355 110.46099618113499 0.0
106.45392582014193 163.90703034212797 0.0
183.80596534397242 104.34523803644775 0.0
50.88188370405131 103.1284551324893 0.0
197.47806523702587 116.90295548026901 0.0
61.24364524749364 11.238192928073198 0.0
86.59189395407762 41.86147695384308 0.0
69.32477957643661 180.31734473463604 0.0
61.9700499993209 57.145572508446385 0.0
34.9235538191565 144.9460385772521 0.0
4.8845780231323355 195.85650582935952 0.0
42.46305438080762 91.01824298705172 0.0
196.04604941028623 39.67708261200216 0.0
62.981296627165115 96.9222001006382 0.0
98.93852421005673 44.08384472997295 0.0
82.14025029572286 15.002713882403572 0.0
94.33270614415133 153.38033787661644 0.0
1.3398491268090673 77.97937823519116 0.0
22.37985373179434 18.448134482366285 0.0
181.71858227771617 198.00265340860778 0.0
4.509326415309811 91.2451816617946 0.0
119.76744295143247 15.28743158166732 0.0
89.42302197400464 137.46384220961286 0.0
118.47931317556801 48.77165094894056 0.0
195.80020080346839 82.39376186823606 0.0
149.40126598439986 3.0052793502921338 0.0
8.89655607201869 184.91755340068886 0.0
188.65253492950202 193.48274842567835 0.0
129.04163494712373 120.7001122518492 0.0
153.91614614077184 166.88987116345433 0.0
67.1091549563748 48.01513400550243 0.0
169.60764167630094 113.24390992348418 0.0
35.35490831234262 128.28524243626367 0.0
43.86955422604606 193.66343718638754 0.0
91.58737789301894 78.29501401063183 0.0
153.73562337408615 40.512366262203244 0.0
60.45649025747197 142.1688886137792 0.0
3.7540801902103516 25.920289226275763 0.0
177.716151273546 188.58882383439544 0.0
148.5545745462317 40.18920238958101 0.0
181.63667050599358 62.35936079181308 0.0
151.28872559504435 73.3544263038842 0.0
10.313350978005186 49.31063946679466 0.0
187.56953334711196 51.17530885019963 0.0
154.43791685687245 149.6625268160778 0.0
198.4801651228003 141.0892138480356 0.0
62.16974818017407 197.35610792608782 0.0
146.41802915787693 114.17003986917165 0.0
196.06417535914255 111.4913466758077 0.0
133.98532143431515 125.8903170013436 0.0
1.5854820405092784 120.89268660579395 0.0
108.83247328646313 61.49379616443471 0.0
162.5524034283369 63.95714186353101 0.0
196.3064255761948 181.04322722298133 0.0
90.9344440142259 33.32220996935638 0.0
176.95071286550592 194.71578412910293 0.0
26.73751685883485 108.5238061685648 0.0
57.34988489338046 100.6765611867798 0.0
8.28766122379172 99.69712296450903 0.0
70.50598832060561 125.86817396806713 0.0
114.04210528472736 111.50632000054748 0.0
185.88012319615692 124.3124428482286 0.0
174.12705617270768 128.87153351981493 0.0
109.42752062529763 8.027981445989262 0.0
3.122035948511259 124.69470458672927 0.0
10.399728548958919 12.425140228093445 0.0
115.18079988996286 194.66839816344532 0.0
24.38300000761766 31.047831755890055 0.0
48.39932566218796 135.3847200248058 0.0
150.98710472247294 93.78929609842794 0.0
47.411461438449784 99.3440750830557 0.0
89.79423063681806 108.21693165559158 0.0
131.51341721135498 84.09658509604749 0.0
39.62290058162996 35.398934549507864 0.0
110.18825879357914 42.63148267090515 0.0
123.85713888013387 129.63343073295545 0.0
98.722214754891 138.26289914087113 0.0
98.53644474342525 135.73852748916912 0.0
133.6746453178182 109.6431053236559 0.0
150.09745479245046 8.069511358223203 0.0
191.28402192140442 60.16706625334871 0.0
96.10345828704419 192.1873611676056 0.0
71.46246978216683 40.91516053692115 0.0
164.9932759188877 193.11033901056788 0.0
25.851741625393654 157.41345723109623 0.0
149.82629520197264 43.338455486670036 0.0
80.48396651203704 197.87406326575405 0.0
106.19578582024964 179.34824979006655 0.0
131.9104827944057 154.2105573829729 0.0
95.9279371629705 137.0132717163858 0.0
80.2328419207563 87.00658056730033 0.0
165.87934683216744 184.4133231934793 0.0
103.28990769816713 171.74835798277593 0.0
195.09102062979335 124.75348968991857 0.0
73.32567973548973 56.014751402046016 0.0
43.75225883939389 22.621643949355686 0.0
70.78252318550228 55.95122904054808 0.0
193.8731124297284 133.57106774797455 0.0
159.43492670845313 25.237034645340707 0.0
184.25939612549666 50.02250082863333 0.0
52.89918842525279 140.88754459072825 0.0
11.329549073732291 15.73787991491895 0.0
24.62472731181158 167.6167199524927 0.0
92.50800960906089 106.62573830939878 0.0
191.79306778898638 186.11726389609163 0.0
170.37498592877935 127.39610632467821 0.0
138.1208140748393 100.49901237505196 0.0
73.44789311560227 31.590543284646454 0.0
131.38328508043207 76.25879788123824 0.0
143.4150147105754 36.77073247348122 0.0
138.5457503739417 2.537952031447732 0.0
188.83722632827576 177.15692888530495 0.0
44.70956586395873 121.0563150207448 0.0
31.779026711684153 12.765310965760545 0.0
141.6507606463212 118.99447393135189 0.0
76.52528859623273 197.10111267074828 0.0
67.54904512087892 44.22882940678341 0.0
48.4856012530672 194.72227427504401 0.0
151.57536288150203 168.70678564821247 0.0
126.58332197104092 35.49607361080245 0.0
145.3265791399602 199.38224459283137 0.0
123.8716727700064 194.12907586579524 0.0
7.666117337649125 16.014408172463668 0.0
158.81480470524508 91.55856110738772 0.0
150.34971055871898 1.2656467644444946 0.0
3.6166889651843004 129.05135134048595 0.0
148.88568696538707 20.91705316950825 0.0
196.17635546895443 186.36376746411665 0.0
176.39963887292387 10.65309682963964 0.0
58.693077514885 142.07439334913585 0.0
127.84347729245466 130.74961491975336 0.0
178.6405220679541 7.208893838620822 0.0
167.70935874192955 161.13214792463347 0.0
76.77419352795536 102.53418705989934 0.0
56.47911830712602 26.65452914094988 0.0
112.03173601398724 155.4069507260292 0.0
89.36029903575779 66.08034239783187 0.0
154.63108163476622 43.819238833174 0.0
15.430045662921499 88.13274567767819 0.0
196.36665841849933 173.29193807175164 0.0
96.12862048119848 194.11097586257762 0.0
61.04920851453697 136.52442254606817 0.0
109.11436178615226 188.95457172857837 0.0
128.23013746572985 176.21671774978427 0.0
6.812509323196081 151.26932426702245 0.0
89.7964952679138 48.238202869572945 0.0
98.5603370268344 187.7116013037295 0.0
21.718129596313183 165.32481142154188 0.0
41.07165019076784 158.26062306174668 0.0
72.17386653792643 190.74433030517343 0.0
194.01369716184536 26.29104867753682 0.0
42.47868693810104 146.87738137713725 0.0
25.810178330816335 60.99102272569923 0.0
68.67955488913053 5.419383674521772 0.0
39.35403801934936 199.55366427662864 0.0
99.38238844734136 33.91661694329926 0.0
128.1343286717536 62.70279333980386 0.0
109.31844738351755 87.60735470668672 0.0
170.35151502348046 9.496510534986191 0.0
188.35339329284855 156.04681535228906 0.0
21.916029726235188 15.985009919384808 0.0
2.0876875310258614 0.752514816035954 0.0
78.79517674051617 67.18189089474988 0.0
32.89242093061049 53.114384126354096 0.0
44.99373579084338 162.9409897046419 0.0
79.1697823003316 81.071867493742 0.0
64.52407383425331 155.71358878551922 0.0
115.822828950886 78.56801065871169 0.0
154.04167541656028 61.793690768586075 0.0
0.36450336367512826 183.54835339027835 0.0
107.39250804147014 17.541764894886324 0.0
46.7911125167479 188.28026925896955 0.0
134.13885282123778 88.21037443410431 0.0
183.29081885035663 170.02616664619313 0.0
41.20055108507077 79.37767999383331 0.0
60.053063531350844 140.61189495269772 0.0
170.06896084639493 149.62776321130644 0.0
79.89004196464447 190.18931229562367 0.0
161.6211906852151 177.99956629775917 0.0
87.076771791848 183.49999579317543 0.0
136.38253467897 100.85888796834625 0.0
168.76154748167096 56.20475286902688 0.0
50.155294680791144 0.23084293897279728 0.0
98.4938448480341 154.3514225442141 0.0
13.252548153724476 199.262976746275 0.0
182.8622439671753 61.81134405504623 0.0
46.14565654421763 0.3719404168892604 0.0
