2 56
4 732
6 376
11 77
14 263
15 238
17 561
21 615
25 108
26 832
31 38
32 340
33 760
42 485
43 124
41 406
47 742
45 128
51 301
50 306
49 556
48 531
53 11
52 137
59 220
58 355
63 336
62 1
61 874
60 211
68 792
69 683
70 926
65 195
77 358
72 601
74 993
75 684
81 619
83 902
93 516
92 867
95 198
88 233
91 771
90 704
103 885
100 608
98 929
96 763
97 921
108 61
109 125
106 882
107 144
104 679
105 51
117 0
116 515
115 624
112 917
127 573
125 272
124 702
121 327
138 926
140 346
143 257
129 635
131 233
133 804
135 760
134 625
156 144
158 13
159 928
144 424
147 879
148 692
151 441
171 754
168 35
173 269
172 887
161 201
160 673
184 716
190 762
191 31
188 673
189 654
177 562
182 988
183 541
181 768
200 260
198 681
193 657
195 999
194 905
