2 713
3 959
5 933
11 359
12 672
15 319
19 597
21 323
23 523
26 787
28 998
30 305
34 496
33 469
37 674
42 525
43 77
40 867
41 420
46 789
47 763
44 786
51 393
50 573
49 758
48 281
55 174
52 647
56 817
61 84
69 149
71 165
66 302
76 346
79 961
72 724
74 451
75 878
84 737
87 311
86 664
81 719
80 706
83 437
92 37
89 444
91 932
102 504
100 249
101 208
98 550
96 547
97 125
110 5
108 862
109 79
107 790
105 329
119 632
118 706
117 97
116 906
114 328
122 444
121 385
137 214
136 131
141 647
129 813
128 579
131 935
133 659
132 997
135 768
152 492
153 804
156 882
159 270
144 442
145 73
147 733
151 247
171 353
175 625
173 903
172 65
163 255
162 427
166 280
165 551
164 427
185 994
190 980
191 677
188 329
178 931
182 7
183 997
181 23
207 533
206 977
201 323
203 876
196 148
193 813
192 65
194 24
221 346
222 355
217 992
214 279
209 915
237 302
236 244
235 207
233 539
230 543
228 946
226 288
225 38
254 176
252 344
249 283
246 67
247 365
245 585
275 171
272 694
279 116
283 765
281 464
287 705
286 693
285 113
284 547
258 790
259 829
256 575
262 628
263 588
260 797
261 845
264 367
265 795
271 935
305 482
307 845
306 717
309 40
308 475
311 894
312 571
314 793
317 97
288 124
289 954
296 207
298 828
299 858
301 344
302 955
303 112
342 404
340 991
339 84
337 514
348 857
347 220
344 816
326 727
325 202
322 716
321 930
330 569
331 110
328 205
329 461
373 439
372 462
375 28
374 774
370 696
381 444
380 56
383 655
376 788
356 905
357 473
352 664
365 103
366 403
367 758
360 465
361 459
411 957
408 643
409 346
415 544
403 328
400 659
407 979
404 427
394 352
392 296
399 999
396 89
385 209
384 268
391 747
390 246
388 920
440 90
441 285
443 294
444 782
446 438
432 399
436 702
437 383
438 678
425 619
424 168
427 593
428 220
430 145
419 90
421 272
479 673
473 227
471 802
468 870
466 575
467 25
462 640
461 24
460 363
458 976
457 568
456 707
454 389
452 342
451 826
450 725
449 789
508 265
509 968
510 889
504 868
506 341
500 259
501 194
503 660
493 252
495 562
489 776
488 557
487 559
481 833
551 32
549 61
546 579
544 314
545 86
558 619
556 799
557 754
567 246
566 281
564 2
561 74
560 929
573 931
570 425
568 216
517 218
518 48
512 550
513 642
514 887
524 988
525 404
526 847
527 293
520 127
521 639
528 138
541 813
540 998
543 968
537 891
539 779
611 380
608 62
614 548
618 549
619 564
616 201
617 917
622 784
620 742
621 7
627 268
626 645
625 404
631 617
629 77
635 371
634 399
632 384
576 145
582 686
583 779
585 305
587 478
590 934
593 531
592 856
595 651
599 802
600 427
603 472
604 318
607 107
606 48
686 792
685 932
684 557
683 806
677 145
676 349
673 128
672 694
702 349
703 641
700 485
701 81
699 578
690 811
688 604
689 686
653 923
652 960
655 834
651 132
644 95
647 612
646 887
643 725
642 651
669 282
664 38
660 487
662 986
656 877
658 37
747 63
745 493
751 879
750 380
739 388
737 854
740 677
763 523
761 78
767 86
765 950
755 164
753 25
756 983
715 159
714 456
719 98
705 11
707 156
708 21
710 604
729 539
732 524
735 317
721 279
722 788
723 738
725 618
727 903
786 211
785 363
799 261
798 20
797 481
794 433
792 518
775 19
773 658
770 363
768 973
782 416
783 623
781 382
778 719
779 886
