1 21 30.0
1 47 84.0
1 60 43.0
1 129 93.0
1 131 71.0
1 162 24.0
1 163 25.0
1 168 5.0
1 178 48.0
1 180 61.0
1 185 15.0
1 191 22.0
2 72 6.0
2 4 78.0
2 8 91.0
2 64 96.0
2 70 54.0
2 78 43.0
2 139 26.0
2 158 42.0
3 29 24.0
3 68 1.0
3 169 50.0
3 35 43.0
3 77 70.0
3 184 55.0
4 25 38.0
4 34 78.0
4 72 84.0
4 84 78.0
4 152 89.0
4 2 27.0
4 8 15.0
4 14 17.0
4 17 20.0
4 46 63.0
4 64 51.0
4 70 11.0
4 78 25.0
4 126 94.0
4 139 79.0
5 23 46.0
5 46 13.0
5 50 32.0
5 82 64.0
5 98 34.0
5 114 20.0
5 116 63.0
5 143 62.0
5 155 19.0
5 161 68.0
5 162 24.0
5 165 55.0
5 178 95.0
5 180 36.0
5 189 38.0
6 16 18.0
6 18 31.0
6 45 92.0
6 58 62.0
6 59 50.0
6 61 59.0
6 62 39.0
6 75 19.0
6 76 95.0
6 107 64.0
6 111 1.0
6 119 91.0
6 190 60.0
7 83 27.0
7 86 96.0
7 171 6.0
7 186 53.0
7 42 58.0
7 61 49.0
7 63 9.0
7 74 57.0
7 89 24.0
7 92 37.0
7 120 35.0
7 128 80.0
7 144 27.0
7 194 13.0
8 34 19.0
8 72 79.0
8 152 69.0
8 2 52.0
8 4 5.0
8 14 72.0
8 64 1.0
8 70 28.0
8 78 95.0
8 139 15.0
9 13 44.0
9 35 77.0
9 39 60.0
9 49 28.0
9 53 48.0
9 93 10.0
9 99 29.0
9 112 63.0
9 123 15.0
9 124 64.0
9 133 70.0
9 138 68.0
9 140 24.0
9 151 9.0
9 172 96.0
10 49 69.0
10 53 76.0
10 54 43.0
10 55 88.0
10 66 2.0
10 99 60.0
10 113 86.0
10 123 76.0
10 151 75.0
10 182 39.0
10 195 37.0
10 199 99.0
11 21 74.0
11 30 72.0
11 95 6.0
11 100 1.0
11 129 46.0
11 154 49.0
11 160 58.0
11 163 95.0
11 191 89.0
11 193 66.0
11 197 73.0
11 15 19.0
11 80 53.0
11 101 34.0
11 106 34.0
11 149 13.0
11 156 86.0
12 26 56.0
12 142 78.0
12 145 9.0
12 164 25.0
12 172 3.0
13 9 8.0
13 35 41.0
13 39 95.0
13 49 35.0
13 53 16.0
13 93 61.0
13 99 3.0
13 112 55.0
13 123 30.0
13 124 88.0
13 133 35.0
13 138 63.0
13 140 87.0
13 151 28.0
14 25 60.0
14 27 64.0
14 84 32.0
14 4 55.0
14 8 99.0
14 17 50.0
14 46 22.0
14 70 6.0
14 71 68.0
14 82 47.0
14 126 49.0
15 11 37.0
15 30 51.0
15 90 60.0
15 91 51.0
15 103 99.0
15 160 18.0
15 193 33.0
15 197 29.0
15 101 97.0
15 102 37.0
15 106 67.0
15 149 41.0
15 156 78.0
15 157 38.0
16 38 93.0
16 137 47.0
16 6 42.0
16 18 69.0
16 45 25.0
16 62 57.0
16 75 29.0
16 76 61.0
16 107 3.0
16 119 19.0
17 25 7.0
17 27 50.0
17 84 42.0
17 188 16.0
17 4 64.0
17 14 32.0
17 46 29.0
17 70 72.0
17 71 37.0
17 126 35.0
17 147 70.0
18 6 64.0
18 16 44.0
18 45 52.0
18 59 84.0
18 62 24.0
18 75 13.0
18 76 54.0
18 107 55.0
18 111 58.0
18 119 13.0
19 29 20.0
19 109 82.0
19 121 72.0
19 127 59.0
19 148 49.0
19 167 92.0
19 196 67.0
19 200 57.0
20 22 99.0
20 28 78.0
20 29 8.0
20 44 40.0
20 68 76.0
20 96 4.0
20 108 2.0
20 110 56.0
20 121 22.0
20 130 93.0
20 150 86.0
20 159 28.0
20 169 7.0
20 176 15.0
20 65 52.0
20 88 55.0
21 1 20.0
21 11 44.0
21 47 35.0
21 60 83.0
21 95 9.0
21 100 3.0
21 129 81.0
21 131 98.0
21 163 36.0
21 178 41.0
21 180 74.0
21 185 11.0
21 191 87.0
21 193 56.0
22 20 9.0
22 44 94.0
22 96 54.0
22 108 11.0
22 110 82.0
22 121 64.0
22 130 39.0
22 150 43.0
22 159 86.0
22 176 13.0
22 177 57.0
22 179 58.0
23 5 32.0
23 46 7.0
23 50 28.0
23 82 95.0
23 98 38.0
23 114 21.0
23 116 93.0
23 126 91.0
23 143 73.0
23 155 63.0
23 158 92.0
23 161 60.0
23 162 35.0
23 165 14.0
23 178 19.0
23 189 54.0
24 40 50.0
24 183 17.0
24 198 48.0
25 27 59.0
25 84 11.0
25 152 98.0
25 188 50.0
25 4 44.0
25 14 68.0
25 17 37.0
25 70 43.0
25 71 67.0
26 12 38.0
26 54 39.0
26 57 20.0
26 94 23.0
26 113 55.0
26 164 38.0
26 199 69.0
27 25 5.0
27 84 34.0
27 104 65.0
27 179 53.0
27 188 29.0
27 14 74.0
27 17 4.0
27 71 53.0
27 73 90.0
27 85 67.0
27 147 1.0
28 20 83.0
28 68 64.0
28 96 92.0
28 108 39.0
28 121 73.0
28 150 26.0
28 159 57.0
28 169 82.0
28 37 85.0
28 65 9.0
28 88 10.0
28 133 21.0
28 184 71.0
29 19 69.0
29 20 18.0
29 68 49.0
29 96 94.0
29 121 80.0
29 148 94.0
29 167 62.0
29 169 60.0
29 3 57.0
29 77 82.0
29 184 35.0
30 11 34.0
30 36 54.0
30 90 89.0
30 91 22.0
30 103 51.0
30 180 64.0
30 197 88.0
30 15 7.0
30 101 75.0
30 106 95.0
30 149 86.0
31 34 6.0
31 72 44.0
31 152 3.0
31 166 34.0
32 51 9.0
32 79 97.0
32 81 89.0
32 87 68.0
32 109 57.0
32 115 50.0
32 127 25.0
32 136 32.0
32 174 17.0
32 175 33.0
32 200 47.0
33 41 83.0
33 52 31.0
33 67 53.0
33 69 54.0
33 97 10.0
33 105 18.0
33 118 96.0
33 125 42.0
33 141 96.0
33 153 86.0
33 187 29.0
33 192 71.0
34 31 41.0
34 72 55.0
34 152 50.0
34 4 98.0
34 8 22.0
34 64 55.0
34 70 61.0
35 169 40.0
35 3 4.0
35 9 20.0
35 13 46.0
35 77 32.0
35 88 45.0
35 124 73.0
35 133 38.0
35 140 28.0
35 184 5.0
36 30 62.0
36 50 47.0
36 73 23.0
36 85 80.0
36 90 65.0
36 91 23.0
36 103 67.0
36 155 12.0
36 189 72.0
36 197 27.0
36 149 64.0
37 28 34.0
37 159 38.0
37 169 13.0
37 65 71.0
37 88 85.0
37 123 39.0
37 133 81.0
37 170 17.0
37 181 41.0
38 54 14.0
38 94 51.0
38 199 85.0
38 16 98.0
38 62 83.0
39 9 23.0
39 13 66.0
39 93 32.0
39 112 8.0
39 124 40.0
39 138 41.0
39 140 83.0
39 142 56.0
39 145 27.0
39 172 72.0
40 24 29.0
40 116 41.0
40 161 83.0
40 183 50.0
40 198 61.0
41 33 97.0
41 52 57.0
41 67 25.0
41 69 64.0
41 97 27.0
41 105 44.0
41 118 54.0
41 125 16.0
41 141 37.0
41 153 85.0
41 187 86.0
42 7 4.0
42 61 84.0
42 63 1.0
42 74 9.0
42 89 41.0
42 92 74.0
42 120 87.0
42 128 63.0
42 144 86.0
42 194 65.0
43 58 43.0
43 97 80.0
43 102 70.0
43 105 48.0
43 132 79.0
43 146 32.0
43 157 30.0
43 187 98.0
43 190 33.0
43 192 76.0
44 20 43.0
44 22 14.0
44 68 14.0
44 96 27.0
44 108 65.0
44 110 82.0
44 121 23.0
44 130 34.0
44 148 98.0
44 150 62.0
44 159 76.0
44 176 55.0
45 83 84.0
45 137 76.0
45 6 13.0
45 16 49.0
45 18 93.0
45 61 65.0
45 62 30.0
45 75 6.0
45 76 30.0
45 107 94.0
45 119 81.0
45 128 15.0
46 4 67.0
46 5 30.0
46 14 96.0
46 17 47.0
46 23 56.0
46 50 76.0
46 70 23.0
46 82 96.0
46 114 13.0
46 126 81.0
46 143 93.0
46 155 59.0
46 165 33.0
46 189 97.0
47 1 88.0
47 21 68.0
47 60 43.0
47 131 28.0
47 163 47.0
47 168 29.0
47 185 83.0
48 104 49.0
48 108 87.0
48 150 91.0
48 176 26.0
48 179 61.0
48 65 50.0
48 171 91.0
48 181 71.0
48 85 90.0
48 117 24.0
48 147 99.0
49 9 56.0
49 10 11.0
49 13 46.0
49 53 25.0
49 66 76.0
49 99 71.0
49 112 56.0
49 123 28.0
49 133 81.0
49 140 36.0
49 151 56.0
49 182 14.0
49 195 27.0
50 5 52.0
50 23 20.0
50 36 99.0
50 46 83.0
50 73 41.0
50 82 70.0
50 114 40.0
50 126 78.0
50 143 81.0
50 155 33.0
50 162 63.0
50 165 14.0
50 178 44.0
50 180 73.0
50 189 65.0
51 32 59.0
51 56 24.0
51 79 88.0
51 81 31.0
51 115 6.0
51 136 25.0
51 174 89.0
51 175 22.0
52 33 15.0
52 41 23.0
52 67 2.0
52 69 63.0
52 97 18.0
52 105 49.0
52 118 52.0
52 125 22.0
52 141 26.0
52 146 47.0
52 153 58.0
52 187 22.0
52 192 98.0
53 9 23.0
53 10 31.0
53 13 42.0
53 49 83.0
53 66 75.0
53 99 92.0
53 112 58.0
53 123 59.0
53 133 48.0
53 140 85.0
53 151 62.0
53 182 51.0
53 195 95.0
54 10 81.0
54 26 23.0
54 38 91.0
54 57 66.0
54 66 23.0
54 94 48.0
54 113 29.0
54 182 21.0
54 195 43.0
54 199 8.0
55 10 92.0
55 66 19.0
55 83 65.0
55 86 19.0
55 122 18.0
55 137 73.0
55 151 63.0
55 170 70.0
55 182 53.0
55 186 52.0
55 195 76.0
56 51 36.0
56 81 52.0
56 166 71.0
56 177 5.0
57 26 83.0
57 54 35.0
57 66 61.0
57 94 90.0
57 113 89.0
57 164 18.0
57 195 10.0
57 199 57.0
58 6 15.0
58 43 55.0
58 76 41.0
58 102 40.0
58 119 1.0
58 132 17.0
58 146 43.0
58 190 44.0
58 192 42.0
59 6 28.0
59 18 79.0
59 62 89.0
59 75 35.0
59 76 14.0
59 107 4.0
59 111 83.0
59 173 47.0
59 190 58.0
60 1 33.0
60 21 97.0
60 47 7.0
60 100 85.0
60 129 97.0
60 131 84.0
60 163 36.0
60 168 61.0
60 185 51.0
60 191 94.0
60 193 29.0
61 83 66.0
61 137 82.0
61 186 11.0
61 6 1.0
61 7 75.0
61 42 49.0
61 45 31.0
61 63 25.0
61 89 47.0
61 92 14.0
61 119 47.0
61 120 4.0
61 128 86.0
61 144 42.0
61 194 25.0
62 38 8.0
62 6 77.0
62 16 5.0
62 18 62.0
62 45 51.0
62 59 62.0
62 75 89.0
62 76 34.0
62 107 1.0
62 111 82.0
63 7 44.0
63 42 32.0
63 61 98.0
63 74 94.0
63 89 13.0
63 92 22.0
63 102 59.0
63 120 87.0
63 128 69.0
63 144 88.0
63 194 83.0
64 34 77.0
64 72 94.0
64 2 91.0
64 4 91.0
64 8 15.0
64 70 87.0
64 78 93.0
64 139 2.0
65 20 77.0
65 28 57.0
65 48 1.0
65 150 21.0
65 159 95.0
65 169 80.0
65 37 60.0
65 88 59.0
65 122 71.0
65 170 85.0
65 171 1.0
65 181 21.0
66 10 5.0
66 49 55.0
66 53 63.0
66 54 66.0
66 55 55.0
66 57 45.0
66 94 46.0
66 99 11.0
66 113 32.0
66 137 15.0
66 151 28.0
66 182 56.0
66 195 54.0
66 199 11.0
67 33 68.0
67 41 11.0
67 52 22.0
67 69 56.0
67 118 64.0
67 125 51.0
67 141 91.0
67 153 97.0
67 173 24.0
67 187 71.0
68 20 57.0
68 28 38.0
68 29 6.0
68 44 6.0
68 96 81.0
68 108 66.0
68 121 43.0
68 130 40.0
68 159 70.0
68 169 58.0
68 3 67.0
68 88 89.0
68 184 69.0
69 33 52.0
69 41 49.0
69 52 43.0
69 67 9.0
69 97 34.0
69 105 19.0
69 118 3.0
69 125 23.0
69 141 23.0
69 153 26.0
69 187 61.0
69 192 82.0
70 25 88.0
70 34 50.0
70 72 36.0
70 84 58.0
70 152 76.0
70 2 51.0
70 4 54.0
70 8 71.0
70 14 77.0
70 17 73.0
70 46 9.0
70 64 49.0
70 78 30.0
70 126 17.0
71 25 56.0
71 27 71.0
71 84 3.0
71 104 87.0
71 179 55.0
71 188 41.0
71 14 65.0
71 17 10.0
71 73 42.0
71 126 9.0
71 147 16.0
72 31 94.0
72 34 33.0
72 152 99.0
72 2 25.0
72 4 36.0
72 8 49.0
72 64 53.0
72 70 87.0
72 78 50.0
72 139 91.0
73 27 32.0
73 36 82.0
73 50 85.0
73 71 81.0
73 82 2.0
73 85 6.0
73 91 83.0
73 103 9.0
73 114 76.0
73 117 19.0
73 126 88.0
73 143 55.0
73 147 19.0
73 155 39.0
73 189 32.0
74 171 78.0
74 85 51.0
74 91 94.0
74 117 14.0
74 7 53.0
74 42 57.0
74 63 49.0
74 89 45.0
74 92 35.0
74 120 5.0
74 128 88.0
74 144 95.0
74 194 90.0
75 6 89.0
75 16 72.0
75 18 86.0
75 45 21.0
75 59 98.0
75 62 42.0
75 76 2.0
75 107 18.0
75 111 27.0
75 119 82.0
75 190 29.0
76 6 34.0
76 16 31.0
76 18 40.0
76 45 70.0
76 58 11.0
76 59 9.0
76 62 9.0
76 75 99.0
76 107 30.0
76 111 75.0
76 119 5.0
76 190 85.0
77 29 27.0
77 169 85.0
77 3 76.0
77 35 52.0
77 124 54.0
77 184 86.0
78 72 90.0
78 2 67.0
78 4 20.0
78 8 26.0
78 64 90.0
78 70 55.0
78 139 25.0
78 158 10.0
79 32 8.0
79 51 90.0
79 81 44.0
79 115 29.0
79 127 80.0
79 136 25.0
79 174 97.0
79 175 83.0
80 11 9.0
80 95 67.0
80 154 2.0
80 160 15.0
80 101 74.0
80 106 46.0
80 135 82.0
80 156 31.0
80 157 17.0
81 32 51.0
81 51 98.0
81 56 29.0
81 79 75.0
81 87 57.0
81 109 97.0
81 115 78.0
81 127 77.0
81 136 46.0
81 166 23.0
81 174 81.0
81 177 53.0
82 5 87.0
82 14 66.0
82 23 42.0
82 46 72.0
82 50 35.0
82 73 51.0
82 114 5.0
82 126 78.0
82 143 82.0
82 155 11.0
82 162 71.0
82 165 18.0
82 178 64.0
82 180 59.0
82 189 9.0
83 55 59.0
83 86 57.0
83 122 87.0
83 137 48.0
83 186 27.0
83 7 26.0
83 45 90.0
83 61 54.0
83 92 56.0
83 120 46.0
83 128 67.0
83 194 71.0
84 25 36.0
84 27 52.0
84 188 93.0
84 4 89.0
84 14 91.0
84 17 51.0
84 70 58.0
84 71 79.0
84 126 4.0
84 147 8.0
85 27 48.0
85 48 4.0
85 104 78.0
85 179 16.0
85 171 29.0
85 36 92.0
85 73 29.0
85 91 21.0
85 103 38.0
85 117 1.0
85 147 25.0
85 74 61.0
86 55 70.0
86 83 68.0
86 122 64.0
86 137 18.0
86 170 37.0
86 171 10.0
86 181 94.0
86 186 64.0
86 7 11.0
86 92 21.0
86 120 9.0
86 194 47.0
87 32 21.0
87 81 56.0
87 109 44.0
87 127 68.0
87 130 69.0
87 148 25.0
87 166 7.0
87 174 90.0
87 177 8.0
88 20 87.0
88 28 44.0
88 68 62.0
88 159 13.0
88 169 15.0
88 35 94.0
88 37 8.0
88 65 9.0
88 133 11.0
88 170 63.0
88 184 59.0
89 90 54.0
89 91 63.0
89 103 60.0
89 7 70.0
89 42 36.0
89 61 92.0
89 63 84.0
89 74 54.0
89 92 5.0
89 102 71.0
89 128 19.0
89 144 73.0
89 149 88.0
90 30 38.0
90 36 64.0
90 91 58.0
90 103 66.0
90 197 29.0
90 15 16.0
90 89 25.0
90 149 24.0
91 30 19.0
91 36 66.0
91 73 36.0
91 85 28.0
91 90 22.0
91 103 1.0
91 117 56.0
91 197 81.0
91 15 58.0
91 74 23.0
91 89 82.0
91 144 11.0
91 149 79.0
92 83 52.0
92 86 17.0
92 186 28.0
92 7 58.0
92 42 13.0
92 61 20.0
92 63 55.0
92 74 8.0
92 89 32.0
92 120 23.0
92 128 18.0
92 144 46.0
92 194 55.0
93 9 10.0
93 13 68.0
93 39 54.0
93 112 2.0
93 123 84.0
93 124 6.0
93 138 74.0
93 140 55.0
93 142 3.0
93 145 57.0
93 172 73.0
94 26 36.0
94 38 43.0
94 54 50.0
94 57 81.0
94 66 53.0
94 113 75.0
94 195 32.0
94 199 13.0
95 11 6.0
95 21 70.0
95 100 93.0
95 129 37.0
95 154 67.0
95 160 16.0
95 163 33.0
95 191 39.0
95 193 33.0
95 80 26.0
95 101 19.0
95 106 83.0
95 135 32.0
95 156 73.0
96 20 38.0
96 22 55.0
96 28 14.0
96 29 71.0
96 44 90.0
96 68 75.0
96 108 57.0
96 110 82.0
96 121 45.0
96 130 97.0
96 148 83.0
96 159 84.0
96 169 61.0
96 176 83.0
97 33 77.0
97 41 99.0
97 43 28.0
97 52 5.0
97 69 68.0
97 105 30.0
97 118 85.0
97 125 85.0
97 132 61.0
97 134 56.0
97 187 23.0
97 192 91.0
98 5 35.0
98 23 73.0
98 116 74.0
98 158 91.0
98 161 1.0
98 162 84.0
98 165 91.0
98 178 87.0
99 9 40.0
99 10 42.0
99 13 83.0
99 49 58.0
99 53 92.0
99 66 70.0
99 112 64.0
99 123 6.0
99 133 44.0
99 140 75.0
99 151 13.0
99 170 93.0
99 182 89.0
99 195 72.0
100 11 53.0
100 21 60.0
100 60 41.0
100 95 19.0
100 129 76.0
100 154 63.0
100 160 88.0
100 163 59.0
100 191 8.0
100 193 45.0
100 156 10.0
101 11 51.0
101 30 50.0
101 95 39.0
101 154 72.0
101 160 1.0
101 191 34.0
101 193 42.0
101 197 93.0
101 15 51.0
101 80 17.0
101 106 54.0
101 135 22.0
101 149 96.0
101 156 8.0
101 157 31.0
102 15 74.0
102 43 37.0
102 58 70.0
102 63 66.0
102 89 76.0
102 132 16.0
102 144 53.0
102 149 95.0
102 157 79.0
103 30 42.0
103 36 35.0
103 73 29.0
103 85 2.0
103 90 7.0
103 91 70.0
103 197 78.0
103 15 43.0
103 89 11.0
103 149 25.0
104 27 21.0
104 48 96.0
104 150 81.0
104 176 19.0
104 179 7.0
104 171 30.0
104 71 28.0
104 85 48.0
104 117 6.0
104 147 40.0
105 33 91.0
105 41 6.0
105 43 94.0
105 52 61.0
105 69 99.0
105 97 16.0
105 118 98.0
105 125 63.0
105 132 44.0
105 134 39.0
105 146 13.0
105 187 19.0
105 192 74.0
106 11 31.0
106 30 65.0
106 95 14.0
106 154 32.0
106 160 26.0
106 191 53.0
106 193 19.0
106 197 61.0
106 15 51.0
106 80 93.0
106 101 20.0
106 149 75.0
106 156 36.0
106 157 43.0
107 6 79.0
107 16 69.0
107 18 66.0
107 45 1.0
107 59 87.0
107 62 96.0
107 75 69.0
107 76 95.0
107 111 12.0
107 119 4.0
108 20 19.0
108 22 69.0
108 28 89.0
108 44 71.0
108 48 82.0
108 68 90.0
108 96 27.0
108 110 70.0
108 121 59.0
108 130 31.0
108 150 29.0
108 159 36.0
108 176 73.0
108 179 10.0
109 19 25.0
109 32 82.0
109 81 37.0
109 87 28.0
109 127 70.0
109 148 41.0
109 174 25.0
109 196 2.0
109 200 12.0
110 20 68.0
110 22 35.0
110 44 34.0
110 96 92.0
110 108 81.0
110 121 58.0
110 130 26.0
110 150 74.0
110 159 30.0
110 176 26.0
110 179 12.0
111 6 2.0
111 18 40.0
111 59 45.0
111 62 7.0
111 75 74.0
111 76 96.0
111 107 93.0
111 119 32.0
111 173 92.0
111 190 24.0
112 9 78.0
112 13 99.0
112 39 78.0
112 49 69.0
112 53 51.0
112 93 92.0
112 99 67.0
112 123 94.0
112 138 5.0
112 140 52.0
112 142 26.0
112 145 57.0
112 151 55.0
112 172 97.0
113 10 39.0
113 26 3.0
113 54 70.0
113 57 10.0
113 66 80.0
113 94 54.0
113 164 87.0
113 195 4.0
113 199 74.0
114 5 79.0
114 23 23.0
114 46 87.0
114 50 38.0
114 73 95.0
114 82 60.0
114 126 22.0
114 143 72.0
114 155 69.0
114 162 76.0
114 165 37.0
114 178 93.0
114 180 97.0
114 189 60.0
115 32 54.0
115 51 57.0
115 79 76.0
115 81 41.0
115 127 45.0
115 136 59.0
115 174 84.0
115 175 55.0
116 5 89.0
116 23 54.0
116 40 72.0
116 98 61.0
116 158 67.0
116 161 15.0
116 162 26.0
116 165 2.0
116 178 85.0
116 183 64.0
117 48 90.0
117 104 21.0
117 179 76.0
117 171 27.0
117 73 67.0
117 85 41.0
117 91 26.0
117 147 60.0
117 74 2.0
118 33 4.0
118 41 72.0
118 52 50.0
118 67 17.0
118 69 85.0
118 97 14.0
118 105 72.0
118 125 47.0
118 141 28.0
118 153 90.0
118 187 25.0
119 6 7.0
119 16 5.0
119 18 50.0
119 45 27.0
119 58 64.0
119 61 85.0
119 75 8.0
119 76 10.0
119 107 70.0
119 111 81.0
119 128 7.0
119 190 75.0
120 83 47.0
120 86 51.0
120 122 31.0
120 137 27.0
120 186 84.0
120 7 4.0
120 42 91.0
120 61 1.0
120 63 20.0
120 74 50.0
120 92 99.0
120 128 12.0
120 194 62.0
121 19 83.0
121 20 58.0
121 22 11.0
121 28 6.0
121 29 3.0
121 44 70.0
121 68 79.0
121 96 18.0
121 108 52.0
121 110 26.0
121 130 45.0
121 148 39.0
121 159 64.0
121 167 43.0
121 169 62.0
122 55 22.0
122 65 55.0
122 83 90.0
122 86 56.0
122 170 37.0
122 171 57.0
122 181 42.0
122 182 82.0
122 186 23.0
122 120 46.0
122 194 61.0
123 9 45.0
123 10 31.0
123 13 42.0
123 37 83.0
123 49 47.0
123 53 2.0
123 93 56.0
123 99 46.0
123 112 56.0
123 133 37.0
123 140 76.0
123 151 74.0
123 182 4.0
124 9 91.0
124 13 91.0
124 35 54.0
124 39 67.0
124 77 91.0
124 93 78.0
124 138 26.0
124 140 81.0
125 33 72.0
125 41 82.0
125 52 26.0
125 67 28.0
125 69 8.0
125 97 63.0
125 105 83.0
125 118 92.0
125 141 23.0
125 146 78.0
125 153 72.0
125 173 27.0
125 187 15.0
125 192 43.0
126 84 9.0
126 4 93.0
126 14 99.0
126 17 83.0
126 23 5.0
126 46 99.0
126 50 77.0
126 70 4.0
126 71 53.0
126 73 22.0
126 82 59.0
126 114 51.0
126 143 80.0
126 155 5.0
126 165 31.0
126 189 84.0
127 19 16.0
127 32 53.0
127 79 56.0
127 81 2.0
127 87 90.0
127 109 23.0
127 115 60.0
127 136 45.0
127 148 79.0
127 174 38.0
127 196 79.0
127 200 26.0
128 83 82.0
128 7 67.0
128 42 10.0
128 45 87.0
128 61 57.0
128 63 34.0
128 74 9.0
128 89 81.0
128 92 68.0
128 119 11.0
128 120 15.0
128 144 58.0
128 194 5.0
129 1 34.0
129 11 2.0
129 21 7.0
129 60 85.0
129 95 45.0
129 100 80.0
129 131 55.0
129 154 72.0
129 160 34.0
129 163 47.0
129 191 1.0
129 193 88.0
130 20 63.0
130 22 47.0
130 44 31.0
130 68 6.0
130 87 29.0
130 96 42.0
130 108 49.0
130 110 16.0
130 121 6.0
130 148 27.0
130 159 33.0
130 176 16.0
131 1 8.0
131 21 84.0
131 47 82.0
131 60 32.0
131 129 13.0
131 163 2.0
131 168 51.0
131 185 83.0
132 43 79.0
132 58 77.0
132 97 19.0
132 102 55.0
132 105 89.0
132 146 99.0
132 157 54.0
132 190 64.0
132 192 74.0
133 28 95.0
133 169 13.0
133 9 24.0
133 13 55.0
133 35 9.0
133 37 23.0
133 49 4.0
133 53 83.0
133 88 63.0
133 99 1.0
133 123 40.0
133 140 46.0
133 151 91.0
133 170 41.0
133 184 97.0
134 97 35.0
134 105 32.0
134 135 47.0
134 157 29.0
134 192 99.0
135 95 7.0
135 154 66.0
135 160 34.0
135 80 28.0
135 101 66.0
135 134 2.0
135 156 66.0
135 157 20.0
136 32 42.0
136 51 19.0
136 79 13.0
136 81 58.0
136 115 75.0
136 127 32.0
136 174 87.0
136 175 11.0
137 55 30.0
137 66 50.0
137 83 35.0
137 86 24.0
137 186 46.0
137 16 3.0
137 45 67.0
137 61 43.0
137 120 2.0
137 194 82.0
138 9 99.0
138 13 81.0
138 39 66.0
138 93 95.0
138 112 38.0
138 124 65.0
138 140 76.0
138 142 18.0
138 145 50.0
138 172 87.0
139 72 46.0
139 2 9.0
139 4 94.0
139 8 85.0
139 64 24.0
139 78 82.0
139 158 57.0
140 9 75.0
140 13 68.0
140 35 67.0
140 39 80.0
140 49 95.0
140 53 24.0
140 93 36.0
140 99 45.0
140 112 6.0
140 123 39.0
140 124 44.0
140 133 73.0
140 138 98.0
140 142 19.0
140 151 63.0
140 172 75.0
141 33 32.0
141 41 10.0
141 52 65.0
141 67 18.0
141 69 63.0
141 118 39.0
141 125 39.0
141 153 54.0
141 187 48.0
142 12 85.0
142 39 48.0
142 93 55.0
142 112 25.0
142 138 31.0
142 140 17.0
142 145 44.0
142 164 10.0
142 172 62.0
143 5 7.0
143 23 53.0
143 46 1.0
143 50 34.0
143 73 1.0
143 82 65.0
143 114 65.0
143 126 40.0
143 155 11.0
143 162 51.0
143 165 95.0
143 178 82.0
143 180 88.0
143 189 40.0
144 91 2.0
144 7 2.0
144 42 91.0
144 61 56.0
144 63 95.0
144 74 16.0
144 89 93.0
144 92 14.0
144 102 35.0
144 128 71.0
144 149 20.0
145 12 62.0
145 39 1.0
145 93 40.0
145 112 99.0
145 138 39.0
145 142 65.0
145 164 87.0
145 172 12.0
146 43 77.0
146 52 40.0
146 58 72.0
146 105 84.0
146 125 28.0
146 132 92.0
146 173 36.0
146 187 36.0
146 190 83.0
146 192 46.0
147 27 46.0
147 48 29.0
147 84 98.0
147 104 68.0
147 179 47.0
147 17 22.0
147 71 53.0
147 73 18.0
147 85 69.0
147 117 10.0
148 19 68.0
148 29 6.0
148 44 56.0
148 87 84.0
148 96 16.0
148 109 72.0
148 121 72.0
148 127 3.0
148 130 73.0
148 167 5.0
148 196 64.0
148 200 43.0
149 11 37.0
149 30 68.0
149 36 72.0
149 90 92.0
149 91 20.0
149 103 39.0
149 197 59.0
149 15 77.0
149 89 43.0
149 101 74.0
149 102 43.0
149 106 40.0
149 144 96.0
149 157 22.0
150 20 77.0
150 22 39.0
150 28 30.0
150 44 75.0
150 48 76.0
150 104 41.0
150 108 90.0
150 110 58.0
150 159 25.0
150 176 47.0
150 179 17.0
150 65 77.0
150 171 70.0
150 181 16.0
151 9 1.0
151 10 20.0
151 13 84.0
151 49 4.0
151 53 43.0
151 55 37.0
151 66 72.0
151 99 76.0
151 112 48.0
151 123 33.0
151 133 77.0
151 140 18.0
151 182 15.0
151 195 16.0
152 25 71.0
152 31 79.0
152 34 97.0
152 72 55.0
152 166 47.0
152 188 31.0
152 4 53.0
152 8 63.0
152 70 15.0
153 33 56.0
153 41 70.0
153 52 68.0
153 67 1.0
153 69 75.0
153 118 99.0
153 125 57.0
153 141 92.0
153 173 82.0
153 187 95.0
154 11 26.0
154 95 17.0
154 100 6.0
154 129 84.0
154 160 56.0
154 163 23.0
154 191 24.0
154 193 36.0
154 80 37.0
154 101 97.0
154 106 92.0
154 135 50.0
154 156 48.0
155 5 12.0
155 23 69.0
155 36 87.0
155 46 61.0
155 50 46.0
155 73 63.0
155 82 95.0
155 114 9.0
155 126 89.0
155 143 47.0
155 162 23.0
155 165 52.0
155 180 63.0
155 189 36.0
156 11 97.0
156 95 90.0
156 100 49.0
156 154 72.0
156 160 62.0
156 191 81.0
156 193 32.0
156 15 72.0
156 80 88.0
156 101 96.0
156 106 20.0
156 135 87.0
156 157 50.0
157 15 22.0
157 43 9.0
157 80 41.0
157 101 33.0
157 102 43.0
157 106 62.0
157 132 73.0
157 134 97.0
157 135 72.0
157 149 40.0
157 156 92.0
158 2 16.0
158 23 83.0
158 78 76.0
158 98 62.0
158 116 24.0
158 139 56.0
158 161 96.0
159 20 61.0
159 22 24.0
159 28 61.0
159 44 44.0
159 68 70.0
159 96 75.0
159 108 29.0
159 110 61.0
159 121 52.0
159 130 19.0
159 150 15.0
159 169 59.0
159 176 31.0
159 37 38.0
159 65 61.0
159 88 34.0
160 11 84.0
160 95 88.0
160 100 46.0
160 129 4.0
160 154 4.0
160 163 65.0
160 191 10.0
160 193 45.0
160 15 97.0
160 80 60.0
160 101 36.0
160 106 87.0
160 135 75.0
160 156 65.0
161 5 68.0
161 23 64.0
161 40 35.0
161 98 92.0
161 116 50.0
161 158 55.0
161 162 95.0
161 165 47.0
161 178 65.0
161 183 72.0
162 1 68.0
162 5 89.0
162 23 91.0
162 50 20.0
162 82 6.0
162 98 8.0
162 114 64.0
162 116 25.0
162 143 26.0
162 155 2.0
162 161 77.0
162 165 85.0
162 178 46.0
162 180 1.0
162 189 70.0
163 1 8.0
163 11 39.0
163 21 97.0
163 47 50.0
163 60 71.0
163 95 63.0
163 100 42.0
163 129 54.0
163 131 4.0
163 154 11.0
163 160 47.0
163 185 50.0
163 191 35.0
163 193 42.0
164 12 18.0
164 26 37.0
164 57 76.0
164 113 87.0
164 142 12.0
164 145 12.0
164 172 72.0
165 5 44.0
165 23 18.0
165 46 21.0
165 50 62.0
165 82 78.0
165 98 64.0
165 114 63.0
165 116 44.0
165 126 20.0
165 143 98.0
165 155 31.0
165 161 32.0
165 162 38.0
165 178 74.0
165 180 35.0
165 189 29.0
166 31 22.0
166 56 57.0
166 81 21.0
166 87 51.0
166 152 48.0
166 177 27.0
166 188 7.0
167 19 34.0
167 29 48.0
167 121 67.0
167 148 59.0
167 196 52.0
167 200 18.0
168 1 62.0
168 47 56.0
168 60 12.0
168 131 89.0
168 185 2.0
168 198 77.0
169 20 98.0
169 28 13.0
169 29 58.0
169 68 84.0
169 96 36.0
169 121 55.0
169 159 61.0
169 3 77.0
169 35 14.0
169 37 91.0
169 65 93.0
169 77 27.0
169 88 59.0
169 133 1.0
169 184 60.0
170 37 6.0
170 55 89.0
170 65 76.0
170 86 51.0
170 88 84.0
170 99 56.0
170 122 86.0
170 133 55.0
170 181 55.0
170 182 5.0
170 186 22.0
171 48 71.0
171 104 29.0
171 150 9.0
171 65 38.0
171 86 13.0
171 122 39.0
171 181 16.0
171 186 41.0
171 85 47.0
171 117 59.0
171 7 3.0
171 74 98.0
172 9 50.0
172 12 64.0
172 39 11.0
172 93 96.0
172 112 19.0
172 138 28.0
172 140 31.0
172 142 65.0
172 145 3.0
172 164 87.0
173 59 21.0
173 67 87.0
173 111 33.0
173 125 55.0
173 146 31.0
173 153 83.0
173 187 91.0
173 190 30.0
174 32 42.0
174 51 74.0
174 79 46.0
174 81 97.0
174 87 1.0
174 109 19.0
174 115 95.0
174 127 93.0
174 136 10.0
174 175 12.0
174 200 1.0
175 32 46.0
175 51 61.0
175 79 40.0
175 115 65.0
175 136 95.0
175 174 32.0
176 20 14.0
176 22 10.0
176 44 68.0
176 48 71.0
176 96 80.0
176 104 22.0
176 108 24.0
176 110 63.0
176 130 46.0
176 150 15.0
176 159 18.0
176 179 14.0
177 22 59.0
177 56 19.0
177 81 62.0
177 87 79.0
177 166 19.0
177 188 11.0
178 1 69.0
178 5 89.0
178 21 87.0
178 23 82.0
178 50 59.0
178 82 3.0
178 98 41.0
178 114 50.0
178 116 67.0
178 143 14.0
178 161 72.0
178 162 49.0
178 165 31.0
178 180 57.0
178 185 50.0
178 189 74.0
179 22 84.0
179 27 94.0
179 48 24.0
179 104 49.0
179 108 15.0
179 110 73.0
179 150 31.0
179 176 32.0
179 71 36.0
179 85 16.0
179 117 99.0
179 147 32.0
180 1 24.0
180 5 68.0
180 21 73.0
180 30 75.0
180 50 90.0
180 82 81.0
180 114 51.0
180 143 16.0
180 155 63.0
180 162 73.0
180 165 60.0
180 178 55.0
180 189 67.0
181 48 91.0
181 150 68.0
181 37 10.0
181 65 14.0
181 86 74.0
181 122 65.0
181 170 48.0
181 171 31.0
181 186 38.0
182 10 20.0
182 49 48.0
182 53 88.0
182 54 96.0
182 55 97.0
182 66 96.0
182 99 3.0
182 122 50.0
182 123 40.0
182 151 18.0
182 170 22.0
182 195 53.0
182 199 48.0
183 24 31.0
183 40 60.0
183 116 41.0
183 161 19.0
183 198 90.0
184 28 41.0
184 29 25.0
184 68 97.0
184 169 9.0
184 3 89.0
184 35 13.0
184 77 86.0
184 88 76.0
184 133 33.0
185 1 50.0
185 21 2.0
185 47 5.0
185 60 18.0
185 131 37.0
185 163 4.0
185 168 65.0
185 178 19.0
186 55 38.0
186 83 68.0
186 86 13.0
186 122 37.0
186 137 14.0
186 170 90.0
186 171 18.0
186 181 71.0
186 7 45.0
186 61 87.0
186 92 63.0
186 120 86.0
186 194 71.0
187 33 70.0
187 41 29.0
187 43 59.0
187 52 65.0
187 67 75.0
187 69 60.0
187 97 78.0
187 105 72.0
187 118 97.0
187 125 77.0
187 141 1.0
187 146 18.0
187 153 50.0
187 173 79.0
187 190 68.0
187 192 16.0
188 25 4.0
188 27 22.0
188 84 54.0
188 152 59.0
188 166 48.0
188 177 10.0
188 17 91.0
188 71 79.0
189 5 77.0
189 23 21.0
189 36 83.0
189 46 30.0
189 50 43.0
189 73 99.0
189 82 51.0
189 114 26.0
189 126 62.0
189 143 76.0
189 155 69.0
189 162 16.0
189 165 37.0
189 178 61.0
189 180 9.0
190 6 57.0
190 43 46.0
190 58 40.0
190 59 60.0
190 75 97.0
190 76 25.0
190 111 33.0
190 119 98.0
190 132 12.0
190 146 55.0
190 173 18.0
190 187 90.0
190 192 4.0
191 1 60.0
191 11 7.0
191 21 99.0
191 60 31.0
191 95 3.0
191 100 75.0
191 129 90.0
191 154 94.0
191 160 72.0
191 163 75.0
191 193 14.0
191 101 35.0
191 106 43.0
191 156 22.0
192 33 78.0
192 43 51.0
192 52 4.0
192 58 44.0
192 69 39.0
192 97 82.0
192 105 21.0
192 125 19.0
192 132 16.0
192 134 35.0
192 146 76.0
192 187 25.0
192 190 37.0
193 11 16.0
193 21 35.0
193 60 66.0
193 95 49.0
193 100 42.0
193 129 14.0
193 154 99.0
193 160 39.0
193 163 9.0
193 191 48.0
193 15 32.0
193 101 84.0
193 106 85.0
193 156 52.0
194 83 28.0
194 86 26.0
194 122 68.0
194 137 9.0
194 186 41.0
194 7 54.0
194 42 58.0
194 61 43.0
194 63 20.0
194 74 86.0
194 92 58.0
194 120 70.0
194 128 50.0
195 10 91.0
195 49 67.0
195 53 23.0
195 54 22.0
195 55 50.0
195 57 45.0
195 66 25.0
195 94 52.0
195 99 97.0
195 113 46.0
195 151 88.0
195 182 70.0
195 199 22.0
196 19 86.0
196 109 82.0
196 127 6.0
196 148 88.0
196 167 81.0
196 200 29.0
197 11 12.0
197 30 82.0
197 36 14.0
197 90 70.0
197 91 75.0
197 103 47.0
197 15 19.0
197 101 78.0
197 106 2.0
197 149 36.0
198 24 73.0
198 40 23.0
198 168 27.0
198 183 9.0
199 10 19.0
199 26 6.0
199 38 30.0
199 54 4.0
199 57 35.0
199 66 92.0
199 94 18.0
199 113 81.0
199 182 86.0
199 195 55.0
200 19 26.0
200 32 10.0
200 109 72.0
200 127 11.0
200 148 67.0
200 167 52.0
200 174 3.0
200 196 87.0
