5 795
6 639
7 898
8 460
9 523
11 946
12 206
13 385
14 831
16 553
19 271
18 880
20 878
22 620
25 813
24 496
27 140
30 263
34 153
32 41
33 637
38 583
39 640
42 947
43 387
46 43
44 405
51 142
49 304
54 105
53 660
52 280
57 845
63 297
60 596
68 246
69 112
64 114
65 820
77 458
75 388
81 727
80 542
83 901
93 194
89 94
91 360
102 322
100 950
101 541
97 855
111 911
108 877
119 345
117 686
116 600
113 609
112 964
127 725
126 522
125 407
122 642
121 941
136 833
139 744
138 873
140 495
142 398
129 987
135 706
157 756
158 72
159 852
144 648
145 647
146 829
147 205
170 484
169 207
168 382
163 834
162 626
161 417
166 517
165 443
187 204
185 98
191 299
188 699
189 882
178 529
179 658
177 102
181 338
200 651
197 284
199 799
193 761
192 424
195 55
