2 276
3 435
5 957
12 200
13 431
17 568
21 469
20 31
23 637
22 570
25 664
26 232
29 333
28 349
34 703
32 618
38 697
39 116
36 722
37 160
41 28
49 89
53 754
52 96
59 741
58 35
57 949
56 787
61 520
60 890
68 599
70 16
71 645
77 438
78 450
79 628
73 408
74 237
75 378
84 372
80 4
82 948
92 648
94 331
89 268
90 781
102 408
103 470
100 744
101 566
98 689
97 261
110 768
111 722
108 968
109 492
107 936
104 353
117 689
116 888
115 56
114 843
112 252
125 589
124 303
123 681
137 888
136 371
139 924
142 260
129 519
128 746
131 448
130 31
135 333
153 554
155 235
156 183
157 989
144 645
146 361
149 804
171 298
170 8
169 937
175 231
174 359
173 468
163 450
162 75
161 837
167 819
166 674
184 8
185 527
188 814
189 45
178 306
179 370
176 500
177 622
182 832
183 526
181 932
206 421
202 593
196 307
199 739
198 869
193 305
192 570
195 929
220 449
216 688
219 114
214 406
215 418
208 700
235 404
229 42
228 391
227 205
225 683
255 234
252 426
251 198
249 939
246 687
247 203
244 956
245 293
243 488
275 20
272 710
278 980
277 127
283 639
282 604
281 135
280 889
287 215
286 236
285 3
258 455
259 922
263 824
261 372
266 586
267 496
271 724
269 337
305 836
304 740
307 923
309 17
311 697
313 403
315 913
314 269
319 115
290 893
291 146
292 932
293 885
294 639
295 761
296 581
297 799
300 179
303 622
343 604
342 881
340 117
339 287
348 148
347 715
345 594
344 551
322 869
323 592
320 23
332 795
373 931
374 459
371 723
380 201
383 555
382 362
379 963
378 188
358 434
352 495
366 640
362 394
410 859
414 614
415 534
412 750
402 85
400 496
401 227
406 905
407 159
404 21
393 314
392 260
398 617
397 169
396 228
387 720
385 536
391 69
390 795
389 550
442 349
445 902
433 466
435 715
437 340
439 523
424 619
427 115
426 956
428 384
431 846
418 687
421 367
420 375
422 163
479 857
474 895
473 78
471 93
469 579
467 251
465 939
463 955
462 23
460 845
459 716
457 188
456 25
455 994
451 364
496 751
499 705
492 445
489 824
485 268
483 229
