109.0063599068104 31.78540838464592 0.0
73.52019614110392 19.35508159654904 0.0
71.96286383041503 172.87792532783564 0.0
47.121375347730044 65.53435930792739 0.0
114.78041428343928 85.82682505414508 0.0
97.87091024678926 174.37510368077608 0.0
126.31307871212796 30.277745994774286 0.0
174.13320154759003 45.65523189891296 0.0
44.78038471677055 86.94933790229089 0.0
105.36838002637705 55.18597475697688 0.0
2.419389098219815 142.88025574551014 0.0
72.81866233936584 121.36121117786034 0.0
66.95165447352764 188.43398091392126 0.0
114.86662759851036 172.5179981275771 0.0
144.88591535229696 106.36543896597885 0.0
177.10578085695343 72.46300988221128 0.0
97.02868572762549 195.16747320235396 0.0
18.140210057631336 64.05874620176075 0.0
83.17679051618951 62.07919682527749 0.0
64.35674666587097 24.55230604273153 0.0
0.8171409102225136 45.55237840139894 0.0
70.38962236063566 91.36867816846699 0.0
11.760847384448159 182.63611610256973 0.0
186.7241360563214 113.37955052832893 0.0
160.9901899323492 123.65401250781365 0.0
161.86242637697038 110.19765213909214 0.0
183.59858549076264 114.71217461392524 0.0
113.70101596211116 80.83576044565284 0.0
168.5552302880872 17.99049603095819 0.0
193.24635862838784 93.10855792968049 0.0
2.1276990309851085 120.4336155556061 0.0
133.52112479952117 6.444542817180454 0.0
49.14725971225955 193.37207585033096 0.0
127.49065508846485 33.31432719976812 0.0
146.90335510530034 108.76830429164121 0.0
111.06539579085977 28.27065033096703 0.0
84.30513585118713 92.1960127999619 0.0
140.71185301868027 108.63457841010167 0.0
118.04954651759343 198.32574178767274 0.0
149.9310920627148 157.15129123402426 0.0
137.88706245825176 31.60331684253681 0.0
144.84031864197308 134.47813692511897 0.0
34.677689143047715 102.97203480787039 0.0
56.31979673189331 138.15641618634916 0.0
47.78140097225388 112.9035081330559 0.0
4.663729338135703 184.75768623229754 0.0
172.4287895921391 81.66605817165899 0.0
52.400460213841015 163.1842801434896 0.0
93.06921106529902 9.673735008732208 0.0
21.923793434635265 109.64279805483814 0.0
175.29536659310497 43.92303617136475 0.0
36.80385376477335 88.5985244364111 0.0
196.79466223156786 150.9384227345849 0.0
109.12246458942394 129.0575868989769 0.0
126.87945033093777 52.3118753050734 0.0
139.90457635801505 61.81295939737743 0.0
174.49962612638862 65.83576466992318 0.0
125.69381910038982 130.8292442629734 0.0
116.24280591207823 113.39234578570385 0.0
171.54690877148298 110.73041638024719 0.0
188.67866176242464 106.17726395784675 0.0
99.19797383741495 152.39370549964923 0.0
183.50576032715514 198.49854977883447 0.0
8.8708035478406 99.94180035006748 0.0
19.310674960189232 13.306600150055603 0.0
104.19316097762818 174.9647090298726 0.0
180.3507507687398 85.77475445877613 0.0
21.894189965317846 107.59167165723133 0.0
10.62348055097817 45.664057181301175 0.0
21.442347670632 9.072448744798978 0.0
130.58696324564968 64.86997866159734 0.0
84.5078841708407 126.81658800886011 0.0
4.247535318386375 33.46277965519133 0.0
50.1105063834782 100.37813442856067 0.0
125.93220766297546 195.69745741819534 0.0
168.53933576752817 45.66242647420076 0.0
18.915056765454796 176.88306256324245 0.0
95.60891362135888 134.67067147002717 0.0
42.168369997159786 62.665374636234446 0.0
168.5415114390145 109.38697763145997 0.0
86.86082996628444 54.1910054738842 0.0
5.742631947619348 170.95172850172997 0.0
10.826627968437341 15.784947980910236 0.0
54.96306792649932 119.0540540446071 0.0
107.08091907927948 156.18770502087202 0.0
77.81750084499537 81.51542360608317 0.0
31.558694844041923 140.0622875157997 0.0
103.3561849764415 70.32529937932344 0.0
25.60551276516683 113.39524967258741 0.0
109.3628136934232 127.92887835548412 0.0
160.35036569134178 44.58014642642656 0.0
197.27819120328982 186.35608488789288 0.0
102.94221694450174 32.38580833085418 0.0
115.12599001504744 151.81993738165062 0.0
158.73359644163781 12.675867668627937 0.0
52.54331921249524 148.70157973443204 0.0
78.84597794420725 7.660045448312758 0.0
82.99547539607133 109.37822078439206 0.0
139.1533528308829 104.62180430677725 0.0
60.48080488458514 180.1393833803708 0.0
94.57194201727617 125.48103649380703 0.0
191.50809031922395 128.47585624900407 0.0
191.64551769258597 54.21438476361431 0.0
97.85557030799544 83.3148705765744 0.0
82.76744769622886 126.07009675887599 0.0
161.59711247055293 117.31402689004415 0.0
26.9820474755587 50.6781499205694 0.0
101.10776933643513 189.11557012679293 0.0
185.15944951387456 140.57058855632866 0.0
65.23735696768429 3.501724904046055 0.0
121.43972159606555 147.29098842462912 0.0
52.567433768362704 18.680786083357503 0.0
8.193591903711539 169.1861034127163 0.0
163.64343327501408 132.47280681579545 0.0
98.34861142204177 88.13677346099237 0.0
76.30043802958757 112.95270058342288 0.0
176.78120052107525 16.899178182996778 0.0
197.67750732796608 4.147729969911018 0.0
131.57662889021677 194.3917391062738 0.0
191.2421052931956 133.67529364654604 0.0
96.31042022818248 53.17683589096032 0.0
3.1227759439869773 176.7461599296697 0.0
6.10635456949824 1.5507622685995592 0.0
119.27462076374727 189.74718056110083 0.0
83.07777443476157 12.06921602195543 0.0
173.4789179674195 16.656683893556323 0.0
120.86037553135145 188.9998629973788 0.0
195.90456760936667 192.83478115647276 0.0
73.29638844846139 99.10746735231184 0.0
142.93576349859637 23.269913668791876 0.0
168.9314386387737 193.34111748130246 0.0
81.19680044250246 96.15194096004396 0.0
170.837108313362 121.40727086001064 0.0
112.18143820371469 107.68125056522379 0.0
80.37362130239228 146.8762831063071 0.0
18.620925639379095 120.31233657952545 0.0
143.85879206345024 7.384143449257019 0.0
89.70122256571705 54.16945716803339 0.0
62.71079700307918 32.65536714495847 0.0
39.4666108494993 120.16087024626555 0.0
30.484006359499418 132.48679615619022 0.0
171.22339946401712 43.35744395321039 0.0
24.318619981353407 197.4963684135353 0.0
160.4840183171912 96.49031284440166 0.0
63.67638606470669 117.35483912941747 0.0
29.968319512482623 165.96136653041816 0.0
115.83632576447307 14.382481582796247 0.0
72.40555605435439 106.54947635740679 0.0
175.4758912176434 14.807039997381043 0.0
40.35692029061049 106.0343714417417 0.0
174.76453169835304 135.64297410720133 0.0
67.00525787767539 77.24911098190455 0.0
190.74825919100738 52.06640556450341 0.0
107.83499595253261 22.61125468406362 0.0
108.40534160579125 28.324015027757344 0.0
0.351981879118779 74.971824231581 0.0
70.60480751857791 144.62830387893283 0.0
127.46942205634852 108.66019952020645 0.0
100.30099089220303 133.15569094523318 0.0
139.9127249319192 35.89224261304187 0.0
15.648964155017065 48.177930886504484 0.0
43.97260378621712 156.24790990065043 0.0
175.32725128372843 38.521472027637294 0.0
193.16229197471247 10.713696805165739 0.0
89.20566723987227 64.96334914455272 0.0
135.8114135044644 106.82439993828096 0.0
108.59791049506575 110.83636185858639 0.0
65.35551783825129 27.727625591827554 0.0
70.68990831241247 71.03029999217748 0.0
196.05682471137877 15.533620157408023 0.0
113.3364998182965 72.73998355964552 0.0
144.1184159579101 128.10202567314315 0.0
99.27075327363187 80.72513138954088 0.0
132.6305396423893 108.45624503450453 0.0
192.87156853877823 70.51087026593915 0.0
158.51433699748367 177.3051232335993 0.0
117.9869466589315 14.87202345128833 0.0
160.6048280111112 61.69081298271897 0.0
91.91175714552419 22.108184075906845 0.0
110.2415460001551 106.5705660800138 0.0
178.47048269164557 189.03075702912227 0.0
9.21184581574801 81.17952392609995 0.0
32.256895226456784 87.24713900508416 0.0
24.618350265968992 88.31035842129009 0.0
116.43429189428957 88.24133700872446 0.0
16.21867704930797 12.184899026632667 0.0
68.10136558514061 150.91434759443374 0.0
119.0120956746028 199.38181475116846 0.0
158.08039245502636 44.66166352199175 0.0
32.324326997989836 157.32355555596104 0.0
146.08605136646565 61.72939501531349 0.0
36.36826349055173 176.11474745535816 0.0
67.58462979425377 84.5045105857167 0.0
108.23498298388495 132.06339535221085 0.0
5.255010870338683 16.558793266381745 0.0
41.49591235383072 115.00518695599469 0.0
95.81439972240915 60.680099244993336 0.0
187.07369524042855 136.59039577879486 0.0
102.07324601468497 132.78870126091243 0.0
127.76569600319243 22.981814742134986 0.0
40.4354860844748 37.55044575632518 0.0
74.78082208895398 72.95128523433729 0.0
195.66168975530923 99.66252018645308 0.0
31.876768490190234 171.1514423719059 0.0
177.56430844450037 144.20181808231573 0.0
11.161426377452921 186.37834726489564 0.0
78.40579183496266 50.08972460332426 0.0
4.348749316556644 55.929721265367284 0.0
75.12186716781821 162.64148570326677 0.0
14.235894334205867 159.70261893633986 0.0
187.09386542206835 44.3321057191191 0.0
33.39506472357425 21.463358259176157 0.0
148.04554883393328 167.3250319425712 0.0
20.550036813075657 39.76168430469891 0.0
79.74143543065256 6.973735151637039 0.0
69.83386885834832 47.25008879733854 0.0
65.51513745229222 182.42051066877434 0.0
94.10091875115425 24.708386756863977 0.0
13.257937346448756 8.580842008687629 0.0
50.69281187182617 54.86264547623287 0.0
170.34919292379712 73.21563163457068 0.0
26.53462168125924 191.1266357274839 0.0
107.11189261178164 33.45789222568942 0.0
169.16393168916224 137.6830170315585 0.0
120.72813476968804 138.0742786673524 0.0
101.27229687867907 89.86062411386169 0.0
28.15091386454549 24.906124084260163 0.0
88.56484859042284 167.55314458831026 0.0
14.40019406077566 117.34861202680197 0.0
44.2206230875803 189.46363636503628 0.0
181.73269737632288 49.39075285680175 0.0
47.96259447652631 82.24842327712254 0.0
105.52655517737128 185.65296824706158 0.0
33.72303087682431 196.1727799581351 0.0
44.32335747507441 71.02311489155298 0.0
57.11629619154732 7.680208192147719 0.0
74.32189354626256 143.90581026908797 0.0
92.4078835665287 129.31580086667242 0.0
122.7192409259357 77.76404007903595 0.0
28.394900235017673 18.73354825254885 0.0
59.646578831018225 77.54604399873782 0.0
33.58987693734077 81.0563202042279 0.0
75.0485715852041 150.75460827542793 0.0
143.32631171731276 192.6464288991584 0.0
114.70678101440872 197.3298393572509 0.0
184.88092067944848 39.38366009875969 0.0
178.709097573722 118.18066058017097 0.0
1.4340976388527826 58.83678444128548 0.0
196.01874735910977 29.114321133508113 0.0
161.6667414415541 3.2535825699424814 0.0
180.3980391306749 85.07719571137721 0.0
149.0180334688926 199.0835118113915 0.0
45.79348321512735 169.03430197740227 0.0
13.10545106532668 68.78614969792008 0.0
13.390582409701302 180.47898512343914 0.0
35.534763804034775 1.9677152501786033 0.0
177.89809124906665 70.47830810475757 0.0
113.30435413822914 15.426917097152849 0.0
117.22312052078475 113.32364290864699 0.0
95.23480392817586 25.480486695499984 0.0
27.550024415424247 179.27023247579328 0.0
20.331192256636466 170.97784630756925 0.0
144.93757499667564 178.51334256619145 0.0
101.71213666274271 71.70341116450176 0.0
174.90050277467836 183.4627542588573 0.0
175.71617214783072 184.40401251613392 0.0
93.04297961580423 4.541534399527691 0.0
193.02265368067071 127.46810637275358 0.0
2.663324146382684 194.14883400945223 0.0
167.1008841457059 185.3224678890678 0.0
139.35058376451016 184.09080049118134 0.0
15.027712064258857 174.900987369894 0.0
197.9453648956375 123.69752917452385 0.0
126.69053118445837 59.079520212115845 0.0
123.83878393041982 179.0081846246961 0.0
80.61901206698477 125.75954010357353 0.0
158.43495166731236 177.8203961386667 0.0
88.16556735451519 16.32257701272406 0.0
57.704040672017 141.0641892370999 0.0
92.48109219138946 183.4663855883046 0.0
13.104434639064412 27.874659347224018 0.0
174.70907230766082 85.9729296004637 0.0
95.7541358498382 139.90174845938256 0.0
27.047672875089134 186.7472800102028 0.0
17.58312671624951 79.80951654094892 0.0
140.8061259585032 10.505604847821793 0.0
57.299896171899164 139.58135293708494 0.0
27.30808082202989 138.77944420293684 0.0
134.35695563104744 106.16167868081732 0.0
40.47137118844111 72.44266063781197 0.0
30.701772111454638 115.12864591930546 0.0
2.1200314646430796 175.75633057296915 0.0
57.950973997388864 157.5065597912591 0.0
44.56107221264127 30.966057270873826 0.0
46.727405700278865 150.49068567973288 0.0
79.6850209655264 78.77518663673366 0.0
195.25105789272794 119.77120784981787 0.0
79.8258727074639 197.5564375441465 0.0
55.87649727941448 9.307180346966959 0.0
112.84254116931527 82.9536111646835 0.0
161.1210150141703 133.81536065906687 0.0
12.360568809426287 129.56402081127493 0.0
94.82921348905371 119.90287977692284 0.0
83.83940616627284 187.68136225707573 0.0
199.47135400384627 143.68677892355242 0.0
148.10703700814983 70.6178886015382 0.0
177.17437058357766 165.90744395562527 0.0
106.2304321904691 21.91366252025695 0.0
189.93594344161934 89.95717043213504 0.0
73.06672294146321 116.77988647796747 0.0
93.57365770515943 123.90896511460852 0.0
171.5667073600136 168.41226513866613 0.0
150.31284637269042 114.54492164349229 0.0
105.8787521389531 137.34941524289525 0.0
156.5181476130019 39.54746155711195 0.0
38.527700432792585 100.8405304816662 0.0
194.92559016062677 193.43087457923184 0.0
85.42011193550235 129.22534362118364 0.0
174.83333714987387 83.45455464995769 0.0
112.15349127877488 137.61875468867936 0.0
159.061033853738 63.67348006132016 0.0
66.08398199238421 133.7313080789926 0.0
193.08897835406103 78.44557098337795 0.0
10.833311147576463 66.44598050022783 0.0
149.64021355473355 161.12944151863647 0.0
143.39257473060198 94.81062147752333 0.0
181.06992908734972 139.3703720507625 0.0
168.70673950734107 143.39458989288377 0.0
132.278296689146 135.28622063249358 0.0
82.6006838134479 87.49709645273316 0.0
108.46432730052773 117.02907745467115 0.0
71.13367847840154 20.483889414220858 0.0
114.88997946885439 157.6126129232506 0.0
72.94623194751313 195.56795604662466 0.0
89.92524479133066 187.55902422421698 0.0
170.88947398952078 5.638947542635053 0.0
137.9965255014177 89.83362596705946 0.0
180.20397888621972 167.28515983284748 0.0
135.66218269084573 178.69914464144284 0.0
182.74137173540294 108.94093222103136 0.0
131.89071874679138 28.53589665707712 0.0
120.19878074288648 28.13134339418939 0.0
92.71855410248978 74.33802022517794 0.0
104.0625712650287 179.07523024098492 0.0
150.8159898668983 192.51000089759077 0.0
25.934524244496494 79.44661147784437 0.0
12.091484837134203 188.7519268903312 0.0
159.14011247310495 83.88351765021918 0.0
144.31592807486618 169.23573866342772 0.0
130.99503315586279 161.8725212668332 0.0
26.850138763254638 151.9390171724 0.0
114.83288315615737 138.9261328954672 0.0
75.91047478230534 186.91679996716144 0.0
141.8732150466234 112.50937837429046 0.0
76.40881973952386 97.45597986712464 0.0
65.23596551427819 37.96093230437161 0.0
49.25501860201997 128.47097960310418 0.0
121.88467857553714 194.69320733096833 0.0
62.11112370395109 94.16336618843431 0.0
33.007573007155024 189.24490660279955 0.0
151.9386477713913 53.88219272863739 0.0
159.32205817207262 129.29858026743113 0.0
69.28135861431528 113.28588256148025 0.0
185.01483567852836 11.564793205524037 0.0
177.0778257474255 47.320579851276 0.0
142.506328443826 6.47358062467267 0.0
140.8995192250407 72.19385852541103 0.0
109.95470472921274 193.90294360513943 0.0
32.86170282533762 55.436907088418266 0.0
14.391340719411861 6.71314072892697 0.0
138.05603886561107 146.312152609783 0.0
55.60617037783653 172.6447059291354 0.0
100.20536082410227 33.237557718757536 0.0
129.37781190129826 110.17702261382296 0.0
72.34256199230241 190.5627597935567 0.0
73.37010104233808 130.23354771732713 0.0
48.667211141423294 163.94631046149507 0.0
184.99305317252703 23.15864665298384 0.0
145.33502077309254 161.74736403906337 0.0
67.75293513427614 69.18019538084349 0.0
70.7868029884183 169.25920795291074 0.0
51.09268214283516 0.6110984809824416 0.0
180.3252460664819 83.2760652372211 0.0
198.45043664144467 165.33200496405703 0.0
144.9992755175146 176.39873022794 0.0
69.24052700196424 93.63645767099185 0.0
181.45735582094807 143.64856130928814 0.0
132.6878426483975 54.30887494332992 0.0
187.28275684745276 58.37353644317966 0.0
44.92302736043463 0.8447980185527504 0.0
5.425173607511313 170.0940162915487 0.0
95.4725737372381 155.0118665101262 0.0
1.694882604132819 13.850032862337237 0.0
5.254350776384098 152.48906101432533 0.0
180.88694862433917 168.77588471740603 0.0
115.41581008630548 184.11087336480387 0.0
189.9547623131742 3.0419871271793575 0.0
44.828483455147875 106.28202271514454 0.0
160.75359859342876 72.96788587037541 0.0
113.77916530387246 65.41750199828876 0.0
30.226555832111003 106.02447216696848 0.0
32.374533491689725 183.80170013751018 0.0
142.5067334772505 90.60747719860555 0.0
134.40269077903017 88.0495059780594 0.0
185.26103435169304 119.87838510141668 0.0
0.8715245140700656 126.3913205252833 0.0
41.70273060922312 92.63297427082209 0.0
62.17050070140302 17.292912863903574 0.0
150.05121215829317 161.07175445468854 0.0
93.77890468701592 199.46022196746162 0.0
53.81909681416206 133.51062335095338 0.0
27.670237120823195 112.06820366115231 0.0
199.15846690025813 89.48414511047515 0.0
190.0390057204114 24.091860871869784 0.0
89.59933297827504 45.35788573004209 0.0
145.7026100643128 52.906747511846206 0.0
43.86528372403555 20.480360914625994 0.0
180.5077707190887 64.86519493285734 0.0
19.052615621000957 97.06913409445784 0.0
85.29732893905 34.34368314841769 0.0
59.31089648165033 41.43972306292212 0.0
118.46992144374539 152.7956990552267 0.0
109.26450347768508 159.85005434168477 0.0
18.891590203209894 125.63363607485873 0.0
191.76612677825304 99.14715249268373 0.0
116.89484358623274 72.30226648120666 0.0
91.17494043201965 70.56699335583548 0.0
148.32743604324034 53.69536614241057 0.0
106.20359124330099 74.4523269652153 0.0
115.0894694075175 91.10622725071966 0.0
140.47976131712673 134.31748803963583 0.0
55.32420715399204 12.191721073699524 0.0
184.31961504699728 110.60316936998728 0.0
87.40436928633666 161.96877051442922 0.0
107.81202407827601 157.62825336793514 0.0
174.0823432655024 150.65106063781312 0.0
33.16400565427169 111.6598679020996 0.0
116.64930917510557 175.172944715287 0.0
183.35934650390905 53.68682452635103 0.0
133.67475898320075 47.53645699478284 0.0
14.534032288508758 177.39574573868768 0.0
4.874552566324408 90.65660113422027 0.0
31.073542705755596 111.01318305416805 0.0
167.88212160102387 121.1688821055677 0.0
155.28878148858496 191.09116745477073 0.0
144.17410883174725 28.70241160231164 0.0
77.62879268901 66.97755460451833 0.0
40.128155636198095 182.41066537426315 0.0
48.740193998284376 26.626804274551063 0.0
20.167219948603332 48.09131246406713 0.0
91.28459399975439 177.57064416597004 0.0
181.17134991900798 183.01543092851273 0.0
7.277008505951454 91.28240814576162 0.0
170.81432174780585 190.62552198540143 0.0
35.80974816210541 124.83257533470685 0.0
187.2092501008367 63.550826017054575 0.0
176.37784147752856 170.647459946438 0.0
73.22371656414126 20.9274907415169 0.0
34.62363238238726 53.346747327359644 0.0
76.05158277369637 54.80020373677916 0.0
170.1697194979193 192.04984032159572 0.0
81.10522471581314 140.4209515498152 0.0
130.31101668338897 77.20493145797013 0.0
149.01847602091897 36.54962670252739 0.0
38.68823524929774 172.90885120628593 0.0
185.52706808461068 4.40034950686321 0.0
174.66665459426676 48.84974179299311 0.0
156.2200658055946 7.666287816780293 0.0
26.995639070955278 70.41875292378835 0.0
21.632198089779543 21.09491853233274 0.0
34.42590010856825 31.200856842113755 0.0
112.87365019841471 171.37476988676522 0.0
36.31306554151188 98.969197069478 0.0
193.97038838209068 161.63360898301303 0.0
147.83764609116548 164.4711523307606 0.0
164.31472406487478 189.63725961763998 0.0
147.32319361703856 131.7086440732028 0.0
43.10226431804911 159.81716999271856 0.0
117.23574892972208 69.07902505454284 0.0
147.35809644662956 10.544017029873686 0.0
15.799550196730273 52.657153101289154 0.0
26.131552287836058 30.60359557154029 0.0
72.76527186438445 176.06317663996916 0.0
145.66536514242625 122.62038123237514 0.0
0.7187511793281365 175.77470918693464 0.0
133.82184761679596 86.21320682782341 0.0
192.41976692561892 26.406070156451488 0.0
186.77497605538298 139.95648395938528 0.0
135.01184666856224 97.39137839255743 0.0
16.954063414656197 78.75960467829401 0.0
13.545807214479154 30.67232989406723 0.0
78.45115224285088 72.0660128974454 0.0
99.11114336696862 198.40552890855076 0.0
144.58085164171064 148.31276988006655 0.0
20.97109823370218 30.36835238637925 0.0
32.007891923420864 82.38019472034124 0.0
7.448642504145475 62.656368658877625 0.0
166.83426754463147 105.30051345751552 0.0
46.912330830085345 52.42933491779458 0.0
170.26433676859025 189.28329068450293 0.0
