163.71993114807753 151.32627730048713 0.0
170.51735800399075 9.45573905895698 0.0
68.25582381820239 48.758293782361406 0.0
75.80282082872847 104.60878421959154 0.0
198.46008358748085 127.30510852899847 0.0
2.361543037440783 116.26509754326779 0.0
34.6872617446111 72.6009431247171 0.0
88.84961024980412 21.441889859385064 0.0
117.48299686883013 149.46228064399318 0.0
36.474468528209215 185.1590155407591 0.0
24.979900787904864 99.39278518334815 0.0
197.07429599476038 29.568714254957197 0.0
41.2054760863751 118.71736724500543 0.0
137.9035748022315 124.90413980244259 0.0
171.31407409447777 189.2265192663462 0.0
46.26560022856096 72.66280892000032 0.0
63.075133754386314 181.8447970089879 0.0
43.57818332844483 28.199172720329635 0.0
153.5203063125997 8.720252475636613 0.0
141.1540107808375 192.90811952559176 0.0
175.4723717301855 60.264288457127705 0.0
188.92251503625062 95.4390963514575 0.0
30.749128779136115 31.05430440528105 0.0
143.51528024152697 176.8884487902304 0.0
165.15583505448944 12.144337075904632 0.0
113.5825339266203 96.6751828002167 0.0
164.9499726537052 7.211625567228452 0.0
127.90335535582118 83.81336814987989 0.0
135.28255517098518 16.099911252680755 0.0
15.797756884046699 172.55209587208685 0.0
118.19037720622781 121.70309515580844 0.0
189.5439271719907 81.86176875471305 0.0
161.03404245536288 14.765636420689487 0.0
74.94937399739285 25.00326150695995 0.0
55.846801872832444 96.05892874453366 0.0
48.91990936976222 68.42438613545856 0.0
35.87963045234375 106.52572073126177 0.0
11.815854569511085 198.48580445457793 0.0
37.69826587502709 153.36741533290544 0.0
147.58000393037335 0.02646375407080459 0.0
115.50821105152312 23.68187929641543 0.0
6.067348851013854 2.5362838345599714 0.0
28.95405484326721 7.142332055962397 0.0
179.7017435323693 107.71184954848843 0.0
116.45973899648794 85.34048200743865 0.0
140.53011283213303 76.4284579883209 0.0
113.2467763543603 87.80015613648686 0.0
53.940087877880295 23.669796484447247 0.0
176.48764644814588 63.30018942317499 0.0
191.75216927050172 46.71439322174269 0.0
39.621996373256565 70.02844176411793 0.0
130.09299462588172 94.8856375444748 0.0
133.68350576358904 49.22135090747224 0.0
36.4015053044846 178.43009469183636 0.0
85.5556952952977 14.326518734189042 0.0
25.115070449382305 9.59667918272229 0.0
31.39510952363631 61.35834457288396 0.0
193.02807198395558 170.74692188219223 0.0
68.03081581260916 85.99983731717163 0.0
133.01066179828206 112.33451198796742 0.0
105.9692776581709 179.1362211269369 0.0
68.72074748734943 97.85009358032524 0.0
184.70414279082394 64.8891564246777 0.0
53.13757284123071 33.33498274566396 0.0
164.35063669833937 43.852764122828056 0.0
130.19059939234364 145.82548072672122 0.0
17.1947560873843 109.115859309768 0.0
171.45266138975245 108.09709667682883 0.0
108.5675603053226 13.787339141677224 0.0
68.81168078468758 46.33591903300047 0.0
78.52533673074534 86.12461323902775 0.0
89.2306209773735 112.87211341615246 0.0
14.13663382391901 111.99772338435294 0.0
79.15056295219973 157.86838130003525 0.0
136.74752715859134 34.30466184450529 0.0
43.787129861560324 91.86404143213012 0.0
19.41674707403134 155.08614961919886 0.0
20.515906503676142 195.33313255496208 0.0
196.78264232566576 168.47097404355617 0.0
115.73761700667595 101.92283170450229 0.0
132.94422134166453 101.21585878169066 0.0
81.05930197193689 58.79625115129215 0.0
72.50895473106824 92.4864980015526 0.0
67.3229912186525 150.51148877284774 0.0
115.78008223310722 105.6593966624665 0.0
13.958632566921803 62.126649381873314 0.0
131.12681590294818 132.30679319933319 0.0
106.33346279018122 52.72833887685613 0.0
45.90081729867856 22.15987298383917 0.0
65.21518566771375 112.33892757507577 0.0
41.83286570265474 152.72825182744916 0.0
120.16176061375003 183.1657671794389 0.0
21.663853769350936 138.38648535645814 0.0
162.59581191300057 40.413259298947565 0.0
10.834557713602466 71.12123472314684 0.0
174.51703654398816 148.38657885658705 0.0
111.37896567252778 183.7655189656494 0.0
185.25133612711213 134.3735865094157 0.0
34.73627144842115 131.4292481355237 0.0
121.33060052422194 55.7993332980375 0.0
106.01689186388712 97.96808126573342 0.0
183.54249658940188 175.40536846087866 0.0
154.32827093208812 51.71552974816469 0.0
10.384860215088532 104.71382259393356 0.0
82.08643533633027 98.33584064637803 0.0
68.60463923585094 127.79412596236328 0.0
140.8097282405475 8.53826412201235 0.0
49.196616090692324 75.35798245678049 0.0
31.711249347025028 34.5259672545257 0.0
141.18246267217393 83.46602926793993 0.0
96.47709092402397 71.43560674302982 0.0
105.68602464538925 141.63748871026854 0.0
66.93756433230504 68.65662391210611 0.0
79.2659884332402 111.91181141770423 0.0
101.90901934511609 150.80186349728046 0.0
198.1624358109809 83.41927235996761 0.0
155.30417589035568 169.23413229738392 0.0
54.05908664076045 116.27519124302643 0.0
91.6791654102963 172.43602114926077 0.0
67.1583829547325 24.120216808278848 0.0
193.7058241218106 157.1431608400361 0.0
93.81176278649114 46.3871429866725 0.0
190.62803809641215 42.043893689723475 0.0
173.64298669229328 69.38225085713819 0.0
77.5813397424856 91.98114741466048 0.0
65.04745085628734 69.52719526138247 0.0
192.72518105721628 12.97512334219486 0.0
118.14596892954641 72.61518301724301 0.0
72.45768874849021 37.01820046479678 0.0
90.71659153794683 149.6930173213555 0.0
114.55294794465456 120.47630258453972 0.0
125.32358158083483 3.18837900858846 0.0
44.881277636897934 91.06375273692329 0.0
74.80772433689853 136.1595662673106 0.0
5.443120101449939 195.74146640559061 0.0
88.49768661072548 43.05268310538102 0.0
159.76768523488713 25.521188904768554 0.0
52.947335089775116 112.10907551131399 0.0
46.297576263789075 23.04117495959479 0.0
118.69920989037107 187.5737284234831 0.0
101.20111310507565 114.91171977328489 0.0
138.51976667607718 4.113001659849913 0.0
19.124317045177875 53.211487992560414 0.0
192.74724872899984 176.35794292614088 0.0
123.71477273402469 199.1487437141328 0.0
83.83833756042114 103.24737256398289 0.0
79.32006129085384 136.7840228910484 0.0
144.89509282449563 29.85245734091 0.0
91.08351786291335 65.84394567028136 0.0
125.89902513940996 198.62262240264897 0.0
12.730694722079349 190.03840517807248 0.0
96.57434759651495 117.50020537225406 0.0
109.65989993422353 90.92638481238654 0.0
36.247907699451275 74.10924180898391 0.0
9.52076858819435 157.25831671769888 0.0
68.76849564202541 133.23146561609792 0.0
13.284935641926921 125.8558196944361 0.0
144.49361914154935 169.04050324931083 0.0
36.8833391765653 82.47239829894386 0.0
171.54708080636453 4.07303274279871 0.0
6.804852475865286 69.7115205012071 0.0
154.996080314853 53.67343916296785 0.0
142.62141891399904 153.96129381694757 0.0
15.291783554477245 7.6563731530606915 0.0
25.225019291428996 14.437815744908832 0.0
26.262741743476916 20.189426949913525 0.0
71.63222411151328 34.81201672609946 0.0
38.145657072050085 24.40589753896072 0.0
15.532344186502245 101.52765429599522 0.0
32.583600098261826 140.0155210613874 0.0
27.325512437774833 42.80098111739101 0.0
94.21673168643967 100.18871300519112 0.0
198.21736906852166 78.4253541095975 0.0
177.43624554973286 188.24788479044798 0.0
60.00727414925138 192.8868527626967 0.0
97.06730025048074 145.20699761349923 0.0
15.527347663965374 192.9298915482516 0.0
178.1921651010187 85.95847840894201 0.0
14.259961383910946 165.59451330442664 0.0
163.0200667470974 44.91436149554677 0.0
123.48149015951935 113.87989223155732 0.0
91.65555158641045 161.1663458169151 0.0
17.350616404063125 114.57144045474827 0.0
148.81245138629328 108.73732100589098 0.0
34.679698480140985 16.401640060541812 0.0
99.96592241047667 179.25463697950775 0.0
140.69799815855683 76.59763496016325 0.0
128.130292566973 32.38325453065902 0.0
68.93599178454426 20.00129663980177 0.0
26.39572767795595 143.61476047141116 0.0
116.43012318422561 197.330452329933 0.0
1.5521868211060719 199.5159857951271 0.0
118.76790296995874 17.782619432991464 0.0
0.574223477137914 117.29877211148805 0.0
41.063321706911005 36.065525218435845 0.0
84.43573244466036 198.58032901310503 0.0
186.77306215796446 185.07142898925966 0.0
142.6688868245009 166.46133291287245 0.0
48.334175788123154 62.795079325653205 0.0
167.27690750200279 80.55679089516966 0.0
