34.189998928866274 169.1197804926125 0.0
66.67419420690521 99.51145970375275 0.0
102.89043912059358 85.2831532761547 0.0
55.95712011848166 196.92186388563647 0.0
196.91759604206175 89.88922794342722 0.0
7.974219210820888 93.19096134560736 0.0
111.8828627342211 84.50677851896502 0.0
153.74173873298568 14.746668362898063 0.0
72.73703748399443 86.385720734049 0.0
62.553812158110624 143.44009506373692 0.0
24.068544443014716 10.738601631372301 0.0
59.680181698967694 118.60103121723469 0.0
45.404923058533655 186.66334873986122 0.0
197.9765380460915 116.02380443320666 0.0
86.1037090121376 178.881332851453 0.0
27.309969401002256 104.28034958516493 0.0
77.11424518341599 170.4726220754898 0.0
21.522432029224458 39.88992417063733 0.0
95.83724035221452 51.04813566142803 0.0
194.72546937737297 30.257935044400284 0.0
35.504131292001674 50.306202343536064 0.0
167.03971761346767 66.92891642871474 0.0
161.9437628486213 58.67886417796395 0.0
124.46299755635515 11.581735229756562 0.0
28.29904112125896 84.78103274442617 0.0
158.37118815282847 103.32780174912723 0.0
62.201710498303385 13.633437262424453 0.0
167.2263009560587 148.2558222840409 0.0
140.10854973489432 150.1381887242902 0.0
56.38657416321855 150.79961175251577 0.0
19.947695379621067 159.04343745228374 0.0
181.48361807559425 51.388087353737255 0.0
15.919089274416498 145.64160767007013 0.0
46.652094544020215 45.96956919955755 0.0
168.23836255602305 160.70330966226672 0.0
190.9675526934024 80.38521451580532 0.0
185.80876091554214 158.65702379911818 0.0
174.76850081142237 136.1992316046843 0.0
21.25104740939414 189.78233269304704 0.0
12.109048197592509 54.476356954138325 0.0
75.4166213151701 165.1923218867807 0.0
86.40876624033483 80.12992175572957 0.0
122.45443293469191 97.63866250014554 0.0
133.43669071354978 51.84658430164666 0.0
96.6975356548224 91.68055402284303 0.0
79.08681097532615 11.226605325084527 0.0
89.08047083765358 133.51666347422739 0.0
178.9725819600581 159.6615075752349 0.0
63.4939851745012 113.7869090362526 0.0
22.68836583356162 152.60351359368184 0.0
122.42886082473561 105.90879539300215 0.0
137.65605629279665 88.2642534376518 0.0
26.456000279014937 118.02082662493112 0.0
155.7953345677481 21.412786212328825 0.0
103.53522824743 138.3632916674348 0.0
190.8264813763415 12.826028810591827 0.0
71.8404595892264 101.93456520160298 0.0
14.834833307984319 11.07729642114279 0.0
43.734406248828115 20.518901012819967 0.0
19.796379690627507 55.73158019336173 0.0
78.72108844293322 138.68941698256677 0.0
3.0842326778527385 189.64902752892442 0.0
109.64992234144093 5.147923697079326 0.0
125.54613862520804 72.98074549812368 0.0
79.14029738005357 181.7708867809175 0.0
156.56334107051626 2.5741258203201056 0.0
92.14102850892138 151.9888100264857 0.0
142.57155679808054 57.887368483358 0.0
115.73421050810498 35.633999718940636 0.0
113.84510673422017 18.14600614318913 0.0
38.73850440079991 169.14953284966464 0.0
178.915469020441 125.3568466122462 0.0
141.36204365415813 68.0600766729265 0.0
146.81599950470434 103.9276308736782 0.0
19.10048479602786 152.86302707205104 0.0
64.41469009355598 90.0235183426247 0.0
155.2711807091381 90.00616203663647 0.0
159.4173321147525 72.42432510037457 0.0
43.019524513162466 76.37595713548306 0.0
39.19356903294562 101.52918600718385 0.0
20.32908273868026 78.72838748237281 0.0
11.398835400344032 84.28830087910416 0.0
0.5122219784459148 128.75196985454457 0.0
64.43534473223549 50.223969859749815 0.0
55.85340955885212 69.96049653901859 0.0
174.11563855515865 147.33619826544918 0.0
143.52260121856688 54.370820224208295 0.0
187.4626021124512 106.5708117980657 0.0
150.57146301897453 194.92882111658065 0.0
175.3999970651051 99.66084130852657 0.0
78.77048557250606 93.90448735725552 0.0
43.15807192317686 7.534831789489882 0.0
190.24033914043338 87.98490052393069 0.0
140.53895374729538 115.11847946019782 0.0
91.27618954912435 177.5516398538186 0.0
23.756967443108113 153.2387735536418 0.0
44.45892964615472 140.63706540171637 0.0
186.38921741060707 19.47278857917405 0.0
68.09268016850861 71.3116139551218 0.0
99.04220704466454 27.165845346425122 0.0
7.203104895336954 127.76216072586016 0.0
75.66049373608675 155.47684983012311 0.0
141.77655656547515 27.07922653086312 0.0
118.97368457775362 103.19115514655557 0.0
35.61525005055248 181.77871689257245 0.0
188.3985216018991 185.17434936480296 0.0
23.129006643826976 137.34159370289393 0.0
80.78287842282292 52.72300883612016 0.0
181.57948500169576 140.562777312968 0.0
117.69908372374502 67.701313942877 0.0
42.73804932662944 45.25830546684537 0.0
92.56405802584003 115.23534667221776 0.0
60.61375626516761 144.8876900380953 0.0
46.68420162208613 100.86951660095835 0.0
170.8533120881834 110.90611370331263 0.0
15.393284888021231 145.47251064528513 0.0
52.610073268244136 11.169025648868768 0.0
113.77178229698275 164.81293458276414 0.0
135.1245554554132 184.4694198652533 0.0
16.006557720032323 100.60762845197127 0.0
178.95416217363882 155.29595724391993 0.0
23.27001453873383 155.9784070499719 0.0
5.73522843701908 187.15784341284908 0.0
112.06821677709549 180.63589459501566 0.0
50.55572173735528 93.33029307206282 0.0
8.327676456881438 49.741795810504954 0.0
67.46228593962098 150.63205148424203 0.0
42.06099433762882 85.28391959905142 0.0
131.32062141006423 194.85446038948746 0.0
103.27166854704551 79.93088450068974 0.0
48.19352977750131 15.719177066994794 0.0
41.82884571336203 100.71647702862133 0.0
11.59620382336084 14.74963555872506 0.0
132.36299795314474 173.53624942255445 0.0
23.433732647380335 141.19900466856953 0.0
159.8039015599548 179.32184462930178 0.0
36.1210184600907 179.185326420079 0.0
72.00250291249529 28.89139558724054 0.0
166.33074856030268 123.44224031986244 0.0
192.94873101035844 25.857011163693745 0.0
81.01016504137782 51.601612383378345 0.0
93.4174551244919 75.6033658338225 0.0
162.75293615729427 177.6820493804367 0.0
175.44519232495352 53.23401529863343 0.0
124.30754809756894 54.46531101784486 0.0
42.860476551859094 4.51508230183677 0.0
160.9490551875007 181.70016854867802 0.0
2.1611097545366498 121.22860317876318 0.0
104.63628831095313 172.5813466233879 0.0
166.3518115376297 5.980695182040252 0.0
175.3219759865111 132.708803857722 0.0
18.92605778053682 21.392567900362724 0.0
12.47850120038725 13.740498664034906 0.0
135.99637733579215 104.73514288940322 0.0
113.8473696841596 18.209595728403304 0.0
61.647424373309455 121.45087854442724 0.0
8.615740889750988 52.48486664157268 0.0
84.90673079631286 29.63922689506333 0.0
48.668708548695314 151.6108643501919 0.0
76.29812234973998 32.46496943347279 0.0
14.261332941406458 132.77224270115246 0.0
7.763274464694603 106.58141579205814 0.0
199.3997337658001 73.38442689217919 0.0
101.80708023786895 12.043388168138925 0.0
67.41584482275475 155.32065553124394 0.0
134.04287410944735 112.81762371703434 0.0
148.66576029248043 168.5431953447315 0.0
47.883838516403834 66.8810404877345 0.0
189.9769641806638 125.41436476654206 0.0
130.9472392498399 81.0302477382087 0.0
59.4149298907126 1.2208420235245043 0.0
149.80848247460935 167.90830054625374 0.0
160.13501114011814 186.95248749982574 0.0
43.062216345566085 91.38768698003707 0.0
113.53078645121637 17.134757927854018 0.0
32.21813772266107 41.33125296021554 0.0
34.58534735128447 118.52160614682958 0.0
125.77931492825567 139.88559382219586 0.0
41.27734878722933 114.71356267273012 0.0
163.92131771248333 48.844286046020294 0.0
115.08893035308535 17.27349903699251 0.0
179.51065954983142 21.251114216002943 0.0
61.10794623017974 35.67041055815976 0.0
135.77133886834315 120.29628025143599 0.0
103.91225660596535 146.38932658286717 0.0
41.72870421891916 14.6913719262308 0.0
199.36910396584005 175.80335298524105 0.0
43.630067355246815 152.09170209599114 0.0
42.67797901484496 171.91150231790496 0.0
143.86184110555214 10.76744331062589 0.0
9.430658506239675 66.80401817375122 0.0
108.45327715940476 134.60777162896375 0.0
79.15736629902446 64.72444903506627 0.0
90.07726253711785 167.67506403404238 0.0
159.77341556789256 29.85578941469782 0.0
115.52879261172731 121.90901222962847 0.0
156.53594218409742 193.46557213398233 0.0
64.98224829892378 35.21331283938751 0.0
10.565588866147934 151.80285457122346 0.0
104.89874122221694 7.040408872978965 0.0
169.6835298871646 184.14764295853848 0.0
127.2751940489633 134.72257188681596 0.0
148.25922033751036 184.6712559072698 0.0
194.9971480707485 116.18043749198866 0.0
182.95990426984062 172.27385121691478 0.0
96.37754838990912 33.27291788628697 0.0
97.7379111968201 19.323242921933304 0.0
71.5340828831616 84.93518708927826 0.0
154.0873620669638 123.22679526187615 0.0
189.07801464105128 0.38431357037882474 0.0
81.5470360289347 34.02621671134378 0.0
123.65767001431077 130.05487746238828 0.0
58.6214527986364 146.71264101114153 0.0
13.220162501465115 185.5597433016624 0.0
145.7377648514539 68.71742101450174 0.0
59.42514713502396 79.85395694262232 0.0
159.5510421927059 181.04169891411487 0.0
175.46477137445527 104.91259232607023 0.0
21.85607875917379 25.745723599201796 0.0
82.61429625565997 176.61608748200717 0.0
16.559104207275933 73.02670189887188 0.0
10.158126540483646 75.1695460868973 0.0
144.60804597228383 147.87168933807914 0.0
162.90640755124105 114.26522384007802 0.0
79.47534642513165 129.27998751208457 0.0
186.33750501200828 83.33018245100034 0.0
94.7326526774694 74.30717687219604 0.0
181.47213687375447 24.58407483352467 0.0
160.45199487421016 64.69085079450142 0.0
199.9051571940597 30.26459137636033 0.0
186.61336756708238 25.57578985230822 0.0
183.9913712229998 175.26117277191676 0.0
129.3939875872651 123.86434710058698 0.0
8.001951148524732 136.53020232315512 0.0
170.15975085681964 117.97532673837732 0.0
23.13850627494267 193.04778986871213 0.0
27.174794176378647 1.3027562706418472 0.0
112.61201091793774 148.68911668460467 0.0
66.49031499927855 58.42355269688824 0.0
122.56423086744275 75.30598288506232 0.0
41.16914798837359 36.11096501226532 0.0
50.42952017709765 34.40718365426396 0.0
6.947922541854745 120.4685374143179 0.0
144.4052031708066 103.22901224620071 0.0
37.63390066619752 7.0070399942427475 0.0
96.01904800028545 104.61605869149737 0.0
194.97893579693252 152.2447586866761 0.0
192.3527626168655 20.015346852468884 0.0
195.4682961131451 103.41922019751348 0.0
35.30050095717432 151.0194785314617 0.0
160.4074022827167 17.156300540083947 0.0
32.312016120429156 87.27754403813432 0.0
135.8848662344098 98.45057271409503 0.0
116.39009855834261 37.22505597632411 0.0
125.63549507300465 118.06829954871085 0.0
62.682473959253684 82.9672650738876 0.0
192.52224098248263 199.49261653454153 0.0
134.82851947684964 31.782806062300907 0.0
153.30147562296978 105.78799641724157 0.0
16.291527652775308 154.09760986792693 0.0
116.53108849193403 102.26906463749678 0.0
60.227521689468276 21.411648724714638 0.0
194.92645036331993 122.6165420238463 0.0
26.012012260973183 87.5441042772083 0.0
161.1644465376584 24.09102021435814 0.0
61.36626294018939 192.6951517097194 0.0
10.08110071305055 181.7528956193156 0.0
136.09510819071042 12.20552815411786 0.0
140.40372517711057 142.1048682396949 0.0
36.76856655506293 20.527772265937138 0.0
175.60372485838133 133.3309748091458 0.0
191.24980555940647 195.8058683663122 0.0
106.15157475538798 112.31406261987085 0.0
7.79242606621624 51.59283007221622 0.0
54.40076945798062 117.87142034621097 0.0
85.50021749582895 49.61862514811877 0.0
138.52289466333963 195.15608440318522 0.0
181.26294152005036 21.15348036556799 0.0
43.361164290091445 57.92908916720734 0.0
2.8519698982062636 104.39474261019693 0.0
193.76528878626445 163.41586218106465 0.0
138.67995261524828 91.43788247258937 0.0
69.91563651154817 188.71766105224793 0.0
131.7989227370105 170.77539921643253 0.0
4.340092531652662 18.256842246769867 0.0
59.03167032407319 49.8999325462077 0.0
156.7723160541811 78.4925125739287 0.0
185.70146085342483 147.47089776232812 0.0
75.6953444287573 189.15097132894317 0.0
132.24546336411333 155.6366439523463 0.0
124.35987886405539 39.4731319565345 0.0
111.06765851467706 190.4869487783897 0.0
74.26188232274633 143.4889031460985 0.0
170.307165248945 172.2436052031082 0.0
150.50940390847538 80.08639093436405 0.0
15.76846179993776 6.679525798012187 0.0
151.20384923937164 181.65156791974198 0.0
73.08000017034162 175.38960931188953 0.0
156.90632029630248 199.3117818269523 0.0
199.21827205411898 84.91962068603452 0.0
196.45482023534348 43.32446824628897 0.0
55.85456943642251 173.39179953040076 0.0
41.84356530222166 73.91003873818158 0.0
16.552049151298153 128.1491087599054 0.0
67.57085170162405 0.8358926195302763 0.0
195.66095946546622 29.072546042413183 0.0
28.807301328298564 39.31624662671205 0.0
158.8302954533611 199.6089371606894 0.0
87.9316420830874 165.30026248231655 0.0
103.37435494525336 21.17933151898366 0.0
50.42637368822227 114.97880500065818 0.0
181.30308539918875 146.52099372735 0.0
158.821133793965 181.347969502104 0.0
178.64533289660523 33.64883477800071 0.0
137.3168050935128 74.92537233568395 0.0
161.76445839661383 114.5047670135273 0.0
79.91869909892475 136.22283997287553 0.0
154.68613929459625 10.996539626636693 0.0
31.35255492068756 14.337210123507326 0.0
21.028371244910705 16.010174071756623 0.0
122.73227699210585 159.02854280494483 0.0
89.94414931808086 168.1130745208272 0.0
92.89380188576214 112.91296771336823 0.0
87.55748454667709 66.04772177864189 0.0
151.50462619569902 35.90516890224189 0.0
13.693796489735455 92.74851028258189 0.0
21.503991616125994 145.80334920519206 0.0
138.27604341186407 148.4973023300078 0.0
36.12396147261452 16.917258155451222 0.0
82.57820306969437 128.96594518888537 0.0
159.68690029558698 142.89780339478312 0.0
197.59808667967783 26.2768378533772 0.0
151.57027993585842 40.43445267676962 0.0
155.13177461323892 79.84553761776829 0.0
199.17497524413503 47.24450368619417 0.0
26.702225589600136 58.65202857319731 0.0
8.428523849754587 50.78613446104168 0.0
141.3149985061991 117.72030215426096 0.0
159.30019317740607 73.38489457217304 0.0
85.0842723208504 138.96849547208393 0.0
108.99992981899996 134.97119480660095 0.0
134.0926989577139 40.224872555177235 0.0
156.9786835963516 116.38403732516187 0.0
196.4189369797947 16.087504828281162 0.0
173.54276301475446 54.20424748697532 0.0
180.0869927343584 60.438531084164616 0.0
137.84038338406893 12.337997227079534 0.0
0.7618600435796763 12.806573023187063 0.0
131.17367755527678 196.07952390386816 0.0
196.33620854609637 169.40369122468994 0.0
188.03493876785856 101.13953627280064 0.0
125.12322715170285 4.5461822125100415 0.0
119.96100450831972 23.13368025618663 0.0
190.19101883841486 159.30115861437102 0.0
96.24515499613547 192.28336112614264 0.0
54.44423772414544 171.58386204153842 0.0
190.74114157757052 143.58878326773538 0.0
189.37902454935787 45.563328896117696 0.0
85.4391964772147 84.4921738719976 0.0
135.00759532162496 88.11686948820498 0.0
59.18939213394996 180.05672686008904 0.0
139.26903711546677 76.20669054285952 0.0
83.89280345692771 39.94475895214167 0.0
192.31340894576766 161.43475330686687 0.0
100.67639338138459 61.98632396151913 0.0
74.36632361731941 166.66475111818846 0.0
155.0127920570831 63.88737319986952 0.0
95.45161806046079 84.48300684427628 0.0
32.44146492658891 17.634318387909033 0.0
121.07006679925551 48.40273863841702 0.0
155.49307245928944 90.40972153481827 0.0
50.002269437424275 15.099124012869037 0.0
177.61412632094832 191.34159227897095 0.0
138.72428350223845 69.59529037569521 0.0
141.33442374394764 25.166670494186572 0.0
51.4948733462034 45.20221599924661 0.0
55.61494646091807 61.89575293093714 0.0
55.99342791246744 36.148354107816495 0.0
91.25930636253044 45.82707007856512 0.0
181.4581090770926 173.2175318051846 0.0
93.46710901559634 87.7614564654263 0.0
9.593966378057495 131.34661101190432 0.0
167.0529164802854 11.030855460093548 0.0
78.09107304452174 43.01707745194674 0.0
102.54980759405431 54.95960896229024 0.0
42.41316956791075 2.4076258360998137 0.0
180.36180340061435 78.63567237128973 0.0
163.58741247510486 162.6576039295473 0.0
15.324844390268755 53.376771203702525 0.0
168.04635955126432 152.22396351098396 0.0
185.481205134434 84.03435716469092 0.0
60.14347683312147 166.19719597464407 0.0
26.567577310678203 57.285968752055496 0.0
58.78382329936789 24.574571712171345 0.0
167.6624397170474 79.32443042503485 0.0
76.68187320099847 131.87173324882076 0.0
133.63352226698333 135.86020221648883 0.0
64.0787568476463 21.086634263137285 0.0
46.47156545036022 84.11088893051975 0.0
98.3215294553557 19.912466431753817 0.0
120.29188527931471 169.45985496026773 0.0
116.52733092039445 138.22919041936734 0.0
63.730532934029924 148.7235695838125 0.0
60.62566188699676 143.28596042951332 0.0
78.65717759042825 197.4752975741822 0.0
132.39230931158528 162.61969065022046 0.0
75.5721389209296 80.63030901458387 0.0
40.65876749668511 34.637630821215204 0.0
13.750288273831535 173.50591766062382 0.0
163.7012765511675 12.924853995051876 0.0
118.13996462737978 34.82713522133616 0.0
46.88397354009373 122.72017193787426 0.0
125.22014518475947 153.65681315875077 0.0
8.950898699853083 66.63695737685241 0.0
66.46464280620003 18.98678200952777 0.0
39.93197631247796 81.58806544377246 0.0
10.75731638516113 193.73440904783635 0.0
39.44834383722879 160.0068966179756 0.0
56.04756021711199 14.146743222251047 0.0
166.2727810470533 165.8394901659335 0.0
85.73072610498293 81.12227589234638 0.0
48.321192208876454 199.41523447782888 0.0
186.68340089730663 61.718138148957635 0.0
36.82157177517615 95.1868116112055 0.0
163.5787762761498 77.11834897107973 0.0
179.22702965256133 172.46246965885493 0.0
78.05268008007444 117.5966065986041 0.0
132.5098678880128 101.63695254503288 0.0
191.4861207172188 95.51482496380234 0.0
41.794002115109265 197.0598031954409 0.0
96.61555048467399 124.15653035468624 0.0
68.85327985651688 2.5628811859485845 0.0
185.877315949882 193.20199603246874 0.0
170.8236038561865 96.80164362266214 0.0
123.33812172242014 0.9097860874895058 0.0
101.54710876625224 12.947439413712946 0.0
62.258624037498976 98.57725803732633 0.0
36.286868372125625 40.901113928452745 0.0
181.78256411135516 104.61031004974683 0.0
105.12100526633334 60.080802679426505 0.0
103.93922271927406 153.5405363337198 0.0
61.145331493559496 36.96976443320703 0.0
96.09221231250984 159.5857079432374 0.0
106.68398474308421 13.992807426588904 0.0
64.1630341552662 94.85738228116793 0.0
154.02788949640748 114.92280079400344 0.0
198.4029743527881 109.0771589900792 0.0
106.7910068671079 96.9013855573663 0.0
146.1824826901426 150.67102116343247 0.0
113.79492018985893 90.29105064896498 0.0
155.21220035272222 188.3689027305456 0.0
169.46237907146406 184.9583402629237 0.0
155.80535569796092 177.94455547732048 0.0
113.02081813310458 45.22089614256106 0.0
32.236389539820976 170.48847562477164 0.0
13.387277046265499 165.57378470847118 0.0
170.94610026763291 16.61458491742984 0.0
117.42625382993295 115.44345992235763 0.0
167.28885559308802 185.25904707494163 0.0
186.34256581146954 163.60038699479665 0.0
122.71272532100662 86.23753195119765 0.0
148.29139895002456 21.49429717999478 0.0
70.70871250815492 162.48501449474307 0.0
154.85821296305835 99.6587831200701 0.0
132.56063149240623 100.90987619693324 0.0
144.88133652897872 32.464778508886674 0.0
22.872344241973618 0.05219065140089629 0.0
91.16052682821658 93.88529391311113 0.0
100.0445726342381 28.243540305595438 0.0
33.91495333020169 100.56651896943467 0.0
88.31865625152011 7.723759298355093 0.0
189.42449771365517 78.38333001364586 0.0
85.70001018274105 68.17775423863411 0.0
63.10851096894889 154.78998896041705 0.0
116.01935414184004 27.413295070991616 0.0
193.36644965071542 31.659574677146217 0.0
83.58509554092757 77.40856464673287 0.0
105.82521533339269 191.93865483676538 0.0
145.32547750243074 80.7160787977869 0.0
67.20827039058968 98.32634785128688 0.0
28.01459386685867 115.2172581272449 0.0
93.86192874894306 53.3198519276163 0.0
87.12146543972901 44.47996992660514 0.0
192.04450900967927 107.35130537660586 0.0
129.01689650744785 36.47897384363543 0.0
185.40442041661566 25.37361123497881 0.0
199.71797443411828 105.19708659001759 0.0
119.6435090406458 52.13574711830184 0.0
81.04546973860754 107.63276683414173 0.0
125.18225337807469 52.5207840279369 0.0
129.0147473809664 192.99750285531948 0.0
165.7139007618473 145.70280858115973 0.0
139.4759392059977 71.39429467495258 0.0
103.85466330500944 0.5115887551799148 0.0
132.46472017143714 46.02629265926781 0.0
174.6676846357086 114.27673977908022 0.0
109.42003404755218 135.99247972220104 0.0
73.65863316371684 58.55594684252261 0.0
156.3706602022377 5.98509868077719 0.0
37.911108829311836 42.53456826294637 0.0
141.3877286728414 14.711312147491906 0.0
127.3504430566268 18.51679587319992 0.0
86.04557532411023 95.61948561613943 0.0
197.6946726455358 133.81136944981247 0.0
78.32875104615073 191.51810277788996 0.0
197.47189780152624 19.447608136799687 0.0
138.3681533455584 178.9334006512675 0.0
18.553427505592303 198.54038900308436 0.0
148.58473435357214 38.55938820799385 0.0
182.97253986242515 195.75545056611395 0.0
16.264427388249757 54.91186201473064 0.0
158.36889092001093 134.20930150143707 0.0
49.28326285737506 61.30578974444105 0.0
60.21904274223972 117.27073507161789 0.0
94.64703300882942 185.53325652060968 0.0
121.08375253950013 110.11381289323603 0.0
114.70507838714113 197.12701821965553 0.0
185.42308798088783 159.50499380274076 0.0
157.34316446673446 8.852416158771526 0.0
23.100704114014214 20.18987756316286 0.0
114.15566101802608 143.0783396462288 0.0
45.51892831955237 192.3778566578442 0.0
54.54259754286133 37.935719041024775 0.0
55.39658288226674 17.20579264210795 0.0
73.8724667769104 138.679677357469 0.0
164.52191186250133 25.69456706218862 0.0
100.29694738343586 196.42956506480607 0.0
173.38307826363308 191.59538525273487 0.0
167.49905529831153 79.46866709562428 0.0
122.39923685244555 99.6551701224351 0.0
79.60148854080332 91.54330619996978 0.0
196.54531505432084 108.21359257468171 0.0
169.6573619586135 87.10887198575408 0.0
93.48412099374008 158.67675537056368 0.0
184.5906892942108 175.22805477602046 0.0
149.88947806313203 164.29561614913325 0.0
17.14937870292468 111.83445746547717 0.0
161.46470709347375 96.80988075517472 0.0
49.37882169496986 194.33250778988935 0.0
129.2307720171861 181.90097563870378 0.0
72.31943699835897 193.01247499404093 0.0
117.97893514835278 13.030543701776608 0.0
103.07680090918834 180.51707203079533 0.0
22.3530083327979 98.12365389317672 0.0
133.10844504490197 53.60414848825692 0.0
101.84657598755315 164.68881844944642 0.0
110.51655420769772 80.70755768239411 0.0
68.07095313945474 66.34960638297687 0.0
84.3312235038258 154.30628399654074 0.0
85.96978921978172 157.39555975813718 0.0
20.214184935074343 178.8696432423688 0.0
85.22682500963477 131.84289986661142 0.0
134.70826058237523 183.15412652314333 0.0
68.93330969763798 159.62828176320556 0.0
89.10310216727844 109.88542859349867 0.0
53.65208125275869 94.94171014058786 0.0
34.18307990852094 6.366872430662962 0.0
78.33565952018687 180.3375599173696 0.0
103.56848420782138 116.31325969484898 0.0
179.12579628939866 25.145397544445515 0.0
116.05656438624456 156.21714792188013 0.0
142.8825359804342 97.83515569375338 0.0
166.31420341861772 48.812110434679965 0.0
24.36088272274517 139.3740077885819 0.0
58.469341548299724 181.705618815637 0.0
40.27365475944209 178.24513599430648 0.0
168.59357010461957 61.01177216894409 0.0
138.04937666706914 7.681331840892192 0.0
109.76364959283629 37.82205850908078 0.0
77.9143015917878 71.79924207155106 0.0
117.33504828036385 199.6100902933692 0.0
63.99808712401196 99.70286200908976 0.0
172.25577322955482 139.1740676531993 0.0
13.482855312826047 125.25770987248721 0.0
136.69428762648516 140.47851476427425 0.0
62.38577583214449 135.11985097041642 0.0
188.95042530841033 153.76473816129715 0.0
72.38549825955567 98.73688750969265 0.0
13.563640855601777 171.55715474228344 0.0
125.17322549515622 151.42071998852677 0.0
127.72823935245516 62.70048040931451 0.0
69.12939630705954 25.224763851596155 0.0
6.570458641563359 173.32070113163286 0.0
117.69734642283827 52.241099065176996 0.0
107.53769681377561 61.610292836592585 0.0
89.64558686406117 1.065820992186195 0.0
88.09542222855163 197.59634907470726 0.0
128.4806481977831 49.563743776387255 0.0
61.12264672353107 129.5576734344777 0.0
41.59281091596656 145.69630820085715 0.0
38.842111996706464 95.51504990182991 0.0
159.28725769440274 63.05950574246288 0.0
178.8167549660965 141.22650150519996 0.0
29.673567672070323 18.911271136499998 0.0
64.48913915599437 95.37728569070416 0.0
137.4568026126086 189.85074900303948 0.0
27.93610492330898 48.162066826676764 0.0
162.993620454714 33.944605289893516 0.0
53.95599265139204 81.21467656402035 0.0
82.54736122426331 7.978316230847415 0.0
92.30116303918166 104.84851947138097 0.0
51.49619215394019 54.64329607514937 0.0
48.81395974354046 172.82861536974247 0.0
109.31874832091594 126.8533789408319 0.0
126.4193951260795 165.40402619340034 0.0
98.50215786158496 15.01717264879565 0.0
143.3732827787551 58.087223481311035 0.0
199.08737829406695 47.97540824865925 0.0
168.8598080574801 126.67481871497701 0.0
146.38740595312666 49.445410892942164 0.0
84.97784355732232 178.2618178919285 0.0
121.4839529847316 49.19749751723275 0.0
109.35060581076705 43.50943025746685 0.0
82.42867374111754 71.820988961474 0.0
94.03862275058607 117.18424145469166 0.0
138.64526738761268 55.82030473768738 0.0
154.1312330150625 91.99438462416127 0.0
61.8490930435093 191.9144276832646 0.0
73.33716468099458 195.006185347977 0.0
173.8712929298002 111.79586535499668 0.0
184.09010076579077 6.4324985793448475 0.0
55.094669834312725 7.237981968451712 0.0
26.13034110921051 117.34183922656645 0.0
176.77889548430232 114.32249123059646 0.0
50.219165042968285 65.8451795502047 0.0
76.37301229605644 58.69157527863245 0.0
152.58758324769337 180.57509797569836 0.0
66.98334634820846 125.11206456668738 0.0
100.91668080711685 155.77984214306179 0.0
100.48547332695652 188.2717491052651 0.0
144.09194866054764 184.11255175005545 0.0
88.33893715218954 21.61092907357616 0.0
85.66933638246681 81.20381208949526 0.0
124.98402331237828 187.12482563981817 0.0
44.9361490556778 50.36353142824197 0.0
55.769915045665265 101.45564697158214 0.0
29.64503010658648 156.26581876208803 0.0
84.68408626872687 172.22555707007137 0.0
100.94488327730215 3.228476397896407 0.0
26.723014851671813 103.44487328270087 0.0
123.72754899040024 146.70650895035794 0.0
175.56455533156844 179.96252376110112 0.0
64.55468346125298 5.876814845605782 0.0
179.2727941049477 158.30857279018397 0.0
124.52438603575796 90.69906962555774 0.0
195.08628477111156 114.91153240361342 0.0
75.88251286287031 8.595669660367689 0.0
128.91109684110307 32.55589519622013 0.0
8.878960424866577 173.90130446805688 0.0
155.96029685859207 42.07822125386163 0.0
89.31440527630397 7.4906322788303115 0.0
166.05180287655776 78.68285487972217 0.0
77.41846977816587 84.50037258539409 0.0
80.39692775100178 60.89118166233918 0.0
65.14536518352124 164.8197790002571 0.0
146.28217503606876 155.02117995823698 0.0
151.66865210600383 124.03147608018568 0.0
131.86718499037465 49.226798545136916 0.0
195.80178427916354 91.74230471978133 0.0
15.392057925080227 28.509487486795916 0.0
159.26667621988173 199.75169744539693 0.0
91.40757207750907 15.747093663181477 0.0
86.17763076245384 44.262911354993896 0.0
1.2121289450073736 23.668073501800645 0.0
51.80343971873975 74.3502659955816 0.0
35.499600562276434 48.83179671498532 0.0
57.61566257194841 33.15327674059818 0.0
154.29250134228718 131.05859842239983 0.0
49.82650076663382 98.7765273272867 0.0
122.55529130399351 100.38592363777737 0.0
195.06490456305804 98.6317904400069 0.0
169.45289936081704 38.509856679671394 0.0
59.53492426739131 103.96680412014409 0.0
45.03983915040975 92.80404986974136 0.0
6.945639314016261 50.5828867189627 0.0
70.23566803571117 198.39089767502136 0.0
155.69723139969253 177.251444623588 0.0
154.26277994168962 87.37262502345628 0.0
17.2531828526578 25.09712685738783 0.0
188.292877931131 94.21280167705423 0.0
75.32379719315905 99.22331419594505 0.0
114.86882067689619 102.3915003319889 0.0
59.431666677478944 58.11337445558862 0.0
119.7387292455907 119.84029580194013 0.0
116.62485679668968 66.84893534375331 0.0
196.0596791999368 19.295933361345764 0.0
91.54910183569105 126.94425316392338 0.0
190.49857072179097 134.5944615324693 0.0
87.78540998532871 178.60356888095924 0.0
156.5780599698058 65.06034416874759 0.0
2.304941961390816 160.46614853567345 0.0
12.685742254729892 7.527860481850168 0.0
0.08827247375784442 7.411478908752289 0.0
130.48516740638215 9.165071009155646 0.0
127.40144040806794 168.75502240837966 0.0
164.03748063922214 114.15320915803649 0.0
49.91655315188428 37.17258333860283 0.0
170.76285804464263 63.40734463521629 0.0
45.81001092799328 92.94927916164217 0.0
72.44119122789148 198.90696370730984 0.0
84.16670001237125 188.6568503784366 0.0
157.77180169610986 122.83776058549263 0.0
75.46385574026937 26.120923944440232 0.0
37.582269806470194 66.62901244812909 0.0
193.6035414070798 110.54754882719553 0.0
29.596799043995723 36.1034759567296 0.0
137.90813451508 105.93627457171108 0.0
171.74477298712324 16.339701573405563 0.0
128.6883715249523 161.41471706806698 0.0
141.3106064993497 43.47942346606628 0.0
111.43888000139161 29.887480594289872 0.0
91.79616165976543 180.59550955138948 0.0
82.41150821842244 58.40004950271413 0.0
10.187432135949948 170.8687380065036 0.0
42.26193233552742 193.8760859099757 0.0
44.387396430579514 183.7045583504232 0.0
34.660457007501776 18.394441637151647 0.0
153.89740435741535 18.05367807072844 0.0
33.20316779332446 104.92988692970951 0.0
196.39958127549812 182.0832665869338 0.0
102.65496484736292 67.48949537961204 0.0
178.7132471497329 29.47828940066608 0.0
79.50122100760453 168.8343599195321 0.0
72.6684745709919 0.03532527134024743 0.0
191.98025395076272 44.48415870582092 0.0
124.76040545815077 185.84405300472707 0.0
171.2139898247146 3.4598722794046743 0.0
173.0180592595786 124.23433850415073 0.0
92.749601531952 74.22782658400102 0.0
125.34188881430212 104.79978129139793 0.0
31.770150134073603 78.56595286967678 0.0
50.63445107926066 170.19126956378983 0.0
15.42761089771123 136.5810966865324 0.0
87.3690544007678 189.0069791291673 0.0
112.19696239390096 132.86386445848976 0.0
183.8113917486018 83.98805112970848 0.0
10.845347202739841 6.775463567221496 0.0
149.92962003068507 109.86197381457241 0.0
110.55556887485696 69.11870720730138 0.0
23.09856878374752 192.55853435498761 0.0
168.93861922004504 92.95316718284812 0.0
128.02410885810116 165.1560084066159 0.0
136.11507377558362 78.07235140211581 0.0
45.88402523037767 65.79804761513677 0.0
140.74068028133792 146.66849880945261 0.0
198.50202970772338 98.95458601806016 0.0
87.79664844524359 191.9684208970242 0.0
100.44189651654688 3.7828305443821097 0.0
178.16053586076728 72.13175490005833 0.0
135.22898142871966 21.97729677475222 0.0
66.41889277228441 118.46053756078925 0.0
171.47672429835634 12.380573953010154 0.0
136.07818013083073 109.97714044417523 0.0
50.515998572266874 120.75939268174514 0.0
90.27573520766154 55.685153991322565 0.0
149.195606856155 180.53332974694513 0.0
131.2879593946066 121.33581684612874 0.0
49.84232530738366 93.87633465678766 0.0
33.57808609046962 39.2801981998345 0.0
33.93944932425763 22.49402591347469 0.0
2.82133852954638 147.99541823430056 0.0
56.902912523004254 103.51259038099334 0.0
157.29050439247382 22.13070702777642 0.0
58.40450327642122 198.29784622395383 0.0
168.18028771848046 74.42719098519119 0.0
116.01187420466171 80.655917658074 0.0
51.894156624483976 137.6228433617088 0.0
59.485531965756586 75.74973206914328 0.0
120.01260881644498 67.46212358775804 0.0
128.8931279982788 72.19838659997441 0.0
61.60728182746325 47.187391952829174 0.0
81.77178627096808 47.20923776580599 0.0
57.760369455150176 119.39717841857089 0.0
32.889526084893774 168.22538576110603 0.0
109.59442798026954 122.91409463362173 0.0
44.72706059237357 164.4540042007987 0.0
198.81272400056272 70.31302086544584 0.0
77.62166998637956 197.7738670291327 0.0
93.69570503935955 66.01803447730454 0.0
155.58508974551887 104.90308960186248 0.0
163.69444294738338 135.38435587998256 0.0
107.12769307424254 31.34109078578369 0.0
72.20730653130838 11.939306012897898 0.0
199.99153076386548 132.4814237914658 0.0
79.82124360137671 12.964268886782548 0.0
4.51522377306901 178.42508591251135 0.0
109.24456428498468 22.857251077047213 0.0
92.42375638569446 166.4066142820909 0.0
98.35333751065009 99.22364983733438 0.0
106.15686538476888 18.378135328301106 0.0
99.21875991202775 118.40047208345041 0.0
118.4197533105376 121.17938100012991 0.0
68.67835157183227 185.12714054971153 0.0
42.460314628102644 52.854437559457914 0.0
139.9589471916535 45.333933583461516 0.0
150.64734454969823 131.05882564503955 0.0
165.05487882982314 61.52667071102327 0.0
112.24448313184654 18.133336985062897 0.0
74.01007006319689 37.00433558651379 0.0
170.84499170326944 122.3038616447532 0.0
