4 328
5 705
6 114
7 19
10 762
11 940
12 956
13 790
14 19
17 939
16 48
18 138
27 805
29 960
31 339
30 70
35 898
38 902
43 556
41 93
46 216
49 82
48 551
55 309
54 621
52 920
59 551
69 580
71 659
65 530
66 431
76 731
74 384
83 771
91 262
102 388
103 268
100 426
98 541
96 176
97 272
109 98
107 269
104 905
105 208
119 150
118 242
117 734
115 460
112 394
126 14
122 381
137 25
136 916
139 35
138 90
141 951
140 641
143 345
128 726
131 294
130 141
133 336
132 691
134 690
152 578
153 531
154 676
155 920
159 801
144 793
147 73
150 428
171 151
170 249
173 519
163 961
160 678
166 129
186 454
187 59
185 253
191 651
188 845
178 877
177 290
180 485
205 536
201 330
200 467
203 691
199 969
193 202
220 628
222 940
216 933
218 203
219 626
213 805
214 461
208 105
209 782
239 909
238 724
237 732
234 590
232 303
231 48
230 148
229 989
228 189
226 130
224 924
254 314
255 392
250 912
251 664
248 903
249 593
247 650
242 572
241 880
279 34
277 105
276 466
283 603
282 782
281 683
259 767
257 175
262 497
260 884
261 731
266 980
268 13
304 102
307 60
309 994
311 459
312 905
315 230
314 806
316 90
319 53
288 217
290 359
292 551
295 676
297 294
299 687
300 762
301 957
342 847
339 957
338 928
337 995
336 283
351 951
349 722
346 708
344 434
326 324
324 850
325 29
322 11
321 703
334 13
332 955
333 224
331 848
328 705
374 60
371 330
381 125
380 532
383 676
382 871
377 118
376 926
379 68
378 276
358 718
359 357
355 548
365 848
366 301
360 539
361 585
362 40
363 899
410 54
409 290
414 624
415 350
412 667
402 348
403 700
400 916
401 632
406 662
407 139
395 772
399 717
397 166
396 261
387 807
389 958
388 138
440 393
441 676
443 792
445 211
447 670
434 793
436 853
437 572
438 188
425 902
424 214
428 232
418 397
423 363
478 36
475 225
468 677
466 273
464 754
462 581
461 987
460 110
459 683
458 867
457 627
456 682
455 507
454 220
453 530
451 71
508 381
509 772
510 109
511 493
505 361
506 143
502 62
503 107
497 215
499 688
492 117
495 586
489 93
488 349
485 671
484 219
486 400
482 590
550 949
551 737
549 666
546 605
544 779
557 673
554 865
552 159
565 555
563 886
562 440
561 16
560 677
572 593
570 604
569 885
512 22
513 61
514 221
515 411
526 451
527 712
521 175
522 669
523 600
533 566
535 908
528 50
530 753
541 272
540 928
543 701
542 779
537 10
536 584
610 126
608 864
615 409
613 287
619 750
616 78
622 587
627 871
624 208
630 115
629 561
628 192
634 114
633 295
638 183
636 753
578 211
579 902
585 149
588 960
590 318
593 297
592 6
594 407
597 501
599 687
601 205
603 565
605 905
607 525
606 55
686 142
685 773
683 303
682 683
681 681
680 683
679 338
678 382
677 860
676 798
675 832
672 220
702 797
703 703
700 582
696 113
695 879
692 882
693 661
691 133
689 351
652 424
654 139
649 901
645 915
647 592
646 894
640 286
642 638
665 215
660 293
657 317
658 386
746 455
744 691
751 50
749 42
748 803
736 729
742 107
763 803
761 592
766 894
754 893
753 511
758 294
715 93
714 141
719 685
718 702
705 204
706 956
709 352
710 143
728 340
733 169
734 738
735 393
721 586
722 648
723 173
725 418
726 857
800 336
790 679
787 630
786 769
797 994
796 799
794 489
793 336
772 494
770 136
771 136
768 579
778 736
776 521
777 118
