4.996027228409261 118.22387158352534 0.0
131.63545513060532 108.02144827174519 0.0
134.3040858222573 54.707455660892656 0.0
71.37469635853404 1.503863291183638 0.0
103.9416936824446 113.59695778572004 0.0
142.01399873433434 64.60474820981257 0.0
34.32672098157737 185.83605961513655 0.0
166.9320153752688 130.85419316280132 0.0
17.151192736552545 196.5854972453925 0.0
168.44317867858356 105.0740509765655 0.0
15.963699405924192 94.98571393271081 0.0
122.87626727311205 185.2406299452071 0.0
167.7744155886183 168.96096511056152 0.0
150.95589859109612 166.64285616519007 0.0
1.9485007067836069 133.60606394895956 0.0
105.94420147326397 176.97467930195066 0.0
99.09904259920678 18.454788565334002 0.0
181.57029522298433 145.883632742611 0.0
75.38611630288068 61.93699382581954 0.0
77.59545627458677 173.62992533778342 0.0
96.57373052064644 10.58894535310766 0.0
32.93217591109317 130.89353077341187 0.0
1.3917124448628249 16.089507014702086 0.0
64.55565755416445 95.39938511755817 0.0
145.19511356448893 124.95244225599325 0.0
35.016577666829576 10.913688710412227 0.0
62.60870314333036 163.71301200661713 0.0
112.18424158542597 40.29711344351456 0.0
191.78977113547546 36.704769827307146 0.0
181.91964635439427 76.68346742830754 0.0
3.1374711374934527 74.03032908598865 0.0
27.698190378484643 175.48531642419354 0.0
131.72249461913302 94.08770758064165 0.0
0.772097751288281 74.8107223846466 0.0
125.40598472748867 78.0215765973596 0.0
70.2830266447138 83.00816158770787 0.0
189.56206416566005 192.72665490851705 0.0
164.8054991871667 29.439491278150864 0.0
34.513547117518016 144.53825393155236 0.0
195.1222254977737 98.21361012783743 0.0
13.235797821767271 97.50276805680768 0.0
82.60264696495653 194.4962875648062 0.0
174.57895738528202 48.128773617798124 0.0
108.37634975997408 29.144481387418363 0.0
51.204121206036014 12.77716336456498 0.0
145.56328869112366 149.79622371977015 0.0
151.62430929405724 54.35660922667294 0.0
40.14314496234128 95.17999023087592 0.0
32.1864156091116 51.7483821588105 0.0
165.6163807823877 104.2902961665569 0.0
87.525663849522 198.3924381302243 0.0
192.42983981251442 173.2090463865242 0.0
16.96934056022965 105.72446543077353 0.0
185.21023309378177 119.73499466678223 0.0
99.56190973453185 82.6614026107582 0.0
69.1688867287227 89.61651021688314 0.0
141.82900646056675 64.09076066745602 0.0
91.61170560338152 18.065545740188902 0.0
50.092974508258756 169.32683707223265 0.0
145.30844036803254 146.36372230984233 0.0
23.098084546436226 185.7548462179023 0.0
117.54573608291092 185.75401102276302 0.0
160.8987141139405 193.39164594048762 0.0
182.0087625535171 119.44450879950207 0.0
42.40924915433022 72.84970301863754 0.0
160.2064605470971 138.43350989952688 0.0
136.70966593339628 172.19862189172952 0.0
144.97585897911762 17.99790381359989 0.0
182.14608872466073 147.4764758442843 0.0
100.67115623714942 159.06977986923866 0.0
92.46097356104525 137.11092624840265 0.0
132.96356142882283 142.3588818534357 0.0
130.6328283621364 182.26799116072442 0.0
155.7482853225125 172.9613842107186 0.0
28.800699828022445 163.15401969174974 0.0
173.4753027744074 29.32833405262325 0.0
26.594046583227904 85.55439609855755 0.0
144.29083778383003 72.84976401675563 0.0
50.38376919390362 122.40022787729146 0.0
192.6968834249745 122.94351406535615 0.0
62.41567989482641 191.91201558876529 0.0
0.006291894404308884 157.42038605078562 0.0
171.48281713139443 36.87728225659039 0.0
116.69140943731782 59.03023372411509 0.0
15.738511245593045 158.8768145300749 0.0
112.79438033227511 196.47630419169985 0.0
3.447189111611193 156.78199833978817 0.0
110.88772331209063 101.81803868785344 0.0
28.915485167935806 20.603652927014537 0.0
130.6439550082292 86.06527416326655 0.0
68.54131466124511 139.7803944493782 0.0
14.893491293518668 120.89963677000712 0.0
5.863987537583482 199.2525763268897 0.0
104.12017291453486 106.84177656642733 0.0
134.69375125330066 157.1754862153923 0.0
79.66431141101317 146.8157987365531 0.0
45.84442531811204 124.88342039175724 0.0
105.47326776750607 48.94514900571196 0.0
15.6881071114231 2.724004728167362 0.0
164.0599747879817 193.54700873381054 0.0
183.69631723308297 164.63995852258086 0.0
104.40015508066539 116.67503182630506 0.0
131.32710639706755 129.88329595061225 0.0
197.81921018352207 86.19308860655772 0.0
156.06315473722717 12.004849019902686 0.0
132.49013395149322 176.2455055768265 0.0
172.1010490728914 193.26963291486382 0.0
167.9841292289168 82.12208965743572 0.0
163.1372904229334 136.90664497088605 0.0
18.385866143307993 159.899030837044 0.0
62.89193934243609 120.10922363722585 0.0
135.80563228915454 123.86962693438008 0.0
45.45606703987515 147.46010695578596 0.0
25.69102538536674 89.66151637151494 0.0
70.2444738647183 187.46311498384168 0.0
41.161020723603194 12.069998770883794 0.0
145.2805202599572 164.12102960963898 0.0
175.65569167448612 34.019773769871755 0.0
147.73518599553904 31.007318634361837 0.0
101.51505014408662 36.700271136180575 0.0
172.0877774683321 157.03691600954429 0.0
86.6708849913902 160.80255787487826 0.0
63.971007289588286 161.14930126152828 0.0
62.45572557878614 54.918593524230005 0.0
41.708555748126045 47.374682611121074 0.0
12.603407092399666 99.5464764909449 0.0
107.74843671690853 12.262211267537104 0.0
6.836012045458073 53.77802577637358 0.0
108.6408619681142 23.40665270859219 0.0
12.00227105072793 76.62802380852666 0.0
14.904625021395269 0.8179946259131654 0.0
79.55279869529109 86.09707551131774 0.0
61.07125790785006 172.1361329007884 0.0
30.20795426322436 136.44297186325986 0.0
11.391619809193942 118.20069021337265 0.0
134.99425873845638 117.76824790905461 0.0
198.13486634517884 177.2437515613682 0.0
126.3957531067139 11.91436105421657 0.0
117.1049610754979 33.98116595888372 0.0
164.18698354580988 174.78582689388628 0.0
58.945411005181356 84.13587912752232 0.0
127.58445558826352 57.61038215466128 0.0
104.99795769422585 135.434516158943 0.0
8.674022706986072 28.27412836840255 0.0
22.9265303704723 182.87633453743135 0.0
41.64158484155101 108.75334464608895 0.0
160.01285693082482 179.08138873685942 0.0
118.15516820620783 105.79752649996405 0.0
150.9755971571378 109.78263951621705 0.0
11.316499849123907 179.4010312595099 0.0
132.36012574396867 80.03449408750116 0.0
158.92065472918725 167.2334326167802 0.0
186.991314748675 118.46809507611376 0.0
41.332568989821425 163.08164100534077 0.0
129.67717365557115 14.931530012626792 0.0
130.1096127723251 133.4895172843211 0.0
89.29632388233469 121.11087189514235 0.0
180.5696625580118 149.16361610551928 0.0
42.59768678105178 64.2358027004625 0.0
94.82443911700406 106.34646091739704 0.0
111.48610429127443 150.73144109407764 0.0
91.36823796844627 18.241580441175454 0.0
48.26285660567387 69.68572312034986 0.0
83.132398988441 67.70737895738121 0.0
102.23537032425311 145.2595206847142 0.0
187.9862742241953 29.81962085448422 0.0
186.3057788971373 32.67455564367418 0.0
173.9856855566544 196.53529190652824 0.0
143.5932348154611 4.171865699337984 0.0
176.24024442484975 165.5732149139543 0.0
151.8402214036269 29.34152822644014 0.0
13.091154241464986 191.75979965990913 0.0
97.29842218260308 118.48204598196956 0.0
76.36146484883828 41.470981347481214 0.0
99.98504317807932 68.15564073156925 0.0
73.76106625756171 39.43425741122515 0.0
78.64571412874568 24.86359180535107 0.0
61.0990019364636 52.03759102509109 0.0
106.45552527262994 165.77341334662097 0.0
17.775994786558247 112.42468558871175 0.0
127.43494319871658 84.68765576459103 0.0
91.10042057321317 60.038998304424894 0.0
178.75280772715234 166.95177905467702 0.0
163.29121480102714 140.9116678840268 0.0
195.533736937077 138.75646233296203 0.0
179.60160417377725 194.87131124938034 0.0
162.4827715720058 84.29743512978052 0.0
116.81777016057214 41.98649814254098 0.0
20.585287665319708 138.5138440324938 0.0
168.45692251575065 172.93450970879363 0.0
137.33552053576773 183.63384420362493 0.0
76.30954943573822 46.62278994478921 0.0
105.39240873984208 4.51405066823789 0.0
147.54096143217353 3.2723014533715844 0.0
147.2567758460935 90.76718646383873 0.0
162.38749702459484 12.304864781797487 0.0
72.50907631242511 12.93013206896234 0.0
99.55310968339668 191.75930896647873 0.0
159.34242375109812 45.43244607998036 0.0
184.73236403348187 59.59408348021209 0.0
