2 499
3 943
5 359
6 619
8 442
12 772
13 613
14 134
15 983
19 652
18 396
23 680
25 823
24 407
26 800
29 586
28 734
31 466
30 21
35 814
32 183
33 478
42 753
43 545
41 726
46 616
45 712
51 263
48 220
54 236
53 809
59 331
58 306
63 183
60 838
68 490
69 330
71 408
64 49
67 563
76 886
78 17
73 745
85 133
86 819
80 392
94 300
89 61
90 80
103 348
100 334
101 546
98 193
97 127
108 416
109 55
106 809
104 543
105 100
119 804
117 596
116 856
115 205
114 497
113 74
124 810
123 875
121 809
120 487
137 554
140 427
142 958
129 599
128 895
133 678
132 79
152 71
153 612
159 840
144 723
149 767
171 205
169 24
168 600
175 931
173 799
172 184
163 669
166 273
165 833
164 506
185 464
191 468
188 105
189 618
178 781
176 839
182 100
183 379
180 691
181 262
207 350
206 41
203 444
202 614
199 746
195 550
222 754
217 301
218 878
208 56
209 921
211 532
238 847
237 535
233 484
231 849
230 252
227 324
226 239
225 944
255 761
250 61
251 246
248 2
249 67
245 606
275 529
274 726
283 691
282 513
280 342
286 979
284 184
258 502
259 289
256 448
257 317
262 750
263 913
266 290
265 53
268 24
304 882
307 229
309 342
310 70
313 842
315 446
317 657
319 274
318 346
288 541
292 436
293 858
294 156
296 712
299 546
300 220
301 756
302 305
343 9
342 522
340 52
339 370
338 941
337 918
351 351
350 599
348 717
326 145
327 250
324 90
325 354
323 748
334 586
335 941
331 488
328 842
373 310
374 415
371 434
370 805
381 778
380 633
382 838
377 837
379 868
378 938
356 370
359 95
353 607
355 47
365 770
366 914
362 602
411 646
408 768
412 157
413 285
403 633
407 774
405 924
395 191
399 673
397 770
386 953
384 710
391 456
390 311
444 518
446 444
447 40
432 124
435 121
437 250
438 370
439 299
427 737
429 644
428 86
430 888
417 757
419 656
418 913
420 715
422 812
476 52
472 685
471 965
469 823
464 884
462 642
461 139
460 706
459 485
457 458
455 682
450 465
449 889
496 618
499 727
492 175
494 247
489 325
491 625
486 242
481 670
483 363
482 582
