1 11 57.0
1 41 31.0
1 126 2.0
1 15 4.0
1 53 98.0
1 92 39.0
1 135 50.0
1 180 60.0
1 189 51.0
2 33 6.0
2 90 35.0
2 151 11.0
2 181 18.0
2 195 68.0
2 5 37.0
2 25 20.0
2 88 97.0
2 94 84.0
2 102 34.0
2 103 96.0
2 112 60.0
2 136 17.0
2 148 42.0
2 149 55.0
2 156 87.0
3 6 92.0
3 28 38.0
3 35 95.0
3 47 93.0
3 57 74.0
3 78 57.0
3 84 93.0
3 98 41.0
3 119 73.0
3 139 73.0
3 142 73.0
3 151 59.0
3 188 30.0
3 199 67.0
4 21 86.0
4 45 39.0
4 58 26.0
4 162 58.0
4 177 14.0
4 197 41.0
5 71 56.0
5 157 21.0
5 160 50.0
5 173 84.0
5 2 52.0
5 88 66.0
5 94 50.0
5 102 59.0
5 143 15.0
5 148 29.0
6 3 51.0
6 35 36.0
6 47 82.0
6 57 28.0
6 78 4.0
6 84 70.0
6 90 38.0
6 142 17.0
6 151 14.0
6 181 60.0
6 187 32.0
6 195 81.0
6 199 98.0
7 9 29.0
7 32 70.0
7 59 52.0
7 61 30.0
7 75 99.0
7 81 11.0
7 145 36.0
7 150 75.0
7 154 9.0
7 172 90.0
8 10 92.0
8 18 98.0
8 25 54.0
8 46 92.0
8 50 86.0
8 54 23.0
8 60 9.0
8 64 52.0
8 66 46.0
8 69 42.0
8 80 28.0
8 109 9.0
8 121 87.0
8 149 88.0
8 153 93.0
8 158 93.0
8 184 41.0
8 185 59.0
9 7 75.0
9 32 37.0
9 61 1.0
9 93 49.0
9 145 36.0
9 150 24.0
9 172 33.0
10 40 15.0
10 108 63.0
10 187 74.0
10 195 49.0
10 8 55.0
10 50 57.0
10 54 84.0
10 64 97.0
10 149 88.0
10 153 30.0
11 31 48.0
11 34 53.0
11 41 61.0
11 48 96.0
11 77 22.0
11 114 8.0
11 126 17.0
11 130 93.0
11 1 76.0
11 53 34.0
11 92 28.0
11 135 49.0
11 146 50.0
11 180 70.0
12 198 7.0
12 16 60.0
12 62 91.0
12 67 5.0
12 73 46.0
12 86 44.0
12 106 71.0
12 179 74.0
12 191 11.0
13 14 30.0
13 18 98.0
13 46 78.0
13 52 15.0
13 63 64.0
13 69 88.0
13 74 88.0
13 100 86.0
13 101 84.0
13 107 11.0
13 117 84.0
13 121 87.0
13 140 33.0
13 147 23.0
13 152 1.0
13 158 72.0
13 168 24.0
13 170 6.0
13 183 48.0
13 184 62.0
13 186 4.0
13 190 22.0
14 13 88.0
14 46 72.0
14 60 88.0
14 63 77.0
14 66 88.0
14 67 68.0
14 73 33.0
14 74 37.0
14 95 57.0
14 100 19.0
14 106 58.0
14 117 85.0
14 121 40.0
14 140 86.0
14 147 38.0
14 152 78.0
14 170 6.0
14 183 44.0
14 184 40.0
14 190 31.0
14 191 91.0
15 1 18.0
15 82 49.0
15 85 93.0
15 87 75.0
15 92 12.0
15 134 76.0
15 135 4.0
15 180 18.0
15 189 61.0
16 20 13.0
16 42 25.0
16 51 18.0
16 122 61.0
16 198 40.0
16 12 75.0
16 62 22.0
16 70 77.0
16 73 19.0
16 86 44.0
16 106 80.0
16 161 71.0
16 179 86.0
17 21 45.0
17 58 36.0
17 162 53.0
17 177 42.0
17 197 66.0
17 28 84.0
17 44 60.0
17 120 93.0
17 127 60.0
17 129 44.0
17 138 1.0
17 139 27.0
17 188 86.0
17 193 58.0
18 8 59.0
18 13 4.0
18 52 60.0
18 54 6.0
18 64 24.0
18 66 56.0
18 69 99.0
18 80 43.0
18 101 38.0
18 109 37.0
18 121 22.0
18 153 18.0
18 158 73.0
18 170 87.0
18 183 94.0
18 184 86.0
18 185 71.0
19 36 68.0
19 56 2.0
19 124 39.0
19 132 61.0
19 141 36.0
19 163 35.0
19 164 94.0
19 174 70.0
19 175 62.0
19 176 13.0
19 178 52.0
19 182 81.0
19 192 48.0
20 27 57.0
20 42 97.0
20 51 8.0
20 59 5.0
20 81 67.0
20 96 44.0
20 115 98.0
20 122 92.0
20 123 62.0
20 133 55.0
20 198 32.0
20 16 8.0
20 70 82.0
20 179 37.0
21 4 75.0
21 17 59.0
21 58 77.0
21 162 16.0
21 177 43.0
21 197 46.0
21 44 27.0
21 120 94.0
21 127 50.0
21 129 46.0
21 138 1.0
21 193 92.0
22 39 53.0
22 53 53.0
22 79 55.0
22 92 80.0
22 97 98.0
22 113 68.0
22 134 81.0
22 135 21.0
22 146 83.0
22 180 9.0
22 189 65.0
23 89 51.0
23 99 33.0
23 131 40.0
23 144 76.0
24 36 23.0
24 48 61.0
24 56 68.0
24 132 55.0
24 141 10.0
24 111 18.0
24 146 78.0
25 2 90.0
25 8 83.0
25 46 16.0
25 50 35.0
25 60 97.0
25 66 55.0
25 72 16.0
25 103 60.0
25 109 97.0
25 112 7.0
25 136 75.0
25 149 68.0
25 156 25.0
25 184 87.0
26 45 95.0
26 89 24.0
26 99 96.0
26 116 31.0
26 131 43.0
27 20 74.0
27 59 12.0
27 81 75.0
27 91 43.0
27 96 86.0
27 113 51.0
27 115 90.0
27 122 80.0
27 123 33.0
27 133 97.0
27 154 86.0
28 17 83.0
28 182 25.0
28 3 4.0
28 44 82.0
28 84 26.0
28 98 45.0
28 120 77.0
28 127 32.0
28 129 93.0
28 139 48.0
28 142 91.0
28 188 52.0
29 38 50.0
29 43 21.0
29 76 62.0
29 83 83.0
29 118 58.0
29 166 50.0
29 167 74.0
29 200 17.0
30 40 91.0
30 43 25.0
30 104 80.0
30 108 62.0
30 187 12.0
30 200 19.0
31 11 65.0
31 34 96.0
31 41 57.0
31 77 52.0
31 114 77.0
31 126 10.0
31 128 59.0
31 130 55.0
32 7 36.0
32 9 9.0
32 59 58.0
32 61 23.0
32 75 28.0
32 85 77.0
32 110 69.0
32 145 7.0
32 150 13.0
32 154 54.0
32 172 25.0
33 35 86.0
33 78 80.0
33 90 19.0
33 151 87.0
33 181 37.0
33 195 4.0
33 2 95.0
33 88 27.0
33 136 92.0
33 148 78.0
33 149 49.0
34 11 9.0
34 31 84.0
34 41 16.0
34 77 22.0
34 114 72.0
34 126 70.0
34 128 48.0
34 130 15.0
35 55 6.0
35 175 62.0
35 3 55.0
35 6 18.0
35 33 89.0
35 57 13.0
35 78 39.0
35 84 92.0
35 90 11.0
35 142 25.0
35 151 19.0
35 181 15.0
35 195 95.0
35 88 75.0
35 148 50.0
36 19 96.0
36 24 86.0
36 55 5.0
36 56 18.0
36 65 80.0
36 124 5.0
36 132 9.0
36 141 91.0
36 163 81.0
36 164 42.0
37 52 67.0
37 63 92.0
37 100 59.0
37 101 46.0
37 107 10.0
37 137 52.0
37 168 57.0
37 183 70.0
37 186 66.0
37 190 16.0
38 29 97.0
38 43 81.0
38 47 53.0
38 68 85.0
38 76 54.0
38 83 30.0
38 105 86.0
38 118 80.0
38 119 93.0
38 166 43.0
38 167 27.0
38 171 18.0
38 196 8.0
38 199 75.0
39 22 3.0
39 59 29.0
39 75 61.0
39 79 39.0
39 85 99.0
39 97 56.0
39 110 56.0
39 113 23.0
39 134 1.0
39 154 75.0
39 189 13.0
40 30 85.0
40 104 87.0
40 10 50.0
40 54 55.0
40 64 9.0
40 80 28.0
40 153 9.0
41 11 75.0
41 31 77.0
41 34 92.0
41 48 14.0
41 77 71.0
41 114 66.0
41 126 80.0
41 130 91.0
41 1 17.0
41 53 96.0
41 92 38.0
41 135 42.0
41 180 95.0
42 20 35.0
42 51 36.0
42 81 2.0
42 115 31.0
42 198 16.0
42 16 18.0
43 29 55.0
43 30 90.0
43 38 70.0
43 47 94.0
43 76 58.0
43 83 13.0
43 118 63.0
43 166 40.0
43 167 65.0
43 171 71.0
43 199 41.0
43 200 86.0
44 17 41.0
44 21 41.0
44 58 42.0
44 162 28.0
44 28 48.0
44 98 68.0
44 120 96.0
44 127 53.0
44 129 8.0
44 138 11.0
44 139 19.0
44 155 7.0
44 188 60.0
44 193 39.0
45 4 67.0
45 26 18.0
45 89 40.0
45 116 16.0
45 177 37.0
45 197 99.0
46 8 38.0
46 13 16.0
46 14 29.0
46 25 96.0
46 60 95.0
46 66 71.0
46 67 13.0
46 72 94.0
46 74 68.0
46 95 6.0
46 103 28.0
46 106 23.0
46 109 45.0
46 112 2.0
46 117 10.0
46 121 75.0
46 152 23.0
46 156 87.0
46 184 69.0
47 3 75.0
47 6 4.0
47 38 60.0
47 43 22.0
47 57 7.0
47 78 73.0
47 83 68.0
47 119 94.0
47 142 45.0
47 171 8.0
47 199 49.0
48 11 94.0
48 24 37.0
48 41 61.0
48 56 94.0
48 65 15.0
48 77 73.0
48 114 80.0
48 126 44.0
48 141 58.0
48 163 47.0
48 53 73.0
48 79 25.0
48 146 77.0
48 180 47.0
49 65 3.0
49 125 58.0
49 128 73.0
49 159 58.0
49 163 39.0
49 178 20.0
50 108 63.0
50 187 33.0
50 195 63.0
50 8 92.0
50 10 5.0
50 25 85.0
50 54 66.0
50 64 96.0
50 149 65.0
50 153 94.0
51 20 69.0
51 42 51.0
51 81 57.0
51 115 88.0
51 198 68.0
51 16 61.0
51 86 91.0
52 13 15.0
52 18 39.0
52 37 32.0
52 69 61.0
52 101 74.0
52 107 67.0
52 121 9.0
52 137 68.0
52 140 13.0
52 158 3.0
52 168 11.0
52 170 86.0
52 183 25.0
52 186 52.0
52 190 63.0
53 11 72.0
53 41 54.0
53 48 86.0
53 77 88.0
53 114 12.0
53 126 82.0
53 130 40.0
53 1 88.0
53 22 5.0
53 92 57.0
53 135 58.0
53 146 55.0
53 180 94.0
54 40 6.0
54 8 77.0
54 10 93.0
54 18 62.0
54 50 68.0
54 64 56.0
54 69 1.0
54 80 98.0
54 109 70.0
54 153 60.0
54 158 25.0
54 185 7.0
55 36 58.0
55 132 21.0
55 164 81.0
55 175 93.0
55 182 92.0
55 35 74.0
55 84 99.0
55 181 18.0
55 160 48.0
55 88 29.0
55 94 11.0
55 148 25.0
56 19 85.0
56 24 82.0
56 36 41.0
56 48 70.0
56 132 82.0
56 141 70.0
56 163 38.0
56 164 18.0
57 3 84.0
57 6 4.0
57 35 7.0
57 47 96.0
57 78 99.0
57 84 22.0
57 90 27.0
57 142 60.0
57 151 6.0
57 181 61.0
57 187 29.0
57 195 7.0
57 199 64.0
58 4 25.0
58 17 69.0
58 21 89.0
58 162 9.0
58 174 11.0
58 176 4.0
58 177 78.0
58 197 77.0
58 44 61.0
58 120 68.0
58 127 74.0
58 129 94.0
58 193 54.0
59 7 98.0
59 20 52.0
59 27 56.0
59 32 77.0
59 39 89.0
59 75 50.0
59 81 48.0
59 113 7.0
59 115 66.0
59 123 74.0
59 133 66.0
59 154 8.0
60 8 71.0
60 14 74.0
60 25 12.0
60 46 84.0
60 66 87.0
60 67 85.0
60 72 47.0
60 74 3.0
60 95 28.0
60 103 1.0
60 109 47.0
60 112 17.0
60 117 70.0
60 121 53.0
60 152 50.0
60 156 54.0
60 184 94.0
61 7 75.0
61 9 26.0
61 32 1.0
61 75 88.0
61 85 83.0
61 93 2.0
61 110 71.0
61 145 3.0
61 150 21.0
61 154 50.0
61 172 58.0
62 198 37.0
62 12 58.0
62 16 33.0
62 67 64.0
62 73 71.0
62 86 61.0
62 106 92.0
62 179 71.0
62 191 30.0
63 13 98.0
63 14 67.0
63 37 20.0
63 74 67.0
63 100 89.0
63 107 23.0
63 140 81.0
63 147 73.0
63 152 43.0
63 168 44.0
63 186 91.0
63 190 62.0
63 191 92.0
64 40 32.0
64 8 95.0
64 10 83.0
64 18 79.0
64 50 4.0
64 54 34.0
64 66 86.0
64 69 83.0
64 80 2.0
64 109 40.0
64 153 45.0
64 158 90.0
64 184 98.0
64 185 42.0
65 36 65.0
65 48 2.0
65 49 62.0
65 77 43.0
65 114 20.0
65 124 92.0
65 125 74.0
65 141 94.0
65 159 82.0
65 163 85.0
65 178 32.0
66 8 33.0
66 14 43.0
66 18 62.0
66 25 45.0
66 46 7.0
66 60 13.0
66 64 27.0
66 69 48.0
66 72 3.0
66 109 88.0
66 112 8.0
66 117 65.0
66 121 26.0
66 152 9.0
66 158 60.0
66 184 27.0
67 12 63.0
67 14 77.0
67 46 18.0
67 60 57.0
67 62 44.0
67 73 36.0
67 74 43.0
67 95 98.0
67 106 76.0
67 117 55.0
67 140 79.0
67 147 65.0
67 152 9.0
67 191 3.0
68 38 44.0
68 105 21.0
68 119 74.0
68 138 74.0
68 155 73.0
68 169 23.0
68 171 40.0
68 194 15.0
68 196 28.0
69 8 70.0
69 13 66.0
69 18 52.0
69 52 78.0
69 54 74.0
69 64 5.0
69 66 57.0
69 80 8.0
69 101 42.0
69 109 11.0
69 121 94.0
69 153 33.0
69 158 76.0
69 170 98.0
69 183 85.0
69 184 22.0
69 185 34.0
69 190 12.0
70 20 94.0
70 71 42.0
70 96 72.0
70 122 33.0
70 16 72.0
70 143 26.0
70 161 77.0
70 165 41.0
70 179 55.0
71 91 46.0
71 96 22.0
71 122 29.0
71 157 49.0
71 173 30.0
71 5 45.0
71 70 24.0
71 102 4.0
71 143 57.0
71 161 13.0
71 165 67.0
72 25 32.0
72 46 18.0
72 60 59.0
72 66 15.0
72 95 76.0
72 103 50.0
72 112 7.0
72 117 54.0
72 136 28.0
72 143 14.0
72 156 65.0
72 161 68.0
73 12 3.0
73 14 64.0
73 16 82.0
73 62 82.0
73 67 53.0
73 74 4.0
73 86 45.0
73 95 81.0
73 106 25.0
73 117 39.0
73 147 82.0
73 179 16.0
73 191 21.0
74 13 20.0
74 14 99.0
74 46 44.0
74 60 15.0
74 63 7.0
74 67 79.0
74 73 19.0
74 95 63.0
74 100 28.0
74 101 15.0
74 106 44.0
74 107 89.0
74 117 4.0
74 121 14.0
74 140 7.0
74 147 13.0
74 152 9.0
74 168 84.0
74 170 8.0
74 183 30.0
74 190 81.0
74 191 67.0
75 7 98.0
75 32 50.0
75 39 94.0
75 59 66.0
75 61 68.0
75 82 51.0
75 85 14.0
75 87 82.0
75 110 87.0
75 113 84.0
75 134 17.0
75 145 85.0
75 150 96.0
75 154 86.0
75 189 53.0
76 29 38.0
76 38 62.0
76 43 43.0
76 83 72.0
76 105 25.0
76 118 31.0
76 119 81.0
76 166 66.0
76 167 34.0
76 171 47.0
76 196 68.0
76 199 12.0
77 11 47.0
77 31 2.0
77 34 7.0
77 41 58.0
77 48 54.0
77 65 52.0
77 114 62.0
77 126 15.0
77 130 49.0
77 159 28.0
77 163 38.0
77 53 67.0
77 146 14.0
77 180 34.0
78 3 11.0
78 6 91.0
78 33 53.0
78 35 34.0
78 47 59.0
78 57 77.0
78 90 98.0
78 108 17.0
78 142 97.0
78 151 46.0
78 181 62.0
78 187 13.0
78 195 94.0
79 48 96.0
79 22 57.0
79 39 35.0
79 91 78.0
79 97 69.0
79 111 47.0
79 113 39.0
79 134 70.0
79 146 95.0
80 40 9.0
80 8 71.0
80 18 64.0
80 54 62.0
80 64 59.0
80 69 2.0
80 153 57.0
80 158 90.0
80 185 67.0
81 7 32.0
81 20 68.0
81 27 3.0
81 42 49.0
81 51 11.0
81 59 55.0
81 115 30.0
81 133 13.0
82 15 63.0
82 75 77.0
82 85 1.0
82 87 61.0
82 110 5.0
82 150 17.0
82 189 14.0
83 29 36.0
83 38 96.0
83 43 71.0
83 47 15.0
83 76 38.0
83 105 50.0
83 118 13.0
83 119 53.0
83 166 52.0
83 167 3.0
83 171 8.0
83 196 22.0
83 199 33.0
83 200 26.0
84 55 99.0
84 175 53.0
84 182 62.0
84 3 63.0
84 6 29.0
84 28 55.0
84 35 37.0
84 57 21.0
84 98 32.0
84 120 71.0
84 139 5.0
84 142 4.0
84 151 65.0
84 181 62.0
84 188 48.0
85 15 91.0
85 32 41.0
85 39 92.0
85 61 15.0
85 75 47.0
85 82 47.0
85 87 49.0
85 110 58.0
85 134 57.0
85 145 58.0
85 150 9.0
85 154 97.0
85 189 81.0
86 51 46.0
86 198 98.0
86 12 24.0
86 16 41.0
86 62 61.0
86 73 15.0
86 106 85.0
86 191 41.0
87 15 5.0
87 75 92.0
87 82 48.0
87 85 62.0
87 110 77.0
87 150 40.0
87 189 19.0
88 55 61.0
88 33 22.0
88 35 78.0
88 90 94.0
88 181 53.0
88 157 65.0
88 160 84.0
88 173 88.0
88 2 44.0
88 5 19.0
88 94 37.0
88 102 98.0
88 136 57.0
88 148 58.0
89 23 32.0
89 26 14.0
89 45 46.0
89 99 89.0
89 116 71.0
89 125 65.0
89 131 27.0
89 144 44.0
90 6 56.0
90 33 58.0
90 35 81.0
90 57 6.0
90 78 9.0
90 142 53.0
90 151 27.0
90 181 15.0
90 195 38.0
90 2 94.0
90 88 95.0
90 148 52.0
91 27 80.0
91 71 93.0
91 79 6.0
91 96 5.0
91 97 66.0
91 111 83.0
91 113 55.0
91 122 90.0
91 123 33.0
91 157 83.0
92 11 14.0
92 41 19.0
92 126 90.0
92 1 16.0
92 15 62.0
92 22 80.0
92 53 76.0
92 134 62.0
92 135 55.0
92 146 90.0
92 180 44.0
92 189 40.0
93 9 81.0
93 61 24.0
93 145 83.0
93 150 60.0
93 172 10.0
94 55 43.0
94 157 54.0
94 160 73.0
94 173 41.0
94 2 90.0
94 5 86.0
94 88 68.0
94 102 74.0
94 143 41.0
94 148 13.0
95 14 66.0
95 46 59.0
95 60 45.0
95 67 34.0
95 72 84.0
95 73 92.0
95 74 49.0
95 103 76.0
95 106 73.0
95 117 77.0
95 152 99.0
95 156 14.0
95 161 12.0
95 179 77.0
95 191 36.0
96 20 9.0
96 27 38.0
96 71 31.0
96 91 42.0
96 122 47.0
96 123 34.0
96 157 58.0
96 70 99.0
96 143 96.0
96 165 16.0
97 22 80.0
97 39 16.0
97 79 11.0
97 91 97.0
97 111 89.0
97 113 84.0
97 134 89.0
97 146 76.0
97 189 70.0
98 164 70.0
98 175 51.0
98 182 52.0
98 192 8.0
98 3 34.0
98 28 58.0
98 44 53.0
98 84 5.0
98 120 88.0
98 129 76.0
98 139 39.0
98 142 29.0
98 188 91.0
99 23 60.0
99 26 60.0
99 89 55.0
99 116 65.0
99 131 65.0
99 144 51.0
100 13 24.0
100 14 45.0
100 37 66.0
100 63 61.0
100 74 32.0
100 107 96.0
100 140 14.0
100 147 71.0
100 152 2.0
100 168 72.0
100 186 81.0
100 190 78.0
100 191 84.0
101 13 6.0
101 18 10.0
101 37 76.0
101 52 1.0
101 69 36.0
101 74 62.0
101 121 83.0
101 137 23.0
101 140 6.0
101 147 9.0
101 152 68.0
101 158 67.0
101 170 47.0
101 183 16.0
101 185 77.0
101 190 67.0
102 71 82.0
102 157 56.0
102 160 65.0
102 173 63.0
102 2 74.0
102 5 40.0
102 88 95.0
102 94 68.0
102 103 52.0
102 143 70.0
102 148 69.0
102 165 35.0
103 2 81.0
103 25 34.0
103 46 51.0
103 60 56.0
103 72 12.0
103 95 77.0
103 102 75.0
103 112 42.0
103 136 20.0
103 143 74.0
103 148 36.0
103 149 10.0
103 156 3.0
103 161 87.0
104 30 11.0
104 40 24.0
104 200 6.0
105 38 67.0
105 68 26.0
105 76 60.0
105 83 50.0
105 118 25.0
105 119 10.0
105 138 43.0
105 155 57.0
105 169 94.0
105 171 58.0
105 194 61.0
105 196 41.0
106 12 59.0
106 14 65.0
106 16 51.0
106 46 77.0
106 62 27.0
106 67 90.0
106 73 94.0
106 74 65.0
106 86 12.0
106 95 4.0
106 117 58.0
106 147 98.0
106 152 69.0
106 179 48.0
106 191 95.0
107 13 27.0
107 37 28.0
107 52 83.0
107 63 90.0
107 74 33.0
107 100 59.0
107 140 20.0
107 147 15.0
107 152 98.0
107 168 26.0
107 170 18.0
107 183 84.0
107 186 94.0
107 190 40.0
108 30 65.0
108 78 43.0
108 187 80.0
108 195 88.0
108 200 54.0
108 10 49.0
108 50 75.0
109 8 73.0
109 18 42.0
109 25 85.0
109 46 83.0
109 54 38.0
109 60 85.0
109 64 80.0
109 66 10.0
109 69 61.0
109 121 53.0
109 149 43.0
109 158 48.0
109 184 13.0
110 32 51.0
110 39 26.0
110 61 46.0
110 75 2.0
110 82 99.0
110 85 37.0
110 87 66.0
110 113 51.0
110 134 70.0
110 145 25.0
110 150 11.0
110 154 89.0
110 189 62.0
111 24 8.0
111 79 82.0
111 91 34.0
111 97 11.0
111 146 81.0
111 157 42.0
112 2 37.0
112 25 57.0
112 46 46.0
112 60 68.0
112 66 44.0
112 72 77.0
112 103 24.0
112 136 17.0
112 148 83.0
112 149 50.0
112 156 50.0
113 22 12.0
113 27 53.0
113 39 91.0
113 59 88.0
113 75 13.0
113 79 2.0
113 91 1.0
113 97 19.0
113 110 61.0
113 123 45.0
113 133 72.0
113 134 10.0
113 154 63.0
113 189 48.0
114 11 95.0
114 31 18.0
114 34 20.0
114 41 11.0
114 48 63.0
114 65 3.0
114 77 4.0
114 126 86.0
114 130 80.0
114 53 90.0
114 146 78.0
114 180 11.0
115 20 54.0
115 27 91.0
115 42 29.0
115 51 91.0
115 59 87.0
115 81 84.0
115 123 17.0
115 133 68.0
115 198 84.0
116 26 98.0
116 45 82.0
116 89 28.0
116 99 49.0
116 131 24.0
117 13 41.0
117 14 36.0
117 46 44.0
117 60 3.0
117 66 76.0
117 67 30.0
117 72 21.0
117 73 56.0
117 74 19.0
117 95 66.0
117 106 1.0
117 121 39.0
117 140 99.0
117 147 58.0
117 152 49.0
117 184 34.0
117 190 23.0
117 191 59.0
118 29 17.0
118 38 94.0
118 43 53.0
118 76 94.0
118 83 78.0
118 105 33.0
118 119 17.0
118 166 88.0
118 167 35.0
118 171 13.0
118 196 45.0
118 199 88.0
118 200 80.0
119 3 99.0
119 38 24.0
119 47 8.0
119 68 51.0
119 76 28.0
119 83 9.0
119 105 97.0
119 118 20.0
119 138 85.0
119 155 67.0
119 169 99.0
119 171 2.0
119 194 85.0
119 196 40.0
119 199 62.0
120 17 30.0
120 21 15.0
120 58 86.0
120 162 29.0
120 174 29.0
120 176 11.0
120 177 70.0
120 182 1.0
120 192 41.0
120 28 85.0
120 44 50.0
120 84 91.0
120 98 8.0
120 127 40.0
120 129 10.0
120 139 46.0
120 188 81.0
121 8 13.0
121 13 21.0
121 14 77.0
121 18 46.0
121 46 34.0
121 52 36.0
121 60 31.0
121 66 59.0
121 69 48.0
121 74 63.0
121 101 5.0
121 109 84.0
121 117 22.0
121 140 8.0
121 147 96.0
121 152 76.0
121 158 41.0
121 170 73.0
121 183 73.0
121 184 76.0
121 185 55.0
121 190 30.0
122 20 6.0
122 27 58.0
122 71 37.0
122 91 87.0
122 96 55.0
122 123 98.0
122 133 70.0
122 16 11.0
122 70 51.0
122 161 66.0
122 165 8.0
122 179 97.0
123 20 17.0
123 27 44.0
123 59 80.0
123 91 65.0
123 96 12.0
123 113 61.0
123 115 75.0
123 122 73.0
123 133 39.0
123 154 94.0
124 19 62.0
124 36 70.0
124 65 1.0
124 125 11.0
124 141 68.0
124 159 78.0
124 163 87.0
124 164 53.0
124 174 88.0
124 176 78.0
124 178 85.0
124 182 66.0
124 192 19.0
125 49 14.0
125 65 41.0
125 89 23.0
125 124 33.0
125 159 36.0
125 163 96.0
125 178 66.0
126 11 97.0
126 31 52.0
126 34 84.0
126 41 22.0
126 48 56.0
126 77 68.0
126 114 47.0
126 130 7.0
126 1 36.0
126 53 26.0
126 92 20.0
126 135 97.0
126 180 22.0
127 17 27.0
127 21 23.0
127 58 27.0
127 162 93.0
127 28 82.0
127 44 59.0
127 120 73.0
127 129 35.0
127 138 6.0
127 139 34.0
127 155 73.0
127 193 53.0
128 31 29.0
128 34 99.0
128 49 33.0
128 130 81.0
128 144 85.0
129 17 11.0
129 21 49.0
129 58 70.0
129 162 30.0
129 28 89.0
129 44 37.0
129 98 15.0
129 120 48.0
129 127 2.0
129 138 63.0
129 139 2.0
129 155 25.0
129 188 38.0
129 193 17.0
130 11 19.0
130 31 73.0
130 34 20.0
130 41 29.0
130 77 81.0
130 114 77.0
130 126 41.0
130 128 2.0
130 53 43.0
131 23 23.0
131 26 9.0
131 89 91.0
131 99 34.0
131 116 76.0
131 144 2.0
132 19 61.0
132 24 99.0
132 36 51.0
132 55 58.0
132 56 67.0
132 141 30.0
132 164 54.0
132 175 78.0
132 182 79.0
132 160 40.0
133 20 21.0
133 27 72.0
133 59 29.0
133 81 38.0
133 113 89.0
133 115 9.0
133 122 86.0
133 123 85.0
133 154 98.0
134 15 74.0
134 22 83.0
134 39 14.0
134 75 8.0
134 79 54.0
134 85 20.0
134 92 57.0
134 97 56.0
134 110 14.0
134 113 3.0
134 135 28.0
134 146 92.0
134 154 93.0
134 180 85.0
134 189 33.0
135 11 22.0
135 41 80.0
135 126 23.0
135 1 52.0
135 15 83.0
135 22 52.0
135 53 40.0
135 92 37.0
135 134 33.0
135 180 71.0
135 189 18.0
136 33 23.0
136 195 21.0
136 2 33.0
136 25 24.0
136 72 22.0
136 88 98.0
136 103 51.0
136 112 5.0
136 148 57.0
136 149 45.0
136 156 11.0
137 37 5.0
137 52 19.0
137 101 78.0
137 170 2.0
137 183 49.0
137 186 9.0
137 190 88.0
138 17 83.0
138 21 18.0
138 44 51.0
138 68 13.0
138 105 53.0
138 119 68.0
138 127 74.0
138 129 1.0
138 139 97.0
138 155 13.0
138 169 42.0
138 193 91.0
138 194 46.0
139 17 52.0
139 3 88.0
139 28 87.0
139 44 96.0
139 84 42.0
139 98 62.0
139 120 24.0
139 127 58.0
139 129 59.0
139 138 70.0
139 142 80.0
139 155 64.0
139 188 46.0
140 13 96.0
140 14 50.0
140 52 98.0
140 63 43.0
140 67 10.0
140 74 49.0
140 100 41.0
140 101 26.0
140 107 28.0
140 117 25.0
140 121 71.0
140 147 18.0
140 152 4.0
140 168 14.0
140 170 53.0
140 183 15.0
140 186 66.0
140 190 33.0
140 191 21.0
141 19 93.0
141 24 88.0
141 36 47.0
141 48 89.0
141 56 73.0
141 65 70.0
141 124 43.0
141 132 51.0
141 159 1.0
141 163 22.0
141 164 52.0
142 175 85.0
142 3 75.0
142 6 33.0
142 28 3.0
142 35 65.0
142 47 6.0
142 57 4.0
142 78 62.0
142 84 32.0
142 90 71.0
142 98 47.0
142 139 21.0
142 151 54.0
142 181 2.0
142 188 55.0
143 71 98.0
143 96 97.0
143 157 35.0
143 173 57.0
143 5 5.0
143 70 57.0
143 72 92.0
143 94 91.0
143 102 81.0
143 103 43.0
143 156 26.0
143 161 61.0
143 165 40.0
144 23 53.0
144 89 23.0
144 99 38.0
144 128 84.0
144 131 63.0
145 7 31.0
145 9 27.0
145 32 29.0
145 61 67.0
145 75 35.0
145 85 8.0
145 93 68.0
145 110 75.0
145 150 77.0
145 154 41.0
145 172 33.0
146 11 89.0
146 24 28.0
146 48 15.0
146 77 48.0
146 114 60.0
146 22 6.0
146 53 88.0
146 79 79.0
146 92 50.0
146 97 62.0
146 111 95.0
146 134 61.0
146 180 9.0
147 13 59.0
147 14 46.0
147 63 29.0
147 67 1.0
147 73 48.0
147 74 81.0
147 100 62.0
147 101 28.0
147 106 41.0
147 107 32.0
147 117 14.0
147 121 80.0
147 140 88.0
147 152 14.0
147 168 44.0
147 170 24.0
147 183 20.0
147 186 42.0
147 190 93.0
147 191 81.0
148 55 79.0
148 33 18.0
148 35 63.0
148 90 60.0
148 151 2.0
148 181 73.0
148 160 91.0
148 173 42.0
148 2 83.0
148 5 74.0
148 88 41.0
148 94 41.0
148 102 94.0
148 103 2.0
148 112 1.0
148 136 17.0
149 33 27.0
149 187 44.0
149 195 30.0
149 2 99.0
149 8 32.0
149 10 81.0
149 25 82.0
149 50 22.0
149 103 99.0
149 109 42.0
149 112 96.0
149 136 69.0
150 7 43.0
150 9 71.0
150 32 92.0
150 61 45.0
150 75 36.0
150 82 69.0
150 85 60.0
150 87 66.0
150 93 63.0
150 110 6.0
150 145 97.0
150 172 61.0
151 3 27.0
151 6 41.0
151 33 67.0
151 35 27.0
151 57 36.0
151 78 68.0
151 84 85.0
151 90 7.0
151 142 77.0
151 181 74.0
151 195 7.0
151 2 71.0
151 148 69.0
152 13 45.0
152 14 71.0
152 46 2.0
152 60 14.0
152 63 23.0
152 66 97.0
152 67 75.0
152 74 4.0
152 95 43.0
152 100 52.0
152 101 10.0
152 106 17.0
152 107 74.0
152 117 1.0
152 121 88.0
152 140 41.0
152 147 22.0
152 158 65.0
152 170 91.0
152 183 7.0
152 184 43.0
152 190 22.0
152 191 22.0
153 40 33.0
153 8 67.0
153 10 51.0
153 18 83.0
153 50 37.0
153 54 24.0
153 64 37.0
153 69 98.0
153 80 10.0
153 185 98.0
154 7 31.0
154 27 97.0
154 32 56.0
154 39 99.0
154 59 34.0
154 61 34.0
154 75 34.0
154 85 97.0
154 110 39.0
154 113 55.0
154 123 48.0
154 133 1.0
154 134 54.0
154 145 88.0
155 44 74.0
155 68 92.0
155 105 84.0
155 119 61.0
155 127 53.0
155 129 76.0
155 138 90.0
155 139 23.0
155 169 50.0
155 171 49.0
155 188 21.0
155 193 9.0
155 194 46.0
156 2 23.0
156 25 62.0
156 46 31.0
156 60 95.0
156 72 35.0
156 95 49.0
156 103 65.0
156 112 16.0
156 136 57.0
156 143 83.0
156 161 44.0
157 71 36.0
157 91 60.0
157 96 91.0
157 111 70.0
157 160 62.0
157 173 62.0
157 5 80.0
157 88 17.0
157 94 83.0
157 102 34.0
157 143 4.0
157 165 56.0
158 8 17.0
158 13 32.0
158 18 44.0
158 52 59.0
158 54 79.0
158 64 61.0
158 66 12.0
158 69 70.0
158 80 57.0
158 101 76.0
158 109 13.0
158 121 62.0
158 152 57.0
158 170 79.0
158 183 99.0
158 184 61.0
158 185 60.0
158 190 81.0
159 49 17.0
159 65 21.0
159 77 96.0
159 124 26.0
159 125 74.0
159 141 40.0
159 163 14.0
159 178 36.0
160 55 37.0
160 132 76.0
160 157 94.0
160 173 49.0
160 5 90.0
160 88 65.0
160 94 92.0
160 102 58.0
160 148 61.0
161 71 16.0
161 122 64.0
161 16 44.0
161 70 8.0
161 72 78.0
161 95 65.0
161 103 87.0
161 143 33.0
161 156 2.0
161 165 53.0
161 179 53.0
162 4 18.0
162 17 94.0
162 21 74.0
162 58 35.0
162 174 30.0
162 176 28.0
162 177 30.0
162 197 62.0
162 44 63.0
162 120 53.0
162 127 26.0
162 129 93.0
162 193 17.0
163 19 10.0
163 36 87.0
163 48 91.0
163 49 21.0
163 56 44.0
163 65 72.0
163 77 58.0
163 124 66.0
163 125 71.0
163 141 56.0
163 159 53.0
163 178 49.0
164 19 82.0
164 36 63.0
164 55 12.0
164 56 26.0
164 124 78.0
164 132 28.0
164 141 41.0
164 174 98.0
164 175 14.0
164 176 24.0
164 178 63.0
164 182 89.0
164 192 30.0
164 98 43.0
165 71 48.0
165 96 45.0
165 122 36.0
165 157 60.0
165 173 61.0
165 70 3.0
165 102 13.0
165 143 68.0
165 161 53.0
165 179 91.0
166 29 3.0
166 38 17.0
166 43 3.0
166 76 91.0
166 83 72.0
166 118 90.0
166 167 4.0
166 200 54.0
167 29 26.0
167 38 28.0
167 43 21.0
167 76 25.0
167 83 62.0
167 118 99.0
167 166 94.0
167 199 23.0
167 200 98.0
168 13 42.0
168 37 25.0
168 52 18.0
168 63 76.0
168 74 28.0
168 100 28.0
168 107 52.0
168 140 14.0
168 147 9.0
168 183 10.0
168 186 50.0
168 190 69.0
169 68 67.0
169 105 81.0
169 119 53.0
169 138 26.0
169 155 61.0
169 171 74.0
169 194 70.0
169 196 24.0
170 13 93.0
170 14 40.0
170 18 59.0
170 52 11.0
170 69 25.0
170 74 10.0
170 101 89.0
170 107 19.0
170 121 67.0
170 137 64.0
170 140 2.0
170 147 97.0
170 152 46.0
170 158 44.0
170 183 88.0
170 184 8.0
170 186 78.0
170 190 94.0
171 38 17.0
171 43 92.0
171 47 18.0
171 68 63.0
171 76 2.0
171 83 18.0
171 105 62.0
171 118 14.0
171 119 74.0
171 155 14.0
171 169 38.0
171 194 37.0
171 196 50.0
171 199 9.0
172 7 12.0
172 9 31.0
172 32 88.0
172 61 1.0
172 93 40.0
172 145 17.0
172 150 25.0
173 71 78.0
173 157 47.0
173 160 45.0
173 5 58.0
173 88 75.0
173 94 73.0
173 102 94.0
173 143 57.0
173 148 86.0
173 165 29.0
174 19 98.0
174 58 53.0
174 124 70.0
174 162 29.0
174 164 36.0
174 176 16.0
174 177 34.0
174 178 25.0
174 182 47.0
174 192 29.0
174 197 42.0
174 120 30.0
175 19 25.0
175 55 34.0
175 132 34.0
175 164 63.0
175 182 93.0
175 35 44.0
175 84 38.0
175 98 38.0
175 142 71.0
176 19 34.0
176 58 43.0
176 124 35.0
176 162 56.0
176 164 21.0
176 174 95.0
176 177 45.0
176 178 99.0
176 182 14.0
176 192 53.0
176 197 27.0
176 120 81.0
177 4 60.0
177 17 74.0
177 21 50.0
177 45 92.0
177 58 29.0
177 162 48.0
177 174 94.0
177 176 24.0
177 192 8.0
177 197 59.0
177 120 45.0
178 19 58.0
178 49 44.0
178 65 94.0
178 124 18.0
178 125 33.0
178 159 30.0
178 163 95.0
178 164 44.0
178 174 69.0
178 176 79.0
178 192 7.0
179 20 88.0
179 122 40.0
179 198 50.0
179 12 20.0
179 16 54.0
179 62 66.0
179 70 62.0
179 73 9.0
179 95 16.0
179 106 33.0
179 161 54.0
179 165 13.0
180 11 50.0
180 41 33.0
180 48 34.0
180 77 81.0
180 114 74.0
180 126 46.0
180 1 53.0
180 15 99.0
180 22 15.0
180 53 92.0
180 92 12.0
180 134 71.0
180 135 2.0
180 146 17.0
180 189 89.0
181 55 44.0
181 6 51.0
181 33 71.0
181 35 90.0
181 57 7.0
181 78 38.0
181 84 94.0
181 90 88.0
181 142 38.0
181 151 79.0
181 195 37.0
181 2 17.0
181 88 20.0
181 148 61.0
182 19 73.0
182 55 22.0
182 124 68.0
182 132 78.0
182 164 8.0
182 174 94.0
182 175 7.0
182 176 57.0
182 192 14.0
182 28 26.0
182 84 22.0
182 98 24.0
182 120 78.0
183 13 93.0
183 14 52.0
183 18 26.0
183 37 70.0
183 52 75.0
183 69 52.0
183 74 52.0
183 101 23.0
183 107 73.0
183 121 97.0
183 137 24.0
183 140 16.0
183 147 33.0
183 152 21.0
183 158 26.0
183 168 70.0
183 170 34.0
183 186 50.0
183 190 85.0
184 8 60.0
184 13 6.0
184 14 2.0
184 18 11.0
184 25 49.0
184 46 76.0
184 60 37.0
184 64 70.0
184 66 94.0
184 69 84.0
184 109 78.0
184 117 62.0
184 121 58.0
184 152 12.0
184 158 66.0
184 170 41.0
185 8 95.0
185 18 43.0
185 54 5.0
185 64 94.0
185 69 9.0
185 80 65.0
185 101 55.0
185 121 54.0
185 153 84.0
185 158 35.0
186 13 1.0
186 37 82.0
186 52 46.0
186 63 67.0
186 100 19.0
186 107 35.0
186 137 27.0
186 140 6.0
186 147 87.0
186 168 14.0
186 170 35.0
186 183 6.0
186 190 40.0
187 6 50.0
187 30 5.0
187 57 4.0
187 78 5.0
187 108 94.0
187 195 81.0
187 10 16.0
187 50 64.0
187 149 15.0
188 17 17.0
188 3 69.0
188 28 57.0
188 44 67.0
188 84 24.0
188 98 4.0
188 120 97.0
188 129 92.0
188 139 60.0
188 142 25.0
188 155 69.0
189 1 18.0
189 15 95.0
189 22 36.0
189 39 78.0
189 75 74.0
189 82 32.0
189 85 10.0
189 87 73.0
189 92 49.0
189 97 74.0
189 110 53.0
189 113 71.0
189 134 38.0
189 135 31.0
189 180 9.0
190 13 35.0
190 14 66.0
190 37 50.0
190 52 76.0
190 63 6.0
190 69 36.0
190 74 51.0
190 100 92.0
190 101 97.0
190 107 6.0
190 117 67.0
190 121 21.0
190 137 37.0
190 140 66.0
190 147 13.0
190 152 63.0
190 158 13.0
190 168 87.0
190 170 54.0
190 183 39.0
190 186 24.0
191 12 2.0
191 14 49.0
191 62 50.0
191 63 67.0
191 67 83.0
191 73 19.0
191 74 43.0
191 86 44.0
191 95 6.0
191 100 61.0
191 106 36.0
191 117 43.0
191 140 29.0
191 147 80.0
191 152 96.0
192 19 77.0
192 124 47.0
192 164 5.0
192 174 86.0
192 176 53.0
192 177 21.0
192 178 75.0
192 182 65.0
192 98 53.0
192 120 2.0
193 17 71.0
193 21 11.0
193 58 59.0
193 162 74.0
193 44 44.0
193 127 72.0
193 129 23.0
193 138 89.0
193 155 74.0
194 68 86.0
194 105 43.0
194 119 38.0
194 138 95.0
194 155 86.0
194 169 8.0
194 171 99.0
194 196 59.0
195 6 23.0
195 33 6.0
195 35 90.0
195 57 98.0
195 78 55.0
195 90 42.0
195 108 93.0
195 151 93.0
195 181 47.0
195 187 6.0
195 2 61.0
195 10 61.0
195 50 51.0
195 136 97.0
195 149 84.0
196 38 99.0
196 68 32.0
196 76 58.0
196 83 53.0
196 105 78.0
196 118 86.0
196 119 71.0
196 169 52.0
196 171 52.0
196 194 7.0
197 4 77.0
197 17 57.0
197 21 74.0
197 45 41.0
197 58 67.0
197 162 19.0
197 174 45.0
197 176 16.0
197 177 97.0
198 20 88.0
198 42 61.0
198 51 70.0
198 115 1.0
198 12 5.0
198 16 86.0
198 62 12.0
198 86 39.0
198 179 92.0
199 3 92.0
199 6 23.0
199 38 13.0
199 43 47.0
199 47 4.0
199 57 17.0
199 76 87.0
199 83 79.0
199 118 87.0
199 119 64.0
199 167 78.0
199 171 36.0
199 200 44.0
200 29 62.0
200 30 8.0
200 43 4.0
200 83 46.0
200 104 91.0
200 108 20.0
200 118 5.0
200 166 12.0
200 167 10.0
200 199 6.0
