174.22348747260313 148.52007019699695 0.0
11.036379053207224 46.22505270722645 0.0
113.391385651587 91.12236239245402 0.0
80.6596570772931 92.58573578387397 0.0
156.50502960295395 196.0972308832345 0.0
138.04388193480798 137.58042088207557 0.0
26.558816513829452 132.48319719544918 0.0
29.63124174568432 189.95654395907198 0.0
87.80631270681634 99.57786443709512 0.0
76.27576491664827 34.390876595284105 0.0
133.91109210156552 136.49268734873002 0.0
24.278437990397993 27.53161572217817 0.0
27.61835598903324 134.45076083756965 0.0
6.405533047240919 99.41099417574743 0.0
52.86641869817017 101.46741090825225 0.0
103.20396096921647 146.29409526216227 0.0
44.35891406233126 159.71759745772476 0.0
114.65384237006863 172.3185748594227 0.0
44.969949407308164 17.80816288337097 0.0
153.1751996020866 139.81915508017505 0.0
7.956140221700081 53.33697161725588 0.0
51.23215472867842 122.01966377580631 0.0
108.80093944969396 65.53507891263249 0.0
140.2546124262888 16.814629355330425 0.0
160.61827319292635 13.452188827468126 0.0
102.32395847883933 176.65134487333097 0.0
37.394042628944455 42.05959083651138 0.0
122.04587345690743 37.06250899763821 0.0
100.94561869421057 16.808957833868977 0.0
73.25988176725295 185.18851573907995 0.0
0.33102067798238544 36.59942226921935 0.0
163.71196693463486 99.6675841625158 0.0
66.54105319136939 175.76927543683365 0.0
130.5428559081265 14.56094932140044 0.0
60.65913794250546 17.64295222605825 0.0
130.42151999496622 12.519446240559517 0.0
50.275337576830026 185.32776693446834 0.0
100.37964508628481 136.18681917883958 0.0
86.79240731473483 49.86909679391507 0.0
178.8796064134883 21.87415744874539 0.0
135.36342791978376 101.53671301406786 0.0
171.37499677567936 105.82902357619201 0.0
169.55206865243466 106.92902051009443 0.0
20.599252346791207 30.96173596174725 0.0
84.40811125083975 142.74601850547995 0.0
199.04460244210028 90.68046567957228 0.0
104.50242238304874 96.49592429463337 0.0
79.56996216032397 186.5258258043027 0.0
67.5671401175021 55.06436127335379 0.0
59.803181033478104 47.58463262188211 0.0
149.73835631457897 163.9891485856048 0.0
116.97939244471154 162.20172775552112 0.0
65.0001923836949 33.44780497379107 0.0
152.08390015855534 6.297641121398123 0.0
119.28074646757958 191.3788310719735 0.0
145.64458916940194 117.6390517075872 0.0
128.7518165986125 39.822079679706015 0.0
192.24538934278547 161.69806113241202 0.0
122.23607144000862 57.477385985717476 0.0
106.80886392109616 162.27524868614165 0.0
139.2267147400949 9.644830491690492 0.0
102.92261837676915 128.85073140424836 0.0
107.87639280710408 76.12405775882311 0.0
31.960707784553154 2.666284464907953 0.0
141.41352712815294 88.31402472764557 0.0
41.47786087341352 164.83085011538535 0.0
26.795994874426476 78.66878769466143 0.0
62.330870967285975 102.28068466964007 0.0
196.01339829815348 88.82882525855594 0.0
66.20800263807946 11.214523166565705 0.0
68.30097784726665 57.161624107611765 0.0
148.72397245307113 132.66319393245195 0.0
130.62960634846334 12.109142935410343 0.0
187.96445818127083 61.14212333508065 0.0
84.18796213399371 134.65399653682638 0.0
104.3407871572966 144.87435200729215 0.0
26.174461536371485 121.3801473624386 0.0
4.841929646155618 4.86060860144284 0.0
159.0682261587481 79.01801445254529 0.0
133.2475286754707 140.11215341170302 0.0
123.64972236441791 112.02794449131956 0.0
167.59225508919636 157.651118577961 0.0
137.3935054365126 26.690091689344975 0.0
7.148339172910867 168.42212181783395 0.0
86.45683774896091 168.332716682808 0.0
173.41962956001134 124.04806440565743 0.0
167.33970227027598 132.74515090204576 0.0
113.11727023426299 134.4019851293574 0.0
3.3931785764924838 148.48553222031882 0.0
35.81338780421546 102.255984855441 0.0
171.70473531343825 113.70763626297177 0.0
44.945979631916444 138.80726011551593 0.0
167.49059555173952 189.29512737249686 0.0
28.074660347568535 182.6703795296292 0.0
5.976830511237341 99.50559018640432 0.0
60.76339355929397 34.96393402906459 0.0
115.85248005410584 71.99084563756956 0.0
148.193132018315 44.4088351130985 0.0
113.72945137190598 60.974038690199926 0.0
179.5835876002878 128.89455058922098 0.0
65.64563659428637 140.52805365778715 0.0
2.7301178084951916 103.75862129748643 0.0
139.49914176913367 129.31397545308482 0.0
139.4381642930282 2.0639130883614243 0.0
131.40316295911828 13.802210986167495 0.0
57.36427602819529 18.447055936447153 0.0
9.302537341071048 173.9131131816746 0.0
89.74933436565517 85.65065984951119 0.0
158.7946362056871 183.17790276303782 0.0
51.75612447968439 101.64086820944796 0.0
38.948772493851 54.934753440491946 0.0
140.59996311100284 65.2509858881283 0.0
60.019840825888316 36.739073579350666 0.0
26.387695996682915 49.58083103990243 0.0
80.30357334753543 17.080921207289723 0.0
141.55687093425357 44.92073173255808 0.0
185.98223442444996 101.66667770695106 0.0
59.03352738791712 36.757875153850165 0.0
165.66122041909432 140.93611679706774 0.0
112.70356460385244 49.46210282584498 0.0
120.39852879264812 146.15004506753314 0.0
58.519215312191704 82.53696943602418 0.0
160.38072055415768 18.29784184790384 0.0
0.5387254926424889 93.86126877548529 0.0
131.0004669817796 32.238152788489316 0.0
13.423886606095547 43.13500530148953 0.0
183.94234358994106 67.90021177885235 0.0
81.39666263194935 98.78309246276211 0.0
162.98520555106236 61.03714791098973 0.0
143.3826869514703 32.858932486791545 0.0
9.58084985004004 157.93690231011348 0.0
185.04596596849282 181.02923380789795 0.0
109.87044964925332 1.6602440432696985 0.0
50.64569053805323 128.51040037007456 0.0
102.65161610755847 51.789603874928126 0.0
161.12266748463395 97.86589161371116 0.0
146.9106264250158 45.33635689597264 0.0
19.54934801946877 60.863141793296435 0.0
7.885913101576292 43.36837307443251 0.0
61.0540963980027 74.12741189273437 0.0
162.2303472433391 176.08365960705464 0.0
61.55682624414891 47.11939372913534 0.0
45.69162121957564 198.46997006830864 0.0
158.12972865043506 91.00203653129435 0.0
170.83139502921009 99.35434083671171 0.0
153.52341517388516 168.25152173025614 0.0
127.6555703756059 68.56058148327774 0.0
178.3752362737736 165.40601920539459 0.0
46.62952744897464 120.05679273343561 0.0
166.84330033729532 145.1352035982939 0.0
151.40381900901298 193.38905796540783 0.0
164.8860293918799 198.85238985248105 0.0
157.6772681755957 11.361498340614018 0.0
35.13392242450877 17.38031387824801 0.0
84.97607164455778 158.83699592282505 0.0
48.27650985745786 24.72056928195878 0.0
139.72902314184557 165.6968619360585 0.0
158.11420299884253 78.76585120459885 0.0
100.8705335474727 26.411886462115298 0.0
45.90130097083005 132.83314056051293 0.0
93.3047193596131 169.3412205814374 0.0
89.33283259979848 73.1851052391375 0.0
169.91538254277117 0.7895612272261543 0.0
62.50470357170508 0.24598024521853556 0.0
139.40821529251218 192.0173057059711 0.0
5.402946406754161 105.00732327043364 0.0
175.1232116666549 51.812222219148296 0.0
114.95462357956781 7.158030768518797 0.0
119.05676529659158 32.895403432179734 0.0
104.39936734639905 167.76214027015718 0.0
55.68455566410986 57.34827487437373 0.0
53.71719892198903 166.84694238002976 0.0
71.77776476459015 114.41142733374437 0.0
131.07471648131582 45.05300714420522 0.0
141.25691907552755 83.42024701006197 0.0
103.72844692240871 148.53684657774176 0.0
178.22902421586696 165.30622534896133 0.0
76.5506078156607 187.60587054303693 0.0
86.7053667723789 68.00700844356268 0.0
197.31909601169568 122.10451774578183 0.0
102.09882131919224 184.29228238578693 0.0
150.14019904313653 20.359361320909542 0.0
67.45110511559017 24.92655452271666 0.0
121.84889154260017 3.5301476784046715 0.0
116.44201634343143 125.75415077276489 0.0
170.95834070518688 183.50274053806965 0.0
145.58417867164124 134.20561158795095 0.0
154.7066513301103 129.99901503934984 0.0
49.60843382970872 198.88881926566552 0.0
176.97556101193342 61.36784072408395 0.0
166.89659294086255 135.34232015200973 0.0
108.33226085904921 43.560269965884956 0.0
135.9197617074116 121.69222312402677 0.0
99.17216008622398 3.0812557667114104 0.0
198.9920878707304 89.86821358520089 0.0
157.916918054595 112.24909947539506 0.0
106.25127346563508 121.19828031101217 0.0
198.4486553536616 88.88306035786873 0.0
170.62883237550236 29.615779384439044 0.0
74.43783394833659 167.57853709720519 0.0
103.67456052743364 121.3765445720667 0.0
12.9488056453825 146.0182602070269 0.0
22.4512810262695 57.09782528431322 0.0
135.68365890241384 187.30713321366486 0.0
59.31754616580953 10.094844054508378 0.0
13.4515019300528 168.1072435227778 0.0
129.2674109787028 114.40492089718215 0.0
37.92689883888216 102.38876890469066 0.0
13.598064966352341 126.55308116015543 0.0
14.487756712200127 141.90150202813413 0.0
4.02766821942202 87.0271535318032 0.0
180.89951514092886 57.01081934898264 0.0
117.98719423884032 160.59450417859804 0.0
38.8390099778928 135.33086369809521 0.0
143.6617890441997 159.00644950598814 0.0
148.72803972830673 100.62700173017554 0.0
102.45862287283441 105.30064874495655 0.0
183.07308356266225 150.74843246935217 0.0
126.92977667509686 185.82569513244357 0.0
59.48438854279876 140.8910377052179 0.0
43.78033195642605 154.2762253970642 0.0
81.7739377476885 97.27959482983847 0.0
124.44331962914892 101.44097574851423 0.0
106.00865577224829 36.39749071521443 0.0
119.80479367701611 85.03020939044501 0.0
18.121545567867138 86.18123340370316 0.0
31.013846809079105 25.863058190510667 0.0
60.660127183264166 158.1359663105529 0.0
84.91394345177572 119.85933901056707 0.0
178.47812059416367 103.11747018650902 0.0
80.48349549784555 189.69449915833258 0.0
166.65276657892943 198.56493593277148 0.0
51.77521078282119 105.64036645759327 0.0
198.63692277679107 161.25814362122702 0.0
53.195239381563255 42.02853914373963 0.0
88.63142716266807 57.21144832090974 0.0
14.564808650457351 103.93717068556192 0.0
199.38994218660915 89.10631385762262 0.0
36.258439371562034 158.11607943136298 0.0
45.14502543332111 81.70296663305707 0.0
198.81460121219177 132.82914332644398 0.0
159.07063308721726 156.96099293502454 0.0
146.76603901814772 13.206965920801817 0.0
95.67296962572132 193.1375880002616 0.0
173.038700447043 51.866943669965295 0.0
120.72805628966809 195.92140764211692 0.0
78.11967175717598 138.971825124834 0.0
4.861010286360989 74.69888211339676 0.0
107.29614280528298 31.561999556969255 0.0
181.58855900890632 113.33899924432602 0.0
179.61894797560595 28.910764008936773 0.0
156.622860132738 52.421621951426786 0.0
13.845830775808189 98.81591721243348 0.0
62.46135166397575 158.6234246190747 0.0
29.471110160988133 9.155070248669306 0.0
40.76375823655507 147.01463878131872 0.0
55.04999953419614 99.69609789976208 0.0
104.74414809400214 143.30882706446926 0.0
111.37740011697682 141.06829460557069 0.0
84.78226756482921 25.647034304907933 0.0
53.682517263279436 70.96378253699547 0.0
192.68517647793104 69.28659214785972 0.0
54.85229819761417 72.05284454754491 0.0
53.50654797431129 32.60407894051216 0.0
190.79814370872762 61.760817686210956 0.0
148.5577646829305 69.11087921158014 0.0
149.43194725003838 0.968430581250801 0.0
89.22133855897656 127.71891139542744 0.0
126.31914943878431 96.86130594222749 0.0
198.4038088195547 12.283124530800315 0.0
92.9279525108015 174.56857041839095 0.0
114.9419286988888 11.48643259209463 0.0
27.49542484099794 22.894528009203242 0.0
156.0022914756748 181.42184101346606 0.0
183.882883556494 181.36139558586953 0.0
173.49134723985077 165.76554933720448 0.0
40.39437254661748 28.94521455462067 0.0
22.719183739247306 72.22388808551806 0.0
18.38366508351399 159.30103563717054 0.0
125.03701189924041 188.97604307735676 0.0
189.5768747381481 82.93760132284748 0.0
150.89494665575825 21.12349939846321 0.0
1.3891245031486088 83.7158290452754 0.0
175.74312346174236 54.69632790901857 0.0
141.11550237086777 175.20934708788388 0.0
168.4258485112401 14.555335879804021 0.0
32.72794720179961 151.87957483970976 0.0
160.1949976865417 172.56834487419022 0.0
114.11128905623889 110.6816927931888 0.0
112.19541342447967 83.72776682678102 0.0
177.92332086356504 130.6321292023352 0.0
150.25168058445064 180.41581051592465 0.0
75.86525302929266 41.03204129597495 0.0
68.01219528757163 138.81267189590804 0.0
184.00044966955167 183.4555387327339 0.0
12.982961010381056 46.48212185940545 0.0
5.861015279894866 178.27523622608535 0.0
64.7101642262305 146.45798904049715 0.0
150.43325702403297 143.41201906815053 0.0
190.3471575220715 110.6941074805223 0.0
63.714642135673685 181.15977451113815 0.0
20.06792793122156 4.529278896910971 0.0
115.3864859340338 48.34998994034836 0.0
23.26587242663647 143.85796706078497 0.0
146.248049945706 155.7852266077035 0.0
186.20306758174283 117.98650831999751 0.0
167.40946055815994 4.784402338654581 0.0
192.7519484048146 153.6935011736633 0.0
168.84220297075478 61.84706471752843 0.0
192.09779134060904 129.80239062367096 0.0
142.73776722508552 96.8576776400285 0.0
100.74691451179996 116.61304969711628 0.0
56.22632440998056 165.91523412333527 0.0
30.912225375205303 110.82843307302883 0.0
18.359084164845974 106.78741539927297 0.0
63.32413459279043 64.15128083053318 0.0
77.8594157449128 33.152609808679976 0.0
189.74152005208717 162.51502173338866 0.0
160.99942570393017 63.20721499219686 0.0
38.91397024411185 2.952077747495885 0.0
13.060281978862154 198.87967796674448 0.0
169.47307486791715 36.39172253484091 0.0
42.18604059813185 83.80676631473285 0.0
64.20711622375566 197.21887198872582 0.0
81.04238924499847 111.39166949916863 0.0
92.40008807682108 24.214133128049454 0.0
79.54324366519924 28.677553240702515 0.0
20.39244577416195 192.5345380062907 0.0
21.00969722697843 187.4343346080673 0.0
145.2477330867384 22.683447998619165 0.0
114.47737121741153 130.77032951158077 0.0
2.3855490930608347 9.957205414014169 0.0
157.46982117755434 71.74472416313775 0.0
55.26815119357194 126.6450609849491 0.0
86.40717372879101 19.87068840921018 0.0
13.704280063461338 189.29818829178296 0.0
135.92072409357675 42.0631058522414 0.0
47.0605850774531 154.67237809770347 0.0
113.69586454928628 6.498949959810418 0.0
159.647481067556 10.488303162075896 0.0
64.06716419271956 151.0223614258562 0.0
177.77279643632903 160.94218713756098 0.0
41.4410740256423 142.14059910338224 0.0
161.43323228806887 71.93879435791808 0.0
43.72322789044312 146.32104519784744 0.0
198.34015029571535 37.30774061809725 0.0
166.27895615349868 22.213547750682984 0.0
63.95277297007325 54.803163732560044 0.0
128.55708848590496 60.58641286005027 0.0
138.41848403784783 159.47586719802226 0.0
98.3587284128705 148.17846459268623 0.0
59.79642465552977 152.04611299927112 0.0
192.83434310707554 12.33361418415706 0.0
62.667145179192296 81.19431134299522 0.0
170.64383975748916 115.19842919342489 0.0
2.2077428397250243 91.22586435910858 0.0
46.316135178993974 9.427351217822078 0.0
96.03829358780396 130.3556000299615 0.0
55.69608466306033 141.75412591892444 0.0
29.622112322920625 129.89612283934883 0.0
180.46827936485406 196.4522119397541 0.0
65.72886558054174 10.92366750667233 0.0
100.09884181363908 107.62088340695722 0.0
174.4460946627793 52.53391470800302 0.0
181.13770502233285 37.39793776734175 0.0
157.45136860731742 164.5894549629454 0.0
136.67575682129564 116.61377065997624 0.0
78.7337295898325 47.89953111443279 0.0
92.85240681264533 175.06592279843338 0.0
33.67975644088978 96.0617861617849 0.0
184.6610520286199 50.50700033166338 0.0
189.4160645188862 195.73488135694632 0.0
69.90120807392444 158.60310632326846 0.0
111.52666533809277 115.89974631773148 0.0
97.97778427935484 30.533911384210576 0.0
55.740157231995745 141.70647449657736 0.0
99.34954198768804 80.5695698992275 0.0
147.9082596008915 4.792801195568308 0.0
71.78021731542883 152.87375337456314 0.0
1.5738184153267332 189.49924282084422 0.0
31.147518897088577 14.946106322641771 0.0
129.65290292816206 153.19495077197834 0.0
167.4166401164903 114.53156689848561 0.0
95.2322780307717 88.96754359586481 0.0
0.48653994000324996 197.48793916999523 0.0
116.2099322987948 180.21907843735693 0.0
65.96883807335033 196.01733327684707 0.0
189.48312714125777 49.24949747632827 0.0
177.56067022136455 139.8309064363598 0.0
132.6147910101532 85.69788395769122 0.0
110.52446039458452 117.23073718681849 0.0
54.385726621196454 155.75099554135093 0.0
29.889086822085243 118.7563301567637 0.0
60.366757379351995 39.31749709871637 0.0
147.33856067315867 132.9577197927272 0.0
75.62128088905011 19.905531835600996 0.0
132.35577761607428 132.02082742380537 0.0
123.87550337964497 160.73013778051856 0.0
126.04056146290907 184.38510200426802 0.0
40.969966278910206 140.61624255755177 0.0
10.122783840956352 62.15730703895446 0.0
20.13276889321829 94.5520105618786 0.0
69.04281995396234 173.0395284325062 0.0
187.59122129097824 106.28623277832563 0.0
149.5732443503784 39.65342658236209 0.0
189.26539032302813 34.15272630683543 0.0
70.30719311842194 73.55697143823596 0.0
132.76353618378081 16.34360610565908 0.0
162.4404435964313 46.913719865950895 0.0
173.62589026882384 98.14244032288002 0.0
33.62568553808985 51.68906521464003 0.0
160.7399638869509 151.16733331074803 0.0
138.2791883252969 54.41166806449118 0.0
63.07696386754347 13.463037076161832 0.0
110.5715410326483 3.9524958877681593 0.0
188.3755928398585 169.3202754947233 0.0
70.43566884104833 30.43797366326535 0.0
74.12601634915859 108.98952842137635 0.0
48.277002861100996 185.32769224480643 0.0
182.18326184945167 160.99554996657926 0.0
90.67214621199031 15.85128220482106 0.0
160.56609187850353 73.54799098136783 0.0
107.19396503409975 41.41312204980987 0.0
49.47371435922396 136.5825678203519 0.0
97.60265554713948 105.23754987865404 0.0
3.2793705859079925 182.256228985625 0.0
58.99378570355569 11.441365541179627 0.0
76.23650947557195 179.25891797232288 0.0
14.095999662005143 25.884428596191135 0.0
176.85951276240698 145.09346585096225 0.0
24.762522420063824 118.56328746183522 0.0
34.417894594039346 140.51439535360782 0.0
158.80226647463832 55.97676079667053 0.0
140.70911205896596 181.60526720484128 0.0
163.6478140309406 13.806498587872241 0.0
131.25189289671843 7.51341805436343 0.0
66.95916084238662 73.41958691872752 0.0
152.2685023928244 175.64997926311622 0.0
72.11369434137718 190.11439383398553 0.0
23.300868677834096 121.20202531672639 0.0
145.63434096695556 176.69478609548958 0.0
50.032149107957146 14.092919535328164 0.0
3.959531019069451 132.87202495667358 0.0
167.86181333796804 74.06583379305411 0.0
198.56003964740069 169.1576978736925 0.0
104.00889144449872 63.35459333851878 0.0
71.25941211773062 23.325001056188242 0.0
34.39461351383264 166.44503816833526 0.0
105.71625438596703 48.17991555007908 0.0
181.28227133447788 187.71909709676714 0.0
36.3781632690346 61.29773897323925 0.0
148.62853077300667 150.31286485577854 0.0
192.81869274908473 90.5445437912952 0.0
124.32724985137862 163.30911750798666 0.0
155.22029854688645 123.61727317269458 0.0
192.00315285042652 39.42359019642232 0.0
75.86774953785597 175.50010069973274 0.0
89.73947033495315 191.63360261856675 0.0
181.868101464613 124.64886525389956 0.0
29.10008310894796 14.736485678173272 0.0
15.914799027891235 36.879412125830235 0.0
45.033394850776354 66.61450047635154 0.0
94.76516444094416 95.34970165601038 0.0
185.72157604670767 104.02187462080661 0.0
69.20198495551313 185.68967987939627 0.0
71.16554304142535 198.99870845776542 0.0
154.60152508084929 47.24689436599032 0.0
150.2724317272001 164.55556002432414 0.0
167.83182876308945 94.57997180268758 0.0
168.43906913169042 152.06153804249462 0.0
154.05677082046657 137.74605382615565 0.0
121.10132566235914 147.8078870033567 0.0
116.12284921132674 85.59243605721187 0.0
113.4459374371392 192.50794691001127 0.0
169.5572726339318 103.17667120066034 0.0
72.45788553444518 75.03368907419457 0.0
137.80748555907917 12.60342649222621 0.0
164.7029485297177 10.477764155194457 0.0
175.20382845426076 175.98057174722683 0.0
61.72173152016174 2.6693772467836885 0.0
59.228536790014005 79.86084293701788 0.0
64.6378570382007 12.561161987451474 0.0
129.02597982410404 152.44969880525315 0.0
150.55974540920215 106.44335413304667 0.0
63.69040759657209 188.02389563667967 0.0
35.581843667987954 41.73064292396087 0.0
191.71923921516162 127.41943501230723 0.0
162.66779869169682 63.10612080234242 0.0
2.121357209287633 49.11158128218949 0.0
117.42458688840665 28.095788390859756 0.0
188.02145427917202 62.32375751304258 0.0
150.75322119803735 158.6862302832173 0.0
95.20308499527275 161.76607538415792 0.0
44.58817452027537 124.38699154939776 0.0
70.88461352448931 3.0184620847509613 0.0
95.41423301496832 2.1783794463397843 0.0
112.12379079940278 188.23732397070498 0.0
109.97610812247028 130.07443963238904 0.0
198.59829434918905 13.778697809291174 0.0
8.572592949216883 173.56985426253192 0.0
161.11107524444603 124.49510045359102 0.0
113.55368660384835 58.028644603907466 0.0
85.0210176915804 143.87706658711832 0.0
64.11572649568542 185.1116484829967 0.0
76.90082243402266 104.87471974597943 0.0
143.21593404241773 147.62866970838232 0.0
133.0757743040593 193.148542534198 0.0
28.40459403205877 184.74043050251848 0.0
40.29842580428762 132.66272166955585 0.0
185.59943711426394 78.22439691563976 0.0
111.66596157920581 92.94845810694939 0.0
113.30349216139328 80.5576471602973 0.0
114.98848317694535 78.02870828380091 0.0
14.494210920522654 186.85904094257612 0.0
186.16796762185385 168.90980752565278 0.0
24.388112999532453 15.271988413026882 0.0
36.749359012394045 134.70967548734785 0.0
54.51198990734605 144.15815203999543 0.0
162.65667874893984 1.906109871117856 0.0
26.98805283880017 169.51153292731476 0.0
40.228684781310605 176.85299223178285 0.0
167.66705223634065 192.29141008284586 0.0
56.02013071958112 53.62609285586046 0.0
102.72005773191349 122.91170762897121 0.0
158.43623568660962 107.4243393856137 0.0
160.5259191661274 98.91337019600024 0.0
142.1195962684677 73.1664470951652 0.0
119.16824958163008 51.885424469633556 0.0
80.11026806513225 139.58683460445437 0.0
59.5821525414429 30.989499706718426 0.0
104.15130987350881 151.0488925077719 0.0
185.36754130391787 92.98156172092251 0.0
100.11371248763122 2.4576120317834738 0.0
52.51249509288493 2.4137217902335584 0.0
133.36611190000522 137.06780816167947 0.0
15.746563626316568 50.738103882765294 0.0
148.0163322183815 112.64806679504711 0.0
42.970613896624045 199.32367297926487 0.0
94.30325030519138 188.37469252677877 0.0
175.18628377707185 78.9361417887535 0.0
130.0192137407769 2.994064413902331 0.0
16.574681266371428 137.02002252423378 0.0
114.69458777274761 64.20566223644144 0.0
127.85061627497079 14.161018682963512 0.0
69.37778096662848 149.88234445688164 0.0
65.74506385773822 52.39599371976071 0.0
10.195492694262187 33.65830251337538 0.0
62.445261209755245 90.57681342029495 0.0
180.47959403728044 190.57933660688772 0.0
171.04834680669506 185.78341581270985 0.0
4.098594812017442 112.92404904966729 0.0
116.56097634572622 14.820519580444834 0.0
61.733164567395434 171.96869148748897 0.0
86.70397411308042 56.12152260328109 0.0
52.18676589646676 198.38241896667228 0.0
72.75762721689296 29.922038631882806 0.0
42.42409443312345 122.10376080170239 0.0
127.90972762051811 83.35476823988807 0.0
132.88142729662206 111.96327809525066 0.0
49.045166411983246 47.156344445829255 0.0
168.69470886074598 85.98124419861549 0.0
107.64228557055714 161.965871848973 0.0
112.84261179194421 25.18346369212847 0.0
156.4178668461589 174.73400435182697 0.0
163.80351922971613 16.942283613133213 0.0
120.58916503878083 39.55037789177431 0.0
48.17684433105265 178.26391257997864 0.0
146.09797958926274 22.236346979682885 0.0
147.82066399444403 165.10727464826627 0.0
121.86822813593778 4.3389900827981664 0.0
31.409258655034122 60.7336749217606 0.0
119.14519320150528 9.701484431112029 0.0
151.91569145095468 54.25058186793106 0.0
98.19105777195742 35.573871884693496 0.0
144.37607548542778 69.92694424540538 0.0
21.087980209798207 160.26749243690568 0.0
112.39384318358067 188.52147078304466 0.0
79.12642905950229 20.645229528810873 0.0
127.193759436886 113.77941985439072 0.0
94.23322108668835 105.2789426319106 0.0
79.63712592189455 80.41746873085998 0.0
86.1201001985339 92.89438994765433 0.0
23.461077192136703 74.33025591993179 0.0
110.31030312380803 80.76309209375741 0.0
27.10644836221656 41.41643017742065 0.0
166.9272547167881 193.98963145397744 0.0
111.85034280680743 98.33578971069335 0.0
56.10588041588716 144.18191086658004 0.0
95.56098402403292 26.673526093662005 0.0
113.11373993148264 14.781010845171805 0.0
84.24403244860177 131.40134944934917 0.0
194.74569351291893 90.36628688833488 0.0
157.65113951367212 75.18945230654694 0.0
108.282420096108 118.54047606013722 0.0
80.57307679013073 162.03741024781655 0.0
75.27954703967374 195.5385786121491 0.0
38.04124605220702 136.85602432169887 0.0
4.680900856333037 100.49342611089563 0.0
40.513089355811104 92.04626300992469 0.0
113.22577976515996 168.3297906653132 0.0
174.2183372486531 127.78553845553951 0.0
175.8468108585417 87.5480893725243 0.0
82.19471238226348 199.64554372949925 0.0
14.73147294272148 136.69766949621726 0.0
153.14316524810147 105.33001759956153 0.0
142.94696419025797 132.12885364146422 0.0
68.08439064668642 11.734807444131379 0.0
167.00460474350146 149.65186769297694 0.0
8.899798864346709 104.19667228091225 0.0
22.466599926788145 104.01988775334065 0.0
168.19182485809648 51.711412316226934 0.0
167.67444577779352 122.69254693973708 0.0
16.499954336532994 25.065786239001177 0.0
92.90497328950526 134.1252284034871 0.0
80.76030032697004 179.24200091961646 0.0
115.73641395782246 5.868566804283448 0.0
166.99841573042343 17.117325889869562 0.0
28.133570686027397 114.0516704711934 0.0
20.596200622704796 88.3957652271675 0.0
136.737679226128 3.361577168886898 0.0
159.07570903486027 45.87244862536366 0.0
195.07312031970235 5.420609158895018 0.0
35.193918325714414 180.5457898282597 0.0
64.85969318972589 123.50222259277035 0.0
192.24430203740334 187.7562346508241 0.0
63.34574365433969 162.81517969790556 0.0
58.812441291135784 78.44472394655845 0.0
54.55398931851598 188.1247421454527 0.0
96.83462665004822 42.78785754146834 0.0
24.558447733809707 124.26886230341819 0.0
164.659828021078 97.88099483056025 0.0
144.3874332184604 80.1661774697084 0.0
185.9170899707671 106.80441838339819 0.0
168.87419486397303 173.2018847193333 0.0
125.34186099320608 43.32186226117742 0.0
45.75319860254374 58.41649198490626 0.0
64.31641992560625 194.62475255672544 0.0
16.526837573411868 25.71158556529023 0.0
41.731098993168715 143.94951631802323 0.0
79.10369466363787 18.325773756330975 0.0
79.87450134626957 55.55942359593449 0.0
51.93615983077456 47.123054435182254 0.0
50.41260090738553 196.4965196387802 0.0
30.36177858681215 27.77486815461845 0.0
152.11802597618077 172.67314612974957 0.0
158.07923047881815 51.70627603452607 0.0
169.8625435138197 31.286788862732905 0.0
150.16636118603813 116.71559345939879 0.0
163.48716441401777 187.20588958852852 0.0
98.77438883911502 189.4660272507401 0.0
195.51601317783206 67.88840308180258 0.0
168.60878857666168 149.58686317953652 0.0
148.28152835341524 39.55896577621172 0.0
46.534075898088666 73.9107648745151 0.0
3.880207401787028 176.78449210469327 0.0
48.116180884280915 59.41293529928675 0.0
164.47966540049995 168.25226407799684 0.0
3.642731190564774 154.70678415876972 0.0
75.84928292213944 113.46840742086863 0.0
47.13800212292669 172.49002132567415 0.0
183.58835035760637 158.2589478315811 0.0
14.116077569979325 189.1238755025627 0.0
99.3771354765049 41.36950168565843 0.0
117.29206459492599 2.5675513423350393 0.0
183.67788396239814 80.12385162906372 0.0
114.19797970875942 116.17873113424709 0.0
161.66431068153898 110.01568832077571 0.0
106.62633284242737 143.430305593388 0.0
80.7597091643438 11.271787279105382 0.0
19.051155304650734 87.38236037367653 0.0
91.01536541679896 104.839090660266 0.0
91.65260384309946 138.78765664850908 0.0
183.6625395364938 80.91208015282487 0.0
193.29797997080377 57.99775789716983 0.0
158.52283296181415 35.03100141000179 0.0
10.808489574742364 58.37621760939569 0.0
107.56328755276586 29.94551533082255 0.0
3.0676573348125347 192.71407017399716 0.0
199.734175356531 175.852391815286 0.0
22.00384569654816 159.1821240175179 0.0
131.32901564089246 127.27999888353372 0.0
97.20596105184656 189.64352983006873 0.0
66.45780917713395 131.80627922152848 0.0
56.90789216770011 60.689154026258166 0.0
33.82618134995952 133.9611479749727 0.0
15.303845589044428 76.54737777561587 0.0
168.86460756891776 137.07810152547606 0.0
94.63334985509697 113.05901135488598 0.0
94.35342189443195 56.52406892847057 0.0
70.20114291712225 83.19704434266042 0.0
118.04102880320542 59.65046829672149 0.0
127.47379871775715 87.1500038996744 0.0
192.3540942792991 80.97258909853167 0.0
2.6216047134622 43.77684652196609 0.0
129.15018330290408 25.498426636158467 0.0
41.3504639005154 165.28027711671592 0.0
191.56490120485446 128.792167414741 0.0
155.59556532716368 33.23442635166776 0.0
95.3570147356672 29.2715951598306 0.0
83.62476794490136 61.64202727672412 0.0
43.756754880749014 126.40275987266068 0.0
166.32642103532837 191.48517413622713 0.0
92.67394139192584 147.8693026847262 0.0
40.93283905853562 151.27275982906306 0.0
97.22420745771718 129.45786036729913 0.0
23.157211271875266 139.3769643659235 0.0
125.88313195664142 23.315110336940158 0.0
99.69825553640375 136.48996880145842 0.0
145.17964341998191 93.39599761443927 0.0
185.29358825523988 40.321333276586 0.0
175.69167397519197 131.3368372674774 0.0
11.979235646853548 29.69543509296786 0.0
199.20851347290568 131.65091302575806 0.0
112.9393250956868 11.497439330821923 0.0
57.27596260420411 2.0584582653068395 0.0
39.306572447185474 81.45540186749018 0.0
22.941890205513094 152.92669581267532 0.0
5.500709903350853 38.535029437762766 0.0
50.37142042624696 9.210018784913965 0.0
197.16854519342345 132.76288301992028 0.0
111.1024775409563 18.944074852889734 0.0
195.51602217133563 197.58264639433787 0.0
111.06395191512293 194.26191034598696 0.0
172.7990188922848 120.38834951118386 0.0
49.080495815579205 14.064195748604869 0.0
95.9663748799918 38.66735251916189 0.0
125.43924184055484 41.889674174226755 0.0
138.92507541864552 114.22503613321393 0.0
38.19554320721428 68.19606621912496 0.0
48.624132007748464 34.252197511464864 0.0
115.2462669263335 173.17565368917323 0.0
136.13029684943638 115.53515075300629 0.0
21.800761476052145 24.393934181830556 0.0
71.09517744403988 46.8977040160357 0.0
155.73119412571904 172.9536800993161 0.0
146.4900816901691 95.00316750205471 0.0
97.3855333985874 92.55088150199431 0.0
150.2112941635326 19.933585515562125 0.0
15.797932010147274 17.703104259801993 0.0
31.135157858395424 199.50256195622552 0.0
149.8329698225238 80.59483369045275 0.0
179.42888942406 145.04698642261536 0.0
180.65160549258206 20.398393325676366 0.0
154.39956134158928 106.48211463807556 0.0
90.98843309465161 44.593281940640274 0.0
87.89030249572782 10.693469423475776 0.0
167.08119802982378 58.72050849842469 0.0
167.20934125130313 154.87813045586063 0.0
140.69533243783843 49.17293715551041 0.0
158.8039738969645 85.23700269314452 0.0
91.53756745012139 103.03639117722815 0.0
72.3682616812042 131.45877044669584 0.0
34.45447230181702 179.66057212271554 0.0
184.79970519440005 138.72521822733688 0.0
101.1631764079455 110.55274848072396 0.0
144.3966970158489 41.50678234335412 0.0
92.86317883309889 197.35131768216957 0.0
157.91527493130178 57.20615069743533 0.0
127.92968251750997 2.0503954152281123 0.0
126.58000152861386 42.74683080251267 0.0
137.99044525556138 79.31061987053285 0.0
41.870641231566694 153.49273552477837 0.0
76.03971873608593 87.60543853252622 0.0
177.88262293133178 171.42372424474655 0.0
91.84440028319199 134.11619988266642 0.0
24.286004094579816 128.2813336947917 0.0
2.749076103921144 157.70349725842942 0.0
92.38416471812843 139.43777043651755 0.0
142.08825541991826 34.94612399681416 0.0
96.4999474971249 85.53047409048719 0.0
102.76553745542252 106.15325816601367 0.0
163.89369229798302 131.44350561039337 0.0
10.16112020462625 161.41937745762428 0.0
58.64395666939905 56.00613898036433 0.0
156.38064126363955 1.2055986078745695 0.0
118.39850116955337 180.81806948688063 0.0
106.95975035921263 91.59511055853011 0.0
97.62950234911148 132.899761088498 0.0
151.49058399957158 171.28451686678775 0.0
187.00359891942037 153.4054218202744 0.0
11.23766707160463 135.53682723796342 0.0
135.70398589060102 173.4252683126603 0.0
39.662541658452575 121.73612759084853 0.0
42.01817443159024 17.942727966204952 0.0
155.8777645256581 51.847745525680544 0.0
197.23180408817905 70.3013370676797 0.0
36.402670988600526 149.0019969253836 0.0
168.84528671789874 132.0750986624708 0.0
57.19472619069388 138.58362846588182 0.0
91.35671285169067 47.02519479023295 0.0
125.78196825697331 168.6229971315546 0.0
96.33101546471798 122.86497128770368 0.0
72.4234578796659 139.9492984621267 0.0
158.20184545104848 80.84415195378338 0.0
79.57636380619088 123.48003109986809 0.0
158.22936083990584 190.70236696328695 0.0
120.5498089148899 60.18508151666098 0.0
76.26351529390021 7.331116213009703 0.0
151.0771393400828 188.6777901572347 0.0
108.43907654087037 115.52226456947281 0.0
