112.21312985770552 27.219142597821833 0.0
27.053618668046255 55.98395485087187 0.0
160.8701018074652 17.588409819060512 0.0
172.11183911342866 42.461591796926925 0.0
188.10055724524491 68.0967119730097 0.0
158.2517234360823 96.85968035038148 0.0
33.78584291678206 118.39735995732943 0.0
124.4108605135539 28.72640486733651 0.0
127.54411366021496 136.09219576090038 0.0
118.495979783585 198.38774983184462 0.0
66.78966830998718 82.26022327875704 0.0
168.70099163350454 17.077850258827155 0.0
1.5505257023101349 87.8781334248688 0.0
181.77685652467224 73.58926256952051 0.0
94.99578755668125 196.65648246761492 0.0
138.8647821918571 67.28333006227065 0.0
133.5068827474982 42.51041148695518 0.0
92.5121784445939 93.12096828769367 0.0
71.25988032245662 198.82929682114536 0.0
107.74858744429281 46.44462594079508 0.0
111.66859686447333 61.90487511818117 0.0
135.60650748135944 193.56247801177352 0.0
51.67123561145828 12.322871625931576 0.0
59.230051502867845 88.75608287215951 0.0
44.726017203919646 35.818261389399986 0.0
10.721973944657414 9.153260550813535 0.0
74.51410331593557 179.0398355980627 0.0
121.13758036596529 125.97812234032311 0.0
73.73088102537776 165.8648234501771 0.0
136.54176023969057 134.01049380681295 0.0
170.97958217113717 6.349887248643715 0.0
9.803172901971212 20.657364650474406 0.0
3.663891559924415 93.09983087385835 0.0
60.807544616737765 71.85921934071769 0.0
195.90919610548957 98.78097774172187 0.0
187.02973737596383 84.12452753801922 0.0
167.924660007754 163.70121559854232 0.0
101.91207910185969 80.30586492013532 0.0
16.851496495457074 193.82423597188304 0.0
80.25429603512882 11.301477603340215 0.0
89.02523481364699 177.2806246980361 0.0
197.82822254060486 166.6865581467065 0.0
49.71288254815811 71.38393770126048 0.0
166.68814424742934 114.34854362829854 0.0
148.76854343626482 12.355085337517924 0.0
188.1556342025714 142.52133910151525 0.0
179.28391324614333 156.40372299309357 0.0
172.21538012028864 187.18346383594186 0.0
131.1928937583343 173.5106161636755 0.0
5.066414606010006 93.60560122916507 0.0
152.92235523147437 84.20035037053349 0.0
85.83096199089665 182.9031521453113 0.0
151.5638856856351 154.7889264090508 0.0
98.93088261904705 72.769980157612 0.0
185.67423559316012 148.03622919073638 0.0
140.3995532527066 136.13951690201273 0.0
134.69489945336304 163.8285652725658 0.0
74.40481871007971 72.33997646101429 0.0
165.1141186031156 198.4619158449294 0.0
160.51644453006753 12.380652737011166 0.0
55.8774649941828 1.2916524251479267 0.0
162.75936489403892 183.3264888493225 0.0
94.18584705249364 13.959971736681954 0.0
128.251757531262 16.28860476164389 0.0
7.702742961536169 140.107565613474 0.0
6.234856112775455 98.37859892616572 0.0
60.325096873657635 12.421247949662128 0.0
67.55919824015315 141.04493187399504 0.0
6.055375568919397 99.06473856249356 0.0
80.19981382939989 165.52978846910653 0.0
69.14481433629108 22.985002007691357 0.0
198.13063679240062 190.75540100496167 0.0
98.56092442765123 55.28185723289951 0.0
128.89638104518042 49.76886629882677 0.0
130.9649932813889 87.77400253546055 0.0
159.4776907993659 157.94498096462567 0.0
188.76821463860568 90.08969853128974 0.0
40.55343398917752 109.46686466747144 0.0
38.4678691322075 113.05592142447598 0.0
156.02166248135626 88.17442748412635 0.0
39.34774122567006 112.85487717744635 0.0
37.6486124363165 44.69112709841632 0.0
123.75988432790592 39.362245308520706 0.0
123.97299594251577 13.809692188641476 0.0
167.58749143907374 157.2767314154308 0.0
108.10052029535397 24.43785803849945 0.0
133.1216404997538 50.09591803634839 0.0
70.78153193332169 188.97543964609 0.0
196.4673285855347 194.68857900025102 0.0
53.17236077418166 149.81439350788486 0.0
7.727083257162248 188.1590696255334 0.0
187.93883223123999 107.72385605333328 0.0
74.59328942325334 58.894662063649704 0.0
177.8682413726456 160.20239903360573 0.0
8.613151294690846 0.13196440903961992 0.0
187.91378989073715 37.45009181901657 0.0
28.272948229281482 127.07396311693788 0.0
99.60342940160191 139.43331216648423 0.0
74.18122658436958 77.5344746846 0.0
166.0027960030857 49.585469450762965 0.0
159.01318616625088 51.28213777873336 0.0
0.9297321836261085 29.007198614571617 0.0
148.5115056057802 14.701351159268516 0.0
137.87571348983172 179.59983625876478 0.0
49.72153544726592 85.08291486864938 0.0
102.09735564978706 5.386358664316138 0.0
68.7716537102101 152.80247281959808 0.0
53.59888833722608 198.34422159569093 0.0
192.89241755443626 199.84004405190382 0.0
179.23440803732197 28.394869313879177 0.0
50.000911745154774 129.53940563433554 0.0
138.9164651867656 126.76506340601404 0.0
104.05948226275645 35.201241513674674 0.0
3.92533832763009 117.75532577411715 0.0
55.550985743043604 104.04945421020287 0.0
64.57126302111939 76.02130238547483 0.0
33.79530264981481 178.30518553596517 0.0
29.96954914511212 164.794049718037 0.0
191.46487538942017 176.54849855475277 0.0
94.44644954838044 45.03552060693661 0.0
41.53968797733605 116.24298116336644 0.0
103.10143054290444 136.3460115429644 0.0
113.07498846572858 172.2438283790744 0.0
13.309247672175983 157.51042738369574 0.0
44.537886016316364 56.305224806635245 0.0
19.453097609403525 177.8907027337948 0.0
82.10170145228605 9.04828348561415 0.0
84.93797076510539 70.44193926195842 0.0
105.16984282444028 58.54597323153297 0.0
8.541002325707382 172.9501981409856 0.0
162.53368815461874 118.62687244075263 0.0
141.41359182083278 136.16008091762768 0.0
69.95188542485342 175.19486550101763 0.0
66.55776370262983 165.78072025758138 0.0
93.57121081141185 40.30719446867963 0.0
154.3571089296323 149.9289553392271 0.0
123.49196708277428 141.44863824324142 0.0
115.75041791985345 104.3888573920801 0.0
27.913694057135153 157.38485911795019 0.0
88.89398814863544 165.1370741470981 0.0
70.6798301982064 12.173278343097227 0.0
15.6663237174002 10.903773153405293 0.0
173.67272404353062 195.35518840412837 0.0
91.12685829472747 108.10925023709773 0.0
10.393216080420942 189.04806386057993 0.0
102.0480037381396 136.33662023955395 0.0
28.191842266855204 151.60242429210788 0.0
109.89781770749609 174.5713152867274 0.0
114.00150195444539 132.68278346730486 0.0
179.15819134418462 106.75838418747587 0.0
142.05428683587803 176.07773069186487 0.0
103.62149621774164 39.79894924853888 0.0
71.94790489604095 104.2392943073666 0.0
141.31623694602473 117.92747885423043 0.0
1.5600104943906068 172.49718451902544 0.0
32.970183195119596 164.48181433328912 0.0
21.691574930875923 131.08878158957015 0.0
49.427258106187466 85.39825819221628 0.0
67.95314750473807 139.59105840504856 0.0
90.19224686681109 128.33427911757556 0.0
20.29079895076411 41.03588428756577 0.0
138.28518000569758 107.14175863793906 0.0
61.681251255549775 121.93560897991611 0.0
65.84513640928324 173.48398041271918 0.0
174.90855274605664 59.64094445667551 0.0
80.43095069734491 45.70988883117701 0.0
29.967491091454757 89.89865394062168 0.0
3.7241398509701096 189.6694623360268 0.0
194.5216779413529 115.17171590729593 0.0
82.34720141366812 86.97433181017703 0.0
185.9771257576116 118.23013841730439 0.0
144.76822058037516 23.27814171131721 0.0
176.11492560396692 45.71563626170514 0.0
38.77055737751074 182.47139279101913 0.0
157.85941662486445 82.82900216252551 0.0
10.724154671257802 42.25587053227995 0.0
88.64110009894802 152.9840562486872 0.0
20.90290365572813 132.38407406805874 0.0
135.94632044009677 145.21755254588314 0.0
128.35020986301814 138.91931928357792 0.0
68.02857923276243 197.33959433779503 0.0
24.302801073088286 116.19258779184321 0.0
56.38915009956802 144.25458782423672 0.0
144.94061373991673 2.7024324817531697 0.0
86.51745171001504 178.5778570857047 0.0
152.23833437520335 128.02458369106336 0.0
9.514491035740914 64.61858742844586 0.0
135.95211602223657 144.8682443058397 0.0
9.60548387032565 96.99486764006811 0.0
60.28265769299295 23.736333787374942 0.0
111.1805602252686 1.5921198595796993 0.0
155.51380161594093 7.217256505911163 0.0
103.88525060705346 139.2713071727503 0.0
137.93342860043236 136.75612881790957 0.0
125.41537140457135 91.67880728724302 0.0
130.6014727449791 136.82364708795726 0.0
109.05358432045635 183.70499066401248 0.0
153.0374420116865 69.72112692419326 0.0
176.61783836637537 128.5840436365752 0.0
49.657856650573784 58.830570077846 0.0
37.374666376165266 169.3226564775529 0.0
134.80169246228579 118.93889591124729 0.0
139.60312776957943 34.09073224087808 0.0
46.43981562061088 129.33578059009446 0.0
113.87797303608906 123.40243899390285 0.0
121.17210598498723 38.70493284895697 0.0
145.77351403522763 3.36128902026116 0.0
29.873909710780964 100.39884401408877 0.0
120.57233029717284 91.93824530312106 0.0
46.3611805557895 102.5074008293672 0.0
93.69595686387085 194.19718471384041 0.0
160.70146358861916 179.20117993475424 0.0
57.95732983825981 67.57726962371684 0.0
94.30583145504212 68.15028171537097 0.0
102.3676733186041 79.78724083344089 0.0
125.69447147081516 13.390195129967154 0.0
87.11336498082858 59.56185005746784 0.0
93.83665816737528 103.82625771014007 0.0
95.45094736080478 34.475936475061864 0.0
10.223516916914367 84.63871304834178 0.0
165.65154035397154 100.20707867088137 0.0
181.33985018923613 182.17058465775716 0.0
154.7584323915817 172.08300771128037 0.0
19.959048900362617 42.4510420265356 0.0
40.80467393625151 32.44519814961111 0.0
6.69307502762897 99.3270985410447 0.0
131.27017329468214 106.30555050725201 0.0
152.48712684502206 160.2468315351773 0.0
112.94066453631156 172.96819750669425 0.0
8.256501683850859 126.05774772715212 0.0
51.963661648395785 152.73390143290396 0.0
169.62105204403275 145.75401549919326 0.0
132.779492558707 195.49979953334594 0.0
132.70025671222103 147.92679987747763 0.0
110.73806268535158 142.01252350525712 0.0
71.18998473810261 187.74211566127465 0.0
145.59506006160953 28.728084090054118 0.0
25.449574926072714 1.5910013335447726 0.0
81.71398280204313 63.677187824749026 0.0
121.08590913580389 171.12708929531996 0.0
145.68317222552304 13.430001021473114 0.0
167.52884200322492 164.2269585948155 0.0
43.18997431150686 10.199641086591505 0.0
126.35011568841638 42.47903745196287 0.0
154.37683196698987 13.319039144600463 0.0
84.58586109866077 3.1269764866928895 0.0
150.53698083809948 140.77107794324144 0.0
120.08048094550874 157.9639833749934 0.0
84.89021985188552 24.147285722225643 0.0
3.8774885625660227 42.49459134225635 0.0
46.31208247045622 34.35560084843754 0.0
48.940849904365265 95.75098511671891 0.0
7.272469947519067 75.59312051939403 0.0
184.99799620342813 154.47106210818893 0.0
145.87268595704754 51.54497592806884 0.0
116.05365067772149 64.9158322242078 0.0
76.75259737686004 70.46583100893831 0.0
0.13131860539425944 31.424088990878076 0.0
86.77246690635134 174.74588091937295 0.0
80.05711642837329 92.87255625179158 0.0
38.75678209142501 55.758334709292015 0.0
89.60851164715085 146.529967418853 0.0
80.2203061336066 46.23096117431016 0.0
61.10825780616813 23.364060106064933 0.0
73.87925584766701 70.07932651307655 0.0
168.5516150041933 59.68045736835281 0.0
152.8834600609399 173.5848584761733 0.0
54.61292954350456 7.043052765391611 0.0
196.08805799816298 161.9960563611854 0.0
110.38518368698745 175.745595199698 0.0
117.31620582271461 122.07655101702086 0.0
3.4641865989127885 16.67456010748529 0.0
67.44692049348669 23.81901190748923 0.0
182.9967722939751 112.22374742276932 0.0
159.2952531369582 163.4891856762707 0.0
129.5701647263658 168.99128928415655 0.0
142.63448363106957 135.35972493993137 0.0
163.327572956932 83.31009032589911 0.0
180.34312336158274 100.93868879397778 0.0
75.45279559883491 85.23306820296281 0.0
106.54215212076863 162.19299855487856 0.0
106.17448618728184 157.41479849520138 0.0
83.72076544451174 39.212397673894195 0.0
56.698551130604045 172.4015973217175 0.0
18.231797473792398 2.954760439451487 0.0
192.9848717944748 95.16221109526475 0.0
42.17067028118955 120.1589706976283 0.0
76.04251073557937 157.26182323244637 0.0
24.53460883412337 130.206822867423 0.0
136.42520991120216 124.90217698184858 0.0
35.69172189614789 92.66078997279543 0.0
99.86694467599237 55.12110120528926 0.0
156.5722341840948 119.39976221398877 0.0
66.504968470387 62.76489371110514 0.0
197.62703653129284 36.72016357030845 0.0
147.89573853117167 5.417472560212877 0.0
172.4816168612728 110.46524180836586 0.0
74.03684905419485 34.29040426306547 0.0
157.3460295477034 11.190530842888279 0.0
96.86584150996853 56.14825830970358 0.0
59.62464696655909 196.56892387429863 0.0
37.21476557453194 104.66410677704752 0.0
17.801989535810247 44.68394062703949 0.0
48.95700254175077 29.17022490484793 0.0
59.56394170358299 184.5553107687049 0.0
7.090702373301183 174.5894128045174 0.0
56.24636824830842 139.1860430734736 0.0
165.76111545034908 48.40261442505358 0.0
129.08597406707733 21.615725343534443 0.0
77.73176298851669 148.82892278810738 0.0
86.38108512218159 5.909869378574428 0.0
118.5722955848388 162.96422798859257 0.0
0.5528385883331932 32.71067080329326 0.0
116.83866197279042 34.445255762437995 0.0
70.23004457337849 102.91960588921678 0.0
155.7790554051413 147.27584727363922 0.0
54.863860144382826 163.27785885945997 0.0
182.60686521204806 75.77287367324136 0.0
18.011157379939192 194.0556621855068 0.0
38.13975355039203 10.159249982210007 0.0
70.30833304888972 71.75711228157662 0.0
102.61167434435492 83.15208350403267 0.0
64.29009860978212 98.69223812363954 0.0
142.72260889213712 194.9640341012202 0.0
160.59060388197582 166.46342021542776 0.0
140.4984711575217 162.4565233341565 0.0
58.697047215350054 151.85866709170006 0.0
86.29151221483443 102.75355596689604 0.0
65.30878080661617 131.33938664076084 0.0
126.25941011479054 102.44534084942869 0.0
59.48766508329977 144.25580453559664 0.0
68.91888977281799 20.581168674551375 0.0
6.168305180573275 135.11832798721989 0.0
75.87777041692256 126.9713212553687 0.0
168.22957109224663 161.69862128877932 0.0
188.60686179701446 186.88807031031615 0.0
172.2116369190625 168.42925581059694 0.0
176.12123339824583 169.0762401694683 0.0
193.8955575359359 193.51640040303442 0.0
27.69795467091878 176.0539559974056 0.0
147.3452909072371 3.3750139591189665 0.0
60.26534881904881 74.00467013028545 0.0
84.64476721194887 29.441626978550573 0.0
61.85661729969871 34.13177578293751 0.0
43.445510190355165 120.11480166152535 0.0
150.52840071758212 188.16747308644176 0.0
115.57314260830924 14.518956279502415 0.0
92.40278698088989 47.79781470962767 0.0
152.32377896804573 194.98234749630626 0.0
92.99898555788542 41.0862805190022 0.0
70.71434611658766 81.56541370833989 0.0
152.77875679066705 78.54836282570079 0.0
179.8334596304208 194.67097908490186 0.0
160.83748800472836 77.35016524810891 0.0
107.57242545096733 130.713126988411 0.0
189.93058532380562 44.17418104653379 0.0
175.39878815488916 171.01682813625766 0.0
151.53273874967584 45.61575442328414 0.0
42.46745151407454 75.5658260844923 0.0
71.38531719259555 179.5441185382193 0.0
120.24750465083713 100.91143505704746 0.0
153.99510379455995 101.68209652675053 0.0
44.975422260546964 125.50037693818422 0.0
118.8052476722416 158.7289966394841 0.0
187.62831313789798 165.87500318576994 0.0
11.26725236346584 132.67142311070702 0.0
179.74361956600808 123.64456219600397 0.0
18.80050734859262 10.497107541569006 0.0
138.2944667164844 115.82154451328996 0.0
154.63383645823646 59.347170251972955 0.0
83.9627439448589 10.062385437945531 0.0
11.781153962133839 9.212524698891201 0.0
164.53473331106647 11.547159497449599 0.0
134.91135158034513 123.60042577691243 0.0
118.777003693743 129.67817019886857 0.0
109.6301173395427 173.167529976729 0.0
146.03296214894738 90.4727330674548 0.0
26.699439946347383 18.13610614529113 0.0
182.91346095235392 154.4706453538666 0.0
142.97815629453606 52.38034407793661 0.0
130.8374867835099 150.17225217276075 0.0
131.3748446250001 165.39006331864766 0.0
26.811863412505254 39.468307531486026 0.0
88.86213315617377 137.88941906132888 0.0
104.7217144647887 94.21803442274106 0.0
54.60930125523304 102.70842699194829 0.0
155.5362090328357 82.07732812186855 0.0
179.547846762733 74.57563297570469 0.0
162.21698120414817 134.87409254337453 0.0
84.1926040852677 180.820381023991 0.0
58.74930080227636 4.273204646604967 0.0
143.2986357020033 109.54349790065262 0.0
42.59910131207547 197.16888694433112 0.0
43.94211064032625 32.63565411335318 0.0
156.03153741953588 27.187428527721337 0.0
177.87107161227067 58.092716947759286 0.0
44.10974887039767 118.87875519768411 0.0
49.479887486554986 119.39798763034284 0.0
95.82521332300806 157.6204420382757 0.0
107.51892303240191 119.3113549953242 0.0
179.69393749527472 90.95319472570786 0.0
41.65883143406275 111.22577571512804 0.0
96.28551582382924 156.0121043179217 0.0
24.286684283324036 123.3218022480093 0.0
87.53489231447043 32.91330389026581 0.0
23.41891351240193 109.0711778054079 0.0
66.31954791078616 105.40092284464025 0.0
164.373902023374 42.210838607894296 0.0
59.66751047979526 47.75463377716977 0.0
175.8548904922059 165.12896277879312 0.0
95.09457491061455 150.9033134593628 0.0
20.35155968714262 46.67503606289429 0.0
1.9517175492681726 150.88567391162903 0.0
79.2766744996775 8.72624629245966 0.0
148.29675949739604 29.24412000271377 0.0
140.0117360590107 40.41271320169606 0.0
188.68688476745314 117.63321674758926 0.0
115.04362056102401 134.7245250465077 0.0
59.42163240842555 57.86967007164032 0.0
112.63185034506552 54.29376697801986 0.0
125.14866971281313 143.8458912223056 0.0
173.95401352061597 61.465075676273706 0.0
154.37755590967615 103.17457858364767 0.0
93.43469360331835 132.33854665953123 0.0
81.32942894926119 64.12707892651106 0.0
46.9709620159015 15.28913839130528 0.0
97.683431838582 97.37358310698885 0.0
67.02549482091797 191.53707571270073 0.0
110.1634951152927 122.22848381001496 0.0
124.06596456157652 148.6639873389169 0.0
198.54186805389867 123.54965393696521 0.0
100.58732431629312 187.53986553508955 0.0
13.518611629142296 138.13556450274496 0.0
76.96141354057013 48.94628247806283 0.0
65.06914303721285 138.4096077423907 0.0
87.61599185783527 168.2515418497406 0.0
169.23465800092507 166.376173186756 0.0
51.55328278283704 144.81381239202523 0.0
144.9630826380804 52.27850501527873 0.0
132.97581519274536 47.358567906288606 0.0
182.49105578775317 190.08350728120865 0.0
145.79521833591608 67.39698557275133 0.0
140.89023192073228 135.86406461815338 0.0
180.05738508521654 179.82228381335165 0.0
174.7839986135999 45.344793871761645 0.0
198.8253123809174 73.14124964079521 0.0
138.8735061397852 173.3223443696049 0.0
130.81864444304782 71.36855359739924 0.0
173.79480837305186 20.366796755103756 0.0
167.1168231112653 85.43175282033 0.0
137.96155032093606 31.155931393304414 0.0
159.49054323242842 4.0052169609174015 0.0
117.43065491803651 23.989495994612554 0.0
13.434029630775402 162.0114345837675 0.0
119.46111813394684 162.47592544376838 0.0
170.728448179188 9.59863882518135 0.0
35.31889217283377 68.07918632005747 0.0
84.37456664478009 45.223816572083166 0.0
44.01368314262224 16.158924661416798 0.0
2.99065985333562 73.54059088336004 0.0
21.036237545646387 58.33215800281985 0.0
2.2793758468167002 102.11178948385971 0.0
14.797529044093306 170.43028653940334 0.0
27.92516696135121 100.53670609519855 0.0
58.35409973610142 138.0203510808109 0.0
147.2916351658695 11.403558260671653 0.0
95.13657817570909 60.40490484719952 0.0
46.54601875525848 24.547765680976564 0.0
14.781229652893924 79.21007354887048 0.0
55.345828108654274 4.417102356584124 0.0
118.7972183128947 19.11675592190145 0.0
32.980434952130075 94.9150938186599 0.0
165.685024872919 65.98518779987286 0.0
107.86825624740753 116.91426424555607 0.0
81.2543676647679 1.5684714635189945 0.0
126.56800576084785 20.70123168509226 0.0
62.2726638462193 64.20588424452829 0.0
138.97022116266265 158.9358780888187 0.0
150.20801275889946 11.332180814402903 0.0
123.09319230685207 105.27725694222715 0.0
6.713368985655577 22.334379339881426 0.0
35.91513865833964 159.64905320613437 0.0
183.6314963749112 99.23284856663086 0.0
165.9323563720647 153.18788305634456 0.0
47.68303296015648 197.8587597725076 0.0
58.640821989443246 94.23791549453055 0.0
93.63280660957523 53.64542647343073 0.0
187.89660275641066 181.32566729834917 0.0
59.61245815662279 153.84620124793122 0.0
54.1181805284195 149.86910472269673 0.0
44.410065256953565 151.93699037416496 0.0
104.5516736089346 16.445549729945498 0.0
118.92045704038756 20.15684174679613 0.0
191.32764064592277 37.76314756035577 0.0
122.5825545030926 192.58514087581963 0.0
9.796152702963079 111.05095516623953 0.0
40.51306188919121 63.84956005105364 0.0
92.6344175128694 108.40312198997186 0.0
168.17843392521218 77.50395919992748 0.0
74.4791936713361 159.6827683364129 0.0
