1100 687
2 308
3 780
1096 357
5 721
6 344
7 462
8 771
1094 190
10 581
1095 954
11 851
12 392
1089 136
15 863
17 338
16 895
19 546
21 903
24 599
27 726
28 851
30 300
34 637
33 850
38 563
37 449
42 36
43 70
40 709
41 567
46 676
47 433
45 664
50 87
53 440
52 665
58 555
63 87
62 563
61 937
60 796
1034 982
71 761
1035 22
65 68
1038 577
66 180
67 463
1039 235
1024 296
77 866
1025 667
78 228
79 555
1027 95
85 628
84 397
87 789
81 877
1052 385
83 158
1055 899
1054 228
93 841
1041 411
1043 118
94 399
1042 11
88 247
1044 555
91 965
90 715
102 695
103 156
1067 969
100 351
1064 64
1065 352
1070 151
99 639
1058 222
111 269
108 986
1056 531
107 482
1063 790
104 927
1061 54
1083 198
117 535
115 952
1087 456
1085 369
113 285
127 670
1073 90
125 706
1072 427
1079 782
1078 18
1077 258
121 615
120 174
136 575
139 339
138 226
141 773
142 350
128 766
131 934
132 660
152 890
156 950
157 171
144 317
145 267
146 127
150 818
171 78
170 773
169 58
168 563
175 162
174 81
173 40
166 881
164 780
187 208
188 696
179 650
176 81
182 980
183 943
207 397
206 889
201 145
196 339
199 828
192 354
194 160
223 868
218 745
219 137
212 229
213 64
209 701
211 893
238 894
233 825
231 435
230 978
228 844
227 644
225 532
252 39
253 158
250 569
248 635
249 581
242 752
273 450
272 912
283 740
282 43
281 619
287 498
286 67
285 350
256 764
257 789
266 307
267 914
270 837
268 300
269 410
306 379
312 287
315 656
314 559
317 82
319 259
318 630
289 398
294 807
296 577
297 302
299 618
300 276
301 159
341 871
338 226
337 101
351 828
350 177
349 794
347 516
346 288
344 363
326 343
324 864
321 506
333 354
330 542
328 365
329 917
373 947
372 633
375 360
368 104
383 807
377 695
376 25
379 289
358 429
352 87
353 562
364 477
360 774
361 545
362 367
363 398
410 506
411 489
413 787
403 306
406 56
404 265
395 202
394 19
392 514
398 746
396 990
387 105
386 279
384 222
391 32
390 872
388 297
441 309
443 72
444 527
445 575
447 721
433 952
434 183
435 974
436 528
437 762
438 139
439 160
424 823
427 962
426 98
429 166
431 702
416 439
419 911
418 745
421 643
420 106
478 257
479 572
476 134
474 721
475 500
472 958
468 958
469 486
466 243
465 916
461 487
457 239
454 423
452 259
451 977
450 875
448 401
509 987
510 470
511 890
504 88
497 495
499 799
490 99
484 136
480 240
550 803
551 347
549 167
546 713
558 374
559 409
556 949
557 526
552 98
566 663
564 15
560 318
575 460
573 506
569 880
516 591
517 181
519 170
513 709
514 64
520 547
521 669
523 939
533 10
529 580
528 519
541 496
540 639
610 95
611 412
609 538
615 69
613 39
618 709
619 392
616 980
622 724
620 385
621 907
626 842
625 703
631 475
629 792
634 489
637 74
636 689
580 573
582 550
583 147
585 876
587 269
590 146
595 811
598 699
601 226
602 381
605 870
607 715
606 830
687 462
686 1
685 418
683 350
681 119
680 811
679 433
676 292
675 925
673 114
702 22
703 815
700 134
694 171
695 233
693 745
690 547
691 846
688 559
653 429
654 869
649 979
651 490
645 387
646 508
641 125
640 178
643 393
668 98
669 249
671 852
664 279
666 861
658 50
747 560
745 799
744 364
751 301
748 673
739 920
738 265
736 20
762 46
763 934
760 548
764 938
755 621
758 567
756 225
713 594
712 487
715 756
714 640
716 532
718 911
705 386
707 586
709 932
729 11
730 636
733 11
720 432
721 285
722 551
723 923
725 295
727 572
821 889
823 526
816 665
819 347
828 95
831 91
830 742
824 875
827 154
826 586
807 807
802 724
803 717
812 367
813 787
814 471
808 462
809 795
789 231
788 935
787 822
784 721
799 822
795 741
794 599
792 198
770 504
771 83
783 633
779 257
776 234
777 304
880 0
883 643
882 458
885 442
887 70
886 136
889 452
888 106
895 401
894 235
868 678
869 257
870 344
871 376
873 325
875 417
876 319
851 170
850 946
848 78
855 845
854 149
853 549
861 259
835 662
832 21
833 668
839 496
836 154
843 886
840 736
846 337
844 209
845 789
956 108
958 290
959 849
952 987
953 698
954 279
955 621
949 714
950 828
951 568
944 492
943 816
942 652
936 530
939 436
938 633
932 233
934 176
929 273
930 177
927 246
924 320
922 381
920 774
921 704
918 482
919 293
915 604
912 493
911 947
910 670
908 10
907 387
906 768
905 323
903 993
902 596
900 942
899 828
1017 61
1020 948
1023 78
1008 108
1009 60
1013 596
1000 261
1005 71
1004 100
1006 423
995 866
994 550
999 641
998 525
990 601
991 649
988 604
989 265
983 37
981 480
971 423
970 356
968 441
975 373
974 284
972 989
963 455
960 657
967 118
966 366
965 930
964 138
