75.32397566966141 159.15328210108464 0.0
35.44044025517628 70.12627315768675 0.0
19.885454550972725 155.20060514859003 0.0
144.14090609580316 157.37018735931852 0.0
183.17973211506316 125.52327086884819 0.0
197.29653178533658 105.8346169594264 0.0
29.395897971170125 11.580064953169789 0.0
191.64822730389756 1.1519948035791927 0.0
101.2907767613556 71.8167960205264 0.0
162.69060107317267 185.24323163636143 0.0
12.51044756727715 6.019857419258989 0.0
74.46707162144288 147.87223948769835 0.0
127.90861865084287 191.31323575881154 0.0
39.05194358440791 33.863036825175264 0.0
184.6267791380375 48.23763146756115 0.0
4.910093835756846 109.12516991306454 0.0
137.36506470304352 75.0769869760092 0.0
124.6139741118522 113.98479058161846 0.0
73.18681220249277 189.5742822107575 0.0
114.93675378285613 98.92025674494846 0.0
134.3639786181849 99.40500263753253 0.0
56.12945141651995 85.65265791946388 0.0
12.184467872346548 86.25323893313175 0.0
42.2290421167103 125.64333289666914 0.0
130.30665735798726 33.06194545701076 0.0
90.53338888612979 38.40190086764854 0.0
123.16030230030286 150.0055027960998 0.0
145.91819936152638 103.60994023059477 0.0
33.05722962866262 61.95916829344432 0.0
74.46001409892379 53.91700646054298 0.0
199.08916718209232 108.71667785515935 0.0
30.868460701751623 69.36726522855841 0.0
91.55417755242168 78.93381291216744 0.0
105.51996509209943 109.76647743414823 0.0
157.56720748726556 149.7521830944217 0.0
109.4242560804292 37.90084109330054 0.0
86.67433975881431 136.28425095109498 0.0
139.24399830594098 184.37049624491678 0.0
179.7044030307635 68.61696804039497 0.0
179.5269919379094 83.90228389457764 0.0
109.75558797928049 8.71811850087938 0.0
45.599433255847075 73.35779596247407 0.0
101.12894766906741 95.60594499315435 0.0
48.107738363306616 83.25431621747119 0.0
20.18445640008215 64.36919943289278 0.0
68.98562231438564 77.46790841980211 0.0
71.50968614398292 123.10138146041554 0.0
78.66202398662753 199.8893205945615 0.0
123.45494118896755 91.53940143307989 0.0
95.61466320499237 172.15509485995491 0.0
149.00288298635104 106.17353884833587 0.0
191.91303109152133 53.177698531243145 0.0
61.104786703641324 178.82209328664152 0.0
182.18362321793498 119.05016671577087 0.0
146.02951519053485 59.14073989979847 0.0
98.4694066876229 151.0022282320144 0.0
153.93540576193396 196.263028000085 0.0
49.744485299578024 29.436476429677526 0.0
92.78942416673539 120.74522692992657 0.0
192.383959670698 23.674746010849155 0.0
89.92177879395082 75.21511881548504 0.0
96.67816698195757 139.89632916342111 0.0
134.91852911279832 10.60093225482186 0.0
184.51946129967757 143.85134002313558 0.0
98.21853737062239 134.5433001540718 0.0
134.67871054499153 10.284019308894688 0.0
131.69533449455238 49.56947964990688 0.0
4.6278861740154165 167.60233212845785 0.0
0.6684770911561166 150.83577779689335 0.0
101.65404455216662 4.181833546980074 0.0
71.20301275249601 166.72070363675445 0.0
151.04919918174727 81.79330059669859 0.0
182.21978131973395 120.27780944258511 0.0
55.44945538516339 161.99516029058444 0.0
68.85332025584707 165.5338400318949 0.0
116.93608967667907 92.93338221383516 0.0
171.65817542198135 109.84438700521926 0.0
2.300078021176466 26.843021926813027 0.0
165.67856056654625 171.99570286869033 0.0
171.9108075289143 142.64711693072053 0.0
174.06026169911365 45.46801096609894 0.0
163.9186683580299 33.40031125548957 0.0
192.79786644527465 37.25211288447585 0.0
28.06037266704502 184.92606020017647 0.0
146.3743217255113 134.8377687000449 0.0
137.12480986865188 119.8478622744515 0.0
18.464057875443384 117.46874218232864 0.0
169.1764096137658 10.31647233928943 0.0
57.53478115333248 72.48608739409018 0.0
49.92195249057572 73.0867544280049 0.0
144.09730730408057 103.55775499860593 0.0
72.14590396520765 52.19922214538659 0.0
24.51664604165731 24.819237878563506 0.0
67.9284052395928 167.3729730183852 0.0
65.71187086568946 23.426345110620318 0.0
199.39902651750745 60.318302019432515 0.0
65.7360983231914 42.74803896463138 0.0
55.06859551660553 106.52876082161613 0.0
67.14216000137077 189.40355428594086 0.0
91.3203652042775 176.71407543404686 0.0
63.20356095613846 199.5748162565379 0.0
42.43084623690865 129.88686556399892 0.0
161.4743213421996 113.50152744198554 0.0
137.52981038627007 199.21759588535554 0.0
174.83543974578012 1.7930307599410833 0.0
9.197880932934277 192.1239572058638 0.0
147.08970804762666 63.167512921471136 0.0
55.939274214477976 67.6621643594746 0.0
188.33080022930787 70.45570725050729 0.0
129.55635117305692 177.13944502078957 0.0
194.72636427429447 180.18282166691472 0.0
158.49155964342208 57.968468923188034 0.0
158.0192655845998 140.76898682707906 0.0
89.49161879923537 156.13596990703925 0.0
31.964835930580815 135.36502240731457 0.0
132.48762091062895 19.259501781825094 0.0
116.08631498033304 77.56701258973217 0.0
127.37403219179126 150.05777360721186 0.0
41.54456499282706 141.7295791896237 0.0
116.40842824103682 39.16147671449246 0.0
99.58229962056255 54.32442965367008 0.0
102.24296929723661 106.54328732808327 0.0
39.91708666124747 198.76726350244078 0.0
99.13772180570051 172.44707186976947 0.0
184.6214110354537 93.36270694915505 0.0
143.69485235477947 51.54805948024954 0.0
152.4422940820584 90.4934832495379 0.0
121.49191686736562 118.17717761865394 0.0
69.1767922114296 14.906590330630532 0.0
87.28147411264489 25.79439930221681 0.0
51.634015245797336 109.92587423169533 0.0
8.963333383573246 180.49746401705409 0.0
195.87814681182581 92.64686315279602 0.0
149.3247644739187 66.20390824261509 0.0
74.86118019941581 132.64634556829503 0.0
14.58312077834285 98.24594310426609 0.0
56.21801472957164 163.46574022806553 0.0
145.05435971479304 142.46917006693556 0.0
187.91076208735484 112.10384574098786 0.0
0.8100049594945258 178.52784804031302 0.0
167.57297534567533 188.98109963537752 0.0
3.9741523887528274 8.920844578158604 0.0
10.81882827371603 119.31412562750585 0.0
39.35120594091632 19.4140266603263 0.0
64.4460704146703 116.56579633840121 0.0
186.3640901822669 181.8464493287173 0.0
172.37587761015632 99.61268921201216 0.0
157.82170232067008 156.9191431366395 0.0
95.3366349351094 137.49833807902857 0.0
54.82350465353494 102.41702801956383 0.0
109.71276284871645 169.1172366522659 0.0
12.148150741106246 21.41588383665949 0.0
66.64386815940031 89.90116005361664 0.0
104.76215914369985 195.37797953297056 0.0
79.37341151711404 123.5558395638272 0.0
113.62365893362274 38.641477458462184 0.0
25.010286907468892 4.122738604734422 0.0
7.745334044979546 183.66030142913016 0.0
196.28063680513077 82.11705932426358 0.0
89.51971898412216 160.45272702229323 0.0
119.51142165074971 38.219817688781596 0.0
71.5991402052441 69.06849950144414 0.0
167.00123538834765 38.97831829304077 0.0
106.16149495145426 160.48585336910918 0.0
135.09791988273264 101.19594811909836 0.0
171.18235332151778 39.20139784905494 0.0
33.716683109366684 145.1687272994784 0.0
33.37272528129829 79.87734327399039 0.0
138.69635614780418 111.65268040015877 0.0
53.730994374603114 10.762123413252688 0.0
95.3056209724251 193.42263310085423 0.0
179.1965667681065 58.202103315677434 0.0
129.3749832800692 89.50954707747418 0.0
172.68190276370677 169.4134770845698 0.0
21.944423000030923 28.68016217872693 0.0
73.79849000583549 34.78515582342992 0.0
33.980669089595764 128.4491918100761 0.0
53.88160318918611 116.33498171847236 0.0
29.632078640660886 56.890948579638966 0.0
31.457602253918893 55.54308118491158 0.0
39.65327837974322 146.74379450124982 0.0
48.08661906498097 81.63785045889931 0.0
31.04562912208555 74.77736836186968 0.0
69.55258663536186 170.51155161477735 0.0
104.62375496382816 164.11915714497002 0.0
173.66158566291375 114.79408673140432 0.0
129.13243663296245 93.21348176544477 0.0
13.44852779516672 157.21509063220836 0.0
138.70211737118922 102.31257439173396 0.0
3.381353023325273 12.236008478983607 0.0
69.84551231621677 76.87595053277592 0.0
66.19084124817671 155.03542569881307 0.0
194.86167804520196 156.9808549813606 0.0
199.2433319964493 192.28245419594384 0.0
120.42815960510858 172.82317173027232 0.0
171.9126108172175 145.73457571572038 0.0
63.325686312259165 38.614640398193444 0.0
149.19636136584458 177.54785157418468 0.0
89.65418719771287 50.65889996864581 0.0
151.8615499005074 65.28901251907655 0.0
109.56267661206196 30.115370504996886 0.0
9.69230918515185 194.99049721433323 0.0
56.42993776989804 26.936577020509777 0.0
41.95280901282965 182.1910723454435 0.0
47.59672077812094 58.691061882494225 0.0
107.96671161146867 53.75620586436318 0.0
23.164385232412954 96.46063626264518 0.0
110.7539690190752 27.37394001503215 0.0
190.03893887450212 29.727202437237608 0.0
107.9546131927777 110.97364038523337 0.0
160.31352726065933 43.14104117466895 0.0
86.80836948895995 10.916386274616684 0.0
166.24637648063427 120.2889682378927 0.0
193.74797000724993 185.6575598823321 0.0
158.5053929579841 53.05728210811089 0.0
174.20306837815727 110.68355571608998 0.0
150.01462528195384 179.91109147460253 0.0
174.50076024034888 130.87620332494683 0.0
54.65180744445035 102.38810098844691 0.0
85.28771210475156 68.06003488633759 0.0
88.21037085412608 36.331500564895 0.0
64.68811740395762 24.33908930591333 0.0
148.45327346505627 42.863193496068774 0.0
169.4504974873135 175.93146969218424 0.0
71.750123799213 153.82513431648758 0.0
143.62573062123445 187.56151333865648 0.0
75.70312522040601 157.39313603699682 0.0
166.85752994547616 194.07093936434865 0.0
40.33139411744908 141.79404371987368 0.0
148.15572436340722 93.76189370367463 0.0
154.79730110275688 8.533758737108933 0.0
166.0618205240735 177.0863963172959 0.0
62.322572423575664 61.270125166515314 0.0
102.40529335465025 74.64831429690548 0.0
172.85587414916918 52.441287766614586 0.0
194.38814418533408 50.08536575787765 0.0
81.21773467802744 126.98669254284208 0.0
138.52437208647956 186.25048552748223 0.0
27.862694345264096 140.97442011401898 0.0
120.00002726216539 17.21319798837253 0.0
70.06263851227061 52.67514407903009 0.0
112.30852376072669 43.95334803768067 0.0
93.22932182445058 84.59962282386687 0.0
194.555126750157 138.2211015294877 0.0
185.25817699241793 137.24298057659277 0.0
67.61334449380428 86.88857754546886 0.0
21.189541021134282 98.75594647738156 0.0
15.35524101913146 58.22020381533412 0.0
161.1475117068204 39.48941152224763 0.0
53.466622735620575 181.84027667722063 0.0
151.4306899570653 6.335506349489939 0.0
135.8971624678071 125.77791079930394 0.0
36.79314953164492 39.01483104406489 0.0
47.78451844341682 126.82105397647616 0.0
141.368033624577 118.93598807657395 0.0
3.73071750064633 184.51278689088852 0.0
156.35020135141474 30.980365944691446 0.0
191.59795875051745 64.47477744642707 0.0
84.46848568133056 169.54131487716194 0.0
154.53014325569214 173.34422507224966 0.0
34.4421034797995 152.3737941589333 0.0
187.6955698045637 65.46223410444772 0.0
33.02988804880751 119.28685551164241 0.0
41.285094308402684 120.5531599070206 0.0
127.9450236663546 187.43804034083814 0.0
167.58935790649775 191.98593969298216 0.0
91.82208557394014 110.9652966121687 0.0
127.51755245992476 166.81006199771122 0.0
5.587180280431725 149.91852457581996 0.0
180.70937766848127 1.6103762187091863 0.0
98.99609028274021 91.92953323686255 0.0
123.43084789819649 102.32645319314877 0.0
56.76939639574115 89.78563201772735 0.0
109.73367631793789 101.53387315208788 0.0
160.66755599403885 79.04875045331727 0.0
93.89705738974013 153.28623623662492 0.0
131.01306819295544 22.088485569082717 0.0
65.95971163276782 13.468420390018876 0.0
155.580817589063 88.3739916909801 0.0
17.18905186552806 2.7130260021165364 0.0
149.44183513116405 125.59635347938698 0.0
168.62356988782753 59.283603481750326 0.0
176.25974103693488 2.16944180171037 0.0
23.363386043093293 80.92978942029572 0.0
179.70317749916867 8.883914212851662 0.0
62.073141064587475 27.57100435505968 0.0
123.05165784332996 95.96569225588705 0.0
191.20036056279602 10.767021474832061 0.0
115.73623624800892 91.51654803779682 0.0
174.70157025347962 31.285188007382825 0.0
117.47058680901195 198.29123578487213 0.0
32.6074269286758 142.6756794340835 0.0
153.79202260118018 197.99206693382317 0.0
173.54721849677054 16.61769737507608 0.0
51.2460659393122 105.73839382220976 0.0
43.39223741959448 164.90119359576227 0.0
106.11238237939014 112.09499415446838 0.0
118.46636408462068 33.260100849560345 0.0
37.483736296511914 126.02002985261218 0.0
149.3115832767898 23.874721575375823 0.0
43.67385124387766 89.31967838158603 0.0
69.78490884460354 26.212525084345906 0.0
180.34406769141887 71.67317304495849 0.0
126.30244435739 39.977971866610005 0.0
9.402722581773393 175.01854603413634 0.0
153.3353457693198 159.29383826109287 0.0
129.64533373342695 77.06590676847289 0.0
123.80141889198309 153.83778307596353 0.0
193.2675610950726 25.93167086938255 0.0
136.7852391113353 130.50970039186817 0.0
136.79720676384065 61.36371044330191 0.0
70.05878782823072 88.30676518829152 0.0
10.655383978920717 182.75395102813746 0.0
21.16343007671009 189.434829110037 0.0
178.47112638535216 110.11153034850255 0.0
188.3534719678064 61.286208637077436 0.0
175.43781874670327 191.39613971727886 0.0
1.4902624597146197 16.765633451956585 0.0
164.4137629386217 98.08782297295771 0.0
103.01508720481635 134.54753624365154 0.0
109.13342829520273 20.595958586417762 0.0
0.4180786029040595 76.19953874993605 0.0
95.80978775337687 126.08681523979217 0.0
64.15940524681525 133.7085291311501 0.0
77.57246905394648 73.53557128437676 0.0
28.788186147830896 98.79719239153295 0.0
90.60019850929251 194.28524754154702 0.0
70.04343257715473 124.52060316754931 0.0
96.47038457071679 141.12165370294264 0.0
77.01061301579182 9.983854194140985 0.0
42.16249349045273 184.84983348587338 0.0
115.9463509647846 80.62337747438077 0.0
97.31617371747777 94.58430412088015 0.0
91.17283469261235 59.346186481913655 0.0
127.75886707273476 76.44168291749358 0.0
48.48264403895355 27.922729599076312 0.0
94.98201782507587 165.0510640283419 0.0
37.78376592489083 163.38070142037847 0.0
33.15876344128404 163.2739712900224 0.0
154.25352061459387 0.7487025671866654 0.0
148.46029848038899 107.7522675126867 0.0
111.05929179878855 121.35013284985041 0.0
9.84196236753585 101.37905277956487 0.0
61.74303528176006 194.94940327812543 0.0
156.13433217975182 198.5140063771192 0.0
186.65547384659519 14.403940999167597 0.0
131.18852063190812 54.74133150612168 0.0
185.3650601582728 153.07719338568958 0.0
176.98905341011218 60.19493334351145 0.0
75.75585069341987 148.11925457376108 0.0
164.06172951057547 63.95205696228001 0.0
190.56738761953252 66.82342686594961 0.0
19.16785463257311 166.72316517884474 0.0
183.41892269563735 148.61846605016177 0.0
122.19044022465569 10.04240420882092 0.0
8.89919390057603 131.8579683585344 0.0
87.28190563685862 122.38954832976805 0.0
25.09217302821409 72.41973251689247 0.0
17.756919260334314 196.1509498024241 0.0
181.94817765701154 140.22973009262714 0.0
129.87813838961566 64.05346694832481 0.0
105.19885027311089 40.176623225822226 0.0
177.59653032396264 19.681962129630314 0.0
163.0535393049122 145.4845255586907 0.0
178.47219451311642 183.9175944741432 0.0
111.70371744439072 154.46320642706615 0.0
140.41549573773779 57.610573898874804 0.0
55.70108393386477 85.65642558317424 0.0
19.552540888783533 20.52764795673605 0.0
30.564101280705437 111.76078535906908 0.0
1.4329520836135812 137.59123609324203 0.0
117.50674921382085 99.2889253980319 0.0
190.96204605175322 15.653532872160824 0.0
33.972406507654604 168.8025238128923 0.0
120.85358419348971 17.52562991423212 0.0
8.694705489379984 119.64212475358373 0.0
144.06323628194428 84.70811196127144 0.0
46.29641548964489 173.43227396035405 0.0
162.57709252646256 146.24629743839034 0.0
13.976372695519924 182.24221923573617 0.0
63.093498725874156 198.3597459351171 0.0
141.62356330571768 20.133755967959743 0.0
79.55067819340573 27.97223755254723 0.0
116.73655344246725 130.9295033459758 0.0
83.11648174712816 22.99502583923494 0.0
176.81548631723132 140.38646318103306 0.0
112.17091242837243 163.19274130056596 0.0
54.43295090780151 57.56116711387735 0.0
97.97591364612381 117.68777190670198 0.0
113.97907151476856 88.00442600870709 0.0
116.14110175139764 188.635690855603 0.0
134.1152962154606 60.525124053441814 0.0
199.65814210113996 35.33067547832549 0.0
136.260255538324 129.61416210058675 0.0
186.19052605300556 88.97658283973323 0.0
36.97038821241061 157.22114180219316 0.0
40.469596099743434 125.58577951924288 0.0
110.86681704941907 0.42803088236047504 0.0
192.06170703859948 2.944510635758424 0.0
90.79923008951307 35.66548792237529 0.0
59.43545036084139 87.3100387097437 0.0
3.226451582334522 35.46924404525023 0.0
93.17201124734993 196.4814096264181 0.0
139.3325612870045 180.37535475259762 0.0
164.3257104077688 168.1122693785256 0.0
96.18633231997329 136.40479028971325 0.0
148.35582704014487 25.61071506920234 0.0
187.29102128518488 157.6893517851924 0.0
110.71502362461376 158.69764531957844 0.0
118.16041164887243 84.14251548747156 0.0
187.09351695320552 161.67180359721144 0.0
50.09618262596971 95.6802594221745 0.0
69.48240316375109 179.65607807311443 0.0
34.13075485572803 157.34863295356004 0.0
158.6334935904082 1.5763606036809152 0.0
87.1387121176437 43.81630427286165 0.0
124.1571447048136 108.35067496464148 0.0
103.40910568565576 67.04185879886961 0.0
25.41356531661929 35.742992346552896 0.0
147.509913959748 147.52726756521778 0.0
89.5172078696896 143.56256430876587 0.0
58.0649736344345 67.42047834731417 0.0
117.18787757334242 196.36632188826022 0.0
107.10291821078766 22.83156613457249 0.0
92.84626033738952 55.54829746309857 0.0
105.92645610600111 153.07858478169837 0.0
112.26565121328058 58.67676104723365 0.0
25.989713201394583 166.18068163677262 0.0
9.255684775577278 119.16610670803843 0.0
112.06007487663041 102.76770510533122 0.0
62.26800344197771 17.847324136169227 0.0
4.980349390625727 84.67706105814142 0.0
92.47776302388537 177.72726887094203 0.0
162.6358742697397 179.86008885613296 0.0
126.80906915441959 14.203599667643863 0.0
70.27046707443245 81.82187161988175 0.0
192.5363152940685 135.22880151638918 0.0
165.08399640775875 149.66992681434508 0.0
134.5076978239455 29.393232391071056 0.0
65.08352461781249 83.94872569871832 0.0
1.701004351765878 24.623772913492004 0.0
188.4490539606939 123.7887021249007 0.0
136.73598396448605 26.171122738668107 0.0
177.2138393865451 142.49973948990598 0.0
20.131631618759194 49.785448131608725 0.0
97.84846062353148 191.59098130870032 0.0
170.51080648569862 54.45658130548576 0.0
181.3767837773503 97.30009020823074 0.0
182.61855916457404 48.821533103900315 0.0
86.9410442124568 49.06683417280531 0.0
96.93477056258229 96.31872739755786 0.0
125.27238114270756 135.98738339906674 0.0
137.82563071991166 76.39477328276192 0.0
162.31215476609904 85.13719158391004 0.0
31.592633461828413 72.54634990171269 0.0
38.268487546981646 34.75205923010864 0.0
21.44174803250083 52.706137434128486 0.0
83.68152250631971 35.60834650638276 0.0
133.3095945354442 83.45848821866493 0.0
91.60989802740731 115.5450494980626 0.0
14.647399701934027 76.79688044758994 0.0
113.84013317905195 164.9218670361003 0.0
167.67765152330992 6.612003666994148 0.0
89.05953200414176 4.909017038927876 0.0
29.30239567162598 51.82564865408956 0.0
182.22235029773464 185.85617302496675 0.0
111.75623797231886 24.06233800486781 0.0
16.87805886467777 129.58932520115914 0.0
111.26101659760761 119.9769975240631 0.0
116.01952349764113 177.33603757676082 0.0
116.35346461316615 101.8337816311789 0.0
32.04807813369217 134.0811122837083 0.0
3.220868525196363 54.65744500465737 0.0
42.74138553933786 10.506209874904982 0.0
192.2941690716222 94.25544960307222 0.0
117.64925548675711 55.26856942440483 0.0
158.5116893461589 7.635428878769068 0.0
118.13142203527538 43.22548767802714 0.0
37.08101181873864 195.8192209763044 0.0
84.2905275288728 139.3128340935759 0.0
147.2303244517174 58.781313756285144 0.0
183.342514947631 93.13742551309471 0.0
68.35489873274445 113.21592156179778 0.0
46.505721461953065 35.94460214871378 0.0
46.12815530691841 66.06377882736186 0.0
5.279078204076626 149.47397560955324 0.0
180.5610054299831 180.2059474903047 0.0
153.0187815383762 155.31782739172448 0.0
53.6572266739215 163.45879308288497 0.0
4.011958167384377 133.74825207459838 0.0
191.22654217661693 87.98065885237463 0.0
199.78488136950756 22.580654797932166 0.0
21.58130703589527 104.42743015579413 0.0
21.172318795660217 69.49275558614781 0.0
193.25666417855203 153.67069759217262 0.0
4.7136959426927305 115.31994890779325 0.0
44.558129439193685 98.61878760294209 0.0
133.23081850178818 71.19920589027504 0.0
79.65464072933621 99.6575544519938 0.0
72.9809768150607 119.03554417898481 0.0
99.09910840026093 39.454258310823676 0.0
163.56822851341838 12.616332790716633 0.0
157.0726418198831 166.34460918147954 0.0
131.8348488789 185.8005892206341 0.0
173.31268621762308 70.24939649310345 0.0
197.2438816984679 184.56176844686613 0.0
14.599269100820077 31.043883871761025 0.0
163.80290809195327 31.264131078863365 0.0
178.83771311389066 86.52960659176743 0.0
52.368058444099994 102.40443786146625 0.0
64.19024195537773 55.63476194074315 0.0
17.20650727495554 155.15224444019148 0.0
186.37291471035064 22.19600036783973 0.0
111.98466428148008 73.37350841802608 0.0
19.14833726141172 35.650964783817415 0.0
122.88836748428984 120.42398454230118 0.0
176.20887957127866 17.1974999917619 0.0
170.37040866228654 183.85032068114856 0.0
27.058890782462864 73.45195069936614 0.0
96.05986778941468 76.23831219652071 0.0
145.16871121763256 14.365635237387608 0.0
197.65671291940413 16.799455197110703 0.0
23.587186754212386 48.13507429694703 0.0
52.17418523560822 159.88835166791543 0.0
61.363600023440235 183.06812004027137 0.0
176.6806566555582 59.49520998638622 0.0
123.54381263823974 4.844711230654597 0.0
115.73155288506413 62.85916707024115 0.0
8.169630757896783 17.33756562712072 0.0
15.971147378950267 11.699740323000295 0.0
115.62442034838128 36.13459556846479 0.0
50.922943317451576 96.1653181838747 0.0
108.83199326963249 6.131524255566778 0.0
192.77661815930455 54.449098239503655 0.0
177.22999625357076 78.03962679412342 0.0
193.01832776380047 140.12447225105683 0.0
73.10290164535405 23.380138814736505 0.0
30.04046643559246 189.60345762512603 0.0
175.77397248398375 93.51343100528764 0.0
109.40584656703052 113.72326858156951 0.0
57.319450434081375 35.47762361822011 0.0
161.23048957501237 10.317722122761207 0.0
172.88240552400467 165.88783942716574 0.0
69.18810223774679 48.73175275631858 0.0
179.32767899651176 173.87387697189067 0.0
186.92859140925296 112.58880616269221 0.0
197.8934577612904 75.01065970244743 0.0
50.24181990153633 103.72256087066603 0.0
79.65903531783067 70.42239571387296 0.0
177.08699895634007 8.035829552075736 0.0
7.062442248120626 178.7178479424737 0.0
62.64716240231098 103.15118997649233 0.0
170.36558037895838 3.140826581789713 0.0
122.85718159770855 48.06945188310188 0.0
194.87871849837265 72.29644954985804 0.0
17.39288078293777 36.6534800305371 0.0
62.92010505304253 50.04034993655597 0.0
91.89785049959826 119.60666317477009 0.0
73.90062060015619 148.59451961551989 0.0
19.26365446292739 3.716710563223513 0.0
116.58743952742479 98.6801517216956 0.0
91.06815157226156 122.48716909434616 0.0
189.5146980168658 31.43421655675642 0.0
12.815740739661251 138.88041800400552 0.0
98.67322705567139 9.103264124069232 0.0
90.41238952294599 88.74773932750577 0.0
186.02555615493094 104.98440943941587 0.0
160.3473251858304 102.623287703611 0.0
198.056339221884 77.80998164115609 0.0
112.34249613391951 53.910697676364315 0.0
190.48248021347325 11.74901202230798 0.0
180.7696821387545 173.09231450607106 0.0
83.41130435966033 0.4251464318237197 0.0
139.92451922674138 40.44281963638643 0.0
130.64915174589288 41.82725730704473 0.0
128.28551450251146 23.830495013825683 0.0
147.52685925269571 180.71550518537978 0.0
48.17533203300049 163.54089500752914 0.0
53.522648899174044 186.10221652853025 0.0
139.78064613354022 122.65933927611097 0.0
129.12697936811765 83.61345075734985 0.0
12.275888606556439 119.40018999817367 0.0
160.80805317197715 76.01378978033797 0.0
129.83536599518862 136.87235030497703 0.0
153.6006035477891 179.90331355387184 0.0
96.60719370506705 166.1220946894062 0.0
127.75484620672641 82.57241707589758 0.0
62.261619703611174 179.89585600668994 0.0
84.04627280810581 80.22655614628648 0.0
178.5153112857205 157.41714412460254 0.0
121.76136432246423 97.26975045077495 0.0
77.07234914060467 184.57334342298256 0.0
124.03798112990958 106.06200480537609 0.0
10.711587493537266 39.259739125012686 0.0
187.15361798331932 167.54258210056742 0.0
1.789221949386266 138.22958599259223 0.0
63.51847428032051 195.3374878281081 0.0
76.21442867843736 69.65074168525469 0.0
112.54459936809585 9.446187203310718 0.0
25.99496367205074 164.67078972347218 0.0
9.22620365102671 90.3290188166842 0.0
139.73877902699854 71.64425763836925 0.0
147.18049103407543 70.19345837730661 0.0
168.036589479008 88.27705643669535 0.0
91.06228291354333 5.50387541124191 0.0
49.43964877591509 79.79480975655038 0.0
182.67987648879713 63.21596807152616 0.0
12.785755699718383 165.3433586799989 0.0
85.80355761843185 22.963736967983284 0.0
192.91585696459177 190.1811916254615 0.0
66.57229860768246 148.40325388311038 0.0
49.362475950962214 117.82529615978181 0.0
149.5682025942167 113.14419145094267 0.0
61.380317342140444 74.163203968137 0.0
164.04238145021102 180.17658975899383 0.0
187.72851594927735 54.64590726565844 0.0
100.43992598055166 128.42683314369663 0.0
25.903026915866413 66.02757418719082 0.0
134.28575859450189 96.05350082326993 0.0
83.05660600555566 115.71975934278005 0.0
142.65719028102487 167.3202122753961 0.0
79.63312598964652 184.6792861333062 0.0
137.88308165753546 168.35919389024005 0.0
146.78181360063965 123.85055105289271 0.0
173.773557582361 156.8658656180046 0.0
149.90615192638336 99.53454785303835 0.0
141.5983148679671 91.74126124254536 0.0
173.24129699629594 179.65853243573 0.0
66.19554101320344 150.92573236248973 0.0
34.14281524980238 100.7717033000588 0.0
37.007659394225165 129.1438491058327 0.0
160.80868244262695 184.69395365996672 0.0
164.50408300027954 92.0071172756266 0.0
63.44555890057541 184.09626062857635 0.0
139.36520749660087 188.89751279878712 0.0
156.42932318920055 127.89277207941021 0.0
89.96602898408736 34.281551638760455 0.0
47.79906683938013 10.176377325734132 0.0
83.11174024147938 155.58109751147785 0.0
2.462657528985268 20.53092544120334 0.0
193.64177228620323 75.4537035393734 0.0
106.7810886101237 148.90496735113769 0.0
180.43280013885825 47.31179963562471 0.0
114.73800901898915 14.833378509973926 0.0
49.49531511071002 95.13668056622282 0.0
39.68970284257269 68.6447541490355 0.0
159.27233472212978 22.11972226775838 0.0
70.72996415030335 91.39419880064025 0.0
28.913065913109826 47.38989883063791 0.0
138.99339375819793 180.61243321119113 0.0
47.20817505160733 106.06315282457079 0.0
36.75962143761724 150.56394169949772 0.0
48.03756298492448 5.075821131606184 0.0
1.0100889904503196 98.55831126933603 0.0
17.595545322992344 165.74079443504277 0.0
113.12803346542013 192.96052765060577 0.0
29.322347629799083 3.6917575587467333 0.0
137.72148062921258 123.89754258187433 0.0
64.38494057795221 97.85725206433489 0.0
126.08794959644212 124.25994980162965 0.0
68.71435410313092 182.33307754440128 0.0
43.6288239942422 16.449310022219432 0.0
22.020519524173586 58.49795287996471 0.0
45.56024197430975 169.4229813751104 0.0
149.86993091256213 169.4439417223211 0.0
21.556519656073014 160.9401712712136 0.0
96.82534201148066 4.769821186765699 0.0
57.501180640497736 131.51420178780816 0.0
96.81082935891958 111.01194581754834 0.0
121.30965979814674 89.42779116114 0.0
126.27966224637635 71.46391873358951 0.0
169.826870362095 180.26951823467343 0.0
106.42636779225634 188.86281919764062 0.0
195.09188169154353 169.8013415685398 0.0
32.59855513753136 155.39629472232508 0.0
80.80101350034985 105.56850921067084 0.0
52.228064249210334 126.7115062348442 0.0
123.58966914294822 120.51483311671089 0.0
187.01508238423116 130.0833174169569 0.0
88.7923666508089 20.967789038752738 0.0
0.762932535289873 31.625813342499942 0.0
116.62944915757012 61.70956918801727 0.0
51.17529805204737 163.40772721288752 0.0
72.30801515187993 152.4516379208206 0.0
32.091732928185124 168.55892450331328 0.0
42.31367385148417 62.88205058187943 0.0
112.05130769832392 60.931672633433955 0.0
19.208822761819988 197.5562142991444 0.0
105.73840981861848 115.60699646497837 0.0
188.54215587895757 197.25350194706513 0.0
176.77864353884235 7.51294080151681 0.0
34.01322977481058 190.02349420729828 0.0
163.5169791526267 197.64813791090447 0.0
110.82492042491916 162.99734981426624 0.0
143.82422485255205 129.88070792844454 0.0
2.195704722057834 55.14129463121804 0.0
110.6420965016712 146.01893758793443 0.0
70.29278987407189 181.4808069663047 0.0
16.891105020969487 152.8269483521226 0.0
140.38605124078524 90.92555983210944 0.0
166.52957905528268 181.8848710307773 0.0
15.811998479476053 132.67692426439132 0.0
177.96630271133847 71.66987982065316 0.0
111.37585588554721 60.301173774496796 0.0
126.69309597135907 170.9607970586454 0.0
114.10903675082635 137.903272118361 0.0
185.91795883329024 13.6455969647008 0.0
32.838318697866974 29.437592350083076 0.0
127.143328691029 147.2378066285915 0.0
81.81202139513468 50.0435218222252 0.0
17.048037801941906 110.88416783657755 0.0
158.66770909525852 137.3954557226979 0.0
152.69579926192267 153.37266353324333 0.0
23.31479500038953 161.4082126226025 0.0
114.00684900984214 57.62649000068609 0.0
61.84469336598533 132.24055048092677 0.0
180.59366380641404 195.39609803731503 0.0
128.37004980478818 89.39091960707242 0.0
59.47565323430237 74.33808717595912 0.0
197.73379570212504 158.78125361149253 0.0
100.85167960948864 159.3961765493148 0.0
33.31769911362217 50.076074007342 0.0
141.0235747482264 51.37613546435282 0.0
176.71925246833737 133.0857966875426 0.0
4.727596769201825 187.83306355712566 0.0
99.85475047327641 179.95470315833478 0.0
123.5450674696989 94.86598510265199 0.0
125.08546948484087 88.93553443897801 0.0
82.7273006035548 63.14133186865243 0.0
115.25294141732631 15.9043223365821 0.0
195.68421105274257 147.44335799316684 0.0
163.04837331443372 131.37053374723618 0.0
23.549817175954036 196.27616867865072 0.0
167.93034570059288 93.58925316960678 0.0
106.65208674462004 6.518577847663476 0.0
78.84389464427113 82.48365978108187 0.0
55.37858412900405 67.8596171116538 0.0
102.28330471345568 74.43757252747316 0.0
159.8434209952396 112.71895806581111 0.0
127.77982557840207 154.61948574663205 0.0
20.925103659146792 19.583240995248154 0.0
6.684762352182005 61.35100682132843 0.0
179.65887032367888 131.1657265342296 0.0
135.15728744166177 36.13420147805264 0.0
127.63132766783396 143.52332718163973 0.0
38.555472776512275 13.303953268367774 0.0
17.93903856983721 198.24161693776927 0.0
131.9681328673098 24.87284585203664 0.0
64.43696493743538 67.02495803746488 0.0
140.41407737387428 18.98794155793164 0.0
16.416631328669883 156.50547149643538 0.0
2.2743950893716613 94.5200218612244 0.0
26.51797543095038 80.81117719826551 0.0
50.812569535297804 39.657736849677946 0.0
91.59288786884684 150.41005475504713 0.0
71.17619910915715 28.980462543043007 0.0
39.402535441041394 107.97352905351738 0.0
64.0631688943763 181.33535432516948 0.0
158.44458953504437 5.479320521031261 0.0
12.27423722610097 9.945569346222815 0.0
23.870635869444513 61.50014588479959 0.0
42.66297611285157 6.528235397651172 0.0
59.3678877537245 63.60144035591664 0.0
103.53315952740523 92.80228368088676 0.0
93.0437001802878 187.99771527705852 0.0
36.322660832166356 45.617845370545496 0.0
14.76518060615357 197.0937716409368 0.0
110.45208762487397 56.04045644783875 0.0
23.070335134540887 45.263559840082436 0.0
111.50535568911715 118.07490241630434 0.0
61.68135112397166 174.19605723103012 0.0
125.44849047471045 159.3150360598112 0.0
88.81452485320422 11.36401433864458 0.0
45.38208501087391 123.65756472137168 0.0
196.89550835421372 198.64810475310134 0.0
142.361715505286 195.31926508227207 0.0
105.95255864027978 72.87545594806879 0.0
188.1099532415635 13.748718613670041 0.0
190.87459650315813 96.0081913692346 0.0
194.98237961598082 70.62517471411276 0.0
170.8848526114034 89.94414442146915 0.0
47.33930995697446 102.98873475149983 0.0
88.99504747857412 69.36841970898074 0.0
138.5138760192017 0.6476164096495651 0.0
39.868995792316 185.82116679065672 0.0
198.8561776143408 131.35982773968436 0.0
66.4387512426609 197.1233169850076 0.0
2.8723162276192316 53.888070688427845 0.0
138.78022990688572 158.5287581259065 0.0
177.26620806759414 136.87838476173349 0.0
153.1696042318684 95.44790448635263 0.0
96.73103053839452 30.614491805771205 0.0
44.90558474038133 62.314172277171195 0.0
50.626357137494594 49.051400083974414 0.0
195.39685214136372 18.141480289735124 0.0
91.21598654957239 111.13344174160989 0.0
132.17802879943733 156.5474322364643 0.0
32.93058946062936 163.25336164891357 0.0
69.9315216030044 116.49337963606949 0.0
162.15834591796036 158.81077069041453 0.0
121.25673645500508 69.71918023759865 0.0
138.35581631773377 106.17976982714528 0.0
17.842158544698282 31.82696624345025 0.0
119.81035647101204 12.997057276634582 0.0
125.85985364147258 76.194860375455 0.0
131.17436525427968 152.53357643054235 0.0
13.816127526876043 43.378078770614906 0.0
104.93092654190488 157.01408803020882 0.0
36.7559065116142 33.381497074334156 0.0
75.23917078274035 3.100800051966779 0.0
137.63274497825265 44.164214014361505 0.0
80.14704138742836 196.35865938200524 0.0
134.8201859467215 176.9633424207027 0.0
36.94798944982487 184.3715119569198 0.0
164.15444847253934 67.5006785055077 0.0
195.49731044334303 32.27985505388729 0.0
74.56231639656927 21.86260055558955 0.0
145.5928598505305 79.86252756852406 0.0
38.24232414211486 136.81996475489407 0.0
157.0639200157683 65.8861670398831 0.0
29.53125701194925 66.5815036320589 0.0
65.00109448102779 53.297969459050655 0.0
151.0021571174139 61.45059424483139 0.0
177.5991862859438 17.93860560257341 0.0
41.00400165895432 48.5819996870817 0.0
180.3739718581634 173.80402347833902 0.0
183.76733155839034 51.011678947146336 0.0
138.05299961819924 199.48611730734322 0.0
61.364209386468296 148.35926285823746 0.0
54.22947093189134 103.2740733038317 0.0
136.22478539994833 71.07948667659247 0.0
38.907395281613 118.49953847499972 0.0
33.57705428778593 189.8653265277042 0.0
155.35526241201768 156.06052461175906 0.0
5.09025548061548 112.78218308462709 0.0
70.2245132629884 157.66033303994308 0.0
198.16648013421835 134.93904535362 0.0
114.67818429662825 191.149520545474 0.0
29.739162717614654 198.97907881568779 0.0
79.31416291011759 108.46034964497431 0.0
69.10116809311853 19.39867634046031 0.0
11.95648327880905 46.97481944733539 0.0
71.19921355518406 199.68058890364037 0.0
64.92729531609798 196.76888719306126 0.0
169.99544910178116 128.45327149747064 0.0
47.201047828913964 79.02708868420547 0.0
140.91114930568884 179.36516289507466 0.0
176.88158279239354 85.02328133540516 0.0
72.0313872532655 59.08920948970122 0.0
0.7319101586400478 10.41486020098532 0.0
145.66377474466978 48.849444931183015 0.0
150.02538896989603 186.19928174461998 0.0
125.00832388012391 167.08805436033424 0.0
135.7762562752106 155.5333852409764 0.0
165.10956495903807 144.36789694292494 0.0
151.44636314834997 74.71745202387548 0.0
122.92611912289738 146.33200167362602 0.0
47.5141512964687 126.99765025876992 0.0
28.267066746180625 6.518151641793235 0.0
69.8309022002604 29.441881472326582 0.0
195.50829871297458 138.05319403446953 0.0
12.478333974122258 185.99583765805139 0.0
5.416406974229626 81.72833293123283 0.0
125.8807896455699 193.92740926524138 0.0
67.0714276932942 17.683126100764547 0.0
42.21419371862822 46.21937268061653 0.0
81.7940720471969 118.90260595067971 0.0
132.69312556312116 89.07162493717561 0.0
74.14692327683564 156.9583808114659 0.0
95.10630642469846 191.52596673885597 0.0
129.49329919743315 83.90119884761961 0.0
185.00998659529415 63.327942584154925 0.0
183.26151978790105 8.939004863347355 0.0
150.2776975252112 17.491752324405496 0.0
143.97623629853132 64.51113017742736 0.0
6.243889478699094 115.6359247563606 0.0
100.28275434832634 113.59567724250171 0.0
97.46811469519557 157.00887359161933 0.0
161.60420943101923 88.5639391606829 0.0
32.18540347999843 176.22515792762874 0.0
12.735538732128159 171.6220220569812 0.0
46.797554629594785 0.08470374448530382 0.0
124.59228320616602 27.85660948435784 0.0
160.29917143425394 180.44890170685903 0.0
156.49626800711144 84.12823288764403 0.0
112.32129502403725 67.99899819134288 0.0
9.794386025022316 10.531991327148704 0.0
143.51452532244784 120.80378834566778 0.0
48.27056267938274 105.87233159140538 0.0
173.28267767243693 151.9751918489263 0.0
187.7252851157992 14.574913785466936 0.0
57.41697843731546 112.2917961974983 0.0
75.26097425988807 109.68524516523523 0.0
166.96990424146537 176.52211230719047 0.0
28.225577728460884 165.08031771233613 0.0
119.74688289215045 156.28075431101382 0.0
183.43088060902332 9.745992312663398 0.0
117.08305934327838 197.6023634300415 0.0
19.17602952323596 107.9495489916421 0.0
191.1114257432438 138.01965992751417 0.0
55.77082200228149 41.36320653450147 0.0
151.51768356129995 195.78358702843664 0.0
114.66747868598655 82.6711914338183 0.0
135.81628079282365 42.964984108815244 0.0
21.97351768402953 44.919288875658125 0.0
13.471058896383159 174.52892721643295 0.0
79.03255783098571 166.84256888459916 0.0
71.72312659605997 27.074308360093102 0.0
190.92384514481805 151.63335605499654 0.0
19.777503956175877 123.78287677444335 0.0
43.14544775369389 15.088240598628033 0.0
188.0392866442407 26.2234689642481 0.0
147.4099876166457 118.79933820487125 0.0
70.37896205441712 59.00878095644728 0.0
139.39601195163308 65.03172824802816 0.0
59.945781223837336 39.90349973822678 0.0
4.46204245239441 12.155393437409746 0.0
162.8370171203346 195.834283863659 0.0
131.74444401956234 32.97670772064081 0.0
38.96996496718006 74.35359314122374 0.0
52.7243182355986 183.04092938918222 0.0
115.79276810636514 170.46088702315674 0.0
7.26273064345373 171.95390258792258 0.0
148.00906492643463 180.28637193531821 0.0
98.26754325130773 137.99747495724753 0.0
55.28058801589235 65.99396042827163 0.0
145.56924260352324 14.790000314056929 0.0
159.91086024182613 70.36168089765422 0.0
30.247315982217348 148.46962830322548 0.0
67.80225039328633 54.84939207051725 0.0
132.562552364907 174.85473420895676 0.0
188.51770945732554 51.56514757135153 0.0
9.814965126530728 98.26240033430516 0.0
74.06747174968254 117.39314916463309 0.0
134.86089944471374 27.14247156822227 0.0
171.08023957043372 57.647818411804394 0.0
121.68709168719873 116.41110672215049 0.0
27.307255909236616 146.9700130924452 0.0
1.353409584625176 142.34453593935 0.0
70.94688349776943 16.783052260329523 0.0
179.78009026910203 193.12012319826337 0.0
190.06623031032322 1.477703152588683 0.0
108.26943378347855 196.56845345552912 0.0
79.43557557274733 39.5969313082209 0.0
28.315819315810465 26.426757024546042 0.0
93.38024252724276 111.64267051330393 0.0
14.172156432369931 129.36047783619117 0.0
145.79379920763358 162.72851304420405 0.0
129.8047457346908 197.24644059914655 0.0
32.245423438181064 106.15381172802336 0.0
41.2828043340425 172.68753780204904 0.0
14.153285905451973 33.07607158963843 0.0
81.31275599373922 20.45552840853486 0.0
1.2850732218370853 163.81033701736033 0.0
149.54164906246572 23.53495703344408 0.0
196.38557614530527 167.8856146615576 0.0
150.41793678716732 69.6679673608866 0.0
24.520500612541518 52.84003224640337 0.0
119.8121001716985 82.77610383078124 0.0
159.76471599461104 75.83800189171426 0.0
172.2635099025385 23.362018893710058 0.0
83.15210156082384 67.54420493522511 0.0
112.63408021982649 132.9702863332006 0.0
58.34334020495182 174.29076149697195 0.0
199.11324971845673 130.0133729262508 0.0
95.25700591469447 122.42552491930196 0.0
118.9330014688083 77.74511452925883 0.0
186.9483724316712 87.83101298559811 0.0
143.81555455455967 39.89082757926121 0.0
51.309418826174856 113.95503062624448 0.0
69.09054267660136 15.419586801239692 0.0
186.70260376472862 163.2956301477024 0.0
108.58249285223785 1.1708434402308399 0.0
59.42999294892284 110.13455181866986 0.0
16.78349070810581 169.52413862814478 0.0
80.97841746384769 86.41497005798875 0.0
140.49000881887633 68.02715374724538 0.0
104.27044604833688 178.0107795364813 0.0
63.99689157489692 48.87394546165409 0.0
70.68986893140612 135.23636045359387 0.0
5.105592122764024 18.351791423634523 0.0
173.43969005452942 109.29724451919837 0.0
143.61779202156157 59.85164140418573 0.0
67.82940818761224 55.4836429029739 0.0
19.64963650460174 128.76363238018988 0.0
55.377705551061766 154.2604810352028 0.0
26.01578497617083 43.55583063996331 0.0
196.15548219362216 193.00898946058672 0.0
37.0967218572966 4.560847309551308 0.0
162.58342623971515 124.02658226424737 0.0
166.01659378910466 60.471513015084625 0.0
137.93725809354243 168.493267871589 0.0
122.62312361612852 112.27343142500123 0.0
184.10288078523575 71.46439584788655 0.0
56.67503821786297 195.31875750413303 0.0
55.66274793434059 29.55115364978671 0.0
113.80671099528621 112.47206876769795 0.0
21.183819327424324 10.801674532652639 0.0
6.253493402441079 4.735850757569793 0.0
67.61650887938262 65.39734604944385 0.0
105.98559900761946 140.4896063328317 0.0
110.0031182581088 186.13034558401733 0.0
104.81221012087813 80.45316655059722 0.0
106.23329931239942 119.23000429780255 0.0
154.18168153093438 32.711399109083494 0.0
85.37318011955752 48.95723326747245 0.0
196.8176984666395 50.6139997190087 0.0
38.13378885167966 83.48774173740925 0.0
132.9953969466334 146.0906925033936 0.0
189.333570067807 154.95637870326 0.0
126.17540763687501 191.89862083352799 0.0
174.74870416140723 113.13642090496975 0.0
145.87793259018068 68.54541798436031 0.0
78.53419665454524 40.07934056491686 0.0
170.0929948702972 75.10782947082461 0.0
152.4375666944691 142.14196053595896 0.0
125.187080958396 167.89254010407043 0.0
134.31619641463828 186.17961645781654 0.0
28.180387911515492 116.86218633678602 0.0
11.008325277497288 138.2854407350743 0.0
114.43309249385688 176.97628155784966 0.0
29.396861305379083 36.307459669396216 0.0
183.19294149115066 160.07326319499356 0.0
149.5441216288581 181.47673667326882 0.0
174.12068871757972 62.646422556262806 0.0
155.0648057374495 69.831402490605 0.0
99.82387878752057 55.84309234609963 0.0
88.44342764535837 100.72294469971138 0.0
102.59351645526684 76.24296689618227 0.0
162.79163326752035 197.54265798225018 0.0
177.9523287900345 69.44807563489866 0.0
16.579797018730467 54.90783569975753 0.0
13.287291864909045 133.24338441629834 0.0
124.16636674770541 186.8986771131057 0.0
26.753160960899724 183.06365543019461 0.0
152.48754303335593 92.53860107739536 0.0
59.7979075604498 119.72872371400689 0.0
63.05887666982062 77.56213596147265 0.0
76.07488788214268 17.885913676942454 0.0
198.47947632781248 175.6161276833657 0.0
50.17071726663016 173.3248182200931 0.0
63.918552128154445 197.39158371345576 0.0
191.4918983793089 148.30642381750806 0.0
16.60308748739432 2.785059616840191 0.0
141.8172400072817 36.27481543315283 0.0
10.114513213694053 39.03997101534951 0.0
9.437236674547966 30.79657383558785 0.0
105.34131570077075 16.919893652670016 0.0
58.46560108019916 28.299334366557673 0.0
56.223530287358756 107.31737435001688 0.0
158.82221837265357 20.157591342317627 0.0
105.96421831247582 32.30337963313315 0.0
120.55087284470554 36.900461638395576 0.0
188.17197725739194 97.47411066267972 0.0
185.54909138218503 195.7925619738014 0.0
17.4377495596191 166.55340254073573 0.0
30.451631084925125 172.76583612289627 0.0
75.13803050206226 14.560514692636882 0.0
46.32304002582002 170.6566556283124 0.0
48.79594097276869 12.454729349704685 0.0
3.978951069638481 187.92909070830243 0.0
67.12036158667107 94.01963731132187 0.0
88.16971809032373 105.54184436181633 0.0
87.88269619974476 34.85170647564295 0.0
89.52408307581238 4.342881708186108 0.0
42.0796173724038 33.66907920868771 0.0
80.06465228365165 1.352321999721351 0.0
15.369470380533002 27.75831923319174 0.0
166.27106874958181 150.5207849019844 0.0
56.55885072940301 97.22826740216274 0.0
113.0806496955064 192.0269048131557 0.0
142.9550751442627 116.84172445314466 0.0
162.88057532468022 153.9042664000115 0.0
3.6892625068263296 99.5473576177261 0.0
35.45955817944733 10.76466355081267 0.0
104.65385700471683 42.43560359386491 0.0
88.05112711570813 186.61101773953473 0.0
132.4873986007576 133.6940864086246 0.0
139.0146130906526 52.21001402060077 0.0
180.0785244979895 108.2395383955342 0.0
114.36408730215912 112.2208827786809 0.0
132.35014042099235 150.05474563046636 0.0
63.26953303291762 103.25353588364695 0.0
78.62382862539108 30.86068935685864 0.0
6.818508325831529 131.2556196011605 0.0
136.65365196907604 147.60558078647142 0.0
133.74076345187936 65.10476622640087 0.0
63.45739429695809 175.3539775926444 0.0
37.46223819021608 73.00879503403443 0.0
49.3626531210539 187.51087079823344 0.0
0.7689666530564576 39.29322118211118 0.0
144.22391478924814 111.91707270361036 0.0
177.52544121762318 31.38198793628486 0.0
48.55611527208596 89.2038729965992 0.0
95.30612876948898 0.25386981567931954 0.0
117.36898158080373 78.89641850928852 0.0
8.462799853234038 92.38360929122793 0.0
170.77576234743142 119.10696688394187 0.0
68.06444931279312 127.15335675652948 0.0
82.98879585163579 187.26053818061905 0.0
