107.1375278973379 24.772935185152622 0.0
39.33489816524185 1.0045234607452658 0.0
86.9100895976018 76.84888012925701 0.0
33.2497738593237 100.14505396557927 0.0
47.24688829518231 140.06733665997254 0.0
193.76260262143887 153.8217979525102 0.0
162.35828093536873 11.629131439672303 0.0
47.735986646586696 93.70157022159174 0.0
13.123454901471243 2.97610518744833 0.0
63.01231908230276 73.09705994103099 0.0
74.0896694989114 30.24327316734079 0.0
40.9001435310224 80.68950096270986 0.0
21.872121245047826 137.42295047974318 0.0
86.09451992027941 15.774934122602978 0.0
4.023076979524354 70.06924225626187 0.0
66.63511751278004 114.05394401926901 0.0
106.0716247811776 173.81656743771978 0.0
103.26358347693612 122.55481556727695 0.0
59.31838745192035 104.68120452401088 0.0
60.549600060491215 188.10062702137478 0.0
143.10209078816467 7.060170839426472 0.0
51.41286751939158 45.800925467325996 0.0
52.63797440383078 140.53707047764604 0.0
12.175905401053289 172.36905707422682 0.0
27.160624473824857 18.04979567101581 0.0
57.04062377024852 103.63643212059601 0.0
162.986738838785 155.67039816899387 0.0
178.88923509125297 106.45543799720436 0.0
172.24611967303326 128.19260831542596 0.0
127.56792431368518 42.25291309771517 0.0
90.41199426104033 174.9179361277526 0.0
167.31962620047975 162.8164839267211 0.0
184.394557570751 106.47648946037451 0.0
91.7898936149421 138.4663697220865 0.0
167.84450066180327 126.21405717567986 0.0
158.0377982381404 34.58547638486999 0.0
191.44603684743845 198.62216523343344 0.0
90.2415227541054 24.551124945935143 0.0
143.3618073197907 172.48336447251032 0.0
199.29618921024942 155.43177855048472 0.0
168.62480123067894 197.84905354841896 0.0
166.25923295155266 67.38276359727 0.0
196.15527955096215 63.66265652187586 0.0
145.60642425101338 8.49502419453576 0.0
48.21350734003636 126.78618114702012 0.0
158.519546942349 183.9214177688256 0.0
199.48190216524648 103.38354589892025 0.0
66.93443717842582 31.42531571589395 0.0
51.602967516532594 150.05933682978295 0.0
145.83600994498573 25.06662635930088 0.0
93.88229287962196 174.8470003842663 0.0
4.294561435380917 74.56057870392097 0.0
131.9986477766707 187.0857731470068 0.0
144.99569344977508 109.91504322575511 0.0
83.94599311340019 120.42098652708665 0.0
197.52372880893606 19.272391072643114 0.0
66.06513621088013 144.6076473756442 0.0
12.416502548447351 142.45220954643224 0.0
21.905426201704636 19.49254541669758 0.0
161.01717136538537 13.511548931909001 0.0
182.7898723971233 138.49548872078617 0.0
150.4064903901622 192.70967230345397 0.0
191.33969923147097 159.10547025461318 0.0
33.20674562226549 31.58453673855879 0.0
167.84733675826206 124.35297048467551 0.0
68.80653906627911 74.41866895500242 0.0
154.26950889585802 141.91492891752523 0.0
75.5631924385685 115.19224286916061 0.0
31.745003844968522 6.45414152149566 0.0
102.79754047364113 101.19166467677998 0.0
174.9244452905694 25.990202593261948 0.0
46.903590225082525 102.76212243001214 0.0
180.03227188382397 144.54448363772866 0.0
37.65338728488514 53.2629607522515 0.0
183.46386017065964 40.996807684268454 0.0
28.78521213812295 104.10505754888008 0.0
173.85362637879044 28.03694776621324 0.0
41.22104615633182 36.819617278088934 0.0
92.93264574538887 75.28928679960396 0.0
127.7670850917098 27.428192960096997 0.0
19.12729927953094 137.13429236032965 0.0
154.90887578047278 167.9539996614069 0.0
132.73308307911873 178.445883875934 0.0
130.32043293924775 115.73495689435359 0.0
72.63067405418188 60.408902168416056 0.0
43.96456175138796 63.26911309905485 0.0
111.89410170546634 173.77636689677084 0.0
36.169353813828906 99.64355253538639 0.0
103.27366092715104 188.37142424588797 0.0
157.82378465651095 169.16805090683158 0.0
175.4191020721275 125.33423560218262 0.0
45.84286480438264 23.655170288033833 0.0
96.84131497128638 152.5593770134243 0.0
101.31100081365605 11.858761122023353 0.0
66.99368093346985 53.96458510880435 0.0
28.219653525979727 52.90311522277762 0.0
42.48695856789168 29.67707070880701 0.0
67.47347739869906 100.10538423144098 0.0
161.3344515414431 146.91886134225552 0.0
143.84676363883077 17.41417593716461 0.0
189.25701684894176 180.31800845182343 0.0
32.829909228760876 62.75746330590523 0.0
179.4602287164486 155.56775088959128 0.0
149.813427214416 100.91346049166434 0.0
110.9288768088047 41.80108689830857 0.0
65.81480215965357 53.08817657534386 0.0
150.1668257830124 125.74349034772388 0.0
161.96134103874377 131.20389005979064 0.0
167.44293846668887 44.65180891610385 0.0
149.19995781301873 101.97295482020978 0.0
30.98673196178754 55.24277668067996 0.0
100.21263402384595 179.15171155060946 0.0
1.2101851583992573 72.25973636192644 0.0
167.2742013785504 151.93965298489417 0.0
51.9148650486658 123.02163071685632 0.0
92.79671105879837 23.309155768468194 0.0
156.57649349268544 133.24352801226001 0.0
158.56271253870597 154.12155941268904 0.0
95.18173800798233 184.61335506600446 0.0
165.15733521031572 87.20559789771991 0.0
160.72492809437873 166.0546759883204 0.0
184.86711169211057 60.14449704459213 0.0
74.35518811699309 78.30089835397094 0.0
189.32107548968068 106.33842287320023 0.0
54.297249120181704 145.35130211948376 0.0
17.407639171316426 190.97923292628326 0.0
126.05202069965446 136.57489371479417 0.0
119.50849252686882 31.894801922502538 0.0
10.01594174430085 109.67320954161744 0.0
90.8485990026322 114.79049953939668 0.0
77.54070565607161 147.40854783761804 0.0
189.76917893781703 128.2357452634653 0.0
127.58798516897217 179.94947199854693 0.0
25.988370631013225 15.813824929909636 0.0
103.51649819715448 59.88070364231941 0.0
199.4220580181352 71.17354038537029 0.0
143.17156157859446 88.36977253437648 0.0
71.89523317341724 186.29145875849355 0.0
135.3301294414287 178.67829013421218 0.0
62.08201135560889 104.073966229239 0.0
41.687079054712385 187.15076063385158 0.0
68.27021174630133 123.49861359739064 0.0
35.95138910970854 42.009415456500385 0.0
44.0542881686252 158.81441206723613 0.0
10.253603072319152 156.72869165254482 0.0
178.8182396044962 163.89131902947452 0.0
3.9487951484109107 27.458353943745983 0.0
167.87774759135962 98.62920944018028 0.0
21.032095926695593 82.90959226207968 0.0
96.40888587026912 36.40707658161946 0.0
119.76664420501115 180.3136787246747 0.0
106.79832561809543 89.87347433629247 0.0
181.756592983926 22.508163598109455 0.0
70.80786361365729 166.94959963699182 0.0
197.58067801955517 8.900786207237887 0.0
145.9539373699379 159.73656382427447 0.0
42.23464506884953 27.00674183218792 0.0
159.7605784936954 16.08891129500696 0.0
156.01360154119982 41.45007740529878 0.0
36.05200821085148 46.93658886511083 0.0
95.09824380043916 43.765502523275 0.0
154.2090206384705 182.00800534741091 0.0
170.99170422497346 189.0320111474224 0.0
15.320979976848491 102.42705920348041 0.0
159.0864831924444 164.31519419734312 0.0
78.42316311608045 50.72732694795261 0.0
124.02389631365051 9.090322439343822 0.0
125.51694859235494 47.147014146320345 0.0
183.14119370079968 139.26364264512398 0.0
15.82817712500919 25.638366060957484 0.0
109.18427893959742 14.104634431638964 0.0
197.76678380793044 43.84587159162074 0.0
59.596863130395406 129.3472681730942 0.0
61.30871815307839 18.377553211042308 0.0
12.07965074856736 19.913684248483342 0.0
134.0288560409286 190.0142224551229 0.0
84.74597478446881 112.15887368901663 0.0
50.771478494547836 133.0717610500952 0.0
24.08308031111368 178.2304969272667 0.0
159.95274936548208 188.95181328881208 0.0
155.0611473046698 14.082974169342055 0.0
168.7473125285883 125.98662361550244 0.0
5.114865067212748 187.8806547092595 0.0
174.91910798514 6.004020234799756 0.0
37.35523489726462 86.96984343340173 0.0
184.81414952020853 72.60893060214629 0.0
58.252096966849656 29.294994440983114 0.0
175.0409401002453 166.99800495442247 0.0
101.16065467435958 99.07964264901071 0.0
119.62197799511824 124.19439047854206 0.0
129.4480944573966 16.787911618918017 0.0
174.9075756772122 5.9098512058033625 0.0
151.6092383864063 159.82777818220632 0.0
191.3011089990287 85.81191993185857 0.0
95.64293439158237 13.152614268014617 0.0
103.85254987772659 18.793874199819992 0.0
51.09376649639432 47.86279212098093 0.0
143.0349948422917 197.91582052741563 0.0
54.54636585862465 101.10447389420281 0.0
2.5266876311842212 131.0054148187695 0.0
