128.2946392740149 68.51396417226516 0.0
157.7900037460223 116.75434504984298 0.0
34.065437128761644 184.62566684744144 0.0
163.00504208201568 15.800265118228252 0.0
87.4364392242476 162.4836562880576 0.0
6.659916707151514 152.13489362592594 0.0
142.16639962851553 191.02159014484164 0.0
161.2841089457165 191.62752451468188 0.0
161.8857528716 69.95582082719476 0.0
122.40858822531742 45.590698500178874 0.0
197.3288266853797 121.09814960408025 0.0
144.55245911775748 62.68652987954526 0.0
104.22708581993494 161.3638776695413 0.0
195.1564062082735 49.09635147203404 0.0
182.85097773656182 69.29275415481666 0.0
20.438810684256794 162.54075156846696 0.0
28.976980069310308 199.75205346769252 0.0
16.564398086962196 164.21381053817055 0.0
26.095568338723062 105.59247770335098 0.0
130.17935917277356 132.42177984011303 0.0
79.96472650967767 110.37928249136762 0.0
74.2810116401549 142.69302070192202 0.0
199.1529682609607 42.92240325677839 0.0
138.55402501775896 1.3526770420123402 0.0
159.0045682752206 92.18107509083764 0.0
197.7194106491708 83.0320052534188 0.0
151.49901553738349 70.2199985306718 0.0
177.10641555397703 67.30888583144518 0.0
19.76568557663878 181.24547275394355 0.0
21.57163877112196 95.65267930161858 0.0
3.5536987260956554 86.35178841875728 0.0
132.05369138609902 177.07299624900784 0.0
80.74617886793574 26.459453855361147 0.0
83.46578522700368 159.3486649065284 0.0
180.04699314901805 20.028548724852445 0.0
18.292679719576 52.43964838545183 0.0
161.25727987025488 87.48201785114527 0.0
22.172551886678306 141.66128359685024 0.0
112.09803928436881 70.87528802564849 0.0
30.908357445768388 160.4267199774694 0.0
194.32410416686972 115.2001287329266 0.0
192.7672942523101 5.840048834720424 0.0
186.91400124029622 56.812273357044596 0.0
115.59109872050135 75.14916060964312 0.0
20.409122737808904 24.823857253503245 0.0
65.15395827404087 77.04388338660681 0.0
174.0147592088156 102.90332635948005 0.0
149.36881429937262 129.01165017043775 0.0
15.864664658105454 121.77693105040659 0.0
22.357034673296372 90.43929326495113 0.0
6.889748496568759 156.8276738871792 0.0
73.06029839282793 0.87637022376168 0.0
160.0206655810541 90.53891147977716 0.0
24.987840948804262 193.8517813141486 0.0
48.99316310655091 66.13156630570947 0.0
166.85601610257476 138.86211511780874 0.0
194.81390121477625 6.5953359272334255 0.0
58.2913913215124 127.62671571417525 0.0
22.98383497720764 2.4159430124191417 0.0
110.43258014712427 165.43097337817866 0.0
180.86501131055974 81.65195947144977 0.0
128.18004111385025 54.35593796557119 0.0
32.11592489666022 67.61635989427144 0.0
119.0071871909353 62.41892690639253 0.0
3.9094892962795447 102.26945701886858 0.0
22.660235854980403 161.12633904013487 0.0
152.68679133275796 167.53150445124098 0.0
96.738201390189 183.66646591046742 0.0
35.488947543715234 172.07476299863018 0.0
105.05857097899205 6.946636106973103 0.0
126.44821939031617 87.7564253829383 0.0
198.87824040628712 192.9056103020334 0.0
1.8088974780644085 17.705312878597603 0.0
55.45338362920671 38.00867239557684 0.0
131.8872762984578 157.1768604811576 0.0
44.08588742510942 74.55950850234738 0.0
164.66924872022346 168.64246044910806 0.0
126.71821207565057 143.43938170848435 0.0
63.28306653650113 134.18079409636061 0.0
68.3024127453292 15.110868791119781 0.0
168.3738484265214 171.09030682312147 0.0
131.58328912456753 174.1997624969439 0.0
196.44557998562155 0.7436175899800501 0.0
161.59960910231314 2.695523780611353 0.0
156.52523968450376 46.05617188603044 0.0
27.12134989273021 197.78706410689776 0.0
170.04295836879373 199.54299572834907 0.0
179.40515260311057 42.57730417276133 0.0
12.610964599801555 51.78899629786671 0.0
13.064023143436089 111.39644815231404 0.0
61.42335697496528 99.2598347818813 0.0
169.5115800280132 136.1605387730817 0.0
28.287577521636308 60.73188838989054 0.0
110.35503142264915 86.19836785632249 0.0
185.8377075584585 123.22149849867587 0.0
6.275266061984586 21.196391191749697 0.0
153.26869255188015 111.14509362748556 0.0
36.34644982066448 165.38791788636829 0.0
97.96961156361536 26.54356489816012 0.0
173.4115463457362 120.8392831504078 0.0
30.723291879983726 143.55559949122946 0.0
43.044306712285405 188.66242285581453 0.0
124.67857568836709 56.92639373358155 0.0
86.79231179522104 199.20969678148978 0.0
72.09049540905181 182.18970262189458 0.0
34.80970626543252 65.78348274553551 0.0
7.862933675684403 184.26268581025295 0.0
198.6522901147794 71.11952984266014 0.0
75.21712401362473 71.54466614463078 0.0
131.92181716593524 71.8797270266553 0.0
86.34860525182901 34.212359142659146 0.0
174.61024607539179 163.61634838724984 0.0
139.72425242409676 128.2558431919157 0.0
96.40889095714802 87.14660153621764 0.0
95.70999586722738 10.90095144953529 0.0
84.91140440012516 177.00269442199794 0.0
83.50902596380092 118.415443714357 0.0
86.5536171892389 153.59928938521367 0.0
114.92927011527331 143.89781287526387 0.0
1.2973014962530893 142.98676478077593 0.0
14.287956505201116 20.499187978597778 0.0
56.47903093085631 171.53518978853353 0.0
38.80027119244281 44.630314827978104 0.0
40.90930878137491 27.62067686013332 0.0
160.0879972031948 84.05716838267222 0.0
167.22125152581597 8.36205162592021 0.0
4.983299903517291 7.390373095389835 0.0
148.63214262149194 76.68260317267021 0.0
112.59161882254791 144.32506613051538 0.0
25.695278578326676 142.44812154849825 0.0
54.6170270654152 140.08948579675493 0.0
159.2835157115142 151.15896205186917 0.0
87.24211718200769 2.912081648877707 0.0
17.96009275695789 14.650518178896643 0.0
155.39380794772475 59.918550059323984 0.0
131.0562583272008 150.48301053938516 0.0
54.01545350826908 134.7217208179989 0.0
53.18936339679028 110.1780357573469 0.0
166.00457574588927 139.0687548352391 0.0
191.61914027492963 71.18597165413011 0.0
42.76483487059883 31.261800369640504 0.0
84.75391661263663 43.444715441644966 0.0
170.85966468152535 135.66968410712204 0.0
188.28259828866186 98.61707336658831 0.0
177.0442962561581 140.49980409301943 0.0
24.822315076606216 168.57036228138392 0.0
63.99173525547639 95.1010456174878 0.0
83.63568761734747 179.38863594804826 0.0
40.31754063065887 13.419951712124734 0.0
118.88573148510618 88.18429988074708 0.0
111.04708817308855 56.834113176629586 0.0
88.0604640422536 172.20254180482 0.0
28.45828513335025 117.43813442670235 0.0
96.61339683309545 83.18858994409979 0.0
68.27158864114409 151.95923956958026 0.0
170.53005397270132 124.7142676804899 0.0
192.4483503794608 26.8310447077194 0.0
65.44485767474903 136.13698636692786 0.0
87.39750692744835 126.55564583596987 0.0
39.09666505329197 74.09080588570254 0.0
125.17977231153112 150.3356975529596 0.0
163.32531901799982 70.88583169485159 0.0
85.3374506889055 176.05973814513968 0.0
132.47579344099265 18.918644007708085 0.0
96.26715420125267 6.0756037383367545 0.0
36.99027275944471 181.17321478709516 0.0
107.5916904887312 25.78823403625441 0.0
14.132887635742609 160.1181193283521 0.0
88.77651589150652 103.96989508858951 0.0
62.2057106588245 170.78257515539838 0.0
64.27512106386291 42.77227623008362 0.0
10.27865796772498 158.5203516754172 0.0
41.776918974978216 145.78153862330691 0.0
72.37016497293149 77.94704450254444 0.0
67.67008972775763 14.05890369904441 0.0
183.1793706011194 6.763048584251474 0.0
52.621078805442465 102.96104838042443 0.0
11.884787831303022 106.65074818439383 0.0
50.21136278184479 76.63598220625474 0.0
181.18832856852538 163.1613820242446 0.0
142.86124054797838 182.44177365861103 0.0
180.69777952878073 137.48332284692702 0.0
191.80946281094003 134.13696847053765 0.0
156.90476395693122 45.210223116506285 0.0
41.70653463455667 140.5431560894104 0.0
186.4293485050871 140.70396087903706 0.0
135.4186373050744 145.48169212451242 0.0
194.86646445882292 30.373983271139828 0.0
90.92812906439545 55.1381221974073 0.0
170.48350275568654 164.1710844506149 0.0
19.755719795251437 120.60943872562943 0.0
140.1822943343155 161.82028707570416 0.0
25.118356662622475 116.2408861401089 0.0
124.5529403807011 18.794080476073873 0.0
8.076094771754327 108.4605313983302 0.0
169.51095236941097 6.753753675464091 0.0
31.210085562808754 45.1714231631277 0.0
163.92318553418784 34.1632097036686 0.0
41.91305588472236 112.36274056078877 0.0
95.79214326754189 165.0061224078345 0.0
141.1626168251561 2.452836308291695 0.0
73.98235221948933 107.01398865042107 0.0
198.68680296828913 117.97870590337067 0.0
48.1364409845122 175.53898304034078 0.0
61.72035510416101 94.59790820270666 0.0
96.34271348540257 115.18233490682674 0.0
82.08929735254426 68.97063599727329 0.0
18.280105380612778 18.515329983224383 0.0
195.150406637436 39.94103215419027 0.0
170.9802990264533 19.706627009657463 0.0
124.15124931681748 75.53857847895958 0.0
15.011081526191795 60.59624999984736 0.0
54.865524813096144 3.6718307723800914 0.0
100.79885818444542 27.733027521563216 0.0
127.89751228284321 190.9884174103727 0.0
17.97245942573418 141.11893149358662 0.0
129.83849351239903 62.22667273221245 0.0
155.02436814120512 38.88026968962117 0.0
29.49705776352436 141.4859786773951 0.0
172.2495802833633 146.81227360193265 0.0
101.71429248912351 7.194343745010023 0.0
77.83634532353551 47.72016244421833 0.0
108.81388464200799 44.15334787247425 0.0
115.14713711027633 72.70635917240622 0.0
168.52626760271053 48.892146428868365 0.0
118.64224560854544 25.030069244713005 0.0
127.26499358342389 198.66378301399556 0.0
176.562433445285 16.892002795782133 0.0
78.92252648701327 29.768632989515087 0.0
150.40117707769733 50.473605102448495 0.0
121.89180846620515 87.49135486053106 0.0
44.36109285467638 6.786666283439491 0.0
130.80889423038874 7.7892737155379255 0.0
192.40315875367412 119.36582367884128 0.0
34.55117414522575 169.9716986626596 0.0
136.16146195872005 4.562960214908807 0.0
38.314558751895 119.96127861020082 0.0
103.91023102479649 96.17910451644678 0.0
5.132266240074057 105.32996093665612 0.0
168.93395941790126 89.39599861046091 0.0
20.986762801067616 86.15381108875084 0.0
65.06558413586458 137.44602869200176 0.0
7.705591434529913 89.83236235564831 0.0
67.82158531399938 64.18584770654982 0.0
119.12073634103311 163.36989600005393 0.0
111.47706856468503 156.71546934062422 0.0
158.51042441137645 43.21747971404779 0.0
5.587931275943081 184.41131949767745 0.0
189.13113534534943 10.626202786933892 0.0
38.88120150909249 154.21815106749904 0.0
74.6868137150149 29.563621867254454 0.0
14.098817868710277 156.7713793346984 0.0
82.87122696193092 174.59700753416837 0.0
44.2940437345396 83.89795088982954 0.0
112.65851011659404 147.74844879604092 0.0
59.24391896671355 5.270375029765151 0.0
164.80608558433147 156.17857581327732 0.0
120.05510422043217 180.46515151201623 0.0
165.07299596772216 176.65713568192567 0.0
120.7045547642359 52.40338805037075 0.0
170.9460472343248 68.13017619574215 0.0
67.17059768145126 119.12792404719094 0.0
145.2049110029449 110.29533098072197 0.0
67.97393416820292 113.09791574280513 0.0
63.44666444431253 143.94801849785532 0.0
44.36224071424579 30.658291221203093 0.0
137.72910523112066 167.9631492858103 0.0
174.0360833601527 49.0681657959726 0.0
184.78139563245492 8.128363881741407 0.0
19.227868432369167 44.44879005765745 0.0
44.76954136018685 114.64644051774057 0.0
158.10972488141257 81.23817635623529 0.0
65.39333225381543 67.97603680075635 0.0
137.9201363159982 82.21614319462876 0.0
6.130395114623011 176.78159262298948 0.0
98.86334551845952 107.89005939550722 0.0
88.73216046751058 37.11458442368978 0.0
79.74951016315394 75.00812057874981 0.0
122.61545221046528 88.55014061091748 0.0
9.507689030267708 126.19357925314722 0.0
67.58262633048659 50.85435673934462 0.0
113.1178431416325 26.169890256485306 0.0
61.34217865938463 53.859375036757704 0.0
116.17197010914819 104.77332074050894 0.0
35.59075639220961 83.57475446603497 0.0
19.188762199875796 192.92608620188798 0.0
171.95668684632201 59.16528087421009 0.0
130.96999942328472 104.96971982345617 0.0
7.89408928984654 28.276883694905685 0.0
99.7011315435517 109.23484868728156 0.0
192.65577586674794 22.293959652337826 0.0
61.16252060281917 98.45019190019238 0.0
114.7621508467136 48.462845020105114 0.0
135.331802025028 22.570099408838008 0.0
74.92240714883927 112.41788517184857 0.0
145.82199223105752 178.82658449611318 0.0
162.15343572415003 62.497981021333175 0.0
11.013969286806468 167.28826067989417 0.0
105.88077149489901 26.34316504696741 0.0
161.40603374626411 114.93526240872043 0.0
123.09515942203294 70.6122398163389 0.0
174.61730629273399 147.2357330580388 0.0
157.17724449231858 56.26409431299098 0.0
187.64583239060752 43.436014871403586 0.0
113.79198258332939 84.69696513784417 0.0
145.39620351886958 150.25331538684142 0.0
139.29348924642056 34.141249341651616 0.0
175.15575842393235 148.38606445692056 0.0
58.37002057173417 71.05336452978331 0.0
138.61228988840531 167.23386820720933 0.0
190.1979065279337 87.85935913054888 0.0
106.17038292090812 25.44543732484197 0.0
96.16232388651163 166.24885137839445 0.0
122.73753344984866 38.38944177214631 0.0
177.2417434415025 194.32120667912602 0.0
189.81521242445461 78.3699044983327 0.0
35.44215877486714 76.23757644804527 0.0
75.64417981948337 199.38411746583597 0.0
141.20605325740226 164.63385563197724 0.0
183.31736308620165 145.44781784952812 0.0
7.510245293761231 18.90136102860598 0.0
56.18770668791122 49.988841975351406 0.0
161.40581304251367 146.54334314325413 0.0
180.5624155511924 3.5369804434213004 0.0
125.04227175067797 20.167280309027326 0.0
157.58915224947063 117.91446278277904 0.0
170.75739322284426 179.27421907957643 0.0
59.4037283518843 47.35791217242156 0.0
198.60291579095124 23.858176139161724 0.0
59.022967542129145 40.47926369756838 0.0
99.71567826306959 185.93008294602785 0.0
29.130422756451434 91.69970546579687 0.0
15.23260016407708 125.43230756134969 0.0
141.81671032351028 36.767186645152684 0.0
177.98705196689167 38.6114375578815 0.0
169.5003242870222 94.19470534629049 0.0
133.013283472073 89.76843764531968 0.0
186.66878560494794 192.93305482293056 0.0
72.92451529124845 181.4070361746095 0.0
102.74409322436571 46.318320376833476 0.0
195.5194766794099 163.1525486166461 0.0
118.29051619655866 133.31100877162731 0.0
193.51118445084293 146.41506745079562 0.0
189.94677418036463 130.27014959581123 0.0
20.06077525676444 39.622494243126184 0.0
113.87877967766269 99.98241533882907 0.0
138.83841783451632 147.95031766760232 0.0
93.21309391233581 89.39273347392177 0.0
163.62214989218168 91.82680680129494 0.0
41.82545789264162 113.45950429607674 0.0
119.98482994074593 190.0936709906881 0.0
195.02262272159476 9.784127402129217 0.0
120.40822156690277 26.55390947290972 0.0
47.069951777841304 137.1409642741062 0.0
34.20240658112262 172.74010658973688 0.0
16.181192685318546 160.76060723386644 0.0
154.89781012304695 175.0879678849013 0.0
149.50100314925822 18.19577214913115 0.0
120.31603767361598 131.30150121143038 0.0
23.77471935654205 191.82568005901578 0.0
24.314995531448382 78.54771061877739 0.0
171.8141164897545 27.531494995336004 0.0
174.2426446215797 195.2204571357862 0.0
70.53174716565182 33.80172612409955 0.0
94.42289605021743 78.36434064426598 0.0
163.2307553103137 71.50331638473321 0.0
153.53621114972478 100.45143281525452 0.0
157.00088452972255 101.78047338841536 0.0
2.546484438713925 72.05490177585605 0.0
135.48563145605655 98.02002763966857 0.0
49.86492588545115 141.06537675498637 0.0
57.949492116427216 47.54857251601929 0.0
71.73064194715381 44.447292142479775 0.0
177.4883021646645 69.70323730924504 0.0
158.326723205024 95.13417322610447 0.0
4.389770897356882 159.14451700665958 0.0
129.9397280331688 34.51319191144642 0.0
65.06533215316885 126.75608268831611 0.0
122.50942616263656 110.05111974189958 0.0
62.63854936248803 155.20317477544754 0.0
38.20487893658593 47.96513749000759 0.0
132.18928173435336 12.197614693932547 0.0
184.20179441312342 182.4436837940227 0.0
101.81702828934208 171.74413863146526 0.0
81.62535627711385 75.77402285670838 0.0
20.100746946289227 82.1192159138159 0.0
116.66167647601738 117.83477815010488 0.0
91.19669452172397 189.0602111389292 0.0
27.130082810280864 28.763246834859558 0.0
170.7297261072958 73.61917694814264 0.0
170.3475737220625 105.20886926510092 0.0
118.79769046379116 196.3622029989026 0.0
101.90576548246557 48.43579739109805 0.0
180.82254623042633 53.07180129002522 0.0
10.01979903859902 91.63906721070533 0.0
172.64587607631344 41.836350004363055 0.0
196.39767586513997 104.19044259753878 0.0
183.18062221965616 17.387198138644777 0.0
72.11753308458428 192.1315340268785 0.0
176.0948209070431 165.77057986068252 0.0
45.78953132253349 37.08340427710404 0.0
71.41725694989822 70.91806335496412 0.0
21.318001324800882 19.843414034127992 0.0
18.618991254262383 64.40584898770678 0.0
193.86856040388244 60.291613935075986 0.0
34.63876856406867 150.6696779894331 0.0
35.18405240227391 71.83055297512495 0.0
173.4843923471692 182.16886851234355 0.0
193.18210193715817 176.43395530866428 0.0
118.45620524339189 122.4693724375513 0.0
95.80631186461707 155.48125571790098 0.0
143.7028844485686 179.942396354478 0.0
145.39194499507647 21.906594627750998 0.0
178.73383096615484 120.75173184629942 0.0
117.34628866087702 90.79232405723079 0.0
27.67644617457583 177.02937736222216 0.0
135.7326981155201 98.38878950755965 0.0
44.48073042795144 54.615756554633535 0.0
188.38655329029922 173.64361689586548 0.0
145.93763522923715 14.467211217329456 0.0
165.48036663497092 1.675293957687618 0.0
156.2916853461887 52.810251700938004 0.0
57.994303924824166 135.22744139744736 0.0
120.39247663540675 37.348321288303545 0.0
36.33749655254155 107.99173105673947 0.0
196.7436420096883 70.30369107306905 0.0
44.40459584892922 182.7889115945265 0.0
47.472059952224434 143.8033801479557 0.0
90.64100566867393 27.949073128742064 0.0
79.15399531184575 129.0948129426079 0.0
195.2294000368973 156.83365903943206 0.0
56.59906810995161 98.30331277887471 0.0
161.29906786667507 188.29358159906943 0.0
111.10691525086538 115.92015570605247 0.0
178.0988362465851 89.95902155060583 0.0
195.3754910403044 156.93646745623505 0.0
135.36322939568674 151.60836573756814 0.0
199.1540350128481 109.51485216932713 0.0
30.64074495965634 102.46505738924807 0.0
32.89780186733757 102.31707682152297 0.0
185.14202914594335 134.1228811741722 0.0
11.095653605561374 60.0828768872947 0.0
148.70493013630667 19.901589895037052 0.0
22.605790722489296 35.78135294300671 0.0
170.7623867115336 31.786564647601455 0.0
62.24879153017686 93.63304006267634 0.0
141.7382356243306 147.70750027567047 0.0
116.07138312267267 124.52741487245291 0.0
168.08497807745607 114.76290352069067 0.0
142.10829269194116 163.83690006432113 0.0
34.21678272020876 88.09860917955665 0.0
169.1336096628177 151.3553164979925 0.0
125.87986719653301 0.5001439735239366 0.0
147.80725888300063 24.064970025618027 0.0
142.04159579705777 134.36030663187546 0.0
131.78604949140112 164.66343131716772 0.0
106.16866544703589 165.53491405617962 0.0
40.783047291248465 142.25734438939241 0.0
2.8037959756266995 27.701221789504405 0.0
63.22292475118074 176.35740977599878 0.0
11.639396339504437 106.18503256748598 0.0
93.05505627365469 31.28505678508624 0.0
188.82575813630308 111.82420385373905 0.0
63.45019378564576 105.32801199170156 0.0
154.040419419999 108.28767414334841 0.0
39.52063266595904 117.45844560629249 0.0
81.88432929192582 170.37078787712997 0.0
62.86778304049656 14.154030014779329 0.0
67.45956838652604 36.13924943789897 0.0
2.6752319898718957 119.83868817271484 0.0
138.52245742576878 82.39551366091274 0.0
61.22928012869171 136.6865353928936 0.0
20.39482011297393 0.7931692909134869 0.0
106.16320208256631 163.00885286031283 0.0
24.85545547436199 81.026204424128 0.0
57.385336766851935 44.170769010249764 0.0
130.522680889737 17.87177278859231 0.0
143.5653498218128 95.96064349474898 0.0
49.778102038018936 50.46659281241794 0.0
161.21696845099243 147.56183892944549 0.0
36.07062296664259 15.048652186143352 0.0
118.82957057445627 139.7531332378334 0.0
175.47893909930326 146.4974530816599 0.0
29.165102397385322 183.69052383800724 0.0
127.69974131608173 199.35766801030837 0.0
124.7508267014569 36.59973229754032 0.0
134.1678774352203 75.63252122617912 0.0
14.762511442691405 182.93544468411073 0.0
194.8039234688228 44.48485601783274 0.0
75.90665192918256 123.03958685351233 0.0
29.92348639464435 18.08544086285595 0.0
75.57448095881504 66.05781418686027 0.0
190.13179323749213 8.199476114652082 0.0
62.45450517307714 199.84973846524468 0.0
54.56611895990176 29.70402707168207 0.0
127.95439863068536 67.85504021666726 0.0
66.63760644125998 140.0805166705051 0.0
141.19716999490205 121.35425178567922 0.0
196.46320853088582 8.028033850017003 0.0
191.02052921579883 35.28941806307686 0.0
