2 384
5 366
8 397
9 922
10 218
11 987
12 826
14 252
15 649
17 789
19 572
18 351
21 949
23 182
22 208
28 824
31 862
30 286
35 699
32 147
38 39
36 940
37 504
43 569
47 866
50 254
48 47
55 555
52 14
59 603
58 615
57 490
56 668
63 449
61 428
70 909
66 714
76 681
77 972
72 510
73 110
74 187
75 683
85 321
86 101
80 382
82 918
92 514
95 804
94 416
91 204
90 170
103 26
100 919
101 529
96 534
110 905
111 10
106 580
104 308
105 985
118 263
114 48
113 290
112 285
126 129
125 0
121 861
120 961
137 117
138 19
143 67
132 936
135 593
134 680
152 837
155 741
156 114
158 275
145 197
147 231
148 889
149 412
150 984
151 616
174 346
172 945
167 111
166 302
164 712
186 618
190 568
191 960
178 64
183 594
181 276
197 437
196 280
193 485
195 29
