2 719
3 363
7 399
10 783
11 590
12 804
19 76
20 24
22 670
24 7
26 378
29 691
28 4
30 871
34 34
35 319
33 488
36 859
42 724
43 699
40 124
47 256
49 653
48 537
53 710
52 938
56 721
63 305
62 316
68 55
71 666
65 34
66 451
76 516
78 643
73 659
84 724
86 497
81 515
83 192
82 932
93 176
89 449
88 136
91 902
90 988
102 392
103 475
100 367
101 859
98 639
99 937
96 789
97 933
111 72
108 774
109 37
106 447
104 18
105 465
119 32
118 280
112 174
122 107
121 137
137 421
138 771
141 405
140 277
133 815
132 862
135 59
156 832
157 994
158 817
159 677
146 112
148 329
149 918
169 883
174 232
172 501
163 601
161 832
160 211
166 485
165 776
164 504
186 219
184 951
191 751
188 619
189 485
178 564
177 204
182 779
180 715
181 281
204 908
207 986
203 902
197 377
199 88
193 453
221 437
222 401
216 872
218 661
219 694
208 332
210 465
211 348
239 840
238 956
237 478
236 860
233 907
229 18
228 425
227 795
226 805
224 845
252 236
250 843
251 649
248 582
246 145
247 54
244 502
242 548
243 762
240 998
241 225
275 835
274 773
273 666
279 672
277 240
281 376
280 285
286 37
284 983
256 461
262 233
261 370
266 269
264 218
270 953
271 559
268 266
269 976
305 236
304 214
306 182
308 165
315 93
314 991
317 516
319 296
318 158
288 573
289 292
290 601
291 693
296 268
298 202
299 202
300 247
301 685
302 955
303 414
342 609
341 95
339 472
351 269
350 518
346 724
344 628
327 433
324 75
325 669
323 919
334 40
328 110
329 483
372 5
369 558
368 388
371 171
381 849
380 838
383 897
382 957
377 362
379 20
357 986
358 250
354 56
355 26
364 199
365 895
366 23
367 702
363 605
411 306
403 58
400 861
406 128
404 16
399 660
397 334
396 341
389 800
388 295
440 173
441 77
443 192
447 687
435 122
439 701
425 210
426 712
429 117
428 595
416 642
422 556
476 977
470 499
469 967
466 882
462 698
460 599
458 379
457 408
456 92
451 453
450 697
449 289
448 778
500 962
496 138
498 433
499 31
493 268
492 364
488 965
491 396
490 477
484 160
480 607
