4 353
7 626
8 686
9 340
11 45
15 510
17 116
16 741
19 350
18 985
20 876
23 14
25 873
24 324
26 858
29 527
31 76
30 864
32 361
39 592
37 533
43 416
41 261
50 420
49 187
54 360
53 230
59 618
58 962
57 669
56 881
60 729
70 940
71 35
65 816
66 631
67 987
77 493
78 105
72 198
85 731
84 604
87 916
81 132
83 340
82 463
93 677
92 285
95 253
89 436
91 218
100 759
98 580
99 32
96 535
107 370
105 98
119 64
117 197
127 50
126 867
125 901
120 705
136 106
138 827
141 142
140 384
143 63
131 980
132 140
135 552
134 806
152 548
153 431
154 170
155 427
156 651
148 936
150 132
151 55
171 835
169 155
175 235
174 293
172 288
160 84
166 613
164 969
186 751
184 26
185 932
188 45
178 514
179 556
177 535
180 58
181 745
205 167
201 906
200 943
202 389
197 161
198 806
192 17
220 941
221 661
216 996
217 711
218 884
219 3
213 450
210 441
211 490
239 107
237 352
235 773
234 494
231 414
255 164
251 765
248 789
249 82
246 377
247 688
242 412
243 648
240 374
274 667
273 450
279 755
277 491
282 940
280 777
287 414
284 103
258 299
259 691
256 867
257 221
260 286
261 144
266 620
267 476
264 479
270 117
269 112
307 293
306 172
309 913
308 804
313 80
312 506
288 706
289 522
290 687
295 335
297 261
298 963
299 860
302 931
343 610
341 749
340 262
349 890
348 205
326 569
327 966
323 585
320 760
334 739
335 425
330 834
331 14
328 535
373 582
372 253
374 882
368 669
371 335
370 373
382 326
376 624
357 4
358 157
359 657
353 312
355 178
364 981
365 704
366 138
367 251
361 741
362 660
363 345
410 632
408 828
414 684
412 92
403 193
406 61
407 545
405 412
393 636
392 711
397 63
396 855
389 196
442 8
443 572
444 966
445 465
446 533
447 465
432 615
433 861
434 320
436 429
437 704
439 991
425 751
427 905
429 129
428 8
431 109
417 142
416 884
418 339
421 551
477 731
472 388
468 562
466 821
465 370
463 535
462 379
460 506
459 818
456 522
453 529
452 986
450 495
448 367
508 887
504 456
506 277
507 421
500 39
501 337
502 444
503 909
499 329
493 328
495 701
489 20
488 183
490 143
485 595
486 74
483 285
482 327
550 965
549 661
546 302
547 724
544 744
545 291
558 841
559 271
557 273
552 26
553 91
563 9
560 999
573 22
572 102
570 697
516 79
518 598
519 886
513 435
514 849
515 819
524 12
525 862
526 760
527 639
521 100
523 671
532 231
530 149
541 425
543 191
542 807
539 755
609 241
614 134
612 101
613 337
618 747
619 378
616 672
617 853
623 988
620 776
621 288
627 948
630 848
629 686
628 898
635 270
634 494
632 554
639 592
636 543
577 13
582 699
584 205
585 806
586 738
587 746
590 278
591 820
592 404
594 820
599 684
598 202
602 694
606 95
687 366
682 975
679 531
676 230
675 140
674 813
673 905
700 371
698 158
696 727
694 923
692 384
691 595
689 665
652 682
649 226
648 405
645 524
644 950
647 299
641 177
643 37
670 223
671 75
667 340
657 904
658 656
659 97
751 465
750 878
749 691
739 323
738 408
737 560
743 743
740 600
763 456
760 103
761 93
766 974
764 789
765 594
755 43
752 102
753 821
758 651
756 511
712 592
714 596
719 942
718 574
704 851
706 335
708 175
711 957
730 461
731 485
734 887
735 659
722 724
723 866
726 755
800 354
790 287
786 789
798 353
796 338
795 580
793 505
772 551
768 926
780 238
