2 736
4 26
7 165
10 194
11 495
12 539
14 724
17 192
16 291
19 757
20 267
23 775
22 104
25 799
24 23
27 896
26 824
30 755
34 437
35 860
32 860
37 602
42 104
43 770
40 926
41 287
47 642
50 717
49 158
55 904
52 261
58 721
57 119
56 560
60 909
69 462
64 205
77 898
79 436
72 261
73 582
75 769
86 177
81 127
80 82
92 666
95 590
88 173
90 456
102 795
100 4
101 466
98 38
99 229
96 861
97 805
110 172
108 900
109 990
107 483
104 262
119 527
117 727
115 185
114 653
113 499
127 960
124 95
141 544
140 714
143 34
142 48
128 412
131 344
130 256
133 717
154 933
156 166
157 104
145 417
146 400
148 224
150 697
171 863
170 631
168 434
175 418
162 920
161 599
167 831
165 245
164 649
187 266
185 73
190 271
191 618
189 260
179 757
176 836
177 113
182 524
180 21
206 619
203 812
198 225
193 897
192 516
194 501
223 950
218 680
215 898
210 999
239 291
237 952
233 769
231 807
230 266
227 173
254 436
253 311
251 283
248 198
249 987
247 204
244 284
245 379
243 640
240 70
241 353
273 850
272 708
277 712
276 212
281 313
284 243
258 53
257 665
262 774
263 977
261 843
267 368
264 643
265 39
305 60
306 87
308 789
310 574
312 686
315 52
314 147
316 135
319 341
318 796
288 475
289 340
290 782
291 619
292 296
293 679
295 492
296 224
298 640
300 45
301 456
302 460
341 914
340 942
351 817
350 391
348 469
346 963
345 523
344 343
327 131
324 692
325 283
322 791
323 268
320 518
334 824
333 0
373 207
372 182
374 350
368 702
371 99
381 757
380 525
382 177
356 204
359 911
353 686
355 221
364 41
367 673
361 685
362 177
411 282
409 943
412 401
402 73
403 600
400 935
401 897
406 568
407 404
393 149
392 737
385 62
388 409
441 292
442 634
443 834
444 365
432 222
434 911
436 28
438 402
424 64
426 755
431 154
417 468
419 341
420 248
476 348
472 587
473 942
471 219
468 726
466 479
464 202
465 804
463 26
461 75
460 272
457 329
456 351
452 843
450 142
449 825
448 794
500 935
496 756
499 198
495 191
489 762
488 571
485 260
487 412
482 284
