1 23 94.0
1 29 27.0
1 31 73.0
1 44 31.0
1 49 48.0
1 60 39.0
1 100 94.0
1 121 94.0
1 129 60.0
1 133 81.0
1 146 80.0
1 151 51.0
1 157 66.0
1 158 72.0
1 162 82.0
1 179 14.0
2 96 8.0
2 181 23.0
2 27 11.0
2 67 78.0
2 81 10.0
2 107 21.0
2 175 74.0
3 14 4.0
3 34 75.0
3 42 74.0
3 53 88.0
3 83 15.0
3 95 54.0
3 101 97.0
3 102 63.0
3 138 45.0
3 143 78.0
3 155 39.0
3 168 67.0
3 176 36.0
3 183 79.0
4 7 39.0
4 8 19.0
4 21 64.0
4 22 58.0
4 40 62.0
4 70 94.0
4 128 78.0
4 147 61.0
4 153 42.0
4 165 53.0
4 172 82.0
4 182 58.0
4 191 11.0
5 6 80.0
5 17 37.0
5 56 19.0
5 57 35.0
5 59 4.0
5 77 85.0
5 91 2.0
5 125 63.0
5 142 11.0
5 144 72.0
5 149 29.0
5 52 95.0
5 178 90.0
5 188 52.0
6 5 87.0
6 17 43.0
6 56 67.0
6 57 66.0
6 59 15.0
6 91 63.0
6 119 27.0
6 125 78.0
6 142 43.0
6 144 44.0
6 149 56.0
6 52 77.0
6 160 68.0
6 178 92.0
6 188 91.0
6 199 54.0
7 4 76.0
7 8 16.0
7 21 51.0
7 22 74.0
7 40 71.0
7 70 48.0
7 128 74.0
7 147 9.0
7 153 41.0
7 165 22.0
7 172 91.0
7 182 64.0
7 191 12.0
8 4 56.0
8 7 77.0
8 21 30.0
8 22 92.0
8 40 85.0
8 128 12.0
8 147 37.0
8 153 23.0
8 163 35.0
8 165 17.0
8 172 98.0
8 191 90.0
9 12 82.0
9 30 85.0
9 33 91.0
9 64 92.0
9 81 85.0
9 92 54.0
9 107 24.0
9 167 7.0
9 175 42.0
9 177 95.0
9 180 20.0
10 35 8.0
10 39 17.0
10 43 77.0
10 47 52.0
10 63 10.0
10 73 76.0
10 84 81.0
10 104 50.0
10 117 37.0
10 118 24.0
10 164 81.0
10 173 86.0
11 39 47.0
11 50 47.0
11 51 30.0
11 59 1.0
11 65 73.0
11 89 60.0
11 91 30.0
11 117 50.0
11 119 65.0
11 140 29.0
11 148 86.0
11 181 72.0
11 186 85.0
11 27 59.0
11 137 6.0
11 199 66.0
12 9 3.0
12 21 37.0
12 30 17.0
12 33 90.0
12 45 40.0
12 54 96.0
12 55 68.0
12 64 51.0
12 70 78.0
12 92 31.0
12 167 59.0
12 175 79.0
12 177 15.0
12 197 15.0
13 111 84.0
13 154 38.0
13 170 43.0
13 19 8.0
13 45 24.0
13 55 13.0
13 126 89.0
13 136 23.0
13 156 1.0
13 167 68.0
13 180 63.0
13 197 46.0
14 3 36.0
14 28 1.0
14 34 4.0
14 42 71.0
14 48 63.0
14 53 35.0
14 75 84.0
14 83 61.0
14 85 46.0
14 95 78.0
14 110 18.0
14 132 54.0
14 138 22.0
14 168 56.0
14 183 44.0
14 187 94.0
14 190 34.0
14 192 26.0
15 65 94.0
15 91 74.0
15 119 55.0
15 125 9.0
15 181 74.0
15 27 36.0
15 67 82.0
15 88 24.0
15 106 18.0
15 112 99.0
15 137 13.0
15 171 64.0
15 188 3.0
15 199 55.0
16 34 8.0
16 48 33.0
16 79 93.0
16 85 76.0
16 90 66.0
16 102 89.0
16 155 23.0
17 5 94.0
17 6 66.0
17 51 47.0
17 56 15.0
17 57 87.0
17 59 7.0
17 65 13.0
17 91 17.0
17 104 43.0
17 117 77.0
17 119 48.0
17 125 68.0
17 142 65.0
17 144 28.0
17 149 79.0
17 164 44.0
17 52 4.0
17 188 21.0
17 199 94.0
18 31 35.0
18 36 4.0
18 66 93.0
18 114 23.0
18 139 19.0
18 152 8.0
19 111 12.0
19 154 77.0
19 170 93.0
19 13 25.0
19 55 72.0
19 126 43.0
19 136 54.0
19 156 60.0
19 167 63.0
19 180 61.0
19 197 39.0
20 41 90.0
20 82 87.0
20 131 71.0
20 50 41.0
20 72 3.0
20 76 80.0
20 96 75.0
20 97 82.0
20 148 79.0
20 193 15.0
21 4 41.0
21 7 78.0
21 8 24.0
21 12 38.0
21 22 33.0
21 40 71.0
21 70 53.0
21 88 28.0
21 128 15.0
21 147 95.0
21 153 79.0
21 165 62.0
21 172 86.0
21 177 70.0
21 182 81.0
21 191 80.0
22 4 41.0
22 7 11.0
22 8 79.0
22 21 97.0
22 40 41.0
22 70 80.0
22 128 27.0
22 147 54.0
22 153 15.0
22 163 31.0
22 165 53.0
22 172 30.0
22 191 14.0
23 1 86.0
23 29 71.0
23 31 38.0
23 44 88.0
23 60 82.0
23 121 16.0
23 146 8.0
23 152 65.0
23 157 61.0
23 158 58.0
24 25 1.0
24 26 48.0
24 66 23.0
24 74 89.0
24 129 73.0
24 158 77.0
24 179 73.0
24 194 81.0
24 196 76.0
24 198 54.0
25 24 85.0
25 26 41.0
25 66 7.0
25 152 42.0
25 158 63.0
25 194 36.0
25 196 75.0
25 198 16.0
25 200 44.0
26 24 64.0
26 25 19.0
26 66 83.0
26 114 99.0
26 139 21.0
26 152 89.0
26 158 31.0
26 194 6.0
26 196 95.0
26 198 85.0
26 200 26.0
27 11 20.0
27 65 45.0
27 91 57.0
27 119 32.0
27 181 71.0
27 2 48.0
27 15 75.0
27 67 86.0
27 106 18.0
27 112 96.0
27 137 4.0
27 171 14.0
27 199 12.0
28 100 15.0
28 133 25.0
28 151 54.0
28 162 43.0
28 14 64.0
28 48 72.0
28 75 19.0
28 132 66.0
28 183 56.0
28 190 76.0
28 192 75.0
29 1 11.0
29 23 18.0
29 31 13.0
29 44 29.0
29 60 46.0
29 66 87.0
29 121 50.0
29 146 68.0
29 152 43.0
29 157 92.0
29 158 94.0
29 179 73.0
30 9 98.0
30 12 27.0
30 33 56.0
30 64 34.0
30 70 92.0
30 88 38.0
30 92 59.0
30 107 51.0
30 167 80.0
30 175 66.0
30 177 40.0
31 1 33.0
31 18 15.0
31 23 18.0
31 29 24.0
31 44 47.0
31 60 34.0
31 66 74.0
31 121 18.0
31 146 39.0
31 152 92.0
31 157 76.0
31 158 14.0
32 38 59.0
32 76 68.0
32 97 64.0
32 37 62.0
32 61 12.0
32 134 36.0
33 9 6.0
33 12 80.0
33 30 93.0
33 64 76.0
33 70 54.0
33 88 32.0
33 92 25.0
33 107 92.0
33 167 79.0
33 175 15.0
33 177 82.0
34 3 67.0
34 14 15.0
34 16 59.0
34 48 50.0
34 53 52.0
34 79 44.0
34 83 92.0
34 85 31.0
34 95 71.0
34 101 8.0
34 102 32.0
34 138 90.0
34 143 49.0
34 155 66.0
34 168 94.0
34 183 97.0
35 10 53.0
35 39 13.0
35 43 53.0
35 47 4.0
35 63 60.0
35 104 99.0
35 118 87.0
35 150 72.0
35 173 49.0
36 18 31.0
36 114 40.0
36 139 69.0
36 152 72.0
37 32 5.0
37 58 66.0
37 61 2.0
37 78 1.0
37 80 11.0
37 93 14.0
37 99 76.0
37 116 75.0
37 130 34.0
37 134 79.0
37 161 68.0
37 169 57.0
37 185 11.0
37 195 84.0
37 46 45.0
38 82 84.0
38 32 78.0
38 61 8.0
38 120 38.0
38 130 69.0
38 134 19.0
38 185 35.0
39 10 11.0
39 11 12.0
39 35 25.0
39 43 62.0
39 47 19.0
39 51 7.0
39 84 84.0
39 89 56.0
39 104 29.0
39 117 34.0
39 119 81.0
39 140 98.0
39 164 8.0
39 186 43.0
40 4 34.0
40 7 81.0
40 8 80.0
40 21 33.0
40 22 56.0
40 70 97.0
40 98 3.0
40 128 19.0
40 135 71.0
40 147 47.0
40 153 80.0
40 165 97.0
40 172 7.0
40 182 48.0
41 62 24.0
41 82 75.0
41 105 87.0
41 122 40.0
41 123 36.0
41 131 22.0
41 141 6.0
41 174 12.0
41 20 65.0
41 72 91.0
41 76 32.0
41 97 37.0
41 193 91.0
42 3 29.0
42 14 60.0
42 53 86.0
42 68 56.0
42 83 99.0
42 95 22.0
42 99 39.0
42 110 57.0
42 116 19.0
42 120 7.0
42 130 79.0
42 132 31.0
42 138 49.0
42 168 88.0
42 176 54.0
42 183 17.0
42 185 2.0
42 187 64.0
43 10 51.0
43 35 16.0
43 39 35.0
43 47 78.0
43 63 79.0
43 87 57.0
43 118 80.0
43 124 7.0
43 150 23.0
43 173 81.0
44 1 28.0
44 23 78.0
44 29 88.0
44 31 66.0
44 49 93.0
44 60 97.0
44 100 17.0
44 133 34.0
44 146 58.0
44 151 21.0
44 157 30.0
44 162 86.0
44 179 10.0
45 12 93.0
45 13 98.0
45 54 37.0
45 55 43.0
45 64 77.0
45 92 82.0
45 136 33.0
45 167 69.0
45 197 14.0
46 37 38.0
46 58 76.0
46 78 72.0
46 80 69.0
46 93 32.0
46 145 95.0
46 161 93.0
46 169 27.0
46 81 97.0
46 107 24.0
46 156 77.0
46 180 39.0
47 10 61.0
47 35 3.0
47 39 4.0
47 43 4.0
47 63 31.0
47 118 56.0
47 124 45.0
47 150 64.0
47 173 69.0
47 186 3.0
48 14 30.0
48 16 37.0
48 28 28.0
48 34 41.0
48 75 68.0
48 85 11.0
48 102 58.0
48 155 90.0
48 168 2.0
48 183 33.0
48 190 64.0
48 192 82.0
49 1 40.0
49 44 47.0
49 60 54.0
49 100 5.0
49 113 51.0
49 129 18.0
49 133 21.0
49 146 3.0
49 151 13.0
49 157 78.0
49 162 65.0
49 179 46.0
49 189 60.0
50 131 19.0
50 11 95.0
50 20 97.0
50 72 14.0
50 76 72.0
50 89 67.0
50 96 5.0
50 97 38.0
50 140 2.0
50 148 13.0
50 181 89.0
50 193 58.0
51 11 70.0
51 17 86.0
51 39 4.0
51 59 24.0
51 65 95.0
51 89 9.0
51 91 65.0
51 104 17.0
51 117 23.0
51 119 21.0
51 140 84.0
51 148 33.0
51 149 23.0
51 164 51.0
51 181 74.0
51 186 28.0
51 199 90.0
52 5 15.0
52 6 99.0
52 17 91.0
52 57 8.0
52 91 5.0
52 125 36.0
52 106 52.0
52 112 78.0
52 160 77.0
52 163 82.0
52 171 40.0
52 178 54.0
52 188 76.0
52 191 55.0
52 199 24.0
53 3 29.0
53 14 8.0
53 34 19.0
53 42 4.0
53 68 90.0
53 83 83.0
53 95 69.0
53 101 35.0
53 102 68.0
53 116 83.0
53 138 27.0
53 168 32.0
53 176 46.0
53 183 31.0
54 12 62.0
54 45 62.0
54 64 83.0
54 70 95.0
54 92 27.0
54 98 89.0
54 167 87.0
54 182 93.0
54 197 31.0
55 111 19.0
55 12 83.0
55 13 68.0
55 19 68.0
55 45 31.0
55 64 35.0
55 92 43.0
55 126 73.0
55 136 96.0
55 156 63.0
55 167 78.0
55 180 23.0
55 197 95.0
56 5 50.0
56 6 62.0
56 17 43.0
56 57 22.0
56 59 80.0
56 77 55.0
56 84 75.0
56 104 9.0
56 142 46.0
56 144 33.0
56 149 99.0
56 164 58.0
57 5 9.0
57 6 59.0
57 17 74.0
57 56 65.0
57 59 73.0
57 91 91.0
57 125 22.0
57 142 7.0
57 144 31.0
57 149 30.0
57 52 18.0
57 160 54.0
57 178 72.0
57 188 96.0
58 37 91.0
58 78 97.0
58 80 84.0
58 93 72.0
58 99 80.0
58 116 13.0
58 145 15.0
58 154 44.0
58 161 52.0
58 169 77.0
58 195 73.0
58 46 30.0
58 156 21.0
58 180 61.0
59 5 51.0
59 6 20.0
59 11 98.0
59 17 38.0
59 51 1.0
59 56 40.0
59 57 15.0
59 65 33.0
59 91 51.0
59 104 88.0
59 117 58.0
59 119 23.0
59 125 7.0
59 142 91.0
59 144 10.0
59 149 89.0
59 164 7.0
59 137 54.0
59 188 59.0
59 199 27.0
60 1 95.0
60 23 21.0
60 29 93.0
60 31 19.0
60 44 17.0
60 49 34.0
60 100 13.0
60 121 70.0
60 133 88.0
60 146 12.0
60 151 16.0
60 157 34.0
60 162 1.0
61 38 36.0
61 32 44.0
61 37 7.0
61 93 51.0
61 130 97.0
61 134 23.0
61 161 13.0
61 185 79.0
62 41 31.0
62 82 41.0
62 105 1.0
62 122 70.0
62 123 72.0
62 141 79.0
62 174 72.0
62 196 44.0
62 193 66.0
63 10 27.0
63 35 79.0
63 43 74.0
63 47 55.0
63 87 81.0
63 103 51.0
63 118 96.0
63 124 54.0
63 150 59.0
63 173 60.0
64 9 38.0
64 12 79.0
64 30 13.0
64 33 34.0
64 45 16.0
64 54 25.0
64 55 12.0
64 70 86.0
64 92 2.0
64 107 87.0
64 167 70.0
64 175 66.0
64 177 11.0
64 197 49.0
65 11 7.0
65 17 37.0
65 51 99.0
65 59 59.0
65 89 65.0
65 91 27.0
65 117 42.0
65 119 51.0
65 140 82.0
65 148 88.0
65 164 81.0
65 181 2.0
65 186 97.0
65 15 61.0
65 27 31.0
65 137 74.0
65 199 26.0
66 18 44.0
66 24 65.0
66 25 75.0
66 26 34.0
66 29 92.0
66 31 88.0
66 114 64.0
66 121 14.0
66 139 63.0
66 152 66.0
66 157 52.0
66 158 46.0
66 194 53.0
66 198 40.0
67 96 94.0
67 181 22.0
67 2 51.0
67 15 75.0
67 27 2.0
67 81 92.0
67 137 29.0
67 199 9.0
68 42 41.0
68 53 4.0
68 83 91.0
68 95 93.0
68 99 72.0
68 110 57.0
68 116 87.0
68 120 1.0
68 130 73.0
68 132 67.0
68 176 34.0
68 185 35.0
68 187 14.0
69 71 59.0
69 166 31.0
69 194 3.0
69 196 35.0
69 200 66.0
70 4 71.0
70 7 73.0
70 12 37.0
70 21 7.0
70 22 14.0
70 30 79.0
70 33 18.0
70 40 7.0
70 54 69.0
70 64 78.0
70 92 38.0
70 128 75.0
70 147 98.0
70 153 36.0
70 165 60.0
70 172 43.0
70 177 20.0
70 182 61.0
71 69 10.0
71 166 1.0
71 196 47.0
71 200 73.0
72 41 22.0
72 131 88.0
72 20 49.0
72 50 50.0
72 76 19.0
72 89 40.0
72 97 68.0
72 140 70.0
72 148 9.0
72 193 83.0
73 10 96.0
73 103 42.0
73 108 39.0
74 24 49.0
74 82 74.0
74 129 55.0
74 179 62.0
74 189 93.0
75 14 36.0
75 28 17.0
75 48 45.0
75 85 42.0
75 132 10.0
75 183 51.0
75 190 33.0
75 192 32.0
76 41 18.0
76 82 94.0
76 131 31.0
76 20 75.0
76 50 58.0
76 72 16.0
76 96 92.0
76 97 12.0
76 148 42.0
76 193 86.0
76 32 89.0
76 134 47.0
77 5 45.0
77 56 6.0
77 84 65.0
77 104 94.0
77 142 1.0
77 144 72.0
77 149 69.0
77 164 1.0
78 37 81.0
78 58 33.0
78 80 86.0
78 93 93.0
78 99 48.0
78 101 75.0
78 116 13.0
78 145 92.0
78 161 32.0
78 169 1.0
78 176 4.0
78 195 11.0
78 46 82.0
79 16 63.0
79 34 16.0
79 90 50.0
79 102 85.0
79 143 29.0
79 155 88.0
79 184 62.0
80 37 45.0
80 58 62.0
80 78 81.0
80 93 29.0
80 99 73.0
80 101 12.0
80 116 29.0
80 145 94.0
80 154 81.0
80 161 65.0
80 169 51.0
80 176 49.0
80 195 58.0
80 46 64.0
80 156 7.0
81 2 98.0
81 9 18.0
81 46 98.0
81 67 42.0
81 107 72.0
81 175 89.0
82 38 51.0
82 41 93.0
82 62 90.0
82 74 31.0
82 122 38.0
82 131 8.0
82 174 42.0
82 20 6.0
82 76 10.0
82 97 11.0
82 193 82.0
83 3 44.0
83 14 19.0
83 34 20.0
83 42 6.0
83 53 13.0
83 68 3.0
83 95 37.0
83 110 2.0
83 116 50.0
83 130 74.0
83 132 33.0
83 138 86.0
83 168 83.0
83 176 62.0
83 183 74.0
83 185 11.0
83 187 52.0
83 190 86.0
84 10 69.0
84 39 80.0
84 56 52.0
84 77 22.0
84 104 78.0
84 117 27.0
84 142 92.0
84 144 46.0
84 149 47.0
84 164 82.0
85 14 5.0
85 16 36.0
85 34 32.0
85 48 68.0
85 75 75.0
85 102 47.0
85 155 41.0
85 168 83.0
85 183 73.0
85 190 41.0
86 101 28.0
86 109 63.0
86 115 32.0
86 159 69.0
87 43 35.0
87 63 78.0
87 94 6.0
87 118 98.0
87 124 66.0
87 127 86.0
87 150 72.0
87 173 23.0
88 15 17.0
88 21 92.0
88 30 51.0
88 33 37.0
88 106 87.0
88 107 33.0
88 112 23.0
88 171 49.0
88 175 27.0
88 177 1.0
89 11 97.0
89 39 80.0
89 50 13.0
89 51 34.0
89 65 48.0
89 72 14.0
89 117 48.0
89 119 97.0
89 140 40.0
89 148 9.0
89 181 56.0
89 186 65.0
90 16 98.0
90 79 35.0
90 102 16.0
90 143 66.0
90 155 67.0
90 184 28.0
91 5 8.0
91 6 16.0
91 11 39.0
91 17 29.0
91 51 67.0
91 57 18.0
91 59 13.0
91 65 10.0
91 117 35.0
91 119 7.0
91 125 47.0
91 142 59.0
91 144 69.0
91 149 27.0
91 164 71.0
91 15 41.0
91 27 34.0
91 52 94.0
91 137 93.0
91 188 35.0
91 199 2.0
92 9 77.0
92 12 21.0
92 30 98.0
92 33 33.0
92 45 82.0
92 54 22.0
92 55 90.0
92 64 66.0
92 70 84.0
92 136 69.0
92 167 36.0
92 177 23.0
92 197 20.0
93 37 20.0
93 58 36.0
93 61 61.0
93 78 77.0
93 80 23.0
93 99 42.0
93 134 70.0
93 145 89.0
93 161 29.0
93 169 65.0
93 195 37.0
93 46 37.0
94 141 58.0
94 87 8.0
94 124 51.0
94 127 84.0
94 150 35.0
95 3 60.0
95 14 29.0
95 34 33.0
95 42 29.0
95 53 31.0
95 68 89.0
95 83 42.0
95 99 51.0
95 101 35.0
95 110 27.0
95 116 10.0
95 130 47.0
95 132 14.0
95 138 97.0
95 168 80.0
95 176 70.0
95 183 90.0
95 185 23.0
95 187 4.0
95 190 19.0
96 20 56.0
96 50 56.0
96 76 45.0
96 97 55.0
96 148 93.0
96 181 60.0
96 134 5.0
96 2 26.0
96 67 48.0
97 41 83.0
97 82 91.0
97 131 88.0
97 20 90.0
97 50 63.0
97 72 79.0
97 76 77.0
97 96 95.0
97 148 70.0
97 193 23.0
97 32 20.0
97 134 19.0
98 40 31.0
98 54 34.0
98 135 80.0
98 182 54.0
99 37 83.0
99 42 81.0
99 58 49.0
99 68 81.0
99 78 10.0
99 80 73.0
99 93 98.0
99 95 52.0
99 101 70.0
99 116 69.0
99 130 59.0
99 145 91.0
99 161 91.0
99 169 85.0
99 176 99.0
99 185 14.0
99 195 19.0
100 1 20.0
100 44 86.0
100 49 13.0
100 60 5.0
100 113 67.0
100 129 9.0
100 133 19.0
100 146 45.0
100 151 68.0
100 157 69.0
100 162 37.0
100 179 72.0
100 189 58.0
100 28 26.0
100 132 77.0
101 3 15.0
101 34 94.0
101 53 45.0
101 78 86.0
101 80 85.0
101 86 57.0
101 95 61.0
101 99 83.0
101 109 34.0
101 115 19.0
101 116 59.0
101 138 35.0
101 145 91.0
101 168 33.0
101 176 6.0
101 195 79.0
102 3 49.0
102 16 79.0
102 34 20.0
102 48 69.0
102 53 6.0
102 79 57.0
102 85 45.0
102 90 59.0
102 138 48.0
102 143 37.0
102 155 12.0
102 168 53.0
103 63 1.0
103 73 18.0
103 108 74.0
104 10 80.0
104 17 56.0
104 35 72.0
104 39 47.0
104 51 57.0
104 56 20.0
104 59 1.0
104 77 70.0
104 84 64.0
104 117 63.0
104 119 67.0
104 142 26.0
104 144 58.0
104 149 26.0
104 164 27.0
104 186 43.0
105 41 5.0
105 62 29.0
105 122 95.0
105 123 17.0
105 141 40.0
105 166 84.0
105 174 4.0
105 196 63.0
105 200 20.0
106 125 47.0
106 15 64.0
106 27 98.0
106 52 40.0
106 88 36.0
106 112 28.0
106 137 30.0
106 160 7.0
106 163 73.0
106 171 73.0
106 178 23.0
106 188 11.0
106 191 14.0
106 199 24.0
107 2 41.0
107 9 98.0
107 30 48.0
107 33 88.0
107 46 72.0
107 64 16.0
107 81 6.0
107 88 33.0
107 175 76.0
107 177 20.0
108 73 59.0
108 103 51.0
109 86 38.0
109 101 66.0
109 115 61.0
109 143 76.0
109 159 96.0
110 113 93.0
110 14 29.0
110 42 63.0
110 68 33.0
110 83 53.0
110 95 15.0
110 120 54.0
110 130 22.0
110 132 48.0
110 183 29.0
110 185 16.0
110 187 30.0
111 154 65.0
111 159 49.0
111 170 54.0
111 13 56.0
111 19 35.0
111 55 53.0
111 126 61.0
111 136 72.0
112 125 65.0
112 15 35.0
112 27 92.0
112 52 55.0
112 88 35.0
112 106 95.0
112 137 44.0
112 160 98.0
112 163 79.0
112 171 22.0
112 188 98.0
112 191 58.0
112 199 30.0
113 49 18.0
113 100 38.0
113 129 95.0
113 133 28.0
113 151 55.0
113 162 12.0
113 179 32.0
113 189 69.0
113 110 5.0
113 120 51.0
113 132 54.0
113 187 87.0
114 18 58.0
114 26 76.0
114 36 99.0
114 66 47.0
114 139 46.0
114 152 1.0
114 194 1.0
114 198 72.0
115 86 95.0
115 101 27.0
115 109 60.0
115 145 78.0
115 154 82.0
115 159 77.0
116 37 18.0
116 42 73.0
116 53 99.0
116 58 10.0
116 68 97.0
116 78 27.0
116 80 13.0
116 83 30.0
116 95 96.0
116 99 94.0
116 101 54.0
116 130 86.0
116 145 55.0
116 161 51.0
116 176 47.0
116 185 63.0
116 195 66.0
117 10 68.0
117 11 32.0
117 17 11.0
117 39 26.0
117 51 38.0
117 59 48.0
117 65 19.0
117 84 98.0
117 89 44.0
117 91 50.0
117 104 73.0
117 119 70.0
117 140 54.0
117 142 11.0
117 149 71.0
117 164 90.0
117 186 88.0
118 10 93.0
118 35 63.0
118 43 69.0
118 47 50.0
118 63 55.0
118 87 85.0
118 124 58.0
118 150 28.0
118 173 99.0
119 6 83.0
119 11 80.0
119 17 69.0
119 39 38.0
119 51 93.0
119 59 9.0
119 65 27.0
119 89 35.0
119 91 18.0
119 104 44.0
119 117 67.0
119 125 16.0
119 140 96.0
119 142 69.0
119 149 91.0
119 164 77.0
119 181 44.0
119 186 59.0
119 15 33.0
119 27 2.0
119 137 4.0
119 199 84.0
120 38 31.0
120 113 99.0
120 189 34.0
120 42 40.0
120 68 70.0
120 110 14.0
120 130 54.0
120 132 16.0
120 185 18.0
120 187 21.0
121 1 95.0
121 23 97.0
121 29 91.0
121 31 91.0
121 60 94.0
121 66 7.0
121 129 37.0
121 146 61.0
121 152 27.0
121 157 32.0
121 158 13.0
121 179 38.0
121 198 1.0
122 41 90.0
122 62 6.0
122 82 22.0
122 105 13.0
122 123 18.0
122 131 59.0
122 141 19.0
122 174 66.0
122 193 66.0
123 41 4.0
123 62 76.0
123 105 67.0
123 122 11.0
123 141 36.0
123 174 7.0
123 196 98.0
123 193 52.0
124 43 61.0
124 47 50.0
124 63 3.0
124 87 31.0
124 94 98.0
124 118 76.0
124 127 97.0
124 150 2.0
124 173 78.0
125 5 5.0
125 6 87.0
125 17 77.0
125 57 41.0
125 59 69.0
125 91 9.0
125 119 58.0
125 15 70.0
125 52 76.0
125 106 23.0
125 112 90.0
125 137 90.0
125 160 95.0
125 178 60.0
125 188 44.0
125 199 79.0
126 111 31.0
126 154 38.0
126 170 68.0
126 13 64.0
126 19 36.0
126 55 49.0
126 136 41.0
126 156 85.0
126 180 20.0
126 197 93.0
127 87 91.0
127 94 38.0
127 124 58.0
127 150 22.0
128 4 15.0
128 7 11.0
128 8 62.0
128 21 49.0
128 22 37.0
128 40 21.0
128 70 76.0
128 147 64.0
128 153 51.0
128 163 93.0
128 165 91.0
128 172 21.0
128 191 55.0
129 1 54.0
129 24 1.0
129 49 1.0
129 74 43.0
129 100 84.0
129 113 28.0
129 121 45.0
129 133 63.0
129 157 55.0
129 158 54.0
129 162 63.0
129 179 40.0
129 189 94.0
130 38 76.0
130 37 13.0
130 42 68.0
130 61 89.0
130 68 75.0
130 83 92.0
130 95 27.0
130 99 80.0
130 110 53.0
130 116 62.0
130 120 28.0
130 161 48.0
130 176 21.0
130 185 65.0
130 187 24.0
131 41 64.0
131 82 99.0
131 122 17.0
131 20 10.0
131 50 37.0
131 72 15.0
131 76 60.0
131 97 6.0
131 193 15.0
132 100 32.0
132 113 24.0
132 151 7.0
132 162 38.0
132 14 53.0
132 28 26.0
132 42 80.0
132 68 34.0
132 75 30.0
132 83 34.0
132 95 26.0
132 110 74.0
132 120 34.0
132 183 94.0
132 187 92.0
132 190 43.0
132 192 73.0
133 1 10.0
133 44 39.0
133 49 99.0
133 60 55.0
133 100 63.0
133 113 23.0
133 129 39.0
133 146 75.0
133 151 68.0
133 157 94.0
133 162 95.0
133 179 46.0
133 189 31.0
133 28 9.0
134 38 74.0
134 76 61.0
134 96 90.0
134 97 3.0
134 32 35.0
134 37 84.0
134 61 65.0
134 93 9.0
134 161 94.0
135 40 15.0
135 98 51.0
135 182 41.0
136 111 69.0
136 170 25.0
136 13 46.0
136 19 76.0
136 45 18.0
136 55 67.0
136 92 57.0
136 126 72.0
136 156 18.0
136 167 59.0
136 180 98.0
136 197 29.0
137 11 44.0
137 59 14.0
137 65 92.0
137 91 39.0
137 119 90.0
137 125 60.0
137 181 8.0
137 15 17.0
137 27 40.0
137 67 85.0
137 106 8.0
137 112 90.0
137 171 57.0
137 188 89.0
137 199 96.0
138 3 31.0
138 14 26.0
138 34 87.0
138 42 10.0
138 53 62.0
138 83 59.0
138 95 76.0
138 101 99.0
138 102 9.0
138 143 61.0
138 155 26.0
138 168 34.0
138 176 4.0
138 183 12.0
139 18 83.0
139 26 54.0
139 36 21.0
139 66 15.0
139 114 39.0
139 152 95.0
139 194 28.0
139 198 49.0
140 11 38.0
140 39 6.0
140 50 50.0
140 51 51.0
140 65 26.0
140 72 70.0
140 89 28.0
140 117 20.0
140 119 74.0
140 148 92.0
140 164 98.0
140 181 84.0
140 186 45.0
141 41 46.0
141 62 85.0
141 105 11.0
141 122 20.0
141 123 66.0
141 174 76.0
141 94 71.0
141 193 14.0
142 5 33.0
142 6 71.0
142 17 86.0
142 56 33.0
142 57 40.0
142 59 71.0
142 77 46.0
142 84 29.0
142 91 37.0
142 104 98.0
142 117 53.0
142 119 62.0
142 144 94.0
142 149 87.0
142 164 21.0
143 3 1.0
143 34 27.0
143 79 87.0
143 90 83.0
143 102 93.0
143 109 76.0
143 138 7.0
143 155 4.0
143 168 65.0
143 184 62.0
144 5 68.0
144 6 70.0
144 17 90.0
144 56 66.0
144 57 28.0
144 59 15.0
144 77 17.0
144 84 43.0
144 91 90.0
144 104 1.0
144 142 66.0
144 149 97.0
144 164 59.0
145 58 84.0
145 78 77.0
145 80 12.0
145 93 58.0
145 99 45.0
145 101 25.0
145 115 64.0
145 116 82.0
145 154 78.0
145 161 82.0
145 169 19.0
145 176 87.0
145 195 23.0
145 46 66.0
145 156 41.0
146 1 30.0
146 23 90.0
146 29 74.0
146 31 23.0
146 44 55.0
146 49 88.0
146 60 45.0
146 100 4.0
146 121 13.0
146 133 74.0
146 151 18.0
146 157 97.0
146 162 90.0
146 179 45.0
147 4 24.0
147 7 31.0
147 8 13.0
147 21 26.0
147 22 70.0
147 40 60.0
147 70 30.0
147 128 68.0
147 153 58.0
147 165 9.0
147 172 18.0
147 182 33.0
147 191 87.0
148 11 43.0
148 20 36.0
148 50 19.0
148 51 17.0
148 65 89.0
148 72 67.0
148 76 43.0
148 89 44.0
148 96 76.0
148 97 40.0
148 140 67.0
148 181 10.0
148 186 68.0
149 5 38.0
149 6 31.0
149 17 92.0
149 51 56.0
149 56 80.0
149 57 45.0
149 59 81.0
149 77 63.0
149 84 76.0
149 91 59.0
149 104 91.0
149 117 2.0
149 119 25.0
149 142 27.0
149 144 1.0
149 164 42.0
150 35 74.0
150 43 62.0
150 47 85.0
150 63 46.0
150 87 12.0
150 94 78.0
150 118 42.0
150 124 12.0
150 127 32.0
150 173 99.0
151 1 7.0
151 44 5.0
151 49 47.0
151 60 32.0
151 100 51.0
151 113 57.0
151 133 58.0
151 146 62.0
151 162 39.0
151 28 7.0
151 132 33.0
151 192 94.0
152 18 26.0
152 23 20.0
152 25 4.0
152 26 14.0
152 29 58.0
152 31 95.0
152 36 30.0
152 66 70.0
152 114 70.0
152 121 35.0
152 139 30.0
152 157 24.0
152 158 38.0
152 194 40.0
152 198 63.0
153 4 69.0
153 7 95.0
153 8 69.0
153 21 45.0
153 22 7.0
153 40 98.0
153 70 91.0
153 128 35.0
153 147 36.0
153 165 71.0
153 172 28.0
153 182 78.0
153 191 68.0
154 58 23.0
154 80 93.0
154 111 5.0
154 115 8.0
154 145 60.0
154 159 32.0
154 170 70.0
154 13 50.0
154 19 68.0
154 126 26.0
154 156 35.0
154 180 8.0
155 3 84.0
155 16 76.0
155 34 80.0
155 48 1.0
155 79 58.0
155 85 40.0
155 90 35.0
155 102 96.0
155 138 9.0
155 143 21.0
155 168 72.0
156 58 14.0
156 80 28.0
156 145 22.0
156 154 33.0
156 13 75.0
156 19 31.0
156 46 73.0
156 55 99.0
156 126 27.0
156 136 53.0
156 180 70.0
156 197 66.0
157 1 1.0
157 23 26.0
157 29 68.0
157 31 17.0
157 44 64.0
157 49 88.0
157 60 8.0
157 66 73.0
157 100 39.0
157 121 84.0
157 129 60.0
157 133 91.0
157 146 58.0
157 152 1.0
157 158 33.0
157 162 19.0
157 179 88.0
158 1 26.0
158 23 62.0
158 24 72.0
158 25 95.0
158 26 70.0
158 29 1.0
158 31 96.0
158 66 46.0
158 121 93.0
158 129 19.0
158 152 68.0
158 157 67.0
158 179 81.0
158 194 80.0
158 198 73.0
159 86 94.0
159 109 62.0
159 111 96.0
159 115 18.0
159 154 21.0
159 170 56.0
160 6 25.0
160 57 91.0
160 125 21.0
160 52 98.0
160 106 2.0
160 112 66.0
160 163 39.0
160 171 72.0
160 178 67.0
160 188 30.0
160 191 16.0
161 37 71.0
161 58 96.0
161 61 81.0
161 78 96.0
161 80 81.0
161 93 6.0
161 99 87.0
161 116 13.0
161 130 99.0
161 134 53.0
161 145 70.0
161 169 72.0
161 185 27.0
161 195 56.0
161 46 49.0
162 1 46.0
162 44 78.0
162 49 55.0
162 60 69.0
162 100 12.0
162 113 9.0
162 129 89.0
162 133 44.0
162 146 49.0
162 151 27.0
162 157 72.0
162 179 47.0
162 189 74.0
162 28 64.0
162 132 69.0
162 192 4.0
163 8 35.0
163 22 41.0
163 52 31.0
163 106 13.0
163 112 3.0
163 128 46.0
163 160 53.0
163 165 83.0
163 171 7.0
163 172 58.0
163 178 70.0
163 188 34.0
163 191 6.0
164 10 24.0
164 17 50.0
164 39 3.0
164 51 2.0
164 56 57.0
164 59 69.0
164 65 10.0
164 77 40.0
164 84 45.0
164 91 24.0
164 104 16.0
164 117 74.0
164 119 44.0
164 140 62.0
164 142 36.0
164 144 23.0
164 149 24.0
164 186 80.0
165 4 30.0
165 7 55.0
165 8 13.0
165 21 88.0
165 22 87.0
165 40 35.0
165 70 44.0
165 128 98.0
165 147 11.0
165 153 52.0
165 163 73.0
165 172 53.0
165 191 73.0
166 69 64.0
166 71 97.0
166 105 88.0
166 196 62.0
166 200 80.0
167 9 85.0
167 12 76.0
167 13 56.0
167 19 24.0
167 30 97.0
167 33 72.0
167 45 62.0
167 54 32.0
167 55 43.0
167 64 68.0
167 92 44.0
167 136 37.0
167 177 30.0
167 180 29.0
167 197 94.0
168 3 29.0
168 14 91.0
168 34 59.0
168 42 86.0
168 48 68.0
168 53 40.0
168 83 58.0
168 85 98.0
168 95 13.0
168 101 84.0
168 102 67.0
168 138 39.0
168 143 52.0
168 155 63.0
168 176 47.0
168 183 43.0
168 190 73.0
169 37 1.0
169 58 84.0
169 78 75.0
169 80 34.0
169 93 44.0
169 99 33.0
169 145 83.0
169 161 7.0
169 195 81.0
169 46 8.0
170 111 63.0
170 154 50.0
170 159 14.0
170 13 15.0
170 19 62.0
170 126 69.0
170 136 71.0
171 15 65.0
171 27 35.0
171 52 83.0
171 88 9.0
171 106 55.0
171 112 64.0
171 137 67.0
171 160 44.0
171 163 89.0
171 188 13.0
171 191 84.0
171 199 51.0
172 4 56.0
172 7 33.0
172 8 77.0
172 21 73.0
172 22 51.0
172 40 73.0
172 70 51.0
172 128 39.0
172 147 22.0
172 153 15.0
172 163 19.0
172 165 77.0
172 191 54.0
173 10 63.0
173 35 91.0
173 43 91.0
173 47 32.0
173 63 73.0
173 87 96.0
173 118 25.0
173 124 54.0
173 150 98.0
174 41 31.0
174 62 68.0
174 82 91.0
174 105 18.0
174 122 5.0
174 123 9.0
174 141 57.0
174 193 10.0
175 2 16.0
175 9 54.0
175 12 29.0
175 30 9.0
175 33 51.0
175 64 10.0
175 81 94.0
175 88 12.0
175 107 44.0
175 177 62.0
176 3 51.0
176 42 48.0
176 53 34.0
176 68 8.0
176 78 99.0
176 80 17.0
176 83 26.0
176 95 27.0
176 99 1.0
176 101 72.0
176 116 98.0
176 130 20.0
176 138 20.0
176 145 21.0
176 168 27.0
176 185 59.0
176 195 46.0
177 9 93.0
177 12 51.0
177 21 62.0
177 30 41.0
177 33 21.0
177 64 85.0
177 70 2.0
177 88 13.0
177 92 68.0
177 107 88.0
177 167 74.0
177 175 22.0
178 5 50.0
178 6 84.0
178 57 7.0
178 125 46.0
178 52 77.0
178 106 99.0
178 160 49.0
178 163 47.0
178 188 44.0
178 191 15.0
179 1 16.0
179 24 40.0
179 29 56.0
179 44 31.0
179 49 58.0
179 74 45.0
179 100 69.0
179 113 78.0
179 121 28.0
179 129 93.0
179 133 13.0
179 146 16.0
179 157 62.0
179 158 48.0
179 162 65.0
179 189 3.0
180 58 62.0
180 154 70.0
180 9 3.0
180 13 31.0
180 19 47.0
180 46 85.0
180 55 12.0
180 126 75.0
180 136 79.0
180 156 72.0
180 167 67.0
180 197 7.0
181 11 34.0
181 50 17.0
181 51 90.0
181 65 13.0
181 89 5.0
181 96 57.0
181 119 54.0
181 140 27.0
181 148 42.0
181 186 72.0
181 2 20.0
181 15 24.0
181 27 50.0
181 67 57.0
181 137 59.0
181 199 67.0
182 4 11.0
182 7 49.0
182 21 85.0
182 40 41.0
182 54 65.0
182 70 80.0
182 98 77.0
182 135 91.0
182 147 98.0
182 153 62.0
183 3 74.0
183 14 8.0
183 28 37.0
183 34 98.0
183 42 50.0
183 48 76.0
183 53 32.0
183 75 85.0
183 83 17.0
183 85 70.0
183 95 19.0
183 110 59.0
183 132 23.0
183 138 43.0
183 168 63.0
183 187 94.0
183 190 58.0
183 192 7.0
184 79 73.0
184 90 74.0
184 143 87.0
185 38 31.0
185 37 51.0
185 42 20.0
185 61 46.0
185 68 69.0
185 83 50.0
185 95 67.0
185 99 50.0
185 110 13.0
185 116 94.0
185 120 67.0
185 130 91.0
185 161 49.0
185 176 34.0
185 187 82.0
186 11 39.0
186 39 66.0
186 47 64.0
186 51 51.0
186 65 30.0
186 89 86.0
186 104 30.0
186 117 1.0
186 119 77.0
186 140 28.0
186 148 15.0
186 164 76.0
186 181 11.0
187 113 68.0
187 14 83.0
187 42 99.0
187 68 61.0
187 83 9.0
187 95 86.0
187 110 26.0
187 120 79.0
187 130 1.0
187 132 43.0
187 183 53.0
187 185 5.0
188 5 47.0
188 6 20.0
188 17 75.0
188 57 25.0
188 59 46.0
188 91 10.0
188 125 77.0
188 15 79.0
188 52 13.0
188 106 31.0
188 112 21.0
188 137 25.0
188 160 60.0
188 163 41.0
188 171 42.0
188 178 41.0
188 199 12.0
189 49 37.0
189 74 95.0
189 100 97.0
189 113 69.0
189 129 98.0
189 133 19.0
189 162 1.0
189 179 35.0
189 120 31.0
190 14 18.0
190 28 39.0
190 48 72.0
190 75 52.0
190 83 38.0
190 85 20.0
190 95 57.0
190 132 34.0
190 168 85.0
190 183 20.0
190 192 60.0
191 4 91.0
191 7 69.0
191 8 18.0
191 21 89.0
191 22 74.0
191 52 20.0
191 106 61.0
191 112 88.0
191 128 99.0
191 147 47.0
191 153 18.0
191 160 26.0
191 163 78.0
191 165 16.0
191 171 10.0
191 172 36.0
191 178 87.0
192 151 6.0
192 162 72.0
192 14 43.0
192 28 76.0
192 48 57.0
192 75 87.0
192 132 43.0
192 183 95.0
192 190 1.0
193 41 53.0
193 62 50.0
193 82 48.0
193 122 98.0
193 123 92.0
193 131 26.0
193 141 25.0
193 174 34.0
193 20 92.0
193 50 91.0
193 72 60.0
193 76 32.0
193 97 58.0
194 24 77.0
194 25 33.0
194 26 93.0
194 66 97.0
194 69 42.0
194 114 86.0
194 139 76.0
194 152 16.0
194 158 29.0
194 196 12.0
194 198 85.0
194 200 92.0
195 37 69.0
195 58 89.0
195 78 64.0
195 80 8.0
195 93 25.0
195 99 51.0
195 101 29.0
195 116 57.0
195 145 33.0
195 161 24.0
195 169 23.0
195 176 46.0
196 24 29.0
196 25 31.0
196 26 23.0
196 62 55.0
196 69 49.0
196 71 89.0
196 105 62.0
196 123 20.0
196 166 80.0
196 194 9.0
196 198 16.0
196 200 79.0
197 12 43.0
197 13 23.0
197 19 14.0
197 45 91.0
197 54 41.0
197 55 94.0
197 64 37.0
197 92 62.0
197 126 71.0
197 136 34.0
197 156 98.0
197 167 36.0
197 180 29.0
198 24 25.0
198 25 70.0
198 26 18.0
198 66 87.0
198 114 7.0
198 121 8.0
198 139 15.0
198 152 22.0
198 158 83.0
198 194 70.0
198 196 18.0
198 200 62.0
199 6 25.0
199 11 22.0
199 17 79.0
199 51 62.0
199 59 26.0
199 65 70.0
199 91 25.0
199 119 13.0
199 125 4.0
199 181 4.0
199 15 69.0
199 27 14.0
199 52 15.0
199 67 14.0
199 106 20.0
199 112 82.0
199 137 19.0
199 171 54.0
199 188 24.0
200 25 48.0
200 26 59.0
200 69 14.0
200 71 13.0
200 105 78.0
200 166 75.0
200 194 99.0
200 196 26.0
200 198 50.0
