19.685977234404795 63.36985429098614 0.0
127.98137499112549 116.03269734971533 0.0
33.79817191229395 154.03017741875445 0.0
185.1765523031889 165.29088905710435 0.0
197.1470320458327 82.6465189304357 0.0
187.2922631556619 88.52270343755677 0.0
181.18689915538587 163.27378036629645 0.0
197.53524642370272 147.03868997389574 0.0
135.9866105809476 156.24247552332952 0.0
164.13173844957382 36.560601308137294 0.0
146.7666884870413 77.30998604330088 0.0
145.97260852890753 168.96339823819696 0.0
113.84677309046111 195.0612410067819 0.0
22.902212995734917 129.5988042709744 0.0
157.4254041921584 106.50628728887892 0.0
0.7645422732846852 162.74558449141404 0.0
180.05956502470707 82.58011027349517 0.0
5.8904496805588735 17.614512272966177 0.0
107.40674560513013 183.25778572133436 0.0
104.530166839032 73.46883246571477 0.0
171.7376025850206 156.2559895133654 0.0
179.80552289791248 154.80378512291585 0.0
2.9225443123608974 53.79952322408077 0.0
52.076663039047254 46.16167884501081 0.0
48.04094121686635 28.68953931286875 0.0
38.18837337562948 21.041668278894242 0.0
153.4569798495813 103.91773569215488 0.0
10.881343560758005 110.49629986858207 0.0
12.151423086214464 49.32883854802077 0.0
141.72420174116132 154.3897187661214 0.0
4.293926699266026 44.34126875985302 0.0
89.24217300835376 101.92515105652342 0.0
140.48583741640377 157.49388515988605 0.0
28.488919405870263 157.93213946719175 0.0
154.79870276292976 31.594434718094732 0.0
9.127987987892695 7.536892351004076 0.0
88.67907631594517 127.5031165362245 0.0
76.16097742042251 94.22175163315003 0.0
156.98546340604474 50.09255183215717 0.0
190.75968014574244 174.91277376008046 0.0
93.86857974136957 56.68324621674243 0.0
48.22970992440081 130.61711667525492 0.0
138.9014769776842 31.26137523292649 0.0
5.953608796103782 72.26476760445367 0.0
142.811256695922 197.04364881936615 0.0
106.23157691758713 148.79200281326678 0.0
147.35956315553796 35.46173956846399 0.0
7.258421111458313 138.13668652890502 0.0
25.364237402966737 81.39656159280034 0.0
120.04545042661515 81.6984584662646 0.0
154.5499136271272 72.50061811868538 0.0
189.91662548784345 108.94952718520146 0.0
42.860591400841216 144.7042853189565 0.0
158.2782408775927 191.26475501705363 0.0
123.06255708635551 186.50984256402813 0.0
193.68209754891154 62.67234282319727 0.0
190.91134692651391 91.43476770945578 0.0
90.77210460594125 150.1094653065174 0.0
173.85173126959026 80.97376708706032 0.0
1.524806286148106 66.89979976030511 0.0
86.16502551093814 109.70664622154622 0.0
85.26449802161417 40.55285555235704 0.0
151.67337781681172 9.687098646163662 0.0
142.25398301257303 169.617758218966 0.0
156.55592135521275 83.00517665100632 0.0
30.232285088270004 34.206941985189765 0.0
132.52705993492722 109.42415176827024 0.0
54.091001255790786 120.93809061681932 0.0
64.57244222845353 0.25013783842045 0.0
165.9512068479303 165.42538244586933 0.0
67.63349331681366 0.10078695268871396 0.0
116.22323646131281 64.08397498119096 0.0
183.07668036172603 14.997101593494433 0.0
55.801906238652776 61.894478241078076 0.0
8.479000723998297 128.21027166148988 0.0
105.37008869539928 83.90691680573559 0.0
193.20652858882679 54.55320734762952 0.0
79.85381246640108 145.6465652795302 0.0
7.458088137121832 179.31430659721 0.0
84.39250427356887 151.2167981156118 0.0
123.89155342163136 129.7887576237324 0.0
82.75808264899062 67.77698186898466 0.0
38.645433510584425 135.3705024369414 0.0
179.97718695460458 51.20612510264002 0.0
2.5138941171969575 146.42586175033102 0.0
57.98088860201389 190.14594733070388 0.0
133.22849944656338 2.6775005497374105 0.0
156.42675266981715 134.24977756717 0.0
136.24542475631128 68.5853828142128 0.0
0.4082777770635371 177.34648963772457 0.0
174.13206827538363 86.21904819837415 0.0
142.5871301861034 177.3615134844944 0.0
93.59244392032753 135.37342272923587 0.0
109.35389175180855 12.219808387641296 0.0
44.36589148592094 136.1882202622809 0.0
118.94336481501351 94.58842911452301 0.0
105.67912153539652 81.28863170796805 0.0
174.0007191281768 198.19918598429484 0.0
73.6267564633664 142.47310841349437 0.0
21.915176740195918 84.62468608708305 0.0
56.8009868424453 161.231536780669 0.0
23.308212431800037 161.7638229082532 0.0
177.68618482977436 2.885147430706203 0.0
172.38346236787282 53.92571035190794 0.0
83.77966173003928 30.897200980244644 0.0
172.41601590443142 118.28371442082558 0.0
135.09504299298086 140.91136829082131 0.0
185.4789725535413 3.6041431332418883 0.0
53.65012487859329 183.33242720919856 0.0
47.57543559704796 114.53697587393596 0.0
95.73625982780449 198.77187438296605 0.0
168.66450363104894 118.38876218916774 0.0
39.211751186203905 92.43873049035858 0.0
21.6400968407922 11.180699697925744 0.0
65.75698424918156 181.56366806170658 0.0
65.1417501606204 145.92765500570118 0.0
161.9743538100398 64.20241331680852 0.0
142.14685642847203 18.45673782856654 0.0
163.4113552494052 78.27222074196507 0.0
49.61412999000932 104.71687265657216 0.0
22.03051948716204 46.432912668507555 0.0
84.0183415680831 48.413553740114224 0.0
90.34518884691451 35.43194802506386 0.0
133.43681548197094 8.935841488387798 0.0
184.38543913673712 97.79068039533674 0.0
108.91828277885283 196.92546781022745 0.0
112.85377687054464 9.216820635728817 0.0
186.18522934816616 148.47071814873024 0.0
41.27551993716636 66.88590411485464 0.0
63.290978518599886 118.79051021903892 0.0
97.6441303388905 71.74246488446126 0.0
30.67324043280768 112.4070440930383 0.0
20.007030053926457 82.22925730881146 0.0
97.11603636116601 109.18809930995886 0.0
196.63281318486327 197.36090445895508 0.0
118.45230447511463 194.272832933762 0.0
155.84597727502555 103.81594851380078 0.0
35.40974192375936 154.77791011622637 0.0
25.310715476368983 4.729227223511612 0.0
142.82283734795018 67.31342739612931 0.0
99.4905457455602 37.124313424394906 0.0
184.50423463563703 67.72102730115076 0.0
29.205928274466597 180.4334256876755 0.0
196.38902854880524 68.0793412004006 0.0
78.65726970653529 160.31024513611646 0.0
5.135771512508014 65.90476062710324 0.0
182.9760677898179 159.94869035269656 0.0
130.18836902945844 76.60832577740277 0.0
183.31226991954827 65.37863333090289 0.0
134.37332508331 12.652302137819916 0.0
16.66118564681294 91.71734052204789 0.0
21.42711455151982 31.48293525174697 0.0
194.07869144936524 164.11312402369356 0.0
88.41875938083817 179.19850929176127 0.0
13.62861440629992 160.12570903750745 0.0
106.85300782802099 168.04484003033434 0.0
23.3517355412149 59.54541388616364 0.0
28.30984653415649 43.21303346422371 0.0
74.74093731036646 193.16119383924007 0.0
188.7963808004785 118.04710431602597 0.0
88.65242277471206 133.74538629588608 0.0
20.557357443457125 86.6520795460652 0.0
193.27835540417993 130.53073469685873 0.0
170.9110541889092 59.02571811721564 0.0
187.75135059113438 152.71323905195274 0.0
74.74747566425317 6.220044368946165 0.0
135.14673189541648 178.02195632210797 0.0
30.646100529928045 151.67161248422744 0.0
95.09379248233697 139.1549660396324 0.0
90.1408141751703 199.7221960053102 0.0
168.9024572661846 123.88826154212198 0.0
185.47989529098714 153.48442619153485 0.0
149.05723951537115 13.92235917637401 0.0
93.29926776494484 41.5898130363592 0.0
140.12553867761025 143.03907253053373 0.0
59.94757741018337 146.9892302449809 0.0
149.57277171422757 156.89881394557867 0.0
198.77189875650754 110.85887580079043 0.0
34.672031850015436 64.81652016666413 0.0
110.49322613051977 170.79752462659695 0.0
135.64139424544047 88.11219872776415 0.0
174.87122142409527 184.88362589953692 0.0
25.33714296293588 130.13979591134515 0.0
15.17800213791829 191.79370322538597 0.0
62.27670655746395 119.8560161012489 0.0
146.57102172650875 62.06626031286546 0.0
46.46021263522388 113.79843199693542 0.0
185.27549281664355 106.72826113353251 0.0
46.40502600951206 80.60011185163118 0.0
17.557025558394557 126.88398252775815 0.0
191.0028454544901 137.67576157298484 0.0
5.785520062248151 111.49899539070245 0.0
101.2543237089601 61.47219413486107 0.0
43.4616579409139 20.49464573949229 0.0
74.63144628996199 150.68379927313282 0.0
61.89763407442192 26.401430142526717 0.0
128.76317902961856 186.09139618143888 0.0
38.31410353566418 30.20228354103578 0.0
161.33537768417972 101.19080427550968 0.0
58.43559180299076 15.629751568602689 0.0
