3 580
4 600
5 806
10 705
11 940
12 990
14 632
15 567
17 785
18 406
20 719
23 160
35 11
33 980
38 267
36 723
37 837
42 0
43 584
40 562
41 945
44 497
50 532
55 217
59 473
57 662
56 845
63 289
61 131
68 216
71 326
65 172
66 88
67 739
76 262
72 339
74 394
75 331
85 62
84 34
80 200
83 571
92 453
89 461
88 327
90 465
103 98
101 981
98 790
109 494
106 708
105 3
117 782
116 41
114 849
113 597
112 652
127 971
125 849
124 654
123 445
122 237
121 215
140 415
142 325
129 501
130 812
152 83
153 771
154 744
155 455
156 569
144 685
148 969
149 349
150 290
151 835
171 712
169 777
175 771
174 866
163 109
161 472
160 356
166 760
165 156
187 643
190 726
188 319
189 483
178 74
179 988
176 409
177 677
182 282
183 224
181 878
197 787
199 155
194 887
