158.26258090873935 85.66085039118461 0.0
107.0178985948256 33.21168389696454 0.0
171.5973825265328 80.76232616193579 0.0
161.33802531749726 106.9529211804946 0.0
6.617816718072955 193.97286173308606 0.0
107.63368738874458 95.3373771892629 0.0
93.07771210543035 176.37301779507797 0.0
191.6117968097064 56.36840252286328 0.0
85.10928364037618 53.28045863474522 0.0
16.065860826582146 183.4710380271856 0.0
194.60856433701863 83.97323815858908 0.0
191.00158316770003 77.66543997212372 0.0
120.93835657898279 107.50265501442047 0.0
112.32173480929333 30.283563506393563 0.0
78.3951651189719 29.606560963310358 0.0
173.34892262284282 18.603368326788107 0.0
148.8632560664085 133.27325097415206 0.0
5.06631390658947 34.93886971919431 0.0
94.3054888708557 54.29500692317439 0.0
113.80808841381868 19.13843979356922 0.0
52.21712997363876 53.18947121645468 0.0
139.23279399455367 45.10779333901367 0.0
6.89544463497076 36.15608945907027 0.0
90.764470431584 123.8881835169142 0.0
180.35439996289813 30.273959956036943 0.0
137.28788375774468 28.98441902474296 0.0
118.94040466187793 101.936356711586 0.0
22.73584983785133 124.0512861319124 0.0
65.18154921419045 22.55645833411213 0.0
159.30811134153092 78.71112009577068 0.0
199.12934775085571 131.86769365784323 0.0
110.41284656419951 195.18931394646972 0.0
109.42865089048142 26.681294392593415 0.0
117.02345901915754 36.61851126659865 0.0
11.577809894328372 111.75263099130501 0.0
143.99477564048115 147.2764997560364 0.0
169.31786304564486 89.44704588840835 0.0
26.98450557033287 85.68661430289686 0.0
94.81599645290295 136.1848902871013 0.0
85.97715202648817 153.42382399969762 0.0
4.285155167372823 16.184570080219718 0.0
38.009370062005246 95.63344581870932 0.0
87.90817539436368 116.81146128558429 0.0
189.54712310891384 73.68370713822937 0.0
16.41146672719742 154.87965198931005 0.0
118.06668292171645 166.03733552724637 0.0
151.3597013529129 99.54241250445244 0.0
162.74304320559781 140.34146100654232 0.0
152.21966574783636 84.94655616400044 0.0
35.75083776106736 57.89913499114352 0.0
80.46790776118115 144.61469971971675 0.0
138.53448265013776 21.09986221471596 0.0
89.49340196176605 89.55867831506481 0.0
121.50579305304974 55.05064157589925 0.0
158.77303650724502 173.41626442293125 0.0
60.97886642734465 126.56298789946503 0.0
81.77422108111756 140.44259526255507 0.0
143.75364582834095 46.81549152968809 0.0
49.265580949974044 35.976580996716635 0.0
147.61105430413465 78.42567541012433 0.0
83.19315545220537 174.04174383416898 0.0
85.08424798443185 73.3286874508361 0.0
71.00618343273935 103.03001475145722 0.0
138.22204401528998 104.77475070134264 0.0
26.293019033985153 87.95596606081546 0.0
53.66210376396183 24.921099002773992 0.0
58.81439905381236 136.55814807508352 0.0
90.18313180042277 178.90834380320385 0.0
175.49769498943988 136.56318260194791 0.0
15.006793664157424 36.97517813367717 0.0
53.68254580964027 42.7173578626664 0.0
130.47168651960095 168.07952405781762 0.0
128.8846155169848 54.72947793991909 0.0
79.30321548781245 171.65807119841529 0.0
121.57092157688794 161.0579311178375 0.0
24.554864193389502 108.57048855647837 0.0
90.91674754286436 88.51376241838142 0.0
129.39781180178403 27.938427354549432 0.0
48.240588677923846 193.94089013405298 0.0
72.28747730929422 173.5035826600349 0.0
88.79029135221211 161.77336171921115 0.0
24.63713262797127 171.2932003689407 0.0
107.78003480784595 130.05887226224397 0.0
90.98025484327871 149.79536964529225 0.0
55.054335744289176 57.57668842216705 0.0
65.70488922170563 124.51057482358632 0.0
152.4819185183051 165.96718947927098 0.0
95.7947982354247 90.66003283043607 0.0
149.1587468250301 143.3293477318791 0.0
55.613831371242654 110.99537793224106 0.0
121.72616184262279 79.53149173988005 0.0
137.62141115387763 60.06833765311428 0.0
140.5865504136885 18.519821585563932 0.0
142.00863536572243 191.98315116980686 0.0
117.52564743129297 159.1980833306556 0.0
8.596109776264104 135.56839980126313 0.0
126.22699427962854 113.991051933625 0.0
75.93607099029553 89.06919673244893 0.0
44.39075148992515 42.99332365924891 0.0
175.4130435767871 85.87453902437665 0.0
104.64560532035094 121.6441761850102 0.0
172.238737513794 33.45880134262755 0.0
61.16898627999703 71.158219811905 0.0
150.58856629295988 189.63043641310045 0.0
179.90749793225692 183.48058212752488 0.0
106.72856103172164 33.34487940131403 0.0
142.51598198435727 6.324572277110008 0.0
161.8332302735527 111.752864344036 0.0
17.610098183510935 18.888661974843313 0.0
135.2963028968084 0.8193408195922736 0.0
97.6540802077302 25.13885120383921 0.0
29.68791556950623 3.762229229377656 0.0
25.781630937588986 19.081392617281033 0.0
170.1134161411669 29.724391259243333 0.0
44.074743582189704 135.24005879398285 0.0
13.580410182753688 44.50617391652767 0.0
183.30155688861487 187.59106063331038 0.0
198.08237594265722 165.85000007905737 0.0
183.84111186238215 21.497890797997556 0.0
36.45860068064124 87.68251414998159 0.0
88.49927238440051 55.727391759216125 0.0
176.69183743077588 60.88385547517898 0.0
180.1468478857051 175.41736777674103 0.0
148.1566298240238 132.56772464819062 0.0
50.587221745390075 151.90525883261026 0.0
192.4327990387392 151.5199541953792 0.0
81.78764401535679 11.616223766564282 0.0
137.6501550847525 184.35725963850686 0.0
96.58476922809416 53.74831582405357 0.0
116.93206360231602 55.13218256846333 0.0
193.20151306995322 125.28129900654083 0.0
54.35706023028111 120.5239040314078 0.0
16.389062297600777 101.8747424033159 0.0
45.95924544753773 123.41906752114656 0.0
137.734226907048 94.51021989455883 0.0
48.639811965637826 29.600495211402666 0.0
18.64905901416336 104.27134383651075 0.0
56.46353967191804 145.42596938698713 0.0
11.786072857850716 81.4445219340725 0.0
191.66572887387045 138.79316245198518 0.0
20.099086799019304 10.162335201899463 0.0
66.79655103514308 41.35095627447054 0.0
177.4962241252539 136.10057781439286 0.0
184.7814038190425 96.83140158029325 0.0
41.008094953626404 182.27894296189177 0.0
35.27737929235417 38.540642229647105 0.0
91.62094649652892 156.8045027775916 0.0
118.55754258254116 28.461222795923646 0.0
29.400865379458587 146.43617523077975 0.0
182.2562747772613 71.0822036284422 0.0
18.261918111290456 111.13733533990494 0.0
91.66047032758675 26.987613273640164 0.0
86.70749735450856 147.3229727518863 0.0
170.83303871646797 194.39783666253228 0.0
123.10087122504572 171.29668787245308 0.0
149.70652842956932 1.2725450038422847 0.0
117.49730117353634 89.4119563230982 0.0
31.38650443398725 56.24791356727319 0.0
96.79686400136602 67.7811904411361 0.0
54.2556475397733 43.59483655575873 0.0
175.9534716425077 91.89508550247729 0.0
65.07126051628427 115.54906320267095 0.0
105.20236296079067 15.303914959941679 0.0
42.100329850928084 134.77803216200746 0.0
31.744677724377613 136.55141900094588 0.0
11.437935705548208 150.41346492832014 0.0
114.0544664712428 14.84104792322809 0.0
185.00628619901073 52.99265300308582 0.0
127.94994677724347 137.45329606408768 0.0
15.333267686289599 46.815573932719424 0.0
85.79743947725404 185.72209264853458 0.0
10.060974380783328 2.6389647189232424 0.0
153.6929394488878 11.417083056461475 0.0
178.23617867541805 109.29252970498607 0.0
196.19284961964263 31.667805220488752 0.0
90.786327534859 129.7165996347828 0.0
104.14201006001235 178.10486564522932 0.0
129.18619173960587 185.08452690414043 0.0
68.37358968188273 194.6821346365502 0.0
169.1718578710181 140.08722690247578 0.0
150.53221261517703 168.68322632614797 0.0
100.46031687277616 143.12134815991783 0.0
71.99793197354643 100.70442051899238 0.0
18.78444396707777 87.03652708778928 0.0
92.86553551503603 71.94540573233898 0.0
43.1547780104248 99.2613693527169 0.0
185.15999644460345 150.9281114432809 0.0
109.1110152302435 44.54176126263869 0.0
17.94560706527111 196.80312604968557 0.0
167.82773236535618 29.18922945606188 0.0
166.71277367061222 162.6921961524896 0.0
181.29040448934202 32.651135998548206 0.0
35.40312058314454 180.05424533916855 0.0
145.35931302840672 60.37847101883933 0.0
36.6600144671293 13.851689684066915 0.0
95.3906046666063 11.381252829855871 0.0
14.368246529044537 18.33256430335737 0.0
53.18516559024622 184.52534188057047 0.0
112.27319432859608 94.53332644545863 0.0
159.3876960250639 9.538842093129674 0.0
93.44623129011434 153.14603029329103 0.0
2.0598171784109276 181.86004184523787 0.0
97.58986594014675 20.182800774783093 0.0
0.002672489618338325 104.87310696409422 0.0
186.65253199972452 187.9095274726294 0.0
28.50602929414958 198.74170474470804 0.0
173.94958262562116 109.80971745387865 0.0
85.55242310706224 21.964846306116193 0.0
157.96360208326038 65.87859181262574 0.0
88.10648327404841 69.94325209577232 0.0
89.22365084593109 183.33657333840873 0.0
60.971146316943845 164.2586508591093 0.0
187.13970224595852 187.8902204632915 0.0
34.793969132526236 127.03248477776985 0.0
93.39503021163 81.95800260780297 0.0
105.1584039246934 146.64445314161642 0.0
99.47590672756033 198.81707394116893 0.0
121.29637147586956 84.25561897027313 0.0
18.14452736512613 165.41649206077798 0.0
170.81009691927983 144.99457807343313 0.0
82.13759758313034 21.641298793610673 0.0
5.89269029912356 43.32948525630342 0.0
48.09964540975602 90.1008809156026 0.0
16.888577477384437 29.062668568846227 0.0
59.73666598863932 168.05425874916995 0.0
100.63634416290957 108.54868504740777 0.0
181.40220990918465 21.873835149574795 0.0
193.88822548996188 95.15065545959361 0.0
51.80469991961407 4.488340919238976 0.0
146.20200399229765 153.6139366471103 0.0
27.251170387252376 87.53462722815138 0.0
192.0526070956275 64.95002231798026 0.0
84.81939359273215 102.48720403669354 0.0
148.51224522794007 131.58786785616624 0.0
38.07667898022471 118.82334122274054 0.0
12.699628493359839 66.96368504098551 0.0
81.4404148052956 52.32060400424346 0.0
62.30016673381438 169.38449488671193 0.0
124.00181685935954 192.872916123985 0.0
72.81077420675123 166.91464288848073 0.0
199.61102069675778 168.75011158418184 0.0
56.764369990026296 138.1986400183911 0.0
47.24814905190164 123.01512797803595 0.0
3.0407998589279783 63.54771338581162 0.0
144.18161485387108 167.85199310280044 0.0
48.47241568258263 41.28153521413114 0.0
44.1413694999429 103.84686553811744 0.0
149.30408634954642 16.23059272048357 0.0
23.711546714441578 143.80341253897106 0.0
36.66911396568133 10.46888946062361 0.0
172.37330192187622 164.4628849954994 0.0
38.093874991257984 120.7604691065851 0.0
175.10539536509035 24.53831378701161 0.0
26.14580276133214 152.86763277851222 0.0
131.17651086530157 133.76133142695417 0.0
115.69068139413324 99.78245309842966 0.0
28.739941830460268 135.17914295345264 0.0
172.82694503988063 139.107586355136 0.0
152.06773934227968 71.7282706373436 0.0
121.41613000717986 24.226086599721654 0.0
136.7381449649575 148.15073818538463 0.0
37.23025160031352 74.56435966168206 0.0
7.816452767766413 170.60745197918524 0.0
105.08842514905734 32.166145375895304 0.0
137.04631461365372 148.8825543405825 0.0
80.95658131776355 44.95965993260258 0.0
37.29472496363253 179.86160990283898 0.0
148.8357496109561 161.51404300953124 0.0
75.97079566332208 196.00556340813236 0.0
191.36588349162045 177.74529847787272 0.0
133.8647474392177 58.83146670463295 0.0
103.42381113409165 62.946013853596924 0.0
161.83031641709792 4.9499815984801465 0.0
69.59542681108599 110.67715520186692 0.0
94.96013661606351 10.99880532133195 0.0
99.2538144337366 9.47438441253199 0.0
72.38037302826596 33.85018338313637 0.0
167.07656020006965 8.985300862810863 0.0
180.5173991839276 103.7597403655958 0.0
42.18707162166058 69.06815689952394 0.0
188.6657959760839 100.66293999191151 0.0
105.70626048907602 122.54660550181198 0.0
177.91369002258924 127.61451899792763 0.0
154.35255701110685 156.72915628546704 0.0
177.9577853825258 110.40532625663919 0.0
166.82971962656094 124.46600426321999 0.0
121.06720946550273 198.68007370707616 0.0
70.0935670021121 132.43000780131675 0.0
198.43171463481553 121.41849440402257 0.0
84.19019210473708 122.47270284171998 0.0
61.35642351364168 58.43158259846868 0.0
47.209864046987285 161.32014107503687 0.0
48.2418415911374 29.56355288831638 0.0
26.00242236753061 84.53760851685124 0.0
138.01438075990004 74.57926075275556 0.0
103.65140727923794 2.606166841005364 0.0
31.64929985008451 199.25587254611804 0.0
101.30582370183848 70.11816023187735 0.0
45.65440052947618 196.98668742787498 0.0
139.82003539469662 143.51277620947673 0.0
164.85952873274127 20.243973227361668 0.0
175.75368814665245 108.43688987130074 0.0
46.58333894138143 172.5368673347441 0.0
156.63531612685452 144.73047416129617 0.0
194.22545038296747 19.03932659583314 0.0
31.994713660140395 15.199880743366045 0.0
125.55869398545296 172.8522964873154 0.0
129.52077144297306 13.75638517231399 0.0
149.4725809469871 3.9032506050421745 0.0
159.80303420193573 89.161465852659 0.0
134.6458472170968 38.77529791232923 0.0
148.46678966050936 72.53434875538079 0.0
4.602406589590213 172.29723283288553 0.0
111.11305536200271 79.94132749879657 0.0
25.831600346128127 195.51483066427582 0.0
84.32643808078546 35.80061882029306 0.0
69.13021577840013 159.7028268884987 0.0
5.115312485767198 68.50031843457276 0.0
119.05035349576659 142.36608362449837 0.0
91.50044114583544 66.5413533471318 0.0
182.3136455778242 58.71746950554313 0.0
18.569619654209358 151.6811884712986 0.0
3.279108740128045 70.90907094099445 0.0
107.16756006710173 24.968176980925417 0.0
33.0282093800623 87.33241170915835 0.0
146.4917577610469 72.22055017574505 0.0
118.35757268058029 15.592440750067759 0.0
157.21664638249553 177.41805221691064 0.0
177.94604742351444 35.299020773742804 0.0
168.36994173349893 185.6382451946856 0.0
115.18962660592335 190.6088555974193 0.0
129.03658303875088 81.58374029420744 0.0
180.67414815445161 67.48972533494675 0.0
5.067313648642591 5.410419519473608 0.0
141.98234709967824 16.9680563620493 0.0
121.3204137677938 14.481053194510851 0.0
144.50829817356876 113.159832060835 0.0
101.56675692614957 17.832536281876553 0.0
54.178948457457324 193.67399045230093 0.0
131.03986094301027 159.55919425489222 0.0
161.45898349131 120.01647581479031 0.0
120.71419341279532 107.97859416046636 0.0
195.74173292015234 16.91215333032048 0.0
87.7465133126258 19.360384320965316 0.0
50.2055460271849 102.00093320523067 0.0
83.11670175289566 188.16274273588573 0.0
49.441475220209426 1.1534362174135282 0.0
95.35592104898268 170.1350784000902 0.0
5.634792744991368 159.69059572738254 0.0
138.3516799548249 70.30966867253392 0.0
103.80934085777251 106.08076761737122 0.0
191.57085417895382 124.81901891470176 0.0
32.620321126029154 102.2267921590481 0.0
2.6432460065056507 73.63982336558585 0.0
134.40768562781008 123.24470590967915 0.0
185.0999573639312 120.77829193463722 0.0
86.69884032860602 149.67474300456283 0.0
148.16222312966357 109.07593894657839 0.0
147.07594757371544 26.35432578397929 0.0
180.82810328822697 98.72875914841973 0.0
94.2996876609273 44.72192456573345 0.0
79.10587819376238 31.776913717290146 0.0
80.80786414955475 139.10957513920732 0.0
53.094592687707106 189.23603642272013 0.0
75.18383908718083 152.62101367524312 0.0
79.7137226265092 103.20542300806552 0.0
17.91632560423213 24.481416906569287 0.0
177.23558225364926 73.20227995124552 0.0
39.748641706113474 178.28375772653897 0.0
69.3755547726594 54.135469150643885 0.0
99.14205117614723 49.34596371221851 0.0
179.54686609190344 32.7460476998245 0.0
183.8544909259901 179.43194550603775 0.0
49.988105192074215 90.00611778316785 0.0
191.3623588784791 28.378855763803458 0.0
115.8233696206054 158.88147777742785 0.0
153.829786073475 4.71175342620711 0.0
80.71638189237417 30.027665469870257 0.0
5.556291459593488 1.1161509715087004 0.0
138.6314979777981 32.40302610792081 0.0
4.310275401617947 135.67775144383438 0.0
165.3161380819024 21.446520125784385 0.0
12.682358887894974 46.087979177875326 0.0
163.4706963320957 44.38203334449171 0.0
121.56922407226492 161.5527493847255 0.0
87.1735549679926 120.37501389700303 0.0
155.12508394969882 85.9311713924946 0.0
93.98038651948706 172.6813499905083 0.0
34.994469884475606 165.6697992515842 0.0
77.21850109149464 80.59240167462463 0.0
1.3666873053661766 87.38719190178345 0.0
16.348570344187063 80.89426731700438 0.0
89.36873922950748 152.50257744968135 0.0
49.867557580100595 141.72329320511852 0.0
41.54010902309011 110.09150219354846 0.0
23.078357843949604 56.11403519461293 0.0
0.6094415259081831 94.19035968905287 0.0
192.1530858748053 58.19981220838255 0.0
71.51959713733164 108.06076950316633 0.0
176.26863486182762 151.9401890981735 0.0
167.624170074013 25.4639302170089 0.0
141.19458244634026 60.413654470303115 0.0
63.20519883209275 37.78398186586176 0.0
170.565168457929 153.1279331291597 0.0
62.93818569791736 65.87857406470012 0.0
35.16856874370937 89.46436067283265 0.0
168.65730880010295 76.82390483365273 0.0
105.93832725025156 28.286853468218887 0.0
74.75010366364066 98.2604716097817 0.0
172.93325046085215 96.91003702315548 0.0
155.73756418450697 6.8349789943470185 0.0
30.443764391977357 187.03519569192457 0.0
23.07209153399019 82.2727171546106 0.0
67.46422863623343 50.92673364671268 0.0
22.91237625469693 64.9040085145409 0.0
163.1222238830321 108.01593417243409 0.0
22.61075523547369 32.007198865630485 0.0
128.25750710219842 140.28280768297228 0.0
190.87525858277417 17.11983074108767 0.0
157.19477470992283 154.18096385169952 0.0
15.045001626259591 136.50864969023078 0.0
57.85600280297017 117.53444379581256 0.0
118.64428210541944 58.278253007993364 0.0
13.709691626188313 41.74954277114475 0.0
143.35714573761706 152.13703954150876 0.0
97.65586161265603 172.84864562635954 0.0
41.79088985334614 191.6284958570393 0.0
105.79726471573301 79.24734098043076 0.0
190.873463060984 45.67459601547943 0.0
108.1488115041153 179.85987537049505 0.0
180.45626911278126 192.56737964525712 0.0
23.688749100798812 143.03231212307256 0.0
157.67049528622988 117.08373568987102 0.0
118.75678864482906 4.96668928154671 0.0
14.811616619160173 110.18750715860095 0.0
0.6557443874263269 5.713589840569955 0.0
97.00329049175221 80.82208747080652 0.0
32.41510850375866 21.474523928635314 0.0
75.61845431434553 110.58573731947065 0.0
130.02620775957874 83.86974301198924 0.0
184.4118996030188 34.62093324987639 0.0
20.06042797614793 19.99093481759038 0.0
147.54534169836873 115.83811469058027 0.0
33.43340968628967 121.47257855961202 0.0
42.162329491704 94.63323094662547 0.0
190.17971249572645 156.47953608222485 0.0
32.89714975758478 142.54759307619292 0.0
90.45402572219572 175.42275878236399 0.0
191.67822237796668 125.85756457046912 0.0
168.57653311742274 29.378866856958695 0.0
73.41319928687193 93.87073133426094 0.0
189.79165101407273 119.6035009237935 0.0
156.6194991609215 46.744181906712946 0.0
73.510861346446 27.19246433101974 0.0
77.79048968252746 8.929668408054736 0.0
12.161965266407515 133.85856186131969 0.0
189.2642527311284 36.88944210894931 0.0
21.368658384638238 137.956358664399 0.0
152.58827482989145 23.51559294372152 0.0
105.03581242688216 94.30082777758446 0.0
42.85007077562315 26.724877015872828 0.0
148.01752044727118 61.99028317683422 0.0
184.17024643502066 145.9899534075967 0.0
59.396445196544725 31.3576923291182 0.0
62.53112628337794 98.10712738002674 0.0
181.00458294387437 119.33881051965021 0.0
169.34056503316683 2.289694105166773 0.0
148.6671732935689 71.95950890048304 0.0
117.60720483090248 74.7150278619802 0.0
47.75296454777826 93.30867992952352 0.0
42.32995282978229 153.94273172306808 0.0
39.96567600618979 132.27736453409656 0.0
147.68097854366783 31.16004386291973 0.0
54.91301802295199 1.5085605466708119 0.0
95.78820334574792 42.99994438497481 0.0
37.84122243406649 77.4164179105323 0.0
145.3997330659666 99.71635938112848 0.0
24.02458091596822 35.79753228780569 0.0
143.4392221847663 67.78990721427043 0.0
170.6510435623813 114.4710534398482 0.0
48.43784104361439 3.576835356614727 0.0
18.6465391752751 162.54848604299602 0.0
22.054943463803056 143.40262702284667 0.0
79.73214576152601 35.348083407926765 0.0
63.376186961990236 195.54108851553056 0.0
148.1099251178134 124.63271425595346 0.0
80.404359904156 150.8085384311298 0.0
121.5247279002986 175.76431431337113 0.0
194.13482045254327 131.04197127340308 0.0
183.05078084877255 36.53194581095176 0.0
152.83386360254002 128.51902446949174 0.0
142.80357958231173 6.824621422089638 0.0
197.61508910386308 54.41666247568453 0.0
167.87906368882003 13.984085855092388 0.0
165.13521147568943 110.69463306906219 0.0
39.173579480168776 125.58687598731935 0.0
39.207487657306174 127.32863314336554 0.0
65.33986196750084 129.56888318667555 0.0
170.3573377298392 165.60737617173766 0.0
56.985628063741586 61.019939197678916 0.0
