5 386
6 391
7 623
8 237
9 876
10 933
11 586
12 751
15 149
16 875
22 5
25 570
29 194
28 292
34 587
35 519
32 342
33 508
38 99
37 378
42 646
44 901
45 955
50 936
52 250
57 88
63 560
62 548
60 210
69 872
70 621
64 556
66 714
67 106
76 301
79 505
72 652
73 520
85 302
84 148
87 417
80 429
83 500
94 27
89 411
91 492
100 751
98 938
97 26
110 481
111 595
109 79
107 577
117 433
116 666
114 110
127 132
126 565
123 792
121 739
120 416
137 800
136 82
141 430
140 847
131 146
153 483
155 943
157 87
158 558
159 157
149 595
150 974
170 726
169 481
168 712
175 445
173 686
172 43
162 842
161 21
160 398
167 228
165 392
186 42
185 920
191 253
189 872
176 219
183 578
181 110
206 359
201 466
193 206
192 864
195 189
194 574
220 412
221 165
217 629
212 995
214 985
208 562
239 410
238 819
236 976
235 693
234 76
230 99
226 247
254 185
255 170
250 668
248 357
246 995
244 770
245 469
242 536
240 801
241 932
275 162
274 475
273 446
278 468
283 2
280 100
286 484
285 166
284 74
256 923
262 38
261 468
264 506
270 230
268 905
269 3
305 1
307 633
309 767
308 884
312 387
314 659
316 287
319 270
288 987
291 21
294 900
295 768
297 925
298 27
299 720
300 284
301 437
302 36
303 989
343 168
342 278
337 367
336 1
349 126
348 64
347 259
345 11
326 458
324 561
325 217
321 718
335 884
332 462
333 437
330 497
373 451
375 743
369 502
370 384
381 162
380 413
383 63
382 787
377 519
378 664
358 62
359 368
352 702
353 1
364 450
365 599
360 12
363 8
410 922
411 995
408 455
409 275
415 785
412 856
413 475
402 212
403 909
404 77
395 439
393 550
399 590
387 488
384 286
388 972
441 116
442 72
443 522
445 486
446 345
447 251
432 411
433 745
434 949
436 564
437 212
438 473
439 624
426 472
429 335
430 221
419 523
418 262
420 215
422 463
476 328
477 793
474 354
475 551
472 663
473 227
470 218
466 572
467 370
465 655
462 417
459 518
458 896
453 419
452 138
451 274
450 430
500 712
496 375
497 675
499 316
485 488
487 100
481 578
483 363
