93.18040859828425 164.6435808806599 0.0
76.7569488729033 89.60047973619618 0.0
19.997444021965748 54.48730953525707 0.0
44.99356732348914 30.39155957534472 0.0
156.25690246915573 19.413769183829466 0.0
196.04151008687504 131.01362288241225 0.0
195.3711114369683 180.07214207250476 0.0
17.151266305230138 160.11995867240628 0.0
135.77610797737535 43.33933934335117 0.0
187.38001717594287 18.054650558011566 0.0
45.594571962094975 166.55326440091412 0.0
96.73316700924505 86.42151110647758 0.0
1.2476376851083382 195.45840536469134 0.0
108.71572186953986 165.0890547253101 0.0
143.28335280523774 84.61015019462721 0.0
75.28410517081964 56.25685504487379 0.0
150.69751697346013 199.80440837845245 0.0
49.321663658295265 149.15380430160928 0.0
199.28019173100915 149.1695597062654 0.0
82.14395086393131 9.134128139600106 0.0
40.02934168379202 192.87794785128347 0.0
42.17272340092164 181.38239033140133 0.0
10.430482590084434 141.00456510288842 0.0
145.80037087520336 182.13390379231964 0.0
174.40936197775366 164.88078464387402 0.0
152.59934195018946 169.26242674310365 0.0
176.022291793837 119.36137267814135 0.0
144.41388117261624 59.28222654222961 0.0
187.45670829470168 1.743316079394286 0.0
81.50427707017273 89.25695877339597 0.0
133.67217539651028 57.64525588752494 0.0
108.79658248519912 9.803079336497555 0.0
184.02010716045032 184.97676134592388 0.0
71.42359384807439 39.32086732563711 0.0
115.4380271922275 84.19680363019151 0.0
91.12571943524136 9.781455255427463 0.0
172.32221778940396 56.38130226193579 0.0
153.71311733155133 190.84346919137067 0.0
74.94026050477231 60.18975153060264 0.0
62.67336236193233 91.7683679421241 0.0
61.25291190204394 4.641410277797475 0.0
25.141651373324624 109.54869693104858 0.0
86.27249298268124 76.6816557777465 0.0
153.83345211574962 16.858968838476528 0.0
148.59274243876075 180.83966583711626 0.0
92.17218198318223 164.88400751681343 0.0
165.483086251412 102.84863704211654 0.0
199.72747567006448 113.77508312548747 0.0
75.94781481352663 199.92026669822064 0.0
71.21229615346931 197.42932753754633 0.0
115.40870824501306 67.43545253803292 0.0
4.669969615918013 79.48336674244054 0.0
76.177352582 135.13347322507553 0.0
183.11511045409617 63.857274966105024 0.0
44.6411791719757 105.45219378696594 0.0
188.77515067887492 185.88040383351228 0.0
189.09517861813725 162.49231092756128 0.0
30.21194781373897 128.97587737210753 0.0
61.4089104987243 152.14872658841185 0.0
129.98594631983065 187.07587398063112 0.0
171.22638728262578 62.272672462169986 0.0
94.15795694548366 24.38509065517904 0.0
93.15410700834332 116.298321255708 0.0
164.80657703718282 71.80519946827384 0.0
75.40040632547218 34.58817364571962 0.0
42.872030552761544 43.278297948882624 0.0
32.58704280811293 114.82153150880916 0.0
61.020045388629576 55.502761705866234 0.0
125.96179106128476 136.0709429460424 0.0
84.85216461976263 190.92013002315406 0.0
60.998627537051256 100.78168216456113 0.0
25.671726563372886 56.56707768196871 0.0
165.3798765438944 94.6896110853971 0.0
59.14757468904035 160.33174362209414 0.0
49.61251851273889 66.78321922170483 0.0
161.60031270497723 151.34905090788808 0.0
198.03867051198856 109.73578601880605 0.0
199.26880828804093 152.7149243969123 0.0
189.75805914361675 55.80408429570323 0.0
135.79738479181646 152.39468921501208 0.0
6.988129223679063 94.01020094691197 0.0
159.31706658925927 112.14617620284983 0.0
52.645229310575026 61.493472798868765 0.0
72.87684788408112 104.47341727455301 0.0
69.43812593598908 65.2398459575301 0.0
140.6140623826057 194.07209934488253 0.0
129.5229342376247 149.9661482516966 0.0
136.93545139021595 142.9232942476105 0.0
46.77633908379886 43.75730224792853 0.0
7.113554428995195 137.13725679393437 0.0
153.001810104888 185.12458718426225 0.0
115.08571509837766 8.844394074342077 0.0
174.89131776017095 63.473519486555 0.0
127.87593146734334 57.87586821130519 0.0
150.32286547311904 189.5402089699757 0.0
165.94245431357683 165.67155599213942 0.0
130.58198582526578 153.17529847961038 0.0
134.88699637479354 37.79844884665708 0.0
29.35314422357198 22.924963560434453 0.0
146.3441309687787 111.65779706426959 0.0
199.834796052168 195.17877185525128 0.0
34.50224179597314 122.40478232109493 0.0
148.0896977899886 110.22445844797775 0.0
179.5903715721221 132.79960473969234 0.0
23.74982692927372 18.370030191881305 0.0
160.79787651957975 1.6543816135880185 0.0
168.4531224219807 1.3639320973550362 0.0
178.47683862539665 190.73539973539607 0.0
47.897058859532436 132.6642503783052 0.0
109.1098447442632 91.42572444425652 0.0
145.15187624088992 194.6783401097298 0.0
86.40866375560196 90.148352989293 0.0
50.88407022212979 161.91451386534237 0.0
38.04205131850495 185.49549634892406 0.0
50.39865715937315 106.05773172032937 0.0
49.87382141970935 120.20487528722299 0.0
177.9163974874858 82.30159262051853 0.0
178.22511705284717 97.56914402973716 0.0
185.26009367870023 115.83922014586534 0.0
185.55755158666918 14.560021426634307 0.0
155.13184604475404 23.235918757638284 0.0
36.10683993626977 162.8938903198664 0.0
178.42094767862514 75.4768122998853 0.0
55.37919088527481 124.46097701876313 0.0
10.48994675886481 37.80304098483216 0.0
31.055675924255354 118.98556550115427 0.0
123.14416913066826 106.0202747323108 0.0
12.732572775990958 149.4799904912861 0.0
76.99787620873586 99.78376149113816 0.0
154.05840767975923 135.00043462493096 0.0
53.20796757700048 170.43435644561944 0.0
33.21134580454381 20.40794968570554 0.0
104.05401327195236 34.2802608855606 0.0
86.29336410845671 9.28331448010189 0.0
8.601188151702054 151.78962143984666 0.0
93.10036006456866 178.83981510971415 0.0
152.69045447788778 138.97938543715603 0.0
65.86033671774337 4.623170289541001 0.0
191.75825086390347 19.356049216209257 0.0
8.91442473351216 147.98324483936545 0.0
0.49566228468358453 103.08444148299225 0.0
40.94848262516959 40.74753495272607 0.0
165.11487684458675 114.63076785023453 0.0
101.26569856779409 139.2215679970001 0.0
31.998605954962265 80.94665784148553 0.0
97.72350180681768 13.586894722049836 0.0
90.76588262829748 39.33110617640367 0.0
96.34092234411027 88.96243434917437 0.0
40.295514051395465 27.427629805522912 0.0
1.2152577118964336 60.84040648248528 0.0
63.0062497802681 77.38421793648436 0.0
128.26979536601675 170.30335506506916 0.0
15.700572895027353 52.02394876624232 0.0
137.48716906719656 43.37405326913568 0.0
34.53677031171188 132.94454638994722 0.0
155.6656558488448 74.04538320347132 0.0
47.201831568506506 198.78531465060055 0.0
195.36857627035326 161.98266130687657 0.0
87.11548264436975 16.470383728758108 0.0
155.61984329800902 3.5861653600834487 0.0
112.50348240423737 109.05733075325277 0.0
176.03134612056576 79.0468509339495 0.0
47.43615237346903 160.89072375948263 0.0
108.43088332224866 178.22369499964026 0.0
182.43585353552643 74.08026771506127 0.0
168.6919704397841 164.61632234197265 0.0
99.01505878377583 99.89374713161342 0.0
36.34979700094223 89.40189608657543 0.0
115.51431076294026 34.47504838282121 0.0
180.72038806034274 136.4506155494542 0.0
90.86734583824881 90.36809734192259 0.0
9.622763163886505 4.429395850923168 0.0
68.42834123895788 133.64763748450855 0.0
160.4368259651864 13.54868146627959 0.0
93.75414345967965 111.0282525210775 0.0
83.11241633117052 62.20267341772752 0.0
198.24206837719882 82.14322345520515 0.0
0.8778428630672686 152.69843177846522 0.0
4.781772959124386 119.25525107010344 0.0
176.77898631979406 155.46485223955995 0.0
82.08742429570867 39.98127054976155 0.0
162.81288737613758 187.57757321821157 0.0
51.13422604023328 98.18395843375771 0.0
163.3025607745447 44.13140203657247 0.0
130.13125751279097 174.00283602793317 0.0
5.29257349382517 139.9369908060953 0.0
93.72021484200637 76.06819417315897 0.0
76.12771388268622 194.21396304939097 0.0
117.59764839846656 97.26132144513345 0.0
162.0099660989068 22.397844069402684 0.0
81.5160018205921 149.95493493694366 0.0
1.2117273956759211 86.87358364124948 0.0
11.626568539017246 47.48792021420518 0.0
151.75608667024792 102.3937287402943 0.0
57.38531140300398 195.6988484182992 0.0
65.75772321338582 192.13459150525097 0.0
118.75032192058504 111.66306309168854 0.0
61.25092451754208 46.789099230242456 0.0
166.15750390116702 196.34841115004943 0.0
187.21384573719402 51.79036120094898 0.0
28.768819152664626 53.725026896438635 0.0
188.63115918217125 16.70518666525769 0.0
165.74533299067784 170.934857774561 0.0
95.81985348055669 166.03223850927088 0.0
80.80507942409277 152.44700960418754 0.0
185.8759076717261 32.08471357658973 0.0
192.08349555489707 135.6951922889049 0.0
193.98231327772322 28.332832175913204 0.0
127.32215297340379 106.5139459043807 0.0
88.45168279079803 175.52662364014296 0.0
178.66919834120984 179.76058787819554 0.0
65.75964184026388 103.11498270606123 0.0
21.882699323730147 113.83022480185048 0.0
70.45783302221425 54.92206050406545 0.0
181.48609179110414 187.3412940788328 0.0
99.73829082008476 190.73759642882203 0.0
106.43250198096807 82.08966828627642 0.0
13.553758999804844 194.42289605413868 0.0
110.09269863335554 188.43943003863416 0.0
138.58125307337377 74.32965598433891 0.0
23.889174216896848 177.63891924094946 0.0
27.949077189093163 73.27400490352403 0.0
15.656662269993715 170.1208407301103 0.0
118.53023843821705 193.0035790606992 0.0
31.817260640049973 169.66558718297676 0.0
113.73806008966858 182.04057502567997 0.0
136.7160543030484 30.37728908562698 0.0
112.14264754649726 135.9792797469711 0.0
42.971047290555006 76.74229553609642 0.0
0.8595161250530614 115.76166174781939 0.0
153.44895745327327 6.610227965932158 0.0
37.54471731478719 2.150070056810205 0.0
68.48625664953418 72.75798051835434 0.0
55.96344598440086 173.5613063161589 0.0
151.2326362345353 160.76739661858502 0.0
147.48199196682452 119.6217455581592 0.0
189.50196563125675 59.26762259871601 0.0
194.46569669637145 184.2483770764981 0.0
44.27348332286212 153.1635168302038 0.0
61.448420216590826 69.75604481754516 0.0
32.99392145851905 161.2917054705688 0.0
186.07179373732254 127.43645001103228 0.0
60.08900182977042 187.01631107732774 0.0
154.17532336166425 10.249750598575691 0.0
177.60052643421758 53.5965909467679 0.0
192.051343817517 169.7149716115549 0.0
135.62314701943464 55.72908658737148 0.0
163.76146488041135 141.78070745975785 0.0
165.22276634737142 74.487165818943 0.0
22.544109671336066 185.40291801194135 0.0
125.77613717759162 74.95119851155047 0.0
132.72547969373235 12.751962596479437 0.0
44.179316273656035 134.14287905026072 0.0
52.17909734112882 81.41624849436704 0.0
175.13014508859058 131.4475303230113 0.0
45.26193689829314 6.6653120228574725 0.0
19.69805231510533 74.52853875540492 0.0
182.2878899010247 95.78033301948008 0.0
53.65197833836874 130.80836871703843 0.0
173.98224197789375 6.655478309803198 0.0
37.52526413380481 187.91101564917682 0.0
87.99346231209424 89.3187219304394 0.0
107.15409284453621 176.03081261668757 0.0
199.42167465164843 81.71620346512425 0.0
176.43376851202626 51.013211986663265 0.0
38.455721785998456 100.04935850488457 0.0
123.29515660982726 59.003041406653026 0.0
15.593772835975916 89.14947572143286 0.0
175.4112083628141 81.83643820602748 0.0
28.555063482807718 79.81961889602486 0.0
63.901402301857104 96.92266097487341 0.0
184.87333056686816 137.76913954501003 0.0
71.30979553800276 76.1825250044321 0.0
10.295133766066723 182.7113412316752 0.0
64.39003184904095 195.6803707282966 0.0
55.48926953326807 106.3901717063876 0.0
172.73869394082365 30.906865212212196 0.0
62.20610723206372 24.747125594413987 0.0
151.0759340073565 72.24022231637251 0.0
4.908626736050969 62.13483547289513 0.0
45.98037132553896 10.933708725460711 0.0
185.02968910788985 184.42917543016756 0.0
177.1429318942065 18.047714718810703 0.0
122.39288663100156 73.08699129358531 0.0
38.71207903835827 67.06485568831171 0.0
61.967114962576474 63.64187717177714 0.0
128.06085869696602 35.49696215850051 0.0
94.00793454295176 159.82578050713317 0.0
117.31379851288703 61.613114398451074 0.0
171.77136677647664 78.44942289752356 0.0
197.22966514142567 29.48818694671125 0.0
103.36889100190956 180.36998875532868 0.0
43.543836126105774 108.89166167655968 0.0
92.96490860561701 199.3196981431404 0.0
82.63181967481228 186.10681693483818 0.0
11.401033752887212 93.0642803007846 0.0
166.3633590345288 187.59066472263822 0.0
87.46413853444486 110.30567859252925 0.0
5.274286904985437 120.45539646644383 0.0
128.39809540246475 91.93856075764688 0.0
154.69112363199898 132.07230965049916 0.0
101.89183184149013 106.71560693953985 0.0
0.20129011619443027 25.669589013744098 0.0
141.65917772646773 159.07178013333495 0.0
46.86955662843253 59.61557337163301 0.0
174.85883018589556 100.80318917568061 0.0
80.85911509078774 105.14949976379874 0.0
11.98551248726709 28.49133981278427 0.0
42.62362069502148 140.64194213426327 0.0
88.4962204468966 155.00905030368367 0.0
127.59422811248551 20.03760080890393 0.0
102.31836491937602 6.13941389310162 0.0
113.29351291649823 68.95331355101754 0.0
152.51923567246263 12.284725984692901 0.0
1.0659609102581014 133.97446783493658 0.0
51.79926949871649 140.4374066146349 0.0
156.1225937232988 39.01340314020187 0.0
59.104159022083394 143.03040776725732 0.0
31.35495644226729 187.16360053133573 0.0
158.53389564434679 87.9798101027676 0.0
68.38170928317165 87.30381323795191 0.0
196.85945868956424 78.17771095531776 0.0
83.54868341320964 81.77660267169588 0.0
84.34077916162211 68.88870353794958 0.0
167.11121710821618 104.78607785566764 0.0
62.172424260001826 47.94872299650423 0.0
50.58528345997597 110.72989723110958 0.0
144.76615598081864 156.36014753746156 0.0
30.261909149337196 77.50093223708801 0.0
56.21251311529332 195.82255823456484 0.0
74.13691137747051 11.864325504924444 0.0
97.64615933216764 194.93371933677292 0.0
85.01613766375084 162.33598806907767 0.0
5.872729496415285 87.2407022392172 0.0
44.31391129565869 79.55878026307765 0.0
193.49765416423236 92.01645894526816 0.0
119.07035749903771 54.99317187895929 0.0
196.93019566299375 82.58233728457273 0.0
178.97105921514404 15.809202533163491 0.0
101.01888799018796 77.19243461129786 0.0
140.66032004392127 157.18710310211492 0.0
157.70722434735617 193.94097838302454 0.0
133.39705536991852 52.80415314115776 0.0
170.98131988578854 173.8492082021429 0.0
63.11024424797602 100.10564567305195 0.0
81.51416370229569 95.23360101493634 0.0
141.16861454376064 129.0282066465686 0.0
151.79373082765912 177.65247886930533 0.0
139.68709416219923 31.163966085850014 0.0
26.15517939847509 5.173558668584399 0.0
136.95032737811215 150.92443989569801 0.0
120.02003819045773 86.4000649053087 0.0
124.54137333926951 121.08326770219068 0.0
78.7783061654616 12.638520504522322 0.0
62.02160354500539 22.14725239897053 0.0
39.131898220035445 175.7865841188081 0.0
185.51549252973584 198.325496999984 0.0
124.35099750731308 63.96462742104057 0.0
3.311880253684296 172.43674456241428 0.0
9.777458206379276 165.60998518361183 0.0
44.60114038447027 67.91524667508962 0.0
106.04235240474648 81.69826223777923 0.0
66.72539653367862 168.14596995540484 0.0
124.8474628728712 170.9512589959768 0.0
71.82680747694354 121.68011105601133 0.0
115.79342803885946 134.3364877329032 0.0
135.53678381820004 36.452238470925245 0.0
92.61999772949355 182.85850782775321 0.0
108.35671305160581 96.94077387835975 0.0
103.35670260949503 26.587594444497455 0.0
114.6386793933033 185.28374334708485 0.0
41.265039633843735 73.06670876032173 0.0
44.58243829389241 90.68202874466489 0.0
42.08606599078144 129.68284326403 0.0
111.42266837097847 50.9928125857889 0.0
167.99017628374276 167.28431491422737 0.0
28.988472314769552 186.23600784598514 0.0
39.75855279866538 121.27077171685083 0.0
54.07474138010744 55.80695491928871 0.0
146.108672335881 81.57804139026639 0.0
33.572937392436565 99.50888334588794 0.0
132.70904511124252 154.42526369651532 0.0
98.06659896542438 107.08898744945942 0.0
53.31112913534448 166.3870375514594 0.0
151.6047279763058 101.78226186895189 0.0
151.5592354126255 25.298633828726725 0.0
21.623967536672552 120.4375358099411 0.0
34.422033469638635 152.6976808029575 0.0
53.49834936738696 126.12054394494612 0.0
96.8220457087152 158.9509605043577 0.0
60.9532265656576 98.65905539519058 0.0
161.92240209891767 44.91031121848834 0.0
76.58765630752522 14.415488222346307 0.0
112.66283063851805 82.88698581257012 0.0
86.0076027704735 148.6427405025026 0.0
7.519810025455698 154.92904829307332 0.0
74.5797818619693 112.09922399013716 0.0
197.0985143357757 107.8317404175712 0.0
67.57414604798271 68.16948036185961 0.0
88.04700180348728 22.006079206080685 0.0
2.4704911003890384 67.55698609423123 0.0
36.9160171767559 185.2762220408386 0.0
36.46276524556789 184.68615886421202 0.0
198.9703962041954 12.871504740048877 0.0
62.70221270791547 143.27079641594412 0.0
5.591135580016182 161.32429602316455 0.0
185.57855790474676 178.07654786013106 0.0
98.78968502709031 46.68016353178381 0.0
88.34598452143976 195.7253525878113 0.0
12.489169899228326 96.37218686148752 0.0
15.658704617086737 69.46000292258474 0.0
57.60979315919044 139.30652527151253 0.0
89.08858549425275 131.10739132755398 0.0
141.62856639288702 170.15165915940332 0.0
75.45514275350138 8.049278501005542 0.0
33.16647964940238 111.51904819462285 0.0
135.80608859414602 93.82972001025361 0.0
68.28873569165673 141.6682911589954 0.0
97.14430957887474 138.09862814703143 0.0
87.58677090358955 55.565128734674964 0.0
9.505102667707476 94.91124197407126 0.0
91.74342550588858 183.56596760508222 0.0
177.7451888846052 77.97355591292174 0.0
108.16551023807486 4.697962686291723 0.0
90.41291840442275 37.24418557084892 0.0
72.40079658301643 160.44890123220605 0.0
107.32687515509302 193.37330860710728 0.0
145.43929983368557 100.17656644601973 0.0
12.997836864128786 144.77975963891654 0.0
11.631497700977489 70.69245416672464 0.0
194.78698923854304 96.7375450433333 0.0
131.83901054960916 0.2701659210589735 0.0
62.70094189502993 52.663551207686396 0.0
62.56596470328826 21.273932933763007 0.0
191.9820954631135 54.868261537042784 0.0
194.20220269439358 125.79824786755279 0.0
140.1605129494367 65.351868739849 0.0
10.142231911341405 155.15469243638034 0.0
166.99146161936304 36.79833975000009 0.0
23.42662576278034 186.73750956054204 0.0
168.7104215808243 139.740282645759 0.0
108.68546154804386 0.7447330275218933 0.0
27.295340062233574 183.93791981644074 0.0
14.546091061871724 84.42692854158564 0.0
70.93361127182263 0.33562449035424713 0.0
15.300466097317278 162.98108282874338 0.0
43.649059199456275 134.52985309303887 0.0
140.50995825101035 133.9022554013765 0.0
90.05212159590903 43.502710038240956 0.0
7.358481387645144 125.55119262964513 0.0
175.43416471437945 84.44547471888025 0.0
172.94750140666633 0.8911349520777989 0.0
81.93466844556416 137.81700434392113 0.0
122.35939826896227 183.7926072097974 0.0
48.26786849766738 116.35198162017157 0.0
113.19834646287808 198.00012149380586 0.0
53.50324878024257 77.55449850314365 0.0
108.45078070652872 177.80013594674585 0.0
84.65204910621691 179.28262485343532 0.0
146.89032759492872 34.62484866428039 0.0
73.31985762284101 96.35003564386413 0.0
123.88482302678719 145.27181784431667 0.0
138.4430304313024 150.64099447133975 0.0
85.34591416366908 165.11458530339837 0.0
130.13465909814545 98.05536322337625 0.0
173.69456072780113 63.62490533492699 0.0
33.9234405088245 62.670622196191374 0.0
107.09850065387221 129.72243931186793 0.0
165.17681994134568 111.82811791766056 0.0
121.87059934798152 100.91308599419757 0.0
60.257348841467405 25.421187535819833 0.0
62.79985576529468 132.87245136647144 0.0
153.96928319510545 128.48303060032674 0.0
167.3195372249002 45.07626337912121 0.0
122.10997969529093 28.242536235604753 0.0
56.799872588101266 153.2748449414426 0.0
163.4487158552505 125.13660389079497 0.0
121.88539879196212 31.054084835645956 0.0
97.21319228998233 51.83778925079467 0.0
68.67998605678585 130.42064916655283 0.0
160.17185602949937 135.17644993131194 0.0
78.71531831972787 135.29448831309355 0.0
1.6580357761066145 172.90678540553773 0.0
28.02141600552237 21.987001204526614 0.0
195.38957234545256 70.58664369045991 0.0
109.25066707001999 57.18854096789183 0.0
13.695610151715387 193.41110165010366 0.0
5.689529003388971 176.68429848478166 0.0
42.76983286005884 53.66024816031576 0.0
77.12498744924319 156.96276261788705 0.0
56.827450114569935 176.49190749376237 0.0
34.915606932501575 117.07652982785561 0.0
14.550838092246487 65.13028776876394 0.0
107.24985113312965 169.56024408261763 0.0
92.96674197849278 121.07190497537799 0.0
125.45715008461072 76.90599901088177 0.0
131.90560930825265 165.7504619746869 0.0
98.3699883580621 164.0417698620925 0.0
126.45155935766515 57.172591377675495 0.0
84.11812343860343 87.45366699046411 0.0
