1 10 47.0
1 21 60.0
1 24 1.0
1 37 40.0
1 52 11.0
1 70 58.0
1 73 38.0
1 79 53.0
1 88 29.0
1 103 80.0
1 135 15.0
1 137 54.0
1 173 95.0
1 185 21.0
1 195 90.0
1 198 9.0
2 196 82.0
2 44 34.0
2 50 29.0
2 64 36.0
2 66 94.0
2 77 45.0
2 89 10.0
2 93 71.0
2 102 99.0
2 116 47.0
2 120 22.0
2 129 67.0
2 141 69.0
2 186 81.0
2 187 3.0
3 9 84.0
3 14 93.0
3 29 72.0
3 71 43.0
3 84 87.0
3 121 44.0
3 193 43.0
3 53 62.0
3 82 42.0
3 148 36.0
3 153 1.0
3 165 9.0
4 45 41.0
4 51 36.0
4 98 69.0
4 107 66.0
4 189 6.0
4 132 45.0
4 147 75.0
4 167 71.0
4 200 24.0
4 38 4.0
4 94 45.0
4 112 86.0
4 199 38.0
5 19 35.0
5 23 26.0
5 29 14.0
5 45 79.0
5 51 71.0
5 71 2.0
5 76 70.0
5 83 42.0
5 97 98.0
5 98 41.0
5 107 98.0
5 150 48.0
5 156 73.0
5 157 39.0
5 142 29.0
5 147 95.0
6 105 63.0
6 122 61.0
6 164 56.0
6 191 81.0
7 15 1.0
7 20 46.0
7 25 53.0
7 58 27.0
7 66 28.0
7 87 53.0
7 89 14.0
7 93 56.0
7 95 61.0
7 117 19.0
7 118 37.0
7 152 71.0
7 154 4.0
7 160 97.0
7 187 86.0
8 54 70.0
8 171 81.0
8 190 90.0
8 196 68.0
8 102 88.0
9 14 94.0
9 23 7.0
9 29 81.0
9 48 91.0
9 71 11.0
9 84 31.0
9 97 44.0
9 121 57.0
9 193 87.0
9 3 39.0
9 53 91.0
9 65 90.0
9 82 98.0
9 148 80.0
9 153 95.0
10 1 54.0
10 17 53.0
10 21 5.0
10 37 79.0
10 70 91.0
10 73 68.0
10 79 17.0
10 88 36.0
10 105 93.0
10 135 69.0
10 137 56.0
10 164 81.0
10 173 13.0
10 185 3.0
10 195 82.0
10 198 72.0
11 86 83.0
11 123 14.0
11 140 2.0
11 163 65.0
11 180 73.0
11 182 13.0
12 13 6.0
12 32 48.0
12 47 28.0
12 58 94.0
12 78 15.0
12 117 41.0
12 127 7.0
12 136 57.0
12 138 11.0
12 139 83.0
12 152 72.0
12 166 19.0
12 168 10.0
12 176 9.0
12 178 97.0
13 12 29.0
13 28 90.0
13 35 59.0
13 47 80.0
13 78 4.0
13 81 97.0
13 85 66.0
13 113 23.0
13 119 39.0
13 127 77.0
13 138 53.0
13 139 86.0
13 168 92.0
13 176 56.0
13 178 50.0
13 179 82.0
13 75 49.0
14 9 58.0
14 84 8.0
14 121 57.0
14 193 31.0
14 3 84.0
14 82 50.0
14 148 39.0
15 42 43.0
15 83 5.0
15 196 10.0
15 7 69.0
15 25 3.0
15 66 6.0
15 87 34.0
15 89 1.0
15 93 31.0
15 102 11.0
15 118 98.0
15 141 65.0
15 154 45.0
15 160 48.0
15 187 73.0
16 33 22.0
16 34 36.0
16 57 68.0
16 59 45.0
16 109 72.0
16 124 86.0
16 146 26.0
16 161 56.0
17 10 9.0
17 21 5.0
17 31 25.0
17 46 46.0
17 62 72.0
17 67 75.0
17 70 92.0
17 73 31.0
17 79 44.0
17 90 23.0
17 105 94.0
17 135 48.0
17 145 66.0
17 164 96.0
17 173 29.0
17 191 95.0
17 195 74.0
18 36 58.0
18 47 17.0
18 64 94.0
18 111 75.0
18 113 88.0
18 123 10.0
18 127 64.0
18 152 24.0
18 176 51.0
18 182 91.0
19 5 38.0
19 23 70.0
19 42 13.0
19 51 46.0
19 76 51.0
19 83 33.0
19 98 96.0
19 107 38.0
19 156 85.0
19 157 15.0
19 189 43.0
20 7 90.0
20 25 41.0
20 32 22.0
20 58 37.0
20 78 39.0
20 95 61.0
20 117 67.0
20 136 63.0
20 138 82.0
20 152 70.0
20 154 39.0
20 166 27.0
20 55 80.0
20 63 97.0
20 94 88.0
20 96 98.0
20 104 35.0
20 112 21.0
20 169 49.0
21 1 34.0
21 10 3.0
21 17 97.0
21 24 31.0
21 37 22.0
21 52 9.0
21 70 85.0
21 73 49.0
21 79 26.0
21 88 10.0
21 135 27.0
21 137 19.0
21 173 7.0
21 185 29.0
21 195 85.0
21 198 43.0
22 40 6.0
22 68 15.0
22 74 27.0
22 91 41.0
22 126 14.0
22 143 27.0
22 144 31.0
22 170 96.0
22 172 37.0
22 175 7.0
22 184 54.0
23 5 18.0
23 9 45.0
23 19 21.0
23 29 54.0
23 45 55.0
23 48 55.0
23 71 76.0
23 97 3.0
23 107 15.0
23 121 90.0
23 150 71.0
23 156 73.0
23 157 5.0
23 193 44.0
23 80 40.0
23 142 43.0
23 147 5.0
24 1 48.0
24 21 60.0
24 37 46.0
24 39 97.0
24 52 55.0
24 63 28.0
24 88 92.0
24 103 19.0
24 106 18.0
24 112 95.0
24 137 27.0
24 169 83.0
24 185 68.0
24 195 47.0
24 198 21.0
24 199 21.0
25 42 67.0
25 83 36.0
25 7 49.0
25 15 7.0
25 20 35.0
25 58 35.0
25 66 18.0
25 87 6.0
25 89 37.0
25 93 80.0
25 95 79.0
25 117 69.0
25 118 55.0
25 154 46.0
25 160 4.0
25 187 99.0
26 35 36.0
26 49 78.0
26 75 26.0
26 103 68.0
26 114 69.0
26 149 52.0
26 158 60.0
26 181 23.0
27 33 33.0
27 34 38.0
27 57 95.0
27 109 50.0
27 128 79.0
27 131 50.0
27 134 94.0
27 162 33.0
27 190 61.0
27 194 63.0
28 13 26.0
28 47 55.0
28 81 18.0
28 85 96.0
28 113 79.0
28 119 53.0
28 139 72.0
28 176 30.0
28 178 44.0
28 179 29.0
29 5 35.0
29 9 22.0
29 23 26.0
29 45 86.0
29 48 21.0
29 71 76.0
29 84 34.0
29 97 30.0
29 121 73.0
29 150 94.0
29 193 84.0
29 3 23.0
29 53 61.0
29 65 85.0
29 80 93.0
29 142 71.0
29 147 48.0
29 153 26.0
30 40 79.0
30 68 23.0
30 74 90.0
30 100 78.0
30 101 30.0
30 143 56.0
30 170 58.0
30 177 51.0
30 200 19.0
30 72 39.0
31 17 63.0
31 46 37.0
31 62 30.0
31 67 2.0
31 70 77.0
31 73 20.0
31 79 46.0
31 90 69.0
31 105 65.0
31 145 35.0
31 164 81.0
31 173 75.0
31 191 30.0
32 12 80.0
32 20 7.0
32 35 6.0
32 78 33.0
32 136 44.0
32 138 52.0
32 139 71.0
32 166 31.0
32 168 45.0
32 49 68.0
32 55 84.0
32 63 27.0
32 96 44.0
32 103 45.0
32 104 1.0
32 114 37.0
32 169 64.0
33 16 3.0
33 27 60.0
33 34 26.0
33 57 49.0
33 59 85.0
33 109 82.0
33 146 70.0
33 162 57.0
33 194 18.0
34 16 78.0
34 27 91.0
34 33 30.0
34 57 10.0
34 109 62.0
34 146 75.0
34 162 70.0
34 194 10.0
35 13 86.0
35 32 9.0
35 78 9.0
35 136 65.0
35 138 82.0
35 139 43.0
35 166 55.0
35 168 57.0
35 178 36.0
35 26 11.0
35 49 33.0
35 55 35.0
35 75 81.0
35 96 6.0
35 103 99.0
35 104 98.0
35 114 53.0
35 149 48.0
35 158 68.0
35 169 48.0
36 18 12.0
36 47 87.0
36 64 49.0
36 86 38.0
36 111 82.0
36 113 55.0
36 123 67.0
36 127 44.0
36 176 90.0
36 182 66.0
37 1 94.0
37 10 94.0
37 21 30.0
37 24 13.0
37 52 5.0
37 79 92.0
37 88 26.0
37 135 72.0
37 137 27.0
37 173 80.0
37 185 59.0
37 195 40.0
37 198 76.0
38 4 5.0
38 167 80.0
38 200 46.0
38 39 71.0
38 63 68.0
38 94 26.0
38 106 34.0
38 112 12.0
38 199 61.0
39 200 67.0
39 24 13.0
39 38 63.0
39 52 92.0
39 63 41.0
39 72 47.0
39 94 48.0
39 106 66.0
39 112 99.0
39 199 59.0
40 22 20.0
40 30 88.0
40 68 5.0
40 74 91.0
40 91 57.0
40 100 96.0
40 126 16.0
40 143 13.0
40 170 23.0
41 56 69.0
41 61 58.0
41 108 81.0
41 155 37.0
41 174 89.0
41 183 74.0
41 188 67.0
41 192 21.0
42 19 86.0
42 83 27.0
42 98 65.0
42 156 84.0
42 157 19.0
42 171 82.0
42 196 89.0
42 15 6.0
42 25 31.0
42 66 71.0
42 87 20.0
42 89 44.0
42 93 22.0
42 95 90.0
42 118 16.0
42 141 36.0
42 160 74.0
42 187 62.0
43 130 92.0
43 184 80.0
44 2 96.0
44 50 89.0
44 64 23.0
44 77 93.0
44 86 42.0
44 102 40.0
44 116 8.0
44 120 5.0
44 123 74.0
44 129 79.0
44 186 16.0
45 5 15.0
45 23 80.0
45 29 34.0
45 51 4.0
45 71 88.0
45 98 37.0
45 107 89.0
45 150 88.0
45 156 27.0
45 4 65.0
45 65 48.0
45 80 36.0
45 132 21.0
45 142 42.0
45 147 81.0
45 167 32.0
45 175 70.0
46 17 41.0
46 31 35.0
46 62 69.0
46 90 93.0
46 145 54.0
46 191 66.0
47 12 11.0
47 13 95.0
47 18 10.0
47 28 26.0
47 36 64.0
47 78 22.0
47 85 25.0
47 111 7.0
47 113 22.0
47 127 74.0
47 138 1.0
47 139 70.0
47 152 7.0
47 168 46.0
47 176 50.0
47 178 86.0
47 179 6.0
47 182 52.0
48 9 93.0
48 23 23.0
48 29 41.0
48 60 61.0
48 97 94.0
48 110 75.0
48 115 85.0
48 121 24.0
48 133 71.0
48 193 71.0
49 32 17.0
49 35 64.0
49 78 80.0
49 136 24.0
49 138 43.0
49 139 37.0
49 166 18.0
49 168 84.0
49 26 52.0
49 55 32.0
49 75 58.0
49 96 53.0
49 103 60.0
49 104 24.0
49 114 9.0
49 149 43.0
49 158 70.0
49 169 62.0
50 2 29.0
50 44 33.0
50 77 88.0
50 102 38.0
50 116 48.0
50 120 71.0
50 129 69.0
50 141 33.0
50 186 67.0
51 5 65.0
51 19 21.0
51 45 40.0
51 83 39.0
51 98 79.0
51 107 24.0
51 150 73.0
51 156 68.0
51 189 7.0
51 95 79.0
51 4 47.0
51 142 5.0
51 147 89.0
51 167 40.0
51 94 47.0
52 1 30.0
52 21 11.0
52 24 42.0
52 37 69.0
52 39 99.0
52 55 8.0
52 63 97.0
52 88 92.0
52 96 29.0
52 103 66.0
52 104 75.0
52 106 60.0
52 112 68.0
52 137 61.0
52 169 63.0
52 185 70.0
52 195 62.0
52 198 52.0
52 199 49.0
53 9 84.0
53 29 42.0
53 71 10.0
53 84 59.0
53 121 8.0
53 150 53.0
53 3 54.0
53 65 35.0
53 80 71.0
53 91 86.0
53 132 5.0
53 142 8.0
53 144 51.0
53 147 47.0
53 153 6.0
53 165 34.0
53 172 93.0
53 175 39.0
53 183 62.0
54 8 94.0
54 171 58.0
54 196 59.0
54 102 45.0
54 129 75.0
54 141 13.0
55 20 1.0
55 32 54.0
55 35 27.0
55 58 86.0
55 78 27.0
55 136 2.0
55 166 74.0
55 49 66.0
55 52 58.0
55 63 58.0
55 94 72.0
55 96 77.0
55 103 89.0
55 104 60.0
55 106 59.0
55 112 87.0
55 114 70.0
55 169 92.0
56 41 4.0
56 61 22.0
56 108 8.0
56 155 57.0
56 165 95.0
56 174 88.0
56 183 36.0
56 188 54.0
56 192 88.0
57 16 67.0
57 27 75.0
57 33 15.0
57 34 59.0
57 59 46.0
57 109 21.0
57 146 22.0
57 162 98.0
57 194 9.0
58 7 2.0
58 12 11.0
58 20 51.0
58 25 73.0
58 95 23.0
58 117 88.0
58 118 26.0
58 136 53.0
58 138 68.0
58 152 49.0
58 154 51.0
58 160 57.0
58 166 88.0
58 55 46.0
59 16 33.0
59 33 73.0
59 57 68.0
59 60 68.0
59 109 45.0
59 110 4.0
59 124 29.0
59 146 28.0
59 161 72.0
59 194 71.0
60 48 5.0
60 59 6.0
60 109 85.0
60 110 23.0
60 115 84.0
60 124 93.0
60 146 56.0
60 161 35.0
61 41 3.0
61 56 14.0
61 108 61.0
61 155 34.0
61 174 35.0
61 188 90.0
61 192 58.0
62 17 38.0
62 31 39.0
62 46 84.0
62 70 88.0
62 90 88.0
62 105 61.0
62 145 50.0
62 173 71.0
62 191 36.0
63 20 27.0
63 32 34.0
63 136 50.0
63 166 21.0
63 24 9.0
63 38 89.0
63 39 68.0
63 52 48.0
63 55 90.0
63 94 47.0
63 96 43.0
63 103 96.0
63 104 98.0
63 106 30.0
63 112 34.0
63 169 25.0
63 199 18.0
64 2 2.0
64 18 14.0
64 36 10.0
64 44 86.0
64 66 55.0
64 77 56.0
64 86 56.0
64 93 77.0
64 111 98.0
64 116 92.0
64 120 34.0
64 123 82.0
64 129 62.0
64 182 4.0
64 186 49.0
64 187 43.0
65 9 79.0
65 29 47.0
65 45 56.0
65 71 58.0
65 150 88.0
65 53 32.0
65 80 96.0
65 91 59.0
65 132 14.0
65 142 29.0
65 144 25.0
65 147 19.0
65 153 15.0
65 165 80.0
65 172 6.0
65 175 35.0
66 42 75.0
66 196 78.0
66 2 4.0
66 7 18.0
66 15 75.0
66 25 67.0
66 64 69.0
66 77 61.0
66 87 47.0
66 89 7.0
66 93 12.0
66 102 28.0
66 118 25.0
66 120 85.0
66 129 88.0
66 141 72.0
66 160 22.0
66 186 75.0
66 187 85.0
67 17 19.0
67 31 43.0
67 70 61.0
67 73 75.0
67 79 18.0
67 90 87.0
67 173 39.0
67 181 94.0
67 197 77.0
68 22 79.0
68 30 29.0
68 40 9.0
68 74 96.0
68 91 15.0
68 100 36.0
68 143 2.0
68 170 94.0
68 200 75.0
68 72 27.0
69 113 19.0
69 163 83.0
69 180 91.0
70 1 14.0
70 10 47.0
70 17 96.0
70 21 95.0
70 31 27.0
70 62 8.0
70 67 36.0
70 73 59.0
70 79 49.0
70 90 97.0
70 145 83.0
70 173 72.0
70 181 44.0
70 197 51.0
70 198 75.0
71 5 59.0
71 9 96.0
71 23 87.0
71 29 28.0
71 45 50.0
71 84 98.0
71 97 31.0
71 107 72.0
71 121 85.0
71 150 54.0
71 193 36.0
71 3 18.0
71 53 64.0
71 65 20.0
71 80 91.0
71 132 79.0
71 142 2.0
71 144 60.0
71 147 42.0
71 153 65.0
71 172 9.0
71 175 13.0
72 30 16.0
72 68 5.0
72 74 77.0
72 100 45.0
72 200 65.0
72 39 17.0
72 199 67.0
73 1 29.0
73 10 79.0
73 17 86.0
73 21 39.0
73 31 92.0
73 67 52.0
73 70 21.0
73 79 13.0
73 90 20.0
73 135 20.0
73 137 62.0
73 173 57.0
73 181 95.0
73 195 73.0
73 197 48.0
73 198 9.0
74 22 56.0
74 30 13.0
74 40 92.0
74 68 91.0
74 100 26.0
74 143 72.0
74 170 81.0
74 200 55.0
74 72 33.0
75 13 73.0
75 35 14.0
75 78 90.0
75 81 19.0
75 139 50.0
75 168 92.0
75 178 75.0
75 26 17.0
75 49 9.0
75 114 26.0
75 149 6.0
75 158 61.0
76 5 20.0
76 19 99.0
76 97 18.0
76 99 87.0
76 128 79.0
76 133 23.0
76 156 53.0
76 157 45.0
77 2 27.0
77 44 66.0
77 50 41.0
77 64 81.0
77 66 61.0
77 102 48.0
77 116 69.0
77 120 2.0
77 129 8.0
77 141 68.0
77 186 97.0
77 187 51.0
78 12 18.0
78 13 5.0
78 20 5.0
78 32 45.0
78 35 27.0
78 47 63.0
78 136 18.0
78 138 79.0
78 139 10.0
78 152 75.0
78 166 68.0
78 168 79.0
78 176 33.0
78 178 28.0
78 49 94.0
78 55 27.0
78 75 13.0
78 96 23.0
78 103 30.0
78 104 59.0
78 114 95.0
78 169 46.0
79 1 83.0
79 10 6.0
79 17 12.0
79 21 69.0
79 31 21.0
79 37 2.0
79 67 51.0
79 70 64.0
79 73 94.0
79 88 87.0
79 90 5.0
79 105 89.0
79 135 97.0
79 137 82.0
79 173 37.0
79 185 53.0
79 195 32.0
79 198 5.0
80 23 27.0
80 29 54.0
80 45 64.0
80 71 82.0
80 150 1.0
80 53 35.0
80 65 2.0
80 91 7.0
80 132 76.0
80 142 12.0
80 144 70.0
80 147 48.0
80 153 30.0
80 165 65.0
80 167 3.0
80 172 62.0
80 175 1.0
81 13 4.0
81 28 15.0
81 85 96.0
81 119 15.0
81 139 83.0
81 178 70.0
81 179 34.0
81 75 87.0
82 9 35.0
82 14 38.0
82 84 68.0
82 121 58.0
82 193 75.0
82 3 32.0
82 148 66.0
82 153 61.0
83 5 56.0
83 19 77.0
83 42 16.0
83 51 84.0
83 98 90.0
83 107 94.0
83 156 53.0
83 157 68.0
83 189 30.0
83 15 11.0
83 25 78.0
83 87 14.0
83 95 31.0
83 118 83.0
84 9 85.0
84 14 18.0
84 29 87.0
84 71 33.0
84 121 74.0
84 193 11.0
84 3 3.0
84 53 89.0
84 82 89.0
84 148 13.0
84 153 83.0
84 165 20.0
85 13 30.0
85 28 13.0
85 47 72.0
85 81 1.0
85 111 12.0
85 113 72.0
85 119 26.0
85 127 76.0
85 139 7.0
85 176 3.0
85 178 4.0
85 179 26.0
86 11 5.0
86 36 37.0
86 44 31.0
86 64 90.0
86 116 97.0
86 123 86.0
86 140 39.0
86 163 35.0
86 182 20.0
87 42 24.0
87 83 22.0
87 171 26.0
87 196 23.0
87 7 72.0
87 15 67.0
87 25 69.0
87 66 28.0
87 89 40.0
87 93 87.0
87 102 21.0
87 118 27.0
87 141 88.0
87 160 85.0
87 187 4.0
88 1 90.0
88 10 5.0
88 21 51.0
88 24 87.0
88 37 57.0
88 52 65.0
88 79 44.0
88 106 63.0
88 135 87.0
88 137 20.0
88 185 31.0
88 195 27.0
88 198 94.0
89 42 73.0
89 171 50.0
89 196 17.0
89 2 53.0
89 7 90.0
89 15 85.0
89 25 93.0
89 66 43.0
89 87 98.0
89 93 35.0
89 102 16.0
89 118 77.0
89 120 95.0
89 129 75.0
89 141 95.0
89 160 17.0
89 186 91.0
89 187 44.0
90 17 33.0
90 31 90.0
90 46 48.0
90 62 85.0
90 67 87.0
90 70 72.0
90 73 28.0
90 79 94.0
90 105 36.0
90 145 15.0
90 173 96.0
90 191 92.0
91 22 10.0
91 40 69.0
91 53 54.0
91 65 93.0
91 68 91.0
91 80 66.0
91 126 66.0
91 132 66.0
91 143 90.0
91 144 78.0
91 153 22.0
91 165 30.0
91 170 75.0
91 172 40.0
91 175 40.0
91 183 39.0
92 100 79.0
92 101 48.0
92 125 21.0
92 151 88.0
92 177 66.0
92 122 10.0
92 159 12.0
93 42 88.0
93 196 16.0
93 2 2.0
93 7 73.0
93 15 22.0
93 25 10.0
93 64 11.0
93 66 82.0
93 87 19.0
93 89 35.0
93 102 44.0
93 118 50.0
93 120 2.0
93 129 1.0
93 141 22.0
93 160 71.0
93 186 18.0
93 187 57.0
94 51 78.0
94 189 7.0
94 20 36.0
94 4 29.0
94 38 28.0
94 39 66.0
94 55 51.0
94 63 35.0
94 106 69.0
94 112 72.0
94 169 6.0
94 199 61.0
95 42 48.0
95 51 29.0
95 83 6.0
95 98 27.0
95 107 14.0
95 156 26.0
95 189 73.0
95 7 76.0
95 20 64.0
95 25 32.0
95 58 84.0
95 118 42.0
95 154 85.0
96 20 35.0
96 32 60.0
96 35 70.0
96 78 65.0
96 136 12.0
96 166 45.0
96 168 75.0
96 49 80.0
96 52 64.0
96 55 98.0
96 63 88.0
96 103 23.0
96 104 27.0
96 106 3.0
96 112 5.0
96 114 79.0
96 169 60.0
97 5 1.0
97 9 66.0
97 23 32.0
97 29 86.0
97 48 52.0
97 71 50.0
97 76 93.0
97 110 73.0
97 115 6.0
97 121 80.0
97 133 97.0
97 157 80.0
97 193 86.0
98 5 1.0
98 19 60.0
98 42 78.0
98 45 91.0
98 51 35.0
98 83 60.0
98 107 19.0
98 150 9.0
98 156 47.0
98 189 21.0
98 95 3.0
98 4 69.0
98 167 41.0
99 76 66.0
99 128 77.0
99 131 65.0
99 133 3.0
99 134 85.0
99 157 72.0
99 171 88.0
99 190 67.0
99 194 49.0
100 30 79.0
100 40 42.0
100 68 88.0
100 74 62.0
100 101 31.0
100 143 30.0
100 177 65.0
100 200 74.0
100 72 96.0
100 92 20.0
100 159 98.0
101 30 15.0
101 100 3.0
101 125 58.0
101 151 93.0
101 177 40.0
101 92 21.0
101 159 62.0
102 8 3.0
102 54 68.0
102 171 89.0
102 196 62.0
102 2 2.0
102 15 70.0
102 44 49.0
102 50 83.0
102 66 27.0
102 77 96.0
102 87 41.0
102 89 10.0
102 93 45.0
102 120 28.0
102 129 90.0
102 141 32.0
102 186 32.0
102 187 28.0
103 32 23.0
103 35 83.0
103 78 40.0
103 136 19.0
103 166 75.0
103 1 82.0
103 24 75.0
103 26 75.0
103 49 77.0
103 52 88.0
103 55 84.0
103 63 95.0
103 96 29.0
103 104 6.0
103 106 30.0
103 114 86.0
103 149 54.0
103 158 41.0
103 169 99.0
103 198 60.0
104 20 50.0
104 32 85.0
104 35 93.0
104 78 39.0
104 136 48.0
104 138 74.0
104 166 69.0
104 168 20.0
104 49 91.0
104 52 88.0
104 55 4.0
104 63 52.0
104 96 86.0
104 103 35.0
104 106 78.0
104 112 67.0
104 114 43.0
104 169 94.0
105 6 65.0
105 10 79.0
105 17 30.0
105 31 40.0
105 62 86.0
105 79 76.0
105 90 59.0
105 122 72.0
105 135 31.0
105 164 13.0
105 173 2.0
105 191 30.0
106 24 85.0
106 38 30.0
106 39 84.0
106 52 28.0
106 55 99.0
106 63 98.0
106 88 51.0
106 94 28.0
106 96 14.0
106 103 28.0
106 104 75.0
106 112 86.0
106 169 29.0
106 199 51.0
107 5 6.0
107 19 98.0
107 23 42.0
107 45 44.0
107 51 94.0
107 71 60.0
107 83 75.0
107 98 26.0
107 150 82.0
107 156 72.0
107 157 52.0
107 189 21.0
107 95 68.0
107 4 32.0
107 142 1.0
107 147 72.0
107 167 61.0
108 41 50.0
108 56 66.0
108 61 33.0
108 153 5.0
108 155 53.0
108 165 11.0
108 174 83.0
108 183 31.0
108 188 45.0
108 192 93.0
109 16 46.0
109 27 7.0
109 33 27.0
109 34 25.0
109 57 18.0
109 59 70.0
109 60 92.0
109 110 22.0
109 115 62.0
109 124 54.0
109 146 36.0
109 161 82.0
109 162 56.0
109 194 19.0
110 48 52.0
110 59 54.0
110 60 21.0
110 97 26.0
110 109 30.0
110 115 32.0
110 121 11.0
110 124 52.0
110 133 81.0
110 161 61.0
110 193 96.0
111 18 77.0
111 36 83.0
111 47 71.0
111 64 17.0
111 85 69.0
111 113 45.0
111 123 34.0
111 127 29.0
111 152 5.0
111 176 85.0
111 182 20.0
112 20 67.0
112 4 55.0
112 24 5.0
112 38 16.0
112 39 47.0
112 52 59.0
112 55 37.0
112 63 58.0
112 94 54.0
112 96 70.0
112 104 87.0
112 106 63.0
112 169 91.0
112 199 2.0
113 13 40.0
113 18 51.0
113 28 53.0
113 36 80.0
113 47 46.0
113 69 91.0
113 85 57.0
113 111 87.0
113 119 31.0
113 127 43.0
113 176 53.0
113 178 50.0
113 179 37.0
113 180 57.0
113 182 85.0
114 32 44.0
114 35 81.0
114 78 98.0
114 136 7.0
114 138 30.0
114 139 94.0
114 166 16.0
114 168 86.0
114 178 71.0
114 26 59.0
114 49 20.0
114 55 78.0
114 75 29.0
114 96 80.0
114 103 56.0
114 104 89.0
114 149 82.0
114 158 49.0
114 169 68.0
115 48 92.0
115 60 61.0
115 97 23.0
115 109 80.0
115 110 25.0
115 121 58.0
115 124 42.0
115 133 66.0
115 161 16.0
115 193 84.0
116 2 83.0
116 44 96.0
116 50 95.0
116 64 86.0
116 77 70.0
116 86 67.0
116 120 37.0
116 123 86.0
116 129 17.0
116 140 38.0
116 186 7.0
117 7 13.0
117 12 38.0
117 20 2.0
117 25 12.0
117 58 87.0
117 118 3.0
117 127 38.0
117 136 34.0
117 138 17.0
117 152 64.0
117 154 58.0
117 160 92.0
118 42 57.0
118 83 78.0
118 7 96.0
118 15 66.0
118 25 98.0
118 58 57.0
118 66 46.0
118 87 68.0
118 89 61.0
118 93 96.0
118 95 40.0
118 117 60.0
118 141 32.0
118 154 70.0
118 160 48.0
118 187 72.0
119 13 2.0
119 28 69.0
119 81 65.0
119 85 73.0
119 113 23.0
119 178 18.0
119 179 57.0
120 2 41.0
120 44 3.0
120 50 8.0
120 64 94.0
120 66 69.0
120 77 77.0
120 89 49.0
120 93 69.0
120 102 27.0
120 116 53.0
120 129 35.0
120 141 4.0
120 186 24.0
120 187 77.0
121 9 3.0
121 14 65.0
121 23 97.0
121 29 26.0
121 48 50.0
121 71 93.0
121 84 63.0
121 97 1.0
121 110 3.0
121 115 97.0
121 193 85.0
121 3 18.0
121 53 68.0
121 82 16.0
122 6 13.0
122 92 48.0
122 105 59.0
122 135 82.0
122 159 62.0
122 164 80.0
123 11 55.0
123 18 72.0
123 36 45.0
123 44 56.0
123 64 75.0
123 86 53.0
123 111 38.0
123 116 48.0
123 140 51.0
123 163 50.0
123 182 50.0
124 16 20.0
124 59 2.0
124 60 19.0
124 109 36.0
124 110 78.0
124 115 28.0
124 146 71.0
124 161 69.0
125 101 35.0
125 151 64.0
125 177 48.0
125 92 83.0
126 22 48.0
126 40 42.0
126 91 45.0
126 130 67.0
126 143 48.0
126 170 59.0
126 184 64.0
127 12 4.0
127 13 95.0
127 18 67.0
127 36 80.0
127 47 20.0
127 85 79.0
127 111 13.0
127 113 16.0
127 117 20.0
127 138 78.0
127 139 34.0
127 152 77.0
127 176 67.0
127 182 31.0
128 27 18.0
128 76 79.0
128 99 1.0
128 131 96.0
128 133 88.0
128 134 7.0
128 171 42.0
128 190 28.0
128 194 22.0
129 54 78.0
129 196 2.0
129 2 9.0
129 44 60.0
129 50 61.0
129 64 65.0
129 66 36.0
129 77 13.0
129 89 55.0
129 93 85.0
129 102 22.0
129 116 10.0
129 120 16.0
129 141 97.0
129 186 46.0
129 187 32.0
130 43 6.0
130 126 30.0
130 170 57.0
130 184 75.0
131 27 48.0
131 99 62.0
131 128 42.0
131 134 16.0
131 162 79.0
131 171 57.0
131 190 95.0
131 194 53.0
132 45 99.0
132 71 86.0
132 150 79.0
132 4 32.0
132 53 6.0
132 65 26.0
132 80 78.0
132 91 79.0
132 142 75.0
132 144 25.0
132 147 32.0
132 167 77.0
132 172 73.0
132 175 91.0
133 48 5.0
133 76 94.0
133 97 19.0
133 99 78.0
133 110 99.0
133 115 39.0
133 128 12.0
133 157 22.0
134 27 47.0
134 99 15.0
134 128 13.0
134 131 92.0
134 162 87.0
134 190 52.0
134 194 29.0
135 1 12.0
135 10 94.0
135 17 32.0
135 21 75.0
135 37 19.0
135 73 74.0
135 79 91.0
135 88 1.0
135 105 42.0
135 122 78.0
135 137 16.0
135 164 69.0
135 173 79.0
135 185 54.0
135 195 84.0
135 198 26.0
136 12 78.0
136 20 40.0
136 32 11.0
136 35 49.0
136 58 43.0
136 78 19.0
136 117 34.0
136 138 99.0
136 139 5.0
136 152 54.0
136 154 24.0
136 166 87.0
136 168 25.0
136 49 96.0
136 55 87.0
136 63 47.0
136 96 26.0
136 103 23.0
136 104 58.0
136 114 76.0
136 169 62.0
137 1 84.0
137 10 1.0
137 21 35.0
137 24 5.0
137 37 81.0
137 52 49.0
137 73 97.0
137 79 24.0
137 88 26.0
137 135 62.0
137 173 61.0
137 185 1.0
137 195 95.0
137 198 79.0
138 12 87.0
138 13 60.0
138 20 28.0
138 32 92.0
138 35 64.0
138 47 28.0
138 58 50.0
138 78 15.0
138 117 65.0
138 127 3.0
138 136 21.0
138 139 29.0
138 152 26.0
138 166 59.0
138 168 45.0
138 176 60.0
138 178 80.0
138 179 62.0
138 49 3.0
138 104 62.0
138 114 49.0
139 12 36.0
139 13 40.0
139 28 36.0
139 32 1.0
139 35 91.0
139 47 14.0
139 78 87.0
139 81 39.0
139 85 63.0
139 127 44.0
139 136 34.0
139 138 64.0
139 152 14.0
139 166 46.0
139 168 76.0
139 176 13.0
139 178 91.0
139 179 13.0
139 49 81.0
139 75 49.0
139 114 27.0
140 11 80.0
140 86 91.0
140 116 17.0
140 123 33.0
140 163 9.0
141 42 51.0
141 54 34.0
141 171 32.0
141 196 89.0
141 2 2.0
141 15 40.0
141 50 48.0
141 66 50.0
141 77 70.0
141 87 56.0
141 89 57.0
141 93 84.0
141 102 60.0
141 118 30.0
141 120 2.0
141 129 30.0
141 160 22.0
141 186 11.0
141 187 65.0
142 5 51.0
142 23 62.0
142 29 64.0
142 45 80.0
142 51 96.0
142 71 57.0
142 107 11.0
142 150 74.0
142 53 34.0
142 65 89.0
142 80 45.0
142 132 22.0
142 144 25.0
142 147 48.0
142 167 22.0
142 172 24.0
142 175 60.0
143 22 14.0
143 30 86.0
143 40 87.0
143 68 27.0
143 74 48.0
143 91 52.0
143 100 57.0
143 126 90.0
143 144 11.0
143 170 44.0
143 172 83.0
143 175 56.0
143 200 39.0
144 71 39.0
144 22 28.0
144 53 67.0
144 65 3.0
144 80 90.0
144 91 24.0
144 132 29.0
144 142 2.0
144 143 73.0
144 147 31.0
144 153 82.0
144 165 48.0
144 172 41.0
144 175 71.0
144 183 68.0
145 17 14.0
145 31 57.0
145 46 17.0
145 62 81.0
145 70 31.0
145 90 88.0
146 16 11.0
146 33 15.0
146 34 68.0
146 57 76.0
146 59 43.0
146 60 83.0
146 109 21.0
146 124 76.0
146 161 39.0
146 194 96.0
147 5 81.0
147 23 40.0
147 29 78.0
147 45 88.0
147 51 9.0
147 71 61.0
147 107 77.0
147 150 32.0
147 4 11.0
147 53 23.0
147 65 57.0
147 80 87.0
147 132 44.0
147 142 9.0
147 144 33.0
147 167 97.0
147 172 22.0
147 175 94.0
148 9 42.0
148 14 7.0
148 84 19.0
148 3 32.0
148 82 77.0
148 153 20.0
148 165 60.0
148 183 43.0
148 188 56.0
149 35 48.0
149 26 77.0
149 49 82.0
149 75 13.0
149 103 38.0
149 114 26.0
149 158 17.0
149 181 87.0
150 5 15.0
150 23 57.0
150 29 30.0
150 45 36.0
150 51 59.0
150 71 56.0
150 98 39.0
150 107 74.0
150 156 19.0
150 53 69.0
150 65 5.0
150 80 37.0
150 132 14.0
150 142 53.0
150 147 70.0
150 167 24.0
150 175 24.0
151 101 96.0
151 125 90.0
151 177 76.0
151 92 65.0
152 7 26.0
152 12 38.0
152 18 27.0
152 20 58.0
152 47 51.0
152 58 79.0
152 78 41.0
152 111 37.0
152 117 35.0
152 127 33.0
152 136 75.0
152 138 19.0
152 139 22.0
152 154 41.0
152 168 68.0
152 176 74.0
153 9 42.0
153 29 54.0
153 71 77.0
153 84 31.0
153 3 23.0
153 53 59.0
153 65 77.0
153 80 33.0
153 82 9.0
153 91 69.0
153 108 46.0
153 144 40.0
153 148 85.0
153 165 34.0
153 172 67.0
153 174 75.0
153 175 18.0
153 183 88.0
154 189 99.0
154 7 70.0
154 15 94.0
154 20 65.0
154 25 56.0
154 58 17.0
154 95 86.0
154 117 88.0
154 118 90.0
154 136 41.0
154 152 37.0
154 160 55.0
155 41 71.0
155 56 39.0
155 61 91.0
155 108 40.0
155 165 73.0
155 174 54.0
155 183 19.0
155 188 6.0
155 192 33.0
156 5 84.0
156 19 56.0
156 23 12.0
156 42 52.0
156 45 82.0
156 51 75.0
156 76 79.0
156 83 60.0
156 98 82.0
156 107 37.0
156 150 59.0
156 157 82.0
156 189 25.0
156 95 71.0
157 5 73.0
157 19 15.0
157 23 73.0
157 42 27.0
157 76 28.0
157 83 22.0
157 97 4.0
157 99 72.0
157 107 10.0
157 133 62.0
157 156 37.0
158 35 63.0
158 26 12.0
158 49 43.0
158 75 26.0
158 103 32.0
158 114 44.0
158 149 2.0
158 181 41.0
159 100 93.0
159 101 69.0
159 177 58.0
159 92 29.0
159 122 21.0
160 42 54.0
160 7 4.0
160 15 57.0
160 25 54.0
160 58 77.0
160 66 26.0
160 87 88.0
160 89 7.0
160 93 44.0
160 117 50.0
160 118 18.0
160 141 55.0
160 154 63.0
160 187 25.0
161 16 52.0
161 59 49.0
161 60 94.0
161 109 81.0
161 110 18.0
161 115 80.0
161 124 65.0
161 146 27.0
162 27 31.0
162 33 58.0
162 34 30.0
162 57 73.0
162 109 68.0
162 131 44.0
162 134 8.0
162 190 98.0
162 194 59.0
163 11 64.0
163 69 89.0
163 86 15.0
163 123 66.0
163 140 60.0
163 180 72.0
164 6 17.0
164 10 10.0
164 17 66.0
164 31 26.0
164 105 54.0
164 122 37.0
164 135 22.0
164 173 27.0
164 191 81.0
165 84 23.0
165 3 64.0
165 53 63.0
165 56 30.0
165 65 62.0
165 80 94.0
165 91 36.0
165 108 42.0
165 144 78.0
165 148 5.0
165 153 84.0
165 155 13.0
165 172 99.0
165 174 71.0
165 175 47.0
165 183 95.0
165 188 37.0
166 12 76.0
166 20 40.0
166 32 20.0
166 35 58.0
166 58 41.0
166 78 52.0
166 136 10.0
166 138 7.0
166 139 52.0
166 168 97.0
166 49 73.0
166 55 87.0
166 63 64.0
166 96 51.0
166 103 78.0
166 104 32.0
166 114 58.0
166 169 59.0
167 45 30.0
167 51 83.0
167 98 72.0
167 107 78.0
167 150 17.0
167 189 99.0
167 4 5.0
167 80 32.0
167 132 84.0
167 142 37.0
167 147 24.0
167 175 57.0
167 38 53.0
168 12 14.0
168 13 33.0
168 32 29.0
168 35 30.0
168 47 64.0
168 78 72.0
168 136 98.0
168 138 72.0
168 139 78.0
168 152 37.0
168 166 20.0
168 176 44.0
168 178 99.0
168 179 58.0
168 49 70.0
168 75 15.0
168 96 95.0
168 104 88.0
168 114 73.0
169 20 7.0
169 32 42.0
169 35 8.0
169 78 79.0
169 136 53.0
169 166 67.0
169 24 57.0
169 49 62.0
169 52 83.0
169 55 78.0
169 63 98.0
169 94 66.0
169 96 76.0
169 103 54.0
169 104 4.0
169 106 10.0
169 112 38.0
169 114 35.0
169 199 46.0
170 22 86.0
170 30 62.0
170 40 36.0
170 68 11.0
170 74 6.0
170 91 42.0
170 126 25.0
170 130 98.0
170 143 44.0
170 184 36.0
171 8 69.0
171 42 44.0
171 54 23.0
171 99 97.0
171 128 92.0
171 131 53.0
171 196 90.0
171 87 16.0
171 89 47.0
171 102 86.0
171 141 15.0
171 187 9.0
172 71 67.0
172 22 39.0
172 53 7.0
172 65 12.0
172 80 95.0
172 91 79.0
172 132 66.0
172 142 38.0
172 143 95.0
172 144 20.0
172 147 33.0
172 153 29.0
172 165 65.0
172 175 58.0
172 183 25.0
173 1 60.0
173 10 95.0
173 17 4.0
173 21 16.0
173 31 85.0
173 37 14.0
173 62 75.0
173 67 60.0
173 70 92.0
173 73 52.0
173 79 85.0
173 90 85.0
173 105 42.0
173 135 68.0
173 137 38.0
173 164 94.0
173 185 51.0
173 191 71.0
173 195 48.0
173 198 75.0
174 41 20.0
174 56 21.0
174 61 10.0
174 108 24.0
174 153 74.0
174 155 31.0
174 165 85.0
174 183 64.0
174 188 36.0
174 192 15.0
175 45 62.0
175 71 26.0
175 150 15.0
175 22 11.0
175 53 45.0
175 65 86.0
175 80 88.0
175 91 89.0
175 132 53.0
175 142 98.0
175 143 85.0
175 144 96.0
175 147 90.0
175 153 44.0
175 165 84.0
175 167 22.0
175 172 87.0
176 12 4.0
176 13 9.0
176 18 78.0
176 28 30.0
176 36 28.0
176 47 69.0
176 78 69.0
176 85 81.0
176 111 1.0
176 113 15.0
176 127 86.0
176 138 73.0
176 139 18.0
176 152 11.0
176 168 98.0
176 178 27.0
176 179 84.0
176 182 72.0
177 30 54.0
177 100 5.0
177 101 17.0
177 125 59.0
177 151 68.0
177 92 51.0
177 159 72.0
178 12 63.0
178 13 78.0
178 28 72.0
178 35 62.0
178 47 68.0
178 78 84.0
178 81 83.0
178 85 9.0
178 113 29.0
178 119 25.0
178 138 60.0
178 139 89.0
178 168 52.0
178 176 60.0
178 179 6.0
178 75 67.0
178 114 43.0
179 13 8.0
179 28 73.0
179 47 56.0
179 81 25.0
179 85 42.0
179 113 34.0
179 119 76.0
179 138 1.0
179 139 31.0
179 168 50.0
179 176 58.0
179 178 31.0
180 11 80.0
180 69 51.0
180 113 16.0
180 163 14.0
181 26 72.0
181 67 92.0
181 70 86.0
181 73 81.0
181 149 64.0
181 158 9.0
181 197 26.0
182 11 70.0
182 18 48.0
182 36 77.0
182 47 97.0
182 64 31.0
182 86 48.0
182 111 48.0
182 113 45.0
182 123 86.0
182 127 91.0
182 176 82.0
182 186 21.0
183 41 86.0
183 53 31.0
183 56 17.0
183 91 83.0
183 108 50.0
183 144 29.0
183 148 43.0
183 153 2.0
183 155 13.0
183 165 75.0
183 172 83.0
183 174 67.0
183 188 63.0
184 22 45.0
184 43 29.0
184 126 67.0
184 130 86.0
184 170 75.0
185 1 71.0
185 10 29.0
185 21 1.0
185 24 62.0
185 37 98.0
185 52 66.0
185 79 8.0
185 88 4.0
185 135 64.0
185 137 24.0
185 173 56.0
185 195 71.0
185 198 79.0
186 2 96.0
186 44 71.0
186 50 6.0
186 64 61.0
186 66 11.0
186 77 56.0
186 89 9.0
186 93 67.0
186 102 55.0
186 116 70.0
186 120 20.0
186 129 77.0
186 141 3.0
186 182 31.0
186 187 49.0
187 42 61.0
187 171 51.0
187 196 59.0
187 2 34.0
187 7 18.0
187 15 90.0
187 25 4.0
187 64 53.0
187 66 64.0
187 77 75.0
187 87 13.0
187 89 15.0
187 93 77.0
187 102 3.0
187 118 28.0
187 120 25.0
187 129 24.0
187 141 15.0
187 160 70.0
187 186 65.0
188 41 34.0
188 56 37.0
188 61 65.0
188 108 20.0
188 148 85.0
188 155 48.0
188 165 34.0
188 174 8.0
188 183 45.0
188 192 86.0
189 19 18.0
189 51 41.0
189 83 83.0
189 98 80.0
189 107 50.0
189 156 83.0
189 95 72.0
189 154 43.0
189 4 29.0
189 167 15.0
189 94 3.0
190 8 86.0
190 27 32.0
190 99 19.0
190 128 69.0
190 131 60.0
190 134 30.0
190 162 3.0
190 194 79.0
191 6 67.0
191 17 67.0
191 31 8.0
191 46 32.0
191 62 94.0
191 90 91.0
191 105 33.0
191 164 17.0
191 173 59.0
192 41 25.0
192 56 7.0
192 61 95.0
192 108 58.0
192 155 12.0
192 174 33.0
192 188 39.0
193 9 35.0
193 14 72.0
193 23 40.0
193 29 2.0
193 48 64.0
193 71 49.0
193 84 88.0
193 97 24.0
193 110 80.0
193 115 42.0
193 121 54.0
193 3 5.0
193 82 46.0
194 27 70.0
194 33 88.0
194 34 60.0
194 57 56.0
194 59 33.0
194 99 84.0
194 109 65.0
194 128 61.0
194 131 92.0
194 134 9.0
194 146 41.0
194 162 66.0
194 190 21.0
195 1 21.0
195 10 58.0
195 17 32.0
195 21 29.0
195 24 52.0
195 37 84.0
195 52 83.0
195 73 15.0
195 79 64.0
195 88 4.0
195 135 90.0
195 137 57.0
195 173 49.0
195 185 37.0
195 198 27.0
196 8 86.0
196 42 40.0
196 54 71.0
196 171 99.0
196 2 82.0
196 15 80.0
196 66 8.0
196 87 67.0
196 89 57.0
196 93 93.0
196 102 48.0
196 129 88.0
196 141 73.0
196 187 82.0
197 67 31.0
197 70 25.0
197 73 29.0
197 181 85.0
198 1 50.0
198 10 34.0
198 21 65.0
198 24 42.0
198 37 70.0
198 52 75.0
198 70 79.0
198 73 64.0
198 79 21.0
198 88 52.0
198 103 77.0
198 135 98.0
198 137 93.0
198 173 69.0
198 185 63.0
198 195 80.0
199 4 57.0
199 200 92.0
199 24 99.0
199 38 98.0
199 39 87.0
199 52 62.0
199 63 93.0
199 72 81.0
199 94 36.0
199 106 51.0
199 112 16.0
199 169 81.0
200 4 9.0
200 30 72.0
200 68 94.0
200 74 80.0
200 100 51.0
200 143 51.0
200 38 84.0
200 39 82.0
200 72 58.0
200 199 40.0
