137 224
136 967
141 447
4 591
140 299
5 6
143 911
129 440
128 658
10 894
11 1
132 932
14 446
134 989
16 99
19 357
155 658
156 645
21 198
20 923
158 226
22 942
144 819
25 458
146 217
27 866
147 389
26 141
29 271
31 936
151 501
34 586
171 226
35 112
169 208
168 612
38 620
174 696
39 85
36 599
37 146
172 249
162 859
43 852
160 780
41 449
167 576
44 817
165 456
164 909
51 748
186 219
49 369
48 771
185 683
55 906
190 254
191 178
52 449
189 154
178 997
179 254
58 519
177 146
182 189
63 788
180 100
61 779
60 891
71 782
64 168
65 599
67 180
76 771
197 170
77 795
79 946
193 390
192 241
74 226
75 194
84 393
86 175
81 623
94 97
89 495
88 393
91 350
103 287
100 627
101 779
96 616
111 308
109 352
107 488
105 474
114 23
125 781
122 767
121 953
