51.92385405153808 139.6198217898259 0.0
51.778664436811425 197.5616758992623 0.0
179.76074106330978 72.46438130468296 0.0
26.619878688829356 186.75894671418686 0.0
176.16765857491657 171.42445592370342 0.0
164.97082576085526 112.52924793223222 0.0
0.1584884477732862 89.84276089896484 0.0
114.27231777914011 53.798365418559094 0.0
194.2562308332355 2.8536493720586753 0.0
38.45514335273632 23.93632393049132 0.0
105.44208390020742 174.0637224162485 0.0
59.313830848548044 169.39002798988122 0.0
78.60831054050934 45.00029730846875 0.0
74.14714067270182 118.99202783058604 0.0
1.964446500824324 80.14630978000699 0.0
11.243507378921613 190.29923727073688 0.0
37.16659040770771 99.01303031362639 0.0
41.23530247372806 186.0730970754844 0.0
76.50989486044621 31.58489780368918 0.0
75.04072404734177 147.02064630608373 0.0
35.34460345855879 144.60346440713886 0.0
48.057776300093316 66.17364222931951 0.0
109.9464059540735 3.540287636938899 0.0
15.469845512886238 15.79077216754714 0.0
9.392101401345476 158.74149239739646 0.0
164.9678699894993 189.42574673431315 0.0
104.5619129260399 174.10943023506314 0.0
90.88931876204978 19.811954227069894 0.0
28.210117676753498 152.81976108887102 0.0
67.71954867081998 197.47208059276755 0.0
107.11594165758783 156.95501664095482 0.0
11.09639915007996 85.4689742487037 0.0
110.64699597362437 66.56864950449935 0.0
120.90421298065326 102.4718336322915 0.0
159.63785385020074 78.57616865326733 0.0
63.738776822886734 129.31959217517252 0.0
55.30663892743368 7.003022302614714 0.0
170.96999030296004 83.52118833074876 0.0
160.00288763704867 13.501511883413752 0.0
103.82436996901157 101.64027309252168 0.0
89.90017285672829 170.68191708388875 0.0
168.35481926485062 71.26960954688795 0.0
64.31731264971576 140.6858364629816 0.0
150.86045970899912 162.30835477913473 0.0
197.1723711691945 37.562497882275366 0.0
188.26449223757734 121.51316070232996 0.0
113.14387714152065 34.39164975587781 0.0
188.15353588966912 14.801834464883989 0.0
24.434006960616372 74.7294976104125 0.0
69.62705677519932 28.54614611261319 0.0
13.598895387037446 152.83681888621425 0.0
8.80097941680007 74.09815980726388 0.0
133.73140442270653 38.28140277731848 0.0
141.75465282312678 79.05229348332104 0.0
59.35210378529592 37.88958806473885 0.0
2.9059280419797773 194.25312671435077 0.0
199.6844713417778 11.654610699420132 0.0
158.24416725750126 97.31673007539278 0.0
20.56064729731375 189.09221173819043 0.0
30.546512331896025 131.44124368946427 0.0
12.024418229244205 168.66682593379366 0.0
7.647900306793276 182.5400216899382 0.0
85.76836189834268 25.294430429852866 0.0
175.03075360152562 168.23875026399278 0.0
189.8624478560367 99.56096936802348 0.0
20.445489816006113 189.03549370398628 0.0
187.80167444234576 197.17810033114534 0.0
20.968347792398134 174.9305910787293 0.0
164.72064606389566 188.33079069963787 0.0
141.8483698612543 50.091143540624095 0.0
95.69330499059734 163.9541364572982 0.0
151.69059578495407 33.622519769135465 0.0
39.35633229365136 179.60950989359048 0.0
89.96798136289883 96.2772907892657 0.0
104.66506766994925 197.51311469962175 0.0
10.549717537218829 0.9396625270859271 0.0
179.41109921333867 123.40264109784403 0.0
68.87902163582116 168.981353335662 0.0
6.20098640509279 27.310694077534748 0.0
120.62882693008976 35.092758707878644 0.0
44.915855020553686 135.9463678188921 0.0
56.10894605466896 179.9508495237916 0.0
70.24203202117285 189.26920601297488 0.0
107.39380918180544 163.0933085172829 0.0
18.683018825743545 64.97261240646333 0.0
134.0850043023075 17.626007258662458 0.0
21.533627025626956 191.97654063791956 0.0
18.818301715973206 13.898900281707572 0.0
38.61719908211534 197.6621105347146 0.0
185.07003481012305 151.04313818669408 0.0
42.15730950222321 63.463702289614375 0.0
87.51311720327115 93.26999054962822 0.0
90.97559040547377 199.56671866577628 0.0
119.11827750666953 132.0901027284126 0.0
82.27764431164213 91.8422044373717 0.0
129.39128432922675 26.11930074887947 0.0
71.60929805026721 122.7822100486605 0.0
54.582477657137176 46.895016649548296 0.0
11.135810284479053 23.08258529845384 0.0
23.399980933195465 42.13521838689225 0.0
172.21690734153978 171.65282747252974 0.0
120.70347683514142 17.129568158635866 0.0
190.3209232888056 29.215263560735274 0.0
166.85063192848907 30.4602994632565 0.0
198.64145815523565 164.28877829187962 0.0
1.8136010622135323 102.00810664801887 0.0
101.35052236805126 10.23504378186464 0.0
50.8783795935515 139.20624965087688 0.0
78.24219092038607 78.17803083971671 0.0
192.68504662683944 1.7637662681147637 0.0
109.59133992610415 42.99046257041466 0.0
150.56222099587396 145.5865539307914 0.0
63.37217804202546 118.17354261198822 0.0
184.5545482864548 13.382932973337924 0.0
96.55166543621849 40.339253826302055 0.0
174.23701566819884 72.44803835960508 0.0
187.993235530573 195.13724804690617 0.0
51.35557953807395 139.37923329291777 0.0
142.57654733026595 133.85117033956558 0.0
166.5286448876588 176.98260965053063 0.0
184.4592391673394 153.52206294229308 0.0
155.68929068480708 100.38831621210676 0.0
91.97707548969312 143.33942661373902 0.0
9.643589752394032 87.40042495455018 0.0
117.49914909481147 136.173070911935 0.0
144.065483557775 52.36472115595638 0.0
82.62499346507035 146.50201362395225 0.0
117.44412148944261 113.34572411164426 0.0
42.4310444851927 124.62923982115164 0.0
50.944859913114016 59.16199468267946 0.0
172.04388135547833 11.95409822193334 0.0
166.8403905599569 5.836599110344154 0.0
44.638285911337604 143.2068648950081 0.0
181.11379318974906 21.27742785493083 0.0
42.028195727520476 8.932818992805313 0.0
161.0306869716951 92.50993153543811 0.0
67.33920989157018 65.14600746322425 0.0
89.92285021681387 11.542515801263953 0.0
13.82137323253676 56.95566892410901 0.0
169.12107342822202 163.95277423220304 0.0
184.6814806831046 9.101142426482767 0.0
30.920340868603667 18.54053080760558 0.0
55.88427089076209 28.713766261132868 0.0
136.6556443532587 136.90137667455392 0.0
27.19240693801104 164.25733854248853 0.0
90.4121535483766 148.53236260506924 0.0
116.28518397367571 169.4812053990968 0.0
11.588733119020489 170.08915857768898 0.0
116.61649879817277 132.35314140311328 0.0
78.47908744366457 186.67192629686716 0.0
161.7427040224714 146.32180259731666 0.0
80.23020875827463 158.52487147575786 0.0
117.17142850191382 124.89145786900364 0.0
95.98296774661623 68.29235268540221 0.0
155.35265942401168 90.37445071763761 0.0
57.69520684069822 181.98214104642196 0.0
60.253757995594135 3.8196908091411963 0.0
147.09277117330936 61.04425697195055 0.0
55.03037873045369 45.49830985541246 0.0
127.3894700659388 133.48173272084642 0.0
49.62555936994899 3.960334994881687 0.0
16.862031584278814 108.6672692975788 0.0
164.69954149565166 86.55915386355734 0.0
174.0616238824486 3.5477259104122805 0.0
4.113290124353175 25.47332620932894 0.0
83.3887515500805 37.17615737037669 0.0
20.25885830464007 20.638032582735534 0.0
104.95356119437862 146.01884849160513 0.0
44.85012805494088 34.63139167447407 0.0
184.08910903564768 174.24272613776532 0.0
42.35783731872138 34.44358914971139 0.0
3.5802331533976384 101.19625969838084 0.0
184.09295342617648 161.18961488080132 0.0
105.61614481412467 182.55477259489757 0.0
38.01288944327577 101.2092205091315 0.0
110.67009013317923 2.1089987907942254 0.0
22.645372466553514 130.6305031549259 0.0
116.9547570368368 157.9333417826722 0.0
83.09499218791343 10.356350465317243 0.0
76.79742368982305 39.67835039628773 0.0
12.91788193116643 119.56578744124266 0.0
15.224190060198417 92.9895218332424 0.0
167.72021051968667 133.20507045455133 0.0
181.23782827397866 112.5624228685809 0.0
94.65652257823285 172.57621134071283 0.0
3.7193007428500735 57.10207329037238 0.0
36.574278387705014 88.0133920424687 0.0
61.57807373107398 37.46208774254527 0.0
160.3712241203227 168.7705671949731 0.0
171.7218593492843 93.49708436892348 0.0
106.20254369021882 117.62637079738236 0.0
148.611629707158 145.66965560615947 0.0
57.4951254223792 176.345210926921 0.0
195.61308333663217 84.21090416745538 0.0
191.29645205030874 43.01632319241286 0.0
51.05106892176672 141.6414617999038 0.0
84.30607995786865 83.42530001491572 0.0
130.8187401370246 83.71769003948788 0.0
22.007894522987858 105.99543045992279 0.0
184.58862767822578 149.37559272342477 0.0
186.64164668642084 43.46906826813432 0.0
14.117971018600993 72.00268851707379 0.0
184.3226407934538 64.38194360054443 0.0
189.8361401419843 122.37609156271887 0.0
112.43873911139481 123.51627896221082 0.0
45.84715276606901 127.86261728466745 0.0
165.52407123058848 152.9012462173989 0.0
133.67565008936884 42.98480120197561 0.0
31.129302716188747 193.56221321606526 0.0
171.53006102259786 73.21430783007416 0.0
36.77851727229407 173.10303855162687 0.0
138.5518913253777 186.86215184089085 0.0
174.92312052203917 145.33837242195335 0.0
132.46550153222037 89.19293901756231 0.0
154.8734428782725 25.575900879945145 0.0
134.23792408162632 178.39811217635153 0.0
109.00914527833461 178.78116369279292 0.0
104.80373123905457 54.82104356166513 0.0
115.13967668905639 47.74042663465994 0.0
76.60514094480679 12.834580376863759 0.0
87.7064952810913 144.46986187773837 0.0
96.64291445867521 9.029559532225306 0.0
37.588997662357194 170.50225642254 0.0
27.928972840139444 70.88043519874209 0.0
3.596415473069259 180.31499939088664 0.0
122.6768362401653 186.81221764768628 0.0
118.29829723658321 157.04622565472306 0.0
143.26143858472136 1.600519002083356 0.0
86.66645556011672 130.77855638023982 0.0
25.925113663829812 130.2944426098674 0.0
28.071583539689836 37.05284520534964 0.0
57.401843203276435 199.35981920914236 0.0
160.49810272222837 86.90708609053056 0.0
66.07722405064978 25.49808158896898 0.0
190.4110402624026 99.61842764887723 0.0
16.9969041217785 50.60401416488871 0.0
112.52911618355716 35.45912857552614 0.0
43.98151185230397 65.58315748355407 0.0
20.828460848271234 58.1600531617954 0.0
152.3014897320461 176.2577855429288 0.0
85.42181165067775 55.40806698492662 0.0
181.81047978679197 91.34794665320764 0.0
59.52820356437019 50.58666528695268 0.0
133.13126583405835 145.5219604385598 0.0
146.56858311647682 150.10174828903476 0.0
28.433601984407495 9.768598120129424 0.0
179.49305814056143 188.01752491888686 0.0
103.53848660315413 186.85090764388178 0.0
42.76583702327812 53.360089721537875 0.0
109.52890659456716 141.3595596646908 0.0
102.00411440683834 15.329266514769536 0.0
39.74217939526468 71.89130638103092 0.0
97.0876694959454 197.79190786696134 0.0
91.9645700885921 97.13603228156012 0.0
101.62601914631857 96.81283704342076 0.0
125.84396152745767 198.16362109137694 0.0
154.9904929310092 83.61226766905543 0.0
81.981790080457 35.959755674329585 0.0
32.68878162886184 190.22153038456648 0.0
191.86077559984616 146.26749145383093 0.0
136.67985473570963 136.2415331523788 0.0
126.7101714500236 3.049326883739134 0.0
59.29744996788773 122.49140514137467 0.0
108.60575020370177 37.392292253952 0.0
2.770724538459235 190.96743352461803 0.0
38.54687917972757 100.43632939545566 0.0
120.90080833455643 130.41528814763038 0.0
83.9484651312447 66.91414529268944 0.0
190.27249415473347 192.95134284318334 0.0
111.93082696190733 90.14848823354858 0.0
15.450469325951799 79.55166504363072 0.0
54.98585326392453 39.860558980293945 0.0
25.929917456061347 150.86009436420088 0.0
152.04312369530493 80.90117159898773 0.0
32.181518972010316 24.649676593436954 0.0
20.655004843618862 184.0240478396924 0.0
73.95128359995584 32.40445474175158 0.0
84.9650245761852 199.0783964447753 0.0
116.04597393889371 24.87147294373313 0.0
9.319110773912097 166.5058822328858 0.0
25.155013515553204 140.0656760530249 0.0
68.82468489852639 194.7846659976189 0.0
195.83037679667092 177.09318771029575 0.0
25.85780320530113 89.47130712361971 0.0
184.5659865138462 155.29122250503116 0.0
75.46391111466349 183.74883685089233 0.0
157.9886592689046 80.56577962197566 0.0
172.79313154160633 90.89738168000278 0.0
64.49282417018343 89.44100188168966 0.0
162.15617597839926 175.8613034056566 0.0
198.22163360467806 196.21696337506103 0.0
189.982457453408 26.0948157832259 0.0
40.11736831246162 29.765358029361266 0.0
102.90717725858336 91.12573453738983 0.0
132.8343030854194 13.875541502916345 0.0
107.40946978288474 155.78490607222574 0.0
74.62763241674801 18.69601287861098 0.0
98.8691397899482 13.806586190205937 0.0
101.9022340878853 190.69932166086295 0.0
155.60459845552487 16.51295504102517 0.0
170.9254379117852 54.73127539503031 0.0
137.40016568117696 85.55369183143631 0.0
146.27828651390493 74.0879028189898 0.0
128.226077456919 99.17934585405284 0.0
56.940028105160344 53.19673426911129 0.0
19.299822016179302 88.28514701777334 0.0
190.47093755766682 72.3615669169241 0.0
41.33290469766733 11.469535696768052 0.0
61.578890604101666 55.162690643240886 0.0
123.75225745750473 17.60972891108945 0.0
13.42537790197511 186.48757586452794 0.0
183.88095031472506 49.9642282437444 0.0
188.3470019675287 22.799549175923794 0.0
30.508127984952704 197.57014299105225 0.0
39.23876283575392 66.13501358500291 0.0
103.97344186071041 157.71098359119037 0.0
43.66583126056436 9.452493776759985 0.0
168.8364756568139 137.48829756951463 0.0
29.840739269697856 3.339554940755085 0.0
125.39710326147232 93.03850090408548 0.0
126.92326111383862 142.71661713845324 0.0
112.77791364249097 181.69389090321954 0.0
11.67059686967642 127.05929378792207 0.0
38.975198345184324 85.39480679293725 0.0
39.285731666353584 108.79381996856398 0.0
192.23034933078492 52.917551742933576 0.0
18.382216438854538 111.90298964817235 0.0
63.26870962966213 103.99064874532972 0.0
18.30384497039388 76.4126564978632 0.0
139.39843037947335 40.129751060323656 0.0
81.60812651523406 164.3118786547242 0.0
19.156907641519272 115.02928937436616 0.0
55.34265626109762 48.59244365811699 0.0
140.13804832847924 31.60683456916793 0.0
151.8138696277847 99.47637696875549 0.0
112.82856976606514 153.30398739813208 0.0
102.86794778370121 80.53287756138421 0.0
109.72710103353396 44.005258181647974 0.0
81.27397278659183 172.2688863981447 0.0
171.7150904905144 83.94441624657676 0.0
128.61970115025952 51.91034503355376 0.0
62.59375764554942 148.22546393316455 0.0
51.20073110077061 175.4739693199542 0.0
27.89675843068935 180.09323915471475 0.0
23.704011764791353 131.86224983012627 0.0
95.53351232922256 142.84650682863037 0.0
75.05709164899257 168.59711902987274 0.0
193.51337494855926 92.2941110100547 0.0
21.634728343876496 124.94058152010243 0.0
153.94626299550566 175.91272858265094 0.0
60.08484500625861 50.533432853163674 0.0
22.710583628113355 35.37236902652459 0.0
135.35605362107387 136.31595576889885 0.0
0.6246401467055129 165.85378093152585 0.0
159.07942794304174 39.37734410487841 0.0
4.653042203543989 68.58964227966548 0.0
169.27732518719424 44.51339721952132 0.0
56.62486234197981 122.31914696798594 0.0
194.4425342696203 172.65477834841005 0.0
82.13575703340517 194.85363174455003 0.0
113.35127066932509 119.96112201512278 0.0
33.75136573373538 117.70846764694762 0.0
186.5438209504482 191.2588557674761 0.0
140.3248324141283 54.764340045029726 0.0
176.22699941400904 177.633556889505 0.0
128.18645289025878 110.17897241492709 0.0
68.42293179335677 20.37051851165017 0.0
60.15882518645805 41.27792954007747 0.0
164.50887139551293 102.06981759602039 0.0
194.796206864967 68.91114676780991 0.0
118.86313924947936 110.64523612297018 0.0
180.94202398341525 110.76955203082235 0.0
165.15267091747833 33.048971518284496 0.0
171.64391721772535 102.41397592275439 0.0
95.86775957346876 152.94708296712406 0.0
66.66085698439545 16.276342125088327 0.0
138.03015281320046 150.20324911862645 0.0
74.24230716198777 140.6510061874004 0.0
102.5707059548912 129.91142273312724 0.0
120.55470133040996 138.70182068548613 0.0
75.69335742038803 44.85053353803599 0.0
129.0757355275164 171.7684276115954 0.0
67.6123363604829 117.61748349417967 0.0
42.47235617960625 141.76299129495322 0.0
37.36984995250208 117.32727363202598 0.0
65.923696985107 84.20647761933809 0.0
172.01191450455377 100.65199729885623 0.0
173.54535272029554 126.46135083381698 0.0
14.220162823352611 88.10322873232217 0.0
38.516852337605044 14.975379636964092 0.0
4.56786899943038 113.84524291961466 0.0
22.709477859564696 10.859083691231163 0.0
32.888720226689315 160.95910250194837 0.0
93.05678566376929 154.87710002399692 0.0
77.81716463287395 73.96070000044494 0.0
119.60564467156547 110.9416800765702 0.0
154.37946243270406 26.508490564896636 0.0
154.1308110163513 11.45415073373357 0.0
186.58497827494668 114.61953849170392 0.0
188.39142522879735 148.34823454258606 0.0
75.28739098865283 144.3452842145688 0.0
147.55307463477868 180.44667779662072 0.0
141.1559859106813 87.74125741220338 0.0
86.99448767895355 160.75065475509996 0.0
88.41738788608171 192.0978043804512 0.0
129.66310401045774 126.53911520755474 0.0
57.098463731839914 144.7816476527629 0.0
6.339156333098939 40.663064933239454 0.0
9.82142706385256 19.67094971824015 0.0
142.613200266811 124.17764580027819 0.0
33.77246359051773 161.0494032921091 0.0
74.07736195972315 78.46261462348384 0.0
129.28553279956853 96.95755700695806 0.0
165.17579986009073 159.23969057547657 0.0
103.55334174379922 16.382578491074273 0.0
157.35528896728883 135.40299362280572 0.0
91.29768531498215 93.30027112932275 0.0
178.60213798809215 42.33672021981272 0.0
183.80185499862287 195.46616228191158 0.0
109.14684808901933 122.40183540196507 0.0
63.52791638927702 76.98513921018721 0.0
17.0634097482637 34.531602831922136 0.0
13.6121016959464 21.072017492512018 0.0
152.68532148568084 110.38332921575386 0.0
199.85189216335365 73.04819787710588 0.0
122.20571821897104 136.25177116179324 0.0
107.36852611371626 83.50241290897296 0.0
148.5244385202057 47.95723368205993 0.0
54.9491856958751 167.6763024905157 0.0
171.35001891645769 40.17940698827891 0.0
7.1432622376174315 79.51847091222508 0.0
138.76002497400344 112.21558370434168 0.0
57.5074962210677 197.4834330349173 0.0
198.86836619253563 198.89996617429864 0.0
165.9650757122429 124.03465985438793 0.0
12.94361061867666 168.42830885135714 0.0
199.06409962541952 111.94376277144735 0.0
80.26763675287837 108.09022563319996 0.0
43.99110988620056 47.860705564625164 0.0
190.2191483438011 64.41904463792523 0.0
145.51573493920714 147.2626721891632 0.0
98.51208205454964 156.02714743363248 0.0
49.612746917861706 44.77208552283996 0.0
62.21412395624206 135.40234736998272 0.0
28.32822179080661 199.96705246995987 0.0
162.11582962834328 40.1987844897707 0.0
7.526755582597722 81.19039217413106 0.0
191.21633651153743 145.06360442852758 0.0
22.47699424820937 38.49606163293065 0.0
94.53671041654196 1.7984828311032874 0.0
85.80307400111242 131.75482876012987 0.0
108.16755825736139 138.66286406675664 0.0
68.14989516953096 41.07362839925939 0.0
64.40258134550245 178.88365109222545 0.0
163.9803914791358 154.06603324305559 0.0
5.005325737392696 133.9438274211573 0.0
143.2433792340305 198.14394889984268 0.0
76.10141740566189 28.980320924412695 0.0
74.22079870193228 165.8835488329054 0.0
65.88415309198862 25.629296846318073 0.0
143.68345536438358 167.65121613243315 0.0
90.26642441476045 21.914752578136042 0.0
197.5548179953855 38.05812924303604 0.0
31.80736694992392 129.28426515968928 0.0
78.60256290532632 21.44484666201172 0.0
193.68743034559688 53.65335555189621 0.0
147.24798305933206 66.48018675374081 0.0
43.20084649701532 40.32795927756827 0.0
137.40368097697433 171.09142509967091 0.0
88.17979298306729 81.93213832340169 0.0
121.32023667153935 36.325587600356 0.0
54.95990536879412 133.97604518028228 0.0
35.74286983828334 11.374662146155101 0.0
17.942050499365525 134.4569913311395 0.0
156.24945434879876 141.88003869050735 0.0
168.50057958153747 81.89424361285 0.0
97.46152430744537 69.76458226499128 0.0
104.93365254987496 90.4559829496917 0.0
163.89025070482037 175.22339384666844 0.0
75.34652089591853 11.344675217804223 0.0
179.49960811014444 100.13718759752494 0.0
111.8038837396894 86.36498901812494 0.0
83.63941672453565 47.055017780397314 0.0
56.78285370490086 182.60605784658628 0.0
196.82105830538308 9.025869319090907 0.0
101.90337219758881 46.42784907585056 0.0
131.87915214507527 152.9415315240748 0.0
34.10810096282215 110.44913584095536 0.0
54.38267485340316 152.6858175189812 0.0
115.90932938007884 88.9923475135406 0.0
180.7293890089638 148.26820418638098 0.0
14.015553638570166 105.44851916512042 0.0
43.177697886456734 193.25264268891226 0.0
34.59583188593305 9.283208323149484 0.0
148.14045253618525 145.17514041374727 0.0
123.63527414641422 60.91218253993469 0.0
7.385371355674031 152.27652397764638 0.0
47.28034653814268 89.43343294706463 0.0
131.357315147526 194.759646143194 0.0
79.7679785972932 161.20991123833772 0.0
39.65766432234539 149.91305408310177 0.0
195.47779908290133 136.5551714005522 0.0
65.78664955271367 167.82592947937167 0.0
186.84209114213522 37.28192730210746 0.0
111.57451264185703 168.0520974297229 0.0
111.29341905496672 99.631377191367 0.0
141.2980008107522 197.46340156204212 0.0
8.125166076178703 145.10889194202397 0.0
96.29869717430175 25.66589557743788 0.0
120.08555238055042 66.00953604847209 0.0
57.990257943996546 96.73486091668812 0.0
104.72096650552083 192.92466242277087 0.0
90.4617466019779 4.657618790801976 0.0
126.92982476880645 88.27869067153189 0.0
53.454737562788026 14.755803802745927 0.0
86.88344441869526 92.95290829759304 0.0
192.31200333953976 14.491715433827101 0.0
156.4157416648242 142.31101426022076 0.0
83.56607647346992 44.44605017483323 0.0
72.17884688951264 163.44893102136575 0.0
143.1561586606261 33.88718808363818 0.0
65.30711824601008 167.24917440651984 0.0
188.832223374863 145.23503356971236 0.0
95.02723646733224 156.8279184669638 0.0
89.1254923842778 17.855158459269973 0.0
197.5975042109175 188.22076246078717 0.0
128.33472810613702 194.00192516285097 0.0
62.15464899088276 139.6608517137158 0.0
170.29808897230066 108.36190221280906 0.0
1.4918761430038119 172.561028464657 0.0
13.290685606382624 27.531891133488283 0.0
98.48712472773641 100.31934182643197 0.0
94.20822812798069 36.89858901932421 0.0
77.84585309545724 120.32513566679206 0.0
122.26742427034334 189.76967295357898 0.0
178.01793591333396 10.050678068783657 0.0
100.77424707928301 57.23907739591161 0.0
179.5936858278304 139.87125369069992 0.0
130.08132715305052 147.15184487381856 0.0
184.17914675388525 113.26424158988499 0.0
175.67613671193433 196.66690282875038 0.0
131.69627385050762 109.29568499912723 0.0
32.411984486297825 185.2988711668977 0.0
194.24886323971356 72.81063904354465 0.0
19.214030154720607 63.95275052396612 0.0
91.14040855367853 174.50128262948184 0.0
98.16291843820184 50.348318891305 0.0
32.32535800719998 46.03476531333466 0.0
127.67897562250283 102.36368696176463 0.0
16.520605355321294 184.6804417616479 0.0
31.60013073285013 48.2104187712834 0.0
185.39933967904534 17.384005261680848 0.0
194.26711188614726 25.985377494640915 0.0
66.73464714894651 15.993867958347586 0.0
176.29974833395357 165.02723905917645 0.0
27.055633877392403 163.35288351390162 0.0
86.56855323825408 27.6385298964543 0.0
98.32416473270173 184.22640910976287 0.0
42.93599545776283 22.11671712983374 0.0
143.33547828430068 75.54540050760569 0.0
107.66228262793076 196.6708313363103 0.0
80.99150614069033 197.20119713593814 0.0
92.94074476742409 128.6828181436602 0.0
5.290739177251225 117.63628186198945 0.0
97.84817952944498 34.9056410357818 0.0
100.82409389823441 147.73331942345206 0.0
160.06590432623952 145.57305211693338 0.0
82.76126224498739 42.01239270848938 0.0
184.04755423369198 9.028630087488043 0.0
70.75758321669596 97.90430926324696 0.0
141.8798916718925 123.36459638423175 0.0
143.90661891776867 41.875599171626554 0.0
33.90337920230462 127.69370668948629 0.0
117.80900673854178 55.43866185505881 0.0
43.22940837573472 128.06029204450093 0.0
135.02349230978177 64.58829436882793 0.0
121.61146847393584 181.6293989019847 0.0
66.61122331861382 192.96369941800702 0.0
103.697860326511 117.6757420040916 0.0
85.17996251767129 62.042854726784235 0.0
162.51386579799896 135.02698698723196 0.0
88.77984304124595 10.933927897793772 0.0
191.09154024507163 182.99878367864412 0.0
130.1979428235132 103.83625739417424 0.0
123.48570291620847 6.491624494317483 0.0
37.64398619232385 195.0012311618142 0.0
92.98493704095674 115.80257439796628 0.0
0.515007174684512 129.0311528605213 0.0
66.14674545383909 27.83767607474441 0.0
37.871984310935815 168.61211818831688 0.0
188.35635557262867 117.79353128334154 0.0
167.456835156979 162.28458034764483 0.0
129.92891019278815 119.00960208759275 0.0
149.52341829261434 191.6132454612779 0.0
31.345144367011212 113.57538599315495 0.0
92.45159977003998 70.12563051428499 0.0
12.03098459940335 167.40950324119353 0.0
176.05862998102242 105.64651501374674 0.0
29.161710389762874 180.91060355685505 0.0
73.71747206739651 183.1632802932666 0.0
151.29179810649057 49.91270450396339 0.0
135.8370321846268 77.11496288074696 0.0
46.18166759577589 61.56043910418454 0.0
34.95450687541333 160.00565224771626 0.0
73.01311327536719 185.85257348770674 0.0
166.6354206104375 138.50068923065785 0.0
16.255273019353545 165.98480571377522 0.0
50.5722073330781 118.67192773604698 0.0
1.7634669658652236 59.25581395523631 0.0
82.71755453682748 178.81611199138516 0.0
95.26348372251205 135.18330020372994 0.0
51.983953490782596 111.27824822861108 0.0
99.19420728840839 198.60949671084424 0.0
53.98628869366555 83.9697460664153 0.0
135.95180773237016 72.9585824400296 0.0
9.499600160601695 67.77870740586509 0.0
133.89900563989966 152.44108789698393 0.0
126.74942035376444 177.8278093285707 0.0
117.07327185525891 11.88334918714229 0.0
134.34744564750392 184.54283841640552 0.0
40.348076186497494 48.99271758418586 0.0
155.630604139335 164.75285301621284 0.0
8.87169588979264 26.25220387491789 0.0
95.3568691034175 183.5507421380864 0.0
73.92832398048952 178.27092334559268 0.0
166.1565149387254 24.40071324936102 0.0
6.93656781432721 55.29959625091998 0.0
94.83282770277211 117.98714906186858 0.0
119.12074795165692 84.75314001534421 0.0
17.551523520285084 159.55699172128737 0.0
116.46072288209123 149.96517054518046 0.0
98.15355161457569 50.015666439856155 0.0
157.84624396441615 109.03218075300929 0.0
85.27116805664537 147.79437867433342 0.0
118.93215547208781 106.48770058687813 0.0
161.62257283535052 176.51443030148005 0.0
155.01116845380227 166.67995230108943 0.0
132.8056131305658 97.73196810097913 0.0
3.2910936133621727 100.10888344470055 0.0
53.106454170193594 28.55445421241971 0.0
68.28382720308994 2.611665949068942 0.0
192.2844077478446 60.677921492278266 0.0
193.58372314526125 182.16827284840286 0.0
9.989367837330843 20.40188990987406 0.0
139.13317378019423 9.231761759061508 0.0
123.41372945809428 198.4366643473612 0.0
155.14370186209388 153.87054796740114 0.0
128.97583484913403 73.82548125796032 0.0
72.16098203342717 146.64286866128938 0.0
170.2774365396934 58.06188086903554 0.0
11.33275970773424 180.00641519519064 0.0
132.27288342344605 93.49040728534193 0.0
159.7586952073661 153.1989360180586 0.0
85.53311385959927 154.3365670551086 0.0
52.871663949376035 155.9083578869365 0.0
104.68280793808171 119.21985386339296 0.0
59.120277174170035 84.6839233394594 0.0
41.534388170733074 110.76137333779035 0.0
71.79271277564554 90.92250934728558 0.0
46.13786267827129 30.90546359340074 0.0
178.64222214750077 70.39718821980368 0.0
197.91078935470549 59.83251039184647 0.0
102.04510330350674 21.677895308185068 0.0
134.20806145910123 131.84798110937206 0.0
80.74205284473341 24.426859340248264 0.0
45.13633055458186 53.39045671444096 0.0
198.78437171183705 18.434263079227975 0.0
41.11340992213912 186.30934320272456 0.0
158.1265215791412 100.39246424671893 0.0
93.61816566184191 83.82069242350542 0.0
138.3771516483268 97.789810665537 0.0
99.77176095980613 137.05739537486215 0.0
90.54074739019202 127.93805255498387 0.0
127.83648071095524 166.8877798339614 0.0
171.15254250489676 105.02999578280348 0.0
163.4135589719237 178.68459002216042 0.0
39.029597570956966 119.25702021699811 0.0
95.06690761027055 186.98393926271072 0.0
8.931257712364626 79.39872763367978 0.0
53.29475132484844 112.48181954715442 0.0
184.74248262577487 183.929972357916 0.0
148.21672256088388 55.57346893392647 0.0
79.36392958617371 65.5731794896714 0.0
139.03906864262922 158.6486993673199 0.0
69.3129013293798 40.35678710452522 0.0
12.306056497422935 183.61419766869503 0.0
129.10967381868917 184.62342212471398 0.0
46.14097465234175 51.621503289071846 0.0
43.84390641075135 162.06416874066787 0.0
94.12535457043931 118.73724621485124 0.0
107.88629163999113 27.738230883523094 0.0
135.16048274268638 94.30005578755916 0.0
183.5307992206886 47.169970329575236 0.0
4.600399921195808 47.96632017372866 0.0
115.42326489673462 85.99821129660586 0.0
47.14115038881772 96.95477918953041 0.0
74.95228202089599 149.2854713206698 0.0
13.396065752851527 116.75783273140866 0.0
43.34884607508309 179.4775587721187 0.0
59.78244115191078 176.59515410625016 0.0
133.06128833673125 58.13690965227056 0.0
5.290097537786709 165.1430518389832 0.0
194.04250729576228 98.95566135145377 0.0
48.89773113376121 42.580893931752954 0.0
154.9068168689512 168.18749112065817 0.0
157.84818622261756 131.75357451976487 0.0
8.483914706674556 123.51984466746104 0.0
99.6892315513116 44.25701277725991 0.0
67.1179372525413 123.54116807635522 0.0
9.931531452630992 26.511309536912474 0.0
85.12978915866816 127.34046362184013 0.0
62.37104321664022 106.39408318669719 0.0
74.1812648457588 177.40934912331775 0.0
40.56818994986002 22.764323253470685 0.0
121.84982108001738 38.899593727009176 0.0
196.67159819602665 128.21490621750797 0.0
64.54313691246827 54.42190787781496 0.0
127.71944233920101 69.64967478399598 0.0
62.95291847882159 65.95462050630032 0.0
99.74675956792723 71.7888857613496 0.0
181.56775310822854 154.063639051648 0.0
106.47242736319313 75.46458483895361 0.0
183.33504986619516 149.51791284256407 0.0
162.03480326103644 15.575286475499706 0.0
116.38252604425512 183.51747478218928 0.0
96.19029615137127 162.8271552581418 0.0
91.77990291492692 160.13386823821867 0.0
45.584554382383224 98.89671637339465 0.0
129.64187354727855 158.1956735488851 0.0
116.15113101446424 146.40788677677975 0.0
85.44364001799084 199.7345680308912 0.0
129.38791840791507 133.1239910933831 0.0
59.24072968186125 158.24025734580076 0.0
159.20689484039445 34.01321649086455 0.0
137.55497901216756 22.35531711664198 0.0
116.2480453728492 105.35370152260757 0.0
21.009016584006133 79.2739407422898 0.0
142.99364811177068 1.802425383445172 0.0
50.36183999802295 36.99126003131832 0.0
45.71440468714609 50.359693949161645 0.0
159.41831095925193 65.68279024846262 0.0
8.224259388694556 144.41901369878104 0.0
155.35587443835425 5.876394135629548 0.0
7.615980401177791 16.59973822583578 0.0
55.33196964583067 164.71186506811722 0.0
83.59493717365547 150.81794369986562 0.0
192.80600272740912 1.4661732446055176 0.0
100.7238898789214 102.05859460871511 0.0
47.829985348985126 189.65511490871054 0.0
86.8367330064132 106.5699086910425 0.0
52.63235836937446 35.40499413482381 0.0
31.074643154330438 185.7088069080073 0.0
177.13974903017012 30.42075463859424 0.0
181.44333029459722 73.4238832999319 0.0
108.65174260669845 22.75977268111329 0.0
194.4852639718272 30.370365559137348 0.0
105.70408095431947 99.75337208958392 0.0
158.60635664477306 146.90924652072903 0.0
128.2259861466271 194.8009035462351 0.0
137.7915806836531 82.75057570206899 0.0
24.417672606231555 53.39404094914983 0.0
63.889488006105324 142.758728042744 0.0
189.3443262968663 123.61182656652656 0.0
143.34093333699357 146.4453528530432 0.0
1.0632582658874012 172.45966076762758 0.0
38.1725034152133 112.93334568660703 0.0
87.17115592561622 171.80845650410515 0.0
131.2704844242086 153.68319035961048 0.0
77.9787314694447 46.322770692762404 0.0
192.39668829445097 142.03069325048483 0.0
162.09033749350726 30.649715699896184 0.0
124.10243774361518 111.59303165396044 0.0
75.986472991657 44.273143893604505 0.0
185.64271081953655 124.85776298001008 0.0
131.277356616298 59.820463550984314 0.0
168.1874109586802 148.77736153088242 0.0
111.61614580959703 114.24230944828939 0.0
26.072290332609626 75.94956510672128 0.0
155.83056055992907 192.16797442970076 0.0
56.527205208309674 37.971685390368194 0.0
84.65217450960134 96.87239061410655 0.0
64.26484639163353 171.8148106251018 0.0
25.492709933192792 16.67336376619133 0.0
47.50819500435139 20.5716942799127 0.0
43.03721675137937 193.21034515963007 0.0
198.48048468512397 176.68986461871924 0.0
192.9941470941416 102.93905877758101 0.0
24.07663690329265 8.80936961314287 0.0
182.16279209713994 74.30900412789516 0.0
161.38043538743244 152.58230336077867 0.0
40.04874248026995 80.4736614114154 0.0
187.88712465861892 91.35923748297921 0.0
85.57841903304586 171.01608858770913 0.0
7.736301673680646 4.385212464134058 0.0
7.033998374514505 36.05541472543627 0.0
32.9554103646607 118.15609052095385 0.0
64.15042698096558 132.2324442798889 0.0
172.65931294572943 60.84358463804478 0.0
68.38640724211416 42.455562156842895 0.0
193.34689827454866 190.2053320865928 0.0
