3 653
9 44
11 745
12 331
13 894
14 932
17 621
19 267
18 92
22 606
25 26
26 183
28 551
35 760
32 849
33 140
38 604
39 908
47 436
45 447
49 149
54 211
58 848
56 944
69 884
71 285
65 930
67 363
77 497
78 692
72 923
75 543
84 485
87 72
81 305
83 359
82 571
93 733
92 915
94 799
91 290
90 201
103 816
100 424
99 881
96 409
97 669
110 732
111 976
109 19
105 145
118 590
117 606
116 126
113 943
112 936
124 349
123 774
120 200
137 136
138 14
140 372
143 986
128 332
131 489
130 986
133 48
135 642
134 894
152 996
154 879
157 388
158 521
159 34
144 467
145 193
147 558
149 762
168 964
175 631
174 985
172 882
161 192
160 500
167 616
166 403
164 366
187 620
184 799
185 49
190 860
191 197
178 608
182 487
183 670
180 246
204 453
207 111
200 524
202 382
197 883
196 815
199 718
192 889
195 381
194 543
220 599
222 964
223 386
216 455
218 475
219 82
212 668
214 334
215 637
211 767
239 718
233 365
232 882
231 1
230 721
229 785
225 652
253 447
247 587
244 64
242 100
243 754
274 956
272 3
279 7
277 608
283 502
282 665
287 187
284 919
259 849
256 148
269 271
305 118
307 273
306 652
308 925
311 767
312 597
314 586
317 876
318 393
288 636
290 912
291 62
292 234
295 485
298 27
299 18
300 210
301 403
302 650
303 599
343 859
341 443
339 793
338 847
337 180
336 828
351 806
350 683
349 812
348 818
326 204
327 209
324 251
325 295
323 814
334 814
330 564
331 751
328 347
329 121
375 111
374 398
368 559
371 166
370 876
381 32
380 59
383 532
376 930
379 484
358 387
359 380
365 237
366 526
362 117
410 782
411 605
408 864
414 993
412 601
413 267
402 316
403 420
400 519
401 991
407 320
405 359
393 467
398 996
384 479
391 660
390 488
388 581
440 72
441 280
442 375
444 474
445 325
447 580
432 668
434 802
438 707
429 590
428 934
430 468
416 288
418 44
421 137
479 689
474 590
475 568
471 610
468 856
467 658
464 487
462 862
460 269
459 681
457 444
455 47
451 460
449 609
511 82
504 812
505 983
506 167
502 702
496 860
499 199
492 834
494 10
489 871
488 664
490 418
484 654
486 9
480 357
483 542
550 178
551 468
548 42
546 66
547 502
545 321
558 128
556 1
555 162
566 522
563 746
562 589
561 337
560 943
575 39
573 296
569 872
519 819
513 273
525 477
527 53
520 210
532 938
535 24
534 931
529 506
531 294
530 471
540 769
537 570
536 811
538 732
615 282
612 843
619 652
616 936
617 583
622 874
621 22
627 709
625 336
631 335
629 154
628 824
634 739
633 118
636 609
577 321
578 43
579 255
581 926
583 8
585 449
587 44
589 76
590 54
591 112
593 39
595 256
597 845
596 594
599 989
601 810
600 365
603 616
606 338
687 685
685 820
682 207
681 146
679 182
678 585
677 558
676 1
674 681
672 758
702 812
703 129
701 422
699 119
696 550
697 214
692 307
690 635
691 238
655 447
651 443
645 710
644 279
647 875
646 636
641 704
640 213
642 52
668 822
669 630
670 738
671 757
665 40
667 755
660 194
661 700
662 172
656 570
657 768
747 476
749 922
739 835
742 809
740 459
763 219
760 376
767 510
754 586
758 580
714 842
716 856
718 366
705 426
704 437
706 108
709 713
708 12
710 636
729 774
730 262
734 68
720 779
722 177
723 808
724 368
787 631
786 380
785 957
784 701
793 428
792 553
775 228
782 987
780 259
781 111
779 112
777 747
