2 713
3 663
4 994
13 269
14 995
16 629
21 449
20 231
22 702
24 351
26 887
31 799
32 75
39 499
36 253
37 765
42 975
41 887
47 381
44 96
51 357
49 345
54 292
56 330
61 829
60 83
70 275
71 944
77 85
79 178
72 555
74 8
75 715
84 293
86 604
81 851
80 340
92 570
89 851
88 850
91 660
102 468
101 150
98 724
97 250
111 401
109 549
107 501
104 343
105 520
119 39
118 883
117 387
112 695
127 278
126 402
123 861
120 619
136 400
139 551
138 477
141 929
140 43
142 362
131 135
132 777
135 236
134 916
153 670
154 402
156 619
157 400
158 882
159 792
144 559
146 910
147 719
148 530
169 18
168 186
175 940
174 416
173 608
163 892
160 773
166 162
164 674
186 968
187 917
184 36
190 961
188 277
178 812
179 182
182 849
183 427
198 473
193 263
192 996
194 13
