2 992
5 244
7 245
8 541
10 400
11 619
14 777
15 873
19 615
23 20
26 569
31 261
30 814
32 151
33 262
43 441
47 722
45 625
48 424
55 982
52 603
58 719
57 715
63 689
61 514
60 556
70 163
64 965
76 240
77 752
78 464
79 700
85 243
84 928
86 884
81 25
82 979
92 404
88 666
103 533
100 427
97 570
110 193
111 229
109 20
106 188
105 181
116 868
115 107
127 7
124 159
123 570
122 322
121 163
120 714
138 489
140 155
143 570
142 294
129 119
128 729
131 47
130 971
132 245
134 1
156 245
157 67
158 187
159 270
144 785
145 674
146 901
148 219
150 453
151 161
169 854
175 352
174 913
173 5
172 344
163 279
162 168
161 359
167 157
186 961
187 276
184 44
185 110
191 2
189 415
178 829
183 397
204 3
206 520
200 609
203 752
202 486
196 62
199 613
198 837
193 851
195 284
221 342
223 172
216 321
217 289
218 518
212 486
213 353
215 315
209 34
210 552
239 932
238 287
237 308
236 76
235 917
234 799
232 972
231 732
227 289
253 656
250 177
248 595
244 955
241 319
274 830
279 530
276 596
283 648
282 631
281 564
258 344
259 827
256 818
257 423
262 299
260 947
261 107
266 848
264 18
270 300
271 360
268 169
305 446
304 937
307 179
306 385
308 410
313 735
315 446
314 120
317 766
316 353
288 160
289 37
290 45
291 472
294 189
301 463
341 929
340 351
339 781
338 620
337 239
336 497
351 315
350 329
348 300
347 911
345 757
344 471
326 214
327 354
325 587
323 662
320 687
321 81
330 736
331 721
374 572
369 232
371 318
370 421
381 669
383 805
377 422
376 31
379 237
378 704
357 572
364 177
361 280
362 254
363 41
408 657
414 828
415 874
401 35
404 551
405 776
395 385
394 183
393 456
399 706
398 792
385 183
390 628
389 917
443 796
444 862
445 848
446 967
447 822
437 431
438 656
424 624
429 481
428 590
416 957
419 622
418 185
420 718
423 71
478 54
479 834
474 530
475 783
472 405
473 642
470 47
465 732
463 196
456 196
453 230
452 224
449 962
448 402
500 120
496 77
499 83
493 14
494 938
491 794
490 166
485 973
487 271
481 732
480 461
483 233
