6 885
9 503
11 142
12 661
15 387
16 606
18 910
21 97
20 350
23 772
22 565
24 824
27 49
29 668
28 531
30 539
34 231
35 879
33 290
37 363
42 714
47 465
48 83
53 91
59 80
58 857
62 178
61 726
68 864
69 707
70 400
71 889
78 138
75 316
87 126
80 260
94 13
89 449
88 591
90 882
102 554
103 725
98 511
99 994
96 117
97 413
104 616
119 106
118 907
117 529
116 43
113 847
127 351
126 225
123 371
120 156
137 55
141 129
143 749
142 364
129 660
131 867
130 531
135 133
152 943
153 808
154 408
157 619
158 574
159 530
147 407
149 526
169 173
168 577
175 364
173 634
163 754
162 608
161 332
160 505
186 473
185 51
188 248
189 711
178 270
179 783
176 259
177 185
182 593
183 862
180 781
181 514
205 466
202 998
199 529
198 148
193 326
192 117
194 569
220 312
216 539
218 932
219 161
213 650
215 685
209 468
210 769
237 723
236 83
235 201
234 19
233 204
232 851
231 474
229 277
228 981
254 610
255 17
250 993
249 175
246 432
247 653
245 63
242 828
243 872
240 802
275 652
272 505
277 501
282 186
281 475
286 20
285 23
258 602
262 546
263 128
267 901
269 523
304 896
309 362
308 429
310 20
312 115
317 488
318 655
288 313
289 670
290 917
291 511
292 633
295 439
297 243
301 545
303 681
343 814
342 901
340 15
339 81
338 129
337 480
350 494
349 200
346 196
345 502
344 231
326 186
324 30
322 710
320 521
332 626
333 144
331 203
370 291
382 836
377 294
379 159
359 559
352 100
353 63
364 580
365 171
366 493
360 650
361 184
408 1
409 207
414 294
415 682
412 493
413 344
402 996
403 445
400 503
401 781
407 568
405 168
395 934
394 702
392 953
397 671
396 229
385 84
390 698
389 634
388 410
441 687
443 521
445 807
446 681
447 448
432 517
435 894
437 959
425 463
427 485
431 914
430 858
417 698
421 156
423 639
478 854
477 755
475 696
472 212
473 914
468 501
469 497
464 487
463 113
462 675
460 23
455 687
454 29
451 797
448 244
509 986
510 206
504 368
505 472
506 83
500 407
502 768
497 587
498 367
499 690
493 268
495 958
488 405
491 570
484 246
486 587
481 120
483 621
550 118
548 490
549 898
546 701
544 787
558 445
555 78
553 44
566 517
565 835
560 98
575 165
574 385
573 889
572 607
571 306
569 666
516 159
518 543
519 455
514 529
515 390
525 602
526 813
520 168
523 47
533 797
531 947
541 984
543 423
542 936
537 135
610 213
611 750
608 777
614 890
612 219
613 583
619 442
617 970
620 304
621 922
626 332
631 353
630 806
635 565
632 663
639 690
576 362
577 873
578 223
581 564
582 574
586 945
587 412
588 359
590 983
593 941
592 174
595 635
597 716
599 68
598 787
600 215
603 980
602 712
604 791
606 591
686 42
685 131
682 735
677 96
676 160
675 640
674 18
673 653
702 757
700 500
698 388
696 331
694 541
692 92
691 816
655 657
648 923
650 976
644 185
647 393
646 413
640 820
642 405
668 668
671 252
666 663
660 855
661 770
657 943
658 580
659 631
746 855
744 643
751 430
750 304
748 513
737 201
741 233
761 774
764 5
765 580
755 795
752 74
753 745
756 93
757 642
713 60
712 164
718 637
705 935
704 500
707 450
706 774
709 47
708 292
710 20
728 686
734 947
720 286
724 564
725 73
727 269
800 997
791 798
790 83
789 667
787 554
786 169
798 751
796 272
794 582
771 349
768 702
782 421
783 567
780 447
781 591
778 479
779 625
