1 199 14.0
1 2 21.0
1 13 48.0
1 47 72.0
2 1 92.0
2 13 10.0
2 39 50.0
2 47 89.0
2 49 18.0
2 80 94.0
2 152 4.0
2 166 75.0
2 169 94.0
2 183 84.0
3 33 1.0
3 36 63.0
3 45 61.0
3 56 98.0
3 61 44.0
3 111 33.0
3 114 88.0
3 125 14.0
3 128 19.0
3 198 96.0
4 48 41.0
4 76 6.0
4 104 26.0
4 131 22.0
4 159 88.0
4 187 54.0
4 190 5.0
4 19 85.0
4 26 58.0
4 32 86.0
4 53 78.0
4 72 98.0
4 108 71.0
4 165 87.0
4 178 5.0
4 191 70.0
5 65 33.0
5 113 30.0
5 170 4.0
5 180 50.0
6 21 82.0
6 24 37.0
6 63 5.0
6 103 83.0
6 112 69.0
6 149 42.0
6 163 45.0
6 173 24.0
6 182 51.0
6 200 16.0
7 10 31.0
7 15 26.0
7 18 66.0
7 23 63.0
7 106 61.0
7 120 98.0
7 164 74.0
7 176 51.0
7 51 8.0
7 54 13.0
7 88 46.0
7 92 4.0
7 98 46.0
7 141 99.0
7 143 94.0
7 140 16.0
7 75 12.0
8 36 28.0
8 37 46.0
8 45 89.0
8 61 76.0
8 65 59.0
8 100 83.0
8 110 45.0
8 111 34.0
8 113 80.0
8 128 82.0
8 145 78.0
8 147 85.0
8 162 71.0
8 186 18.0
8 198 37.0
9 16 46.0
9 28 48.0
9 39 99.0
9 49 71.0
9 52 81.0
9 77 9.0
9 85 82.0
9 124 59.0
9 126 18.0
9 142 65.0
9 166 46.0
9 169 52.0
9 189 80.0
9 193 85.0
9 194 67.0
9 197 3.0
10 7 44.0
10 15 68.0
10 18 54.0
10 23 2.0
10 57 1.0
10 69 91.0
10 78 27.0
10 106 63.0
10 120 71.0
10 138 22.0
10 164 13.0
10 176 92.0
10 60 46.0
10 140 30.0
11 17 19.0
11 46 46.0
11 59 36.0
11 67 88.0
11 146 52.0
11 148 57.0
11 149 89.0
11 156 27.0
11 168 46.0
11 171 9.0
12 14 54.0
12 20 4.0
12 50 82.0
12 58 72.0
12 97 5.0
12 105 12.0
12 135 63.0
12 154 97.0
12 181 20.0
13 1 82.0
13 2 63.0
13 16 15.0
13 25 29.0
13 47 68.0
13 49 31.0
13 116 50.0
13 197 8.0
14 12 61.0
14 20 94.0
14 41 81.0
14 50 60.0
14 58 18.0
14 97 14.0
14 105 54.0
14 127 87.0
14 135 53.0
14 154 37.0
14 181 69.0
15 7 99.0
15 10 80.0
15 57 75.0
15 106 89.0
15 120 93.0
15 164 71.0
15 176 27.0
15 88 69.0
15 27 6.0
15 60 21.0
15 140 97.0
15 153 4.0
15 75 96.0
16 9 44.0
16 13 39.0
16 25 11.0
16 28 22.0
16 39 83.0
16 49 31.0
16 52 84.0
16 116 97.0
16 124 36.0
16 126 94.0
16 142 66.0
16 189 92.0
16 197 68.0
17 11 71.0
17 46 37.0
17 57 14.0
17 67 39.0
17 89 38.0
17 91 5.0
17 121 78.0
17 146 4.0
17 148 97.0
17 168 78.0
17 184 38.0
17 74 7.0
17 82 24.0
17 160 41.0
17 192 30.0
18 7 11.0
18 10 20.0
18 23 6.0
18 57 1.0
18 69 30.0
18 78 78.0
18 101 36.0
18 106 94.0
18 120 86.0
18 138 35.0
18 164 2.0
18 54 40.0
19 48 93.0
19 88 41.0
19 98 35.0
19 131 51.0
19 141 18.0
19 143 78.0
19 190 78.0
19 4 86.0
19 26 65.0
19 32 93.0
19 34 52.0
19 53 8.0
19 72 31.0
19 75 19.0
19 94 87.0
19 108 10.0
19 123 83.0
19 178 26.0
19 191 33.0
20 12 4.0
20 14 31.0
20 41 39.0
20 50 31.0
20 83 68.0
20 97 66.0
20 105 13.0
20 122 66.0
20 127 92.0
20 135 75.0
20 154 99.0
20 181 60.0
21 6 81.0
21 59 50.0
21 63 81.0
21 149 12.0
21 163 15.0
21 173 5.0
21 182 77.0
21 200 43.0
22 151 3.0
22 29 32.0
22 34 8.0
22 72 69.0
22 80 74.0
22 90 6.0
22 94 20.0
22 102 41.0
22 109 62.0
22 123 76.0
22 152 69.0
22 157 20.0
22 178 76.0
22 183 91.0
23 7 69.0
23 10 27.0
23 18 25.0
23 106 1.0
23 120 32.0
23 164 91.0
23 51 97.0
23 54 23.0
23 64 33.0
23 88 25.0
23 92 47.0
23 98 62.0
23 141 63.0
23 143 44.0
24 6 98.0
24 43 4.0
24 55 23.0
24 59 64.0
24 70 64.0
24 95 7.0
24 103 93.0
24 112 78.0
24 133 86.0
24 138 21.0
24 156 72.0
24 173 76.0
24 182 31.0
24 200 50.0
25 13 64.0
25 16 3.0
25 47 95.0
25 116 19.0
25 124 3.0
25 189 72.0
25 197 79.0
26 48 96.0
26 76 34.0
26 104 21.0
26 131 53.0
26 141 29.0
26 143 27.0
26 159 87.0
26 187 94.0
26 190 31.0
26 4 39.0
26 19 22.0
26 32 30.0
26 53 78.0
26 72 69.0
26 108 73.0
26 178 94.0
26 191 31.0
27 15 30.0
27 57 88.0
27 91 8.0
27 176 72.0
27 35 72.0
27 60 69.0
27 81 90.0
27 82 74.0
27 115 15.0
27 140 45.0
27 153 96.0
27 192 14.0
28 9 8.0
28 16 7.0
28 52 53.0
28 124 55.0
28 142 1.0
28 189 25.0
28 193 11.0
28 197 88.0
29 66 3.0
29 22 97.0
29 32 94.0
29 34 31.0
29 72 1.0
29 75 20.0
29 90 60.0
29 94 66.0
29 109 77.0
29 123 34.0
29 157 73.0
29 178 54.0
30 40 51.0
30 50 44.0
30 58 25.0
30 83 57.0
30 84 16.0
30 86 87.0
30 87 59.0
30 96 66.0
30 97 64.0
30 129 23.0
30 135 30.0
30 137 47.0
30 154 46.0
30 174 88.0
31 180 23.0
31 38 64.0
31 71 99.0
31 73 90.0
31 165 15.0
31 172 97.0
31 175 98.0
32 48 32.0
32 88 36.0
32 98 61.0
32 141 34.0
32 143 60.0
32 4 96.0
32 19 79.0
32 26 49.0
32 29 20.0
32 34 93.0
32 53 90.0
32 72 61.0
32 75 97.0
32 90 39.0
32 94 75.0
32 108 79.0
32 123 62.0
32 178 4.0
33 3 50.0
33 36 61.0
33 45 5.0
33 61 98.0
33 114 80.0
33 125 26.0
33 128 78.0
34 88 97.0
34 66 65.0
34 19 6.0
34 22 10.0
34 29 98.0
34 32 73.0
34 72 65.0
34 75 77.0
34 90 54.0
34 94 22.0
34 108 99.0
34 123 9.0
34 178 58.0
35 27 37.0
35 74 88.0
35 81 4.0
35 82 54.0
35 84 9.0
35 86 69.0
35 87 7.0
35 96 74.0
35 115 73.0
35 137 47.0
35 160 90.0
35 174 90.0
35 192 53.0
36 3 53.0
36 8 56.0
36 33 36.0
36 37 8.0
36 45 68.0
36 56 44.0
36 61 14.0
36 111 50.0
36 125 52.0
36 128 87.0
36 147 15.0
36 198 4.0
37 8 98.0
37 36 49.0
37 45 86.0
37 56 19.0
37 61 39.0
37 65 88.0
37 100 63.0
37 110 24.0
37 111 86.0
37 118 82.0
37 128 64.0
37 145 34.0
37 147 54.0
37 155 59.0
37 158 22.0
37 162 1.0
37 186 39.0
37 195 65.0
37 196 49.0
37 198 18.0
38 31 12.0
38 73 68.0
38 172 95.0
38 175 21.0
39 2 9.0
39 9 94.0
39 16 66.0
39 49 86.0
39 52 8.0
39 77 79.0
39 85 81.0
39 126 25.0
39 152 89.0
39 166 27.0
39 169 52.0
39 177 89.0
39 189 9.0
39 193 21.0
39 194 34.0
40 30 65.0
40 50 27.0
40 58 16.0
40 83 84.0
40 84 83.0
40 86 48.0
40 87 17.0
40 96 98.0
40 97 2.0
40 129 86.0
40 137 20.0
40 154 66.0
40 174 40.0
41 14 65.0
41 20 11.0
41 50 75.0
41 83 8.0
41 97 17.0
41 105 36.0
41 122 46.0
41 127 59.0
41 135 75.0
42 44 50.0
42 54 66.0
42 64 16.0
42 92 5.0
42 100 20.0
42 110 58.0
42 118 55.0
42 134 34.0
42 144 95.0
42 155 29.0
42 158 37.0
42 195 27.0
42 196 1.0
43 24 85.0
43 55 28.0
43 70 55.0
43 95 91.0
43 112 44.0
43 133 24.0
43 139 21.0
43 185 8.0
44 42 99.0
44 54 35.0
44 64 80.0
44 92 14.0
44 110 60.0
44 118 64.0
44 134 43.0
44 144 52.0
44 155 25.0
44 158 44.0
44 195 16.0
44 196 56.0
45 3 80.0
45 8 27.0
45 33 91.0
45 36 50.0
45 37 28.0
45 56 2.0
45 61 90.0
45 65 56.0
45 111 3.0
45 113 95.0
45 125 88.0
45 128 63.0
45 147 35.0
45 198 72.0
46 11 82.0
46 17 42.0
46 67 29.0
46 89 57.0
46 91 82.0
46 121 2.0
46 146 25.0
46 148 32.0
46 168 45.0
46 184 67.0
46 68 95.0
46 74 44.0
46 82 91.0
46 160 18.0
46 161 43.0
46 192 3.0
47 1 2.0
47 2 64.0
47 13 13.0
47 25 28.0
47 116 99.0
48 51 73.0
48 76 53.0
48 92 75.0
48 100 11.0
48 104 24.0
48 110 89.0
48 131 30.0
48 141 91.0
48 143 80.0
48 159 8.0
48 162 66.0
48 186 10.0
48 187 97.0
48 190 92.0
48 196 93.0
48 4 72.0
48 19 23.0
48 26 99.0
48 32 82.0
48 53 94.0
48 191 55.0
49 2 79.0
49 9 20.0
49 13 18.0
49 16 21.0
49 39 43.0
49 52 5.0
49 80 89.0
49 85 76.0
49 126 74.0
49 152 79.0
49 166 43.0
49 169 12.0
49 189 80.0
50 12 18.0
50 14 17.0
50 20 34.0
50 30 7.0
50 40 47.0
50 41 96.0
50 58 22.0
50 83 21.0
50 97 36.0
50 105 70.0
50 127 2.0
50 129 15.0
50 135 15.0
50 154 9.0
50 181 85.0
51 7 57.0
51 23 2.0
51 106 50.0
51 164 7.0
51 48 84.0
51 54 81.0
51 64 46.0
51 88 31.0
51 92 11.0
51 98 73.0
51 100 18.0
51 110 98.0
51 118 81.0
51 131 36.0
51 141 69.0
51 143 19.0
51 162 10.0
51 186 14.0
51 187 73.0
51 190 3.0
51 196 93.0
52 9 74.0
52 16 83.0
52 28 21.0
52 39 98.0
52 49 43.0
52 77 66.0
52 85 89.0
52 124 98.0
52 126 4.0
52 130 23.0
52 136 79.0
52 142 23.0
52 166 36.0
52 169 92.0
52 189 74.0
52 193 4.0
52 194 52.0
53 48 25.0
53 76 72.0
53 104 52.0
53 131 56.0
53 159 39.0
53 187 20.0
53 190 52.0
53 4 71.0
53 19 71.0
53 26 68.0
53 32 29.0
53 72 67.0
53 108 75.0
53 165 21.0
53 178 65.0
53 191 90.0
54 7 8.0
54 18 71.0
54 23 55.0
54 106 72.0
54 164 10.0
54 42 85.0
54 44 83.0
54 51 82.0
54 64 73.0
54 88 68.0
54 92 59.0
54 98 54.0
54 110 54.0
54 118 41.0
54 141 22.0
54 143 31.0
54 196 91.0
55 24 36.0
55 43 91.0
55 70 24.0
55 95 62.0
55 101 28.0
55 112 36.0
55 133 21.0
55 138 9.0
55 139 69.0
55 156 62.0
55 185 11.0
56 3 46.0
56 36 69.0
56 37 96.0
56 45 83.0
56 61 87.0
56 79 44.0
56 111 5.0
56 128 34.0
56 158 79.0
56 195 23.0
56 198 91.0
57 10 73.0
57 15 85.0
57 17 13.0
57 18 27.0
57 69 55.0
57 78 35.0
57 91 45.0
57 120 6.0
57 138 63.0
57 146 70.0
57 148 8.0
57 171 95.0
57 176 87.0
57 27 33.0
57 60 39.0
58 12 64.0
58 14 63.0
58 30 63.0
58 40 1.0
58 50 59.0
58 86 24.0
58 87 74.0
58 96 59.0
58 97 31.0
58 129 27.0
58 135 12.0
58 154 33.0
58 174 2.0
59 11 3.0
59 21 10.0
59 24 92.0
59 70 84.0
59 112 86.0
59 133 19.0
59 138 26.0
59 146 83.0
59 149 15.0
59 156 52.0
59 168 38.0
59 171 32.0
59 182 31.0
60 10 97.0
60 15 31.0
60 57 19.0
60 91 49.0
60 120 31.0
60 176 63.0
60 27 30.0
60 81 18.0
60 140 21.0
60 153 75.0
60 192 89.0
61 3 95.0
61 8 70.0
61 33 2.0
61 36 13.0
61 37 90.0
61 45 74.0
61 56 23.0
61 79 97.0
61 111 72.0
61 128 8.0
61 147 18.0
61 158 57.0
61 195 29.0
61 198 57.0
62 99 46.0
62 188 98.0
62 199 49.0
63 6 2.0
63 21 62.0
63 103 27.0
63 149 70.0
63 163 67.0
63 173 84.0
63 182 82.0
63 200 66.0
64 23 96.0
64 42 86.0
64 44 81.0
64 51 66.0
64 54 68.0
64 92 34.0
64 110 82.0
64 118 89.0
64 134 44.0
64 144 95.0
64 155 43.0
64 158 65.0
64 195 36.0
64 196 88.0
65 5 30.0
65 8 43.0
65 37 86.0
65 45 50.0
65 111 49.0
65 113 45.0
65 145 26.0
65 147 40.0
65 162 95.0
65 186 3.0
66 115 59.0
66 140 53.0
66 153 39.0
66 29 19.0
66 34 2.0
66 75 90.0
66 90 67.0
66 94 57.0
66 157 81.0
66 178 80.0
67 11 59.0
67 17 5.0
67 46 26.0
67 89 49.0
67 146 71.0
67 149 60.0
67 168 15.0
67 184 46.0
67 68 66.0
68 46 26.0
68 67 5.0
68 89 9.0
68 121 31.0
68 184 28.0
68 74 27.0
68 82 92.0
68 160 84.0
68 161 76.0
68 167 28.0
69 10 25.0
69 18 18.0
69 57 65.0
69 70 96.0
69 78 70.0
69 101 36.0
69 120 79.0
69 133 47.0
69 138 47.0
69 156 42.0
69 171 15.0
70 24 21.0
70 43 42.0
70 55 39.0
70 59 17.0
70 69 99.0
70 78 72.0
70 95 82.0
70 101 68.0
70 112 39.0
70 133 6.0
70 138 76.0
70 156 3.0
70 171 50.0
71 31 15.0
71 73 66.0
71 77 87.0
71 85 70.0
71 93 47.0
71 130 39.0
71 132 48.0
71 136 16.0
71 165 25.0
71 172 24.0
71 175 11.0
71 177 21.0
71 193 52.0
71 194 20.0
72 4 16.0
72 19 3.0
72 22 86.0
72 26 8.0
72 29 55.0
72 32 36.0
72 34 48.0
72 53 16.0
72 75 72.0
72 80 59.0
72 90 92.0
72 94 37.0
72 108 41.0
72 123 71.0
72 178 42.0
73 31 49.0
73 38 94.0
73 71 33.0
73 93 60.0
73 132 91.0
73 172 86.0
73 175 24.0
74 17 88.0
74 46 25.0
74 89 82.0
74 91 77.0
74 121 41.0
74 146 2.0
74 148 61.0
74 184 51.0
74 35 92.0
74 68 79.0
74 81 68.0
74 82 59.0
74 160 55.0
74 161 75.0
74 192 89.0
75 7 59.0
75 15 43.0
75 106 98.0
75 164 54.0
75 88 42.0
75 98 26.0
75 141 76.0
75 143 45.0
75 66 42.0
75 140 28.0
75 19 1.0
75 29 97.0
75 32 68.0
75 34 11.0
75 72 46.0
75 90 81.0
75 94 6.0
75 178 60.0
76 48 6.0
76 104 34.0
76 131 56.0
76 145 57.0
76 159 13.0
76 162 80.0
76 180 7.0
76 186 46.0
76 187 54.0
76 190 1.0
76 4 74.0
76 26 21.0
76 53 60.0
76 165 20.0
76 191 81.0
77 9 52.0
77 39 42.0
77 52 5.0
77 71 78.0
77 85 28.0
77 93 24.0
77 126 92.0
77 130 64.0
77 132 56.0
77 136 70.0
77 166 58.0
77 169 7.0
77 172 69.0
77 175 55.0
77 177 26.0
77 193 4.0
77 194 99.0
78 10 38.0
78 18 52.0
78 57 85.0
78 69 62.0
78 70 61.0
78 95 85.0
78 101 29.0
78 120 57.0
78 133 35.0
78 138 63.0
78 156 72.0
78 171 7.0
79 56 8.0
79 61 60.0
79 134 33.0
79 144 11.0
79 158 95.0
79 195 3.0
79 198 49.0
80 2 34.0
80 22 59.0
80 49 65.0
80 72 67.0
80 102 86.0
80 109 28.0
80 123 54.0
80 152 49.0
80 157 20.0
80 166 71.0
80 169 5.0
80 178 61.0
80 183 83.0
81 27 35.0
81 35 68.0
81 60 61.0
81 74 4.0
81 82 80.0
81 84 86.0
81 115 22.0
81 137 14.0
81 153 80.0
81 160 89.0
81 192 61.0
82 17 48.0
82 46 45.0
82 89 82.0
82 91 77.0
82 121 30.0
82 148 80.0
82 184 59.0
82 27 62.0
82 35 23.0
82 68 27.0
82 74 70.0
82 81 50.0
82 84 6.0
82 160 9.0
82 161 6.0
82 192 75.0
83 20 94.0
83 30 35.0
83 40 94.0
83 41 92.0
83 50 2.0
83 86 52.0
83 87 7.0
83 97 27.0
83 122 61.0
83 127 56.0
83 129 54.0
83 135 26.0
83 174 27.0
83 179 65.0
84 30 16.0
84 35 82.0
84 40 73.0
84 81 46.0
84 82 88.0
84 86 39.0
84 87 77.0
84 96 93.0
84 129 47.0
84 137 52.0
84 160 2.0
84 174 63.0
84 192 13.0
85 9 64.0
85 39 23.0
85 49 69.0
85 52 96.0
85 71 5.0
85 77 68.0
85 93 59.0
85 126 45.0
85 130 22.0
85 132 54.0
85 136 8.0
85 166 24.0
85 169 94.0
85 172 50.0
85 177 66.0
85 193 7.0
85 194 6.0
86 30 33.0
86 35 49.0
86 40 16.0
86 58 82.0
86 83 12.0
86 84 40.0
86 87 3.0
86 96 54.0
86 97 93.0
86 129 31.0
86 137 45.0
86 174 17.0
87 30 23.0
87 35 53.0
87 40 5.0
87 58 20.0
87 83 86.0
87 84 70.0
87 86 39.0
87 96 86.0
87 97 81.0
87 129 41.0
87 137 90.0
87 154 41.0
87 174 76.0
88 7 14.0
88 15 64.0
88 23 81.0
88 106 44.0
88 164 46.0
88 51 29.0
88 54 74.0
88 92 26.0
88 98 72.0
88 141 81.0
88 143 11.0
88 140 24.0
88 19 27.0
88 32 1.0
88 34 45.0
88 75 19.0
88 94 40.0
89 17 13.0
89 46 60.0
89 67 20.0
89 121 9.0
89 148 85.0
89 184 19.0
89 68 22.0
89 74 86.0
89 82 47.0
89 160 99.0
89 161 82.0
90 66 96.0
90 22 79.0
90 29 3.0
90 32 84.0
90 34 48.0
90 72 55.0
90 75 77.0
90 94 28.0
90 109 84.0
90 123 8.0
90 157 35.0
90 178 8.0
91 17 75.0
91 46 5.0
91 57 40.0
91 120 62.0
91 121 31.0
91 146 48.0
91 148 21.0
91 176 61.0
91 184 99.0
91 27 95.0
91 60 78.0
91 74 74.0
91 82 75.0
91 192 82.0
92 7 7.0
92 23 4.0
92 106 38.0
92 164 47.0
92 42 95.0
92 44 97.0
92 48 26.0
92 51 39.0
92 54 27.0
92 64 46.0
92 88 40.0
92 98 12.0
92 100 34.0
92 110 74.0
92 118 41.0
92 141 98.0
92 143 48.0
92 155 70.0
92 162 46.0
92 186 1.0
92 187 13.0
92 196 52.0
93 71 71.0
93 73 74.0
93 77 99.0
93 85 77.0
93 130 16.0
93 132 41.0
93 136 60.0
93 172 98.0
93 175 58.0
93 193 78.0
93 194 58.0
94 88 42.0
94 66 46.0
94 19 6.0
94 22 53.0
94 29 26.0
94 32 94.0
94 34 51.0
94 72 44.0
94 75 83.0
94 90 81.0
94 108 79.0
94 123 83.0
94 157 42.0
94 178 83.0
95 24 18.0
95 43 30.0
95 55 96.0
95 70 88.0
95 78 51.0
95 101 15.0
95 107 95.0
95 112 62.0
95 133 70.0
95 138 62.0
95 139 83.0
95 156 55.0
95 185 53.0
96 30 16.0
96 35 56.0
96 40 81.0
96 58 23.0
96 84 83.0
96 86 1.0
96 87 23.0
96 129 85.0
96 160 66.0
96 161 57.0
96 167 47.0
96 174 70.0
97 12 56.0
97 14 93.0
97 20 73.0
97 30 90.0
97 40 76.0
97 41 6.0
97 50 60.0
97 58 53.0
97 83 64.0
97 86 91.0
97 87 22.0
97 105 71.0
97 127 73.0
97 129 8.0
97 135 38.0
97 154 9.0
97 174 29.0
97 181 92.0
98 7 91.0
98 23 67.0
98 106 28.0
98 164 93.0
98 51 66.0
98 54 55.0
98 88 55.0
98 92 39.0
98 141 71.0
98 143 27.0
98 140 48.0
98 19 21.0
98 32 40.0
98 75 48.0
99 62 22.0
99 117 93.0
99 119 82.0
99 151 55.0
99 179 50.0
99 188 2.0
99 199 91.0
99 102 8.0
100 8 54.0
100 37 38.0
100 42 93.0
100 48 4.0
100 51 75.0
100 92 72.0
100 110 96.0
100 111 88.0
100 118 51.0
100 143 71.0
100 145 82.0
100 147 44.0
100 155 33.0
100 162 7.0
100 186 35.0
100 187 56.0
100 196 70.0
100 198 81.0
101 18 24.0
101 55 53.0
101 69 71.0
101 70 51.0
101 78 9.0
101 95 99.0
101 107 72.0
101 138 97.0
101 185 34.0
102 99 69.0
102 117 15.0
102 119 9.0
102 151 82.0
102 199 62.0
102 22 84.0
102 80 70.0
102 109 32.0
102 152 33.0
102 157 18.0
102 183 23.0
103 6 79.0
103 24 8.0
103 63 46.0
103 112 30.0
103 163 76.0
103 173 2.0
103 200 23.0
104 48 32.0
104 76 39.0
104 131 31.0
104 159 27.0
104 162 2.0
104 180 96.0
104 186 99.0
104 187 26.0
104 190 82.0
104 4 48.0
104 26 80.0
104 53 44.0
104 165 12.0
104 191 29.0
105 12 56.0
105 14 75.0
105 20 45.0
105 41 72.0
105 50 67.0
105 97 20.0
105 122 84.0
105 127 14.0
105 135 36.0
105 154 77.0
105 181 52.0
106 7 62.0
106 10 60.0
106 15 41.0
106 18 26.0
106 23 32.0
106 164 58.0
106 176 74.0
106 51 52.0
106 54 19.0
106 88 4.0
106 92 35.0
106 98 46.0
106 141 74.0
106 143 71.0
106 140 1.0
106 75 72.0
107 95 26.0
107 101 2.0
107 139 50.0
107 150 57.0
107 185 75.0
107 134 25.0
107 144 67.0
108 4 97.0
108 19 96.0
108 26 56.0
108 32 20.0
108 34 61.0
108 53 59.0
108 72 41.0
108 94 11.0
108 123 41.0
108 165 88.0
108 177 56.0
108 178 51.0
108 191 7.0
109 117 76.0
109 119 9.0
109 151 98.0
109 22 44.0
109 29 79.0
109 80 51.0
109 90 42.0
109 102 71.0
109 123 18.0
109 152 23.0
109 157 96.0
109 183 41.0
110 8 18.0
110 37 59.0
110 42 58.0
110 44 19.0
110 48 58.0
110 51 55.0
110 54 25.0
110 64 70.0
110 92 81.0
110 100 85.0
110 118 88.0
110 131 26.0
110 141 53.0
110 143 28.0
110 145 70.0
110 155 18.0
110 162 9.0
110 186 66.0
110 187 77.0
110 196 63.0
111 3 76.0
111 8 24.0
111 36 25.0
111 37 35.0
111 45 97.0
111 56 52.0
111 61 96.0
111 65 14.0
111 100 97.0
111 128 63.0
111 145 59.0
111 147 46.0
111 155 70.0
111 158 93.0
111 195 8.0
111 198 20.0
112 6 31.0
112 24 17.0
112 43 71.0
112 55 61.0
112 59 59.0
112 70 2.0
112 95 37.0
112 103 22.0
112 133 90.0
112 156 44.0
112 173 59.0
112 182 42.0
112 200 59.0
113 5 97.0
113 8 33.0
113 45 22.0
113 65 44.0
113 125 77.0
113 145 99.0
113 147 92.0
113 170 48.0
114 3 66.0
114 33 23.0
114 125 76.0
114 128 49.0
115 27 87.0
115 35 38.0
115 66 73.0
115 81 84.0
115 137 73.0
115 153 50.0
115 179 13.0
116 13 20.0
116 16 98.0
116 25 34.0
116 47 62.0
116 124 14.0
116 189 27.0
116 197 79.0
117 99 18.0
117 119 45.0
117 151 46.0
117 179 97.0
117 188 7.0
117 199 58.0
117 102 84.0
117 109 95.0
117 157 48.0
117 183 61.0
118 37 90.0
118 42 16.0
118 44 40.0
118 51 63.0
118 54 35.0
118 64 30.0
118 92 52.0
118 100 61.0
118 110 30.0
118 134 74.0
118 144 58.0
118 155 27.0
118 158 7.0
118 162 6.0
118 195 11.0
118 196 74.0
118 198 72.0
119 99 86.0
119 117 87.0
119 151 45.0
119 179 79.0
119 199 53.0
119 102 38.0
119 109 68.0
119 157 67.0
119 183 19.0
120 7 76.0
120 10 33.0
120 15 14.0
120 18 76.0
120 23 85.0
120 57 33.0
120 69 10.0
120 78 68.0
120 91 93.0
120 138 9.0
120 171 11.0
120 176 46.0
120 60 57.0
121 17 75.0
121 46 49.0
121 89 3.0
121 91 30.0
121 146 68.0
121 148 69.0
121 184 54.0
121 68 30.0
121 74 25.0
121 82 82.0
121 160 11.0
121 161 21.0
121 192 62.0
122 20 9.0
122 41 64.0
122 83 13.0
122 105 5.0
122 127 15.0
123 19 98.0
123 22 37.0
123 29 62.0
123 32 68.0
123 34 27.0
123 72 16.0
123 80 61.0
123 90 4.0
123 94 27.0
123 108 25.0
123 109 92.0
123 152 9.0
123 157 69.0
123 178 7.0
124 9 29.0
124 16 28.0
124 25 95.0
124 28 82.0
124 52 44.0
124 116 71.0
124 142 49.0
124 189 63.0
124 197 71.0
125 3 55.0
125 33 93.0
125 36 93.0
125 45 1.0
125 113 65.0
125 114 49.0
125 128 58.0
126 9 43.0
126 16 84.0
126 39 92.0
126 49 86.0
126 52 56.0
126 77 1.0
126 85 60.0
126 130 42.0
126 136 50.0
126 142 89.0
126 166 47.0
126 169 52.0
126 177 89.0
126 189 83.0
126 193 51.0
126 194 96.0
127 14 3.0
127 20 11.0
127 41 16.0
127 50 65.0
127 83 37.0
127 97 30.0
127 105 50.0
127 122 77.0
127 135 2.0
128 3 37.0
128 8 38.0
128 33 87.0
128 36 66.0
128 37 83.0
128 45 77.0
128 56 83.0
128 61 83.0
128 111 3.0
128 114 17.0
128 125 34.0
128 147 50.0
128 198 27.0
129 30 2.0
129 40 4.0
129 50 30.0
129 58 82.0
129 83 89.0
129 84 49.0
129 86 1.0
129 87 32.0
129 96 6.0
129 97 28.0
129 154 14.0
129 174 51.0
130 52 2.0
130 71 8.0
130 77 90.0
130 85 90.0
130 93 91.0
130 126 39.0
130 132 27.0
130 136 54.0
130 142 5.0
130 172 56.0
130 175 98.0
130 193 5.0
130 194 65.0
131 48 17.0
131 51 32.0
131 76 98.0
131 104 37.0
131 110 39.0
131 143 31.0
131 159 49.0
131 162 65.0
131 186 5.0
131 187 10.0
131 190 68.0
131 4 80.0
131 19 87.0
131 26 29.0
131 53 23.0
131 191 37.0
132 71 44.0
132 73 14.0
132 77 98.0
132 85 81.0
132 93 61.0
132 130 48.0
132 136 50.0
132 172 66.0
132 175 59.0
132 193 49.0
132 194 99.0
133 24 78.0
133 43 78.0
133 55 67.0
133 59 12.0
133 69 19.0
133 70 58.0
133 78 23.0
133 95 94.0
133 112 97.0
133 138 63.0
133 156 85.0
133 171 2.0
134 107 51.0
134 150 80.0
134 42 54.0
134 44 3.0
134 64 87.0
134 79 97.0
134 118 89.0
134 144 44.0
134 155 98.0
134 158 98.0
134 195 31.0
135 12 4.0
135 14 99.0
135 20 69.0
135 30 7.0
135 41 21.0
135 50 41.0
135 58 66.0
135 83 46.0
135 97 50.0
135 105 58.0
135 127 35.0
135 154 87.0
135 181 95.0
136 52 6.0
136 71 61.0
136 77 64.0
136 85 24.0
136 93 64.0
136 126 54.0
136 130 72.0
136 132 22.0
136 142 73.0
136 172 78.0
136 175 85.0
136 193 37.0
136 194 22.0
137 30 60.0
137 35 34.0
137 40 86.0
137 81 71.0
137 84 47.0
137 86 21.0
137 87 43.0
137 115 85.0
137 160 61.0
137 174 10.0
137 192 15.0
138 10 88.0
138 18 6.0
138 24 90.0
138 55 95.0
138 57 75.0
138 59 7.0
138 69 62.0
138 70 44.0
138 78 50.0
138 95 39.0
138 101 7.0
138 120 73.0
138 133 96.0
138 146 54.0
138 156 20.0
138 168 46.0
138 171 9.0
139 43 71.0
139 55 9.0
139 95 68.0
139 107 66.0
139 150 15.0
139 185 7.0
140 7 41.0
140 10 72.0
140 15 64.0
140 106 52.0
140 164 82.0
140 176 30.0
140 88 73.0
140 98 56.0
140 27 48.0
140 60 58.0
140 66 60.0
140 153 83.0
140 75 5.0
141 7 29.0
141 23 3.0
141 106 49.0
141 164 59.0
141 48 46.0
141 51 86.0
141 54 41.0
141 88 55.0
141 92 46.0
141 98 29.0
141 110 53.0
141 143 32.0
141 196 73.0
141 19 90.0
141 26 65.0
141 32 10.0
141 75 30.0
142 9 3.0
142 16 28.0
142 28 30.0
142 52 86.0
142 124 81.0
142 126 17.0
142 130 51.0
142 136 99.0
142 189 92.0
142 193 32.0
142 194 80.0
143 7 57.0
143 23 1.0
143 106 24.0
143 164 13.0
143 48 58.0
143 51 13.0
143 54 55.0
143 88 96.0
143 92 7.0
143 98 40.0
143 100 15.0
143 110 95.0
143 131 77.0
143 141 29.0
143 162 41.0
143 186 2.0
143 187 20.0
143 190 87.0
143 196 7.0
143 19 93.0
143 26 28.0
143 32 27.0
143 75 94.0
144 107 57.0
144 42 23.0
144 44 59.0
144 64 58.0
144 79 53.0
144 118 69.0
144 134 27.0
144 155 80.0
144 158 67.0
144 195 65.0
145 8 55.0
145 37 94.0
145 65 30.0
145 76 28.0
145 100 76.0
145 110 50.0
145 111 27.0
145 113 31.0
145 147 55.0
145 162 82.0
145 186 54.0
145 187 16.0
146 11 68.0
146 17 67.0
146 46 17.0
146 57 64.0
146 59 18.0
146 67 2.0
146 91 96.0
146 121 79.0
146 138 44.0
146 148 11.0
146 156 84.0
146 168 92.0
146 171 73.0
146 184 32.0
146 74 92.0
147 8 82.0
147 36 98.0
147 37 77.0
147 45 50.0
147 61 72.0
147 65 11.0
147 100 77.0
147 111 83.0
147 113 46.0
147 128 93.0
147 145 12.0
147 162 31.0
147 186 95.0
147 198 10.0
148 11 73.0
148 17 69.0
148 46 18.0
148 57 33.0
148 89 32.0
148 91 75.0
148 121 36.0
148 146 54.0
148 168 55.0
148 184 82.0
148 74 42.0
148 82 74.0
148 160 45.0
148 192 38.0
149 6 20.0
149 11 34.0
149 21 89.0
149 59 30.0
149 63 34.0
149 67 66.0
149 163 53.0
149 168 59.0
149 173 42.0
149 182 32.0
149 200 93.0
150 107 73.0
150 139 5.0
150 185 41.0
150 134 92.0
151 99 11.0
151 117 78.0
151 119 32.0
151 179 87.0
151 199 24.0
151 22 71.0
151 102 14.0
151 109 73.0
151 157 26.0
151 183 54.0
152 2 18.0
152 22 68.0
152 39 85.0
152 49 59.0
152 80 42.0
152 102 7.0
152 109 33.0
152 123 70.0
152 157 30.0
152 166 84.0
152 169 68.0
152 183 83.0
153 15 65.0
153 176 18.0
153 27 52.0
153 60 97.0
153 66 12.0
153 81 63.0
153 115 63.0
153 140 46.0
154 12 30.0
154 14 11.0
154 20 32.0
154 30 98.0
154 40 58.0
154 50 15.0
154 58 38.0
154 87 13.0
154 97 62.0
154 105 20.0
154 129 22.0
154 135 26.0
154 174 40.0
154 181 7.0
155 37 2.0
155 42 44.0
155 44 39.0
155 64 52.0
155 92 25.0
155 100 9.0
155 110 88.0
155 111 6.0
155 118 51.0
155 134 83.0
155 144 83.0
155 158 31.0
155 195 70.0
155 196 36.0
155 198 44.0
156 11 2.0
156 24 89.0
156 55 52.0
156 59 79.0
156 69 70.0
156 70 86.0
156 78 86.0
156 95 8.0
156 112 81.0
156 133 87.0
156 138 79.0
156 146 71.0
156 168 57.0
156 171 87.0
157 66 70.0
157 117 49.0
157 119 10.0
157 151 19.0
157 22 76.0
157 29 10.0
157 80 18.0
157 90 90.0
157 94 79.0
157 102 71.0
157 109 34.0
157 123 98.0
157 152 46.0
157 183 49.0
158 37 83.0
158 42 21.0
158 44 63.0
158 56 20.0
158 61 27.0
158 64 3.0
158 79 62.0
158 111 16.0
158 118 99.0
158 134 84.0
158 144 77.0
158 155 89.0
158 195 21.0
158 198 49.0
159 48 77.0
159 76 86.0
159 104 32.0
159 131 18.0
159 162 73.0
159 180 81.0
159 186 12.0
159 187 63.0
159 190 38.0
159 4 69.0
159 26 67.0
159 53 28.0
159 165 15.0
159 191 92.0
160 17 30.0
160 46 59.0
160 89 22.0
160 121 56.0
160 148 9.0
160 184 88.0
160 35 60.0
160 68 50.0
160 74 4.0
160 81 24.0
160 82 11.0
160 84 1.0
160 96 22.0
160 137 68.0
160 161 32.0
160 167 30.0
160 192 70.0
161 46 66.0
161 89 79.0
161 121 36.0
161 184 75.0
161 68 96.0
161 74 56.0
161 82 11.0
161 96 97.0
161 160 72.0
161 167 61.0
162 8 40.0
162 37 79.0
162 48 83.0
162 51 63.0
162 65 54.0
162 76 35.0
162 92 93.0
162 100 13.0
162 104 6.0
162 110 20.0
162 118 68.0
162 131 68.0
162 143 15.0
162 145 5.0
162 147 34.0
162 159 96.0
162 186 81.0
162 187 45.0
162 190 54.0
162 196 77.0
163 6 27.0
163 21 86.0
163 63 41.0
163 103 48.0
163 149 86.0
163 173 48.0
163 182 43.0
163 200 82.0
164 7 16.0
164 10 75.0
164 15 1.0
164 18 6.0
164 23 13.0
164 106 47.0
164 51 7.0
164 54 48.0
164 88 19.0
164 92 10.0
164 98 77.0
164 141 3.0
164 143 76.0
164 140 70.0
164 75 25.0
165 76 2.0
165 104 35.0
165 159 1.0
165 4 85.0
165 31 68.0
165 53 67.0
165 71 81.0
165 108 91.0
165 177 77.0
165 191 30.0
166 2 96.0
166 9 56.0
166 39 83.0
166 49 27.0
166 52 17.0
166 77 85.0
166 80 77.0
166 85 60.0
166 126 81.0
166 152 34.0
166 169 67.0
166 177 40.0
166 193 12.0
166 194 25.0
167 68 47.0
167 96 99.0
167 160 90.0
167 161 35.0
168 11 23.0
168 17 19.0
168 46 39.0
168 59 72.0
168 67 84.0
168 138 71.0
168 146 74.0
168 148 42.0
168 149 49.0
168 156 29.0
168 171 87.0
169 2 62.0
169 9 27.0
169 39 42.0
169 49 64.0
169 52 16.0
169 77 90.0
169 80 75.0
169 85 51.0
169 126 55.0
169 152 81.0
169 166 7.0
169 177 5.0
169 193 48.0
169 194 1.0
170 5 42.0
170 113 14.0
170 180 47.0
171 11 2.0
171 57 72.0
171 59 67.0
171 69 90.0
171 70 31.0
171 78 75.0
171 120 44.0
171 133 87.0
171 138 17.0
171 146 46.0
171 156 60.0
171 168 32.0
172 31 66.0
172 38 26.0
172 71 34.0
172 73 85.0
172 77 69.0
172 85 51.0
172 93 89.0
172 130 11.0
172 132 81.0
172 136 10.0
172 175 49.0
172 177 8.0
172 193 24.0
172 194 47.0
173 6 42.0
173 21 77.0
173 24 76.0
173 63 54.0
173 103 74.0
173 112 92.0
173 149 45.0
173 163 24.0
173 182 3.0
173 200 53.0
174 30 22.0
174 35 26.0
174 40 74.0
174 58 43.0
174 83 58.0
174 84 89.0
174 86 9.0
174 87 46.0
174 96 27.0
174 97 55.0
174 129 94.0
174 137 66.0
174 154 43.0
175 31 82.0
175 38 24.0
175 71 18.0
175 73 95.0
175 77 27.0
175 93 82.0
175 130 69.0
175 132 24.0
175 136 70.0
175 172 69.0
176 7 18.0
176 10 58.0
176 15 83.0
176 57 1.0
176 91 40.0
176 106 61.0
176 120 14.0
176 27 51.0
176 60 20.0
176 140 66.0
176 153 54.0
177 39 54.0
177 71 63.0
177 77 43.0
177 85 16.0
177 108 74.0
177 126 41.0
177 165 1.0
177 166 31.0
177 169 67.0
177 172 54.0
177 191 46.0
178 66 77.0
178 4 20.0
178 19 14.0
178 22 46.0
178 26 24.0
178 29 75.0
178 32 11.0
178 34 15.0
178 53 40.0
178 72 48.0
178 75 47.0
178 80 5.0
178 90 97.0
178 94 16.0
178 108 10.0
178 123 63.0
179 83 67.0
179 99 29.0
179 115 7.0
179 117 62.0
179 119 48.0
179 151 29.0
179 188 11.0
180 5 17.0
180 76 17.0
180 104 29.0
180 159 79.0
180 170 42.0
180 31 81.0
181 12 13.0
181 14 38.0
181 20 36.0
181 50 99.0
181 97 99.0
181 105 17.0
181 135 90.0
181 154 7.0
182 6 97.0
182 21 38.0
182 24 94.0
182 59 8.0
182 63 48.0
182 112 78.0
182 149 97.0
182 163 42.0
182 173 13.0
182 200 60.0
183 117 3.0
183 119 91.0
183 151 90.0
183 199 5.0
183 2 28.0
183 22 13.0
183 80 74.0
183 102 94.0
183 109 97.0
183 152 90.0
183 157 6.0
184 17 90.0
184 46 26.0
184 67 77.0
184 89 25.0
184 91 56.0
184 121 40.0
184 146 61.0
184 148 51.0
184 68 59.0
184 74 32.0
184 82 19.0
184 160 89.0
184 161 19.0
184 192 99.0
185 43 52.0
185 55 3.0
185 95 31.0
185 101 97.0
185 107 76.0
185 139 33.0
185 150 21.0
186 8 99.0
186 37 18.0
186 48 36.0
186 51 58.0
186 65 5.0
186 76 20.0
186 92 35.0
186 100 99.0
186 104 66.0
186 110 82.0
186 131 58.0
186 143 61.0
186 145 17.0
186 147 82.0
186 159 22.0
186 162 40.0
186 187 9.0
186 190 78.0
186 196 48.0
187 48 77.0
187 51 36.0
187 76 99.0
187 92 13.0
187 100 27.0
187 104 8.0
187 110 31.0
187 131 83.0
187 143 33.0
187 145 22.0
187 159 35.0
187 162 73.0
187 186 42.0
187 190 97.0
187 196 68.0
187 4 48.0
187 26 75.0
187 53 94.0
188 62 74.0
188 99 81.0
188 117 54.0
188 179 77.0
188 199 62.0
189 9 50.0
189 16 40.0
189 25 58.0
189 28 27.0
189 39 61.0
189 49 78.0
189 52 77.0
189 116 51.0
189 124 95.0
189 126 31.0
189 142 81.0
189 197 71.0
190 48 23.0
190 51 11.0
190 76 60.0
190 104 74.0
190 131 3.0
190 143 41.0
190 159 43.0
190 162 23.0
190 186 16.0
190 187 72.0
190 4 49.0
190 19 44.0
190 26 48.0
190 53 54.0
190 191 22.0
191 48 13.0
191 76 3.0
191 104 6.0
191 131 99.0
191 159 21.0
191 190 72.0
191 4 82.0
191 19 87.0
191 26 12.0
191 53 87.0
191 108 5.0
191 165 64.0
191 177 63.0
192 17 99.0
192 46 45.0
192 91 31.0
192 121 37.0
192 148 65.0
192 184 93.0
192 27 16.0
192 35 90.0
192 60 38.0
192 74 96.0
192 81 24.0
192 82 18.0
192 84 81.0
192 137 62.0
192 160 17.0
193 9 48.0
193 28 76.0
193 39 39.0
193 52 12.0
193 71 18.0
193 77 10.0
193 85 32.0
193 93 71.0
193 126 92.0
193 130 80.0
193 132 5.0
193 136 79.0
193 142 33.0
193 166 93.0
193 169 18.0
193 172 86.0
193 194 19.0
194 9 64.0
194 39 80.0
194 52 28.0
194 71 22.0
194 77 3.0
194 85 92.0
194 93 19.0
194 126 1.0
194 130 87.0
194 132 91.0
194 136 65.0
194 142 21.0
194 166 10.0
194 169 88.0
194 172 9.0
194 193 20.0
195 37 4.0
195 42 2.0
195 44 5.0
195 56 67.0
195 61 76.0
195 64 75.0
195 79 96.0
195 111 3.0
195 118 58.0
195 134 78.0
195 144 8.0
195 155 34.0
195 158 15.0
195 198 14.0
196 37 5.0
196 42 88.0
196 44 11.0
196 48 23.0
196 51 17.0
196 54 24.0
196 64 61.0
196 92 66.0
196 100 9.0
196 110 3.0
196 118 44.0
196 141 75.0
196 143 88.0
196 155 10.0
196 162 63.0
196 186 11.0
196 187 32.0
197 9 8.0
197 13 63.0
197 16 48.0
197 25 90.0
197 28 3.0
197 116 99.0
197 124 2.0
197 189 53.0
198 3 41.0
198 8 6.0
198 36 35.0
198 37 38.0
198 45 76.0
198 56 51.0
198 61 58.0
198 79 94.0
198 100 92.0
198 111 22.0
198 118 3.0
198 128 95.0
198 147 98.0
198 155 3.0
198 158 83.0
198 195 37.0
199 62 54.0
199 99 96.0
199 117 75.0
199 119 34.0
199 151 34.0
199 188 60.0
199 1 48.0
199 102 76.0
199 183 54.0
200 6 9.0
200 21 48.0
200 24 63.0
200 63 21.0
200 103 84.0
200 112 84.0
200 149 31.0
200 163 60.0
200 173 59.0
200 182 9.0
