124.39198880657194 191.6066803231859 0.0
135.624208701139 173.92422470284188 0.0
162.59269870958622 9.846839040218459 0.0
145.71805674184444 101.69304831524069 0.0
195.30710978447942 66.04992230397538 0.0
17.69824189808269 21.605216715761543 0.0
95.37902944155272 81.95904628731657 0.0
156.26951588377636 43.560254715026005 0.0
169.01919251791546 168.9963504735274 0.0
74.4149094845088 74.59479604077966 0.0
25.222953198491325 63.862472744782586 0.0
3.499531296751446 183.01988308651977 0.0
139.23261688123424 193.22252388178836 0.0
18.88205608616722 190.57363205434515 0.0
76.84749392964314 97.41630706941973 0.0
165.12207441071664 187.46834572775748 0.0
32.51735947758028 87.07580459195165 0.0
79.1292050139656 62.281596472002754 0.0
126.53798388340911 106.72835016521898 0.0
30.107739655070986 191.96099701789984 0.0
5.300155065665635 35.90915903128706 0.0
121.90842663115862 146.78280595735663 0.0
93.4263911699033 71.00216294675086 0.0
36.40672081871281 30.92468990683028 0.0
157.7623874997225 199.97352465882062 0.0
135.78474455731293 101.38346910436833 0.0
60.57308982920262 107.35740491417258 0.0
187.1019455727867 186.28873889665516 0.0
102.92598808738389 128.29891191433097 0.0
24.2973034108269 158.23382789806706 0.0
189.12719422038214 108.15453238672998 0.0
120.77365630543252 109.06563810724255 0.0
179.2085306083358 18.095525407011603 0.0
109.97266856822094 119.64541893870009 0.0
38.84675910541735 127.35518095876768 0.0
161.85665463732104 21.412690047898607 0.0
144.72886795371898 39.20616818558127 0.0
199.97134306117906 106.15492516289153 0.0
158.26012370523517 160.44938761408142 0.0
26.771469455070964 156.20589517743335 0.0
41.64447131691755 193.1411817557525 0.0
114.14887954013795 39.36586867881087 0.0
57.74958040258953 12.48102027599427 0.0
111.6107001040036 41.157238503205164 0.0
168.80175878118385 26.22709776998997 0.0
26.312799085274243 91.59935137392712 0.0
128.83868064171386 198.70254787724812 0.0
137.16180798837487 84.50674267290535 0.0
150.98069493414232 166.4003836955711 0.0
19.456526410564745 184.38518778966505 0.0
122.96440191279407 72.39049339511827 0.0
177.04755010601178 169.32042529978847 0.0
143.01482169475184 103.17739729111928 0.0
105.75165904001483 67.82454006399156 0.0
53.01542727645312 24.35274912944272 0.0
144.76536203816426 13.425501662903304 0.0
57.06808989962049 80.33188898425536 0.0
12.079772551149293 162.8554724519389 0.0
30.917774727335832 48.65907133699925 0.0
65.40689733254466 102.01402565732668 0.0
151.34963544297415 20.811287679942716 0.0
81.88502731079643 198.45250393265366 0.0
4.549050203727423 19.12594393073528 0.0
107.8390233497846 49.946240100497306 0.0
168.5478024619485 53.422952629979406 0.0
94.1288190313953 125.7915659821661 0.0
7.262580913803296 71.08708216368358 0.0
3.1274611397725804 100.78489334464477 0.0
62.26467508067872 60.82176249377971 0.0
50.12775198390129 41.41148425360348 0.0
183.30262678952155 132.98085690315207 0.0
124.98436494775338 119.591747107812 0.0
199.73232930777306 118.33017206683397 0.0
29.056142922849947 101.40333610974568 0.0
102.39198783351708 102.28585230049259 0.0
158.02107809048448 86.51754886474264 0.0
179.09205616983212 143.12207353431862 0.0
62.89432412884099 58.65885788394327 0.0
126.77318579849882 10.335797228901033 0.0
129.58731758896326 148.21672500257046 0.0
49.51787943430852 123.30164190007716 0.0
31.604026639692307 105.20920166023191 0.0
43.98457819764416 170.54518015210186 0.0
30.97802280790416 134.11800996805408 0.0
172.46549234449918 146.40848207693432 0.0
29.312009257513605 151.68527952365685 0.0
28.652489208177112 154.5767177609117 0.0
103.78913091929229 94.5822810223386 0.0
12.327985893796667 96.88028560077075 0.0
102.28330231980077 125.93090715478974 0.0
46.58080040324219 90.98199449111557 0.0
117.20355765355978 67.97888088521302 0.0
194.77953329512647 142.0042503793267 0.0
109.46521543052312 122.800084557232 0.0
64.41907246321614 30.84650137417937 0.0
11.988555258628853 133.71161294822627 0.0
21.08834207793646 175.88850869106568 0.0
106.38338128175681 87.16954681593232 0.0
78.19060354866659 174.9702885162194 0.0
136.98578722512812 58.22570474967581 0.0
76.68004889947836 40.98488092005981 0.0
103.17115016472596 162.19794800708698 0.0
23.961532739002166 7.115544593371803 0.0
153.87530212883917 91.02698846582464 0.0
22.232911716114145 196.69404974049866 0.0
97.51348660139887 84.86284244988857 0.0
83.93237484751408 27.852301267705503 0.0
135.99469995508053 117.74452407590313 0.0
105.58594310894911 154.5846197582803 0.0
133.28669312631413 60.80676830636329 0.0
151.23309054650514 33.53354461938238 0.0
36.994734350846194 27.26794524769012 0.0
182.7412961961575 49.75709622852526 0.0
185.67517970500907 0.5236617945559852 0.0
66.70310046494816 134.9309568311828 0.0
155.11252645023313 199.99074913088123 0.0
86.24214378384953 167.8841986826396 0.0
123.54653080303524 48.9168340056126 0.0
90.93734868248562 160.06257171121652 0.0
68.84381402302537 74.1907788126003 0.0
29.20731003378172 97.45866080294168 0.0
49.86612286460483 190.25980266501261 0.0
124.87976914791629 135.74354195796235 0.0
169.79527003093708 197.57921946004188 0.0
183.3038342049987 26.779820619769712 0.0
170.93255166543278 160.59120635815307 0.0
42.24535730352841 192.3913539075215 0.0
168.49831285126655 21.049224284266277 0.0
18.938858368042744 155.2102045231492 0.0
195.21508802614764 149.57502352507856 0.0
147.0520648428582 86.61663253293126 0.0
198.96555997163742 141.65556138559248 0.0
45.951921791271566 38.233413634285206 0.0
112.57446158397183 23.857396760249138 0.0
19.543894226819415 186.13086498484307 0.0
197.77123565686912 151.85643188728127 0.0
43.08904048687565 135.84449367721697 0.0
54.64819557939187 53.95129515295318 0.0
63.78625144335774 11.502282300960044 0.0
83.43671270385956 102.04876548133504 0.0
114.53976637484442 83.80411626740958 0.0
187.1816954979721 176.68023622810261 0.0
120.21500963149802 79.29110091366731 0.0
111.90253305819327 33.42819594717068 0.0
161.81848087283456 57.28773636634254 0.0
35.086453104831335 75.2123523770822 0.0
156.42036142644744 41.09544553963698 0.0
33.86805313568657 88.20503021757311 0.0
9.271172504486746 46.46103742759291 0.0
91.0065225183361 8.716042709899341 0.0
99.44682174953962 163.0391476302605 0.0
129.78004819177045 154.20738524047889 0.0
71.48896078472373 113.51292584102039 0.0
8.174509161124654 173.66845200493907 0.0
122.89060046071411 40.232673911464815 0.0
48.25148863714803 50.90283452320412 0.0
100.90960256353196 150.67723271859205 0.0
128.3384472820846 28.848028118383095 0.0
152.075547154891 90.73849095047434 0.0
23.69171088391846 113.86968943383435 0.0
3.8882445768752216 108.77449042669825 0.0
145.54064148450908 66.04241294064302 0.0
0.5890171600381189 23.57203236122347 0.0
98.92932824093863 84.74930333998986 0.0
163.51865689612646 115.80495531954244 0.0
156.5298554046353 158.50292869267926 0.0
1.4587939630648972 125.26958203656267 0.0
28.608989703673494 63.71055495212292 0.0
157.486206554318 155.12414126044476 0.0
198.5880377147312 69.17687441642042 0.0
46.25242457192085 59.55429217302726 0.0
189.14336941020912 131.45777229169008 0.0
9.233819451641256 22.73215012458256 0.0
25.55287173738632 150.7489227643613 0.0
195.38011645107792 124.63161520364076 0.0
71.00157358483368 97.81341011354887 0.0
160.7221734272192 133.2079938345505 0.0
122.81731053296645 119.5228364129024 0.0
72.8825540288909 162.6453490330125 0.0
179.11519425890054 83.90663342444506 0.0
5.065407852485038 193.82020455307648 0.0
12.087507426526223 35.174771852767115 0.0
108.98478788436357 165.8256119431043 0.0
17.183338151409554 94.99913929844912 0.0
67.32352855819776 16.34494397555264 0.0
146.68022485998466 68.40942117349842 0.0
143.69748755658878 73.85992421218432 0.0
81.65776910193752 190.97942178527282 0.0
171.73283070333096 186.12292473799576 0.0
148.1410615004002 88.55022234246803 0.0
154.7468437047256 107.01872324615564 0.0
41.18953863195378 111.55676591872472 0.0
183.65556161123266 157.88628782787052 0.0
184.96474887327182 153.094916907606 0.0
123.11429880307232 29.566481814196944 0.0
127.31824451726806 63.18616221018982 0.0
164.5300463435128 197.8868071279185 0.0
144.19872185113587 31.267663272542244 0.0
99.4673965694468 187.98976959894793 0.0
12.185245754046559 24.755449986134792 0.0
