134.64121288620018 119.56131583477101 0.0
31.5324383745341 0.03520532796410514 0.0
192.84926011593853 165.9687179431919 0.0
179.57244616298675 63.66566788602943 0.0
133.17150846423937 42.77623928397063 0.0
190.43326230327142 69.33112587119456 0.0
186.19349624639605 119.34339980257211 0.0
37.920963322978295 27.5292423630632 0.0
90.72271300732476 77.74154201317562 0.0
95.93297843305528 12.183603174520009 0.0
107.45912617064988 82.13137854486364 0.0
167.05869134793755 118.6245582251971 0.0
75.40570911791917 50.39747531625416 0.0
25.993359151523833 199.3427485701457 0.0
32.55839181166993 130.29188779325597 0.0
179.87128929448184 89.24023425116378 0.0
147.60995070887378 27.84700949614085 0.0
125.94406245208422 55.73680871922369 0.0
90.84783227948424 187.57537391181953 0.0
21.600346542101633 138.97206880242126 0.0
110.1211530007839 181.98211728968386 0.0
172.54380206568078 83.47647027537164 0.0
171.697382621026 32.173482289579944 0.0
92.01611987883203 105.0674744648008 0.0
176.02463386616614 151.85272013508808 0.0
87.27246545847103 185.35973662318943 0.0
64.86073171643831 183.7523195287976 0.0
189.08685652045168 141.16102155144242 0.0
198.92551262023915 180.55960778299817 0.0
155.8854552718563 177.15844821544366 0.0
104.17822477030172 171.65027707905028 0.0
56.17593579881781 197.68233670680297 0.0
160.0170893322054 152.4524785845478 0.0
161.26146198102936 26.967882365981133 0.0
34.14351314480615 135.02166386075507 0.0
164.79811962441522 67.21762743843831 0.0
56.52861224693228 106.41445417078654 0.0
86.57495973976236 9.900511472622608 0.0
68.86522953275139 155.70736338427062 0.0
14.966095284895232 8.10607434599586 0.0
186.08366847407888 51.014229267856415 0.0
95.82465553934043 16.405309333497552 0.0
162.95494933192597 174.61383294367332 0.0
85.15864389805043 9.552297799125675 0.0
71.50049643165018 157.30717906989008 0.0
148.74915235692492 102.49375456652908 0.0
163.87263426236305 192.38159631635443 0.0
13.941604669955998 11.536249612223637 0.0
120.56542986905106 55.0666221669063 0.0
57.161063871832305 20.153859700768972 0.0
165.26089508394418 105.12460268182949 0.0
45.27295188544589 42.80166047179239 0.0
165.31073172348613 8.226521216539219 0.0
39.7308220535038 116.23339730103375 0.0
30.799223262250507 176.02159276009345 0.0
19.523159252003495 90.20439217421739 0.0
75.3280887295392 195.3168446888514 0.0
82.25146437348279 38.073650204425455 0.0
108.10953291048058 193.54075994629414 0.0
42.2422147178344 162.7018716233438 0.0
89.64896990148195 170.6728703829505 0.0
60.41562853413056 134.1748825621621 0.0
2.244194147772438 17.079003904250012 0.0
12.704396310207722 63.26491243228389 0.0
161.72317494244157 32.199670435937236 0.0
32.13597739140437 88.17479469030872 0.0
128.2878530081499 60.79694965664384 0.0
44.262182545646645 31.993141311975904 0.0
62.02673546684241 71.47298252698255 0.0
156.4403519998856 174.4212314385229 0.0
12.604271194494721 116.43102218383754 0.0
58.54044819118995 73.71527101593105 0.0
32.83048167920561 131.9578127953057 0.0
145.97289780912394 173.42036982750423 0.0
162.25941375653906 165.86384046622283 0.0
85.5022995567953 33.355530901004805 0.0
39.6605044509476 151.12591109985814 0.0
10.132341240080112 35.4416482136795 0.0
172.15208802273764 84.23413902566692 0.0
51.41768370682871 132.34739703584953 0.0
113.9817434818748 12.253471590065978 0.0
95.87879727129906 30.560667202161905 0.0
189.38332759234368 184.36750027247695 0.0
86.76612428059558 129.37600295234216 0.0
131.63600152347286 81.68021262648044 0.0
83.2402182083716 173.42137076011645 0.0
104.39579938557296 3.309145946577896 0.0
36.10476748368872 118.73035360013408 0.0
21.565566176856056 57.31116964917948 0.0
42.54985085527099 160.99865579518223 0.0
88.41450057387081 181.74001582503107 0.0
101.93299110232914 29.54669826764329 0.0
49.353758613984326 4.142392285673613 0.0
110.44585845472206 111.64277974584552 0.0
146.71994739224445 137.05741327702648 0.0
4.584910604203363 139.22424314416443 0.0
70.11360414605932 102.59182714209425 0.0
191.66443140282215 43.68671295829745 0.0
7.2851390469518496 80.90141156580574 0.0
90.1808816960123 164.2944803102626 0.0
95.25591567549998 85.41660886185649 0.0
143.6575892986708 81.89775026237452 0.0
114.30758067689663 181.90837945480263 0.0
68.66940641692561 142.02538982704843 0.0
167.6680013466867 188.99806324731634 0.0
151.06694618016388 30.054604517037497 0.0
146.16749510006036 124.47274402153596 0.0
113.99059131198817 166.0417365772039 0.0
189.83428892199078 94.77559883501453 0.0
47.08466385845007 197.9312473641547 0.0
127.34363396319104 164.29833284526518 0.0
108.39241724317716 89.24274684056317 0.0
199.4300677674649 186.61079221014333 0.0
188.732911395806 20.968715490697477 0.0
53.81783143712469 31.520513309722542 0.0
62.93113478504553 157.29839966816218 0.0
36.919660346221605 99.86289858512436 0.0
143.0929617621117 60.916190851480856 0.0
1.499539712605058 82.18039817124279 0.0
196.18696280626344 186.00555992303308 0.0
199.69021069283005 187.9570348134058 0.0
91.5153137501405 25.722523978725476 0.0
137.20170550581557 148.83229788070136 0.0
3.2263848124844507 145.785258087115 0.0
127.25235557315797 182.22628573487626 0.0
108.84196571449691 96.95954906370893 0.0
101.69909122792191 191.06580950898731 0.0
96.84224896405385 66.602294528725 0.0
12.039107364021028 170.80899443504856 0.0
124.67218600104889 103.0583346048085 0.0
84.4004343005096 96.72362292664263 0.0
53.10298273526346 26.588492701470102 0.0
80.3340370332482 72.38246794290149 0.0
23.70296176598461 126.63970489615852 0.0
159.16557062295743 34.59642961704476 0.0
143.24214153971542 37.650786419625426 0.0
137.8601652306794 30.514369380345506 0.0
192.17543379843687 184.22024916691424 0.0
100.7988605393342 9.3761056708483 0.0
83.91948456932555 91.34545226981392 0.0
24.560749708484163 4.41302957831653 0.0
67.45851245685076 66.57504784710062 0.0
151.75011930678167 119.64847834514035 0.0
187.8849685348828 78.29966783366393 0.0
73.1031729354094 81.85793874165093 0.0
97.80095402083111 78.03840876596023 0.0
58.554326337978544 69.70684624490855 0.0
147.07675271791553 144.46171423186155 0.0
115.63725968437602 90.09164968762988 0.0
169.28316260410307 63.023832327965934 0.0
147.54134651208662 135.96758486201944 0.0
130.18455386771643 97.46102899624746 0.0
33.33923888884544 130.45438155255223 0.0
6.999932855329316 158.04445525904507 0.0
59.34692441572829 38.76904478220802 0.0
126.70961869686327 126.35936966584656 0.0
93.27258268982837 112.54252121855357 0.0
107.50540604299755 157.51527392456714 0.0
11.756204179907147 20.334998299354588 0.0
119.55246922480443 148.07434328731213 0.0
167.0969921032527 13.672333706772255 0.0
9.551474122631598 31.618279092468306 0.0
110.41100448198178 79.6838998620784 0.0
118.15978260016169 143.75655774532478 0.0
176.15679948246603 39.430062397802715 0.0
160.15089693195932 184.51191490177413 0.0
76.91211776988149 165.26515201693067 0.0
134.26157108213278 98.40161881098891 0.0
157.4799871701326 111.08973479588546 0.0
82.99639542449624 91.16597453838364 0.0
13.84790053057776 176.10374211099722 0.0
32.22995973665215 6.978263106437721 0.0
195.2191148660413 155.67986810881885 0.0
6.266913071488922 1.1032276592032098 0.0
76.28033872338091 72.23437436296716 0.0
36.090776701524874 60.353828521948216 0.0
112.06540129868425 124.48038290946155 0.0
156.8523634769734 47.3290842914726 0.0
169.21993119599793 45.206419352110714 0.0
125.21927294770178 174.29835973435738 0.0
65.16716779050424 115.7308997793012 0.0
178.02807272716942 148.7304486873401 0.0
40.62056179287603 149.440932194093 0.0
0.751098474059475 74.84856377412609 0.0
41.08396530059253 27.331761472629168 0.0
177.61018832536658 144.22508723203893 0.0
189.42564783947105 45.22092585249962 0.0
154.73992785877527 3.3128909381003657 0.0
94.30757316322531 15.318933150054859 0.0
163.62328260503295 46.94271305955389 0.0
58.19681170788809 154.0962655939422 0.0
24.092887436635337 154.19895748543243 0.0
23.88114491242108 83.89411576931865 0.0
74.51143290311416 156.71909508285262 0.0
29.85632291439746 177.48428311876884 0.0
61.315080167817705 9.344616706149633 0.0
32.64774454520347 182.79126243504064 0.0
60.92397807404792 19.184371740829054 0.0
198.07455000369322 179.2475195886149 0.0
4.0944036808559625 181.5338515864667 0.0
163.65955904456447 37.760768720370265 0.0
126.1072559782043 69.72686375798844 0.0
130.83369798260384 83.02969757293504 0.0
75.7580126896223 30.878815031838403 0.0
158.27894557819445 189.95262958018708 0.0
81.93354983748146 50.6136273137819 0.0
96.69904820637947 85.13129388284952 0.0
98.63155123157728 167.24920726312544 0.0
30.502684130591582 169.97969826825016 0.0
27.598478056311016 139.54900466471756 0.0
73.32897499015083 133.70591017199297 0.0
152.33251933817058 2.0302999555938284 0.0
102.04058951426973 182.44244865642324 0.0
8.018095633937271 177.9523763632527 0.0
107.75500204228237 75.05865383027368 0.0
59.0289308770787 162.49077438437834 0.0
92.67977454152276 126.69635401663209 0.0
158.95694623657278 37.236463013677664 0.0
47.963067193970986 117.82786463103135 0.0
27.694572042867005 32.041732319962165 0.0
110.46580919954722 29.64323150961574 0.0
95.91834944657232 11.367301732841195 0.0
115.30739710261227 115.83137730575919 0.0
39.392099192148834 129.66800968440074 0.0
36.232033337711435 16.327735476586724 0.0
153.8281041426984 173.98725568674115 0.0
37.28807546666593 20.35857355049171 0.0
5.61520354344287 91.81315618219008 0.0
47.00824833826231 194.1202906633329 0.0
134.54292382105953 88.38223998535891 0.0
110.2236542754792 102.68949261417843 0.0
181.72110378954272 69.9992392287136 0.0
72.84006465076864 76.26770658740449 0.0
69.2148280241613 108.57444333060681 0.0
11.350057034688344 197.62225248302886 0.0
167.48466417805793 7.462786216336315 0.0
31.550132151707434 20.592694142461767 0.0
152.54273863242642 159.82178085383148 0.0
29.876964048232523 68.7900105780137 0.0
76.80526052714083 108.08807559514406 0.0
135.97253766007287 9.1235837649551 0.0
55.942527537365685 136.80535008716114 0.0
36.53299873305793 46.54872343008816 0.0
108.59782435239367 60.91904461479736 0.0
18.191565277976384 144.43545284616826 0.0
76.66677488156846 107.7861180545602 0.0
161.13092441905593 139.21695362183198 0.0
0.8991592597638265 33.53107337832921 0.0
65.3161292190906 88.48393638282239 0.0
29.90547991434649 163.0120711937431 0.0
197.6840797132297 68.4490147525104 0.0
100.220833120551 97.54386388052461 0.0
11.321094165416156 119.71297176263901 0.0
40.89899705924491 195.65715593259105 0.0
6.605406421896509 129.52260585770316 0.0
28.179959230404727 199.55667815205953 0.0
79.48671085883683 134.2176816426018 0.0
44.09440496958324 153.57316265506924 0.0
33.52014760819284 27.322287135266343 0.0
177.4389956248492 40.78721825702998 0.0
19.96750564758014 166.7437456540957 0.0
46.37660053974968 150.1358644890109 0.0
114.22367259670092 88.80001844423215 0.0
118.98591896658162 78.69534520982401 0.0
37.02175781673371 57.30438293627647 0.0
61.405327138528065 72.46664858738482 0.0
185.31547521002554 102.69394106505736 0.0
52.78595135091302 113.87292104908289 0.0
50.43289597235321 139.19630964289408 0.0
72.08944840369 175.31087831972226 0.0
170.04075585554034 87.28678065001813 0.0
83.83614727076582 175.48100242714307 0.0
185.65404416586057 74.19584259775559 0.0
28.229633650764097 198.85424341682986 0.0
158.870742525609 136.98499969809797 0.0
155.65404739980318 68.51566250212468 0.0
37.206961111417016 10.716440228360046 0.0
136.36079454742116 198.75834989650966 0.0
54.35305553125578 148.50002532910202 0.0
123.231651300808 196.1836739614063 0.0
99.86659275215666 90.70891304765307 0.0
148.82544059650346 126.69681426399302 0.0
99.76329934479749 77.41277158842817 0.0
97.48600959520262 120.66929569098109 0.0
12.162566464584135 181.08558140238804 0.0
9.109261786698308 49.673061660745724 0.0
161.08922958477868 25.902694140376493 0.0
43.23759680374295 175.57343019210472 0.0
106.72881586458357 155.4495755051381 0.0
60.470164068412636 146.40113864895062 0.0
81.87864126581886 112.42269641920821 0.0
62.747832449504216 93.30638978938212 0.0
12.032558706097763 101.9105778201889 0.0
74.89202280048164 69.03076265706667 0.0
80.48230995543678 124.10102525805533 0.0
46.84685053843087 60.71553426135468 0.0
100.01398521904639 82.76825497441924 0.0
9.394360453758232 108.49785469877813 0.0
9.223166233130819 2.651515298027074 0.0
25.682937162631813 66.22901048715444 0.0
24.167791460691145 121.84458538608457 0.0
46.72928375267447 51.78179676224186 0.0
145.02304850482582 64.57334254935677 0.0
1.1247318713454746 51.79686419086804 0.0
42.59789267527463 145.2463968378362 0.0
127.49681948559584 69.35070965577856 0.0
31.018156453436795 106.42163299588967 0.0
92.84756040069158 32.91076480798891 0.0
70.57647954834754 51.33929485491626 0.0
30.710000556337036 21.075931612154974 0.0
138.6945725304014 195.93004936185258 0.0
80.13505848212725 199.9835822631625 0.0
57.138786623281376 135.71429164451402 0.0
109.84089366172469 18.89702473004149 0.0
170.07503784392512 199.76676004673442 0.0
71.42741408758899 64.3700939365062 0.0
130.24470745417506 146.9283596705899 0.0
41.37882629025951 134.5184761437471 0.0
69.48823212961739 148.70488503501215 0.0
83.64741614344476 162.31004421643087 0.0
5.038561687659482 98.80014064399944 0.0
192.93209532384682 190.41943143062878 0.0
64.45185889820357 190.98879745457765 0.0
163.33559087763746 80.07481256450424 0.0
199.73826934721433 15.042112978377297 0.0
67.90434192195865 22.457631617625907 0.0
105.20071541053373 134.67744860628923 0.0
131.62567790713774 13.598964644347266 0.0
53.68516747704324 32.01039037708504 0.0
133.776933084724 52.348854043413404 0.0
122.39104708445718 29.745980399562487 0.0
85.09169295741647 125.87789326627153 0.0
192.08571398830892 135.3534948348185 0.0
191.02850328187276 58.303089532385584 0.0
172.51242707854405 90.7269405379201 0.0
34.4977920681516 15.412843071158399 0.0
131.97633025605185 56.34128118952548 0.0
89.72299207368128 82.09871888406124 0.0
190.53839658223018 110.6722377295447 0.0
113.48225719256976 58.984521234940026 0.0
173.94265264156755 103.65526859138036 0.0
50.79735942305113 60.87589580214736 0.0
119.34711698817917 167.21718951965804 0.0
39.20678973243139 42.036619409621004 0.0
174.12443405775397 156.4216946052641 0.0
99.08028035219868 21.930460361614035 0.0
35.44331268980567 71.52785515406634 0.0
157.0023916829239 139.9503791467429 0.0
41.037310617907494 94.26845045594867 0.0
165.07302001459632 128.7895469246495 0.0
140.51272140708272 60.91290921314783 0.0
51.04307606376839 163.4915930744569 0.0
51.74274154070368 190.18722058301586 0.0
62.52380722692035 116.85022699512544 0.0
138.3403084318352 85.88134230293751 0.0
153.07867587999198 31.711178544453887 0.0
131.89734182219036 41.98202524784358 0.0
198.82686729851102 106.86233751139685 0.0
166.62351086947493 92.42718940828883 0.0
31.257953055535094 85.58060128097678 0.0
94.21281898998141 68.0854670079484 0.0
125.27743965368079 34.5368633792722 0.0
103.21174293640468 150.32257368488362 0.0
91.07331979651418 105.64346307198261 0.0
79.85787799174217 43.52386937020469 0.0
84.21400515936868 184.56098153161128 0.0
116.30343584062747 128.20028566657933 0.0
70.45838127788929 146.9644043748086 0.0
97.33319675467797 1.8126397306672315 0.0
160.0789637168586 167.30116064836008 0.0
178.13182989374363 66.20717821428421 0.0
161.0695569760606 154.65664928745525 0.0
3.3508468989299933 78.56297785729274 0.0
91.42900342133666 126.47545213568674 0.0
111.67077599059414 47.00960463343043 0.0
37.783026794046705 173.26938995143993 0.0
120.24932621658277 122.581364841299 0.0
50.92644506137276 16.076305403266765 0.0
189.89185500181645 15.93216091472598 0.0
128.43829357443872 13.316309525128457 0.0
134.47551630442672 150.24288075776738 0.0
150.34281369291415 34.82508327151663 0.0
157.1039693975591 51.01097293630021 0.0
105.8595202299328 88.2264601650068 0.0
170.66474835345733 168.91976658971802 0.0
77.6058093011677 156.4396150181729 0.0
191.90670819704025 33.74280001273748 0.0
34.186015043021236 184.99872511834332 0.0
185.85030389429954 145.24636657311405 0.0
122.92103706343495 143.99593458380906 0.0
181.2887632418347 121.31115539597745 0.0
51.542986111741754 181.84120802457397 0.0
78.33352307072605 144.00178158040606 0.0
100.99967071639288 86.66553697533925 0.0
125.4025861288657 71.07077322810598 0.0
121.08393402271713 176.0766578294547 0.0
155.74583680964506 113.39141589367219 0.0
126.42333652519484 147.10938234348757 0.0
142.54657423179884 118.07159423880869 0.0
32.435823099893724 135.59533648430687 0.0
56.833920791700535 42.508728613455624 0.0
49.17743755148369 57.809851133169474 0.0
193.8860183601813 156.40355051367897 0.0
85.57838987939891 37.13641250242614 0.0
71.49925927865424 66.75839440609717 0.0
7.384189326415114 154.6219826007768 0.0
97.44410197514067 25.143436365093997 0.0
139.18872766880932 104.67931585718652 0.0
53.62335097436297 147.02214460252878 0.0
4.266632819382177 185.8251658246414 0.0
50.894099574367345 149.68502791267693 0.0
155.48249541043734 11.226111961936013 0.0
171.2097898412241 198.34852464376485 0.0
66.37482279284951 184.95657824976666 0.0
132.68419976576166 39.23379353935519 0.0
23.582953781920878 157.25631680517094 0.0
188.37453202505748 193.94784335640483 0.0
190.10549766712353 145.70763179018485 0.0
101.02598292329634 191.24739210270405 0.0
93.44905009385351 189.13525121421998 0.0
23.715517735302804 20.273542602803918 0.0
133.54643941627944 87.16463361317813 0.0
60.278007256681555 3.6032340123598905 0.0
102.39387263691371 170.7573488703449 0.0
179.5929488026888 108.97124043748359 0.0
160.67681024756263 147.67494100023166 0.0
14.25561514477014 145.27429460261146 0.0
26.224670706256113 71.70547581535358 0.0
86.85147271763893 121.4766867452511 0.0
94.95468203606505 195.61985764209098 0.0
175.99828988465188 86.29456368943076 0.0
37.03571178179155 85.20770438483845 0.0
59.515500855880596 12.043930686199843 0.0
89.3230080140917 95.37553139128299 0.0
153.52575368252903 137.79520004164587 0.0
199.685212325254 139.17263358080697 0.0
3.988922125335481 44.984865907369674 0.0
169.66533464340424 16.743051655640784 0.0
181.11409680518656 2.892820849117128 0.0
188.98760622210094 13.584607921733838 0.0
77.29046209249921 191.90150500030336 0.0
58.742471877318025 26.129079471881123 0.0
15.623192793142815 89.21103515075414 0.0
159.6523977599573 127.54005344267179 0.0
138.85593541134367 184.69212383230416 0.0
37.641305001899106 47.758195031730196 0.0
167.40659875721025 83.8165514674551 0.0
151.00085274083764 109.20614132241894 0.0
90.43864608329804 150.11263468121118 0.0
51.76716444868064 133.19823162465326 0.0
185.33526271477749 141.35108036151485 0.0
58.4917433264178 111.98310062839253 0.0
48.63918188122571 1.6743273113816404 0.0
118.41081308850772 27.479841864444143 0.0
165.46622059626563 86.14029809259006 0.0
54.08746130835092 90.15139214632246 0.0
144.5958500153729 14.659365232902989 0.0
142.92144504718826 70.09157261431164 0.0
102.88757656586276 79.06109358188395 0.0
187.49168709069406 97.28496196740232 0.0
195.36700186432194 60.03511518696261 0.0
100.51687327173222 119.13167212597648 0.0
156.2710044212867 49.94837528545195 0.0
150.28990374446528 120.711898558721 0.0
141.53652216113142 23.048725411604853 0.0
190.76216428729032 36.89786259404828 0.0
144.6630145428481 46.32269148072896 0.0
35.02399557546214 15.303677716940545 0.0
195.57369320479341 182.283091825564 0.0
21.74800019158598 125.19638359758329 0.0
46.046234587376176 99.21987947241897 0.0
171.2321564903679 149.8742908188382 0.0
95.47870501684108 174.95552188615798 0.0
130.99998609381737 148.6515053574212 0.0
117.2019796897181 56.904010632892856 0.0
170.48541465750216 29.47044821925864 0.0
108.24508310799817 24.24029337346063 0.0
0.1501696337777414 34.29678300853105 0.0
104.4053082133102 87.24493171985341 0.0
162.45196745480365 6.834214304854513 0.0
77.67021387762043 154.39642530731768 0.0
170.40200121898343 185.72929104909994 0.0
64.48389096659596 199.54155166724058 0.0
54.02058104733729 46.31916621638232 0.0
61.04532722767144 169.48185675930782 0.0
115.82003290799715 0.10812853710411297 0.0
165.7718496936538 186.5722175055031 0.0
93.5143812072487 153.5415027833889 0.0
149.25606425991856 21.43528967145376 0.0
181.47554434459965 26.278361180405962 0.0
88.48991808778382 37.65335393918352 0.0
72.02615709812277 134.04720611486812 0.0
114.82497622704632 43.30698532109991 0.0
143.47938920064982 52.30175198587783 0.0
94.08307964630016 123.4877087478269 0.0
143.906532948876 194.2765914926402 0.0
182.42715562206354 173.41971242923256 0.0
197.9332967258857 60.67544512347989 0.0
83.04698942167843 103.58335022595386 0.0
98.43622917691981 148.10746871043884 0.0
