89.54119330218082 38.4181429821723 0.0
54.35199105038466 168.86703771618505 0.0
188.63487072061648 5.596539395211053 0.0
135.6142501874187 116.74063852514675 0.0
122.21991190084225 41.98799080279743 0.0
115.14157963750253 157.3315906446686 0.0
4.856045370640505 55.37233850522505 0.0
59.56524868254507 107.14031975500176 0.0
142.55317036283068 103.75915276819327 0.0
30.140767413514524 60.60579794874632 0.0
198.6994251836211 31.23066959811944 0.0
141.7074167047009 154.64654705415666 0.0
33.358307327769495 32.23951955582551 0.0
153.63793260909333 87.19658899877531 0.0
139.08544632217897 140.80289745717593 0.0
109.77680624536073 190.18191599109403 0.0
60.673465192413566 88.10511092431545 0.0
186.7481705473014 7.578277453263049 0.0
56.741247273683506 75.34080238711509 0.0
58.64725892685476 35.63658242045242 0.0
137.84161937099782 168.2014381215253 0.0
141.01213329914273 145.05729219750108 0.0
98.76935446238339 35.22793501254697 0.0
38.105254948761754 23.840686737860683 0.0
52.00921305294646 24.32267611421488 0.0
184.9172014365197 154.73510230687745 0.0
64.77151172843641 100.0344202694646 0.0
48.937752921253704 172.65054494135782 0.0
3.8205347329869355 148.79992680365106 0.0
136.62228851161896 135.10048700035296 0.0
0.30895970453239663 0.14649957727161933 0.0
35.61427539334589 82.67984277403244 0.0
61.089188130259366 8.92982831452005 0.0
16.167505131001047 66.78249600974094 0.0
73.48039736005649 197.00201151692588 0.0
113.8444479453471 178.20713255244988 0.0
177.22784392552947 162.2747214860658 0.0
120.44994302028276 22.995261761089083 0.0
10.398840846403035 28.963056789323318 0.0
121.29232860984919 160.79082574213356 0.0
75.21755289763851 34.86565696501111 0.0
134.2467984971065 46.205977501363904 0.0
15.348681948844757 129.85718338007075 0.0
29.728680356254998 195.1229495922306 0.0
147.89783820050422 194.33950618324914 0.0
40.56713300118879 35.55728472312305 0.0
151.4041776698455 177.21819912397262 0.0
6.902504031673873 196.65295178771083 0.0
175.35887169378032 0.041362762313745804 0.0
43.61350351018671 39.575269281435176 0.0
7.290564470743721 77.25800570990904 0.0
166.41306644957055 40.512739474842775 0.0
110.2169237562825 162.12357362353856 0.0
167.6346695930916 198.69437959119 0.0
126.26918515888808 143.60059857233307 0.0
93.86363224052016 161.2742679107351 0.0
31.554372123778695 191.6725550534748 0.0
44.95070380720429 32.13049163103223 0.0
122.82770720821084 76.8095656153042 0.0
87.57822803377002 63.070881483963426 0.0
18.30552027501271 173.89472555289743 0.0
56.43168983865912 13.63333132404978 0.0
62.95682199043664 1.740236665865691 0.0
102.16261331129077 109.61367616347151 0.0
142.86945577326216 146.3927598928006 0.0
37.71128293848707 30.64959376039118 0.0
133.79459460199584 69.74784193465757 0.0
33.19076117104345 13.634141257063636 0.0
35.73120057741623 14.563420209791179 0.0
14.416422852429633 171.42792661857519 0.0
78.41974200513036 182.78285373231432 0.0
31.29805165335091 95.28430036284463 0.0
121.8724507850998 186.1482117776479 0.0
79.69434415639168 134.59705019544208 0.0
121.5750911246488 46.4047788224556 0.0
183.9624823572168 29.025655588524323 0.0
79.75306096428105 156.9681625008225 0.0
177.31826509282752 5.748284219521804 0.0
162.1024722670761 8.745672517367575 0.0
153.25509154989956 48.53810574811117 0.0
123.64463461088273 129.87386796840647 0.0
3.652886408904088 195.55374938742025 0.0
57.87025629028737 192.45461060474372 0.0
7.840894026236578 29.18018284404653 0.0
160.09736545802122 198.94217711026104 0.0
91.7610499992967 183.951393098593 0.0
78.97486688629358 76.6543529586803 0.0
137.5115264111418 117.53176711349201 0.0
119.32147180288399 80.9506826455765 0.0
190.93271716666717 164.92822504728133 0.0
54.997424251203796 135.94147515643056 0.0
188.53091259258488 27.55059663461474 0.0
12.264420730934077 26.161294508010258 0.0
104.91759097070631 136.4329195975606 0.0
192.09682915329068 193.46120642446076 0.0
8.075141508126983 172.87378988611187 0.0
114.16515774358113 190.44414239405668 0.0
2.1426005933190773 29.94906182179864 0.0
185.72052860980216 195.08822490333873 0.0
36.04785158104373 54.795630200593635 0.0
125.36672493352363 0.7730900891462333 0.0
61.19547533328627 124.26028502555792 0.0
104.71421704914994 161.7446589858104 0.0
32.552336380852424 175.4528826591305 0.0
10.16834165287024 96.12403172220479 0.0
164.85570811436816 37.9385691886585 0.0
172.61167095575 126.8865412472467 0.0
79.30165239322862 195.74886703560986 0.0
64.49834720952143 75.80731369793176 0.0
5.954107807977249 45.086937714622465 0.0
21.886070711925765 116.18997415362946 0.0
43.247965825871674 107.54756478878802 0.0
13.189158513074762 137.2654658685732 0.0
18.342250685198568 108.86774294206285 0.0
46.94394355915659 76.46825555637433 0.0
140.71236420100698 39.6689852007996 0.0
187.63555726911545 135.36751863922225 0.0
196.25299900684627 77.34793725266218 0.0
131.6430560611072 110.85119782718549 0.0
90.29644267677506 167.21704928849988 0.0
84.61748795536195 45.231156623649426 0.0
115.3334223983088 136.19241443105943 0.0
77.11549578896577 27.25793185560803 0.0
192.85685359529222 43.77125681953804 0.0
57.06870949073486 60.60396021272096 0.0
118.63130342891648 62.73676595722626 0.0
105.67714693188867 57.19438356887259 0.0
126.8240979071938 125.9733548264013 0.0
137.57245351861215 9.834951399736092 0.0
80.81653771060996 75.9707022895405 0.0
66.60486958853653 51.90673058797542 0.0
97.1468080652065 110.04028636137303 0.0
45.365394962436056 21.46776227996796 0.0
13.918614405991537 126.963348218571 0.0
19.562588932615977 112.92205201156291 0.0
26.142775704586096 149.73466917808338 0.0
77.63118761271512 21.486596375138767 0.0
27.86147702972488 124.26169066198803 0.0
121.45756377527688 64.00746255028609 0.0
124.53795135122556 75.32401006690546 0.0
35.86479440766415 94.24630269022998 0.0
9.077002587429739 38.793401391658435 0.0
192.50808393064636 21.57890675029126 0.0
30.974700767708296 183.05998052579804 0.0
188.08885175548045 189.11776692602916 0.0
30.478328900579086 82.805353296475 0.0
187.30385249630461 170.59095668257638 0.0
158.27052878683426 14.708931181641471 0.0
117.70334971456384 104.87987567982083 0.0
156.07431137491292 7.3689587946634605 0.0
46.64025328115178 102.93878734676356 0.0
134.70856269347433 196.66494233146105 0.0
159.74987483025888 133.8893429942419 0.0
153.5063226695991 12.983736915968013 0.0
55.90786529071552 125.40362995264923 0.0
78.6410194153255 58.176631231952626 0.0
175.3716214485047 198.05958207101955 0.0
77.7886899357002 17.810200414555656 0.0
85.81831870410399 194.17289967982458 0.0
94.68689046889385 198.21899115496265 0.0
65.2504823799647 158.67993386135302 0.0
139.53398159106067 78.06341429874357 0.0
141.24790342648544 182.96632639093434 0.0
29.80514193696775 20.541493268150045 0.0
72.8024292053688 32.10647856302551 0.0
120.94439806703814 5.0984855215117975 0.0
93.98005296350614 41.799256586659325 0.0
177.5246410721663 106.42370996720526 0.0
177.91244392180937 93.35565679938863 0.0
52.85054852965085 73.71913107199653 0.0
125.12801784397958 53.41442080532084 0.0
68.61205762899351 144.66970711013067 0.0
131.99024947362645 99.63199356553048 0.0
116.07882777742982 166.240687029939 0.0
53.01898395759315 44.41341671157903 0.0
136.4590483765312 188.3724563293777 0.0
135.12809341704232 115.8211532068867 0.0
180.42864998657336 146.83875499711704 0.0
172.32082635432786 58.11913502189723 0.0
95.46986113549197 57.979513382228134 0.0
6.141833752297554 73.97956338130844 0.0
44.54081162022155 110.71472478809609 0.0
80.19283880895583 46.20041874437997 0.0
120.73074874815171 160.1912301064923 0.0
146.27657670210002 48.85187948321459 0.0
89.93820589977769 2.609466651875181 0.0
15.241589464175576 186.09013966728952 0.0
167.24230995337385 42.22270272854516 0.0
47.35810503932647 81.44753195119026 0.0
112.52015668474537 149.19639167362874 0.0
85.06324136563424 81.22801982675124 0.0
16.99611628280593 50.96078518553235 0.0
145.17137505499414 32.70760856614932 0.0
144.7916075700539 99.88517213800388 0.0
8.153528435531898 151.15938635830076 0.0
92.17679708475703 116.54734487679414 0.0
68.84728947700356 199.29330969107494 0.0
132.1084325572243 20.567378617703035 0.0
45.966658642831334 168.5211442494165 0.0
122.77087175637953 129.92001649064957 0.0
187.03904976264386 73.52723601003612 0.0
176.2201145391612 134.83520188917302 0.0
50.90440197199408 149.94619563082543 0.0
6.863580266817593 33.8417907640127 0.0
1.669287624781668 79.51877204946827 0.0
109.39102070202047 157.20462521760757 0.0
6.016591734898902 57.9175975743057 0.0
51.90493399672069 196.950552259953 0.0
190.0292628234472 167.50477884581642 0.0
12.381546415911737 112.87422554389724 0.0
82.19432514006928 20.60360805862047 0.0
35.22626926922292 90.35992835264497 0.0
146.01133751355133 198.43690225589646 0.0
139.570393970788 188.55084543609567 0.0
88.63704249003436 26.705029790479685 0.0
172.08853006813504 136.34264546120562 0.0
121.25603355195732 100.84666706070506 0.0
164.4991727926633 108.87344993860286 0.0
42.37484393663986 102.34594342763532 0.0
129.54353996670793 48.62765488408569 0.0
116.99486964359525 32.019703592169634 0.0
109.12066647266543 182.96633716594502 0.0
32.627185912230395 27.0391609148527 0.0
74.38953595631416 33.84228239004115 0.0
127.37025045717274 25.51026064229134 0.0
170.03190108999917 15.65303614586071 0.0
5.779258051990932 95.75766482344947 0.0
193.50213330132334 73.63063858537684 0.0
185.01366568493054 57.02733797312713 0.0
104.97338549330202 127.86205032776027 0.0
146.75732726663236 84.14321986388087 0.0
174.8220969275296 156.97956060476653 0.0
109.66342796362889 110.72362645973506 0.0
92.8756744127453 180.75579665254574 0.0
182.58419331851672 23.883459714966328 0.0
187.281054197737 182.2833057540637 0.0
110.60322700272349 77.91853703046452 0.0
30.73456695283321 148.11388816904469 0.0
183.89611557609652 45.288681532835426 0.0
147.94646348709932 98.67829000414905 0.0
43.70271840610349 170.2865645512441 0.0
80.59615243301432 31.502108602930257 0.0
90.20241341429256 194.099572307034 0.0
114.66707622983299 106.17907855318424 0.0
173.84141708276994 179.542242486275 0.0
129.93298483361906 162.75825219535366 0.0
34.66896433511777 179.557205225113 0.0
92.50011595281632 184.14688410341452 0.0
143.4971629066591 165.65289126841478 0.0
78.69261718574762 188.3261131421688 0.0
194.20691403488036 60.76640057303824 0.0
192.20146412175717 67.62188288790195 0.0
98.28034358437037 5.610510088975573 0.0
116.29972798878983 79.96887394689772 0.0
140.64777033820977 128.38387724959506 0.0
129.06008972648854 41.050474453230336 0.0
170.19521838692503 84.79394500476347 0.0
1.8931469901230624 166.39313976541288 0.0
118.78622055721269 88.6623147540998 0.0
100.35794239561557 168.93888613064576 0.0
169.40949641187726 62.95267264127011 0.0
11.0789632368385 30.314851664208152 0.0
127.07183972565421 106.88164592734768 0.0
129.73660706183458 32.964258632487045 0.0
185.31350260109068 96.84338752414034 0.0
62.481021243925206 165.49838100453061 0.0
126.73098307287165 117.19877630103109 0.0
16.751935497799764 95.07449002673252 0.0
47.650125413637156 151.55071294631685 0.0
187.3700045800397 138.29996187832322 0.0
155.10010916347062 55.94704884544175 0.0
79.89791549095466 56.1081429096385 0.0
48.49681232390597 82.52320105124417 0.0
155.652402284478 48.24683086347565 0.0
168.95177789367875 125.41664252011029 0.0
131.38103917080377 29.465571329890228 0.0
175.88088304030163 20.355940549416385 0.0
121.50058274845115 132.18321761328835 0.0
93.59457424075511 45.14717722359678 0.0
171.92639102390646 199.36260655691146 0.0
159.80937744078685 40.35098990271575 0.0
1.9052332213789436 6.514476571492778 0.0
3.5281974859823872 97.76378060231121 0.0
143.8967484025068 83.1979865589599 0.0
81.49470663053313 148.88688435836852 0.0
151.43140596658006 92.08066575038991 0.0
10.434992139613808 26.387875903532642 0.0
131.0058956905721 167.56581612959027 0.0
146.55737031153444 68.6284898012616 0.0
146.45942475672427 16.19070640125728 0.0
84.28915581795351 90.65389119820895 0.0
42.907446423269825 137.44430362287312 0.0
72.98695075491841 154.6084294547048 0.0
142.19193296656118 36.348469747722234 0.0
83.36483920618151 38.36322217439656 0.0
72.94038197423617 168.091997160958 0.0
194.64267785824893 23.21134596756924 0.0
115.70825499690372 180.20201252810227 0.0
118.92447915534655 199.8066056135541 0.0
67.3126145177112 199.18280352727245 0.0
31.074777068670233 126.0922383289317 0.0
158.34741934260666 46.24718681800473 0.0
30.36849213028665 161.786231280201 0.0
194.00374264675855 160.71104688161577 0.0
124.44788720360644 151.0601435987365 0.0
30.701031429795922 59.816912934412024 0.0
196.62771227026835 128.3688044714518 0.0
149.66833268661856 170.19773279126548 0.0
194.34777336091113 181.9583865043267 0.0
43.49722085545036 28.887336422196384 0.0
159.57968786805932 125.40081692147898 0.0
192.82091643615473 170.72941627538736 0.0
111.25257575658163 199.57268030240198 0.0
177.65702549817829 94.23213259231625 0.0
185.27020413794799 55.81723979753184 0.0
141.58399218284276 129.36077230164122 0.0
39.449871835996596 155.5982766242806 0.0
6.804316433884483 18.456207924844147 0.0
138.72120419295356 62.77500228080824 0.0
124.28024505623563 165.41222123867342 0.0
150.18079398690753 101.69748495692549 0.0
35.51062761528634 8.440039454337377 0.0
98.10641202674692 107.64233684847217 0.0
121.15027803570288 28.193810521400863 0.0
155.7924429472402 105.6787609677287 0.0
116.55610302745147 115.72592082220974 0.0
184.07583687110625 119.87539796348175 0.0
185.47706520702906 193.6866081752296 0.0
165.6798407260524 136.8286053493594 0.0
60.48776881612263 109.37732780141008 0.0
130.01049997733114 125.81330234374562 0.0
82.39839921215979 99.71290929389276 0.0
14.798712304536043 152.4275781909145 0.0
0.7564548597117193 165.84271817166552 0.0
168.98855574185845 13.42289171902802 0.0
133.68857577911874 89.12638743741314 0.0
65.5302728801849 67.48162733830883 0.0
127.7135717916122 170.3549385174598 0.0
63.244125872761224 40.02445714420375 0.0
106.79056790487509 80.5535829419582 0.0
133.6793710157764 139.6999895565456 0.0
54.74898598732538 74.39754537642375 0.0
151.90000212609743 40.029640840664584 0.0
36.3799310880681 36.217879479602445 0.0
39.3871480650118 151.75094789342177 0.0
129.85128345966862 3.7692595039085397 0.0
142.75556164076355 139.72282765016809 0.0
116.74172049657447 146.3772550615207 0.0
133.73948824054116 22.826654883476927 0.0
55.87161600272881 61.777829388980024 0.0
23.91112639674182 36.11724654327881 0.0
53.24160633252946 99.90705568017499 0.0
1.8525612572485084 131.54829754116128 0.0
32.772436919106696 22.094527257952823 0.0
121.00996032366804 146.9169854882162 0.0
111.17251447338627 60.55902861018592 0.0
193.2166171775825 82.24282719307465 0.0
85.14234202285738 155.80055221058694 0.0
175.87919667936976 188.6162578414322 0.0
150.25798312197367 18.42789783612282 0.0
80.07938158540766 96.62253754883349 0.0
88.25826513814327 87.15654733378773 0.0
172.35097118168838 189.76711611515307 0.0
183.09352827146535 36.15666945307168 0.0
194.65020028434895 62.89871853076639 0.0
55.97629594006963 22.626560572228847 0.0
85.0449477149904 196.44684846519527 0.0
45.80721914903374 159.4120165634395 0.0
45.906277176756035 124.36064989048488 0.0
103.73236488737041 147.68759808620996 0.0
176.89354636735212 176.95637743392848 0.0
19.22076985514707 11.160855519933111 0.0
66.78219177216282 139.45116362264676 0.0
149.93402286027901 35.956110306981955 0.0
121.19106210993907 82.78081135507666 0.0
88.79234985239826 139.2795211526991 0.0
192.52396696567956 195.3700406940745 0.0
69.02461240731665 165.16261157391548 0.0
73.94800622630633 72.8434962674363 0.0
181.6223852481541 37.0266602811437 0.0
20.988949531114432 7.2365143119135 0.0
59.50102692189327 84.50568564689466 0.0
72.33183645139948 158.08475003664125 0.0
168.80362356037045 5.911145350174785 0.0
155.6727277756623 84.842063292606 0.0
40.166344221641936 27.916636092840143 0.0
184.97537663554334 173.39656841752512 0.0
71.39664301377877 80.48630779543538 0.0
182.2443651922354 199.02481394896571 0.0
137.8985651240518 17.766041290324285 0.0
89.93415596819167 33.944539890506405 0.0
158.31213717031864 84.60160969298781 0.0
179.3711671056923 129.69677429026362 0.0
180.21674498143688 153.54346858083417 0.0
6.073946224983184 82.90818896909006 0.0
74.38116637183411 138.64316803695945 0.0
114.61425467869222 127.55514891715238 0.0
155.9256876740448 30.041528334490742 0.0
153.66968087927728 187.671060807833 0.0
186.8946606053089 187.2942338093319 0.0
126.17621542749475 171.50897479761755 0.0
57.12054515863927 79.57563421748897 0.0
169.99710159694044 91.49175339682128 0.0
188.89339954132905 167.34698803131977 0.0
141.28198987449096 153.85235163775675 0.0
165.8325174033341 82.77062509709314 0.0
155.6982876433499 177.68714311678238 0.0
47.48975286593209 85.09682699597943 0.0
131.9744020685854 175.21549064229777 0.0
98.59691086939408 142.4455388755302 0.0
77.70239136964443 53.359079976336865 0.0
35.50236046293138 122.85041095464213 0.0
159.10538184150548 181.32486878970184 0.0
172.22481146554193 65.12777266476924 0.0
104.48277852055567 9.695787874700311 0.0
34.685114543029094 144.07877809691465 0.0
5.30435060615122 23.603681124324428 0.0
104.059628645369 144.72791214295023 0.0
99.43185331748295 65.87921789913382 0.0
148.83158900413582 16.746680377668156 0.0
47.70481111448128 75.64391544338291 0.0
109.99973826118408 192.90641235038507 0.0
148.13481325274424 153.62962427312453 0.0
115.03619914305591 24.349456441803618 0.0
71.21055188628705 187.58122548992623 0.0
113.56850617687164 110.66347386065529 0.0
45.32357927599566 49.41855881052999 0.0
51.39339644538119 84.18867419613679 0.0
173.0826244455244 10.403892756884758 0.0
29.31291578274522 145.68328615391667 0.0
117.29212991747528 111.3816265073582 0.0
129.41604597318553 142.41780612512656 0.0
159.6283714552204 172.22714689071162 0.0
133.81205012252897 29.96390017154864 0.0
5.5545461238234894 127.96215491304943 0.0
9.454340251194694 165.38913264688682 0.0
85.77376670563643 38.56402304098423 0.0
187.576712870214 42.26402555889657 0.0
87.52696107846589 35.3170826600284 0.0
127.39640760183664 196.83322452305677 0.0
38.30029587287329 38.62408425900598 0.0
21.12137777216163 89.89795944094791 0.0
60.0146845294077 110.51631665094118 0.0
170.9319464781053 0.402141504441178 0.0
113.52765241364477 189.6712364656091 0.0
148.48978804510307 154.4099169057173 0.0
61.2857599714187 97.56678728642316 0.0
133.66008099754563 57.10768481495021 0.0
190.2234611221281 101.4718255103993 0.0
21.515381934362665 95.6589864314578 0.0
157.51219887348364 173.29245570316044 0.0
185.3226932303711 137.18589877027932 0.0
148.52131712566256 192.86436454204897 0.0
188.0978733735348 58.845996823751534 0.0
69.36013092698757 110.10153369752985 0.0
46.444527282801104 115.91910399956218 0.0
35.62839009810792 102.4820737612987 0.0
67.77715053889668 179.01353230964142 0.0
64.5101398374854 42.67216583423172 0.0
5.6612387722434265 152.9466888588756 0.0
129.1037935507826 125.65949583965545 0.0
107.88582272990261 127.55032424032886 0.0
191.88903108610526 95.58780014252952 0.0
168.01672198831173 4.595945975178206 0.0
98.48903305478683 159.55447189345927 0.0
133.56162158241028 95.23130820366335 0.0
83.39424008867428 178.9535520338069 0.0
172.51089578688382 88.76413431596137 0.0
116.07174666567535 88.51665039922342 0.0
154.9009021093654 56.324561586903464 0.0
198.89221807569976 109.0247267482957 0.0
67.17925517921731 171.88311779818795 0.0
17.56399925022094 191.73388993584206 0.0
144.53451663082052 8.296382078769415 0.0
40.2719579276944 60.87883923735615 0.0
79.98537413367559 197.49770271726862 0.0
63.47636335774305 5.187675985506202 0.0
148.90732049905967 131.64577430533004 0.0
110.33494811514697 10.16232212113637 0.0
73.80768592359146 25.989068223018407 0.0
101.96908260841289 119.94894099112818 0.0
146.542500724318 64.39957379630683 0.0
42.3028287363356 70.94319655299968 0.0
123.80173100916907 104.97441957392397 0.0
183.96148616601712 48.84539747130272 0.0
116.57204154116427 135.7994769664534 0.0
175.72392604357648 86.70093984391445 0.0
105.41914365265505 139.91417047981352 0.0
131.28101136235162 143.53175997955967 0.0
30.814579115796835 53.71218097661905 0.0
104.56001842725928 81.48482616831076 0.0
31.364631329673067 84.4579019834331 0.0
8.632983669218053 193.99401190253622 0.0
132.68180595236 190.2939632539157 0.0
173.23448789652042 28.271969734250323 0.0
125.77218982374578 20.06032819509884 0.0
100.1724648915954 192.51902284836586 0.0
116.19479789793732 60.44087324315861 0.0
146.42316085207352 41.55630650627871 0.0
73.88180657678308 144.3985625245289 0.0
41.459406694809786 194.16074563560204 0.0
68.39142579444521 37.55583189632925 0.0
128.36907116620216 151.19981389926417 0.0
135.49791157383723 138.12185362926368 0.0
7.5783354026560446 55.734234558980745 0.0
88.4061307997673 1.1638904483846746 0.0
57.50240913229994 64.57716727868885 0.0
60.510791082001035 29.465136877842358 0.0
108.20386627405558 85.36875715570673 0.0
146.50333122459776 60.9068262669892 0.0
152.14688482861342 174.0451043734904 0.0
194.76227865604642 126.257580977957 0.0
190.3932329620682 84.65123667822016 0.0
196.3456639114118 151.44847484598768 0.0
133.09377988938672 116.76775157121656 0.0
14.53689551731121 34.85741149275914 0.0
99.88715867504925 115.39127812561824 0.0
3.7783622747026513 142.82186397148766 0.0
98.82489387632134 43.92915190915163 0.0
177.95975322831654 35.54424901006876 0.0
101.70023835249214 173.03900162864363 0.0
5.410993400411934 160.74955658095053 0.0
179.16571139761345 6.364271082919681 0.0
31.582439943453778 133.9002183556869 0.0
10.782156885231387 198.78701799680107 0.0
160.27780416962955 61.46835626100939 0.0
143.14997083550958 113.6396721123915 0.0
160.4381331227657 157.7110889673028 0.0
33.53092908382402 112.38765250334018 0.0
7.857918175999101 55.58967014570511 0.0
186.87689377441617 173.61517819976706 0.0
19.847227044387083 118.91867748822375 0.0
170.9394521521132 197.71682175212365 0.0
195.73667661527233 125.52676213701284 0.0
177.14237967014262 169.51773379117057 0.0
137.25466584860422 110.15574438521168 0.0
84.15662640524972 23.11571887595094 0.0
190.1893217030811 131.02015395644722 0.0
76.62533693546227 181.55872228186888 0.0
22.380280879912064 55.39470356650544 0.0
173.2442321711631 128.5415614086282 0.0
132.96828748716445 147.29239949903788 0.0
126.41046243315097 10.125993589817629 0.0
173.96338415478908 84.24133657117869 0.0
69.91091249207355 161.55869566115396 0.0
57.57536664557685 30.363560033921246 0.0
11.628692705752464 7.581822784743086 0.0
21.382813903556254 149.40473940882782 0.0
195.00441231213296 194.20128065187285 0.0
128.30000472606952 54.05849694436349 0.0
85.99657485823684 75.69812899338602 0.0
89.43373616810493 156.87486498409407 0.0
81.54338353465175 2.738793266902184 0.0
15.30490250132075 113.23736766598931 0.0
181.03582661640107 35.760111693122454 0.0
124.54245651838785 128.33874762398352 0.0
14.07001839370825 142.37561793381985 0.0
169.0403105155409 37.780490689863264 0.0
175.75430218473906 28.369590401220314 0.0
170.70041920958863 165.36681883608745 0.0
185.10466704163684 98.9159729157301 0.0
7.268123481438926 11.858880352579536 0.0
152.5696468376759 49.97931961088782 0.0
33.398744700411534 34.900458930196685 0.0
19.48383739775934 49.42542607788356 0.0
77.97710346877906 143.02161280965868 0.0
15.256885180099378 183.18951580754086 0.0
19.844484344522595 45.572052070380664 0.0
167.36267504532626 13.920217961297233 0.0
111.47049302547506 75.63142673241911 0.0
94.70116789655529 127.83782222284532 0.0
93.73984929826898 134.3888696940748 0.0
116.66328694936195 30.1156971696146 0.0
124.90720263118737 193.1796500891645 0.0
118.23694129654896 89.91398839309687 0.0
32.90570123518401 133.31189340305514 0.0
25.750109600392967 33.26506653214252 0.0
192.57790365982734 4.0117924758620305 0.0
168.35483153054457 135.33051253123634 0.0
28.0305306179663 35.26098421922974 0.0
27.113561677115182 173.11971375686613 0.0
145.19717995849643 154.9950508193443 0.0
106.55739602539649 165.5804775854628 0.0
10.826149023679488 129.07751378047482 0.0
102.84324888820431 150.04238017067527 0.0
111.49310647216682 167.65890549555377 0.0
188.1450951085644 122.31386326641373 0.0
49.87139726878318 122.97580327468364 0.0
82.67200131946129 2.3044218890936996 0.0
65.37537672919296 41.3401902864291 0.0
43.71367660298184 77.86354852459725 0.0
2.425079438464417 26.014558702946132 0.0
165.3719170691809 26.59836783891274 0.0
191.96335804777357 117.86374318249402 0.0
53.14423248461486 118.75227632923198 0.0
60.48937539304791 7.119578234569857 0.0
14.28373869153523 163.79711093240758 0.0
135.75519776856942 52.28996035998843 0.0
187.8671784991083 179.21183248308375 0.0
79.40501487164455 101.18900518147895 0.0
127.76077348376305 31.990872741544287 0.0
44.219345962551394 184.26054064365175 0.0
47.181423280137416 31.745670091318946 0.0
27.25941957221687 81.81229953668954 0.0
35.30859025964141 38.833300322597594 0.0
170.08965815241973 54.473553539251384 0.0
64.40994657342436 91.76624483000818 0.0
143.3891007985688 70.1342835607844 0.0
120.20180944327512 55.22787279249084 0.0
45.64536452051422 60.819215004514284 0.0
108.67306353984891 143.33831796427515 0.0
44.25752054355503 99.39542989073762 0.0
119.35916697161566 182.38589435089122 0.0
92.2571719595686 98.7075234140639 0.0
158.0606200735878 143.0594401076598 0.0
64.98971999029433 104.67965377769626 0.0
1.2581226461461315 194.28729456273928 0.0
178.4807094433068 80.11904600970495 0.0
169.9843469348802 109.10892780698671 0.0
174.84490988963725 57.40091948910069 0.0
172.6702843192268 87.57557070977447 0.0
89.97859648427955 75.91009918874126 0.0
124.4916489257916 152.4965176321018 0.0
54.908328285788485 14.05981668350682 0.0
14.998896203796042 20.918002128652535 0.0
124.55236154721621 75.90359653039258 0.0
66.32207926031586 157.5419904832591 0.0
176.28354961752163 98.80143914523343 0.0
0.999589676231305 175.86246091340365 0.0
75.56550657656733 11.296737877537444 0.0
21.487720222891426 68.61700592981647 0.0
167.06657003839624 89.30577682149392 0.0
92.66570297559392 121.22209046085814 0.0
117.03889235244938 133.9169132116278 0.0
114.15875453934159 190.18037223779706 0.0
6.3828574537628135 125.54187457298175 0.0
171.059432244055 113.0190078536677 0.0
153.69976616564034 96.85693354324205 0.0
59.635461965360356 157.13805299473614 0.0
33.76863896390234 110.91698795207832 0.0
98.8699727902307 12.018404377560765 0.0
49.26564377874092 131.0209491450772 0.0
59.187879322954174 82.55912257832487 0.0
12.177687226774815 25.35206839580684 0.0
66.48001881846906 150.88415695409273 0.0
196.2442911682285 162.11225824692954 0.0
172.5443987230959 39.77890730227804 0.0
132.89485309774997 19.814690428527616 0.0
122.32177305523477 132.98732925587814 0.0
140.5311178522976 162.59424283982688 0.0
93.8105377346532 85.92060644232326 0.0
100.63755986619509 11.840817336491206 0.0
38.30378832203576 194.8987274396291 0.0
24.085109580041177 83.1557017640874 0.0
106.59913984657048 83.86661656469381 0.0
87.12654965965993 151.5765462214515 0.0
111.08982377847585 14.596789426207856 0.0
58.964679242092124 158.21185200113842 0.0
44.153228552553394 29.7108041861909 0.0
191.40713458843715 177.8711260774426 0.0
150.01104533545785 97.42207250079733 0.0
96.00462785327157 29.972195328180874 0.0
130.24282853953167 42.72299638179704 0.0
95.20214932392261 133.95251049732735 0.0
152.39273955107672 121.80955110717215 0.0
1.4154350249393932 185.60654062704168 0.0
26.616916214388553 24.856920957861206 0.0
51.57793665970842 162.21667755846062 0.0
17.07684815748458 76.82999407952249 0.0
4.586203397927857 52.04043116036425 0.0
62.791841362438625 46.83284941556014 0.0
195.20453145639402 147.6619472016366 0.0
96.92155660626145 73.5717181224321 0.0
30.372430260153948 142.91120005125458 0.0
73.95737174132945 167.82621157555965 0.0
12.491352167307168 29.49959868812051 0.0
41.059146923024855 162.39386608305702 0.0
79.14991740874653 102.21592563127369 0.0
122.78173071605516 45.793415717070516 0.0
59.87963836180934 50.47198715649608 0.0
27.693474918682504 138.08254705924142 0.0
167.91603867438334 139.18253820510108 0.0
30.896736525390132 145.46609094815867 0.0
68.57284062536554 63.40944249261937 0.0
138.21816134865577 164.94105692307542 0.0
195.71961507291326 198.895312643857 0.0
95.84442967670795 1.0450974192134588 0.0
23.986310031529822 64.5571718861516 0.0
73.43689134014872 103.84543136701146 0.0
146.70065425486163 63.206011766452555 0.0
19.266337292629032 40.62543914004686 0.0
58.19741458887147 173.20344481661417 0.0
62.667011516570525 73.29656942355436 0.0
94.02120570801056 26.461916411072252 0.0
122.1166938512368 129.38341458171462 0.0
43.677416446949046 127.14030121394715 0.0
66.50763883513542 26.500201917383514 0.0
117.96858391330318 40.58200268580943 0.0
172.68078353458333 38.55720985898978 0.0
26.58636988469143 13.488003421986505 0.0
24.053618088243912 176.5059383305732 0.0
101.51219153775432 74.01253359299747 0.0
3.1797966429135682 97.25221156005131 0.0
87.91218760077784 4.414551685995205 0.0
145.3364988713021 151.43664716826072 0.0
16.595226157055578 79.0932554808 0.0
140.74325949108547 134.10226935129168 0.0
70.73527391017545 117.28142567813471 0.0
99.77382575421512 11.83939883507994 0.0
164.44246831888577 12.365521650899169 0.0
128.5304823986784 65.81814817090358 0.0
61.89982319259477 68.74687029189658 0.0
1.407976534204769 112.18928124400556 0.0
83.16548361344715 2.353552947354709 0.0
62.7821135024742 139.65447613507166 0.0
166.37317772667268 142.3579373932118 0.0
141.71579313335562 38.57726203363008 0.0
85.94636950701317 9.350081659550957 0.0
121.58316104641614 86.82636985590047 0.0
162.5743536864561 39.16256450635518 0.0
70.77028919237107 104.61338526377703 0.0
43.081434739303724 171.73765263929766 0.0
111.11867767597472 93.9070239233956 0.0
76.95311006248713 130.8729065927104 0.0
77.53562080941568 137.5765822637162 0.0
71.1659405503585 83.37681753418866 0.0
105.20335763331737 149.23751032562168 0.0
166.10072739859072 185.1111914697003 0.0
170.07664470866 136.84226678371155 0.0
42.70124236389216 96.59246474484601 0.0
103.86634021798953 171.38002538552252 0.0
44.673789150279596 82.26934930061927 0.0
106.46424581705594 36.619052238696106 0.0
79.405504406169 195.28955230059228 0.0
86.7724003740478 176.64587320189472 0.0
147.41218470994136 93.51365839046505 0.0
77.1577391624493 55.025783546546414 0.0
42.50931843680079 32.72948775129419 0.0
87.26086596195199 192.72935909800663 0.0
163.53262243437413 139.4656681493204 0.0
89.64556234422862 161.54015131429284 0.0
83.31742142224682 178.49838203678556 0.0
162.78338446162778 75.47892527872158 0.0
131.77885234832652 99.09061612640788 0.0
156.12552027624918 44.85014196949961 0.0
167.31775243133694 69.19848848683812 0.0
187.52196360162614 35.83674243275248 0.0
134.40991517181408 88.32465213043186 0.0
35.00582080497281 13.13955731747991 0.0
135.11916428300188 7.393977917165628 0.0
42.96835054626202 133.97798070242985 0.0
178.40758605242954 77.97205504689329 0.0
127.00819419500166 108.83889437448305 0.0
113.49896317030658 3.342431009887914 0.0
32.246124961827014 47.68107955585508 0.0
102.18435796262573 70.40372407555205 0.0
176.65425908902378 169.87277276391927 0.0
139.8415843403902 104.04314977010816 0.0
193.9567389768798 71.96018186929226 0.0
196.07309589028512 104.5881940737159 0.0
79.9165009500388 19.435231818197597 0.0
113.24962026777567 104.13366477668156 0.0
41.330681172264924 156.99105324478634 0.0
74.87975595638655 8.986416495395822 0.0
148.81498237951408 16.32405636103609 0.0
35.60846320705324 183.16562793568016 0.0
102.46510341410877 41.361704024925274 0.0
190.78027823634199 71.84157498351593 0.0
33.74119155247479 47.86550248665198 0.0
155.8858098548391 63.79134377499347 0.0
87.42912193811347 187.6789530733474 0.0
24.843007185678225 48.39513985231512 0.0
154.29010196957879 97.46054505778814 0.0
80.94730043782631 135.3921722019376 0.0
158.0180316606179 77.56222081836923 0.0
45.45783040302291 174.56046180956676 0.0
139.381833375902 168.78399290700867 0.0
166.16946098067493 37.68012579777 0.0
25.937691318346268 73.05576529636073 0.0
171.9533225758445 106.58515236912139 0.0
27.454113706355777 198.6676754196075 0.0
149.13135071066102 48.80382155529253 0.0
55.20035864544841 101.49062336026971 0.0
131.68310769364751 156.23343656445746 0.0
27.50676948480486 40.69894962501473 0.0
39.66598649528357 72.49009374216293 0.0
194.513178055456 70.8275169835215 0.0
148.8627248839563 41.01982525152481 0.0
91.77954139435471 51.56582237212728 0.0
129.5529328587037 68.75248889085816 0.0
15.440610467571902 172.5119734136507 0.0
53.438221386601526 19.0252762202892 0.0
0.8444211534390345 62.17985177883085 0.0
35.13322931099581 22.697930226399897 0.0
182.12201817572907 78.87286397159534 0.0
148.2677505710623 127.82712732826866 0.0
111.89381982622083 165.60819554682885 0.0
136.1279436983043 195.96274720081198 0.0
128.32570185041743 92.09571306902112 0.0
22.897388081565005 97.0740707132506 0.0
