2 178
3 183
4 660
8 218
9 995
10 175
13 747
14 674
16 605
23 827
22 391
25 146
35 638
38 737
39 511
36 750
43 589
40 98
46 19
47 594
44 848
45 325
51 819
49 219
48 628
54 888
59 226
57 324
63 808
62 553
61 289
68 157
69 479
71 554
76 361
77 397
78 32
79 99
72 777
73 640
74 259
85 682
81 959
83 675
93 123
90 725
100 95
96 492
97 458
110 248
111 702
108 479
109 150
105 466
118 969
113 963
127 150
125 930
123 711
121 484
137 168
136 431
139 447
141 193
140 59
142 956
129 968
131 421
133 691
132 458
134 787
153 715
154 286
155 216
156 215
144 778
145 242
146 926
147 385
148 216
149 601
171 591
169 381
174 163
173 259
163 85
162 237
161 10
165 614
186 406
187 349
184 899
191 508
188 748
177 593
180 686
197 650
199 770
193 684
194 582
