92.45625303547067 116.06315379070826 0.0
54.81086571074307 122.39812660790692 0.0
34.87499853184859 184.84788338018362 0.0
124.03389583556437 86.15903843599686 0.0
158.4389831131443 169.77978859592642 0.0
12.021127606405347 93.32003096547159 0.0
37.59620294016468 116.60514733667252 0.0
18.879142660436333 129.72588938323148 0.0
130.86106007984927 37.327406663919874 0.0
96.22070512029997 143.22541520299262 0.0
132.36989959766768 43.23229292661199 0.0
96.62993796796977 105.89052033678902 0.0
123.2856761220084 75.84100374956915 0.0
101.3732344033619 1.119562173532307 0.0
139.65944971601664 95.22135261388493 0.0
7.123766881183524 81.87122365847819 0.0
103.23909013463218 122.78214624602137 0.0
110.47512183851926 37.09562042382579 0.0
97.84861109580365 29.621330014434633 0.0
193.27763314489096 50.499562922381045 0.0
116.34412162953085 11.693829071008821 0.0
182.3385716004801 139.10329540507752 0.0
51.78540269919347 99.51013179731356 0.0
33.78535352562297 18.616244653388424 0.0
61.34475369107892 12.77229996451219 0.0
75.39854800240384 58.47973600016978 0.0
92.60773817724952 189.29901605471363 0.0
29.47948238896032 61.4948342531098 0.0
129.30310016001349 92.78696465540945 0.0
134.3248914883587 31.27388374809157 0.0
187.13206155321527 135.40081949264328 0.0
184.13896200606717 175.32454959382298 0.0
70.24999297080647 138.87972055792378 0.0
115.22088238133064 132.39553202982754 0.0
185.0861862255237 1.793190776188558 0.0
180.5238839688041 9.783393328278178 0.0
100.57041651088647 140.7749213723622 0.0
175.18946975556915 69.62032534361131 0.0
42.467643507493655 130.008099831604 0.0
2.4185064390448208 12.732855905905938 0.0
114.4050851603847 175.9312442550368 0.0
102.04842825059663 174.48199808784778 0.0
149.30877017969163 33.07887875137705 0.0
103.46386939820671 169.0654667345202 0.0
112.3493297859206 92.1666872638338 0.0
109.97568552764095 197.08304572670548 0.0
100.12977421669298 52.97600598998291 0.0
73.56115709296857 165.73640908678897 0.0
10.730674283720143 32.287988115831844 0.0
176.8660846759339 161.85508752354824 0.0
95.3610632985174 151.06292674937646 0.0
3.6271483530690984 65.01048066091259 0.0
44.74619791012457 195.25565769076462 0.0
149.18083172021593 191.30024335730994 0.0
12.01600821324682 51.10315849484151 0.0
199.48296507192026 17.955628805826397 0.0
28.741063004666813 78.41592676730895 0.0
90.07081952119978 54.7446511866468 0.0
31.89551367795225 4.349862741534616 0.0
145.65734478698843 0.21432592909096382 0.0
186.90940070132083 95.33082475796803 0.0
196.55519593950692 49.13548492987378 0.0
165.60551951060546 96.24925573198205 0.0
69.88575046868904 2.084012607670771 0.0
117.69876286974772 113.73767551848597 0.0
61.536318380997734 68.91266340051313 0.0
60.668779348127714 64.2889959314993 0.0
109.08650322161286 154.93789031104114 0.0
105.1995131861937 108.16920068535651 0.0
106.43238659808671 171.98651916937786 0.0
132.01210391824537 46.52283602517324 0.0
127.59523163532019 126.01728380624418 0.0
40.80026871831666 171.76555883073016 0.0
60.20899570274405 198.8526820680118 0.0
103.11034900507852 130.3028218846396 0.0
88.43886670188775 163.62683578282403 0.0
68.39072469046101 181.80949747723702 0.0
10.590890834962075 51.87539405034447 0.0
96.06839919112544 20.75024423190961 0.0
128.43042686361366 24.763791020165105 0.0
116.39311239445631 63.515923910287974 0.0
3.235131169716854 91.77056526167891 0.0
58.92238132197034 198.49661205743328 0.0
137.86587724236117 67.21261326365358 0.0
129.90348731189272 46.607082261184594 0.0
14.646913413765116 158.319762699897 0.0
168.44136920718907 186.22589971325255 0.0
95.60427036104326 38.13616381998022 0.0
66.22415254724552 159.204680051503 0.0
174.61935635262225 172.34643088718707 0.0
96.71082393459312 193.54929650529718 0.0
60.31243303721992 141.19474911299795 0.0
167.06843996977526 53.57012037964361 0.0
163.9784325240685 125.98551060520447 0.0
79.77902386070677 59.74377180043706 0.0
168.65549467616074 14.224208095922775 0.0
70.71910796997616 108.22412780571584 0.0
163.41433814771636 118.27786389044697 0.0
176.64774504589428 63.88558761479612 0.0
41.214400943939246 99.50436911303416 0.0
177.4215856790805 0.9770418348230114 0.0
179.1805335805856 143.1205566038142 0.0
156.888405963897 21.91014769486368 0.0
46.911792984530145 138.64905753747576 0.0
131.2933568300614 197.400987078762 0.0
21.441723076477448 186.60439634031982 0.0
105.1649625861713 140.12932846895342 0.0
126.72737977019872 174.14896738703573 0.0
132.03069075690075 49.27519846655151 0.0
61.05198376735261 40.769951336512136 0.0
80.94480790392255 144.73759892415939 0.0
127.48416735787652 89.59857377415862 0.0
39.69397943789368 47.53572697508059 0.0
140.5443439369431 90.81320525264415 0.0
21.67887705160727 56.83813886135229 0.0
46.48669797278606 170.638430684507 0.0
85.85295811521365 24.260811700872196 0.0
65.1130398763119 182.77223889003827 0.0
127.7322702093268 32.520249172320234 0.0
37.792601597248265 18.64399666765404 0.0
54.3730341238394 148.223118412279 0.0
149.36966049450731 128.72607434917646 0.0
17.346586997304737 137.51926210148116 0.0
80.89869494232163 199.1923314441087 0.0
45.12395526846762 8.540149774616058 0.0
145.65452967343197 56.537008613968666 0.0
189.9152830497551 175.99024662638755 0.0
62.622902168000685 57.33785220585512 0.0
183.89211837743474 130.95402887766357 0.0
129.6844565639184 61.16761826132977 0.0
185.85323503075264 142.9266975479407 0.0
72.96320689764883 181.72843450007846 0.0
91.77774490192374 121.27194784699931 0.0
169.31818444062213 64.60375781116916 0.0
81.34179944743852 119.75552875650921 0.0
165.71488158018653 49.593083726162426 0.0
177.35814223309237 80.49849359940669 0.0
52.220786031897525 41.414731925807466 0.0
6.230618578397973 82.63956373521737 0.0
84.62733934627711 34.63246958621073 0.0
64.89835360132084 186.1911171918442 0.0
198.20819438123567 16.981965464040783 0.0
23.377418639408166 143.01880353346328 0.0
105.88170093007083 9.843479483720618 0.0
121.89038989824164 184.57001395851844 0.0
132.05318421165532 95.42732328666021 0.0
157.7070371131153 189.92172338646054 0.0
197.67048289751008 27.30917708797613 0.0
99.20238055841988 187.91364065241123 0.0
142.53403010252902 24.272447032014675 0.0
13.27091691425859 153.57780221794116 0.0
147.6605310451951 6.985293746582477 0.0
147.11878170705077 21.77111741429365 0.0
3.5070893950098103 52.86025032761237 0.0
66.58839819431617 159.86264200005851 0.0
159.1205560369814 16.51457190848451 0.0
120.55296529949726 16.522781018712628 0.0
82.78453464542504 91.56991730460639 0.0
174.55092773801624 95.10676348845433 0.0
66.49442047428158 174.10017317650917 0.0
136.7134421979758 187.82015659149243 0.0
14.598562518956681 28.856553331740976 0.0
85.17057188988568 150.79951726291497 0.0
171.2015270166628 56.46945674072958 0.0
198.5049132711109 0.4365114302242734 0.0
161.43322496682 113.14685220711323 0.0
189.45395445339554 167.71918020030375 0.0
148.4454492981319 143.95929163785922 0.0
146.94547447735607 160.05937882169272 0.0
141.00522597053816 156.62191531328176 0.0
2.682995070062044 49.02064501775618 0.0
125.81217462720862 84.75422497925081 0.0
55.881138725563794 127.55617525457603 0.0
144.17487589012353 167.91856760256766 0.0
113.38357697164399 161.8118072854954 0.0
84.43909574583077 10.308748568862548 0.0
32.27901388474641 100.24422590567981 0.0
19.568461763144885 70.78036403260755 0.0
188.2635151424465 96.75003519551323 0.0
183.53608636252127 183.984862374129 0.0
35.38031612758861 54.696445477678864 0.0
150.6933313897356 15.689552342850144 0.0
71.40095229475556 5.189875659305709 0.0
59.039870750550435 114.93623836585967 0.0
177.99450880592133 95.61388942884656 0.0
1.3268586534386673 41.51124986704935 0.0
65.96451942174319 183.4132821831285 0.0
197.18293420967242 119.27022640347005 0.0
23.215804157245913 5.296480787275648 0.0
54.96060132398897 94.18106599977389 0.0
136.74651201050514 23.47362389220602 0.0
133.7582308757692 160.518926705514 0.0
39.8432688666871 138.24311715925617 0.0
124.08090372854718 59.46744440326446 0.0
21.790253276681582 100.18469409713377 0.0
79.86097292988357 51.45058995333181 0.0
29.785805056133775 55.412390108625445 0.0
55.06714675900921 116.83996104300658 0.0
91.3929744794775 13.7860180070432 0.0
24.888672754356065 149.25261874161478 0.0
190.733240274366 142.67526903825123 0.0
104.48894081527287 171.47481488544702 0.0
42.76544179306179 57.81564669032997 0.0
17.580795103236934 126.11738523010072 0.0
127.37478464888201 107.99086999175378 0.0
112.58348650382743 171.42879353982195 0.0
168.62955101468458 31.721747318327907 0.0
175.8791476213207 47.262149141014206 0.0
174.44607536217828 101.83663915488668 0.0
49.69436441887729 167.01292832578235 0.0
188.03515981862745 167.7442021247035 0.0
26.390359328393885 38.414265624491996 0.0
44.886136648654414 55.42418025315852 0.0
161.45299819687477 19.3971344598306 0.0
77.6774339706227 191.5974739618887 0.0
24.23167524082308 74.79303717206518 0.0
66.38539649874167 81.23198260942539 0.0
188.48405366178923 115.47701954981491 0.0
191.9958982357012 186.48599708092743 0.0
154.04124240348872 73.61934098590936 0.0
119.60610167747134 30.386292469081823 0.0
186.41599888047833 96.03418440270164 0.0
10.336517567937676 179.98333164454314 0.0
162.93425408499016 122.18438449381877 0.0
41.35634824000449 151.421353064141 0.0
121.97808943560433 54.22120976568541 0.0
99.45795312145309 23.306345070151437 0.0
26.186128899243478 123.50874276935728 0.0
105.99893653100455 44.95033798021868 0.0
70.96506483022263 111.40259787156023 0.0
129.66338572636806 182.51565424227704 0.0
96.42397090699264 191.62303501749037 0.0
48.37639451024409 158.7781332622546 0.0
93.85069665184712 127.3829473450306 0.0
32.83900219523528 111.17360510214402 0.0
37.10760219929605 178.50137153340955 0.0
141.5333143163346 117.98728835263628 0.0
114.83160703045424 152.0535603054282 0.0
40.680532633296515 123.99098640099537 0.0
91.08139762523193 164.6789566070594 0.0
92.51734442085406 34.52836133301766 0.0
180.08242798277314 75.48874979169997 0.0
191.38897733145953 140.9938152196719 0.0
84.97814015019473 195.58493556771117 0.0
169.54000761673527 190.84588766641392 0.0
121.00369186511679 183.52314618291393 0.0
143.11685032057963 121.74132398578128 0.0
20.256226344806127 195.62190869399612 0.0
23.778658880983826 142.07127986725098 0.0
98.24362336488201 175.84115004074184 0.0
182.4461571420955 59.12654172528355 0.0
151.65137045535496 42.023216575020214 0.0
119.10079656895569 131.31382620119086 0.0
152.27510851403218 53.60990008262336 0.0
166.1793489769853 52.290591829243226 0.0
103.8241499668351 30.519337691586212 0.0
132.9919798855024 162.58113905577844 0.0
136.30910503200556 133.68690818241936 0.0
184.7245258223892 28.182023076652165 0.0
26.984581342630285 14.844602640925109 0.0
141.96863314543958 125.86018085059555 0.0
57.325699445905734 96.43366901249742 0.0
185.35613234797995 131.29241689347933 0.0
42.274998816457845 152.11551958036327 0.0
54.75692867388564 18.890258361103697 0.0
101.00412446924909 24.166475200211913 0.0
43.63237590806071 51.09951159292934 0.0
77.69248899561335 36.111872099959676 0.0
6.519066111829264 160.1590879928863 0.0
66.33292569584847 37.27569047842534 0.0
21.250641633910238 6.749091047414124 0.0
45.33212881915356 50.49197201639064 0.0
77.40814146758885 137.65332735082094 0.0
185.6815657581337 185.044719153614 0.0
198.6221564340961 158.50690684942603 0.0
160.7322513178544 23.973194025445643 0.0
148.73289834754848 87.89469203116997 0.0
156.1146952396235 98.19994374271369 0.0
120.4471187127475 65.51184713914604 0.0
55.103050794573605 119.50910168972206 0.0
160.01357109811065 149.7929829456614 0.0
57.730371040269056 160.2228705923651 0.0
142.57158586664391 59.36163754725248 0.0
181.21970269802316 139.49442431921665 0.0
80.21010782190238 187.84729658750962 0.0
84.80342913264165 4.455724039276143 0.0
18.407340841459032 53.062324683667185 0.0
63.76131427892964 79.0290943836217 0.0
156.4040083321486 129.22657516532595 0.0
65.51527601640754 194.03174531663797 0.0
113.19599553534547 154.8727516247822 0.0
194.87689173240034 9.27262736576595 0.0
53.215006893720876 109.26083607009407 0.0
196.0513877654489 191.66147699844706 0.0
84.39859852380008 106.57533096420033 0.0
25.75965332651822 22.920079026981654 0.0
146.233889949072 69.87426889359874 0.0
64.84771093961648 176.30620126981924 0.0
116.49194379923355 15.70430848825568 0.0
155.01083398784837 23.83084560256039 0.0
82.75266824675131 105.49152009197356 0.0
92.76724680489228 113.7699037122316 0.0
48.45292697533912 101.26282751169533 0.0
64.57435703747912 192.84152252657037 0.0
173.07334439687978 100.94831625985283 0.0
164.98804144615403 138.24086085631973 0.0
182.21206071306497 22.459988424904843 0.0
4.02350215700249 11.794130417564585 0.0
25.67658318813013 55.93778932216098 0.0
80.38390046922268 151.81428130569589 0.0
10.357574794439461 9.999182195620083 0.0
73.98091100538697 177.8108777308528 0.0
89.53145565513407 140.52363821774722 0.0
94.17898084092747 199.0270644117442 0.0
151.3711574667575 69.44896241196558 0.0
9.453114700443454 189.84681202223462 0.0
16.82757466167468 176.2514888917828 0.0
79.65757111328871 23.436066069722926 0.0
30.67675007233199 176.22765265337551 0.0
13.860884352702119 39.551488995731155 0.0
9.410833221720406 87.38960654263805 0.0
84.71030943810082 63.27107717716245 0.0
95.78356930549236 31.73301189076596 0.0
44.54662611830411 88.47103363195438 0.0
162.20398434750555 116.83029362795041 0.0
108.99808654302284 193.19372104060503 0.0
3.8045828475186116 0.14814129146969446 0.0
0.5400638441970473 63.621735980696734 0.0
66.89338540542215 51.18312906571663 0.0
177.51481900046514 169.19357808968783 0.0
69.63177514385043 95.45490595647013 0.0
113.36349782746396 153.46651866147693 0.0
189.1630548718444 149.59140448686193 0.0
36.33048152141187 183.65279931891192 0.0
113.04935605857005 138.18617268461907 0.0
91.65783358824203 36.32544398759896 0.0
182.75737192023183 120.80293234662956 0.0
46.29549568861619 187.61035141320878 0.0
93.06623873968489 51.44800765127226 0.0
20.410697490267758 123.25159924757614 0.0
153.6536248461609 143.0264729727661 0.0
100.48782064794008 87.25729951891135 0.0
167.74898860404124 115.74316638846673 0.0
65.56781075676284 147.40352060889632 0.0
137.62568660756662 171.10512076073545 0.0
41.18398175307569 171.69424528426666 0.0
67.83651762133071 52.12714363371074 0.0
84.808964047671 81.94548970763225 0.0
104.48003391765698 25.537766953834563 0.0
102.13525304231719 178.98223821424605 0.0
122.41776603915555 53.22790532813799 0.0
95.26973881398686 18.506870839453548 0.0
52.245401578827156 7.880004550417663 0.0
151.9302757362197 57.51839866319604 0.0
124.95362039664116 131.66073573398674 0.0
198.99032206553485 88.2318183451958 0.0
4.597281044455115 37.055635989469906 0.0
164.2253509865561 129.76749153393106 0.0
77.92431443890963 5.369287679483548 0.0
16.872609941771177 157.45053849782087 0.0
174.79855638702202 151.11012978522723 0.0
190.62366075320227 15.380702417856561 0.0
104.38359307234164 189.42416608308105 0.0
131.92683794349043 80.00339227055619 0.0
9.437461327465213 68.93716143010933 0.0
161.9846654701743 120.73288653716203 0.0
64.70082785841164 13.810313069179369 0.0
92.5890568946477 138.24909630873702 0.0
75.24420265827084 156.50960112794013 0.0
93.94492194663486 151.9095079510016 0.0
66.77239547846207 136.734377305785 0.0
176.89062245672 154.78823248921768 0.0
2.2674024227757217 192.14610602846437 0.0
122.43157165420936 158.17454087681818 0.0
107.98354492010478 172.9833552477464 0.0
168.26099193284392 6.933333820687926 0.0
146.69169077214076 175.34463333153482 0.0
44.949777119099195 62.95058486139944 0.0
137.2019918019254 106.86577483287083 0.0
43.745099002165546 125.95684498561224 0.0
86.57761229327761 73.71408706627518 0.0
93.42531633719722 89.34243436038282 0.0
75.0844968796174 9.266624377943211 0.0
125.41648538269841 13.148110538186542 0.0
113.8052149820942 52.53535977929704 0.0
114.38359653941627 137.23534701021742 0.0
180.97770440312445 28.347316593460793 0.0
95.76751817765428 54.710744193326555 0.0
135.5024265408126 181.48301620994633 0.0
182.2463613004285 18.999276483274443 0.0
4.6944481940859095 73.42192473677554 0.0
127.8578912750517 167.53153669143092 0.0
48.23960356500161 63.03888763723855 0.0
121.52731804535539 110.83030973976487 0.0
11.446814524209504 61.54090184630326 0.0
31.002699322432314 57.8522303419591 0.0
98.27141939383853 77.12877480262597 0.0
63.70794057609708 26.760561156111564 0.0
18.217165193516948 46.31364077589739 0.0
162.78125731451564 124.8753609439346 0.0
191.10735548983692 186.513598128714 0.0
14.574678142189224 172.36778867540852 0.0
29.848432240828913 198.50097421333746 0.0
108.14805713363458 91.33542515095591 0.0
163.6920858011928 97.4661409840055 0.0
57.79888379240423 85.2159323055496 0.0
113.1348683139255 57.909000714236036 0.0
176.42693722323457 93.06663805381928 0.0
82.47693999683163 20.264717263209775 0.0
70.54063243722469 119.05789524495678 0.0
197.19457456256114 126.11540597077236 0.0
16.96985822439485 9.598525637289669 0.0
80.66375439881814 124.0349820488849 0.0
76.85770708573492 78.83175455044473 0.0
138.4049736904932 119.55955060761497 0.0
104.26147847482814 67.81059453238336 0.0
97.9023218341853 30.471113805937588 0.0
14.701065248089606 63.48171119633883 0.0
38.182548539586556 52.52760548315041 0.0
93.25072997533768 0.6773401119751998 0.0
135.72273581979957 140.9676807520652 0.0
142.2779104851454 23.634956008570775 0.0
51.88806301598608 169.56390893083284 0.0
95.69076306677411 93.13481895981641 0.0
91.98378218778984 41.69335876090303 0.0
159.56373921094314 191.16578069437838 0.0
177.13852463665762 196.83989397399662 0.0
178.26840826840694 97.1000750729831 0.0
87.6187674424731 81.13782089154196 0.0
170.74455776508387 187.67811790191442 0.0
159.8071159371027 32.011752498366384 0.0
33.304405801579364 47.674635397027856 0.0
48.95991460456197 64.66302103547594 0.0
63.37049233919083 68.93781121818472 0.0
105.99240915284409 42.09812034061371 0.0
22.805767316398807 62.56334766257723 0.0
158.9226457981298 60.59010683802608 0.0
130.00211343437053 12.2858124506654 0.0
38.23799753817148 188.90906799636778 0.0
46.65135196221046 56.739768672067356 0.0
40.3309642925052 162.35324249982904 0.0
8.130669121658872 4.063632432993636 0.0
84.28394267136348 51.55753636476592 0.0
135.69206751320564 154.38945200128234 0.0
184.6651852191138 101.25156320439129 0.0
64.15349066783698 134.08218756578535 0.0
36.63116365929475 65.58464081375064 0.0
120.54680104165413 30.162231505678516 0.0
189.51333347368347 54.33053134648471 0.0
197.18583781429203 154.16541750680602 0.0
71.20006179239968 148.2299040070444 0.0
176.87546749837077 61.7649136711528 0.0
18.0073373244257 41.92394759982305 0.0
88.49039809747643 7.7998087709678865 0.0
63.36466600532618 129.3778124648027 0.0
97.91031198534365 25.925485630050595 0.0
143.52539137090514 159.3878288842661 0.0
172.3057328306142 87.92114750031486 0.0
189.64348391577474 57.71187501805004 0.0
195.02678404467673 119.76023251056225 0.0
92.94163674571992 137.55745544482343 0.0
53.85489158578876 29.86974196271328 0.0
153.32836018813322 101.60745146902916 0.0
177.1352106458574 139.57483964786493 0.0
151.70450389149863 176.4588005928203 0.0
150.3154475629256 96.54531734000446 0.0
22.332570207769955 14.294608593722668 0.0
9.674504239115356 99.13093143968759 0.0
44.024861334987534 46.80562296975599 0.0
180.53220995747498 62.79289936025867 0.0
117.53939865853175 182.82221964461294 0.0
3.989202592341079 19.409094062449306 0.0
51.45533814247649 103.81340955224287 0.0
179.2538791243529 156.0508908250027 0.0
39.93244738058665 130.35463154516503 0.0
37.87103654619459 71.89982041960418 0.0
83.1419470870595 107.86152525447892 0.0
161.67483955518478 60.292614372693734 0.0
174.78895041336392 191.33204887887314 0.0
58.04628813220229 107.45345285054908 0.0
61.02938962302322 196.5347111530421 0.0
14.063432462332525 40.2925419205886 0.0
61.21732420945414 129.02597525563237 0.0
65.39023502625287 52.7205276990562 0.0
33.30115330658232 2.5752260956984463 0.0
36.25784189198767 93.24850051755804 0.0
65.32018473062229 115.0209043716441 0.0
33.64985586543854 106.21366134458079 0.0
79.33578126813903 162.2769182602757 0.0
11.810964472018215 84.79108250057638 0.0
45.26412944725404 140.15353131015894 0.0
62.456138594252366 116.0222730169284 0.0
119.46047056888496 108.85241562705 0.0
131.565422048826 76.41151243453317 0.0
146.53749062041405 176.44075537542005 0.0
115.40711421402423 171.21140767727056 0.0
192.78330007076877 95.30470255918837 0.0
146.43999046135377 101.33920319844489 0.0
115.67734149655944 59.527669011188664 0.0
144.00301025566978 88.93588425053518 0.0
