1 3 45.0
1 9 71.0
1 84 76.0
1 86 22.0
1 102 63.0
1 125 76.0
1 131 37.0
1 133 30.0
1 138 46.0
1 160 15.0
1 179 84.0
1 197 54.0
1 200 30.0
2 98 79.0
2 161 84.0
2 162 45.0
2 173 97.0
2 11 66.0
2 24 73.0
2 44 81.0
2 53 96.0
2 57 69.0
2 58 76.0
2 60 81.0
2 112 86.0
2 141 39.0
2 143 8.0
2 148 87.0
2 154 31.0
2 163 19.0
2 170 31.0
2 192 72.0
3 1 77.0
3 9 23.0
3 84 52.0
3 86 49.0
3 102 76.0
3 125 86.0
3 131 14.0
3 138 3.0
3 160 73.0
3 179 41.0
3 197 68.0
3 200 64.0
4 6 85.0
4 13 63.0
4 22 76.0
4 37 16.0
4 56 80.0
4 64 33.0
4 83 41.0
4 104 98.0
4 134 58.0
5 8 11.0
5 19 25.0
5 51 12.0
5 62 39.0
5 72 58.0
5 79 79.0
5 89 12.0
5 94 65.0
5 106 69.0
5 121 78.0
5 132 26.0
5 173 17.0
6 4 55.0
6 37 92.0
6 38 50.0
6 39 62.0
6 56 7.0
6 83 48.0
6 104 65.0
6 122 68.0
6 134 13.0
6 139 65.0
6 145 18.0
6 147 5.0
6 81 47.0
7 21 44.0
7 26 38.0
7 67 2.0
7 107 18.0
7 120 72.0
7 123 44.0
7 126 32.0
7 153 99.0
7 154 83.0
7 158 17.0
7 196 19.0
8 5 1.0
8 19 99.0
8 43 37.0
8 51 85.0
8 62 74.0
8 72 78.0
8 94 12.0
8 106 11.0
8 135 95.0
8 161 71.0
8 173 83.0
9 1 59.0
9 3 46.0
9 16 6.0
9 84 51.0
9 102 25.0
9 125 73.0
9 131 95.0
9 133 4.0
9 160 20.0
9 197 27.0
10 93 91.0
10 109 85.0
10 176 43.0
10 184 20.0
10 185 80.0
10 190 26.0
10 32 33.0
10 144 36.0
10 193 71.0
10 41 72.0
10 177 32.0
10 198 75.0
11 2 81.0
11 24 95.0
11 44 80.0
11 53 79.0
11 57 3.0
11 58 7.0
11 60 49.0
11 112 51.0
11 129 81.0
11 141 45.0
11 143 63.0
11 154 92.0
11 158 40.0
11 163 89.0
11 170 25.0
11 192 81.0
11 195 19.0
11 196 10.0
12 28 23.0
12 66 3.0
12 76 3.0
12 95 76.0
12 115 58.0
12 122 91.0
12 139 4.0
12 165 27.0
12 189 21.0
12 199 99.0
12 26 88.0
12 61 32.0
12 75 79.0
12 107 82.0
12 108 9.0
12 153 93.0
12 158 63.0
12 195 41.0
13 4 21.0
13 14 68.0
13 22 77.0
13 37 62.0
13 56 97.0
13 63 46.0
13 64 59.0
13 77 23.0
13 104 35.0
13 134 76.0
13 169 5.0
13 182 73.0
14 13 46.0
14 17 85.0
14 49 48.0
14 50 89.0
14 63 35.0
14 66 57.0
14 77 89.0
14 80 8.0
14 87 71.0
14 99 80.0
14 110 46.0
14 124 67.0
14 182 64.0
14 187 8.0
15 31 24.0
15 79 89.0
15 82 56.0
15 111 4.0
15 114 72.0
15 116 44.0
15 121 2.0
15 132 30.0
15 149 20.0
15 191 80.0
16 9 51.0
16 58 95.0
16 85 80.0
16 112 27.0
16 125 58.0
16 133 71.0
16 148 33.0
16 160 44.0
16 175 80.0
16 196 50.0
17 14 94.0
17 20 57.0
17 25 26.0
17 42 99.0
17 49 9.0
17 63 49.0
17 77 96.0
17 87 75.0
17 99 21.0
17 110 60.0
17 118 26.0
17 124 80.0
17 142 96.0
17 152 22.0
17 169 45.0
17 182 69.0
18 21 98.0
18 54 57.0
18 67 42.0
18 84 8.0
18 102 40.0
18 123 74.0
18 126 41.0
18 156 20.0
18 171 92.0
18 179 69.0
18 200 47.0
19 5 10.0
19 8 30.0
19 51 58.0
19 55 77.0
19 62 9.0
19 72 56.0
19 79 89.0
19 89 44.0
19 94 27.0
19 106 87.0
19 121 24.0
19 132 95.0
20 17 85.0
20 25 14.0
20 42 6.0
20 77 99.0
20 142 32.0
20 169 15.0
21 7 89.0
21 18 12.0
21 67 44.0
21 84 34.0
21 102 4.0
21 120 22.0
21 123 44.0
21 126 15.0
21 156 51.0
21 160 64.0
21 171 4.0
21 196 98.0
21 200 68.0
22 4 19.0
22 13 55.0
22 37 97.0
22 64 82.0
22 88 32.0
22 169 2.0
23 30 94.0
23 47 73.0
23 52 49.0
23 73 63.0
23 89 88.0
23 100 4.0
23 135 34.0
23 151 26.0
23 167 73.0
24 98 36.0
24 111 29.0
24 162 98.0
24 173 30.0
24 2 30.0
24 11 13.0
24 44 49.0
24 58 53.0
24 60 60.0
24 85 77.0
24 112 69.0
24 148 45.0
24 163 12.0
24 170 70.0
24 192 59.0
25 17 74.0
25 20 97.0
25 42 7.0
25 49 65.0
25 77 83.0
25 118 42.0
25 142 92.0
25 152 79.0
25 169 22.0
25 182 8.0
26 12 82.0
26 39 16.0
26 76 80.0
26 122 90.0
26 139 91.0
26 145 27.0
26 147 66.0
26 189 4.0
26 7 23.0
26 61 57.0
26 75 7.0
26 81 81.0
26 107 48.0
26 120 61.0
26 153 11.0
27 190 84.0
27 28 11.0
27 41 86.0
27 91 80.0
27 115 31.0
27 119 45.0
27 165 14.0
27 177 26.0
27 183 22.0
27 198 15.0
27 53 87.0
27 78 65.0
27 108 10.0
27 129 99.0
27 143 95.0
27 168 17.0
27 195 45.0
28 12 84.0
28 41 66.0
28 50 82.0
28 91 5.0
28 95 60.0
28 115 41.0
28 119 56.0
28 165 23.0
28 177 31.0
28 178 31.0
28 183 16.0
28 187 76.0
28 188 14.0
28 189 21.0
28 198 70.0
28 27 60.0
28 61 12.0
28 75 90.0
28 78 77.0
28 108 54.0
28 129 14.0
28 168 28.0
28 195 70.0
29 55 51.0
29 79 9.0
29 82 77.0
29 114 64.0
29 116 11.0
29 121 45.0
29 137 36.0
29 159 65.0
29 174 47.0
29 186 37.0
29 191 6.0
30 130 33.0
30 155 1.0
30 23 60.0
30 52 73.0
30 73 93.0
30 100 41.0
30 151 33.0
30 167 20.0
31 15 60.0
31 111 65.0
31 149 70.0
31 150 68.0
32 10 54.0
32 185 75.0
32 190 16.0
32 43 5.0
32 94 76.0
32 144 31.0
32 193 77.0
32 177 37.0
33 36 46.0
33 46 18.0
33 65 19.0
33 92 45.0
33 93 78.0
33 96 56.0
33 109 62.0
33 117 59.0
33 128 23.0
33 180 75.0
33 184 25.0
33 185 78.0
34 36 78.0
34 48 9.0
34 70 84.0
34 71 34.0
34 127 38.0
34 140 32.0
34 164 70.0
34 176 61.0
34 136 25.0
35 47 61.0
35 73 52.0
35 137 2.0
35 151 25.0
35 159 20.0
35 174 83.0
35 186 40.0
36 33 9.0
36 34 61.0
36 48 65.0
36 68 20.0
36 71 45.0
36 92 87.0
36 97 77.0
36 127 24.0
36 128 45.0
36 140 5.0
36 164 39.0
36 176 78.0
36 180 5.0
37 4 5.0
37 6 29.0
37 13 62.0
37 22 91.0
37 56 95.0
37 64 67.0
37 83 14.0
37 104 3.0
37 134 9.0
38 6 83.0
38 39 7.0
38 56 47.0
38 83 11.0
38 104 83.0
38 122 68.0
38 134 78.0
38 139 9.0
38 145 95.0
38 147 90.0
38 81 26.0
39 6 79.0
39 38 15.0
39 83 85.0
39 122 71.0
39 139 86.0
39 145 81.0
39 147 63.0
39 26 27.0
39 54 42.0
39 81 51.0
39 153 49.0
40 48 99.0
40 70 54.0
40 164 42.0
40 50 68.0
40 80 16.0
40 87 61.0
40 91 80.0
40 99 94.0
40 110 27.0
40 124 73.0
40 136 92.0
40 146 35.0
40 172 16.0
40 178 94.0
40 181 36.0
40 183 66.0
40 187 79.0
40 188 35.0
40 198 90.0
41 10 41.0
41 190 55.0
41 28 52.0
41 91 83.0
41 95 93.0
41 115 22.0
41 119 57.0
41 146 70.0
41 165 53.0
41 177 22.0
41 183 93.0
41 188 33.0
41 198 98.0
41 27 8.0
41 78 56.0
41 129 10.0
41 168 66.0
42 17 31.0
42 20 46.0
42 25 47.0
42 49 75.0
42 77 68.0
42 142 80.0
42 152 86.0
42 169 81.0
43 190 97.0
43 8 40.0
43 32 98.0
43 51 88.0
43 72 8.0
43 94 38.0
43 144 13.0
43 161 7.0
43 162 77.0
43 193 5.0
43 57 75.0
43 129 93.0
43 141 96.0
44 98 40.0
44 161 41.0
44 162 63.0
44 173 2.0
44 2 56.0
44 11 56.0
44 24 72.0
44 53 8.0
44 57 36.0
44 58 95.0
44 60 34.0
44 129 45.0
44 141 76.0
44 143 92.0
44 154 24.0
44 163 28.0
44 170 32.0
44 192 53.0
45 69 95.0
45 90 83.0
45 101 77.0
45 113 81.0
45 157 75.0
46 33 37.0
46 65 11.0
46 96 91.0
46 109 1.0
46 117 31.0
46 128 79.0
46 166 1.0
46 180 93.0
46 184 31.0
46 194 78.0
47 23 80.0
47 35 16.0
47 73 69.0
47 89 56.0
47 137 46.0
47 151 5.0
47 159 43.0
47 174 29.0
47 186 70.0
48 34 37.0
48 36 13.0
48 70 27.0
48 127 6.0
48 140 59.0
48 164 90.0
48 176 95.0
48 40 18.0
48 136 21.0
48 146 62.0
48 172 3.0
48 181 37.0
49 14 6.0
49 17 35.0
49 25 15.0
49 42 45.0
49 63 15.0
49 77 46.0
49 80 8.0
49 87 54.0
49 99 51.0
49 110 53.0
49 118 48.0
49 124 24.0
49 142 80.0
49 152 48.0
49 169 35.0
49 182 24.0
50 14 20.0
50 28 39.0
50 40 17.0
50 66 31.0
50 80 27.0
50 91 75.0
50 95 11.0
50 99 38.0
50 110 56.0
50 124 96.0
50 172 45.0
50 178 23.0
50 183 5.0
50 187 19.0
50 188 77.0
50 189 15.0
50 199 4.0
51 5 92.0
51 8 38.0
51 19 9.0
51 43 40.0
51 62 96.0
51 72 14.0
51 94 22.0
51 98 85.0
51 106 67.0
51 161 16.0
51 162 41.0
51 173 91.0
51 57 92.0
52 23 56.0
52 30 59.0
52 73 52.0
52 100 39.0
52 151 84.0
53 161 39.0
53 162 66.0
53 165 33.0
53 2 97.0
53 11 22.0
53 27 68.0
53 44 41.0
53 57 33.0
53 78 18.0
53 108 31.0
53 129 59.0
53 141 52.0
53 143 32.0
53 154 75.0
53 158 71.0
53 163 65.0
53 168 86.0
53 192 2.0
53 195 77.0
54 39 43.0
54 18 16.0
54 81 27.0
54 153 60.0
54 156 17.0
54 171 45.0
55 19 95.0
55 29 21.0
55 79 42.0
55 82 66.0
55 114 92.0
55 116 69.0
55 121 16.0
55 132 87.0
55 137 83.0
55 159 32.0
55 174 47.0
55 186 11.0
55 191 89.0
56 4 87.0
56 6 80.0
56 13 86.0
56 37 75.0
56 38 56.0
56 64 7.0
56 83 75.0
56 104 69.0
56 134 85.0
56 145 77.0
57 43 31.0
57 51 22.0
57 94 16.0
57 161 15.0
57 162 28.0
57 173 77.0
57 2 37.0
57 11 62.0
57 44 27.0
57 53 17.0
57 60 80.0
57 129 26.0
57 141 14.0
57 143 68.0
57 154 31.0
57 163 94.0
57 170 89.0
57 192 43.0
57 195 82.0
58 98 79.0
58 162 53.0
58 2 29.0
58 11 21.0
58 16 95.0
58 24 93.0
58 44 87.0
58 60 28.0
58 85 28.0
58 112 30.0
58 148 59.0
58 150 1.0
58 163 74.0
58 170 48.0
58 175 10.0
58 192 93.0
59 69 97.0
59 194 9.0
60 98 3.0
60 111 77.0
60 162 67.0
60 173 15.0
60 2 56.0
60 11 32.0
60 24 43.0
60 44 62.0
60 57 30.0
60 58 9.0
60 85 51.0
60 112 96.0
60 141 52.0
60 148 5.0
60 163 65.0
60 170 82.0
60 192 15.0
61 12 12.0
61 28 16.0
61 66 52.0
61 76 99.0
61 95 30.0
61 115 2.0
61 165 22.0
61 188 58.0
61 189 58.0
61 26 28.0
61 75 20.0
61 78 75.0
61 107 9.0
61 108 15.0
61 158 78.0
61 168 52.0
61 195 18.0
62 5 12.0
62 8 59.0
62 19 11.0
62 51 59.0
62 72 36.0
62 79 24.0
62 94 84.0
62 98 16.0
62 106 18.0
62 111 39.0
62 121 82.0
62 132 92.0
62 173 36.0
63 13 37.0
63 14 26.0
63 17 15.0
63 49 79.0
63 64 26.0
63 77 55.0
63 87 84.0
63 99 34.0
63 110 99.0
63 124 51.0
63 169 31.0
63 182 55.0
64 4 63.0
64 13 65.0
64 22 50.0
64 37 68.0
64 56 58.0
64 63 96.0
64 83 61.0
64 104 13.0
64 134 42.0
64 169 14.0
65 33 10.0
65 46 87.0
65 68 57.0
65 69 37.0
65 92 55.0
65 96 19.0
65 97 89.0
65 101 22.0
65 117 7.0
65 128 27.0
65 180 6.0
66 12 42.0
66 14 88.0
66 50 16.0
66 76 48.0
66 91 72.0
66 95 26.0
66 122 98.0
66 124 31.0
66 139 56.0
66 178 1.0
66 187 16.0
66 188 7.0
66 189 29.0
66 199 4.0
66 61 94.0
67 7 21.0
67 18 96.0
67 21 8.0
67 120 40.0
67 123 9.0
67 126 9.0
67 153 47.0
67 160 80.0
67 196 72.0
68 36 64.0
68 65 8.0
68 71 80.0
68 90 56.0
68 92 51.0
68 97 92.0
68 101 45.0
68 128 95.0
68 180 27.0
69 45 39.0
69 59 61.0
69 65 69.0
69 96 20.0
69 113 74.0
69 194 11.0
70 34 29.0
70 48 11.0
70 127 53.0
70 140 36.0
70 164 91.0
70 176 5.0
70 40 85.0
70 80 39.0
70 136 76.0
70 146 92.0
70 172 15.0
70 181 38.0
71 34 33.0
71 36 43.0
71 68 47.0
71 74 82.0
71 90 72.0
71 92 14.0
71 97 50.0
71 127 69.0
71 140 95.0
71 164 47.0
72 5 22.0
72 8 51.0
72 19 23.0
72 43 30.0
72 51 95.0
72 62 9.0
72 89 29.0
72 94 26.0
72 106 35.0
72 135 16.0
72 161 3.0
72 173 77.0
73 23 12.0
73 30 63.0
73 35 2.0
73 47 36.0
73 52 91.0
73 89 62.0
73 100 81.0
73 135 25.0
73 151 77.0
73 167 85.0
74 71 96.0
75 12 85.0
75 28 3.0
75 76 53.0
75 95 15.0
75 115 26.0
75 165 90.0
75 189 52.0
75 26 59.0
75 61 4.0
75 78 62.0
75 107 83.0
75 108 37.0
75 158 14.0
75 168 1.0
75 195 70.0
76 12 55.0
76 66 14.0
76 122 22.0
76 139 20.0
76 145 32.0
76 147 85.0
76 189 84.0
76 199 33.0
76 26 18.0
76 61 5.0
76 75 79.0
76 81 60.0
76 107 64.0
76 108 69.0
76 153 41.0
77 13 75.0
77 14 1.0
77 17 75.0
77 20 60.0
77 25 76.0
77 42 1.0
77 49 82.0
77 63 32.0
77 142 86.0
77 152 51.0
77 169 83.0
77 182 64.0
78 190 91.0
78 28 60.0
78 41 13.0
78 91 30.0
78 115 70.0
78 119 81.0
78 165 53.0
78 177 7.0
78 27 27.0
78 53 65.0
78 61 87.0
78 75 46.0
78 108 72.0
78 129 94.0
78 141 2.0
78 143 75.0
78 158 28.0
78 168 83.0
78 195 11.0
79 5 29.0
79 15 21.0
79 19 99.0
79 29 85.0
79 55 83.0
79 62 23.0
79 82 85.0
79 106 77.0
79 111 65.0
79 114 27.0
79 116 26.0
79 121 97.0
79 132 83.0
79 149 3.0
79 173 59.0
79 191 7.0
80 70 43.0
80 14 67.0
80 40 97.0
80 49 47.0
80 50 90.0
80 87 19.0
80 99 48.0
80 110 44.0
80 118 33.0
80 124 27.0
80 136 61.0
80 146 8.0
80 172 1.0
80 178 26.0
80 181 10.0
80 187 28.0
80 188 1.0
81 6 85.0
81 38 62.0
81 39 25.0
81 76 36.0
81 83 31.0
81 122 17.0
81 139 17.0
81 145 82.0
81 147 68.0
81 26 97.0
81 54 6.0
81 153 23.0
82 15 15.0
82 29 38.0
82 55 29.0
82 79 51.0
82 114 93.0
82 116 21.0
82 121 38.0
82 132 3.0
82 174 44.0
82 186 73.0
82 191 36.0
83 4 73.0
83 6 4.0
83 37 56.0
83 38 14.0
83 39 30.0
83 56 89.0
83 64 35.0
83 104 14.0
83 122 41.0
83 134 38.0
83 139 53.0
83 145 51.0
83 147 95.0
83 199 16.0
83 81 98.0
84 1 40.0
84 3 13.0
84 9 99.0
84 18 87.0
84 21 36.0
84 86 96.0
84 102 6.0
84 138 55.0
84 156 93.0
84 160 10.0
84 179 25.0
84 197 92.0
84 200 36.0
85 16 27.0
85 24 41.0
85 58 51.0
85 60 99.0
85 112 39.0
85 133 49.0
85 148 74.0
85 150 53.0
85 170 65.0
85 175 53.0
86 1 98.0
86 3 18.0
86 84 59.0
86 102 34.0
86 131 45.0
86 138 19.0
86 179 87.0
86 200 4.0
87 14 76.0
87 17 69.0
87 40 89.0
87 49 99.0
87 63 86.0
87 80 44.0
87 99 24.0
87 110 80.0
87 118 70.0
87 124 50.0
87 152 43.0
87 181 73.0
87 182 99.0
88 22 82.0
88 169 47.0
89 5 89.0
89 19 16.0
89 23 85.0
89 47 24.0
89 72 48.0
89 73 46.0
89 135 70.0
89 151 48.0
89 174 3.0
90 45 46.0
90 68 10.0
90 71 29.0
90 92 21.0
90 97 53.0
90 101 50.0
90 113 47.0
90 157 91.0
91 28 52.0
91 40 79.0
91 41 39.0
91 50 43.0
91 66 42.0
91 95 84.0
91 115 49.0
91 119 28.0
91 136 12.0
91 146 61.0
91 165 86.0
91 172 5.0
91 177 24.0
91 178 26.0
91 183 22.0
91 187 72.0
91 188 47.0
91 198 43.0
91 27 40.0
91 78 50.0
91 168 45.0
92 33 4.0
92 36 84.0
92 65 57.0
92 68 12.0
92 71 71.0
92 90 42.0
92 97 69.0
92 101 91.0
92 127 24.0
92 128 7.0
92 180 26.0
93 10 20.0
93 33 99.0
93 109 94.0
93 128 37.0
93 180 82.0
93 184 10.0
93 185 78.0
93 144 17.0
93 193 69.0
94 5 8.0
94 8 59.0
94 19 82.0
94 32 11.0
94 43 35.0
94 51 83.0
94 62 81.0
94 72 19.0
94 106 34.0
94 161 49.0
94 162 13.0
94 173 11.0
94 57 6.0
94 141 99.0
95 12 64.0
95 28 22.0
95 41 14.0
95 50 93.0
95 66 27.0
95 91 60.0
95 115 3.0
95 119 5.0
95 165 19.0
95 172 30.0
95 178 31.0
95 183 33.0
95 187 86.0
95 188 48.0
95 189 3.0
95 198 51.0
95 61 11.0
95 75 16.0
95 108 19.0
95 168 60.0
96 33 35.0
96 46 67.0
96 65 26.0
96 69 60.0
96 117 30.0
96 128 78.0
96 166 65.0
96 180 13.0
96 194 83.0
97 36 5.0
97 65 74.0
97 68 21.0
97 71 34.0
97 90 29.0
97 92 22.0
97 101 88.0
97 113 2.0
97 128 56.0
97 157 71.0
97 180 21.0
98 51 76.0
98 62 74.0
98 106 2.0
98 111 44.0
98 132 79.0
98 161 67.0
98 162 22.0
98 173 34.0
98 2 3.0
98 24 48.0
98 44 23.0
98 58 85.0
98 60 49.0
98 170 85.0
98 192 21.0
99 14 25.0
99 17 6.0
99 40 44.0
99 49 50.0
99 50 69.0
99 63 93.0
99 80 88.0
99 87 21.0
99 110 79.0
99 118 86.0
99 124 68.0
99 172 16.0
99 178 76.0
99 181 64.0
99 182 3.0
99 187 13.0
100 109 41.0
100 117 59.0
100 130 5.0
100 155 31.0
100 23 15.0
100 30 96.0
100 52 36.0
100 73 77.0
100 103 31.0
100 135 85.0
100 167 57.0
101 45 29.0
101 65 74.0
101 68 88.0
101 90 88.0
101 92 32.0
101 97 72.0
101 113 39.0
101 157 31.0
102 1 91.0
102 3 34.0
102 9 83.0
102 18 27.0
102 21 57.0
102 84 41.0
102 86 34.0
102 125 36.0
102 131 43.0
102 138 7.0
102 160 81.0
102 179 16.0
102 197 93.0
102 200 40.0
103 109 66.0
103 130 61.0
103 155 34.0
103 184 47.0
103 185 52.0
103 100 42.0
103 135 35.0
103 144 34.0
103 167 39.0
103 193 24.0
104 4 32.0
104 6 82.0
104 13 36.0
104 37 2.0
104 38 66.0
104 56 11.0
104 64 97.0
104 83 98.0
104 122 95.0
104 134 30.0
104 139 54.0
104 145 16.0
104 147 10.0
104 199 63.0
105 137 79.0
105 159 99.0
106 5 99.0
106 8 14.0
106 19 69.0
106 51 80.0
106 62 92.0
106 72 93.0
106 79 41.0
106 94 43.0
106 98 40.0
106 111 95.0
106 121 52.0
106 132 3.0
106 173 41.0
107 12 83.0
107 76 46.0
107 189 32.0
107 7 37.0
107 26 74.0
107 61 62.0
107 75 52.0
107 108 58.0
107 120 90.0
107 153 14.0
107 158 30.0
107 195 4.0
108 12 32.0
108 28 41.0
108 76 33.0
108 95 56.0
108 115 70.0
108 165 46.0
108 189 24.0
108 27 67.0
108 53 22.0
108 61 75.0
108 75 67.0
108 78 42.0
108 107 15.0
108 129 11.0
108 143 92.0
108 154 45.0
108 158 29.0
108 168 83.0
108 195 30.0
109 10 72.0
109 33 64.0
109 46 34.0
109 93 20.0
109 117 18.0
109 128 46.0
109 130 18.0
109 155 86.0
109 184 28.0
109 185 53.0
109 100 20.0
109 103 31.0
109 167 55.0
109 193 52.0
110 14 10.0
110 17 23.0
110 40 90.0
110 49 62.0
110 50 27.0
110 63 35.0
110 80 80.0
110 87 84.0
110 99 84.0
110 118 64.0
110 124 95.0
110 136 14.0
110 172 38.0
110 178 8.0
110 181 77.0
110 182 24.0
110 187 24.0
110 188 23.0
111 15 10.0
111 31 25.0
111 62 33.0
111 79 44.0
111 98 93.0
111 106 68.0
111 132 53.0
111 149 22.0
111 173 63.0
111 24 1.0
111 60 33.0
111 170 51.0
112 2 72.0
112 11 37.0
112 16 83.0
112 24 92.0
112 58 10.0
112 60 42.0
112 85 66.0
112 133 93.0
112 148 19.0
112 163 34.0
112 170 48.0
112 175 35.0
112 192 24.0
112 196 85.0
113 45 12.0
113 69 81.0
113 90 4.0
113 97 77.0
113 101 81.0
113 157 80.0
114 15 46.0
114 29 13.0
114 55 76.0
114 79 72.0
114 82 35.0
114 116 58.0
114 121 59.0
114 132 16.0
114 186 24.0
114 191 98.0
115 12 38.0
115 28 40.0
115 41 68.0
115 91 91.0
115 95 94.0
115 119 45.0
115 165 29.0
115 177 72.0
115 178 61.0
115 183 6.0
115 187 26.0
115 188 69.0
115 189 39.0
115 198 6.0
115 27 37.0
115 61 20.0
115 75 49.0
115 78 60.0
115 108 45.0
115 129 44.0
115 168 52.0
115 195 47.0
116 15 5.0
116 29 48.0
116 55 6.0
116 79 9.0
116 82 90.0
116 114 75.0
116 121 38.0
116 132 63.0
116 191 79.0
117 33 94.0
117 46 20.0
117 65 18.0
117 96 85.0
117 109 36.0
117 128 53.0
117 130 30.0
117 155 19.0
117 166 54.0
117 180 87.0
117 184 56.0
117 194 44.0
117 100 66.0
118 17 34.0
118 25 70.0
118 49 25.0
118 80 39.0
118 87 34.0
118 99 38.0
118 110 27.0
118 142 4.0
118 152 12.0
118 181 72.0
119 190 93.0
119 28 15.0
119 41 17.0
119 91 29.0
119 95 41.0
119 115 41.0
119 146 93.0
119 165 21.0
119 177 58.0
119 183 74.0
119 188 2.0
119 198 77.0
119 27 52.0
119 78 81.0
119 129 51.0
119 168 23.0
120 7 70.0
120 21 32.0
120 26 50.0
120 67 59.0
120 107 87.0
120 123 3.0
120 126 22.0
120 153 32.0
120 154 29.0
120 158 55.0
120 196 74.0
121 5 62.0
121 15 55.0
121 19 47.0
121 29 24.0
121 55 7.0
121 62 81.0
121 79 74.0
121 82 23.0
121 106 56.0
121 114 81.0
121 116 82.0
121 132 52.0
121 174 49.0
121 186 40.0
121 191 25.0
122 6 19.0
122 12 8.0
122 38 71.0
122 39 28.0
122 66 83.0
122 76 26.0
122 83 80.0
122 104 21.0
122 134 66.0
122 139 43.0
122 145 33.0
122 147 25.0
122 189 25.0
122 199 57.0
122 26 39.0
122 81 60.0
122 153 84.0
123 7 77.0
123 18 7.0
123 21 91.0
123 67 78.0
123 120 15.0
123 126 98.0
123 153 13.0
123 156 44.0
123 160 53.0
123 171 21.0
123 196 7.0
123 200 2.0
124 14 89.0
124 17 51.0
124 40 44.0
124 49 19.0
124 50 46.0
124 63 30.0
124 66 95.0
124 80 1.0
124 87 1.0
124 99 67.0
124 110 68.0
124 178 64.0
124 181 56.0
124 182 30.0
124 187 23.0
124 188 66.0
125 1 58.0
125 3 7.0
125 9 35.0
125 16 94.0
125 102 83.0
125 131 61.0
125 133 22.0
125 160 53.0
125 175 17.0
125 197 62.0
126 7 5.0
126 18 23.0
126 21 37.0
126 67 15.0
126 120 93.0
126 123 65.0
126 153 59.0
126 156 8.0
126 171 56.0
126 196 75.0
126 200 52.0
127 34 32.0
127 36 72.0
127 48 78.0
127 70 18.0
127 71 10.0
127 92 25.0
127 140 11.0
127 164 99.0
127 176 52.0
127 136 45.0
128 33 40.0
128 36 12.0
128 46 97.0
128 65 85.0
128 68 86.0
128 92 24.0
128 93 40.0
128 96 51.0
128 97 1.0
128 109 53.0
128 117 25.0
128 180 8.0
128 184 62.0
129 43 30.0
129 161 18.0
129 28 16.0
129 41 88.0
129 115 72.0
129 119 65.0
129 165 63.0
129 177 40.0
129 11 8.0
129 27 63.0
129 44 95.0
129 53 24.0
129 57 37.0
129 78 7.0
129 108 58.0
129 141 64.0
129 143 81.0
129 154 54.0
129 158 28.0
129 168 23.0
129 195 82.0
130 109 54.0
130 117 4.0
130 155 50.0
130 184 1.0
130 185 84.0
130 30 12.0
130 100 58.0
130 103 78.0
130 135 56.0
130 167 76.0
130 193 96.0
131 1 22.0
131 3 61.0
131 9 86.0
131 86 61.0
131 102 88.0
131 125 4.0
131 138 20.0
131 160 11.0
131 197 43.0
132 5 70.0
132 15 48.0
132 19 92.0
132 55 10.0
132 62 70.0
132 79 74.0
132 82 52.0
132 98 97.0
132 106 72.0
132 111 51.0
132 114 6.0
132 116 91.0
132 121 95.0
132 149 54.0
132 173 65.0
133 1 9.0
133 9 53.0
133 16 71.0
133 85 88.0
133 112 72.0
133 125 40.0
133 148 9.0
133 160 73.0
133 175 66.0
133 197 60.0
134 4 26.0
134 6 60.0
134 13 81.0
134 37 36.0
134 38 28.0
134 56 30.0
134 64 85.0
134 83 77.0
134 104 88.0
134 122 41.0
134 139 5.0
134 145 36.0
134 147 77.0
134 199 72.0
135 130 41.0
135 155 31.0
135 8 26.0
135 23 42.0
135 72 93.0
135 73 35.0
135 89 85.0
135 100 16.0
135 103 2.0
135 167 43.0
135 193 67.0
136 34 39.0
136 48 83.0
136 70 97.0
136 127 12.0
136 140 73.0
136 164 3.0
136 176 40.0
136 40 62.0
136 80 17.0
136 91 43.0
136 110 35.0
136 146 65.0
136 172 5.0
136 178 36.0
136 181 16.0
136 183 1.0
136 198 3.0
137 29 66.0
137 35 3.0
137 47 49.0
137 55 25.0
137 105 31.0
137 159 94.0
137 174 1.0
137 186 36.0
138 1 92.0
138 3 23.0
138 84 64.0
138 86 19.0
138 102 76.0
138 131 36.0
138 197 74.0
139 6 27.0
139 12 94.0
139 38 46.0
139 39 92.0
139 66 48.0
139 76 95.0
139 83 91.0
139 104 46.0
139 122 7.0
139 134 96.0
139 145 97.0
139 147 30.0
139 189 51.0
139 199 66.0
139 26 88.0
139 81 74.0
140 34 85.0
140 36 90.0
140 48 95.0
140 70 52.0
140 71 56.0
140 127 69.0
140 164 27.0
140 176 92.0
140 136 46.0
141 43 72.0
141 94 20.0
141 161 39.0
141 162 83.0
141 2 89.0
141 11 77.0
141 44 95.0
141 53 55.0
141 57 15.0
141 60 65.0
141 78 77.0
141 129 89.0
141 143 5.0
141 154 48.0
141 163 2.0
141 168 76.0
141 170 50.0
141 192 21.0
141 195 16.0
142 17 68.0
142 20 49.0
142 25 54.0
142 42 99.0
142 49 95.0
142 77 26.0
142 118 54.0
142 152 61.0
143 161 45.0
143 165 24.0
143 2 82.0
143 11 48.0
143 27 12.0
143 44 56.0
143 53 88.0
143 57 25.0
143 78 98.0
143 108 89.0
143 129 65.0
143 141 69.0
143 154 46.0
143 158 91.0
143 163 7.0
143 168 51.0
143 192 13.0
143 195 79.0
144 10 94.0
144 93 91.0
144 185 75.0
144 190 66.0
144 32 13.0
144 43 11.0
144 103 36.0
144 193 4.0
145 6 36.0
145 38 3.0
145 39 86.0
145 56 5.0
145 76 45.0
145 83 17.0
145 104 1.0
145 122 31.0
145 134 30.0
145 139 22.0
145 147 14.0
145 189 94.0
145 199 15.0
145 26 12.0
145 81 37.0
146 48 84.0
146 70 81.0
146 176 17.0
146 40 6.0
146 41 54.0
146 80 14.0
146 91 30.0
146 119 76.0
146 136 78.0
146 172 89.0
146 177 18.0
146 178 35.0
146 181 58.0
146 183 24.0
146 188 19.0
146 198 30.0
147 6 71.0
147 38 57.0
147 39 89.0
147 76 37.0
147 83 95.0
147 104 2.0
147 122 5.0
147 134 89.0
147 139 30.0
147 145 84.0
147 189 88.0
147 199 52.0
147 26 71.0
147 81 50.0
147 153 7.0
148 2 90.0
148 16 28.0
148 24 33.0
148 58 2.0
148 60 8.0
148 85 79.0
148 112 76.0
148 133 47.0
148 150 20.0
148 163 13.0
148 170 24.0
148 175 35.0
148 196 51.0
149 15 14.0
149 31 1.0
149 79 13.0
149 111 72.0
149 132 20.0
149 150 5.0
150 31 27.0
150 149 45.0
150 58 80.0
150 85 88.0
150 148 62.0
150 175 91.0
151 23 20.0
151 30 81.0
151 35 76.0
151 47 53.0
151 52 37.0
151 73 86.0
151 89 89.0
152 17 31.0
152 25 29.0
152 42 29.0
152 49 19.0
152 77 6.0
152 87 80.0
152 118 3.0
152 142 75.0
153 12 29.0
153 39 12.0
153 76 99.0
153 122 6.0
153 147 13.0
153 189 40.0
153 7 75.0
153 26 2.0
153 54 4.0
153 67 62.0
153 81 8.0
153 107 44.0
153 120 56.0
153 123 58.0
153 126 86.0
154 2 7.0
154 7 73.0
154 11 39.0
154 44 66.0
154 53 19.0
154 57 1.0
154 108 74.0
154 120 44.0
154 129 99.0
154 141 88.0
154 143 94.0
154 158 77.0
154 163 12.0
154 192 74.0
154 195 26.0
154 196 27.0
155 109 66.0
155 117 29.0
155 130 24.0
155 184 32.0
155 185 61.0
155 30 34.0
155 100 37.0
155 103 65.0
155 135 35.0
155 167 74.0
156 18 12.0
156 21 56.0
156 54 55.0
156 84 11.0
156 123 75.0
156 126 10.0
156 171 92.0
156 179 91.0
156 200 70.0
157 45 6.0
157 90 45.0
157 97 86.0
157 101 76.0
157 113 95.0
158 12 51.0
158 7 68.0
158 11 87.0
158 53 5.0
158 61 7.0
158 75 65.0
158 78 75.0
158 107 25.0
158 108 18.0
158 120 92.0
158 129 28.0
158 143 79.0
158 154 2.0
158 163 34.0
158 168 94.0
158 195 8.0
158 196 22.0
159 29 73.0
159 35 55.0
159 47 30.0
159 55 18.0
159 105 20.0
159 137 74.0
159 174 38.0
159 186 85.0
160 1 24.0
160 3 77.0
160 9 37.0
160 16 84.0
160 21 97.0
160 67 59.0
160 84 10.0
160 102 62.0
160 123 75.0
160 125 19.0
160 131 9.0
160 133 82.0
160 196 96.0
160 197 52.0
161 8 76.0
161 43 70.0
161 51 87.0
161 72 82.0
161 94 96.0
161 98 16.0
161 162 18.0
161 173 14.0
161 2 20.0
161 44 83.0
161 53 66.0
161 57 53.0
161 129 59.0
161 141 3.0
161 143 63.0
161 163 78.0
161 170 90.0
161 192 74.0
162 43 18.0
162 51 54.0
162 94 30.0
162 98 95.0
162 161 19.0
162 173 95.0
162 2 22.0
162 24 24.0
162 44 80.0
162 53 54.0
162 57 27.0
162 58 56.0
162 60 65.0
162 141 27.0
162 163 32.0
162 170 18.0
162 192 35.0
163 161 89.0
163 162 17.0
163 2 29.0
163 11 6.0
163 24 53.0
163 44 76.0
163 53 23.0
163 57 72.0
163 58 64.0
163 60 15.0
163 112 2.0
163 141 14.0
163 143 87.0
163 148 3.0
163 154 97.0
163 158 67.0
163 170 13.0
163 192 79.0
163 196 34.0
164 34 61.0
164 36 74.0
164 48 24.0
164 70 77.0
164 71 99.0
164 127 57.0
164 140 37.0
164 176 96.0
164 40 84.0
164 136 37.0
164 181 19.0
165 12 54.0
165 28 5.0
165 41 95.0
165 91 51.0
165 95 67.0
165 115 68.0
165 119 4.0
165 177 21.0
165 183 27.0
165 188 57.0
165 198 96.0
165 27 13.0
165 53 48.0
165 61 87.0
165 75 11.0
165 78 48.0
165 108 96.0
165 129 20.0
165 143 85.0
165 168 22.0
165 195 25.0
166 46 24.0
166 96 84.0
166 117 90.0
166 194 33.0
167 109 5.0
167 130 50.0
167 155 79.0
167 23 68.0
167 30 41.0
167 73 29.0
167 100 64.0
167 103 39.0
167 135 27.0
168 28 4.0
168 41 21.0
168 91 58.0
168 95 96.0
168 115 81.0
168 119 94.0
168 165 86.0
168 177 56.0
168 27 82.0
168 53 53.0
168 61 74.0
168 75 17.0
168 78 22.0
168 108 72.0
168 129 97.0
168 141 99.0
168 143 58.0
168 158 76.0
168 195 76.0
169 13 66.0
169 17 27.0
169 20 20.0
169 22 2.0
169 25 56.0
169 42 99.0
169 49 4.0
169 63 89.0
169 64 88.0
169 77 19.0
169 88 49.0
169 182 91.0
170 98 32.0
170 111 20.0
170 161 11.0
170 162 50.0
170 173 99.0
170 2 53.0
170 11 93.0
170 24 47.0
170 44 19.0
170 57 77.0
170 58 78.0
170 60 84.0
170 85 52.0
170 112 31.0
170 141 58.0
170 148 15.0
170 163 60.0
170 192 24.0
171 18 13.0
171 21 12.0
171 54 20.0
171 123 46.0
171 126 4.0
171 156 57.0
171 200 61.0
172 48 32.0
172 70 41.0
172 40 24.0
172 50 54.0
172 80 89.0
172 91 79.0
172 95 6.0
172 99 19.0
172 110 23.0
172 136 46.0
172 146 56.0
172 178 14.0
172 181 81.0
172 183 54.0
172 187 83.0
172 188 83.0
172 198 86.0
173 5 60.0
173 8 56.0
173 51 83.0
173 62 93.0
173 72 13.0
173 79 83.0
173 94 66.0
173 98 70.0
173 106 39.0
173 111 28.0
173 132 18.0
173 161 89.0
173 162 24.0
173 2 23.0
173 24 59.0
173 44 69.0
173 57 6.0
173 60 97.0
173 170 77.0
173 192 1.0
174 29 93.0
174 35 94.0
174 47 41.0
174 55 57.0
174 82 1.0
174 89 26.0
174 121 54.0
174 137 96.0
174 159 58.0
174 186 94.0
174 191 68.0
175 16 15.0
175 58 7.0
175 85 70.0
175 112 90.0
175 125 34.0
175 133 83.0
175 148 12.0
175 150 89.0
176 10 77.0
176 34 24.0
176 36 76.0
176 48 47.0
176 70 95.0
176 127 68.0
176 140 82.0
176 164 30.0
176 136 92.0
176 146 11.0
176 198 33.0
177 10 74.0
177 190 32.0
177 32 79.0
177 28 55.0
177 41 23.0
177 91 50.0
177 115 21.0
177 119 39.0
177 146 79.0
177 165 94.0
177 183 62.0
177 198 30.0
177 27 95.0
177 78 41.0
177 129 2.0
177 168 60.0
177 195 19.0
178 28 6.0
178 40 91.0
178 50 59.0
178 66 42.0
178 80 58.0
178 91 34.0
178 95 71.0
178 99 35.0
178 110 97.0
178 115 78.0
178 124 13.0
178 136 27.0
178 146 30.0
178 172 24.0
178 181 18.0
178 183 17.0
178 187 49.0
178 188 36.0
178 198 62.0
179 1 1.0
179 3 59.0
179 18 84.0
179 84 29.0
179 86 82.0
179 102 59.0
179 156 60.0
179 200 39.0
180 33 39.0
180 36 20.0
180 46 63.0
180 65 87.0
180 68 76.0
180 92 59.0
180 93 3.0
180 96 46.0
180 97 26.0
180 117 7.0
180 128 1.0
180 184 26.0
181 48 47.0
181 70 66.0
181 164 21.0
181 40 51.0
181 80 34.0
181 87 65.0
181 99 34.0
181 110 90.0
181 118 55.0
181 124 95.0
181 136 39.0
181 146 88.0
181 172 85.0
181 178 38.0
181 183 76.0
181 187 26.0
181 188 13.0
182 13 7.0
182 14 61.0
182 17 42.0
182 25 91.0
182 49 3.0
182 63 27.0
182 77 48.0
182 87 58.0
182 99 56.0
182 110 7.0
182 124 79.0
182 169 10.0
183 28 84.0
183 40 14.0
183 41 5.0
183 50 24.0
183 91 59.0
183 95 74.0
183 115 75.0
183 119 54.0
183 136 82.0
183 146 54.0
183 165 56.0
183 172 45.0
183 177 4.0
183 178 49.0
183 181 40.0
183 187 55.0
183 188 33.0
183 198 93.0
183 27 28.0
184 10 17.0
184 33 62.0
184 46 98.0
184 93 27.0
184 109 65.0
184 117 92.0
184 128 61.0
184 130 92.0
184 155 99.0
184 180 89.0
184 185 38.0
184 103 8.0
184 193 33.0
185 10 25.0
185 33 35.0
185 93 11.0
185 109 37.0
185 130 14.0
185 155 59.0
185 184 19.0
185 190 12.0
185 32 23.0
185 103 38.0
185 144 28.0
185 193 17.0
186 29 41.0
186 35 34.0
186 47 29.0
186 55 69.0
186 82 98.0
186 114 75.0
186 121 94.0
186 137 6.0
186 159 50.0
186 174 61.0
186 191 80.0
187 14 10.0
187 28 18.0
187 40 95.0
187 50 83.0
187 66 45.0
187 80 42.0
187 91 13.0
187 95 6.0
187 99 34.0
187 110 66.0
187 115 44.0
187 124 94.0
187 172 62.0
187 178 52.0
187 181 73.0
187 183 5.0
187 188 92.0
187 199 75.0
188 28 34.0
188 40 85.0
188 41 54.0
188 50 73.0
188 66 20.0
188 80 63.0
188 91 6.0
188 95 44.0
188 110 55.0
188 115 71.0
188 119 51.0
188 124 24.0
188 146 53.0
188 165 29.0
188 172 58.0
188 178 31.0
188 181 86.0
188 183 67.0
188 187 51.0
188 198 58.0
188 61 86.0
189 12 70.0
189 28 99.0
189 50 7.0
189 66 97.0
189 76 80.0
189 95 93.0
189 115 16.0
189 122 69.0
189 139 8.0
189 145 98.0
189 147 87.0
189 199 53.0
189 26 69.0
189 61 17.0
189 75 54.0
189 107 68.0
189 108 67.0
189 153 30.0
190 10 1.0
190 185 41.0
190 32 31.0
190 43 1.0
190 144 7.0
190 193 70.0
190 41 16.0
190 119 2.0
190 177 34.0
190 198 2.0
190 27 81.0
190 78 9.0
191 15 56.0
191 29 51.0
191 55 60.0
191 79 45.0
191 82 83.0
191 114 31.0
191 116 32.0
191 121 69.0
191 174 29.0
191 186 42.0
192 98 39.0
192 161 32.0
192 162 5.0
192 173 69.0
192 2 92.0
192 11 66.0
192 24 44.0
192 44 77.0
192 53 20.0
192 57 83.0
192 58 17.0
192 60 18.0
192 112 46.0
192 141 22.0
192 143 66.0
192 154 13.0
192 163 97.0
192 170 81.0
193 10 29.0
193 93 27.0
193 109 75.0
193 130 93.0
193 184 48.0
193 185 42.0
193 190 44.0
193 32 15.0
193 43 84.0
193 103 63.0
193 135 30.0
193 144 28.0
194 46 78.0
194 59 53.0
194 69 57.0
194 96 5.0
194 117 29.0
194 166 43.0
195 12 79.0
195 28 36.0
195 115 48.0
195 165 6.0
195 177 24.0
195 11 95.0
195 27 74.0
195 53 79.0
195 57 84.0
195 61 70.0
195 75 10.0
195 78 16.0
195 107 70.0
195 108 14.0
195 129 94.0
195 141 7.0
195 143 65.0
195 154 41.0
195 158 97.0
195 168 79.0
196 7 80.0
196 11 11.0
196 16 75.0
196 21 50.0
196 67 83.0
196 112 90.0
196 120 24.0
196 123 74.0
196 126 7.0
196 148 71.0
196 154 14.0
196 158 64.0
196 160 34.0
196 163 13.0
197 1 82.0
197 3 25.0
197 9 98.0
197 84 30.0
197 102 38.0
197 125 81.0
197 131 27.0
197 133 82.0
197 138 11.0
197 160 4.0
198 10 17.0
198 176 33.0
198 190 83.0
198 28 1.0
198 40 12.0
198 41 44.0
198 91 96.0
198 95 29.0
198 115 28.0
198 119 47.0
198 136 57.0
198 146 40.0
198 165 60.0
198 172 64.0
198 177 35.0
198 178 56.0
198 183 77.0
198 188 89.0
198 27 69.0
199 12 33.0
199 50 23.0
199 66 51.0
199 76 65.0
199 83 93.0
199 104 94.0
199 122 43.0
199 134 16.0
199 139 17.0
199 145 18.0
199 147 94.0
199 187 50.0
199 189 78.0
200 1 79.0
200 3 64.0
200 18 49.0
200 21 67.0
200 84 18.0
200 86 78.0
200 102 70.0
200 123 94.0
200 126 68.0
200 156 22.0
200 171 48.0
200 179 73.0
