3 849
5 774
6 992
9 427
10 851
12 1
13 646
17 322
18 961
21 95
23 495
27 375
26 35
29 223
28 42
31 303
35 851
33 606
38 473
37 600
42 643
43 108
46 2
47 148
44 896
45 158
51 798
50 228
49 349
48 548
55 58
54 410
53 774
52 234
59 159
58 104
60 50
64 852
67 168
76 438
77 331
79 827
72 847
73 622
75 270
84 516
87 221
81 644
83 689
82 392
94 877
89 122
90 142
102 918
103 51
110 408
109 179
117 955
116 574
113 160
112 154
126 700
124 814
123 296
121 420
138 267
141 484
140 464
142 405
129 869
128 126
132 771
135 644
153 932
154 795
155 66
156 162
157 144
159 457
146 868
147 492
150 752
151 984
171 778
170 742
173 686
172 946
163 838
162 94
161 305
160 362
167 404
185 418
191 988
189 111
178 737
179 784
176 555
183 659
181 896
204 536
206 238
202 276
197 732
196 855
199 590
198 118
193 39
192 451
195 5
194 890
221 688
222 62
216 490
217 448
212 51
213 761
215 89
209 108
210 107
211 270
238 105
235 928
233 347
229 130
227 287
226 550
224 122
255 357
252 193
253 744
250 372
248 527
249 229
247 766
244 781
241 225
275 590
274 11
273 920
278 973
277 912
282 957
285 678
284 268
259 299
256 199
257 890
262 218
263 628
261 805
266 193
270 575
271 994
268 602
304 208
306 604
308 755
315 137
317 637
318 768
288 399
289 695
290 799
291 719
292 932
293 313
296 842
297 926
298 8
299 408
300 42
301 197
302 238
303 125
343 497
342 801
338 903
337 490
350 675
349 717
347 193
346 71
345 534
325 12
322 310
320 350
331 752
328 518
373 91
372 580
375 145
374 461
371 673
383 364
376 991
379 178
358 57
352 665
355 279
365 969
363 623
411 599
409 481
413 902
406 953
407 383
405 973
394 578
392 969
399 262
396 402
386 606
385 78
389 72
443 542
445 74
446 401
432 214
435 207
436 147
438 571
439 425
424 695
427 927
426 500
429 994
430 534
418 550
423 182
478 729
474 993
472 207
473 216
471 437
467 801
464 36
465 590
463 670
461 631
457 915
456 542
455 29
454 699
451 89
450 693
448 852
504 715
507 669
497 792
498 975
499 752
493 711
492 855
489 999
491 693
490 571
485 795
486 839
481 745
483 46
482 121
551 877
548 259
546 412
547 118
558 543
556 925
555 235
552 578
553 878
567 713
565 583
563 537
560 876
574 113
570 139
516 28
517 302
518 963
512 337
513 39
515 357
524 880
525 54
526 675
527 871
521 534
522 125
523 667
535 621
528 411
530 870
541 740
543 617
538 26
611 483
615 422
613 623
618 834
616 815
621 975
626 852
624 10
628 699
633 463
638 839
576 177
577 246
578 942
580 690
589 217
593 857
595 633
597 684
599 12
601 708
600 299
605 783
604 718
606 456
687 440
686 954
682 970
681 378
679 485
677 850
674 137
672 569
702 555
700 266
701 812
699 908
696 827
694 379
655 819
654 491
649 147
651 689
647 391
643 624
642 718
668 349
669 73
670 497
661 818
662 680
663 518
656 774
747 227
746 691
745 721
744 761
750 709
749 528
738 472
743 503
742 471
741 732
740 140
760 369
761 106
766 971
764 279
754 239
755 544
758 760
759 314
714 546
716 986
705 352
707 446
709 412
711 754
710 922
729 448
731 783
732 935
733 645
735 538
720 182
721 903
723 726
724 524
726 316
800 479
790 444
798 42
797 247
794 869
792 770
774 711
771 760
769 534
783 640
780 47
781 451
778 572
779 958
776 210
