2 30
3 237
4 672
7 370
8 638
9 330
12 959
14 513
15 566
18 196
21 892
27 465
26 781
29 112
28 797
31 391
30 492
35 179
38 825
37 981
44 158
49 227
48 757
53 716
59 667
57 704
63 969
62 873
61 212
60 365
69 690
65 55
66 536
78 665
75 232
86 466
81 149
82 805
93 727
92 971
89 579
102 562
98 292
99 693
96 578
97 672
110 773
111 450
108 660
109 677
104 219
105 738
117 684
116 776
114 251
127 730
122 750
121 145
120 119
137 485
136 584
139 183
140 732
129 177
128 446
133 957
132 933
155 665
156 28
157 738
159 812
144 58
148 588
150 115
151 24
171 405
169 95
175 775
174 459
172 280
163 680
162 791
161 426
166 249
164 412
186 153
191 808
189 920
178 638
179 664
177 228
183 263
180 887
181 161
205 318
204 849
206 298
197 483
192 273
222 892
223 285
219 876
212 138
213 828
209 84
211 589
234 326
232 485
231 0
229 921
228 866
225 189
224 837
254 663
252 860
253 669
251 857
248 161
249 967
246 306
247 488
244 505
245 52
243 547
241 28
274 495
273 531
272 345
279 89
278 153
277 689
282 870
281 47
287 720
286 891
285 579
284 480
258 74
256 521
257 219
263 794
261 730
267 766
264 669
265 207
305 304
304 4
306 498
309 903
308 926
311 908
315 204
317 599
316 688
290 603
296 734
297 403
298 87
301 240
303 950
343 607
340 98
339 73
338 859
337 491
336 513
351 206
348 253
326 724
327 520
322 501
323 512
320 711
334 13
333 516
331 540
375 753
374 838
369 94
371 13
370 875
381 226
380 908
383 849
377 689
356 410
357 157
358 187
359 360
352 363
353 616
354 604
365 983
366 635
362 998
363 712
410 103
411 853
409 805
415 844
403 404
400 131
401 238
407 650
405 910
395 519
394 432
397 790
385 329
391 54
390 230
442 225
445 935
446 841
432 563
433 111
434 632
435 257
437 982
438 183
439 616
424 743
428 400
416 342
419 231
420 910
422 130
475 593
472 677
473 270
470 316
468 469
466 52
467 621
465 480
462 356
458 808
457 395
455 989
454 895
451 665
448 74
500 184
497 178
498 49
499 64
492 604
485 961
484 969
486 955
