184.4295834749843 178.2555766364137 0.0
150.7103484530486 109.33185605839175 0.0
188.08313004725562 184.21831918721236 0.0
55.662273357360846 193.55601167984028 0.0
148.86063980100204 61.03982378738087 0.0
80.16395537221565 198.88367159183426 0.0
132.5229082214576 158.3351135832139 0.0
138.23135266034777 69.30836150274693 0.0
177.0592648432199 162.82696733222429 0.0
80.95862532379185 78.97707193604245 0.0
143.11636065110648 128.53909844245175 0.0
98.87415723602176 148.585776569508 0.0
45.57795167201639 174.42729639987556 0.0
46.39307912147335 148.79605013577552 0.0
196.28225963497175 63.66356384421044 0.0
171.5754473271001 143.26668118714886 0.0
20.871326886359 144.60870047034987 0.0
145.53210354595464 192.83973511112845 0.0
152.02448913773387 55.57899916945752 0.0
3.2031559922215624 167.6155051670071 0.0
146.83604160366056 173.8331297313186 0.0
30.866645424403206 195.0964725181306 0.0
127.85493058255662 23.77549761738953 0.0
165.6179456195708 110.27535570786402 0.0
5.3120214967119495 150.1927701924532 0.0
108.19315964704434 167.48792177564619 0.0
102.3184768420081 109.41049678356292 0.0
92.89263376752788 124.04635552705933 0.0
175.32646609994617 34.577142823819294 0.0
106.99345177270531 12.11442117942867 0.0
198.9012714692387 90.85308132969494 0.0
106.92274574799876 77.98086526029881 0.0
66.86171119074886 52.102458919179526 0.0
39.59622979813668 86.83289165063425 0.0
151.1035361970523 2.756163927245092 0.0
44.70941933058648 66.32684167847987 0.0
54.928328076792845 196.83439177665264 0.0
87.4016578970247 193.69846994488537 0.0
99.45821934734617 190.6876885484757 0.0
50.5959085524458 118.85060487654204 0.0
89.724584025925 106.83556560514826 0.0
2.4501609761828913 159.80121488487933 0.0
121.27662701287922 83.35221252023742 0.0
146.73898204743875 107.07025257162101 0.0
8.66363319923449 16.569018606572826 0.0
62.61670579961132 30.02902528856901 0.0
143.9024410171981 14.434051647313462 0.0
45.096413705602025 90.93094251144987 0.0
26.049587655804316 143.6888472649109 0.0
68.7118179587249 141.28812954718768 0.0
142.25521547922315 76.09325392348505 0.0
114.21183872480161 0.4533541459756263 0.0
126.18382437873082 117.24932902531194 0.0
121.77059173187739 197.71231979781612 0.0
171.4447127749562 36.14566511330612 0.0
64.0782309801145 196.8865103299998 0.0
135.68264063800967 104.36374082510017 0.0
168.81094466090195 116.39218186628679 0.0
35.23728546175351 0.9583263907759987 0.0
162.36122857921308 107.89628958132043 0.0
100.7876479125438 142.34413936739892 0.0
155.34233365465968 63.15565932801297 0.0
41.1555442582199 156.0914360254592 0.0
45.263594821730415 181.3207724092812 0.0
45.45005990023927 33.353334010331956 0.0
72.90625150254242 147.93106726197053 0.0
142.99260656201878 166.7181674563055 0.0
36.312022059372765 52.023792471340855 0.0
35.97017990182576 8.600349454931845 0.0
39.9296773945538 99.22392533785873 0.0
21.522089602731853 69.85356829313933 0.0
136.34755524394447 66.37783160221935 0.0
127.97327738003861 19.110559930886104 0.0
4.17278393963727 87.23877498549987 0.0
104.1852276486819 140.42376255061257 0.0
98.000885873419 158.90760116102842 0.0
21.503181331540368 160.10179951383148 0.0
105.05211153177846 115.177301112672 0.0
174.53624309218193 63.20675069004877 0.0
47.933755870318606 125.62547705314905 0.0
100.01477580287089 185.9976764669269 0.0
184.12051702589872 48.24394249194401 0.0
72.2272629152729 192.6760789478049 0.0
170.12771167172315 188.59013534261152 0.0
179.0466640930431 123.10934408635134 0.0
181.9850673399318 199.8902799902693 0.0
34.314066822605646 132.7785130831525 0.0
13.501494258770496 196.21950663790898 0.0
140.35528979208507 37.01697829519899 0.0
9.944210277074994 44.82947467875778 0.0
78.66387062667862 118.67712660510452 0.0
37.138271132298264 53.88944534083222 0.0
77.29169924175983 61.682198074140345 0.0
134.62540957588385 78.35190641558358 0.0
80.24639391918387 132.4909043385193 0.0
56.40399447237312 29.349263233694955 0.0
27.202252939272388 47.32274006808284 0.0
163.90451836767267 91.4734205400153 0.0
41.0895243921493 135.06222221507483 0.0
103.23812278079598 27.485387893969992 0.0
16.634501762634212 34.08052063918736 0.0
172.38816596574162 181.4472662153002 0.0
104.68073098508246 45.78338610583215 0.0
63.89795001119411 178.9644578343633 0.0
195.12949530535954 8.514463760699309 0.0
154.74033530834473 67.17109084502235 0.0
115.59554567238395 152.51351160482676 0.0
107.43780183753022 137.2870388614243 0.0
83.38175459044072 49.94925037369284 0.0
45.13449091653783 129.0202275826261 0.0
175.13437484571267 83.6169797344705 0.0
168.2043356150589 128.7832273571187 0.0
11.548189862322445 23.711303526193394 0.0
191.1123944556864 42.63842727211993 0.0
93.74882152477207 124.15474303162273 0.0
195.62922305607023 50.0814099130823 0.0
73.48717337507978 28.2832021696803 0.0
20.130924548404373 126.21744916347002 0.0
91.03882554479874 108.25967675197768 0.0
134.60042088201206 157.5814196900071 0.0
172.70904936563662 53.40780962022838 0.0
87.07814372594811 170.79660660640246 0.0
144.10185212805533 169.72729882545906 0.0
49.69333976676988 143.4633425406011 0.0
185.81932540289966 156.1733885354445 0.0
141.03984124898633 173.11361501089812 0.0
35.01538979400849 82.8530696915458 0.0
56.54307659956006 42.763181976135044 0.0
119.23577514758053 112.11087367551701 0.0
99.59782299697575 40.53793811587858 0.0
198.23398652537824 175.54747792804665 0.0
173.63906955604708 66.04671797140335 0.0
184.96072204555526 148.33463539429442 0.0
68.94118460764396 187.6179277003037 0.0
118.68208961508802 46.76027628420807 0.0
57.82330971370293 102.21273441544234 0.0
171.18975336104322 15.757942381615075 0.0
198.07182863499702 193.77295426829482 0.0
81.32394344327503 170.24499505551856 0.0
36.773461249437986 85.95688314760707 0.0
133.53811172071312 107.41438656734583 0.0
5.38546041723631 141.66184917447825 0.0
122.99178229718488 116.69507505935191 0.0
101.75206418865683 74.42745624389819 0.0
82.66600314418484 179.9164921193967 0.0
65.90932789335105 105.75880654733132 0.0
87.25357099299329 176.2827873819483 0.0
173.90311064900771 127.60431512163038 0.0
194.0840791628481 85.08282062000198 0.0
197.47795049058388 110.66810869009302 0.0
133.1015527641208 13.632304507617011 0.0
7.377247524133157 136.93217511164372 0.0
115.9203692553694 168.76473325777297 0.0
134.1280918907226 128.70885460946002 0.0
98.24284972450295 37.25802294543428 0.0
142.56681757453634 196.73957304230413 0.0
0.42984818611853104 43.90416533318111 0.0
124.99419944567424 136.30093465222416 0.0
167.7733500394075 15.499524316062363 0.0
172.7320321040057 162.97472095484247 0.0
135.02797556964694 94.85356646439567 0.0
146.9856142241062 98.6835635204073 0.0
149.0161584046997 120.98436591104628 0.0
37.29950656022216 93.78947365649853 0.0
98.62936989570726 119.98930665683822 0.0
69.5267372067076 2.497553550288445 0.0
103.30585737819278 35.64990738316358 0.0
105.1143971036951 116.50274585135413 0.0
19.072929005972618 169.64980742162322 0.0
159.64145710197178 105.76261221367271 0.0
135.49978314829377 198.35552700284117 0.0
60.92740077608949 115.47451863847039 0.0
157.41462929240245 86.42961316962705 0.0
165.66305659249184 24.780927683183762 0.0
191.9976482202015 127.11638794561459 0.0
58.39790350569043 85.42177558756168 0.0
94.86923961249146 104.86065163554296 0.0
67.85085927030221 127.49825042400708 0.0
168.05067437173187 197.9900320497216 0.0
52.89442980259105 44.707578217279355 0.0
48.18222540471535 117.51201925806964 0.0
34.19485642300022 152.85375998584001 0.0
75.14156090844529 112.64707326751449 0.0
77.37376033773575 53.13451230786062 0.0
89.213053667437 64.5393748677011 0.0
169.68958635999363 25.64993836852052 0.0
69.2164620009658 136.65722503641553 0.0
74.61989062991505 128.77382067146016 0.0
94.51119961655998 153.71538042627873 0.0
97.35849202956264 86.47373168451038 0.0
190.55032346614001 40.521881639036074 0.0
149.124100177296 108.36139569739156 0.0
100.66607015554123 67.97229750174654 0.0
59.31003110619877 6.200205100427447 0.0
116.02670360109313 125.48457271480177 0.0
151.8873812535062 145.79191302292494 0.0
191.21209877945094 167.48805156240064 0.0
76.10674492739953 104.60999513254423 0.0
74.61345674403736 166.15045585840878 0.0
161.42651607636566 193.24240332650618 0.0
