14.924690934227147 144.92044693673822 0.0
132.16642782485948 128.21650721267034 0.0
110.94379489522692 65.21642802039524 0.0
49.4381384354565 84.2997368269464 0.0
194.00490479878056 188.71876215973765 0.0
58.35357692201444 56.6748012269312 0.0
108.92013099298312 13.185339314373913 0.0
92.2167010073644 40.050252694386 0.0
14.654718847899794 96.25586428652736 0.0
58.04957825922792 198.48811149059566 0.0
104.61025984573386 47.7549065674268 0.0
61.70361770073865 24.263573328476774 0.0
105.19334985027766 52.60730927968289 0.0
114.94573951982537 160.05494605598344 0.0
149.5507178943115 12.506864230999515 0.0
19.935824744714047 168.79616956879815 0.0
171.9847999189662 100.92437577485715 0.0
3.269436332473985 95.09442294577582 0.0
23.446488999924252 188.7366788174036 0.0
154.76777577300254 77.93582639926973 0.0
69.63455637725993 16.703354178377783 0.0
15.454547936360608 146.47231905323213 0.0
100.61411037684232 166.2133042469567 0.0
154.66717037179046 59.00336365707537 0.0
154.49932386225376 11.16860517913343 0.0
78.00778425785676 29.836221576759204 0.0
137.62830359062244 121.56836227902836 0.0
115.84707850852031 29.529014083321805 0.0
109.79097194845463 33.30065673193747 0.0
56.35197387343205 41.090983432002794 0.0
195.4535422645463 98.84594146078625 0.0
7.515806360327848 8.034784210768064 0.0
80.55597172585094 90.04054672973771 0.0
99.42773176580569 19.745807019210314 0.0
159.34168874017388 136.74432202132147 0.0
171.0256024466889 145.4540349220527 0.0
6.8115597491157365 54.201699793370594 0.0
124.83461062076782 50.164087753576545 0.0
169.77701447713918 137.08080673390276 0.0
178.7016166402723 104.21947157318823 0.0
93.11993110455363 79.62056476773807 0.0
195.29309943736436 132.7474117717788 0.0
127.74983329563705 19.010990506011805 0.0
28.132236292527256 42.05089227445902 0.0
2.8816150748485425 193.07729092229238 0.0
187.20866409595996 107.08485263345848 0.0
87.63997731010984 153.5336204077038 0.0
97.70211817068608 107.47387081244646 0.0
15.62938730228689 82.51763815226892 0.0
2.1190580563062777 159.0988407314503 0.0
0.9914206535053482 122.812413170616 0.0
139.14913730025847 4.100637868698964 0.0
35.60389130202222 151.10744537215174 0.0
21.806230450464547 94.21888881031431 0.0
124.459237627246 98.84595951642598 0.0
32.926522235866116 30.704442817015742 0.0
189.89225319059886 156.6508449472315 0.0
157.85399566771653 8.614368330818166 0.0
55.21018100477237 186.01706297557394 0.0
82.1514112655388 54.11859567986785 0.0
4.410947417919142 5.903501161140423 0.0
96.43278424573248 40.51767819445396 0.0
7.0581371592581155 122.05270364981105 0.0
70.9210737393473 121.99149089743545 0.0
196.01413329287857 123.31211867975331 0.0
189.09267045756812 133.66890072785586 0.0
190.6156647672049 181.92589858346574 0.0
162.77807722109353 72.42881994036559 0.0
169.00874840305983 63.71148261806121 0.0
90.34596213608945 194.91338925921607 0.0
10.74294677420462 179.23071327198372 0.0
165.10561336149442 147.55425504821943 0.0
154.35756828789732 88.5102418977362 0.0
92.82059133876398 77.98336281505559 0.0
44.57529233911992 109.56165871973036 0.0
135.23425574100003 68.01982155552642 0.0
179.85152889651582 74.89673475489738 0.0
160.7655571217466 75.49487925375706 0.0
13.410561656337316 30.428750927352933 0.0
154.0414028138175 75.49724555776238 0.0
109.53250479837735 177.59607553637642 0.0
112.68965157561894 51.191359221764586 0.0
11.73764888222799 22.23943592825288 0.0
142.8246181065199 100.18150480998236 0.0
40.647873950611334 112.70976439109015 0.0
53.91477552600552 194.46497115409622 0.0
106.68738861489047 124.87868258643991 0.0
49.230193818501824 60.33782639705705 0.0
196.41802473725832 183.16906730702473 0.0
9.82500799620114 29.18706907658408 0.0
71.1870166829611 194.41846862705947 0.0
178.0180829224357 150.9234022816116 0.0
102.89811075232882 15.333396808000588 0.0
160.59276414723885 158.8789889611393 0.0
64.09953430128985 74.48789207640789 0.0
92.44455422419648 28.315061798267305 0.0
88.21532378084882 26.26499589501856 0.0
128.16322516404213 80.25440284203711 0.0
120.62917340449238 126.83520361818465 0.0
162.04375869377608 48.174137927613735 0.0
192.46286975038723 91.21111531322174 0.0
16.27834947111726 47.164528993938994 0.0
166.27420641793137 15.612966710821752 0.0
82.58944678771445 163.4798066516477 0.0
26.531949399676023 130.82496139729926 0.0
154.32165321677732 16.977395889531067 0.0
117.60842195677641 89.917609680201 0.0
144.01815173443862 139.76212579329305 0.0
168.16296866995327 187.65668653275284 0.0
145.7650649390054 161.4224716485404 0.0
83.1723860330571 159.11463772736053 0.0
72.09502634897231 194.5660273097644 0.0
133.49725821389785 11.445623489930723 0.0
71.99906470369093 73.9318492454282 0.0
127.75589817820983 105.48071691143706 0.0
119.60360513504004 18.177538616220133 0.0
12.410495735347805 22.745040138597528 0.0
152.32739623706863 55.50927981601161 0.0
113.35274566975554 28.69394126081206 0.0
132.84074927648598 182.64341091354603 0.0
105.90916568896765 174.41070073656422 0.0
10.907539991352388 111.1582637018232 0.0
180.0691041748482 66.70344291864507 0.0
169.19800604289634 196.11552397403028 0.0
153.8711889582951 80.48438066004375 0.0
151.4182997403874 138.90051392420116 0.0
80.26680869873697 87.50968180773597 0.0
91.61065958285492 109.55118724424247 0.0
191.4121121756296 32.00371762680445 0.0
90.23561166815716 43.41595255308724 0.0
29.222695629385463 96.38662985519555 0.0
15.655706119836754 32.8006724462069 0.0
122.1580056934703 169.26954776990317 0.0
48.89796579987304 156.3355978758937 0.0
185.5853694063942 53.07708344385442 0.0
135.07998731080218 167.11322121582018 0.0
146.70630936923737 130.10200381482525 0.0
156.64261877393994 195.21845961804797 0.0
124.91052457001166 43.49237128495362 0.0
101.53976097609576 11.092718418340496 0.0
34.55600018051894 143.61665931838056 0.0
163.79381942140398 43.243855254873175 0.0
119.55616628756727 0.447737572646667 0.0
184.33295935198996 47.13435663628458 0.0
77.78817927154564 189.05192022626068 0.0
116.78437963313701 81.6502125123488 0.0
88.21893312880134 17.964558836379485 0.0
85.90534403901997 65.37350184106944 0.0
14.778424135929225 89.17895515818654 0.0
95.59177472845985 56.95179344815173 0.0
128.39278025080682 153.6707771696905 0.0
138.91186889221078 132.177994846652 0.0
62.222130196237366 57.825367167668304 0.0
164.3700536513955 114.96441862156689 0.0
195.03129083905117 63.8306769590588 0.0
60.614449595530395 60.215198394283064 0.0
43.754075726731514 71.04392669751275 0.0
136.0587745006924 83.6716014116935 0.0
138.69481883089608 65.53532371634942 0.0
90.39740795330194 87.12494549047463 0.0
53.443501435066175 81.45752824496462 0.0
1.7502770122480138 136.96220228497484 0.0
166.46378888261265 70.5848889960312 0.0
186.18185073567017 119.82975994205847 0.0
142.44590139637302 145.31169790819837 0.0
125.59650004949138 21.27095495694904 0.0
38.89931637317443 85.5941397675813 0.0
5.520228759113266 151.513491299389 0.0
167.0928151654121 181.76585456118107 0.0
156.03656184304018 77.15303832424165 0.0
166.3324778761741 22.85230877367159 0.0
47.15229282572753 108.29965617541444 0.0
186.70085501311652 133.95461159548864 0.0
54.126440675292955 137.82402375995582 0.0
17.76341724488788 16.46859593234393 0.0
178.80377415866295 32.66075779177211 0.0
49.38123278123903 151.35032048597935 0.0
89.75191861697552 36.696367178132405 0.0
105.65157154823433 88.33458734922756 0.0
27.008935921979415 160.58979972370886 0.0
54.13099794968508 62.95814758925533 0.0
106.50610067932871 105.94375012846217 0.0
59.87827501834077 58.43481964626407 0.0
154.7383458140431 99.5652671850993 0.0
27.487297603840098 60.87491672425487 0.0
6.012733083716526 98.12451234261177 0.0
154.1629641527035 44.036706137535255 0.0
2.6130505954040206 164.3407962957111 0.0
3.025850524966489 163.742986592164 0.0
52.47654211525943 12.895380155565661 0.0
98.21423468107444 142.291149416207 0.0
19.48643250481652 177.590809142338 0.0
141.98491479853934 79.63037919371274 0.0
48.24192008028347 160.84683008089414 0.0
158.8970376150533 140.77502559074637 0.0
58.17497759817516 92.4433782893178 0.0
183.29599927812504 137.86842681092918 0.0
81.14112768012617 46.4912368290523 0.0
123.69722485738284 150.5068096001283 0.0
162.11926427623467 43.931504672740054 0.0
161.302564027001 9.378205865480037 0.0
194.41330504841898 102.4351167354143 0.0
69.76470625695224 105.9666117828078 0.0
118.75631411903524 86.39413958908602 0.0
179.4479496443081 185.0169700863746 0.0
179.97553974054136 156.76673360632128 0.0
151.81645987894487 126.65183701464603 0.0
5.384665446965697 123.85814514341902 0.0
78.21380294967537 31.47588259160019 0.0
145.82724070899928 165.69023936904784 0.0
72.18068568834116 184.69977086323613 0.0
3.30335791998575 190.43248065449973 0.0
85.59023446276058 94.26021610309705 0.0
158.36903824121651 193.43767166826214 0.0
146.26331312377496 173.10827278137884 0.0
6.006091737392216 87.74580789182839 0.0
188.3589766417622 167.28338795486724 0.0
110.41751700802038 71.4900478501099 0.0
126.71807378379967 119.08588227727054 0.0
197.21181382464323 36.45884287512449 0.0
12.470755965604763 98.6059559002579 0.0
15.696964946407377 19.138747836394685 0.0
199.60152106591588 137.06257917891392 0.0
24.51298115858065 48.88264860136084 0.0
50.79819401745254 151.85093094739997 0.0
180.58947045684403 157.41853112822952 0.0
15.794093241475938 165.89242495415968 0.0
44.42274020651917 179.73414427579937 0.0
126.54539551995721 192.8265675015142 0.0
153.92451040555375 98.4433372282648 0.0
70.96857647484313 184.77933961493477 0.0
164.60230988344574 62.06003584295794 0.0
30.59557275256546 20.88795575062685 0.0
5.589395684715326 42.17621025051872 0.0
197.38717006816523 52.45730524205883 0.0
59.049748888268816 185.36051342941323 0.0
121.07786877164013 14.568610846077124 0.0
134.74171831113998 62.664516378425404 0.0
180.80840166166365 164.15617168304965 0.0
182.031429096032 22.94385045891163 0.0
123.43470651197943 111.01336444284995 0.0
58.40515042507559 115.77178748954593 0.0
165.78520046904194 170.8844046331513 0.0
56.537433119934796 165.54324260111179 0.0
19.270833641068208 188.7437188784452 0.0
81.22974662028545 150.43734023604776 0.0
162.63526749943858 55.55992930024416 0.0
163.0421157636874 68.22709731035401 0.0
162.26539471499407 173.28703661054178 0.0
197.19807463507598 155.49505009299793 0.0
19.365114920521176 110.52039943305773 0.0
4.351093671643547 67.63400929776687 0.0
9.428222859104608 35.200696879962145 0.0
24.05838394994957 24.08236856881436 0.0
71.82894778681681 10.944111968570436 0.0
172.31591332805013 176.5637355111191 0.0
105.98161844734466 100.02255198606005 0.0
21.26609112795732 167.67101822421694 0.0
135.40364852916758 28.712791279773022 0.0
92.19765426227708 12.955325989572785 0.0
12.148877038808159 139.67890305788816 0.0
92.21480187424073 61.75043134228113 0.0
151.46114918811483 81.24756013722782 0.0
170.46069227939242 70.2837673811126 0.0
110.13078487161123 164.88120700886302 0.0
121.5381203386306 155.19534752442618 0.0
51.919393672572276 159.8492453696779 0.0
121.77789596422335 186.40626717760205 0.0
79.55137844529168 88.04287015885012 0.0
48.2635535546432 25.348673307843626 0.0
55.15317353647538 132.0743904714351 0.0
101.02849170908095 117.88957270814373 0.0
79.65417606102928 76.24723739337512 0.0
125.59968256258828 110.85098480652749 0.0
56.546082768134845 162.6781186714524 0.0
116.0698690231732 176.84942165325583 0.0
126.5301584793815 63.79816363632202 0.0
68.13787085722511 4.247816704546814 0.0
26.964822930917443 47.655163577513626 0.0
47.06455988376808 137.33350470949745 0.0
3.658711035178608 143.88431673895968 0.0
37.249817308248566 136.40605452872936 0.0
182.4371384226525 5.910280945902935 0.0
48.14361471329895 68.27910720251222 0.0
94.04284758263934 8.888513625038819 0.0
65.4621273364936 134.77067634740877 0.0
138.31458488018114 123.08932441731682 0.0
157.18770560002253 0.07671640080741948 0.0
172.21989433768042 58.87331777095455 0.0
170.58919608309472 187.4930222416051 0.0
111.20145370981416 92.10217939787142 0.0
189.50709739003432 181.77083732415983 0.0
44.42889885618542 47.77417154851151 0.0
60.40563546901821 195.46195839469704 0.0
81.93103043814153 144.8688870997996 0.0
41.20185154092293 135.92926058559837 0.0
175.21606887507554 186.83128107847298 0.0
178.63951056999628 144.26908285451668 0.0
82.87045174943073 119.82012758871676 0.0
177.98341081544896 168.21203847190006 0.0
88.75941237763267 74.7915375532435 0.0
93.0676306153271 178.1392727587001 0.0
22.835489405784905 59.68335957937927 0.0
135.2388775514651 38.67142025212929 0.0
183.19387913956902 74.41167926582246 0.0
76.49411086173761 107.85782885570114 0.0
112.89635455294447 184.0858677832005 0.0
105.11922448354693 151.81399844880903 0.0
46.218254093447754 4.794024496977034 0.0
181.39354452808786 134.72541429428992 0.0
6.355962366612067 131.50592763259777 0.0
136.43266293569997 72.45629768974453 0.0
10.265005910401403 69.08590648208221 0.0
158.99989524387058 22.57212845056149 0.0
16.18173713113926 15.103387359267217 0.0
123.12446845537292 24.40508916752615 0.0
135.51441415244227 187.0741868031764 0.0
23.62251327227678 199.86186955190902 0.0
23.17230084790736 86.96088470203986 0.0
7.124439534311189 78.99364891368732 0.0
59.03414412164069 152.2060067398857 0.0
112.9704261939168 123.9182985547812 0.0
138.1403087495232 55.26696096851356 0.0
71.34330885799018 190.50523248373113 0.0
198.32559722981387 82.56707394861245 0.0
145.26614488931062 89.30362211067062 0.0
31.392594513112204 148.97231803832017 0.0
48.59934084369073 85.51498873034988 0.0
47.55822240627865 85.34869317747156 0.0
23.930336671912734 112.38148770564347 0.0
92.78896752498326 74.45047060140962 0.0
22.256317189782916 63.181604632560976 0.0
154.77308507487203 104.33486371834503 0.0
190.61849763130886 174.09515665379328 0.0
35.66086522308358 58.694040709326465 0.0
144.35423509336417 13.51989640750244 0.0
18.336904549767084 169.94057928784886 0.0
177.3909566668402 152.99232700608357 0.0
7.871094091041164 23.577948422976846 0.0
47.01391538846911 10.68560459994108 0.0
190.92784297024286 121.33272307403882 0.0
58.79738648465987 30.527734802058614 0.0
123.2959681284571 185.72076202613843 0.0
72.89679608816544 88.30363966867473 0.0
129.33429089660694 120.16467128890902 0.0
154.65718831114825 0.6748505915910474 0.0
177.01105601950437 26.475397513218436 0.0
100.50111305310155 53.87106109685613 0.0
178.3478626519715 125.45593388851589 0.0
184.31685258000167 165.8779352547125 0.0
157.46176386810788 26.580530658292332 0.0
190.0758222459743 49.2659843913551 0.0
127.03191656753867 149.14810822343847 0.0
123.16566383603754 151.3756245252001 0.0
18.900052638614294 10.003841338470343 0.0
125.93340121949001 14.393709428999735 0.0
25.646772982961675 161.86826119480298 0.0
62.19094301011341 19.92740906397712 0.0
27.36853058127082 191.50842510641837 0.0
180.9428232025257 61.001301767716434 0.0
1.51296751117882 168.43117214077463 0.0
21.3540984506557 118.97414819556207 0.0
43.513116963409495 72.47362728564728 0.0
78.98399193379177 13.691889087970432 0.0
62.09369006754504 22.611553518860973 0.0
117.56871909933047 142.26392603909633 0.0
155.50562616413316 179.501457259579 0.0
181.14481288853025 25.169896931946667 0.0
123.57776654416767 0.7175251467374189 0.0
138.06195884460993 137.97451778728637 0.0
125.3574162993347 90.339982769267 0.0
171.44223822138105 22.74850825761401 0.0
153.2443261786907 3.496645331453685 0.0
19.90051249599332 45.36363926422429 0.0
161.90542312264066 41.65477993439248 0.0
167.84841785758294 193.15058438615796 0.0
163.8905010676212 105.90569269334573 0.0
186.46232661439046 191.97832053111222 0.0
183.75180532549615 63.17984030253088 0.0
34.40335217017121 162.63426778493158 0.0
48.60333216588049 24.275452840679623 0.0
141.63543057804586 33.454602002828395 0.0
185.43844896629292 32.77909855816057 0.0
120.19516824452468 179.47456237893863 0.0
94.15719693023587 120.40181546006094 0.0
172.52502962939548 67.93878506588433 0.0
170.13759440466066 96.94986149700242 0.0
100.98933321153822 55.8321163033469 0.0
61.31791953724965 12.094348061785421 0.0
61.45013352352511 107.16155934034776 0.0
162.1398170795456 151.29937491285256 0.0
49.28808013273396 76.04045957667797 0.0
170.3349488688593 109.71365343527997 0.0
158.0110458079052 136.19617748152064 0.0
62.42062103684858 125.5257806902901 0.0
108.60118557500012 128.34295886007504 0.0
179.90269516076788 48.22877391135805 0.0
12.008824931413752 43.931965391276016 0.0
160.56689591675595 67.43474098355813 0.0
197.70949207744573 167.11070452939148 0.0
197.87240901664245 34.325816866103764 0.0
17.998121188476944 156.29445049355178 0.0
166.3445067373482 70.5229266407026 0.0
20.70233699980093 162.5726294784049 0.0
111.99576967922138 178.09913161833398 0.0
172.25451708761616 154.2432633235707 0.0
74.18820907009136 139.65968698640285 0.0
108.57012449265848 145.08908531071245 0.0
178.98149324563872 128.85625834905235 0.0
92.93766637175412 8.579159160277893 0.0
23.895225999021118 139.39805788944363 0.0
68.13337046210857 1.000099342689631 0.0
160.14612324771844 184.56787637683274 0.0
104.2315395836197 13.591390947486936 0.0
170.80362730516086 19.44648632302266 0.0
64.08939617430063 127.07961705122311 0.0
41.940384320003574 94.49403351230652 0.0
35.242888119321414 51.576599929175515 0.0
28.736881540654014 161.83239705140517 0.0
9.957945238188447 100.6269369973221 0.0
29.632194321048356 24.517897236736296 0.0
34.43931363958288 70.26059382522129 0.0
198.99574676612605 144.28890365519783 0.0
193.70700243000448 172.2266085866484 0.0
152.42774096271216 4.718278135412302 0.0
150.40815461949083 5.154204304992205 0.0
48.678752896582964 64.39595493164214 0.0
113.84000714133276 38.208028010275875 0.0
68.31173768449284 28.712146959344032 0.0
79.71734593825059 28.874422221728512 0.0
151.61259193109004 19.007083281633363 0.0
151.72575034513952 199.83600421683497 0.0
106.8881918119486 24.298456840744677 0.0
132.65966743570738 59.4621975703427 0.0
155.17358407491855 183.49307145183883 0.0
155.95222683778488 66.26352876923802 0.0
38.50292639611603 164.93447862473562 0.0
117.66148518306434 109.72799981356177 0.0
186.28151963812672 185.33375937791794 0.0
64.48561095196959 8.277984184237287 0.0
107.92905317240648 41.57586696545306 0.0
95.13731645793742 109.6565061675288 0.0
159.84712071518535 116.58924044199273 0.0
140.415709455026 19.87208868300425 0.0
120.89671701204297 64.41180671001531 0.0
1.5714488310473618 83.9015835272461 0.0
2.95436739531747 179.78169422234512 0.0
47.06904939669503 94.67078065854454 0.0
21.7483078144034 114.0263722819144 0.0
194.60783259598037 16.40289437007332 0.0
58.05891313665283 11.71914826185736 0.0
38.27092630859206 74.24530949569782 0.0
50.50043190112636 111.51744511694166 0.0
19.929564866168924 184.1553057287084 0.0
178.48389514862788 179.79233695701691 0.0
189.53760181194122 175.34578522336923 0.0
17.593843330693293 27.104391898668535 0.0
150.7091473176207 192.16237643756816 0.0
79.49434504422234 195.27599330737053 0.0
45.97992984218231 53.08345214462533 0.0
84.61263762515631 96.75574284834856 0.0
100.41079566841266 191.6052075422406 0.0
158.23144153146953 38.16576397899007 0.0
112.69968548364827 107.09388080977287 0.0
89.25391577830612 66.36816371334426 0.0
159.7260648298643 13.257849119539822 0.0
45.78792514477339 38.08203424800289 0.0
63.45978174560134 187.71241053327853 0.0
102.82921954683293 133.0279383572032 0.0
58.42399778494944 198.18053498678975 0.0
4.70582886861779 5.771872649259158 0.0
193.40969148619428 109.19302340860253 0.0
158.57889373971102 102.88621834258436 0.0
102.89711130269303 157.7220145437902 0.0
135.17784316408517 159.74040126769816 0.0
91.64727322668915 27.001917946811904 0.0
139.08076442421054 135.179296643294 0.0
190.18441313306658 144.86223087434965 0.0
3.233548226924454 42.542794046905556 0.0
159.3982837898295 186.2170810122189 0.0
61.03422766900661 91.92514250512266 0.0
149.25269971613608 168.92652345375464 0.0
154.1917440707339 71.26815391812728 0.0
49.59483759945944 198.06500846173745 0.0
45.70114817360176 162.8274650225554 0.0
110.31744974938162 35.70274018962751 0.0
24.66016043783148 16.746582882940906 0.0
153.63398977704063 51.62593425596407 0.0
113.28467879580941 84.91854990162737 0.0
52.98448367078792 144.99236114661966 0.0
16.363769680797226 156.0105811139087 0.0
111.09779078901249 117.73873483995285 0.0
189.52738393523725 126.47209972309388 0.0
133.99368503011578 127.62701421204446 0.0
145.08296822598282 92.54215626163918 0.0
168.21600617192288 52.136804486698594 0.0
162.80979715602712 54.71735048839355 0.0
45.346017880946654 53.981513365102664 0.0
127.98286317301843 88.83676562153585 0.0
60.85274627126307 154.8461265158258 0.0
