2 709
4 366
5 933
6 811
7 792
9 887
12 930
14 4
19 872
18 799
20 531
25 470
26 534
29 328
34 38
35 389
39 56
36 41
37 825
42 635
43 262
40 524
41 608
47 953
50 511
49 415
55 541
57 704
56 860
63 988
61 862
68 706
71 124
65 135
66 808
77 778
79 655
72 724
73 650
74 589
75 303
85 795
84 428
87 987
81 280
83 761
93 358
95 246
89 167
88 596
100 853
101 406
98 640
99 130
97 320
110 718
111 330
108 559
106 129
107 30
105 198
118 337
115 95
114 454
113 61
125 41
121 687
120 284
137 519
136 785
140 787
143 539
142 751
129 596
128 883
131 504
132 379
135 702
134 520
153 194
154 250
155 690
144 520
145 117
170 207
175 226
174 115
163 562
162 850
166 142
164 860
186 391
184 845
185 532
190 843
191 510
177 771
182 416
183 919
180 437
181 68
207 872
206 353
201 266
200 950
202 703
196 755
199 857
192 294
195 908
194 991
223 3
213 132
214 838
215 333
208 476
209 924
235 14
231 220
229 914
225 841
224 305
255 802
253 493
250 660
251 633
248 799
249 903
246 314
247 975
244 323
245 401
241 739
274 718
273 735
272 439
277 895
282 487
284 329
258 337
256 523
263 221
261 833
266 407
264 881
265 492
271 344
268 881
269 974
305 291
308 153
310 544
313 980
312 99
315 959
314 284
318 168
288 403
289 254
290 43
292 606
294 922
296 854
297 555
298 408
300 968
302 82
303 908
342 22
340 664
336 423
349 149
345 151
326 254
324 128
322 937
320 589
321 673
334 582
335 942
332 454
333 902
330 820
331 298
373 127
368 145
370 936
380 186
382 132
378 992
357 446
359 424
352 99
355 461
364 23
366 192
367 270
361 328
408 806
414 535
412 470
413 639
403 307
404 585
395 741
396 459
387 289
385 813
384 940
389 641
388 666
440 167
442 11
446 641
438 306
424 291
431 863
430 830
417 256
422 177
478 341
479 618
476 921
477 865
474 101
475 262
473 991
471 475
468 554
469 139
464 343
465 83
463 445
460 376
458 400
457 8
456 873
455 656
454 351
449 72
448 794
500 375
496 40
498 2
499 383
492 529
485 343
486 135
483 478
482 63
