2 381
3 362
8 116
9 403
10 664
13 283
14 541
17 125
19 77
22 772
25 834
24 29
27 572
26 696
29 879
28 986
30 870
33 655
39 945
36 347
37 284
42 41
43 39
40 423
47 62
49 632
48 361
55 257
54 503
52 391
58 105
63 207
62 430
60 946
69 255
71 478
76 608
77 315
78 536
74 747
75 80
85 814
87 310
86 496
81 144
80 946
83 690
82 921
93 929
92 349
103 214
99 90
96 327
97 594
110 415
109 503
118 840
116 146
114 248
127 903
126 267
123 860
122 842
139 126
138 117
140 626
129 535
128 150
131 62
130 722
133 806
132 953
135 314
134 261
153 472
155 302
159 652
144 288
147 145
148 693
171 965
169 116
175 946
167 216
165 346
187 596
184 723
190 529
191 963
188 570
178 399
179 842
176 104
177 191
181 64
200 213
197 646
196 550
192 936
194 192
