1 24 74.0
1 48 98.0
1 82 30.0
1 90 63.0
1 110 46.0
1 118 59.0
1 119 65.0
1 122 20.0
1 136 43.0
1 148 29.0
1 149 21.0
1 160 51.0
1 192 70.0
1 194 79.0
2 10 11.0
2 16 4.0
2 17 78.0
2 38 46.0
2 39 87.0
2 44 33.0
2 46 66.0
2 58 34.0
2 60 24.0
2 66 22.0
2 72 66.0
2 86 48.0
2 89 35.0
2 144 99.0
2 145 42.0
2 156 36.0
2 158 44.0
3 56 72.0
3 84 82.0
3 101 87.0
3 102 89.0
3 104 19.0
3 130 20.0
3 168 40.0
3 183 39.0
4 8 97.0
4 12 47.0
4 24 99.0
4 34 99.0
4 47 19.0
4 70 89.0
4 80 68.0
4 99 73.0
4 136 54.0
4 174 97.0
4 194 99.0
4 195 39.0
5 6 36.0
5 23 49.0
5 38 97.0
5 39 8.0
5 44 3.0
5 60 60.0
5 67 25.0
5 69 31.0
5 85 22.0
5 100 9.0
5 140 75.0
5 144 36.0
5 157 37.0
5 165 25.0
5 180 12.0
5 188 73.0
5 73 87.0
5 150 92.0
6 5 93.0
6 23 71.0
6 46 31.0
6 67 59.0
6 77 37.0
6 91 27.0
6 100 54.0
6 157 75.0
6 180 28.0
6 188 46.0
6 51 94.0
6 55 10.0
6 150 60.0
7 162 20.0
7 163 17.0
7 19 30.0
7 25 36.0
7 30 90.0
7 49 52.0
7 62 87.0
7 92 58.0
7 95 54.0
7 111 42.0
7 116 65.0
7 124 67.0
7 125 2.0
7 142 78.0
7 147 23.0
7 170 23.0
7 175 35.0
7 185 70.0
8 4 90.0
8 12 15.0
8 34 13.0
8 47 72.0
8 70 46.0
8 79 75.0
8 80 50.0
8 99 74.0
8 132 41.0
8 174 39.0
8 194 26.0
9 17 43.0
9 18 23.0
9 41 9.0
9 57 77.0
9 78 9.0
9 143 33.0
9 153 16.0
9 187 82.0
9 107 44.0
9 146 58.0
10 2 66.0
10 16 85.0
10 17 52.0
10 38 52.0
10 44 7.0
10 46 66.0
10 58 67.0
10 60 42.0
10 66 30.0
10 72 67.0
10 86 13.0
10 89 78.0
10 144 45.0
10 145 62.0
10 156 2.0
10 158 94.0
11 13 44.0
11 26 26.0
11 69 69.0
11 123 6.0
11 151 93.0
11 152 35.0
11 173 9.0
11 179 55.0
11 82 33.0
11 119 78.0
11 122 47.0
11 138 25.0
11 160 8.0
12 4 84.0
12 8 55.0
12 24 96.0
12 47 71.0
12 68 71.0
12 70 67.0
12 136 48.0
12 174 13.0
12 181 99.0
12 194 44.0
12 195 76.0
13 26 12.0
13 32 16.0
13 69 18.0
13 123 16.0
13 151 93.0
13 152 12.0
13 173 90.0
13 179 54.0
13 11 92.0
13 82 86.0
13 119 15.0
13 122 16.0
13 138 25.0
13 160 19.0
14 37 56.0
14 66 31.0
14 83 68.0
14 86 30.0
14 87 84.0
14 97 85.0
14 127 21.0
14 139 42.0
14 145 44.0
14 154 90.0
14 155 37.0
14 182 3.0
14 190 60.0
15 100 1.0
15 55 72.0
15 21 28.0
15 68 99.0
15 150 59.0
15 181 69.0
15 184 13.0
15 195 75.0
15 43 54.0
15 98 85.0
15 135 6.0
15 199 83.0
16 2 97.0
16 10 41.0
16 26 31.0
16 38 15.0
16 39 83.0
16 44 60.0
16 46 65.0
16 58 8.0
16 60 1.0
16 72 46.0
16 86 28.0
16 89 41.0
16 137 11.0
16 140 66.0
16 144 19.0
16 151 49.0
16 156 73.0
16 158 35.0
16 173 20.0
16 182 7.0
17 2 82.0
17 9 1.0
17 10 60.0
17 18 86.0
17 44 97.0
17 46 88.0
17 58 34.0
17 66 25.0
17 72 40.0
17 78 37.0
17 86 29.0
17 91 17.0
17 145 16.0
17 156 56.0
18 9 45.0
18 17 63.0
18 66 62.0
18 86 3.0
18 97 49.0
18 145 51.0
18 156 90.0
19 52 83.0
19 103 30.0
19 106 70.0
19 128 37.0
19 162 38.0
19 163 5.0
19 169 12.0
19 7 22.0
19 25 27.0
19 30 40.0
19 62 66.0
19 92 72.0
19 95 35.0
19 98 56.0
19 111 44.0
19 116 31.0
19 124 42.0
19 125 94.0
19 170 38.0
19 175 61.0
19 185 49.0
19 199 28.0
20 36 48.0
20 56 33.0
20 93 53.0
20 178 44.0
20 102 36.0
20 130 35.0
20 168 30.0
21 100 6.0
21 157 91.0
21 55 75.0
21 15 83.0
21 24 55.0
21 68 62.0
21 73 89.0
21 118 26.0
21 136 33.0
21 150 24.0
21 181 91.0
21 184 87.0
21 195 14.0
21 98 85.0
21 135 63.0
21 199 54.0
22 29 99.0
22 36 54.0
22 59 15.0
22 75 1.0
22 93 49.0
22 106 25.0
22 161 2.0
22 167 35.0
22 193 42.0
23 5 27.0
23 6 46.0
23 38 21.0
23 44 35.0
23 46 6.0
23 67 36.0
23 77 29.0
23 85 22.0
23 91 11.0
23 100 70.0
23 140 74.0
23 157 8.0
23 165 59.0
23 180 61.0
23 188 51.0
23 51 42.0
23 73 9.0
23 150 63.0
24 1 34.0
24 4 6.0
24 12 23.0
24 21 92.0
24 47 17.0
24 48 11.0
24 68 27.0
24 73 32.0
24 118 84.0
24 136 37.0
24 149 71.0
24 181 35.0
24 184 62.0
24 194 71.0
24 195 72.0
25 52 91.0
25 55 72.0
25 103 16.0
25 106 81.0
25 128 94.0
25 162 48.0
25 163 58.0
25 169 69.0
25 7 59.0
25 19 61.0
25 30 25.0
25 49 4.0
25 62 9.0
25 95 24.0
25 98 43.0
25 111 15.0
25 116 26.0
25 124 92.0
25 125 99.0
25 135 4.0
25 170 97.0
25 175 28.0
25 185 78.0
25 199 1.0
26 13 27.0
26 16 31.0
26 32 38.0
26 38 96.0
26 39 35.0
26 60 31.0
26 69 68.0
26 85 90.0
26 89 34.0
26 123 21.0
26 137 86.0
26 140 73.0
26 144 1.0
26 151 72.0
26 152 97.0
26 158 18.0
26 165 36.0
26 173 9.0
26 179 50.0
26 11 10.0
26 160 79.0
27 50 33.0
27 63 28.0
27 64 39.0
27 84 76.0
27 96 89.0
27 101 24.0
27 105 95.0
27 108 96.0
27 109 31.0
27 126 20.0
27 142 74.0
27 147 63.0
27 172 85.0
27 183 58.0
27 186 34.0
27 189 10.0
28 76 68.0
28 112 45.0
28 113 12.0
28 177 86.0
28 191 82.0
29 22 94.0
29 59 82.0
29 74 4.0
29 75 34.0
29 120 12.0
29 161 43.0
29 166 81.0
29 167 53.0
29 171 32.0
29 176 59.0
29 193 63.0
30 106 49.0
30 128 94.0
30 162 80.0
30 163 50.0
30 169 60.0
30 7 12.0
30 19 13.0
30 25 98.0
30 62 27.0
30 92 60.0
30 95 64.0
30 104 13.0
30 111 29.0
30 116 45.0
30 124 42.0
30 125 70.0
30 142 53.0
30 170 20.0
30 175 47.0
30 185 45.0
31 43 98.0
31 49 4.0
31 81 18.0
31 95 29.0
31 109 36.0
31 114 55.0
31 141 35.0
32 13 57.0
32 26 27.0
32 89 47.0
32 123 23.0
32 137 63.0
32 151 70.0
32 152 94.0
32 155 15.0
32 173 74.0
32 179 92.0
32 182 77.0
33 40 42.0
33 45 32.0
33 54 12.0
33 65 41.0
33 94 83.0
33 131 56.0
33 198 14.0
34 4 18.0
34 8 42.0
34 80 17.0
34 88 61.0
34 35 77.0
34 114 80.0
34 134 61.0
34 164 89.0
35 34 80.0
35 88 32.0
35 53 22.0
35 114 8.0
35 134 91.0
35 164 81.0
36 20 27.0
36 22 21.0
36 40 52.0
36 56 8.0
36 59 99.0
36 75 70.0
36 93 17.0
36 178 86.0
37 14 44.0
37 66 83.0
37 72 24.0
37 83 95.0
37 86 98.0
37 87 43.0
37 97 57.0
37 127 47.0
37 139 29.0
37 145 40.0
37 154 36.0
37 155 68.0
37 190 46.0
38 2 41.0
38 5 57.0
38 10 80.0
38 16 27.0
38 23 30.0
38 26 19.0
38 39 91.0
38 44 14.0
38 46 87.0
38 58 35.0
38 60 83.0
38 67 8.0
38 69 67.0
38 72 52.0
38 85 25.0
38 86 34.0
38 89 94.0
38 140 82.0
38 144 44.0
38 151 29.0
38 156 33.0
38 158 68.0
38 165 88.0
38 173 60.0
38 180 37.0
38 188 10.0
39 2 4.0
39 5 71.0
39 16 46.0
39 26 77.0
39 38 57.0
39 44 94.0
39 46 10.0
39 58 70.0
39 60 32.0
39 67 92.0
39 69 49.0
39 72 76.0
39 85 60.0
39 89 22.0
39 137 20.0
39 140 20.0
39 144 1.0
39 151 37.0
39 158 43.0
39 165 3.0
39 173 89.0
39 188 19.0
40 33 63.0
40 36 77.0
40 54 78.0
40 94 95.0
41 9 57.0
41 57 3.0
41 78 42.0
41 143 42.0
41 153 78.0
41 187 90.0
41 107 91.0
41 146 17.0
42 120 31.0
42 121 53.0
42 133 58.0
42 159 99.0
42 171 75.0
42 197 37.0
43 15 5.0
43 68 9.0
43 181 56.0
43 184 46.0
43 195 23.0
43 31 61.0
43 49 90.0
43 81 97.0
43 95 18.0
43 98 72.0
43 135 4.0
43 141 30.0
43 199 39.0
44 2 72.0
44 5 11.0
44 10 96.0
44 16 5.0
44 17 68.0
44 23 22.0
44 38 68.0
44 39 9.0
44 46 64.0
44 58 65.0
44 60 92.0
44 67 17.0
44 72 4.0
44 86 95.0
44 91 45.0
44 140 60.0
44 144 86.0
44 156 86.0
44 158 52.0
44 180 33.0
44 188 90.0
45 33 92.0
45 54 45.0
45 65 15.0
45 74 96.0
45 94 76.0
45 117 59.0
45 131 40.0
45 171 14.0
45 198 40.0
46 2 84.0
46 6 81.0
46 10 79.0
46 16 41.0
46 17 31.0
46 23 59.0
46 38 1.0
46 39 13.0
46 44 63.0
46 58 27.0
46 60 98.0
46 67 74.0
46 72 39.0
46 86 60.0
46 91 4.0
46 140 19.0
46 144 64.0
46 156 57.0
46 158 81.0
46 180 3.0
46 188 72.0
47 4 34.0
47 8 9.0
47 12 8.0
47 24 35.0
47 70 96.0
47 79 3.0
47 99 28.0
47 136 76.0
47 174 9.0
47 194 47.0
47 195 62.0
48 1 11.0
48 24 66.0
48 79 17.0
48 82 20.0
48 90 58.0
48 110 23.0
48 119 85.0
48 122 19.0
48 136 70.0
48 148 99.0
48 149 48.0
48 177 53.0
48 192 43.0
48 194 9.0
49 7 87.0
49 25 42.0
49 31 37.0
49 43 28.0
49 62 47.0
49 81 94.0
49 95 32.0
49 98 42.0
49 109 4.0
49 124 59.0
49 141 60.0
49 170 37.0
49 199 63.0
50 27 70.0
50 63 75.0
50 96 44.0
50 105 22.0
50 108 4.0
50 126 46.0
50 129 79.0
50 186 2.0
50 189 78.0
50 196 76.0
51 6 71.0
51 23 73.0
51 77 46.0
51 157 16.0
51 180 92.0
51 52 58.0
51 55 39.0
51 61 92.0
51 71 12.0
51 103 6.0
51 200 99.0
52 51 19.0
52 55 46.0
52 71 50.0
52 103 66.0
52 106 80.0
52 128 68.0
52 162 32.0
52 163 38.0
52 166 21.0
52 169 31.0
52 200 89.0
52 19 33.0
52 25 31.0
52 175 17.0
52 185 42.0
53 35 57.0
53 81 44.0
53 96 66.0
53 109 68.0
53 114 54.0
53 164 56.0
54 33 51.0
54 40 38.0
54 45 58.0
54 65 44.0
54 74 64.0
54 94 41.0
54 117 93.0
54 131 53.0
54 198 57.0
55 6 98.0
55 100 55.0
55 157 26.0
55 51 14.0
55 52 43.0
55 103 1.0
55 162 50.0
55 163 90.0
55 15 23.0
55 21 21.0
55 150 59.0
55 184 42.0
55 25 63.0
55 98 7.0
55 135 84.0
55 185 37.0
55 199 94.0
56 20 28.0
56 36 27.0
56 93 74.0
56 178 67.0
56 3 45.0
56 102 10.0
56 130 73.0
56 168 43.0
57 9 40.0
57 41 26.0
57 78 20.0
57 143 39.0
57 153 77.0
57 187 8.0
57 107 81.0
57 146 31.0
58 2 76.0
58 10 1.0
58 16 20.0
58 17 80.0
58 38 35.0
58 39 39.0
58 44 65.0
58 46 79.0
58 60 46.0
58 72 80.0
58 86 59.0
58 89 6.0
58 140 18.0
58 144 95.0
58 145 75.0
58 156 88.0
58 158 17.0
59 22 54.0
59 29 31.0
59 36 92.0
59 75 2.0
59 93 3.0
59 106 46.0
59 161 52.0
59 167 82.0
59 193 87.0
60 2 86.0
60 5 1.0
60 10 36.0
60 16 7.0
60 26 99.0
60 38 54.0
60 39 27.0
60 44 95.0
60 46 24.0
60 58 56.0
60 69 56.0
60 72 33.0
60 85 60.0
60 89 83.0
60 137 13.0
60 140 95.0
60 144 95.0
60 151 69.0
60 158 36.0
60 165 6.0
60 173 3.0
60 188 34.0
61 77 32.0
61 91 21.0
61 143 31.0
61 153 28.0
61 51 30.0
61 71 74.0
61 107 18.0
61 146 57.0
61 166 99.0
61 176 64.0
62 162 15.0
62 7 89.0
62 19 18.0
62 25 57.0
62 30 58.0
62 49 85.0
62 64 87.0
62 92 81.0
62 95 66.0
62 104 65.0
62 111 28.0
62 116 37.0
62 124 22.0
62 125 46.0
62 142 8.0
62 147 85.0
62 170 99.0
62 172 61.0
62 175 99.0
62 183 39.0
62 185 62.0
63 27 35.0
63 50 12.0
63 64 86.0
63 81 64.0
63 96 25.0
63 108 34.0
63 109 88.0
63 126 50.0
63 142 27.0
63 147 65.0
63 172 81.0
63 189 9.0
64 27 15.0
64 62 19.0
64 63 30.0
64 84 19.0
64 101 21.0
64 104 99.0
64 105 91.0
64 109 98.0
64 111 90.0
64 116 32.0
64 126 46.0
64 142 57.0
64 147 66.0
64 172 57.0
64 183 95.0
64 189 93.0
65 33 83.0
65 45 74.0
65 54 19.0
65 94 60.0
65 117 15.0
65 131 91.0
65 198 19.0
66 2 62.0
66 10 3.0
66 14 70.0
66 17 15.0
66 18 26.0
66 37 90.0
66 72 76.0
66 83 59.0
66 86 77.0
66 97 89.0
66 127 42.0
66 139 87.0
66 145 61.0
66 154 71.0
66 156 34.0
66 190 72.0
67 5 45.0
67 6 18.0
67 23 46.0
67 38 29.0
67 39 50.0
67 44 27.0
67 46 2.0
67 77 53.0
67 85 43.0
67 91 3.0
67 100 28.0
67 140 15.0
67 157 84.0
67 165 59.0
67 180 80.0
67 188 69.0
67 73 63.0
67 150 71.0
68 100 36.0
68 12 28.0
68 15 64.0
68 21 36.0
68 24 42.0
68 73 41.0
68 118 12.0
68 136 8.0
68 150 96.0
68 181 49.0
68 184 17.0
68 194 17.0
68 195 89.0
68 43 77.0
68 135 86.0
69 5 70.0
69 13 41.0
69 26 46.0
69 38 95.0
69 39 6.0
69 60 97.0
69 85 8.0
69 140 40.0
69 165 44.0
69 173 38.0
69 179 14.0
69 11 47.0
69 73 89.0
69 82 69.0
69 118 70.0
69 119 15.0
69 149 85.0
69 160 79.0
70 4 34.0
70 8 74.0
70 12 42.0
70 47 95.0
70 79 51.0
70 99 87.0
70 112 56.0
70 115 10.0
70 132 68.0
70 174 22.0
70 177 94.0
70 191 9.0
70 194 76.0
71 51 65.0
71 52 75.0
71 61 99.0
71 75 88.0
71 106 60.0
71 120 19.0
71 128 41.0
71 161 1.0
71 166 24.0
71 167 12.0
71 169 17.0
71 176 13.0
71 193 52.0
71 200 62.0
72 2 62.0
72 10 60.0
72 16 91.0
72 17 14.0
72 37 33.0
72 38 22.0
72 39 29.0
72 44 29.0
72 46 36.0
72 58 71.0
72 60 93.0
72 66 41.0
72 86 68.0
72 89 43.0
72 137 97.0
72 139 10.0
72 144 22.0
72 145 88.0
72 156 24.0
72 158 46.0
72 182 69.0
72 190 38.0
73 5 72.0
73 23 87.0
73 67 22.0
73 69 55.0
73 85 20.0
73 100 30.0
73 157 69.0
73 165 44.0
73 21 91.0
73 24 88.0
73 68 36.0
73 82 31.0
73 118 42.0
73 119 45.0
73 149 76.0
73 150 42.0
73 184 63.0
74 29 40.0
74 45 87.0
74 54 47.0
74 94 80.0
74 120 46.0
74 131 88.0
74 133 47.0
74 159 58.0
74 171 65.0
74 193 22.0
74 197 46.0
74 198 60.0
75 22 1.0
75 29 33.0
75 36 61.0
75 59 31.0
75 71 25.0
75 161 97.0
75 166 97.0
75 167 3.0
75 176 13.0
75 193 69.0
76 28 15.0
76 110 59.0
76 112 79.0
76 113 21.0
76 148 2.0
76 177 59.0
76 191 10.0
77 6 19.0
77 23 4.0
77 67 2.0
77 91 40.0
77 157 90.0
77 180 18.0
77 188 44.0
77 51 15.0
77 61 5.0
78 9 91.0
78 17 39.0
78 41 27.0
78 57 52.0
78 143 79.0
78 153 15.0
78 187 96.0
78 107 6.0
78 146 21.0
79 8 46.0
79 47 57.0
79 48 93.0
79 70 95.0
79 99 87.0
79 112 59.0
79 115 64.0
79 132 82.0
79 174 95.0
79 177 24.0
79 191 7.0
79 192 18.0
80 4 80.0
80 8 32.0
80 34 12.0
80 88 9.0
80 99 2.0
80 174 47.0
80 134 13.0
81 31 70.0
81 43 23.0
81 49 56.0
81 53 85.0
81 63 2.0
81 109 53.0
81 114 2.0
81 141 33.0
82 13 31.0
82 69 73.0
82 85 90.0
82 179 58.0
82 1 17.0
82 11 95.0
82 48 57.0
82 73 32.0
82 118 24.0
82 119 43.0
82 122 69.0
82 149 7.0
82 160 46.0
83 14 58.0
83 37 78.0
83 66 76.0
83 87 74.0
83 97 4.0
83 127 1.0
83 139 84.0
83 145 95.0
83 154 36.0
83 190 85.0
84 178 90.0
84 3 20.0
84 27 27.0
84 64 75.0
84 101 77.0
84 102 33.0
84 104 74.0
84 105 54.0
84 111 99.0
84 116 85.0
84 130 8.0
84 142 32.0
84 147 66.0
84 168 47.0
84 172 17.0
84 183 17.0
85 5 78.0
85 23 64.0
85 26 35.0
85 38 93.0
85 39 4.0
85 60 70.0
85 67 10.0
85 69 94.0
85 140 62.0
85 165 64.0
85 173 35.0
85 179 76.0
85 188 99.0
85 73 21.0
85 82 83.0
85 118 61.0
85 119 91.0
85 149 15.0
85 160 92.0
86 2 32.0
86 10 70.0
86 14 94.0
86 16 37.0
86 17 35.0
86 18 77.0
86 37 36.0
86 38 28.0
86 44 71.0
86 46 79.0
86 58 3.0
86 66 14.0
86 72 36.0
86 139 21.0
86 144 14.0
86 145 88.0
86 154 95.0
86 156 98.0
86 158 29.0
86 190 42.0
87 14 64.0
87 37 29.0
87 83 51.0
87 97 62.0
87 127 10.0
87 139 44.0
87 145 60.0
87 154 59.0
87 155 69.0
87 190 99.0
88 34 66.0
88 80 56.0
88 35 17.0
88 134 86.0
89 2 16.0
89 10 71.0
89 16 42.0
89 26 72.0
89 32 67.0
89 38 72.0
89 39 98.0
89 58 24.0
89 60 75.0
89 72 99.0
89 137 36.0
89 140 71.0
89 144 35.0
89 151 76.0
89 152 47.0
89 158 75.0
89 165 74.0
89 173 13.0
89 179 88.0
89 182 81.0
90 1 69.0
90 48 48.0
90 110 96.0
90 122 39.0
90 138 33.0
90 148 62.0
90 160 18.0
90 192 33.0
91 6 1.0
91 17 58.0
91 23 64.0
91 44 3.0
91 46 24.0
91 67 59.0
91 77 8.0
91 156 93.0
91 180 69.0
91 188 11.0
91 61 8.0
92 93 20.0
92 128 99.0
92 162 53.0
92 169 2.0
92 178 88.0
92 7 18.0
92 19 40.0
92 30 51.0
92 62 86.0
92 102 35.0
92 104 19.0
92 111 81.0
92 116 93.0
92 125 47.0
92 130 54.0
92 142 50.0
92 168 69.0
92 170 56.0
92 175 50.0
92 183 86.0
93 20 78.0
93 22 44.0
93 36 72.0
93 56 80.0
93 59 87.0
93 161 53.0
93 178 10.0
93 92 4.0
94 33 95.0
94 40 71.0
94 45 81.0
94 54 80.0
94 65 36.0
94 74 19.0
94 117 9.0
94 131 47.0
94 198 29.0
95 162 72.0
95 163 22.0
95 7 80.0
95 19 8.0
95 25 37.0
95 30 88.0
95 31 84.0
95 43 68.0
95 49 54.0
95 62 85.0
95 98 99.0
95 111 50.0
95 116 19.0
95 124 36.0
95 125 97.0
95 135 60.0
95 141 24.0
95 170 55.0
95 175 98.0
95 185 67.0
95 199 78.0
96 27 71.0
96 50 81.0
96 53 50.0
96 63 1.0
96 108 47.0
96 109 3.0
96 126 55.0
96 186 70.0
96 189 67.0
97 14 8.0
97 18 27.0
97 37 50.0
97 66 38.0
97 83 49.0
97 87 16.0
97 127 43.0
97 139 94.0
97 145 19.0
97 154 19.0
97 190 76.0
98 100 61.0
98 55 21.0
98 103 9.0
98 162 87.0
98 163 17.0
98 15 26.0
98 21 21.0
98 150 97.0
98 181 25.0
98 184 63.0
98 19 22.0
98 25 73.0
98 43 57.0
98 49 25.0
98 95 41.0
98 124 75.0
98 135 82.0
98 170 2.0
98 175 76.0
98 185 3.0
98 199 32.0
99 4 54.0
99 8 92.0
99 47 80.0
99 70 60.0
99 79 9.0
99 80 95.0
99 115 31.0
99 132 6.0
99 174 55.0
100 5 77.0
100 6 14.0
100 23 11.0
100 67 82.0
100 157 96.0
100 188 28.0
100 55 19.0
100 15 24.0
100 21 42.0
100 68 11.0
100 73 63.0
100 150 33.0
100 181 95.0
100 184 91.0
100 98 5.0
100 135 40.0
100 199 79.0
101 3 10.0
101 27 80.0
101 64 5.0
101 84 37.0
101 105 15.0
101 126 72.0
101 130 32.0
101 142 35.0
101 147 43.0
101 172 37.0
101 183 61.0
102 20 64.0
102 56 83.0
102 178 46.0
102 3 12.0
102 84 25.0
102 92 4.0
102 104 98.0
102 130 20.0
102 168 22.0
102 183 61.0
103 51 75.0
103 52 73.0
103 55 77.0
103 106 75.0
103 128 46.0
103 162 17.0
103 163 44.0
103 169 76.0
103 200 50.0
103 19 61.0
103 25 55.0
103 98 51.0
103 124 85.0
103 135 32.0
103 175 58.0
103 185 18.0
103 199 9.0
104 178 32.0
104 3 18.0
104 30 59.0
104 62 31.0
104 64 8.0
104 84 30.0
104 92 12.0
104 102 95.0
104 111 73.0
104 116 49.0
104 125 68.0
104 130 64.0
104 142 39.0
104 147 15.0
104 168 37.0
104 172 23.0
104 183 68.0
105 27 18.0
105 50 73.0
105 64 89.0
105 84 25.0
105 101 96.0
105 126 91.0
105 142 44.0
105 147 88.0
105 172 98.0
105 183 43.0
105 186 51.0
105 189 6.0
106 22 21.0
106 52 26.0
106 59 26.0
106 71 74.0
106 103 35.0
106 128 5.0
106 161 84.0
106 162 15.0
106 163 66.0
106 166 98.0
106 167 3.0
106 169 44.0
106 200 25.0
106 19 93.0
106 25 98.0
106 30 38.0
106 175 7.0
106 185 37.0
107 9 28.0
107 41 15.0
107 57 83.0
107 78 87.0
107 143 32.0
107 153 54.0
107 187 50.0
107 61 82.0
107 146 71.0
108 27 45.0
108 50 84.0
108 63 9.0
108 96 30.0
108 126 88.0
108 129 62.0
108 186 69.0
108 189 9.0
108 196 32.0
109 27 8.0
109 31 57.0
109 49 9.0
109 53 10.0
109 63 22.0
109 64 71.0
109 81 29.0
109 96 13.0
109 114 27.0
109 126 21.0
109 141 38.0
109 147 60.0
109 189 45.0
110 1 2.0
110 48 36.0
110 76 57.0
110 90 29.0
110 122 58.0
110 148 38.0
110 177 92.0
110 192 83.0
111 162 56.0
111 178 13.0
111 7 61.0
111 19 43.0
111 25 65.0
111 30 73.0
111 62 46.0
111 64 98.0
111 84 37.0
111 92 6.0
111 95 63.0
111 104 12.0
111 116 63.0
111 124 1.0
111 125 98.0
111 142 45.0
111 147 94.0
111 170 21.0
111 172 53.0
111 175 55.0
111 183 73.0
111 185 86.0
112 28 66.0
112 70 26.0
112 76 81.0
112 79 43.0
112 113 37.0
112 115 90.0
112 132 58.0
112 177 21.0
112 191 50.0
113 28 3.0
113 76 90.0
113 112 24.0
113 115 85.0
113 177 9.0
113 191 54.0
114 34 72.0
114 31 37.0
114 35 71.0
114 53 35.0
114 81 13.0
114 109 85.0
114 141 31.0
114 164 27.0
115 70 78.0
115 79 12.0
115 99 38.0
115 112 92.0
115 113 96.0
115 132 48.0
115 174 96.0
115 177 6.0
115 191 60.0
116 162 39.0
116 178 55.0
116 7 13.0
116 19 97.0
116 25 66.0
116 30 44.0
116 62 3.0
116 64 96.0
116 84 18.0
116 92 3.0
116 95 66.0
116 104 44.0
116 111 20.0
116 124 89.0
116 125 11.0
116 142 12.0
116 147 21.0
116 170 22.0
116 172 79.0
116 175 87.0
116 183 58.0
116 185 31.0
117 45 29.0
117 54 53.0
117 65 69.0
117 94 37.0
117 131 92.0
117 198 68.0
118 69 32.0
118 85 4.0
118 165 75.0
118 1 61.0
118 21 1.0
118 24 35.0
118 68 21.0
118 73 27.0
118 82 35.0
118 119 92.0
118 136 76.0
118 149 66.0
118 160 45.0
118 194 64.0
119 13 27.0
119 69 19.0
119 85 75.0
119 179 63.0
119 1 42.0
119 11 58.0
119 48 99.0
119 73 89.0
119 82 13.0
119 118 85.0
119 122 5.0
119 138 59.0
119 149 71.0
119 160 13.0
120 29 78.0
120 42 20.0
120 71 96.0
120 74 83.0
120 121 66.0
120 133 7.0
120 159 44.0
120 166 69.0
120 171 72.0
120 176 72.0
120 193 46.0
121 42 80.0
121 120 35.0
121 133 86.0
121 159 87.0
121 171 11.0
121 197 50.0
122 13 64.0
122 1 58.0
122 11 64.0
122 48 60.0
122 82 91.0
122 90 42.0
122 110 65.0
122 119 78.0
122 138 33.0
122 148 37.0
122 160 22.0
122 192 49.0
123 13 74.0
123 26 41.0
123 32 39.0
123 137 49.0
123 151 25.0
123 152 80.0
123 173 94.0
123 179 33.0
123 182 39.0
123 11 96.0
123 138 69.0
124 103 42.0
124 128 13.0
124 162 94.0
124 163 10.0
124 169 15.0
124 7 54.0
124 19 51.0
124 25 23.0
124 30 48.0
124 49 22.0
124 62 1.0
124 95 42.0
124 98 90.0
124 111 71.0
124 116 27.0
124 125 6.0
124 170 54.0
124 175 78.0
124 185 80.0
124 199 58.0
125 128 86.0
125 162 91.0
125 163 5.0
125 169 50.0
125 7 42.0
125 19 18.0
125 25 5.0
125 30 50.0
125 62 61.0
125 92 1.0
125 95 96.0
125 104 91.0
125 111 66.0
125 116 7.0
125 124 17.0
125 142 65.0
125 170 58.0
125 175 68.0
125 185 89.0
126 27 60.0
126 50 9.0
126 63 63.0
126 64 77.0
126 96 68.0
126 101 17.0
126 105 1.0
126 108 95.0
126 109 36.0
126 142 26.0
126 147 91.0
126 172 91.0
126 186 14.0
126 189 66.0
127 14 65.0
127 37 25.0
127 66 60.0
127 83 33.0
127 87 61.0
127 97 71.0
127 139 16.0
127 145 69.0
127 154 35.0
127 190 51.0
128 52 86.0
128 71 98.0
128 103 88.0
128 106 9.0
128 161 21.0
128 162 90.0
128 163 36.0
128 166 64.0
128 167 19.0
128 169 40.0
128 200 16.0
128 19 56.0
128 25 41.0
128 30 95.0
128 92 72.0
128 124 18.0
128 125 76.0
128 170 37.0
128 175 79.0
128 185 44.0
129 50 5.0
129 108 17.0
129 186 82.0
129 196 2.0
130 20 75.0
130 56 10.0
130 178 20.0
130 3 84.0
130 84 12.0
130 92 42.0
130 101 42.0
130 102 17.0
130 104 21.0
130 168 35.0
130 183 87.0
131 33 36.0
131 45 22.0
131 54 99.0
131 65 10.0
131 74 33.0
131 94 40.0
131 117 89.0
131 171 18.0
131 198 31.0
132 8 98.0
132 70 61.0
132 79 96.0
132 99 42.0
132 112 18.0
132 115 32.0
132 174 5.0
133 42 84.0
133 74 2.0
133 120 78.0
133 121 94.0
133 159 41.0
133 171 4.0
133 176 88.0
133 197 96.0
134 34 52.0
134 80 88.0
134 88 21.0
134 35 4.0
134 164 20.0
135 100 95.0
135 55 93.0
135 103 67.0
135 163 89.0
135 15 62.0
135 21 95.0
135 68 28.0
135 150 25.0
135 181 35.0
135 184 78.0
135 25 68.0
135 43 27.0
135 95 98.0
135 98 45.0
135 185 45.0
135 199 34.0
136 1 59.0
136 4 49.0
136 12 44.0
136 21 91.0
136 24 21.0
136 47 73.0
136 48 68.0
136 68 49.0
136 118 96.0
136 149 62.0
136 181 76.0
136 184 5.0
136 194 13.0
136 195 34.0
137 16 46.0
137 26 4.0
137 32 95.0
137 39 9.0
137 60 82.0
137 72 58.0
137 89 82.0
137 123 86.0
137 144 75.0
137 151 48.0
137 152 38.0
137 155 61.0
137 158 87.0
137 173 40.0
137 182 23.0
138 13 7.0
138 123 18.0
138 152 35.0
138 179 66.0
138 11 30.0
138 90 53.0
138 119 66.0
138 122 33.0
138 160 95.0
139 14 55.0
139 37 44.0
139 66 16.0
139 72 64.0
139 83 12.0
139 86 40.0
139 87 90.0
139 97 35.0
139 127 20.0
139 145 7.0
139 154 61.0
139 190 63.0
140 5 63.0
140 16 34.0
140 23 94.0
140 26 80.0
140 38 74.0
140 39 19.0
140 44 85.0
140 46 98.0
140 58 11.0
140 60 87.0
140 67 11.0
140 69 90.0
140 85 41.0
140 89 51.0
140 144 49.0
140 151 57.0
140 158 65.0
140 165 47.0
140 173 1.0
140 180 27.0
140 188 99.0
141 31 4.0
141 43 22.0
141 49 63.0
141 81 27.0
141 95 91.0
141 109 7.0
141 114 81.0
142 7 6.0
142 27 56.0
142 30 79.0
142 62 34.0
142 63 29.0
142 64 36.0
142 84 28.0
142 92 17.0
142 101 96.0
142 104 18.0
142 105 14.0
142 111 73.0
142 116 7.0
142 125 96.0
142 126 13.0
142 147 15.0
142 172 85.0
142 183 63.0
143 9 80.0
143 41 20.0
143 57 18.0
143 78 48.0
143 153 42.0
143 187 76.0
143 61 61.0
143 107 29.0
143 146 86.0
144 2 84.0
144 5 44.0
144 10 30.0
144 16 95.0
144 26 30.0
144 38 49.0
144 39 93.0
144 44 12.0
144 46 65.0
144 58 22.0
144 60 65.0
144 72 9.0
144 86 18.0
144 89 3.0
144 137 65.0
144 140 92.0
144 151 16.0
144 156 14.0
144 158 9.0
144 165 69.0
144 173 77.0
144 188 11.0
145 2 62.0
145 10 20.0
145 14 97.0
145 17 98.0
145 18 24.0
145 37 16.0
145 58 47.0
145 66 66.0
145 72 40.0
145 83 38.0
145 86 53.0
145 87 36.0
145 97 76.0
145 127 34.0
145 139 55.0
145 154 18.0
145 156 24.0
145 190 36.0
146 9 75.0
146 41 66.0
146 57 77.0
146 78 57.0
146 143 65.0
146 153 4.0
146 187 33.0
146 61 73.0
146 107 61.0
147 7 13.0
147 27 13.0
147 62 21.0
147 63 92.0
147 64 36.0
147 84 10.0
147 101 80.0
147 104 75.0
147 105 14.0
147 109 58.0
147 111 33.0
147 116 27.0
147 126 83.0
147 142 89.0
147 172 21.0
147 183 61.0
148 1 11.0
148 48 54.0
148 76 57.0
148 90 1.0
148 110 80.0
148 122 88.0
148 177 18.0
148 192 76.0
149 69 55.0
149 85 87.0
149 1 10.0
149 24 5.0
149 48 51.0
149 73 68.0
149 82 68.0
149 118 32.0
149 119 14.0
149 136 6.0
149 160 34.0
149 194 52.0
150 5 33.0
150 6 25.0
150 23 7.0
150 67 79.0
150 100 94.0
150 157 78.0
150 188 94.0
150 55 4.0
150 15 26.0
150 21 9.0
150 68 90.0
150 73 63.0
150 181 12.0
150 184 54.0
150 98 3.0
150 135 48.0
150 199 16.0
151 13 62.0
151 16 9.0
151 26 24.0
151 32 58.0
151 38 93.0
151 39 71.0
151 60 78.0
151 89 50.0
151 123 50.0
151 137 51.0
151 140 42.0
151 144 73.0
151 152 73.0
151 158 60.0
151 173 3.0
151 179 47.0
151 182 96.0
151 11 86.0
152 13 41.0
152 26 13.0
152 32 93.0
152 89 53.0
152 123 7.0
152 137 74.0
152 151 70.0
152 173 23.0
152 179 92.0
152 182 46.0
152 11 33.0
152 138 79.0
153 9 17.0
153 41 47.0
153 57 80.0
153 78 65.0
153 143 97.0
153 187 61.0
153 61 33.0
153 107 89.0
153 146 68.0
154 14 97.0
154 37 70.0
154 66 87.0
154 83 34.0
154 86 39.0
154 87 97.0
154 97 15.0
154 127 65.0
154 139 40.0
154 145 17.0
154 155 83.0
154 190 85.0
155 14 30.0
155 32 59.0
155 37 97.0
155 87 70.0
155 137 33.0
155 154 84.0
155 182 60.0
155 190 9.0
156 2 41.0
156 10 33.0
156 16 60.0
156 17 83.0
156 18 94.0
156 38 84.0
156 44 98.0
156 46 95.0
156 58 22.0
156 66 54.0
156 72 50.0
156 86 84.0
156 91 44.0
156 144 37.0
156 145 86.0
156 158 26.0
157 5 13.0
157 6 92.0
157 23 83.0
157 67 61.0
157 77 63.0
157 100 45.0
157 165 94.0
157 180 41.0
157 188 72.0
157 51 70.0
157 55 70.0
157 21 30.0
157 73 98.0
157 150 16.0
158 2 70.0
158 10 65.0
158 16 21.0
158 26 27.0
158 38 2.0
158 39 31.0
158 44 61.0
158 46 95.0
158 58 40.0
158 60 61.0
158 72 59.0
158 86 22.0
158 89 7.0
158 137 64.0
158 140 86.0
158 144 6.0
158 151 73.0
158 156 2.0
158 165 43.0
158 173 58.0
158 182 49.0
159 42 75.0
159 74 48.0
159 120 91.0
159 121 38.0
159 133 78.0
159 171 28.0
159 197 67.0
160 13 98.0
160 26 29.0
160 69 66.0
160 85 24.0
160 173 40.0
160 179 99.0
160 1 14.0
160 11 88.0
160 82 80.0
160 90 18.0
160 118 39.0
160 119 15.0
160 122 42.0
160 138 35.0
160 149 60.0
161 22 41.0
161 29 27.0
161 59 96.0
161 71 75.0
161 75 31.0
161 93 99.0
161 106 13.0
161 128 43.0
161 166 66.0
161 167 55.0
161 169 41.0
161 176 28.0
161 193 27.0
161 200 57.0
162 52 76.0
162 55 66.0
162 103 82.0
162 106 58.0
162 128 69.0
162 163 55.0
162 169 31.0
162 200 91.0
162 7 59.0
162 19 76.0
162 25 88.0
162 30 71.0
162 62 79.0
162 92 40.0
162 95 46.0
162 98 99.0
162 111 28.0
162 116 17.0
162 124 11.0
162 125 66.0
162 170 83.0
162 175 58.0
162 185 51.0
162 199 66.0
163 52 9.0
163 55 29.0
163 103 66.0
163 106 79.0
163 128 48.0
163 162 84.0
163 169 24.0
163 200 56.0
163 7 5.0
163 19 92.0
163 25 1.0
163 30 60.0
163 95 69.0
163 98 57.0
163 124 16.0
163 125 17.0
163 135 39.0
163 170 52.0
163 175 16.0
163 185 33.0
163 199 44.0
164 34 53.0
164 35 44.0
164 53 92.0
164 114 21.0
164 134 85.0
165 5 99.0
165 23 71.0
165 26 11.0
165 38 41.0
165 39 89.0
165 60 76.0
165 67 98.0
165 69 89.0
165 85 22.0
165 89 39.0
165 140 77.0
165 144 12.0
165 157 14.0
165 158 59.0
165 173 36.0
165 180 12.0
165 188 50.0
165 73 64.0
165 118 59.0
166 29 14.0
166 52 28.0
166 61 48.0
166 71 52.0
166 75 49.0
166 106 21.0
166 120 29.0
166 128 84.0
166 161 31.0
166 167 87.0
166 169 58.0
166 176 92.0
166 193 73.0
166 200 49.0
167 22 98.0
167 29 55.0
167 59 77.0
167 71 85.0
167 75 12.0
167 106 26.0
167 128 76.0
167 161 63.0
167 166 29.0
167 169 62.0
167 176 17.0
167 193 73.0
167 200 93.0
168 20 90.0
168 56 35.0
168 178 15.0
168 3 13.0
168 84 95.0
168 92 18.0
168 102 34.0
168 104 45.0
168 130 27.0
168 183 41.0
169 52 87.0
169 71 68.0
169 103 90.0
169 106 88.0
169 128 78.0
169 161 90.0
169 162 66.0
169 163 49.0
169 166 95.0
169 167 67.0
169 200 13.0
169 19 79.0
169 25 46.0
169 30 38.0
169 92 78.0
169 124 20.0
169 125 75.0
169 170 68.0
169 175 71.0
169 185 37.0
170 128 35.0
170 162 98.0
170 163 91.0
170 169 95.0
170 7 75.0
170 19 96.0
170 25 1.0
170 30 37.0
170 49 81.0
170 62 11.0
170 92 21.0
170 95 1.0
170 98 26.0
170 111 76.0
170 116 60.0
170 124 43.0
170 125 66.0
170 175 58.0
170 185 87.0
170 199 74.0
171 29 29.0
171 42 32.0
171 45 49.0
171 74 59.0
171 120 33.0
171 121 29.0
171 131 22.0
171 133 73.0
171 159 2.0
171 197 85.0
171 198 16.0
172 27 81.0
172 62 27.0
172 63 58.0
172 64 56.0
172 84 1.0
172 101 73.0
172 104 35.0
172 105 29.0
172 111 68.0
172 116 92.0
172 126 30.0
172 142 66.0
172 147 52.0
172 183 97.0
173 13 89.0
173 16 30.0
173 26 68.0
173 32 94.0
173 38 51.0
173 39 23.0
173 60 68.0
173 69 64.0
173 85 85.0
173 89 80.0
173 123 91.0
173 137 60.0
173 140 24.0
173 144 50.0
173 151 75.0
173 152 81.0
173 158 26.0
173 165 88.0
173 179 8.0
173 11 30.0
173 160 61.0
174 4 7.0
174 8 5.0
174 12 95.0
174 47 96.0
174 70 58.0
174 79 11.0
174 80 81.0
174 99 35.0
174 115 42.0
174 132 46.0
175 52 58.0
175 103 65.0
175 106 13.0
175 128 76.0
175 162 78.0
175 163 52.0
175 169 86.0
175 7 92.0
175 19 42.0
175 25 78.0
175 30 76.0
175 62 99.0
175 92 27.0
175 95 98.0
175 98 71.0
175 111 44.0
175 116 4.0
175 124 76.0
175 125 22.0
175 170 9.0
175 185 62.0
175 199 85.0
176 29 9.0
176 61 1.0
176 71 97.0
176 75 28.0
176 120 8.0
176 133 67.0
176 161 96.0
176 166 98.0
176 167 64.0
176 193 72.0
176 200 25.0
177 28 36.0
177 48 79.0
177 70 23.0
177 76 96.0
177 79 35.0
177 110 86.0
177 112 59.0
177 113 62.0
177 115 69.0
177 148 88.0
177 191 74.0
177 192 72.0
178 20 71.0
178 36 13.0
178 56 92.0
178 93 90.0
178 84 26.0
178 92 68.0
178 102 39.0
178 104 96.0
178 111 4.0
178 116 36.0
178 130 53.0
178 168 33.0
178 183 20.0
179 13 73.0
179 26 71.0
179 32 87.0
179 69 43.0
179 85 3.0
179 89 80.0
179 123 78.0
179 151 68.0
179 152 46.0
179 173 45.0
179 11 21.0
179 82 81.0
179 119 6.0
179 138 65.0
179 160 29.0
180 5 4.0
180 6 99.0
180 23 4.0
180 38 54.0
180 44 32.0
180 46 53.0
180 67 72.0
180 77 8.0
180 91 45.0
180 140 18.0
180 157 54.0
180 165 91.0
180 188 19.0
180 51 52.0
181 100 35.0
181 12 26.0
181 15 94.0
181 21 96.0
181 24 36.0
181 68 98.0
181 136 85.0
181 150 32.0
181 184 38.0
181 194 78.0
181 195 60.0
181 43 4.0
181 98 11.0
181 135 61.0
181 199 32.0
182 14 96.0
182 16 58.0
182 32 29.0
182 72 8.0
182 89 8.0
182 123 45.0
182 137 56.0
182 151 89.0
182 152 77.0
182 155 37.0
182 158 95.0
182 190 88.0
183 178 22.0
183 3 84.0
183 27 53.0
183 62 24.0
183 64 30.0
183 84 10.0
183 92 52.0
183 101 14.0
183 102 57.0
183 104 34.0
183 105 82.0
183 111 1.0
183 116 94.0
183 130 9.0
183 142 10.0
183 147 59.0
183 168 60.0
183 172 10.0
184 100 42.0
184 55 51.0
184 15 9.0
184 21 14.0
184 24 35.0
184 68 14.0
184 73 26.0
184 136 10.0
184 150 14.0
184 181 55.0
184 195 58.0
184 43 36.0
184 98 28.0
184 135 31.0
184 199 65.0
185 52 25.0
185 55 21.0
185 103 85.0
185 106 85.0
185 128 24.0
185 162 61.0
185 163 21.0
185 169 83.0
185 7 91.0
185 19 47.0
185 25 9.0
185 30 94.0
185 62 54.0
185 95 53.0
185 98 3.0
185 111 18.0
185 116 51.0
185 124 97.0
185 125 33.0
185 135 39.0
185 170 54.0
185 175 30.0
185 199 13.0
186 27 13.0
186 50 74.0
186 96 73.0
186 105 40.0
186 108 64.0
186 126 29.0
186 129 92.0
186 189 17.0
186 196 38.0
187 9 61.0
187 41 81.0
187 57 49.0
187 78 40.0
187 143 29.0
187 153 11.0
187 107 95.0
187 146 98.0
188 5 22.0
188 6 22.0
188 23 93.0
188 38 22.0
188 39 70.0
188 44 84.0
188 46 91.0
188 60 63.0
188 67 4.0
188 77 98.0
188 85 11.0
188 91 8.0
188 100 76.0
188 140 61.0
188 144 26.0
188 157 20.0
188 165 23.0
188 180 67.0
188 150 84.0
189 27 88.0
189 50 30.0
189 63 3.0
189 64 47.0
189 96 56.0
189 105 9.0
189 108 1.0
189 109 77.0
189 126 11.0
189 186 35.0
189 196 30.0
190 14 49.0
190 37 84.0
190 66 70.0
190 72 45.0
190 83 42.0
190 86 89.0
190 87 30.0
190 97 86.0
190 127 74.0
190 139 93.0
190 145 48.0
190 154 98.0
190 155 14.0
190 182 55.0
191 28 16.0
191 70 15.0
191 76 4.0
191 79 79.0
191 112 8.0
191 113 24.0
191 115 13.0
191 177 8.0
192 1 71.0
192 48 29.0
192 79 79.0
192 90 85.0
192 110 84.0
192 122 88.0
192 148 6.0
192 177 19.0
193 22 75.0
193 29 13.0
193 59 30.0
193 71 70.0
193 74 93.0
193 75 89.0
193 120 8.0
193 161 6.0
193 166 73.0
193 167 3.0
193 176 75.0
194 1 64.0
194 4 62.0
194 8 8.0
194 12 31.0
194 24 69.0
194 47 34.0
194 48 20.0
194 68 51.0
194 70 99.0
194 118 39.0
194 136 91.0
194 149 7.0
194 181 61.0
194 195 96.0
195 4 52.0
195 12 61.0
195 15 12.0
195 21 2.0
195 24 80.0
195 47 28.0
195 68 31.0
195 136 12.0
195 181 28.0
195 184 61.0
195 194 50.0
195 43 59.0
196 50 97.0
196 108 2.0
196 129 69.0
196 186 2.0
196 189 5.0
197 42 31.0
197 74 58.0
197 121 25.0
197 133 91.0
197 159 12.0
197 171 37.0
198 33 21.0
198 45 71.0
198 54 77.0
198 65 96.0
198 74 98.0
198 94 1.0
198 117 9.0
198 131 60.0
198 171 78.0
199 100 56.0
199 55 84.0
199 103 16.0
199 162 88.0
199 163 53.0
199 15 2.0
199 21 22.0
199 150 53.0
199 181 62.0
199 184 6.0
199 19 24.0
199 25 71.0
199 43 52.0
199 49 8.0
199 95 84.0
199 98 17.0
199 124 84.0
199 135 59.0
199 170 84.0
199 175 50.0
199 185 96.0
200 51 83.0
200 52 15.0
200 71 39.0
200 103 85.0
200 106 69.0
200 128 44.0
200 161 76.0
200 162 36.0
200 163 53.0
200 166 15.0
200 167 56.0
200 169 26.0
200 176 67.0
