42.08936924175297 134.7677686109698 0.0
47.37120442019267 43.46144475054259 0.0
199.36106962503982 122.24097260307092 0.0
80.23708104686929 161.07418601873616 0.0
65.72052341797212 84.18337365452206 0.0
83.02322475708263 77.75140193997463 0.0
142.57813849089774 118.822897253499 0.0
73.33427467112068 171.7861493203712 0.0
79.50191433979852 18.67578226651514 0.0
48.28652655435881 43.113510547232245 0.0
21.982330785080805 101.45034482036522 0.0
80.56699319755099 148.158097476101 0.0
17.530236559142033 98.4369157044345 0.0
15.089234773571803 25.178577865080843 0.0
96.32480304301205 118.7982198098905 0.0
40.373259093903236 59.08991971245978 0.0
60.01137613030267 33.3698374265637 0.0
54.284342827030365 13.064388725810815 0.0
135.8819309433679 103.02569342316517 0.0
195.52377611718157 88.78267597867257 0.0
83.55354764153857 114.35877038257934 0.0
170.27205679983632 68.02670374115192 0.0
77.39326331427885 79.3726561884946 0.0
67.64296982908931 135.37620586606764 0.0
130.32033512572642 106.07476369518982 0.0
28.114901141576777 85.09122878429238 0.0
173.24992183405422 153.30741884372839 0.0
5.863363899713936 174.83326339071067 0.0
159.3248108192679 45.84827741747743 0.0
148.92667579153013 104.69778658696546 0.0
123.21479809193241 144.7569558577349 0.0
10.394488334089313 72.10152958415847 0.0
193.1460554950652 43.139883270086955 0.0
99.31662068697125 181.38794293124957 0.0
126.9556560403704 188.9509062589719 0.0
181.7876029280589 71.58468570904932 0.0
23.34923794744208 24.140354513268303 0.0
50.669995337605215 66.56734960148331 0.0
45.67256750029656 73.41058294694692 0.0
196.67746636074116 48.95381410780924 0.0
87.89064142982612 16.031445675929312 0.0
134.04636534072185 12.374043164896564 0.0
111.10074851770537 130.61428115043998 0.0
60.78239995735015 56.33040337850661 0.0
183.78869478528912 15.438514597299946 0.0
66.47676030673352 53.68392151322361 0.0
70.17021082197242 155.87007015305795 0.0
39.943913782575535 142.87215485067705 0.0
128.34246908645122 135.60631581557033 0.0
174.44106212491297 175.28473409144726 0.0
103.60332151624299 69.92738726219865 0.0
119.98711280583623 82.79290728828603 0.0
132.17872583705125 176.8291967352586 0.0
190.30677164771708 21.249725789553576 0.0
106.731692700853 95.85863751350337 0.0
196.18319103174747 92.84785146067695 0.0
97.40884195112297 14.666904908264877 0.0
47.510493352003394 53.542254032168366 0.0
170.81346882816126 69.74204805141892 0.0
43.09517620281904 71.31537386041447 0.0
104.17686594520042 50.477325777218795 0.0
150.2633173479639 116.88265166229009 0.0
153.1324260391715 154.6770775354955 0.0
165.5882732008593 140.50668183736073 0.0
198.87990389962235 18.797339844566995 0.0
43.56138614001872 16.90845994877872 0.0
74.15999747392299 77.66354755665445 0.0
81.78598216514847 124.8345628389395 0.0
47.342165620280994 96.10309626426621 0.0
59.28288362502292 168.65946971670425 0.0
130.06159857289256 58.875854527581325 0.0
38.75326643816535 46.47242555557776 0.0
66.2238174028205 105.48091417127058 0.0
164.15272032098395 22.41864873661461 0.0
158.82839169336128 52.86338283787859 0.0
11.688028313317833 170.63496821069884 0.0
95.94599120214069 61.740065532311064 0.0
85.35609717734629 23.940299494511507 0.0
48.315805943459566 171.20849114917831 0.0
87.4021513041843 182.51164116576615 0.0
128.4131577039716 151.49875365116753 0.0
39.58230987689257 116.09667300008948 0.0
24.47005437585654 6.173244774913167 0.0
182.87329389402552 127.88422374777812 0.0
52.81406856011108 92.7744204125264 0.0
41.27992084602039 38.974303778872475 0.0
8.023879507188504 24.86617810309564 0.0
99.64881120424853 199.45969290052548 0.0
32.78261088465826 68.60975451215232 0.0
15.904632571238375 135.451263393597 0.0
77.94278271623728 53.46029129924177 0.0
164.88287778187296 100.94973485945059 0.0
178.19975096062814 79.26555312897709 0.0
193.94110119734978 19.28667363639809 0.0
129.90301170032086 120.99363826347917 0.0
159.78827586153176 170.928019336891 0.0
24.91785511998397 7.511766073466286 0.0
111.47988244413538 112.75361862261862 0.0
68.08249448768197 182.28360726096372 0.0
86.28387908868989 98.49661274952098 0.0
185.68859901914394 141.54788231844725 0.0
193.1308635559455 110.8468252400045 0.0
118.54608210218763 89.48626759092191 0.0
172.6192558264778 112.79267232651526 0.0
185.57575774334651 150.0840192391982 0.0
143.0543092460196 79.09624075329343 0.0
102.50620046127419 31.831965669829398 0.0
168.7575367717638 178.36678123897107 0.0
145.1341311752984 154.11387297886537 0.0
19.89087385982744 142.01787254761106 0.0
157.7402989354258 113.06846789812128 0.0
32.297859244153756 178.46406807922884 0.0
24.635773381852122 189.9108112898536 0.0
121.3717777547072 169.23303222172808 0.0
46.44624830418411 186.14282921559604 0.0
155.71860290899988 118.2394246370284 0.0
192.62489519307826 7.778382006198603 0.0
54.39041220324437 116.28733262331379 0.0
37.81701146198384 114.6533130271145 0.0
135.72265330218428 29.938050237759505 0.0
132.08260425713036 1.086436541180258 0.0
16.31660211010486 127.20061430991123 0.0
3.615779841948563 80.60257567642721 0.0
135.46600179507547 112.07259337637565 0.0
147.48274594702352 110.12418477855152 0.0
163.33483406313343 155.7790919132405 0.0
15.03284973710799 7.983368134041435 0.0
140.45088111451983 84.62812040234711 0.0
186.02013308236312 195.30136138013376 0.0
191.58761195320585 112.72094010392244 0.0
179.10548662146803 21.7280023496317 0.0
58.86469290220231 192.3261417560862 0.0
136.29238462877618 24.228806467107656 0.0
106.90527301561985 195.54662304527508 0.0
102.98205016027917 111.55284536571813 0.0
67.14599944392836 137.97900150814283 0.0
17.71659130262475 67.20967497042113 0.0
8.903472721112804 108.38512593851348 0.0
24.311560956708412 20.22907225183932 0.0
51.558807740954606 77.96584431032628 0.0
123.96215490362424 145.67255525590178 0.0
165.22957749197587 128.64744470206998 0.0
96.04007262134408 25.810957347221077 0.0
46.55641954403702 61.86139547459375 0.0
33.680943307023355 28.07773665146911 0.0
101.73926456843579 27.61851473910706 0.0
163.89494825535203 137.35290953919392 0.0
20.716050190349655 148.24883534408653 0.0
51.816082605995085 117.82784836750587 0.0
84.38451286647751 101.99883201792768 0.0
24.838454107544372 73.64654447640532 0.0
11.025533077310158 78.74800814250302 0.0
94.77059539112042 27.714152651150712 0.0
18.594294583091873 23.427050237367418 0.0
4.771800788617986 44.50903073651886 0.0
56.30330516288482 42.290212193518826 0.0
82.71716642447919 85.42975489870692 0.0
41.92919460348874 63.01477600943501 0.0
143.7709151627213 4.153935792220231 0.0
30.53295903397064 111.67082212725549 0.0
152.33027896790045 64.68091968961396 0.0
135.791179549409 97.9248354004725 0.0
127.13522976179945 96.17585498882208 0.0
126.89355544231091 184.41098549516053 0.0
53.2219210665001 86.42781358070512 0.0
131.96981653876566 57.02421439159211 0.0
150.53069386672166 59.68006278833313 0.0
193.26705784546436 109.9596459004155 0.0
141.36223170692855 84.78587107477888 0.0
139.80616498586323 112.64299279326109 0.0
157.50827372913153 16.08843224037997 0.0
170.00398897496837 135.26718423906732 0.0
32.7661654520502 82.11907629000048 0.0
69.75557445720098 175.47046970444273 0.0
137.67918333092717 106.15285746449905 0.0
130.72869630119038 50.76184820261318 0.0
30.727609546470802 167.85636121451023 0.0
179.13069088826256 99.61973895640428 0.0
23.828123586124583 96.70746235709005 0.0
76.96539347223398 68.76028994943991 0.0
89.88205444637624 125.56242648379983 0.0
15.8058579826988 54.89198266705737 0.0
176.24574306980494 126.69083179766434 0.0
87.36624985745165 116.34342530921577 0.0
130.3791578907834 102.79419301581383 0.0
185.664217589422 173.271716013968 0.0
92.56160264924745 11.969502374079987 0.0
72.32279511071116 74.7288733328752 0.0
165.44639734498185 168.27413828727356 0.0
19.56871823075994 26.684255822249668 0.0
31.35884965136826 178.4939742333711 0.0
34.74186469036826 147.17124468659034 0.0
155.62511666059663 50.911804562334375 0.0
65.6383102452144 143.04660584234145 0.0
87.85190629330828 143.31849746914008 0.0
187.76734580051132 187.42148852853774 0.0
152.96016625339922 5.204665801849129 0.0
182.6105620499461 17.643095388878137 0.0
109.90840334226498 113.01586335968241 0.0
130.22897502240485 70.77658871859684 0.0
