17.913660172506308 74.43173782406606 0.0
136.18803671138053 117.07627747405004 0.0
100.2546091562305 98.32911592536759 0.0
173.0953565141489 94.24596612791079 0.0
145.96597013628337 163.21402254408943 0.0
64.05750794357556 141.6724043323311 0.0
100.71512794527955 163.23737731692108 0.0
74.24094188782571 183.17330145164485 0.0
79.75105317660629 141.13359839966967 0.0
79.39516603946414 78.80653739287247 0.0
182.67551474312026 191.0459789694826 0.0
32.9410911627207 152.88025236496114 0.0
77.8281768356954 182.23081931217467 0.0
75.0396129123382 199.11919308249867 0.0
8.09821090466636 184.60352874839373 0.0
50.39442254499302 162.79810402673175 0.0
113.92061150794144 191.34755657541325 0.0
98.61370821390267 192.0357793267715 0.0
169.4104926792577 54.31500006182222 0.0
134.27532484388053 149.07616087011172 0.0
184.03405161049088 74.70538189664249 0.0
43.41067688481248 177.26578703004253 0.0
34.91025830501595 24.51704799377079 0.0
88.94260660971747 130.56949303152172 0.0
163.78251741346 113.52332804182501 0.0
139.68306606142428 189.84939379321878 0.0
197.89492721805843 162.03350250563395 0.0
115.81656694441236 13.764656949342857 0.0
135.45309822910642 191.45641204389548 0.0
78.36576395780274 102.0326463878132 0.0
74.04475433389956 2.6922791718893446 0.0
80.9557888928073 84.92467176236629 0.0
154.3406570055352 76.63625866969824 0.0
49.264365612653705 195.25249653827257 0.0
41.59177667669345 101.58496356172704 0.0
156.8648885230545 27.73446533775772 0.0
73.88382275159731 9.094977811917504 0.0
25.740132392894832 45.513004052650174 0.0
168.8056819026019 182.8503410246411 0.0
195.56446547013476 154.72806708823074 0.0
99.1335234588923 94.35361114992035 0.0
77.92274818714917 35.43382837165534 0.0
23.327763838877182 14.763072857490922 0.0
39.95451338262803 190.77879866109214 0.0
188.08523246557309 53.956389662684124 0.0
146.482183255866 56.252398572069715 0.0
107.8843425017951 185.9088278639592 0.0
30.502540517208686 196.93367856409205 0.0
70.40631354819831 133.73203538134263 0.0
158.99088804286328 13.060908226535828 0.0
116.9107883830534 8.227065813566291 0.0
14.287648490163264 72.87334098457437 0.0
103.08956467064137 20.563341513942213 0.0
20.907560859770925 196.55945214001852 0.0
58.61741968929457 22.702762439657608 0.0
13.431800058893394 126.27867741627968 0.0
32.564317364094705 68.44634926656016 0.0
63.21376390223394 34.60648265738286 0.0
137.0286224307405 33.48829185503375 0.0
159.94957609676607 47.385464097392486 0.0
182.79629746542327 184.6202824776876 0.0
178.73459127621845 186.84793087459585 0.0
138.52626385815498 46.23676943568502 0.0
154.04760346044188 77.0082568898759 0.0
38.907513290822 176.54955689991255 0.0
129.1746947857187 195.70615405671774 0.0
117.42884600166819 136.42803379839702 0.0
152.9049822252499 6.314719746136932 0.0
45.84739634354131 10.539077399869502 0.0
154.90090245264693 157.01002032251958 0.0
25.13747130079618 123.46855751164398 0.0
46.96587163599772 96.63175630991701 0.0
91.64646510298371 82.76409371689229 0.0
69.50261184056548 123.54733213202864 0.0
177.3800149251251 176.34657692424508 0.0
130.77557069936594 57.5645616236188 0.0
194.78378318753457 53.49585636354162 0.0
71.16134663500372 4.820883245560315 0.0
104.08466369184359 126.62358620993754 0.0
25.39127809725006 71.70998286047359 0.0
165.19940942274124 45.30432989739983 0.0
152.86057659563306 176.28937006204788 0.0
176.4141014406529 114.5435560477988 0.0
159.3988569163859 104.24531350434079 0.0
58.4831125973194 56.01918279556251 0.0
43.467152080138696 61.374423693022706 0.0
55.49157974839185 44.041035447716666 0.0
165.5667307590927 185.67384880078305 0.0
92.77064827638029 87.23035735481855 0.0
61.715562033538696 199.51499411086886 0.0
57.350173215415666 172.42948671002728 0.0
0.16830676592800575 6.008423759756298 0.0
147.87874677472018 139.1094194774394 0.0
115.12629660733162 163.5503601782854 0.0
178.63635836828635 10.55098073608085 0.0
42.00406850636551 8.67419745856466 0.0
16.21016777409492 72.33296941382699 0.0
125.8894860493196 139.71298050630293 0.0
177.59932418928986 159.16861907013256 0.0
78.15463741074238 22.4119153562333 0.0
24.960001979758452 187.8893595155408 0.0
15.745187925571935 33.512496200690855 0.0
154.89709818304127 157.38285906315062 0.0
133.49603659667062 119.46292081852876 0.0
99.15448738333752 25.549944935657187 0.0
31.891466003169967 14.792051270269857 0.0
128.75086469825544 68.85300870115839 0.0
151.00841254979105 38.31713713396751 0.0
185.05363824649535 131.78613568172318 0.0
45.951556859275385 65.23826410870757 0.0
148.9786652131877 181.60516136601873 0.0
179.9094827847357 159.3053076113198 0.0
3.4488098311920456 197.91353109255436 0.0
108.03136738294373 141.6260411552864 0.0
144.4397366034174 47.20781173930331 0.0
178.64389491071947 71.31672248952931 0.0
152.38662067063308 19.24432318775251 0.0
187.89858284394722 18.07951399215748 0.0
148.42075607663276 135.09637692355446 0.0
189.7598501642455 17.923659155795878 0.0
28.850353916597427 176.02924251061174 0.0
85.31456462003588 120.63033419693623 0.0
196.4952115401865 27.827895284022162 0.0
93.7041216990488 161.19384039866307 0.0
88.93010607527587 186.97034765223032 0.0
141.55033960864287 117.35457591571597 0.0
41.38719141805558 133.04718817994404 0.0
198.56685198820102 51.4721208005807 0.0
16.013002852755687 136.08582329902 0.0
34.11796621270711 77.36951474802542 0.0
79.3708111928578 137.94563340881257 0.0
172.8072402569917 141.41265086248816 0.0
16.524662505430744 23.70811034317224 0.0
186.74840458303373 61.97151353729691 0.0
132.73649767386866 81.99392642978134 0.0
77.99147300906968 32.54280198057775 0.0
112.75316234148004 142.3965522697818 0.0
176.64729670627062 61.19627918802293 0.0
182.85549280795524 173.72998266000275 0.0
108.57410244177608 192.64004971372023 0.0
152.28680946809962 28.54587688983976 0.0
171.05977657034128 39.08270173165809 0.0
198.37367733496467 127.38326303273337 0.0
95.7541438567661 132.20312677391803 0.0
103.596886494012 190.47171402407324 0.0
75.1756250993288 100.92161277813432 0.0
53.06608355506428 45.116808731333926 0.0
82.43710133219876 78.29863870791958 0.0
57.29671947553763 63.75440413185045 0.0
123.40603165068251 45.7705896384273 0.0
177.88328840665457 120.66815254905907 0.0
126.33423895619205 34.06443433085107 0.0
2.6082224244753593 94.62238640698031 0.0
96.06313222547882 17.516197389338274 0.0
41.720962245036716 90.17046282422147 0.0
138.2302666546871 162.15095815266974 0.0
98.56723735387017 102.15634235846984 0.0
193.47370688401313 17.764763873490995 0.0
5.443766010571327 5.935047167490182 0.0
12.450768344232266 80.3818366251596 0.0
9.498867393282495 120.09543853236586 0.0
49.55813052153233 93.84309033652079 0.0
143.6949779747551 158.97659726288177 0.0
156.56057869573272 107.91496270317676 0.0
124.29411747928899 169.02684290262758 0.0
16.905966946965535 65.19021802642924 0.0
79.02293397447534 26.06231835048152 0.0
177.32434534259386 150.18531117635604 0.0
129.01901184062302 59.73979451216351 0.0
105.37935853399101 101.42161620417873 0.0
122.85565487228813 167.06624271606668 0.0
129.960579676852 160.91075075510167 0.0
52.38751619472981 178.52547092743742 0.0
6.275504529749343 115.3469163608486 0.0
67.85485691168944 48.40997659391362 0.0
187.72039879404954 169.44207791649325 0.0
153.6294621873503 55.20393159765982 0.0
84.07948906901726 184.2225655410079 0.0
26.18060694651556 18.37111871319945 0.0
38.82221255661591 111.73855190497517 0.0
72.28473493668382 164.65932058720932 0.0
67.83866704253386 62.52056380076154 0.0
158.1978703675067 110.04060436462917 0.0
167.7736402928988 153.25017228473772 0.0
109.45501211082697 62.66465892636466 0.0
24.189909100428288 99.49457972397045 0.0
186.15621817551852 197.71022364851126 0.0
28.111882789400177 41.98793224505841 0.0
160.04422152272275 6.777411539107403 0.0
44.070891587699215 124.82466415939915 0.0
37.37389781104741 82.47156927102859 0.0
163.593775978833 80.06332034795025 0.0
65.51906974631075 63.08711577970891 0.0
125.14675504443682 115.62183971101425 0.0
11.45758336338709 132.80764615865078 0.0
184.86682797747537 151.97829944903728 0.0
6.720804267764358 149.59631465139026 0.0
181.98332749855038 108.07379955523162 0.0
116.08900231850119 155.9584444510346 0.0
158.65246140408928 97.94703995135205 0.0
6.259515481905709 117.01602958470443 0.0
165.99817508893162 67.01296778536219 0.0
65.90969635440038 25.84164108713285 0.0
16.47268961819175 170.5306197316987 0.0
60.02219022151629 17.757047141368076 0.0
127.22074628227402 76.68817124833186 0.0
89.03519827972863 43.30974197567088 0.0
39.95152778609867 162.86598429055303 0.0
67.32581865928593 163.8982351496826 0.0
99.89285284996907 66.02119444543408 0.0
135.72985431213988 54.52493874318891 0.0
129.72234506078817 46.77038393549191 0.0
179.24672305675017 24.913193929709898 0.0
143.9407046944676 131.6294063674305 0.0
133.77350673694454 3.2328236676870015 0.0
14.972430471797239 9.00254727645249 0.0
34.65742957146849 65.93642086144067 0.0
124.34980278628814 171.89578895028637 0.0
185.05136598038774 42.71634258931514 0.0
10.656013083869386 23.96185701664568 0.0
3.5023395136448032 77.35030140469999 0.0
60.47391773187307 195.36757241313373 0.0
47.89825286536702 183.21112493579776 0.0
179.40697772812828 151.1067381435923 0.0
6.8433648012492965 196.47415101762812 0.0
127.30937329685605 116.76471030720137 0.0
99.7284760089589 100.56353042089931 0.0
5.182571998791641 195.3735557965449 0.0
133.2068659612304 72.13652422493435 0.0
40.76593542063096 103.87949639485169 0.0
24.482636888270925 181.9125917867556 0.0
135.6692787639752 18.877249306040955 0.0
120.76310659970753 72.91211810077264 0.0
8.965533497366597 188.648524895026 0.0
119.42253961713732 134.17713801408112 0.0
0.482166274877982 42.174947527786124 0.0
24.869468811418006 89.80447002616067 0.0
81.60003548320338 105.67828578342483 0.0
165.80552925261352 131.12937124839243 0.0
162.18895717712434 123.37383517998126 0.0
40.50870156583733 134.15566224684946 0.0
179.37939748209112 171.50558327267953 0.0
57.96945802552966 124.83607010754925 0.0
107.1900316510061 53.36447805338822 0.0
99.15341822803983 181.56438657352524 0.0
135.60135423570824 67.87412727537121 0.0
35.35954221929689 197.2487745751395 0.0
33.48563727683871 155.46091703638368 0.0
109.58814058369346 162.59351469502604 0.0
131.873990541431 42.30842190015942 0.0
12.028370185987992 77.72408789210718 0.0
42.361584927168174 127.72874627487654 0.0
162.2200831745132 51.04850509471204 0.0
160.02232277088964 89.26632611585086 0.0
148.1403167733056 2.2554610819619736 0.0
191.02462430588798 116.28241835411302 0.0
66.40997680368352 50.60782333311123 0.0
192.21029458807413 125.15143596564491 0.0
58.01156951716258 140.19761489347925 0.0
113.21877098542228 57.83302609491541 0.0
40.35416227047701 130.58669327593432 0.0
191.309287727319 20.466599391392528 0.0
99.2170889287136 64.26489476077172 0.0
164.8538843602794 179.76787388683627 0.0
23.049186138354692 11.615396263715327 0.0
143.54450275629853 2.38979798672454 0.0
37.29568587882064 189.58481936288544 0.0
101.67763872802892 196.042973411833 0.0
127.87019367076766 152.0133449050888 0.0
145.4504164826068 191.05362180226697 0.0
30.584504136120884 157.58803344618346 0.0
146.02225993169665 187.16981095361533 0.0
7.294304545346297 135.64023938704335 0.0
27.16655917034394 82.80962367586359 0.0
129.71413725527887 190.51593890271408 0.0
149.6571831856758 2.577606082889017 0.0
148.30029181267074 112.00550169172388 0.0
44.10487037934774 43.758792622068185 0.0
136.29565744077908 92.32727884282043 0.0
9.778925542994399 73.63230311540462 0.0
167.975769081818 189.4172762416126 0.0
19.01991682662736 126.82937761953086 0.0
115.33077813226018 21.78484583717657 0.0
145.1694314440491 175.59353748477577 0.0
28.86314232388676 131.9522355760287 0.0
166.51316998787712 175.68331772181767 0.0
105.87641452570158 13.503676983356794 0.0
89.55410284825913 126.79086760080767 0.0
143.5755744890625 161.02740060462253 0.0
82.00259256595612 28.73255602388771 0.0
24.4948712270447 72.74186971922143 0.0
109.19079474049273 63.30045622077234 0.0
188.21424764063016 112.35530493788741 0.0
27.18887608547631 86.5464591370965 0.0
6.020958505462248 119.71536464694816 0.0
1.7210217863898425 177.40354107820258 0.0
94.11810374627174 49.06369644908748 0.0
94.04941333749402 155.93158543227864 0.0
76.17722908995484 109.21787548359131 0.0
83.31463159645966 58.107844523970684 0.0
137.47740992481695 81.76101765077387 0.0
79.39146267238979 133.96509671946856 0.0
100.56860568405008 101.32726024793475 0.0
21.139147159709548 22.01325149341087 0.0
96.34227713472004 196.32897873969299 0.0
151.99555359226076 145.26300148951628 0.0
4.587679059134397 108.97957489428134 0.0
18.185106922373606 72.80296962924497 0.0
94.55750045417264 140.22337995664077 0.0
44.380505704290904 195.76453183673704 0.0
108.76185600410906 198.192021546558 0.0
107.4786095428456 177.641412957219 0.0
2.154899112958142 68.06453436796946 0.0
151.2213056916359 56.31386453959371 0.0
74.07371894828772 166.7161144997662 0.0
162.71227109897924 198.76010192036418 0.0
111.7344245881769 97.29846410657801 0.0
166.4510310790046 139.32048990866724 0.0
1.7856975590726076 176.902235909021 0.0
82.32595526082058 68.51277497519139 0.0
60.365296880334384 174.71014518317054 0.0
141.07812058377047 181.7794135469397 0.0
82.30046628539039 168.55688794193202 0.0
54.06839628808415 46.18100008538304 0.0
16.538388108090206 104.57006182246546 0.0
93.75022006293054 197.93246035897448 0.0
37.588169638541366 127.57386546863341 0.0
57.07108579625129 144.81153347035593 0.0
1.7011716526880383 39.19532904386194 0.0
156.09586659384172 14.85199261388832 0.0
51.71183404714661 136.12060391115122 0.0
8.46556550234341 66.36664092856992 0.0
65.90637999444291 182.70656844532397 0.0
84.87526205079399 154.22818771906213 0.0
133.98216195516198 180.16095165839042 0.0
11.575477522739043 33.46868720748364 0.0
87.10573566590507 108.76188084660848 0.0
22.9713584822155 73.64121582169119 0.0
109.27296418163162 140.0956201783132 0.0
12.714515924204006 156.0201863882908 0.0
13.619914855354565 143.04909926048052 0.0
41.25254092323913 30.599503128257076 0.0
80.02848432567824 40.30155974347487 0.0
23.62164749178053 20.98062620791865 0.0
19.316064871878357 111.31759283235287 0.0
43.33813739900669 82.62538082588648 0.0
54.49389656737726 83.3515064509082 0.0
116.56472306296295 43.5812250137521 0.0
91.02403947603182 3.7308871733795046 0.0
65.29801046100161 186.66934274858252 0.0
85.70015465208975 44.69496782403224 0.0
49.14385782261868 168.25899834855716 0.0
17.72272842163374 156.32129871175005 0.0
52.31748832399246 11.134147597300693 0.0
115.7345255629651 53.58187032583477 0.0
25.82573022028822 157.59124468723573 0.0
1.0275632563095272 0.3279155424406044 0.0
44.35886461390444 123.79004995161529 0.0
169.82797821860865 36.010131600655825 0.0
153.2400929677043 157.51181987230535 0.0
156.5106487420217 80.19910600889033 0.0
152.85073224478134 68.86241525345875 0.0
194.79075623027583 145.47842994765355 0.0
196.26975455664052 77.0903649040314 0.0
25.384564690299484 91.04081448116939 0.0
160.43642066829082 96.57290614313175 0.0
86.32732442709835 157.32536678805434 0.0
91.96525471947193 171.1558044780418 0.0
66.08124137980687 136.29193732281684 0.0
25.812728998245227 158.41554748213017 0.0
99.76195112847826 52.4363348624038 0.0
128.31550568360313 64.04530625832552 0.0
145.2571157736179 56.407974435920714 0.0
25.690279387887305 31.448930458677516 0.0
88.70621570993553 66.09929835073336 0.0
144.90563605319113 102.75999294647107 0.0
97.75575861723335 129.33425384696724 0.0
115.90666975136831 84.88573943087039 0.0
66.1996125444617 127.79074549779494 0.0
162.49329277804168 177.80862842748456 0.0
75.05930629457829 93.54994111430872 0.0
143.72372487519354 52.26091703762206 0.0
32.8546079208903 67.67306911011018 0.0
98.5346425134542 0.020577503624163995 0.0
51.75991285498775 94.46409376687429 0.0
193.34008908605563 22.45969742591165 0.0
66.53729866959543 15.584631036638541 0.0
75.69134422217172 71.60920238206228 0.0
109.58245625064089 4.945051531127254 0.0
196.65036862374797 112.88672626697604 0.0
118.11497098250018 68.30375854923017 0.0
80.34972389139783 39.767044601643484 0.0
168.48976635151482 20.764319737880733 0.0
191.28215480242946 138.05757042564198 0.0
7.801825876879387 150.86788254106796 0.0
178.1834038445276 171.07395109420176 0.0
84.40163410929189 81.73631862236228 0.0
57.94206607347492 36.89382552462259 0.0
166.6340729323913 47.72912953425801 0.0
143.79062795136736 134.9994885953567 0.0
83.05882622392515 119.3351246167006 0.0
19.10218328655018 72.00309893600172 0.0
117.6056840827963 29.52759678628243 0.0
11.43757246939343 134.7808036101355 0.0
149.56339001626918 181.5695659174118 0.0
31.05803861388814 64.22508389231108 0.0
140.99604634470023 151.26352264869348 0.0
103.93883464599234 73.95724383613515 0.0
43.126432627345615 135.89780885787178 0.0
51.38942365592784 175.72503354186185 0.0
18.420732249090776 147.64966640438223 0.0
146.70639328458108 96.84295636409928 0.0
56.554744184270064 100.96280779916485 0.0
13.855306833395108 4.915807427368413 0.0
0.1367028539263293 101.42508738505857 0.0
123.99827363768574 91.21872342432813 0.0
90.00736113655823 7.929762519874872 0.0
192.7540674694584 6.489809643338917 0.0
190.1331159099464 110.4116033226052 0.0
184.3981795374378 191.52431209355737 0.0
58.553449833650404 142.2068917432175 0.0
88.78031431529654 99.84203138440495 0.0
193.53907342947235 29.094208633025364 0.0
152.5572997945927 170.83252571503346 0.0
103.06269744445645 166.33075171869757 0.0
18.409539136079655 179.16545306507263 0.0
120.87945887862539 10.506608907009717 0.0
54.22961883175541 59.88625579816394 0.0
123.95946959035389 174.7973712437868 0.0
38.84184479849322 88.50006491666672 0.0
93.71022655493775 24.203228301763623 0.0
111.63189238831794 181.47978622546304 0.0
7.3719709662734 181.6204186317623 0.0
90.5360148680841 75.01675379136907 0.0
46.16428890043493 176.0988833610233 0.0
116.15960485174823 38.4655814779457 0.0
163.20772047536866 91.39766158038678 0.0
89.36516266744268 183.8172867669179 0.0
66.93932407902953 105.95736819919355 0.0
135.4901241870319 143.66779133518068 0.0
44.686501155982604 54.667026344654786 0.0
150.42520147152564 107.5316765347709 0.0
176.25872258399528 188.3102265329214 0.0
162.10431588460992 129.98377379661397 0.0
168.86208897582662 158.333402429345 0.0
175.52741998473297 53.99416363564751 0.0
82.33692218867101 112.58694506522637 0.0
160.25787213174888 128.95482248677297 0.0
7.6640265703287636 51.94750665518271 0.0
86.40635858244445 45.27902750956427 0.0
111.8803991799957 68.2378273142237 0.0
18.433568453855 56.08743158340126 0.0
168.9906402018238 160.61809735561684 0.0
35.674298773835346 111.37756424228947 0.0
159.15553389558573 10.63079580260653 0.0
164.30578002659047 91.2062532386961 0.0
137.3845824078177 185.3386722539649 0.0
177.55356881925707 91.79737592010646 0.0
148.15465575685826 133.50336232841403 0.0
49.24839688961362 92.12005222049207 0.0
93.82215076906402 41.510010813387765 0.0
30.41792282470621 8.365302024231426 0.0
152.39143664507986 123.7510097629029 0.0
159.41748069361444 129.88192152203965 0.0
184.14761013138838 36.43975868444089 0.0
113.17427820305421 22.515213772696384 0.0
166.85696314481896 24.333301091971315 0.0
60.439884167853066 183.92496382944242 0.0
55.68381788583005 136.60029732349028 0.0
187.51600474956797 40.3419049834959 0.0
176.66771163597696 181.07884142777934 0.0
32.73904033930639 85.35471600644648 0.0
131.55032152650875 25.426181343359076 0.0
88.07906363243868 78.70237338249817 0.0
16.936612217613224 199.17048470293713 0.0
104.52926339003592 46.67957661994222 0.0
142.2202742843847 102.43237325844747 0.0
172.53223275921684 155.64567675608674 0.0
168.39858190693155 85.09192418494975 0.0
139.50969218795962 166.26044065018237 0.0
83.84733060574018 24.43452987348571 0.0
73.63264678441284 118.45269512493672 0.0
83.32163412048858 199.81695570527796 0.0
86.28924967007978 145.7608565433726 0.0
22.89383300087946 39.652571468279206 0.0
85.2779373929931 72.56697290807894 0.0
86.23494339087618 99.02271218312826 0.0
146.57377742555607 108.87890528029065 0.0
16.59151908710037 15.47884018166954 0.0
164.58619169421866 124.69794394144944 0.0
144.0049916974473 186.10801677730046 0.0
69.14662776059193 59.64206148429327 0.0
68.7659724345842 110.69201169184504 0.0
182.03499200881373 3.3777535532130143 0.0
49.791176854453646 153.79819049910927 0.0
26.673978390768127 168.54630031736073 0.0
90.5561399165722 92.89810086889518 0.0
101.69080703797609 170.25296714901344 0.0
15.412004864816398 40.11755549702269 0.0
182.36609094803134 124.82070273695712 0.0
85.56007807771438 151.97973890778826 0.0
23.55994554315184 85.39236907862578 0.0
116.65321241022755 174.51080444314593 0.0
103.52577099739024 43.09877666875646 0.0
28.938219929520482 110.3350164240663 0.0
70.09234401520308 139.89213378658326 0.0
86.049029302654 139.89462475368828 0.0
29.015317805752506 62.7777869011485 0.0
160.0054513466693 180.68711919426838 0.0
148.86944565549086 19.059604310692222 0.0
197.66783021039433 126.42066611715539 0.0
47.673139601568984 28.347312746690157 0.0
57.843146912074396 72.24601675070646 0.0
73.50740489459811 109.45695864089173 0.0
38.43341081573446 102.73125943391442 0.0
94.71134491945985 88.96829498397753 0.0
119.46253634084908 96.00345286434614 0.0
174.80687328109988 13.085952808771829 0.0
10.513210733041745 80.48900097284779 0.0
123.12554090278563 105.58382539777583 0.0
110.05054984095301 169.94249961553217 0.0
184.18062331784662 81.9950614533417 0.0
59.30463340772523 197.9615547144472 0.0
57.14809998450585 3.8429061582111013 0.0
104.82943158427595 74.94288087294443 0.0
21.390249686890648 136.59019728278167 0.0
171.5507659533919 198.44284778082425 0.0
184.77611240824328 61.11849345162206 0.0
192.06142014766962 162.16337307412354 0.0
168.6231969899414 180.9303167667251 0.0
38.11677282726453 129.29197168885403 0.0
96.40529346047684 165.90097064748912 0.0
156.72962267502638 162.68250253899694 0.0
162.94138175768526 178.28914861310022 0.0
125.9581575227141 137.37099263913439 0.0
126.6011358914713 137.84839968670994 0.0
14.426481457694962 0.1787831347513924 0.0
189.13264742404309 0.2642584867627473 0.0
53.81217362955346 86.66293142291342 0.0
106.03847059762239 46.77475110993519 0.0
114.98096713491313 157.43176865777914 0.0
4.996273825101438 112.71473569778135 0.0
16.143640535705693 173.8511861951248 0.0
80.64076329572778 118.85736157345306 0.0
185.3558092946963 197.4251443795344 0.0
81.09386187517717 11.808761510206178 0.0
49.87638402613299 167.64162442301313 0.0
104.95037135662446 68.34489228702694 0.0
131.34596871231957 89.83312169121429 0.0
86.99676282568734 73.46225688233163 0.0
188.44159430554268 147.60858000558613 0.0
66.76096782929662 143.04702679036168 0.0
67.60968733880641 43.67139158653946 0.0
106.06135934823872 129.44994528520573 0.0
197.67432021063985 68.346075750691 0.0
150.04349242346137 21.88715319039629 0.0
95.56324130040674 196.89386962511 0.0
10.763425962138108 133.46995241447524 0.0
38.089345944843856 124.70541630786876 0.0
193.1967455846538 152.79925884528578 0.0
198.67075239298754 163.71649258596054 0.0
80.62281495297592 130.44335443824068 0.0
48.067727215766375 143.90049409552543 0.0
49.65396307807601 169.250376494586 0.0
74.66026528870522 90.44932478576358 0.0
194.74973553562035 192.32977126403668 0.0
92.48521373685912 80.26199653394166 0.0
107.87660493440565 73.66970402325907 0.0
174.19733418017387 120.6182029788668 0.0
181.04384409606797 33.740364313547566 0.0
171.31383348341248 138.42181390929187 0.0
177.7665933558165 126.06574132936193 0.0
65.54738419402742 20.157188244426628 0.0
154.07745051839095 70.62942618525672 0.0
32.7278284114104 100.70885555170422 0.0
0.528258767379941 26.112672281279913 0.0
94.75809874967003 163.45307612956452 0.0
123.69402117832391 135.34584867794987 0.0
185.24529600557705 84.53753639962973 0.0
89.01124202314563 26.98721155473023 0.0
160.89305200151364 131.02319024044192 0.0
6.353279139382084 111.3256818872451 0.0
153.43667123082417 5.570220609705556 0.0
55.565601521257 69.23721735108693 0.0
75.84789863525738 19.607735882153786 0.0
21.254149188279413 0.7070931998111929 0.0
71.73138090169276 72.4347933872981 0.0
34.440380687980635 72.96328233667144 0.0
28.280302903605058 15.457964271310498 0.0
103.26676330891935 188.14889568407963 0.0
160.85389296084912 88.77870879167158 0.0
55.75690097628259 176.59452482840658 0.0
121.18490576093038 31.601371768144638 0.0
14.704802543933138 114.13397705385422 0.0
81.42039582368132 188.4406742601549 0.0
78.08795984290819 160.53994902766965 0.0
2.644537314259665 59.86519508282437 0.0
87.96944001687032 21.03880913443552 0.0
9.227382434119935 79.52127341165264 0.0
36.674292726914295 143.99647264810565 0.0
59.28897792043104 138.4394939580358 0.0
181.09608208786216 85.25035857685216 0.0
126.763369718381 123.13378771165348 0.0
114.30946210233321 93.19495646656497 0.0
91.9924706764504 85.7609854249684 0.0
78.23523351062329 98.61157725969976 0.0
75.47503553233568 22.61640382014003 0.0
91.92445961222721 129.36551146674452 0.0
43.341266281162106 1.4989673283651195 0.0
17.098655251406104 112.47677077243716 0.0
163.31897249676578 148.98711339815333 0.0
85.90326929343173 74.70324376111124 0.0
196.40241344606733 185.42451458928116 0.0
75.40212444649612 107.65808153417056 0.0
172.13035124702273 178.4225592496419 0.0
29.160625745182035 124.61577107521553 0.0
114.3251011653818 174.94424864831007 0.0
198.3360262536234 3.544326827245481 0.0
59.339723783787754 167.54202579587087 0.0
103.01324058289549 184.5337052526438 0.0
40.305746651656804 52.07989783059153 0.0
99.0950259791176 169.67345661188392 0.0
98.56922219854751 42.27788289331835 0.0
176.8757384808848 59.56539731181518 0.0
127.4481069348484 20.674899901528022 0.0
114.49806166699423 53.039878851767355 0.0
53.639402831992555 126.11367056152136 0.0
162.81254187260356 135.27714398321996 0.0
118.04967200615215 104.60933458998205 0.0
147.7299457649355 184.4178859243639 0.0
30.517980708140403 183.47114406261127 0.0
41.97695604301232 37.88016268911718 0.0
141.84555938995962 67.80436433219121 0.0
80.23576985975322 76.98244921741058 0.0
101.74173261459659 104.02748627051095 0.0
169.96874285549842 12.105520483244359 0.0
152.74119633746025 106.79750826607605 0.0
84.7993936467163 180.50863485685792 0.0
47.84273469560092 3.7439307756109486 0.0
118.14135289155156 5.048328382904832 0.0
173.56501399559298 116.66995306115197 0.0
121.8373089828788 104.4308763752496 0.0
10.310321706749615 168.38707269835515 0.0
157.89015937992428 94.26241194296003 0.0
168.37239653150408 181.10718240035223 0.0
150.93901266729452 173.04335279549602 0.0
100.61988462420797 115.32410022673993 0.0
144.95287412429226 148.38672927095644 0.0
11.832182581905437 187.37412124839318 0.0
39.68528757673144 26.122751152381916 0.0
59.85983564277602 99.37321938080889 0.0
10.7534277113831 58.58476074396015 0.0
75.22689495226376 116.98611993635642 0.0
1.7754974875651142 28.25460977270278 0.0
113.4879630538662 38.490473726709176 0.0
117.82055828358142 129.07815205714132 0.0
198.5980361683509 12.856969726769929 0.0
46.495275840955145 100.14456752996975 0.0
15.74843798252996 85.07426581606158 0.0
186.31235390507553 65.0558393350299 0.0
68.56760941380837 73.70521081387022 0.0
171.5557420941901 35.19568410213949 0.0
128.2806820635475 118.66879250402367 0.0
148.67800323636683 46.23991260351084 0.0
71.36718606497863 176.5000093599464 0.0
81.33558568216974 14.63314899772794 0.0
27.45145489326506 85.84765472819835 0.0
139.4879980560913 24.389480626150917 0.0
140.60574343164913 177.72783621024178 0.0
62.5572242475998 84.45760547352519 0.0
184.94123473662728 163.058903075599 0.0
77.4640617164831 33.0237323081646 0.0
169.3075000376468 194.26116875301742 0.0
99.42828526678448 7.5083132319552215 0.0
116.11632732201116 168.21274544715283 0.0
146.7400068382947 147.6455545291586 0.0
5.751045065618787 114.6105305236401 0.0
160.27968180458578 153.91745201721974 0.0
40.717843258534515 96.79320943939209 0.0
134.384821663478 184.74682263180847 0.0
102.64096992842677 41.341049786163595 0.0
37.73149427253144 143.23677658722457 0.0
150.39878966369793 108.27491869758974 0.0
31.219207742949706 77.87671299679388 0.0
139.143279219982 15.434850201149741 0.0
174.41798703816906 1.5178819670603083 0.0
27.640596840083997 138.6263756977685 0.0
152.95681622368176 119.05425078869402 0.0
185.3158292410832 23.38045034284977 0.0
156.3028868230298 46.62733565463601 0.0
10.580282375605377 164.68085507754424 0.0
88.70144862580757 103.80634246538905 0.0
28.464995357162472 137.77051348669877 0.0
5.616315812292161 165.07792525342427 0.0
148.27947366824512 196.15626272032915 0.0
33.831476824564845 68.11254040834042 0.0
130.9599251619779 92.18911101919865 0.0
55.44448704199942 193.6572707523355 0.0
40.966647711973515 121.10514368901013 0.0
114.3026810725411 155.53781161803795 0.0
139.03549674777176 41.16979171731037 0.0
38.003538595644606 169.13503949686796 0.0
109.783670563986 180.5761390793316 0.0
159.400854654358 2.8345235593149276 0.0
112.11534352628114 106.00572306744323 0.0
68.62867527073684 59.33002946282795 0.0
90.5680713258681 98.26809128037495 0.0
29.97530099357022 82.29494443279377 0.0
92.18610811448724 157.1931238554721 0.0
57.509879508221886 38.81837824827619 0.0
196.20214348964493 140.9581111234096 0.0
59.18458521496079 89.1354486054216 0.0
82.75426139751664 134.2892109845028 0.0
131.2054869052411 22.56411720139546 0.0
42.06023844586391 35.484787034997936 0.0
12.785727076769327 112.19374682809998 0.0
156.91664779246395 53.96601833261578 0.0
95.96480614771477 20.7533504516773 0.0
79.08542596105418 118.06783924481614 0.0
25.99809743825452 176.22032452278768 0.0
64.07608239473682 107.04120480906379 0.0
24.891112955905136 128.11328273247088 0.0
129.02679850486106 141.7454364169765 0.0
23.973260311424482 194.04538541533873 0.0
154.83319232313116 95.26719004964383 0.0
100.97618148816738 10.997395133801668 0.0
66.36868513128154 17.710464344267972 0.0
182.9020658757035 16.902529990054592 0.0
93.58579963303121 108.65983772773214 0.0
98.0376872663924 5.517931578742075 0.0
141.48300858093222 16.326929801429802 0.0
38.79014560728522 121.1904168683805 0.0
78.36705450521949 194.14793402461814 0.0
131.59067040032377 190.00704135584118 0.0
89.53602001633732 3.6078294300103675 0.0
100.93315215484435 119.95367384062803 0.0
137.45361458957527 16.32473040945863 0.0
161.68432611902728 45.08778073403141 0.0
19.680694230999364 138.93566228057733 0.0
77.12293236625942 137.36427238048307 0.0
122.27504791870827 161.08276698005005 0.0
179.7353903628497 164.6361863721842 0.0
129.06602123435707 109.80689949355447 0.0
67.61593288465129 134.48468452524548 0.0
66.15580444463794 182.91326190601637 0.0
61.38936807263562 130.91578597238947 0.0
136.19442489932834 29.381603155495938 0.0
134.89504310966768 124.59397783703085 0.0
28.420941064145545 146.6513055773531 0.0
117.44080487431386 117.16564116995818 0.0
178.15858778791082 172.61948844056386 0.0
106.25614364987935 66.35817775869349 0.0
193.39684832836187 64.44808092493149 0.0
24.843934732240736 30.9233134411961 0.0
166.28893221304705 176.78363448506516 0.0
116.25062615697934 73.126123115159 0.0
43.83825757953319 78.75140961066431 0.0
69.84487595720574 61.36391507717362 0.0
44.74296959700128 182.09317535771675 0.0
46.015115414748074 26.63204423614516 0.0
78.31278714134125 92.07585002428587 0.0
85.26668579074494 143.93653318652778 0.0
46.56781139782291 38.30609759733987 0.0
66.51963722173365 133.38612372363025 0.0
192.0742213691009 194.34356482806058 0.0
113.97847128364171 105.57926775167536 0.0
91.76707899611738 153.01352485448547 0.0
142.76551211444223 12.034321494112055 0.0
90.95584526120433 88.5772778636888 0.0
80.57985327921524 103.7941106067126 0.0
121.9034387584738 7.426635480200994 0.0
5.964181217084774 149.96866302425533 0.0
157.81502694801972 165.726509850518 0.0
3.332006551249922 22.862988317766476 0.0
15.76805182383476 15.43752952344617 0.0
150.72827257688158 17.4692858410165 0.0
41.06031264508403 129.40836649572748 0.0
128.36651479263816 140.4861019567581 0.0
180.64815737857703 51.73526399605961 0.0
64.30609191922862 177.65944467495925 0.0
84.79232026411381 121.34413252058876 0.0
18.203342480743313 28.123944863871664 0.0
163.72404767414946 24.758305811557403 0.0
144.8908387311468 180.55479564982343 0.0
170.08963815414484 148.27291393103127 0.0
76.60911314172401 98.32412691934103 0.0
78.12670868733423 120.26467639096204 0.0
16.03577184045346 79.48814651601693 0.0
186.97096301226026 61.12359246742736 0.0
41.82695580669067 62.31437300880223 0.0
88.18731762175143 191.3010269111305 0.0
194.20660304733536 58.19092922609865 0.0
6.564822017017202 187.22629730892447 0.0
30.209238822038365 11.142804831314713 0.0
48.40992032450539 20.351839212624956 0.0
116.50229678216262 106.81268765816716 0.0
73.0179984850904 166.3447190619988 0.0
162.2843142260277 83.6469199278993 0.0
40.698484286941564 29.45014184432335 0.0
185.57564226307383 135.1597965520884 0.0
