4 529
7 455
8 652
9 470
10 127
11 692
12 358
13 381
17 477
16 47
19 693
20 73
25 556
31 387
34 142
36 167
37 553
42 39
43 128
40 186
41 173
46 616
44 772
45 512
48 452
55 593
54 55
53 562
52 904
59 766
63 702
61 120
60 834
68 633
69 301
71 690
64 21
65 67
66 819
76 596
78 743
79 836
72 910
73 897
74 516
75 286
86 910
81 264
95 896
94 820
89 953
90 20
102 153
99 840
96 499
97 541
104 831
119 209
118 391
116 916
115 25
114 179
113 974
126 243
125 982
124 368
123 218
121 755
136 924
139 349
138 464
141 303
143 352
142 888
129 57
130 78
132 539
134 461
152 483
153 446
155 220
156 960
157 0
159 156
144 256
145 324
146 787
147 848
148 108
150 866
151 970
170 604
175 218
174 606
172 60
163 901
162 679
167 483
166 297
165 3
186 40
185 438
190 104
191 859
179 972
183 976
181 185
205 43
207 299
206 948
201 120
203 477
197 881
199 841
195 722
220 309
221 750
222 202
223 432
216 93
218 613
214 57
208 909
210 951
239 991
238 962
237 541
236 42
235 484
234 539
231 356
229 294
228 309
254 161
252 352
250 18
244 288
242 30
243 211
240 701
272 977
279 711
277 57
276 601
281 410
286 386
259 299
257 195
261 663
264 781
265 958
269 639
307 168
306 152
309 99
308 33
311 444
310 388
313 500
315 422
317 694
319 406
318 391
289 697
290 743
291 52
292 50
295 945
296 448
300 704
302 507
303 896
338 457
336 962
351 547
348 478
347 587
346 607
345 407
326 636
327 223
324 736
325 481
322 732
320 753
333 622
330 450
329 325
372 692
374 584
369 516
370 485
380 939
383 519
382 920
378 928
352 969
366 113
362 147
408 349
415 758
413 33
403 829
400 295
401 903
406 504
404 616
405 352
397 465
396 301
384 897
391 377
390 785
389 840
388 942
440 695
446 987
432 908
436 892
437 472
438 453
439 434
424 955
427 499
426 31
429 298
431 960
430 310
417 865
416 149
419 976
418 680
421 473
479 358
475 740
472 70
473 927
470 982
471 797
468 259
466 95
467 383
464 13
465 929
462 155
460 640
458 992
456 52
454 258
453 591
452 93
451 573
450 497
449 166
511 61
505 773
506 972
501 804
502 190
496 583
498 154
493 659
495 28
494 632
488 354
484 458
487 725
486 730
480 781
483 96
548 943
549 468
547 41
544 801
558 281
559 53
556 391
557 566
555 955
553 95
567 363
564 508
563 418
575 945
573 734
568 487
516 588
517 477
519 241
524 584
526 956
527 656
520 391
523 17
535 139
534 991
529 503
531 593
536 91
610 559
608 733
614 74
613 177
616 789
623 356
620 960
621 111
626 980
625 251
624 148
631 907
629 836
628 849
635 263
632 999
639 232
638 806
636 906
576 485
581 960
588 103
589 18
591 703
592 149
595 565
597 137
598 521
603 683
606 259
687 351
682 140
681 24
680 987
677 816
676 823
674 939
672 396
702 70
703 492
700 864
698 633
697 375
694 364
690 999
691 649
688 234
652 816
655 156
644 798
647 451
643 629
669 962
670 380
664 374
666 259
667 161
747 785
750 912
738 258
736 39
741 955
763 977
767 785
754 514
755 154
758 941
759 525
756 122
757 875
717 201
719 339
718 317
704 86
709 939
708 274
711 509
729 342
733 91
735 424
725 812
726 738
727 94
791 383
789 559
788 132
787 769
797 291
796 552
795 525
794 490
793 131
792 382
774 154
775 761
772 969
773 152
771 904
768 158
781 400
779 550
