136 317
3 155
141 23
4 301
143 338
6 708
142 755
7 312
8 720
128 354
10 29
131 871
133 32
14 168
15 538
134 897
152 777
16 483
19 203
21 448
157 340
20 543
146 981
26 850
147 560
29 634
28 733
34 988
35 38
32 908
33 2
168 309
39 971
174 672
36 150
42 544
43 997
162 764
40 178
161 452
160 660
167 148
166 446
44 878
45 311
51 110
184 634
49 366
48 768
190 502
191 731
189 671
178 757
59 313
176 581
177 647
63 692
61 478
181 217
60 558
70 578
71 128
64 60
65 772
66 336
67 745
76 725
78 723
79 602
72 441
193 720
195 44
74 613
75 812
85 187
84 685
87 381
86 545
81 828
95 616
89 456
91 62
102 741
103 622
100 731
101 937
98 301
97 490
111 727
119 586
118 956
117 323
115 670
127 516
126 323
125 793
124 648
123 498
121 182
120 785
