19.681073641621083 70.61464812456609 0.0
184.0225038938307 74.27113937681303 0.0
17.66841177320164 65.60131182882304 0.0
159.90597211513114 119.65431570880905 0.0
71.94597613706581 165.24527091415752 0.0
107.36154681020093 147.47096608035986 0.0
169.10556289408737 16.25852734839217 0.0
88.25259597267345 4.523491288835979 0.0
55.47684835183511 41.42050457539217 0.0
18.141614589000564 14.172988562346855 0.0
184.09021026881038 182.9814354383437 0.0
23.769124825072673 145.07270572141437 0.0
176.7833186344867 104.22860799502457 0.0
4.60760470900492 39.91067434136211 0.0
10.808181530112604 184.79288228946865 0.0
112.24170879084308 51.16469828003487 0.0
93.39693436471954 125.93694608034116 0.0
31.05252033611783 152.16193823116967 0.0
23.096136158459867 193.98079828271747 0.0
94.66021096696751 144.27445993745476 0.0
153.2809945554403 73.18409042887153 0.0
4.806029962445901 164.87094274093778 0.0
71.11241830227988 173.81888202888985 0.0
32.83102849072739 115.68418225257638 0.0
184.30143177318612 46.830638577323036 0.0
78.63564189343717 77.54268623984024 0.0
168.39700359580485 93.39909260311003 0.0
37.980639532145474 54.95403753679462 0.0
68.91492530886445 25.874956579102836 0.0
186.21668017165868 102.81658680189184 0.0
175.47688917201444 135.98221768085912 0.0
125.00612576302181 27.57512375795679 0.0
189.2306011292988 156.8401189501916 0.0
58.32742808477938 26.42533595704666 0.0
90.17314270278176 167.27274430414096 0.0
165.0289474156912 30.71077129445483 0.0
77.60151693282009 180.03830586702958 0.0
17.425564751571333 153.44522579407172 0.0
4.765850885241907 180.0243193560618 0.0
158.9081325606312 105.93246304120692 0.0
57.90214627836057 34.11883777886349 0.0
98.26220877943257 144.74424301273422 0.0
40.173256222175425 81.38199517996236 0.0
104.36924563290069 37.85669163991861 0.0
112.64816292930145 130.30623397808515 0.0
92.18983902850736 97.53419148534385 0.0
17.301246519504176 39.36757275335643 0.0
179.40529236618914 117.58886973481357 0.0
61.114785575132146 37.73439035439172 0.0
162.82026491487576 73.93302218624665 0.0
75.71957088531072 54.91423338246606 0.0
14.605856128999118 99.8806751407526 0.0
183.6098782739272 171.2832315838597 0.0
130.68900420473997 131.4437169859311 0.0
99.82091834127237 75.85676089679487 0.0
77.07072861998685 132.90699897899555 0.0
77.05808316997582 123.32406261886473 0.0
174.58219751871133 159.25587983636927 0.0
62.61918961755391 19.283570641503502 0.0
38.564227098970896 89.56877882974423 0.0
177.05227172665377 130.77982124797973 0.0
147.18240706731282 74.27635651227864 0.0
47.34314443564922 118.65678615226764 0.0
50.56650432400129 179.22796393287598 0.0
31.528488210860452 18.906586231885303 0.0
152.68950781295536 180.79512733201148 0.0
156.98174441940358 62.106670707466364 0.0
98.87808956459905 168.78086319356711 0.0
61.22072084294261 13.20245188734166 0.0
84.07292768241919 147.69265544195835 0.0
171.93737244859057 38.30659652785218 0.0
60.43387894470713 191.97608875154464 0.0
192.05167285831106 60.85016087815915 0.0
67.61146439660826 107.09502300502318 0.0
65.94324412492661 56.334836466808746 0.0
134.98286563952692 175.88344570844657 0.0
194.61582568130507 153.09963737765509 0.0
12.376975774744658 28.38307214972753 0.0
140.40121451663953 155.92942503634112 0.0
174.28984159082685 163.41987497378418 0.0
15.91106927552266 189.99672146445064 0.0
112.31816660942175 171.46178020248922 0.0
187.29623177648054 174.54233039853676 0.0
81.51532103176125 60.83882813619219 0.0
38.47507117176585 178.8643556945724 0.0
198.60069595399378 73.19615907532278 0.0
140.84371977545035 187.59921546008033 0.0
103.42991897590284 189.0892483756867 0.0
52.082714372115426 7.9424487157898405 0.0
89.85991583557171 170.91989194022935 0.0
128.0261279360843 188.3709686048007 0.0
88.11948413535862 67.95043946606867 0.0
173.16079798302616 86.5926892188956 0.0
138.02244288336095 16.922980671246822 0.0
78.17486037210877 23.863352237289703 0.0
30.83718216976945 111.84904903725648 0.0
197.07629948351865 193.4745485029047 0.0
17.352812790850102 87.82466635925906 0.0
101.75389255377196 53.130933281293835 0.0
80.65880339908924 166.26445857749877 0.0
118.45437907031346 124.09871961690524 0.0
54.381509998669195 42.73779654275518 0.0
98.50128909577754 44.421597612319765 0.0
30.597551976704995 63.6287601516514 0.0
4.682477140047925 179.1642596677436 0.0
46.370579303259895 134.13103109974062 0.0
105.08487873305931 77.55786472221777 0.0
163.83454446219366 27.627670429997874 0.0
57.75664511728602 185.08566388476652 0.0
165.97308644620156 125.29496656667469 0.0
142.42834329469363 67.96129714460417 0.0
178.72130608271584 4.808494948572251 0.0
149.6264442971848 188.11612759999065 0.0
199.7426805829351 118.31858722091413 0.0
172.86396631037454 178.72618964644798 0.0
165.2104583496713 52.401575151850196 0.0
166.19460208535907 13.473270928521686 0.0
18.149488432826153 146.48215100474377 0.0
27.268290609167778 37.14885208619258 0.0
55.37089377019721 161.26123726145158 0.0
145.12773497183397 130.87352121283234 0.0
24.75864516337345 34.97289627573146 0.0
12.33693799554947 122.11870223617613 0.0
20.64368049396561 142.83275747810714 0.0
42.63434401290518 117.88146824885676 0.0
182.22762177504612 83.82970279346273 0.0
158.15483887232904 138.77740647379932 0.0
138.49493452033272 59.05132828786148 0.0
14.366310201408549 62.480391827859364 0.0
62.77869129245892 177.02303779309625 0.0
116.21810850418515 46.85238149675208 0.0
101.1219008161806 124.07949716639803 0.0
145.60025494164458 96.27024233936426 0.0
20.80271289987867 171.57637270985902 0.0
168.06387590594315 59.070807049896715 0.0
188.86853312356718 56.78919209255988 0.0
15.85484548796372 99.69930228130985 0.0
35.250545034332426 70.63539991480677 0.0
54.664202211542246 176.06049411155763 0.0
181.00677059415875 112.8946218806699 0.0
133.10045377662487 70.73579899190226 0.0
19.46827104465911 134.3912126742267 0.0
186.7404854049045 74.1438106808791 0.0
126.53979655921175 75.64233710607802 0.0
122.7173125849266 98.38569197898312 0.0
46.132549919890884 132.76374938080139 0.0
46.15447485760886 12.430906795989571 0.0
147.68353866683913 133.96462787482946 0.0
6.358471648978581 132.46293645382443 0.0
184.94230698774487 193.75175914622682 0.0
38.532195697034325 75.61854374264554 0.0
98.6826137389419 27.002584445017508 0.0
155.87379155142892 191.01838833063712 0.0
100.7230130116183 151.35549890632018 0.0
107.27708973415821 118.90067520577803 0.0
152.61699595105006 83.90502526292079 0.0
157.45120499482456 96.83370147253815 0.0
9.599815760699414 146.97844744051628 0.0
69.12847478923003 31.397188141627662 0.0
38.85569662407262 37.80955136626307 0.0
71.1315324457523 84.38638095514648 0.0
40.89578589263261 88.21427476899481 0.0
81.42175878460884 184.50686618627174 0.0
103.81360757133105 142.91198089152783 0.0
20.853083255553816 68.6922820337917 0.0
102.41148310882117 18.92530017527303 0.0
101.20648809124317 181.59097294741673 0.0
17.66786632533297 173.5304002859236 0.0
100.18226814800195 17.43183332444749 0.0
196.74213571424482 104.51871755064126 0.0
46.37860540332033 75.3936416748976 0.0
199.68992349986695 134.0701410952287 0.0
28.886533155884962 117.76614424427045 0.0
186.28866785408158 186.32683173908876 0.0
18.98309348511191 69.60533305619063 0.0
84.84957673455982 158.7958101496347 0.0
45.50579172305444 79.24936015847604 0.0
54.61881540494702 108.99752646456844 0.0
0.8432921476915434 170.97559382598058 0.0
4.347245354792584 130.31677291590066 0.0
171.07865760330375 164.2434208090832 0.0
161.83461396687244 74.80124775238357 0.0
81.67310503268645 108.38140028783054 0.0
102.73070102028466 195.6922163478214 0.0
29.179737229017878 187.24153331819565 0.0
41.60243287860945 128.7607517387509 0.0
129.82839697178443 85.25731794687981 0.0
164.2525329655907 9.062109046934719 0.0
57.42416646178925 174.50656451518333 0.0
137.50192661923367 128.50983968556258 0.0
65.85378210788014 181.7937002568566 0.0
71.12457353663275 179.710302784645 0.0
195.59569361130747 25.43065046938635 0.0
126.3500223843387 2.7873574066074713 0.0
148.98106033321497 73.30924559718216 0.0
66.32555517593136 54.46597249828196 0.0
185.5545785713361 167.02223244805427 0.0
126.15629284805128 152.4726834123908 0.0
136.7355961077101 181.20409227008588 0.0
43.618252872864225 13.349738650052224 0.0
68.08147733875029 42.92677098754254 0.0
136.3659059148482 98.0690023513215 0.0
27.806830157621377 22.899724439908155 0.0
137.4323072356948 107.37061988757044 0.0
111.8136577603701 128.3874381945623 0.0
108.04644533811016 127.54054484103932 0.0
148.3392136473671 177.1719865236835 0.0
135.26907607901418 117.38015244434692 0.0
59.429717263679606 12.551960989351564 0.0
91.6747954995089 148.41010963916062 0.0
191.79981045895437 131.28334931507914 0.0
85.28466348973916 162.889864452054 0.0
26.239102222566736 139.53193179884096 0.0
160.18039763720753 198.02307159895634 0.0
72.57877223523587 126.32080730716773 0.0
121.70743999263934 39.758386468651395 0.0
36.332663789167526 49.62081156574587 0.0
54.90111105010638 115.88415112610603 0.0
103.47902867897025 167.14554304552874 0.0
180.7462877151547 115.65444450872175 0.0
31.450479807491583 12.076853664807752 0.0
152.10789268879824 131.97319477564136 0.0
57.251351570318974 13.360685823092911 0.0
129.64581413701893 62.20197068649658 0.0
37.723247675370295 190.87722872641262 0.0
197.75460763661965 174.94619353139072 0.0
122.33107389999125 17.703379524379017 0.0
81.5447876959597 152.71361203059467 0.0
25.443422636108327 134.84961323148005 0.0
108.10914961879148 154.12782267970906 0.0
12.932755201004875 128.26741093461516 0.0
118.79404628557131 104.41885320944397 0.0
47.02241381696011 33.58742502030325 0.0
183.9222034145451 119.20171938899222 0.0
143.65896271756563 20.962668455689816 0.0
97.39013042651533 94.0930232955955 0.0
88.2900616696443 30.55504755538754 0.0
135.78981489918226 51.50475955501743 0.0
28.779496746935894 178.61764827175472 0.0
55.18088767679594 25.993412738713605 0.0
118.29265697595346 134.78920670945854 0.0
168.3660812194552 90.83163794046081 0.0
116.33726406546607 183.1312942977016 0.0
196.49929559191736 181.00881984928316 0.0
72.74572656378791 122.60281062624871 0.0
21.082187923976313 51.655871607601966 0.0
117.23705773920156 137.08039044345142 0.0
75.88176917217966 25.928662065734276 0.0
156.29786824841312 70.69747453976234 0.0
113.0280265758894 132.6736245498821 0.0
139.4734904436068 181.18877811623273 0.0
53.52717775617815 11.738017500625153 0.0
98.76187057508238 12.090997886260002 0.0
189.65269566543387 173.57651375446102 0.0
187.6543768457218 124.06465176645858 0.0
145.15284772857643 39.84475737055773 0.0
50.469368585385396 56.26600814408202 0.0
118.94003937347979 62.959650060175434 0.0
37.975712335512334 50.612129403456784 0.0
38.903762590172164 125.14509755256343 0.0
51.90526671311613 164.94607002799074 0.0
134.71560597981934 151.27121262384387 0.0
148.8046256161167 25.52344178374586 0.0
101.97127699146131 34.833731361750054 0.0
62.778238146549725 24.90547298303443 0.0
74.74115513531856 172.70976714595255 0.0
117.0264420089368 58.257899945208756 0.0
49.577513064352715 131.86487924352787 0.0
185.6834587472315 109.21896431217475 0.0
11.253016815560478 29.975577494835413 0.0
40.312185809444024 145.9139505171859 0.0
198.98175416312225 101.9704606885729 0.0
169.51389827321293 68.3576840960479 0.0
121.60056975588289 45.78218495537634 0.0
195.46274348626758 60.4005395746003 0.0
81.16504756262589 93.14162422606589 0.0
127.7764208741533 42.53751112457225 0.0
96.64104830812632 135.03448536983694 0.0
92.98591622165515 196.31402741091128 0.0
32.849285031261545 46.47992872021587 0.0
56.96888498588739 136.72614007376623 0.0
34.546958930040226 1.5795530648639478 0.0
18.062647660866403 45.92695695439599 0.0
41.50702796099524 47.324398414561706 0.0
190.17453482501284 149.7150618945863 0.0
17.682337599404917 113.43649398634359 0.0
18.058656858705845 117.69485710779404 0.0
166.01824315392892 175.56069875546083 0.0
71.0299466267876 98.66277211749698 0.0
20.20409509114669 60.41151584139632 0.0
146.7377339785493 164.68736436430532 0.0
105.63033962736405 184.01869865262606 0.0
83.22274583096905 130.51538649016294 0.0
44.04473952403212 148.0045289616178 0.0
25.332960024508424 39.34993487705969 0.0
139.8776174025415 183.86465577730698 0.0
20.675350908304168 61.71097226069855 0.0
30.932673941386966 131.51349995953026 0.0
30.63204408709499 141.0023483786613 0.0
112.11648138610839 165.89428608562793 0.0
133.57102708752862 37.5738117767678 0.0
148.1063300202198 44.24279291619513 0.0
70.2331213394157 72.48027761804323 0.0
179.3325864437901 36.63297353918939 0.0
135.37844160059 52.80486051936953 0.0
95.37842657027838 123.72177828648113 0.0
155.1271799322852 172.326203687389 0.0
100.8762384631106 98.14932309591562 0.0
106.03104989955337 124.47463561311116 0.0
131.20657964474879 89.8399427698213 0.0
29.763407871224 38.93585702904141 0.0
88.78225773777486 150.48837999848064 0.0
76.41746124953673 158.92480438238644 0.0
165.42645904680987 78.80475798121171 0.0
169.75370103941862 13.066507708522291 0.0
92.33057135602844 45.63071992341206 0.0
129.3391414633409 3.984728366769419 0.0
116.30386557524781 186.82852775924093 0.0
107.3725772560112 35.11331007555816 0.0
39.503745395955626 171.88363318042437 0.0
102.09161161293427 27.90917127027981 0.0
179.56183885672604 27.450536020894823 0.0
95.0087479646085 143.55995834401 0.0
7.997793645489137 197.61074610588042 0.0
25.82545727008916 16.443463510734734 0.0
107.03916861779814 156.40064794470186 0.0
166.72461479311957 131.0099133468978 0.0
148.44241851579636 53.20623280447523 0.0
86.84336224562712 29.4223661165127 0.0
42.63645947739434 67.9106998030075 0.0
108.07990532690886 124.20445252707066 0.0
32.48697765244775 180.21990822897652 0.0
144.98942624527317 108.30884468055825 0.0
113.20606399834112 116.3798823790074 0.0
94.37574364858013 104.43376914704197 0.0
148.40844963220542 126.539455589896 0.0
94.2870266051763 176.0790870160366 0.0
22.042119015262497 167.30036537247696 0.0
7.4753506148690585 34.747410031443216 0.0
116.89759539229043 16.53603885179109 0.0
0.9814552128893039 120.85989922754432 0.0
142.62691206057235 31.34945862691023 0.0
91.35768283500416 110.37026441457125 0.0
49.67960219101113 75.07953989702555 0.0
4.143580346053399 104.72484811495639 0.0
60.289871020434504 185.55448456631595 0.0
56.56020979136267 98.73036489427611 0.0
123.62544995997897 34.32966962357249 0.0
13.990834570037736 189.05531293602186 0.0
159.4353606290322 135.43668896682183 0.0
193.66713061620058 185.50478011988952 0.0
93.01025257412378 102.20921192919815 0.0
93.08169945062465 17.8727444093306 0.0
103.9956281068563 22.040389783309557 0.0
105.99920165307672 193.08978421951934 0.0
112.57481538984995 21.465642398029306 0.0
55.5399718317142 150.5483431575958 0.0
108.76504727868283 127.75363602193454 0.0
121.66153741151165 87.90163772870613 0.0
94.04667200835912 198.22739405288766 0.0
69.4651031335439 85.29646888391937 0.0
149.27199602636838 184.82659873049514 0.0
95.10550686966855 142.91415161472244 0.0
68.77684906506173 128.96097473649087 0.0
97.68478764292085 64.85794032692085 0.0
107.84456856619826 40.49402421203372 0.0
158.36109518417794 171.8393199846787 0.0
79.1485787887347 4.73521891571651 0.0
62.00610466200689 5.779580500764481 0.0
103.52637842976169 82.60785679469342 0.0
32.09588703456423 101.35729588972882 0.0
171.41426624587663 21.69895446795127 0.0
66.12143668075392 142.69615385491994 0.0
103.49872069331457 79.68644619983154 0.0
156.65698354686694 197.80190193622366 0.0
112.6169027017119 176.67823164315405 0.0
62.325431186627256 29.021027507949526 0.0
163.66532102239714 139.28644237106502 0.0
153.2520760791402 114.70798140854394 0.0
104.25222456271376 176.79951546006117 0.0
197.19923274706196 185.45176428491843 0.0
96.05594156678367 138.60375257311398 0.0
175.42590089657236 177.62678608480968 0.0
15.327822743143482 142.0449127342405 0.0
121.41827831026436 137.69690669703073 0.0
10.70509064404126 31.209703856253746 0.0
160.98840381715326 172.6157228414741 0.0
107.47549148966249 29.645854367932166 0.0
198.83983914643625 34.83018790529406 0.0
29.66205707294225 83.82874248187402 0.0
44.55077776087124 154.80862989602568 0.0
74.77304683848863 159.22138009530434 0.0
0.02663664770481411 89.67847798064794 0.0
120.78855632814312 147.06387151948414 0.0
40.8256650304633 43.472882432064665 0.0
70.93186052578602 67.56727792994093 0.0
115.36271093848728 132.64961060527477 0.0
49.000228748883856 113.97608519497354 0.0
158.8478019956419 19.959571471666916 0.0
46.50636187750161 172.00239985177538 0.0
172.9178501430636 20.406450681593235 0.0
92.60824270044972 170.4240980580136 0.0
157.27125942802363 194.95297974337998 0.0
168.78179373247292 171.17831210297146 0.0
196.21678757429265 90.7933792860912 0.0
22.417202688014214 91.07050386877266 0.0
0.8996679173908673 61.425662485756895 0.0
146.99639892909784 162.25861504101104 0.0
87.06943445711019 105.42148043857604 0.0
91.2357151593853 84.9607680700744 0.0
128.60554734384192 99.70528987954744 0.0
135.55435470183005 103.37408644814079 0.0
68.6184225059694 171.31865529783158 0.0
31.45575388174504 144.5811723538943 0.0
92.79507470216375 151.05960226181995 0.0
137.88567175092555 100.2600264588057 0.0
173.76013307277836 183.05094676414265 0.0
108.35715229693044 102.30203323193787 0.0
180.57450015006634 26.205660147107302 0.0
83.60932913810446 45.981914790853516 0.0
114.09557510134694 176.72129264909685 0.0
126.7934198746423 48.11241891743949 0.0
76.77447852138759 65.14966421292796 0.0
1.6558602814374046 192.65574205086097 0.0
114.56724241129797 37.25197102161448 0.0
138.91518453615566 12.552619372700736 0.0
78.98856640904238 14.76359731023349 0.0
162.0056746131657 84.06918093366211 0.0
148.93827231431916 50.35699016328694 0.0
50.58746263826745 68.75062810217705 0.0
24.782102884993563 40.5049264032304 0.0
108.6993465650421 128.1099426951525 0.0
61.27016274558146 40.61067929139399 0.0
174.1570183569188 57.46886819389054 0.0
141.22779399747566 138.68560606831488 0.0
156.77614303385593 137.90744150508198 0.0
108.55525517425862 87.01868628908072 0.0
25.22610485731187 189.0674286395581 0.0
76.9241699389169 65.69669745249045 0.0
175.7969926795235 20.59414335134795 0.0
109.66023600562576 57.49772055745073 0.0
111.08876117310733 26.29004790656071 0.0
26.653221613746013 150.59474150299462 0.0
132.60821440200698 42.59277723679935 0.0
35.736957615987144 53.670186134295996 0.0
108.48598847396008 1.7791122822596872 0.0
108.83343169312829 7.456252522569051 0.0
116.00218301746882 150.33565868019195 0.0
127.25677957884633 107.38004170410352 0.0
78.33601391665145 74.22589255274035 0.0
5.924487514308363 13.906478312679639 0.0
15.931247989808806 75.32242396171125 0.0
72.82467608927293 120.33607883765866 0.0
15.09589274338461 177.06230292776644 0.0
127.93988942148783 72.22877060737956 0.0
79.93109664903548 2.4223521090139366 0.0
34.92942190358803 88.2889029318219 0.0
78.41072983819134 163.60040428390928 0.0
9.22372253440573 19.460749313024305 0.0
19.409873282271285 30.327616277571458 0.0
157.78601190423936 101.14785140116534 0.0
104.7067222311857 2.525895404500189 0.0
98.64782789329173 102.88353720130658 0.0
188.4592440387268 103.06361320906063 0.0
42.42666684012277 60.44412316123369 0.0
46.384308231960134 27.651896244756525 0.0
153.38566331810168 187.31030966558112 0.0
7.843678801307763 141.4627109314682 0.0
124.1965699214093 105.54630776151608 0.0
36.26770067778236 95.83920282573659 0.0
96.41904075687391 10.580413836204961 0.0
56.82425172489989 153.50760361778995 0.0
137.81069724994668 190.03464036195737 0.0
24.9669335156957 156.9893043744289 0.0
47.93404387216034 53.66529719451574 0.0
105.47309599342812 152.45054671176607 0.0
105.12787931371355 99.64019624306972 0.0
188.80886162683822 190.01641234908863 0.0
90.76235287350673 41.79252233291453 0.0
10.134899432353595 161.61473425322242 0.0
130.7984431153512 53.155245245228365 0.0
155.9931700963938 108.70472491190148 0.0
180.0242103094779 142.99407074777312 0.0
44.691566097892846 34.78404233762837 0.0
140.94160047545657 77.7210975463858 0.0
148.62977472296137 91.35722864215148 0.0
57.12934870451796 180.48522870390983 0.0
90.28639620695154 71.08740511278882 0.0
150.00890376845499 199.89960007902766 0.0
188.31381749225142 38.14221783860603 0.0
78.29200497566511 25.28028934979165 0.0
156.1639497621922 53.28407555948702 0.0
90.98995996371121 143.93458668339804 0.0
162.8944912874006 110.04382873394638 0.0
117.7164036091712 185.4513149483755 0.0
154.28191792402234 188.35599424562915 0.0
94.11670485818692 78.60952921466826 0.0
2.0939973985930393 153.3228479461105 0.0
155.60888568611028 58.43623363588135 0.0
100.35118685543169 79.31358237569948 0.0
