80.44547434929603 75.96990424026173 0.0
145.2803208555038 149.75352080363882 0.0
137.48780802811953 60.50627825543964 0.0
26.952271890495318 43.710960052278125 0.0
198.74814095054165 130.82531315415707 0.0
3.4129936218208368 187.4291762639043 0.0
76.60005231105463 16.488002262868704 0.0
12.455123491364306 105.92200591020897 0.0
30.33094411858759 89.14861643627758 0.0
134.1268038457747 20.701738364554334 0.0
170.00564822558704 96.61989888848157 0.0
12.002651359779737 174.3572516616149 0.0
194.7311869557851 75.95154748995259 0.0
144.77195452856643 150.6523777707151 0.0
192.28188899335885 191.86589054357418 0.0
54.88856810464993 163.92986539302024 0.0
38.17690916967089 115.84015657122974 0.0
80.28460523919232 13.676683462017468 0.0
49.68500575462001 186.3199058008143 0.0
80.65803669225133 178.426648561095 0.0
173.86420970921583 171.9935613233776 0.0
101.60196164404314 157.746759414487 0.0
118.62693205639738 197.75328307049273 0.0
197.8511617524881 61.87387151424319 0.0
71.95373747024156 86.9127542696184 0.0
181.17946399132333 195.6386474719996 0.0
196.76190842416025 23.447750186467363 0.0
28.989117464451386 186.63410065225983 0.0
137.56773079277107 44.470638718673825 0.0
66.39122821661081 67.1563203187812 0.0
129.9642142349602 35.84535885505235 0.0
17.584243383946795 35.26520637376866 0.0
165.06876966118173 22.79462323507211 0.0
11.595052033245867 192.38354285366893 0.0
28.478264191134105 22.546530147743994 0.0
22.95530024980177 183.17283707364106 0.0
106.90151851191425 157.5129565596122 0.0
29.643233551185098 147.99479372354762 0.0
35.52231935964561 115.18750207418455 0.0
178.62914113569852 139.0876064546363 0.0
145.2786965752963 184.8960869383343 0.0
63.62043879208703 148.65649018238304 0.0
61.627048586037205 1.728432273804037 0.0
40.11006896049858 150.39822428116767 0.0
104.99257302774323 184.42430970177824 0.0
129.58984925298807 65.54984363383261 0.0
147.99020961957802 66.68336490615413 0.0
97.79811933252786 130.3718282702471 0.0
95.63314490474113 90.31292297788649 0.0
131.12888698109623 164.0465279290934 0.0
172.12870513008897 153.82338779406396 0.0
180.83752334951046 114.29282622366775 0.0
121.49435614563487 91.52613302859103 0.0
96.43572894055154 192.568423702976 0.0
59.109233779198455 95.88415462696173 0.0
127.6765788988075 101.55135261451586 0.0
47.449529131671596 89.8110229707565 0.0
38.78786194008139 104.66269085532105 0.0
111.63881983871669 5.809037183730337 0.0
149.1202193523199 190.71277539194247 0.0
159.07727321100714 35.28273249420384 0.0
91.133948016928 146.32345183225678 0.0
122.29644002876539 174.05921798300844 0.0
159.65649776989846 164.59934678647318 0.0
5.319165251763303 9.09222343224707 0.0
15.600258996556505 90.59126181849217 0.0
181.18702957823484 66.5218825220604 0.0
2.8382412329496898 132.41533404200592 0.0
61.95039072092135 172.70776240619023 0.0
38.69287114736761 51.46170362944056 0.0
142.29909959125072 167.547828962707 0.0
146.50113663544795 85.94688031896871 0.0
4.14462393886299 153.34144622538548 0.0
12.976948685379774 159.13429086494895 0.0
161.84720152862204 62.64973042136261 0.0
73.5995100046229 76.86775437096782 0.0
26.414426904426858 85.05199812184702 0.0
156.01429959752494 28.63296197913123 0.0
171.88052006178523 5.392258943194106 0.0
44.44098766284341 172.18239570159176 0.0
98.20832762111829 175.05506662370615 0.0
67.34051614724534 3.8293920414484095 0.0
2.438834578563953 63.00537933313688 0.0
156.10137431865618 194.83734078801132 0.0
93.44596609781759 114.77231624126323 0.0
174.26286117929314 8.900415274346486 0.0
115.53706950349864 185.25205917668612 0.0
74.80095278977778 106.53240876583492 0.0
182.2724018993989 105.15051941817994 0.0
7.2602766624146 89.2507449094599 0.0
164.25973182659405 191.08155272147107 0.0
67.02342272682532 139.76281113801366 0.0
123.31295800955984 115.78193445121931 0.0
155.76662939321972 173.93230877966556 0.0
40.24646345381937 117.59964949379355 0.0
5.158812680686209 36.12347896563652 0.0
144.7097887585897 47.357186281657434 0.0
5.118541987713332 41.59139165934362 0.0
122.84992183659055 25.88705277171941 0.0
73.45154562940957 197.9068689609585 0.0
152.22142885920258 116.98191847049712 0.0
5.4490179611042855 121.97485955676193 0.0
93.24732527204591 8.197107425550133 0.0
150.03491929182985 10.025421241095135 0.0
52.66659027931784 35.888494355368316 0.0
73.30811812528484 15.026747868024625 0.0
126.7868122563518 191.06423447224302 0.0
90.83328118158522 39.29005086213333 0.0
30.993456544333874 199.0739158634654 0.0
176.7919224365716 59.606382798256675 0.0
126.8499557531973 178.85421585868482 0.0
191.11312843630301 68.0757669159368 0.0
69.25568308324827 156.3953050336316 0.0
4.961068795770207 133.8593820344579 0.0
113.51161305215373 32.28765254771662 0.0
150.46436618201434 169.40581174020872 0.0
45.776423246628696 84.65414801437932 0.0
72.33008356164608 119.27270258558276 0.0
130.27839694476125 126.4677915758789 0.0
116.9930185425643 80.48546915838706 0.0
2.7815632788130484 30.20052589155082 0.0
59.20873716533463 110.44504154114333 0.0
82.18700998777928 82.94401684456845 0.0
36.50657986047952 181.7168583040123 0.0
20.783463520601543 141.5886617525103 0.0
38.67674240478522 102.60380683772456 0.0
168.54370224948894 20.34222762578235 0.0
182.47332557103343 38.22589323858232 0.0
187.99644425911595 161.81496512720446 0.0
90.97298261317293 138.8999295120382 0.0
23.586063016045955 18.093356330773048 0.0
192.53678370701687 110.93274428904274 0.0
3.065222604004969 99.66983019729302 0.0
56.080523205379016 149.51174794094908 0.0
128.34847986946173 137.7912957163896 0.0
187.36664028235373 94.19699174474118 0.0
199.38763268398668 49.734480672394874 0.0
25.288714495880082 164.5892310767523 0.0
107.01239067759256 196.71145876522274 0.0
197.62728698265016 187.06870502198146 0.0
29.31280723070082 180.55407451128372 0.0
22.513551375295606 33.06978160894802 0.0
171.02270214084956 138.02122502305176 0.0
174.84535444627525 55.17679439819769 0.0
96.49610665026213 160.51832413417654 0.0
176.1576320116043 29.396875629978993 0.0
24.251567491235026 92.213554744239 0.0
111.95737250883566 90.28574176401565 0.0
74.69202878378378 140.9808795766191 0.0
132.2908588115379 180.17277824606163 0.0
192.49073158552847 74.29497843497094 0.0
49.31886940220358 24.55211262951671 0.0
101.26638396714618 66.14876152354982 0.0
109.93325212036851 192.77659022046 0.0
190.55380735158133 111.25924463510741 0.0
191.95615707920535 6.511963283552569 0.0
83.70889259535798 129.27302759905436 0.0
49.22100648455305 117.9788725409135 0.0
190.26960689292545 44.37784097911817 0.0
13.842032698743466 95.8305021290589 0.0
7.427619441887012 44.671969281203936 0.0
153.2371495246386 128.58413529100662 0.0
102.64787183914443 100.83868478791425 0.0
74.97664493257537 183.84517422751233 0.0
183.10629614006345 55.118095833179794 0.0
174.28797049579453 46.132361721269156 0.0
37.49860224313504 179.26419376170432 0.0
127.05483112444358 196.93347294118234 0.0
21.905962468210262 44.120114703226385 0.0
45.40649066652471 97.69087923176964 0.0
153.7862377156244 43.64000769370975 0.0
133.50105326337544 89.73671178131578 0.0
176.79203894036436 172.63119309684146 0.0
107.8642811737244 34.7678450195378 0.0
163.9999929160827 70.18559412661014 0.0
79.65334758032321 185.27096647359036 0.0
138.26816448669535 109.71474742664846 0.0
35.472767864300515 196.37852250201172 0.0
5.821507213081634 41.698019302366205 0.0
98.87738443752454 68.95653508791526 0.0
22.79802646442657 176.69897232766996 0.0
6.455398816977964 148.29565054251714 0.0
44.37113000474713 133.90008305462072 0.0
90.39196540290317 93.5970442875294 0.0
142.19641396535337 174.3514229986728 0.0
123.67182150509073 180.51516056512804 0.0
18.31407750827956 88.32412730653085 0.0
54.58724342363668 2.3395569950557693 0.0
192.27076785436304 112.60485212649081 0.0
133.97536929805852 194.9684586482975 0.0
193.10769459233885 16.262724273813056 0.0
21.61679480576737 26.646867644990913 0.0
148.9944689358636 112.36555703946686 0.0
147.4851100605925 165.5125440758853 0.0
34.671067892079655 128.3175108224865 0.0
99.04492577153118 66.31324942320494 0.0
10.493097449391087 198.9355262637716 0.0
107.55368055140795 2.2292157076415853 0.0
166.75826997423476 134.0774182944638 0.0
14.330379554183303 8.554915658853158 0.0
