3 441
4 293
7 944
8 535
10 193
12 48
14 247
15 410
17 248
25 45
24 952
35 775
32 332
36 373
37 220
42 232
43 697
40 693
45 633
49 542
48 793
53 59
52 662
57 531
63 279
62 944
61 467
60 701
70 484
64 660
66 774
79 410
72 784
73 513
75 26
87 555
81 58
82 5
93 954
89 654
103 251
98 703
99 124
96 636
110 676
111 61
118 832
117 339
114 464
112 224
127 271
122 473
121 620
120 821
137 49
136 366
139 106
138 416
141 591
140 900
142 93
129 839
131 463
130 758
132 159
135 624
134 725
152 890
157 590
158 496
159 430
145 604
149 182
171 969
169 696
173 209
163 992
162 303
167 726
166 709
165 943
164 680
187 0
184 433
185 891
191 886
189 479
178 252
179 942
176 514
177 5
182 5
181 180
205 446
207 163
206 554
201 473
200 22
203 772
197 808
195 634
194 260
220 791
222 56
219 293
213 640
214 202
208 66
210 356
211 888
237 89
236 801
234 948
232 369
231 78
229 979
228 476
227 818
226 931
224 579
254 449
255 458
252 835
253 716
246 550
243 950
240 622
275 108
274 913
273 880
272 371
279 466
280 17
286 790
284 751
258 302
262 723
260 934
261 780
270 700
268 580
307 676
306 766
309 173
308 105
311 248
313 942
312 506
315 874
314 711
316 425
319 749
318 493
288 900
289 859
291 62
298 334
299 34
300 13
302 54
342 140
339 593
338 182
351 388
349 791
347 370
346 501
345 450
326 949
324 865
322 396
323 883
334 149
332 662
331 24
328 995
377 611
379 720
359 429
353 115
364 73
363 959
411 895
408 223
414 886
412 164
413 355
401 542
406 48
404 847
405 307
395 518
392 574
398 396
397 665
385 217
384 640
390 924
389 307
440 575
443 672
445 627
447 52
432 986
434 385
435 931
437 348
438 392
424 861
427 221
426 101
429 105
428 390
431 39
417 38
416 5
420 642
422 70
479 69
474 312
473 497
470 713
471 461
468 494
466 82
464 311
463 664
462 69
459 185
458 407
456 501
455 475
452 429
451 490
450 522
449 125
448 719
496 279
497 117
499 544
493 229
492 43
494 492
489 408
488 915
491 810
485 892
481 179
480 755
483 519
