1 25 86.0
1 30 78.0
1 49 7.0
1 55 51.0
1 76 13.0
1 123 53.0
1 180 89.0
1 184 47.0
1 196 40.0
1 153 32.0
2 14 69.0
2 50 59.0
2 51 37.0
2 64 28.0
2 71 71.0
2 94 41.0
2 116 15.0
2 119 89.0
2 135 83.0
2 143 64.0
2 162 44.0
2 185 52.0
2 194 93.0
2 199 17.0
3 29 43.0
3 31 47.0
3 46 82.0
3 47 19.0
3 72 44.0
3 75 9.0
3 97 94.0
3 120 76.0
3 171 34.0
3 172 66.0
3 175 10.0
4 32 47.0
4 35 52.0
4 70 33.0
4 96 20.0
4 98 6.0
4 105 41.0
4 121 99.0
4 131 91.0
4 142 27.0
4 152 38.0
4 161 42.0
4 169 18.0
4 179 49.0
4 192 20.0
5 40 81.0
5 52 6.0
5 132 84.0
5 143 78.0
5 155 4.0
5 189 7.0
6 12 51.0
6 28 79.0
6 34 42.0
6 36 37.0
6 74 22.0
6 109 13.0
6 141 20.0
6 181 88.0
6 197 4.0
7 18 93.0
7 43 35.0
7 82 7.0
7 103 10.0
7 106 96.0
7 108 14.0
7 152 29.0
7 188 38.0
8 9 2.0
8 66 72.0
8 77 8.0
8 90 30.0
8 133 89.0
8 147 61.0
8 160 31.0
8 187 46.0
8 17 45.0
8 39 26.0
8 58 93.0
8 68 30.0
8 102 33.0
8 114 92.0
8 126 85.0
9 55 40.0
9 57 9.0
9 66 31.0
9 77 98.0
9 90 36.0
9 117 94.0
9 133 49.0
9 147 64.0
9 160 66.0
9 170 54.0
9 187 95.0
9 8 89.0
9 17 43.0
9 39 3.0
9 58 93.0
9 126 79.0
10 29 44.0
10 31 72.0
10 59 13.0
10 61 68.0
10 78 59.0
10 97 76.0
10 99 84.0
10 104 47.0
10 115 90.0
10 174 94.0
11 72 14.0
11 136 84.0
11 175 91.0
11 52 35.0
11 89 77.0
11 101 20.0
11 132 41.0
11 155 33.0
11 189 29.0
11 193 33.0
12 6 91.0
12 28 44.0
12 34 10.0
12 36 67.0
12 73 9.0
12 74 44.0
12 124 33.0
12 138 24.0
12 141 2.0
12 167 24.0
12 181 84.0
12 182 24.0
12 197 3.0
13 24 36.0
13 67 80.0
13 110 70.0
13 112 57.0
13 136 43.0
13 137 52.0
13 144 48.0
13 151 27.0
13 165 62.0
14 2 86.0
14 50 27.0
14 51 63.0
14 64 51.0
14 71 62.0
14 94 40.0
14 116 18.0
14 119 68.0
14 135 84.0
14 143 64.0
14 162 24.0
14 185 43.0
14 194 36.0
14 199 19.0
15 21 93.0
15 26 89.0
15 91 65.0
15 140 75.0
15 173 98.0
16 19 48.0
16 20 76.0
16 38 66.0
16 42 27.0
16 44 22.0
16 69 7.0
16 80 44.0
16 92 33.0
16 113 82.0
16 124 17.0
16 134 80.0
16 138 54.0
16 164 2.0
16 167 17.0
17 9 21.0
17 55 61.0
17 57 29.0
17 147 75.0
17 170 93.0
17 8 5.0
17 39 66.0
17 58 58.0
17 95 80.0
17 122 93.0
17 126 5.0
17 158 76.0
17 183 48.0
17 195 79.0
18 7 94.0
18 43 42.0
18 82 70.0
18 103 35.0
18 106 53.0
18 108 38.0
18 188 44.0
18 198 47.0
19 16 43.0
19 28 88.0
19 36 66.0
19 69 89.0
19 80 59.0
19 100 48.0
19 109 92.0
19 124 18.0
19 141 20.0
19 164 9.0
19 167 89.0
19 176 60.0
19 178 71.0
19 181 78.0
20 16 38.0
20 54 7.0
20 69 66.0
20 81 41.0
20 100 57.0
20 113 42.0
20 145 99.0
20 164 4.0
20 176 44.0
20 22 24.0
20 45 48.0
21 15 56.0
21 26 78.0
21 51 56.0
21 64 93.0
21 84 33.0
21 91 45.0
21 94 25.0
21 116 58.0
21 129 15.0
21 140 99.0
21 173 95.0
21 194 40.0
22 20 60.0
22 48 9.0
22 62 17.0
22 81 93.0
22 130 29.0
22 145 74.0
22 37 70.0
22 45 37.0
22 63 98.0
23 54 73.0
23 41 21.0
23 45 70.0
23 63 82.0
23 87 12.0
23 107 60.0
23 111 11.0
23 139 57.0
23 150 39.0
23 154 8.0
23 168 54.0
23 186 89.0
23 190 20.0
24 13 31.0
24 67 9.0
24 110 64.0
24 112 40.0
24 128 78.0
24 137 59.0
24 144 13.0
24 151 58.0
24 159 68.0
24 165 69.0
24 166 56.0
25 1 19.0
25 30 53.0
25 49 19.0
25 55 63.0
25 57 58.0
25 76 23.0
25 117 56.0
25 123 84.0
25 170 80.0
25 184 81.0
25 88 39.0
25 122 53.0
26 15 77.0
26 21 91.0
26 84 13.0
26 91 3.0
26 140 8.0
26 173 91.0
27 86 90.0
27 127 73.0
27 128 99.0
27 137 59.0
27 146 58.0
27 156 47.0
27 159 42.0
27 191 49.0
28 6 85.0
28 12 19.0
28 19 96.0
28 34 81.0
28 36 51.0
28 80 12.0
28 109 92.0
28 124 90.0
28 138 74.0
28 141 91.0
28 167 8.0
28 178 91.0
28 181 83.0
28 197 88.0
29 3 5.0
29 10 30.0
29 31 24.0
29 46 33.0
29 47 7.0
29 61 55.0
29 78 73.0
29 97 22.0
29 99 2.0
29 115 89.0
29 171 85.0
30 1 86.0
30 25 64.0
30 55 1.0
30 57 82.0
30 76 98.0
30 117 97.0
30 123 81.0
31 3 61.0
31 10 81.0
31 29 23.0
31 46 10.0
31 61 73.0
31 78 69.0
31 97 26.0
31 99 46.0
31 115 17.0
31 171 92.0
31 174 45.0
32 4 36.0
32 35 64.0
32 65 74.0
32 70 44.0
32 96 16.0
32 98 11.0
32 121 17.0
32 131 98.0
32 142 92.0
32 161 80.0
32 169 27.0
32 179 3.0
32 192 74.0
32 200 30.0
33 61 66.0
33 78 84.0
33 79 31.0
33 86 85.0
33 104 62.0
33 127 92.0
33 128 32.0
33 146 55.0
33 166 77.0
33 171 37.0
33 191 84.0
34 6 39.0
34 12 68.0
34 28 7.0
34 36 4.0
34 109 3.0
34 124 74.0
34 141 42.0
34 167 68.0
34 178 36.0
34 181 51.0
34 197 81.0
35 4 10.0
35 32 1.0
35 65 53.0
35 96 47.0
35 105 47.0
35 121 97.0
35 131 97.0
35 142 3.0
35 152 6.0
35 169 5.0
35 179 56.0
35 192 63.0
35 200 22.0
36 6 42.0
36 12 50.0
36 19 91.0
36 28 1.0
36 34 72.0
36 74 65.0
36 80 97.0
36 109 84.0
36 124 43.0
36 138 95.0
36 141 8.0
36 167 58.0
36 178 28.0
36 181 29.0
36 197 43.0
37 48 47.0
37 62 50.0
37 81 25.0
37 130 30.0
37 145 60.0
37 22 4.0
37 45 2.0
37 50 22.0
37 63 60.0
37 87 44.0
37 111 44.0
37 135 10.0
37 186 77.0
38 16 39.0
38 44 66.0
38 73 72.0
38 74 49.0
38 80 39.0
38 114 13.0
38 125 98.0
38 134 95.0
38 138 62.0
38 181 55.0
38 182 11.0
38 183 43.0
38 195 52.0
39 9 58.0
39 57 2.0
39 147 76.0
39 160 98.0
39 170 10.0
39 8 7.0
39 17 95.0
39 58 15.0
39 95 88.0
39 122 4.0
39 126 54.0
39 158 70.0
39 183 22.0
39 195 66.0
40 5 95.0
40 51 92.0
40 52 96.0
40 129 73.0
40 143 1.0
40 162 90.0
40 189 66.0
40 199 4.0
41 23 19.0
41 50 28.0
41 60 32.0
41 63 41.0
41 64 12.0
41 71 61.0
41 84 6.0
41 87 40.0
41 91 91.0
41 94 27.0
41 107 86.0
41 111 7.0
41 116 88.0
41 150 25.0
41 168 33.0
41 185 80.0
41 186 45.0
41 190 71.0
41 194 22.0
42 16 22.0
42 44 20.0
42 62 37.0
42 69 79.0
42 92 28.0
42 113 87.0
42 130 3.0
42 134 19.0
42 149 44.0
42 157 4.0
42 183 52.0
43 7 5.0
43 18 55.0
43 82 27.0
43 106 12.0
43 152 44.0
43 188 81.0
44 16 42.0
44 38 51.0
44 42 50.0
44 74 52.0
44 80 14.0
44 92 63.0
44 113 62.0
44 125 51.0
44 134 2.0
44 138 41.0
44 167 14.0
44 183 93.0
44 195 1.0
45 20 90.0
45 54 28.0
45 81 26.0
45 145 47.0
45 176 3.0
45 22 85.0
45 23 6.0
45 37 20.0
45 63 68.0
45 87 46.0
45 107 53.0
45 111 60.0
45 139 82.0
45 150 49.0
45 154 42.0
45 168 38.0
45 186 58.0
46 3 84.0
46 29 56.0
46 31 8.0
46 47 49.0
46 53 41.0
46 72 76.0
46 97 40.0
46 120 53.0
46 153 65.0
46 172 67.0
47 3 43.0
47 29 47.0
47 46 13.0
47 72 77.0
47 75 36.0
47 97 90.0
47 110 88.0
47 144 35.0
47 171 33.0
47 172 30.0
47 175 52.0
48 62 32.0
48 85 19.0
48 118 4.0
48 130 48.0
48 149 13.0
48 157 39.0
48 22 65.0
48 37 50.0
48 93 25.0
48 163 91.0
49 1 27.0
49 25 52.0
49 76 33.0
49 123 22.0
49 180 19.0
49 184 23.0
49 196 94.0
49 53 52.0
49 120 79.0
49 148 51.0
49 153 8.0
49 85 22.0
49 88 77.0
49 163 20.0
50 2 11.0
50 14 14.0
50 37 89.0
50 41 45.0
50 63 14.0
50 64 50.0
50 71 70.0
50 87 82.0
50 94 67.0
50 107 83.0
50 111 40.0
50 116 17.0
50 135 50.0
50 150 87.0
50 185 87.0
50 186 37.0
50 194 70.0
51 2 31.0
51 14 35.0
51 21 9.0
51 40 98.0
51 64 69.0
51 94 10.0
51 116 34.0
51 129 56.0
51 143 25.0
51 173 30.0
51 194 53.0
51 199 88.0
52 11 20.0
52 136 96.0
52 5 56.0
52 40 92.0
52 89 24.0
52 101 75.0
52 132 11.0
52 143 72.0
52 155 47.0
52 189 11.0
52 199 77.0
53 49 35.0
53 46 30.0
53 72 57.0
53 120 82.0
53 148 63.0
53 172 27.0
53 56 45.0
53 93 31.0
53 163 31.0
53 177 60.0
54 20 39.0
54 81 99.0
54 100 69.0
54 164 17.0
54 176 17.0
54 23 23.0
54 45 17.0
54 87 87.0
54 139 38.0
54 154 8.0
54 186 55.0
55 1 6.0
55 9 20.0
55 25 5.0
55 30 36.0
55 57 55.0
55 76 99.0
55 117 96.0
55 123 93.0
55 170 69.0
55 17 52.0
55 58 73.0
55 88 65.0
55 95 70.0
55 118 35.0
55 122 49.0
55 126 94.0
55 158 84.0
56 53 79.0
56 72 87.0
56 120 58.0
56 148 26.0
56 172 43.0
56 93 92.0
56 101 28.0
56 119 48.0
56 163 72.0
56 177 3.0
56 193 5.0
57 9 8.0
57 25 51.0
57 30 2.0
57 55 76.0
57 76 79.0
57 77 49.0
57 117 61.0
57 147 84.0
57 170 86.0
57 187 5.0
57 17 72.0
57 39 75.0
57 58 1.0
57 95 9.0
57 122 1.0
57 126 78.0
57 158 8.0
58 9 32.0
58 55 58.0
58 57 41.0
58 66 44.0
58 77 27.0
58 117 64.0
58 147 31.0
58 160 21.0
58 170 39.0
58 187 53.0
58 8 84.0
58 17 20.0
58 39 54.0
58 95 18.0
58 122 5.0
58 126 6.0
58 158 16.0
58 183 54.0
58 195 61.0
59 103 30.0
59 10 53.0
59 99 16.0
59 115 67.0
59 174 6.0
59 198 68.0
60 41 47.0
60 64 11.0
60 71 41.0
60 84 35.0
60 91 70.0
60 94 80.0
60 107 63.0
60 111 89.0
60 116 80.0
60 150 84.0
60 168 27.0
60 185 6.0
60 186 11.0
60 190 14.0
60 194 13.0
61 10 57.0
61 29 36.0
61 31 61.0
61 33 45.0
61 75 28.0
61 78 47.0
61 97 78.0
61 104 90.0
61 127 98.0
61 128 15.0
61 144 98.0
61 146 31.0
61 166 51.0
61 171 57.0
62 42 58.0
62 48 53.0
62 81 72.0
62 92 76.0
62 113 79.0
62 130 98.0
62 145 70.0
62 149 81.0
62 157 95.0
62 22 25.0
62 37 60.0
63 81 24.0
63 145 42.0
63 22 86.0
63 23 19.0
63 37 86.0
63 41 43.0
63 45 7.0
63 50 59.0
63 71 8.0
63 87 5.0
63 107 6.0
63 111 4.0
63 116 22.0
63 139 98.0
63 150 23.0
63 154 26.0
63 168 86.0
63 185 31.0
63 186 53.0
63 190 37.0
63 194 1.0
64 2 80.0
64 14 89.0
64 21 8.0
64 41 95.0
64 50 77.0
64 51 10.0
64 60 19.0
64 71 61.0
64 91 14.0
64 94 21.0
64 116 58.0
64 129 77.0
64 143 48.0
64 173 45.0
64 185 87.0
64 194 99.0
65 32 32.0
65 35 17.0
65 96 42.0
65 121 85.0
65 131 22.0
65 142 83.0
65 192 31.0
65 200 76.0
66 9 16.0
66 77 99.0
66 90 48.0
66 133 81.0
66 147 37.0
66 160 5.0
66 187 24.0
66 8 41.0
66 58 21.0
66 126 87.0
67 13 88.0
67 24 76.0
67 75 63.0
67 110 89.0
67 112 50.0
67 128 21.0
67 136 67.0
67 137 20.0
67 144 43.0
67 151 70.0
67 159 60.0
67 165 39.0
67 166 7.0
67 175 77.0
68 8 4.0
68 73 77.0
68 74 73.0
68 102 14.0
68 114 39.0
68 125 19.0
68 182 2.0
69 16 22.0
69 19 48.0
69 20 67.0
69 42 29.0
69 80 95.0
69 100 60.0
69 113 96.0
69 124 9.0
69 134 34.0
69 164 77.0
69 167 52.0
69 176 2.0
70 4 7.0
70 32 31.0
70 105 99.0
70 142 21.0
70 152 42.0
70 169 36.0
71 2 56.0
71 14 15.0
71 41 61.0
71 50 89.0
71 60 2.0
71 63 26.0
71 64 55.0
71 94 50.0
71 107 75.0
71 111 54.0
71 116 54.0
71 150 92.0
71 185 93.0
71 186 99.0
71 190 40.0
71 194 90.0
72 3 58.0
72 11 66.0
72 46 5.0
72 47 41.0
72 53 32.0
72 75 69.0
72 172 98.0
72 175 33.0
72 56 60.0
72 177 80.0
72 193 3.0
73 12 8.0
73 38 47.0
73 68 25.0
73 74 89.0
73 114 71.0
73 125 76.0
73 138 50.0
73 181 53.0
73 182 50.0
74 6 59.0
74 12 57.0
74 36 93.0
74 38 14.0
74 44 97.0
74 68 1.0
74 73 8.0
74 114 34.0
74 125 43.0
74 138 52.0
74 141 10.0
74 181 63.0
74 182 53.0
75 3 28.0
75 47 97.0
75 61 90.0
75 67 22.0
75 72 84.0
75 97 46.0
75 110 44.0
75 112 33.0
75 144 2.0
75 165 36.0
75 166 80.0
75 171 2.0
75 175 72.0
76 1 43.0
76 25 48.0
76 30 17.0
76 49 52.0
76 55 34.0
76 57 46.0
76 117 66.0
76 123 3.0
76 180 18.0
76 184 99.0
76 196 22.0
76 153 52.0
76 88 58.0
77 9 71.0
77 57 85.0
77 66 24.0
77 90 52.0
77 117 66.0
77 133 67.0
77 147 20.0
77 160 24.0
77 170 80.0
77 187 24.0
77 8 72.0
77 58 37.0
77 126 66.0
78 10 28.0
78 29 3.0
78 31 92.0
78 33 43.0
78 61 46.0
78 79 87.0
78 86 59.0
78 97 40.0
78 104 99.0
78 127 27.0
78 128 31.0
78 146 71.0
78 166 51.0
78 171 18.0
79 33 90.0
79 78 99.0
79 86 13.0
79 104 9.0
79 127 40.0
79 146 27.0
79 156 83.0
79 191 29.0
80 16 5.0
80 19 74.0
80 28 62.0
80 36 75.0
80 38 67.0
80 44 59.0
80 69 8.0
80 113 65.0
80 124 54.0
80 134 98.0
80 138 53.0
80 141 35.0
80 167 58.0
80 178 67.0
80 181 45.0
81 20 31.0
81 54 56.0
81 62 25.0
81 145 60.0
81 164 89.0
81 176 11.0
81 22 42.0
81 37 98.0
81 45 84.0
81 63 94.0
81 87 59.0
81 111 58.0
81 139 89.0
81 154 37.0
81 186 23.0
82 7 29.0
82 18 65.0
82 43 21.0
82 103 48.0
82 106 83.0
82 152 74.0
82 188 49.0
83 90 96.0
83 96 48.0
83 98 1.0
83 161 12.0
83 169 51.0
83 179 15.0
83 187 33.0
84 21 18.0
84 26 5.0
84 41 41.0
84 60 55.0
84 91 25.0
84 94 8.0
84 107 94.0
84 116 91.0
84 150 83.0
84 168 48.0
84 185 48.0
84 190 24.0
85 49 56.0
85 184 58.0
85 48 26.0
85 88 18.0
85 118 1.0
85 130 96.0
85 157 47.0
85 93 81.0
85 163 88.0
86 27 75.0
86 33 22.0
86 78 78.0
86 79 56.0
86 104 51.0
86 127 33.0
86 146 40.0
86 156 82.0
86 191 47.0
87 54 84.0
87 81 10.0
87 23 97.0
87 37 11.0
87 41 78.0
87 45 76.0
87 50 64.0
87 63 75.0
87 107 33.0
87 111 74.0
87 139 46.0
87 150 37.0
87 154 24.0
87 168 24.0
87 185 83.0
87 186 12.0
87 190 38.0
88 25 28.0
88 49 89.0
88 55 31.0
88 76 35.0
88 123 60.0
88 184 79.0
88 85 35.0
88 118 99.0
88 122 2.0
88 157 86.0
88 158 60.0
88 163 9.0
89 11 13.0
89 136 53.0
89 52 34.0
89 132 88.0
89 155 79.0
89 189 13.0
90 9 88.0
90 66 44.0
90 77 72.0
90 83 39.0
90 133 71.0
90 147 43.0
90 160 46.0
90 187 44.0
90 8 16.0
91 15 86.0
91 21 98.0
91 26 35.0
91 41 16.0
91 60 81.0
91 64 4.0
91 84 49.0
91 94 21.0
91 116 16.0
91 173 35.0
91 185 25.0
92 16 84.0
92 42 82.0
92 44 97.0
92 62 29.0
92 113 58.0
92 118 45.0
92 130 86.0
92 134 1.0
92 149 38.0
92 157 32.0
92 158 9.0
92 183 56.0
93 53 68.0
93 148 46.0
93 172 16.0
93 48 68.0
93 85 95.0
93 56 49.0
93 101 86.0
93 119 61.0
93 135 83.0
93 163 11.0
93 177 66.0
93 193 9.0
94 2 91.0
94 14 38.0
94 21 33.0
94 41 95.0
94 50 54.0
94 51 27.0
94 60 25.0
94 64 10.0
94 71 76.0
94 84 17.0
94 91 78.0
94 111 65.0
94 116 20.0
94 150 23.0
94 173 58.0
94 185 97.0
94 194 28.0
95 55 36.0
95 57 82.0
95 170 1.0
95 17 1.0
95 39 3.0
95 58 13.0
95 122 34.0
95 126 36.0
95 158 85.0
95 183 72.0
95 195 30.0
96 4 81.0
96 32 87.0
96 35 59.0
96 65 60.0
96 83 79.0
96 98 38.0
96 121 98.0
96 131 43.0
96 142 26.0
96 161 26.0
96 169 96.0
96 179 96.0
96 192 95.0
96 200 92.0
97 3 52.0
97 10 89.0
97 29 27.0
97 31 50.0
97 46 75.0
97 47 43.0
97 61 13.0
97 75 11.0
97 78 5.0
97 166 37.0
97 171 83.0
97 175 68.0
98 4 88.0
98 32 18.0
98 83 17.0
98 96 69.0
98 121 37.0
98 131 72.0
98 142 78.0
98 161 50.0
98 169 51.0
98 179 42.0
98 192 40.0
99 10 43.0
99 29 80.0
99 31 45.0
99 59 74.0
99 115 26.0
99 174 56.0
99 198 74.0
100 19 23.0
100 20 27.0
100 54 92.0
100 69 68.0
100 164 58.0
100 176 99.0
101 11 79.0
101 52 14.0
101 56 65.0
101 93 46.0
101 119 18.0
101 143 25.0
101 162 10.0
101 177 78.0
101 193 81.0
101 199 57.0
102 133 73.0
102 160 96.0
102 8 40.0
102 68 64.0
102 114 72.0
102 125 31.0
102 182 17.0
102 195 75.0
103 7 90.0
103 18 50.0
103 82 97.0
103 106 66.0
103 59 41.0
103 198 50.0
104 10 56.0
104 33 28.0
104 61 28.0
104 78 81.0
104 79 24.0
104 86 7.0
104 127 13.0
105 4 79.0
105 35 73.0
105 70 43.0
105 106 60.0
105 152 28.0
106 7 53.0
106 18 78.0
106 43 41.0
106 82 19.0
106 103 69.0
106 105 35.0
106 108 61.0
106 152 74.0
106 188 77.0
107 23 21.0
107 41 18.0
107 45 34.0
107 50 13.0
107 60 35.0
107 63 61.0
107 71 21.0
107 84 60.0
107 87 71.0
107 111 57.0
107 139 23.0
107 150 36.0
107 154 40.0
107 168 78.0
107 185 92.0
107 186 44.0
107 190 58.0
108 7 43.0
108 18 18.0
108 106 18.0
108 196 28.0
108 115 54.0
108 153 85.0
108 174 99.0
109 6 74.0
109 19 6.0
109 28 26.0
109 34 20.0
109 36 90.0
109 124 73.0
109 141 63.0
109 167 6.0
109 178 12.0
109 181 87.0
109 197 40.0
110 13 81.0
110 24 71.0
110 47 77.0
110 67 42.0
110 75 59.0
110 112 54.0
110 128 52.0
110 137 71.0
110 144 87.0
110 151 12.0
110 159 83.0
110 165 36.0
110 166 59.0
110 171 45.0
110 175 34.0
111 81 78.0
111 23 48.0
111 37 55.0
111 41 70.0
111 45 54.0
111 50 3.0
111 60 79.0
111 63 21.0
111 71 2.0
111 87 67.0
111 94 49.0
111 107 97.0
111 116 52.0
111 139 97.0
111 150 98.0
111 154 46.0
111 168 33.0
111 185 86.0
111 186 46.0
111 190 69.0
111 194 99.0
112 13 75.0
112 24 73.0
112 67 95.0
112 75 63.0
112 110 36.0
112 136 12.0
112 137 55.0
112 144 18.0
112 151 51.0
112 159 9.0
112 165 82.0
112 166 4.0
112 175 18.0
113 16 58.0
113 20 28.0
113 42 74.0
113 44 84.0
113 62 13.0
113 69 46.0
113 80 68.0
113 92 9.0
113 130 86.0
113 134 93.0
113 145 61.0
113 149 20.0
113 164 99.0
114 8 57.0
114 38 52.0
114 68 65.0
114 73 6.0
114 74 6.0
114 102 90.0
114 125 11.0
114 182 27.0
115 108 52.0
115 10 62.0
115 29 58.0
115 31 45.0
115 59 98.0
115 99 79.0
115 174 70.0
116 2 90.0
116 14 25.0
116 21 76.0
116 41 69.0
116 50 91.0
116 51 83.0
116 60 6.0
116 63 93.0
116 64 26.0
116 71 50.0
116 84 31.0
116 91 34.0
116 94 15.0
116 111 91.0
116 150 64.0
116 173 34.0
116 185 77.0
116 186 14.0
116 194 71.0
117 9 13.0
117 25 67.0
117 30 49.0
117 55 48.0
117 57 51.0
117 76 45.0
117 77 71.0
117 147 16.0
117 170 17.0
117 187 56.0
117 58 26.0
117 122 36.0
117 126 50.0
118 55 28.0
118 48 74.0
118 85 11.0
118 88 25.0
118 92 39.0
118 122 2.0
118 130 70.0
118 149 73.0
118 157 9.0
118 158 15.0
119 2 79.0
119 14 70.0
119 56 91.0
119 93 20.0
119 101 38.0
119 135 27.0
119 162 51.0
119 177 90.0
119 193 1.0
120 49 86.0
120 180 38.0
120 184 38.0
120 196 1.0
120 3 48.0
120 46 12.0
120 53 97.0
120 148 62.0
120 153 26.0
120 172 48.0
120 56 95.0
120 163 44.0
121 4 45.0
121 32 82.0
121 35 89.0
121 65 67.0
121 96 10.0
121 98 41.0
121 131 50.0
121 142 23.0
121 161 62.0
121 169 24.0
121 179 55.0
121 192 7.0
121 200 63.0
122 25 52.0
122 55 59.0
122 57 35.0
122 117 66.0
122 170 38.0
122 17 26.0
122 39 12.0
122 58 37.0
122 88 55.0
122 95 2.0
122 118 52.0
122 126 33.0
122 158 6.0
122 183 6.0
123 1 62.0
123 25 35.0
123 30 32.0
123 49 78.0
123 55 80.0
123 76 99.0
123 180 90.0
123 184 65.0
123 196 94.0
123 153 92.0
123 88 48.0
123 163 22.0
124 12 41.0
124 16 15.0
124 19 60.0
124 28 70.0
124 34 56.0
124 36 72.0
124 69 75.0
124 80 14.0
124 109 86.0
124 138 71.0
124 141 12.0
124 167 28.0
124 178 94.0
124 181 67.0
125 38 53.0
125 44 82.0
125 68 84.0
125 73 44.0
125 74 75.0
125 102 61.0
125 114 59.0
125 138 44.0
125 182 98.0
125 183 40.0
125 195 58.0
126 9 40.0
126 55 37.0
126 57 51.0
126 66 90.0
126 77 55.0
126 117 3.0
126 147 79.0
126 160 47.0
126 170 47.0
126 187 21.0
126 8 16.0
126 17 94.0
126 39 97.0
126 58 65.0
126 95 19.0
126 122 22.0
126 158 26.0
126 195 96.0
127 27 1.0
127 33 28.0
127 61 13.0
127 78 55.0
127 79 3.0
127 86 92.0
127 104 92.0
127 128 28.0
127 146 9.0
127 156 63.0
127 166 42.0
127 171 17.0
127 191 65.0
128 24 63.0
128 27 86.0
128 33 62.0
128 61 96.0
128 67 96.0
128 78 85.0
128 110 39.0
128 127 23.0
128 137 46.0
128 144 10.0
128 146 24.0
128 159 3.0
128 165 5.0
128 166 30.0
128 171 60.0
128 191 65.0
129 21 25.0
129 40 98.0
129 51 75.0
129 64 1.0
129 140 91.0
129 143 46.0
129 173 90.0
130 42 44.0
130 48 38.0
130 62 44.0
130 85 51.0
130 92 81.0
130 113 62.0
130 118 67.0
130 145 57.0
130 149 88.0
130 157 18.0
130 22 94.0
130 37 79.0
131 4 12.0
131 32 7.0
131 35 99.0
131 65 15.0
131 96 90.0
131 98 97.0
131 121 85.0
131 142 39.0
131 152 21.0
131 169 7.0
131 179 26.0
131 192 73.0
131 200 48.0
132 11 98.0
132 136 98.0
132 5 33.0
132 52 18.0
132 89 85.0
132 155 9.0
132 189 34.0
133 9 55.0
133 66 27.0
133 77 30.0
133 90 61.0
133 147 38.0
133 160 49.0
133 187 93.0
133 8 36.0
133 102 62.0
134 16 60.0
134 38 23.0
134 42 33.0
134 44 64.0
134 69 15.0
134 80 80.0
134 92 63.0
134 113 75.0
134 149 11.0
134 183 12.0
135 2 44.0
135 14 86.0
135 37 9.0
135 50 10.0
135 93 47.0
135 119 50.0
135 162 74.0
135 177 57.0
136 11 16.0
136 13 77.0
136 67 83.0
136 112 71.0
136 151 73.0
136 52 83.0
136 89 21.0
136 132 77.0
136 155 67.0
136 189 22.0
137 13 85.0
137 24 49.0
137 27 95.0
137 67 44.0
137 110 66.0
137 112 23.0
137 128 69.0
137 144 97.0
137 151 73.0
137 159 53.0
137 165 76.0
137 166 72.0
138 12 54.0
138 16 25.0
138 28 5.0
138 36 17.0
138 38 74.0
138 44 93.0
138 73 41.0
138 74 35.0
138 80 30.0
138 124 25.0
138 125 21.0
138 141 74.0
138 167 17.0
138 181 8.0
138 182 4.0
139 54 38.0
139 81 61.0
139 176 76.0
139 23 67.0
139 45 48.0
139 63 85.0
139 87 47.0
139 107 92.0
139 111 15.0
139 154 78.0
139 168 55.0
139 186 40.0
139 190 69.0
140 15 87.0
140 21 72.0
140 26 5.0
140 129 46.0
140 173 9.0
141 6 34.0
141 12 82.0
141 19 29.0
141 28 18.0
141 34 34.0
141 36 44.0
141 74 79.0
141 80 40.0
141 109 5.0
141 124 12.0
141 138 21.0
141 167 67.0
141 178 11.0
141 181 38.0
141 197 65.0
142 4 33.0
142 32 55.0
142 35 71.0
142 65 17.0
142 70 22.0
142 96 51.0
142 98 27.0
142 121 13.0
142 131 73.0
142 152 27.0
142 161 29.0
142 169 20.0
142 179 28.0
142 192 46.0
142 200 85.0
143 2 30.0
143 5 30.0
143 14 18.0
143 40 69.0
143 51 63.0
143 52 28.0
143 64 1.0
143 101 6.0
143 129 27.0
143 162 50.0
143 199 4.0
144 13 53.0
144 24 36.0
144 47 3.0
144 61 13.0
144 67 53.0
144 75 65.0
144 110 35.0
144 112 98.0
144 128 41.0
144 137 45.0
144 146 62.0
144 151 65.0
144 159 89.0
144 165 98.0
144 166 44.0
144 171 64.0
144 175 99.0
145 20 66.0
145 62 71.0
145 81 74.0
145 113 2.0
145 130 44.0
145 149 40.0
145 176 47.0
145 22 42.0
145 37 31.0
145 45 16.0
145 63 80.0
146 27 98.0
146 33 55.0
146 61 81.0
146 78 11.0
146 79 78.0
146 86 39.0
146 127 26.0
146 128 52.0
146 144 57.0
146 156 15.0
146 159 94.0
146 165 74.0
146 166 64.0
146 171 31.0
146 191 24.0
147 9 42.0
147 57 32.0
147 66 50.0
147 77 14.0
147 90 94.0
147 117 73.0
147 133 21.0
147 160 64.0
147 170 26.0
147 187 57.0
147 8 42.0
147 17 52.0
147 39 31.0
147 58 44.0
147 126 87.0
148 49 79.0
148 180 4.0
148 184 3.0
148 196 90.0
148 53 45.0
148 120 98.0
148 153 73.0
148 172 91.0
148 56 51.0
148 93 48.0
148 163 75.0
149 42 34.0
149 48 93.0
149 62 1.0
149 92 45.0
149 113 39.0
149 118 62.0
149 130 24.0
149 134 66.0
149 145 67.0
149 157 73.0
150 23 69.0
150 41 32.0
150 45 27.0
150 50 15.0
150 60 24.0
150 63 80.0
150 71 80.0
150 84 5.0
150 87 87.0
150 94 97.0
150 107 33.0
150 111 8.0
150 116 90.0
150 154 18.0
150 168 22.0
150 185 99.0
150 186 56.0
150 190 92.0
150 194 40.0
151 13 9.0
151 24 9.0
151 67 73.0
151 110 66.0
151 112 24.0
151 136 22.0
151 137 26.0
151 144 10.0
151 159 78.0
151 165 2.0
151 175 86.0
152 4 19.0
152 7 43.0
152 35 2.0
152 43 38.0
152 70 33.0
152 82 8.0
152 105 68.0
152 106 57.0
152 131 13.0
152 142 40.0
152 188 45.0
152 192 27.0
153 1 34.0
153 49 93.0
153 76 27.0
153 108 95.0
153 123 62.0
153 180 24.0
153 184 37.0
153 196 98.0
153 46 6.0
153 120 71.0
153 148 62.0
154 54 92.0
154 81 83.0
154 23 70.0
154 45 27.0
154 63 33.0
154 87 97.0
154 107 49.0
154 111 9.0
154 139 19.0
154 150 5.0
154 168 57.0
154 186 31.0
154 190 92.0
155 11 81.0
155 136 41.0
155 5 82.0
155 52 80.0
155 89 15.0
155 132 85.0
155 189 59.0
156 27 25.0
156 79 72.0
156 86 90.0
156 127 66.0
156 146 3.0
156 191 19.0
157 42 12.0
157 48 41.0
157 62 23.0
157 85 83.0
157 88 7.0
157 92 17.0
157 118 24.0
157 130 22.0
157 149 13.0
158 55 77.0
158 57 42.0
158 170 32.0
158 17 89.0
158 39 26.0
158 58 91.0
158 88 43.0
158 92 77.0
158 95 18.0
158 118 5.0
158 122 28.0
158 126 96.0
158 183 75.0
158 195 30.0
159 24 24.0
159 27 82.0
159 67 61.0
159 110 28.0
159 112 21.0
159 128 71.0
159 137 54.0
159 144 6.0
159 146 98.0
159 151 2.0
159 165 17.0
159 166 54.0
159 191 73.0
160 9 54.0
160 66 34.0
160 77 89.0
160 90 40.0
160 133 61.0
160 147 67.0
160 187 78.0
160 8 1.0
160 39 36.0
160 58 24.0
160 102 34.0
160 126 85.0
161 4 32.0
161 32 55.0
161 83 97.0
161 96 81.0
161 98 25.0
161 121 42.0
161 142 81.0
161 169 13.0
161 179 23.0
161 192 33.0
162 2 27.0
162 14 36.0
162 40 36.0
162 101 77.0
162 119 77.0
162 135 34.0
162 143 25.0
162 177 86.0
162 193 54.0
162 199 36.0
163 49 30.0
163 123 45.0
163 184 69.0
163 53 1.0
163 120 8.0
163 148 14.0
163 48 32.0
163 85 63.0
163 88 53.0
163 56 26.0
163 93 99.0
164 16 56.0
164 19 71.0
164 20 11.0
164 54 32.0
164 69 72.0
164 81 61.0
164 100 77.0
164 113 26.0
164 176 87.0
165 13 19.0
165 24 1.0
165 67 99.0
165 75 90.0
165 110 25.0
165 112 42.0
165 128 37.0
165 137 34.0
165 144 77.0
165 146 5.0
165 151 95.0
165 159 69.0
165 166 51.0
165 175 72.0
166 24 36.0
166 33 77.0
166 61 8.0
166 67 59.0
166 75 6.0
166 78 88.0
166 97 70.0
166 110 92.0
166 112 14.0
166 127 18.0
166 128 63.0
166 137 93.0
166 144 55.0
166 146 46.0
166 159 68.0
166 165 26.0
166 171 35.0
166 175 1.0
167 12 96.0
167 16 56.0
167 19 63.0
167 28 13.0
167 34 68.0
167 36 66.0
167 44 10.0
167 69 61.0
167 80 23.0
167 109 34.0
167 124 22.0
167 138 20.0
167 141 89.0
167 178 93.0
167 181 25.0
168 23 92.0
168 41 86.0
168 45 8.0
168 60 81.0
168 63 11.0
168 84 37.0
168 87 37.0
168 107 44.0
168 111 59.0
168 139 96.0
168 150 44.0
168 154 81.0
168 185 78.0
168 186 97.0
168 190 43.0
169 4 29.0
169 32 3.0
169 35 12.0
169 70 8.0
169 83 64.0
169 96 65.0
169 98 58.0
169 121 17.0
169 131 9.0
169 142 32.0
169 161 11.0
169 179 46.0
169 192 41.0
170 9 6.0
170 25 51.0
170 55 20.0
170 57 21.0
170 77 68.0
170 117 70.0
170 147 87.0
170 187 16.0
170 17 21.0
170 39 9.0
170 58 59.0
170 95 4.0
170 122 7.0
170 126 23.0
170 158 50.0
171 3 89.0
171 29 20.0
171 31 82.0
171 33 93.0
171 47 89.0
171 61 12.0
171 75 98.0
171 78 49.0
171 97 77.0
171 110 44.0
171 127 40.0
171 128 46.0
171 144 47.0
171 146 45.0
171 166 35.0
171 175 54.0
172 3 34.0
172 46 73.0
172 47 73.0
172 53 2.0
172 72 81.0
172 120 14.0
172 148 38.0
172 56 32.0
172 93 64.0
172 177 74.0
172 193 56.0
173 15 15.0
173 21 68.0
173 26 69.0
173 51 19.0
173 64 86.0
173 91 49.0
173 94 59.0
173 116 49.0
173 129 72.0
173 140 83.0
174 108 6.0
174 10 30.0
174 31 56.0
174 59 44.0
174 99 99.0
174 115 42.0
175 3 79.0
175 11 76.0
175 47 35.0
175 67 1.0
175 72 62.0
175 75 97.0
175 97 80.0
175 110 58.0
175 112 59.0
175 144 74.0
175 151 34.0
175 165 8.0
175 166 92.0
175 171 16.0
176 19 27.0
176 20 96.0
176 54 94.0
176 69 26.0
176 81 98.0
176 100 66.0
176 145 81.0
176 164 72.0
176 45 22.0
176 139 62.0
177 53 43.0
177 72 20.0
177 172 46.0
177 56 17.0
177 93 13.0
177 101 25.0
177 119 83.0
177 135 12.0
177 162 7.0
177 193 41.0
178 19 42.0
178 28 24.0
178 34 46.0
178 36 4.0
178 80 95.0
178 109 22.0
178 124 44.0
178 141 43.0
178 167 57.0
178 181 37.0
178 197 69.0
179 4 74.0
179 32 99.0
179 35 54.0
179 83 45.0
179 96 50.0
179 98 79.0
179 121 75.0
179 131 10.0
179 142 89.0
179 161 81.0
179 169 84.0
179 192 10.0
180 1 27.0
180 49 23.0
180 76 24.0
180 123 52.0
180 184 85.0
180 196 30.0
180 120 95.0
180 148 10.0
180 153 68.0
181 6 22.0
181 12 61.0
181 19 55.0
181 28 90.0
181 34 35.0
181 36 71.0
181 38 13.0
181 73 1.0
181 74 99.0
181 80 57.0
181 109 72.0
181 124 45.0
181 138 59.0
181 141 44.0
181 167 98.0
181 178 97.0
181 197 41.0
182 12 10.0
182 38 4.0
182 68 50.0
182 73 4.0
182 74 69.0
182 102 12.0
182 114 56.0
182 125 22.0
182 138 12.0
183 17 31.0
183 38 2.0
183 39 43.0
183 42 29.0
183 44 17.0
183 58 75.0
183 92 68.0
183 95 54.0
183 122 41.0
183 125 74.0
183 134 8.0
183 158 10.0
183 195 39.0
184 1 46.0
184 25 45.0
184 49 26.0
184 76 8.0
184 123 55.0
184 180 33.0
184 196 80.0
184 120 42.0
184 148 33.0
184 153 3.0
184 85 57.0
184 88 95.0
184 163 46.0
185 2 17.0
185 14 73.0
185 41 41.0
185 50 13.0
185 60 24.0
185 63 5.0
185 64 31.0
185 71 91.0
185 84 33.0
185 87 62.0
185 91 69.0
185 94 8.0
185 107 62.0
185 111 5.0
185 116 13.0
185 150 89.0
185 168 5.0
185 186 62.0
185 190 45.0
185 194 4.0
186 54 51.0
186 81 11.0
186 23 83.0
186 37 4.0
186 41 45.0
186 45 9.0
186 50 1.0
186 60 70.0
186 63 31.0
186 71 10.0
186 87 88.0
186 107 69.0
186 111 98.0
186 116 3.0
186 139 85.0
186 150 10.0
186 154 25.0
186 168 89.0
186 185 73.0
186 190 72.0
186 194 51.0
187 9 4.0
187 57 29.0
187 66 95.0
187 77 55.0
187 83 76.0
187 90 9.0
187 117 50.0
187 133 97.0
187 147 26.0
187 160 52.0
187 170 92.0
187 8 85.0
187 58 91.0
187 126 47.0
188 7 24.0
188 18 74.0
188 43 67.0
188 82 54.0
188 106 53.0
188 152 34.0
189 11 81.0
189 136 38.0
189 5 79.0
189 40 97.0
189 52 68.0
189 89 98.0
189 132 43.0
189 155 78.0
190 23 24.0
190 41 70.0
190 60 45.0
190 63 75.0
190 71 89.0
190 84 1.0
190 87 43.0
190 107 63.0
190 111 16.0
190 139 10.0
190 150 39.0
190 154 72.0
190 168 51.0
190 185 69.0
190 186 17.0
191 27 82.0
191 33 93.0
191 79 44.0
191 86 83.0
191 127 42.0
191 128 67.0
191 146 68.0
191 156 48.0
191 159 71.0
192 4 41.0
192 32 75.0
192 35 11.0
192 65 73.0
192 96 83.0
192 98 94.0
192 121 3.0
192 131 67.0
192 142 87.0
192 152 96.0
192 161 98.0
192 169 2.0
192 179 86.0
192 200 80.0
193 11 36.0
193 72 2.0
193 172 5.0
193 56 56.0
193 93 21.0
193 101 81.0
193 119 43.0
193 162 95.0
193 177 79.0
193 199 23.0
194 2 42.0
194 14 2.0
194 21 2.0
194 41 27.0
194 50 8.0
194 51 65.0
194 60 69.0
194 63 96.0
194 64 74.0
194 71 44.0
194 94 94.0
194 111 67.0
194 116 77.0
194 150 64.0
194 185 93.0
194 186 3.0
195 17 47.0
195 38 84.0
195 39 43.0
195 44 70.0
195 58 5.0
195 95 36.0
195 102 77.0
195 125 28.0
195 126 31.0
195 158 11.0
195 183 82.0
196 1 23.0
196 49 88.0
196 76 50.0
196 108 28.0
196 123 49.0
196 180 42.0
196 184 41.0
196 120 92.0
196 148 91.0
196 153 1.0
197 6 6.0
197 12 25.0
197 28 21.0
197 34 74.0
197 36 67.0
197 109 12.0
197 141 88.0
197 178 32.0
197 181 22.0
198 18 95.0
198 103 38.0
198 59 48.0
198 99 49.0
199 2 66.0
199 14 12.0
199 40 51.0
199 51 99.0
199 52 47.0
199 101 28.0
199 143 92.0
199 162 31.0
199 193 93.0
200 32 49.0
200 35 7.0
200 65 33.0
200 96 20.0
200 121 91.0
200 131 86.0
200 142 5.0
200 192 40.0
