146.33963596345464 15.810146236021282 0.0
139.2775403070256 128.3644391485473 0.0
95.81370185027238 102.24002395215295 0.0
82.49599425098637 155.34424881220227 0.0
132.15335041149535 33.033473689682324 0.0
154.19051628783777 115.14528919335478 0.0
181.352113540185 57.48536664590822 0.0
131.74313010102202 135.35945449576707 0.0
14.9760206180644 28.363587255628975 0.0
85.18937170333396 161.62591020935088 0.0
31.38828103328639 153.13341429285327 0.0
77.75643791641753 79.40267619903318 0.0
64.5734566613588 97.91727317925914 0.0
106.05233114705675 105.43217043390428 0.0
127.329991454319 183.03864937613872 0.0
112.16293767941414 14.01914197110774 0.0
129.38888596901546 156.85070918740382 0.0
124.32827108131934 26.715892204040138 0.0
176.05552346747558 63.65149647634656 0.0
138.53307747912777 38.73633790200854 0.0
49.26056019320784 31.839397491176147 0.0
40.26100791858849 81.39710853298834 0.0
100.44498757381346 0.06390176678245929 0.0
83.82578467181435 127.11014806559007 0.0
43.493416020204464 71.97842899238123 0.0
196.10665692871578 131.92825097206878 0.0
25.96881936505131 144.3034185904734 0.0
52.17968698203712 180.37114318739276 0.0
78.19093002996603 88.25949420114962 0.0
82.25030956222031 148.23656971289998 0.0
192.23960794510594 81.03213155256006 0.0
112.45680217141565 31.327215056802583 0.0
66.7535260233708 81.7807203512727 0.0
16.528283485348204 1.501019084633648 0.0
168.43361234902343 125.80654667080663 0.0
160.9449122001916 146.17879915144937 0.0
7.449718146013518 70.84573680985767 0.0
163.16216758513767 123.41989300992479 0.0
1.4880989968302671 71.05482621151758 0.0
150.6248594135307 21.902928686830904 0.0
11.966260309315778 177.10810638230905 0.0
107.7109624338147 153.6254003609724 0.0
175.98086940323583 64.9275270460224 0.0
28.40905667371796 126.86243259454895 0.0
28.84353143149294 180.91744265286843 0.0
54.447516119006465 147.90147521015277 0.0
114.59809776966743 158.17812727770226 0.0
171.75743555912055 82.29642378459619 0.0
115.70247617294747 6.023420997176121 0.0
162.5655216564267 169.8610640706449 0.0
198.09684916968473 104.2295998124998 0.0
166.07706941677856 32.3484334084478 0.0
164.16922489038944 43.793957213487225 0.0
187.62336082813889 138.73914190820292 0.0
133.6684560687837 47.58326248858937 0.0
14.311771385420368 0.2883657906029402 0.0
31.403779539479416 77.10379866190877 0.0
44.63099062759399 55.957676667732905 0.0
150.6090419332504 185.72616492826526 0.0
120.12784010077038 78.58455076917575 0.0
82.13892948342951 14.049770565851682 0.0
159.1861377830391 183.11884028942805 0.0
152.20338606035187 139.69325513876996 0.0
36.10227555168646 150.48216795096056 0.0
195.135672178649 91.64893279587749 0.0
123.06608247711222 194.08268148777248 0.0
2.7284526571953682 18.4405964559333 0.0
18.319695913524182 90.74423170472056 0.0
137.96138465125685 59.675903201177995 0.0
20.681250540620198 173.78552399549633 0.0
178.48279171158828 12.185849545138083 0.0
78.78415116739524 43.211460571956174 0.0
63.99700136403808 104.79558343735884 0.0
42.79686990634082 186.4553368382304 0.0
61.748049745611034 199.87230346452765 0.0
77.05218503112219 22.837224389250487 0.0
135.57945779871113 125.14754186564873 0.0
53.92893295258785 185.88032991113087 0.0
6.588894852783089 105.91269881717797 0.0
42.49329183672543 139.85382276599134 0.0
127.18561810018056 15.538317784411749 0.0
29.820760755515472 90.38700205171276 0.0
155.39753301477356 191.36905100122746 0.0
168.58408560757368 193.72641189120412 0.0
112.56396547915135 73.3978911372714 0.0
131.40632594328184 95.18396193538746 0.0
35.08911264795582 114.7248164224665 0.0
170.64242184734945 34.55072751505111 0.0
189.72030799245022 85.65652682442766 0.0
31.666700206505794 144.7276580908603 0.0
11.854288253073486 47.405521761529656 0.0
148.4076775352515 139.55093150954437 0.0
47.66370836197251 106.69832567832664 0.0
161.78578464825287 137.7663785950187 0.0
133.37512835960754 179.20425429448846 0.0
144.87350285527606 102.33379392902049 0.0
28.818957506825438 187.54765397736102 0.0
193.01161899252705 87.7186999578336 0.0
137.4106580096222 198.76812590840734 0.0
42.77925760457939 182.55549476155744 0.0
191.01176915714765 166.44475226632264 0.0
120.62949190949672 111.04267572144808 0.0
55.65828802790447 184.30205069613194 0.0
90.1663608721442 113.65723792037184 0.0
122.93299287243423 80.9667266497236 0.0
166.4531410258519 166.25197557641386 0.0
91.79739301096814 189.64606649104547 0.0
196.40589657285514 16.32599593904782 0.0
116.98807200667905 11.85024269821695 0.0
166.24025742793978 116.23526700936557 0.0
102.62120236488728 60.88241356619295 0.0
190.1035827288005 115.33659133068082 0.0
153.43803351235056 18.672081920865892 0.0
158.43854597317286 136.53505475544225 0.0
61.16341086579258 68.6286679137337 0.0
80.28848433580795 7.431363039329852 0.0
199.73818099121684 77.54390329523444 0.0
140.6686232725822 142.2422655993974 0.0
130.72559707707364 191.17316170063145 0.0
12.29165668318577 77.89369099908703 0.0
178.9808389787965 180.97738619932548 0.0
10.34996442687457 156.16277442719735 0.0
28.71178904189584 133.60892126131765 0.0
59.72096932457538 113.47163169950609 0.0
11.348330301264475 10.07602124141731 0.0
155.8761729282859 190.91216950286233 0.0
9.176433968195541 18.12241333776545 0.0
43.93837952427273 9.307873697705915 0.0
182.48245551543465 39.20986987308823 0.0
14.74582802395683 67.59501098687872 0.0
42.9919697637315 130.5933045957362 0.0
22.44589196587963 117.53231812995453 0.0
142.67673822703514 183.32941474021658 0.0
165.05512583859428 43.724756991298605 0.0
24.542280470329914 158.66152661775195 0.0
137.5864750377585 35.17347379154025 0.0
90.79766804499516 148.07485592991645 0.0
166.758596864351 173.04072592679657 0.0
83.848279648501 6.4178558719039325 0.0
166.96614515017774 79.04499716970952 0.0
146.8411706942884 92.8370749059767 0.0
19.104153368590325 169.87823516412922 0.0
133.03189333075153 120.87429638670284 0.0
167.00351175036278 145.26352378511058 0.0
167.03064880376093 66.92648270996418 0.0
150.64869121293913 0.7482355914350869 0.0
26.02464338140338 115.37048208166061 0.0
51.012995980456324 101.05415251896113 0.0
105.36270219208292 129.00605021648101 0.0
108.26048920348326 75.7826670264395 0.0
160.42711927252068 125.07237605299733 0.0
193.2280230951837 106.4997337517272 0.0
75.50690246069067 109.94472956915624 0.0
161.51471540212762 162.70176316791864 0.0
0.42558828758705314 179.71951207636897 0.0
0.17035539062615346 113.89027679693196 0.0
116.9657977720833 29.247554155048626 0.0
88.88821348351756 195.95961896233845 0.0
49.67196808754193 128.77698559055193 0.0
40.77191493473107 42.328706432035965 0.0
119.40143172525799 25.21864561555094 0.0
62.15989197858826 3.724199896190683 0.0
53.03345784441811 104.14853330129574 0.0
176.65527924223883 175.2492109943177 0.0
9.034601380479446 109.0133630974079 0.0
195.42287607809425 25.348077777735533 0.0
56.11799674289273 155.60684161405453 0.0
183.97910530733944 178.50442525474088 0.0
151.02315175621263 102.73587539600229 0.0
175.11478805055336 141.9861544750596 0.0
1.4819220509153297 144.09743644585365 0.0
8.25476497451907 186.67773673133726 0.0
171.72547373588628 171.73841652649588 0.0
37.472296576446816 193.01659111893338 0.0
190.4259225440362 28.072340818601504 0.0
43.540409808006686 55.27693928358166 0.0
54.755569762541015 11.278396596502471 0.0
9.816257839743226 0.9212206286542513 0.0
189.28569971773354 128.00974698585907 0.0
77.41874098969998 126.46544069290158 0.0
14.73581104566235 197.68972537342773 0.0
182.07365871404554 177.28168640133302 0.0
9.123457904336373 4.2760161552468645 0.0
193.1646949554002 105.98737771090046 0.0
102.65372830651064 64.22452191026913 0.0
24.942647631525205 32.54753286874639 0.0
37.72654781199143 33.48617060211525 0.0
170.509351591674 98.94278418567588 0.0
146.72907154495724 111.72147970615973 0.0
21.10684112020167 162.23253993604476 0.0
52.81946059819225 18.519213588399918 0.0
176.40626229212663 102.06913743560571 0.0
82.69734525357195 14.257154642764469 0.0
125.90525567272392 132.19552849655386 0.0
95.39549550520272 17.344425491011005 0.0
187.20647340296586 100.18547467458312 0.0
177.41610373580318 129.93642282107112 0.0
23.86399183745165 135.66187092243155 0.0
32.07426091699119 25.815029668206147 0.0
33.64849153047291 164.45537038540274 0.0
99.70025914759522 76.97829656353004 0.0
197.49603658626992 144.64199482017847 0.0
85.3913393155868 199.58529749214188 0.0
10.069464750144274 0.12503350050416806 0.0
42.29265562684588 185.2534902473486 0.0
74.77535704353461 128.40309457925474 0.0
60.92629536798424 150.30751438825982 0.0
39.24374423373331 41.39269756760178 0.0
148.8761040155201 83.42979161355983 0.0
171.69156073349947 161.65034049291768 0.0
50.17536209185715 101.26494932539197 0.0
34.255209112432716 41.065668557651456 0.0
150.0332154754417 131.8816823717351 0.0
196.29137440677582 95.07375378593235 0.0
38.07495601899977 137.59709909551324 0.0
148.8094848197559 152.66117816070923 0.0
162.06022105199818 61.52031887925708 0.0
130.61320021189923 110.91713716605045 0.0
94.08234587394426 36.273500328754096 0.0
57.392370677132945 152.60735805330046 0.0
52.54103353039397 28.70018707492017 0.0
156.92097892081173 136.22515025775522 0.0
75.71970466282778 10.972289685517644 0.0
56.680694882630256 100.2005410973831 0.0
26.587841456699746 146.35866910564502 0.0
144.64360854352128 136.42490612412212 0.0
23.487778792873403 157.01983050328838 0.0
29.611902234996677 182.9751885632466 0.0
137.65442461310766 1.5447657906166867 0.0
64.42620913550809 161.89827211260902 0.0
76.0554383902295 31.547602731254187 0.0
163.51851079705878 145.1426418858493 0.0
76.8285061516137 119.49322875291 0.0
145.69941507791398 70.2011394719165 0.0
184.6313647882739 54.02264313789007 0.0
163.73383372775126 146.75497271496158 0.0
44.50932620518921 184.4003657344216 0.0
44.173022886987454 96.58593587281534 0.0
155.4240961407596 62.307760936832054 0.0
154.07510099668897 151.25019086337895 0.0
158.37674174985008 77.05773269103733 0.0
135.66017434270427 95.48358716555308 0.0
199.09674226620456 9.407787503982634 0.0
105.61027439255442 189.03506156183028 0.0
101.55808373028445 39.500010456524116 0.0
102.63837468083044 125.60121591778184 0.0
16.12251964244582 36.058125564312185 0.0
85.11482315954191 94.7617275498522 0.0
164.89899128582962 126.8232751017277 0.0
29.95357779241128 101.29180541736118 0.0
96.9474817327523 4.311816288162196 0.0
64.62468065744198 165.95447532810616 0.0
87.2445181644516 156.3299284851266 0.0
76.07355919879899 82.8520853915394 0.0
165.86656725021066 27.281400106327247 0.0
83.49162404763383 40.64283067059598 0.0
147.63675947372437 14.156550275387293 0.0
36.29690560375043 28.40490836000256 0.0
147.51932217026967 180.19180309476738 0.0
4.347382337187877 141.65723182517948 0.0
13.335205939611395 29.540912609997626 0.0
164.32377473548212 80.02232369946256 0.0
84.91147621268547 27.900541129504507 0.0
154.3826566688171 85.24359216070194 0.0
97.5660872330912 176.88436949679138 0.0
68.59474384940121 106.74563770878322 0.0
87.868653606831 54.04140958756154 0.0
193.3473447778351 101.6529306536872 0.0
30.90703223483553 115.76596494045299 0.0
149.80397063985714 77.15869208428947 0.0
40.82847187730228 126.94798804740104 0.0
199.67819969745872 165.36235366070844 0.0
100.21317219741506 129.064392924661 0.0
95.99292085663949 84.17062078205258 0.0
48.87725332948818 187.51318885948257 0.0
16.160186321406655 182.583630444367 0.0
158.9910102048925 69.34416068254026 0.0
1.6309117065409273 94.66432214714484 0.0
50.93762830401045 194.14106430145495 0.0
146.5277793161774 33.71565036935 0.0
163.12632743054186 73.6621465006097 0.0
127.08872086536248 146.66690777677277 0.0
79.01326531051329 9.947168243827399 0.0
144.4124466204484 118.39691333941164 0.0
135.8722961105935 56.95079471041908 0.0
164.9115176312601 166.69837840832705 0.0
92.39697581727087 167.36368555051982 0.0
86.04257841525683 100.81444420976122 0.0
16.004136789968992 44.13426875316419 0.0
129.2973436930686 29.954765947516847 0.0
165.74845413906633 95.30563855118163 0.0
168.10210431228768 2.925248473032127 0.0
93.04650912941487 51.13372897555133 0.0
35.187440277636895 135.9819874572783 0.0
59.947883808533 44.054307813756786 0.0
122.15406311427846 43.246615016696 0.0
183.47989783407746 74.91802176953001 0.0
183.3746029562108 22.49670237668886 0.0
54.6316813042242 193.0142495698744 0.0
187.03534554312373 68.87157845530776 0.0
151.83227687024305 2.756049532177407 0.0
118.03589216633603 190.01036067604858 0.0
171.31663385257673 76.50008725467818 0.0
30.628890680966503 78.36564268953748 0.0
30.56227031691856 100.82702908219838 0.0
173.09588221943358 159.91274960863748 0.0
166.01863214157672 112.70930305148114 0.0
62.41957589136935 183.20117505292274 0.0
42.64004086491242 192.34492142037004 0.0
173.82673661738517 38.67123123565859 0.0
120.27231575805324 71.03735442435475 0.0
28.240043712948793 5.3856010105034935 0.0
80.73222116763866 85.35327474306578 0.0
110.09134460234485 110.80199775638498 0.0
109.45782175559657 162.89131619706498 0.0
28.612704002450194 158.93972383365417 0.0
46.89708180340115 60.3467233630518 0.0
47.63579633230173 33.26949360665308 0.0
77.34092883305156 91.15827928414883 0.0
152.0942188946397 112.88237819142965 0.0
106.69619293885202 77.87538295657552 0.0
193.83738541301022 53.9703775513205 0.0
95.73281882302187 43.48484223311087 0.0
165.02863584030052 183.3776780077466 0.0
161.6288494493036 16.288430984538316 0.0
84.31445939218027 126.95813052046302 0.0
38.175731579058336 64.52382088528859 0.0
149.11548374029059 52.701140540406556 0.0
93.79551509547144 99.77308737479792 0.0
106.80432333782106 47.064704766670374 0.0
146.5607275103864 92.30454360680471 0.0
28.199061511942315 62.68085613419909 0.0
186.69649143733503 126.84523513956145 0.0
28.715482833960348 176.57535138565487 0.0
19.583859184820152 193.88291253145184 0.0
175.68515512960724 180.2700586197812 0.0
176.07210433759627 159.44799883292586 0.0
44.7603912824972 186.61294876184203 0.0
1.9469379365110617 185.42749842914748 0.0
143.99145568899309 182.90727028091976 0.0
34.69065396855817 182.8144266452118 0.0
111.07510258335178 85.88801815498893 0.0
3.2092013695281807 71.89791073656546 0.0
7.437936888838426 61.32027950424508 0.0
44.990354119677804 96.25061639088943 0.0
182.23190318458666 59.470765380777536 0.0
25.196104946820363 191.47174761648532 0.0
59.983370602257004 87.43024573350864 0.0
163.48153503182252 44.995504202432016 0.0
17.551337985708248 90.24128860782874 0.0
126.87148544102837 199.87626774468512 0.0
59.21434472954079 45.012134708196115 0.0
130.81533704559996 153.313550388651 0.0
73.11973239802913 185.67429271419988 0.0
5.579374570994511 79.78114680544834 0.0
57.992927732083665 170.76775327651475 0.0
31.425185681067468 168.97658150298415 0.0
45.918581831932514 82.6145262217344 0.0
23.561661426605184 10.408485726484162 0.0
115.16930976654392 3.4676269957420347 0.0
56.64722030189546 179.2910573529609 0.0
86.47199585153842 152.6991784333139 0.0
158.65789839709151 182.516390420964 0.0
26.76559909157783 188.81800024076668 0.0
75.22604893767699 8.82699070387789 0.0
146.41843266604567 81.08348408381943 0.0
8.09349837925537 93.91230049828737 0.0
69.03709025521798 137.70914093904858 0.0
65.11193436223235 159.00476903639986 0.0
177.4130378581199 141.12585210600696 0.0
24.262536024359505 110.6523673397692 0.0
194.81721402766686 85.50129074758974 0.0
110.45577357078844 199.6961642256466 0.0
147.76677384476918 137.68866896455614 0.0
11.411449973980714 129.0831230758558 0.0
174.55241555212154 150.00441745816798 0.0
117.70809049282276 172.99570946602438 0.0
93.22861671817493 141.7110827286842 0.0
162.1298633139133 23.881682746532483 0.0
23.4332436940903 35.808111936542495 0.0
54.72824762125925 19.318772522729553 0.0
68.31709189853852 188.71003307552542 0.0
162.55477598305447 17.250719691413565 0.0
106.02787272984267 82.61777595107 0.0
166.81018431165694 85.98252996615685 0.0
114.60735223072082 163.8657275964235 0.0
145.19440448088744 154.42450562501074 0.0
159.82430806201506 5.253474488878407 0.0
73.53090382335571 28.42608951375376 0.0
12.380080387548741 146.34786983147268 0.0
118.27788535759079 120.64217348728302 0.0
129.08755223731055 122.96757954352795 0.0
100.32797960331776 64.22602921054614 0.0
32.03845348423613 135.53881109224847 0.0
150.53711336004127 84.74461522437022 0.0
150.43793974094677 125.73752979847465 0.0
48.712271592189694 190.06361398392193 0.0
151.69944729644496 131.80998067189566 0.0
40.32695604971357 104.55105189020763 0.0
81.55693919453253 75.18995686990367 0.0
59.022210970175394 21.79989422890514 0.0
57.36565987190567 194.50775905193427 0.0
47.99011129539495 79.17172845705889 0.0
14.426612060518075 187.812384814074 0.0
69.62577110655499 167.8149722914803 0.0
92.08400792404434 149.80506674856414 0.0
120.37280922358302 83.41284672158686 0.0
64.50905479210489 198.10878187494865 0.0
26.47649654148454 95.76770260096113 0.0
170.4974385446329 71.07496304793159 0.0
86.39768612424636 169.43005011370064 0.0
177.27199416025115 149.35522631154814 0.0
46.929762898208516 102.9320144614156 0.0
125.19600813379358 104.44240955396491 0.0
152.5999946419123 170.7866795930427 0.0
143.4668522658458 109.61188630464657 0.0
191.72552481537844 50.26617838743754 0.0
1.273463633793659 62.17055985346802 0.0
77.5335001015037 94.07309506884441 0.0
64.56548226112562 160.64764283747425 0.0
149.04384847724776 170.37121244485766 0.0
65.4957122376321 56.537752573820654 0.0
53.95217514482533 133.24323533441523 0.0
159.76185701573763 57.433524257607104 0.0
184.5394426180688 109.49469732761963 0.0
146.48729826757685 96.86145737926515 0.0
177.67410660211397 191.8247601258251 0.0
55.94495496488865 5.861244161804069 0.0
161.26141752323628 13.736272627336788 0.0
172.34222422082277 22.325480821231046 0.0
32.03372230420503 48.158939845464246 0.0
152.04906129999137 56.343111148752655 0.0
83.3645768005869 119.61102193199365 0.0
22.065352396601924 193.26661751368422 0.0
166.8286698033432 148.82661718853146 0.0
99.18779877470611 60.9494903227749 0.0
67.51844909265768 159.12703262135318 0.0
57.250573600188595 13.577025236745444 0.0
100.6675843482922 65.4164136637151 0.0
87.97806307342037 191.74017301030503 0.0
95.92032725040882 139.53333352518558 0.0
150.4021030177683 6.878594376184166 0.0
125.62495738236557 99.79150375600163 0.0
84.46017254471683 67.94578539835885 0.0
154.81855641188565 107.8945574066402 0.0
76.30504654424584 19.125514306109782 0.0
43.10940698502639 173.01115505485004 0.0
6.020462381168468 189.65558510622614 0.0
12.452345956905475 160.648446500258 0.0
182.85154252366556 170.29132053351182 0.0
9.851565996026746 183.06331686253202 0.0
78.72253321023135 25.66783451413408 0.0
140.31429164694686 8.302552537294105 0.0
107.72875182442058 27.796680346267564 0.0
122.91786987122492 66.56448391808236 0.0
67.45349891651509 153.15903280488783 0.0
131.64196487771514 55.42634634539603 0.0
157.37486858859012 124.33412776757848 0.0
22.656431696844926 49.583089439452934 0.0
120.2913795852081 96.8282387556042 0.0
21.044688298335036 6.0949647756686876 0.0
14.609476731645499 192.74603685089275 0.0
42.481329624683895 22.742718194308154 0.0
18.499953094499478 165.17273792333756 0.0
159.17186813568972 54.94090988195202 0.0
91.34446178476729 140.6120456083911 0.0
84.40152842770252 25.761299924739657 0.0
73.55730214385774 31.551329475081815 0.0
146.32905761215395 173.9698670105819 0.0
92.78174504148524 37.202253879764456 0.0
49.20064867979534 76.58263195086678 0.0
162.62427934892497 57.6914222309544 0.0
178.94801897722763 55.296940334182175 0.0
9.504077913089581 35.45231951750891 0.0
100.17389317602701 30.256431511735784 0.0
43.859221067202256 7.296270305342456 0.0
12.817055398866062 119.95958126623529 0.0
3.865156003945369 1.6168492111569455 0.0
89.32833664655058 2.7231340481497 0.0
142.9850089056468 47.408530464236655 0.0
196.97783106118055 52.963387590574214 0.0
107.085307202435 75.25720385632198 0.0
124.95284218689453 144.65979742826661 0.0
52.51492729353029 185.18641644923625 0.0
82.19495816488644 174.71707109428436 0.0
93.4589671050615 32.22007753807154 0.0
109.46388049329204 0.5432106014248816 0.0
35.04337881877577 137.7487113626053 0.0
157.90458258821783 9.012865415473904 0.0
148.0802720653593 173.26300132694575 0.0
126.43345423097811 138.08660393393595 0.0
72.0078386558973 82.74488207142512 0.0
121.54822157271124 57.70854523453135 0.0
194.49291314968804 110.98309668446467 0.0
5.7053931933157775 183.20610590590292 0.0
49.32823644362969 187.30652245255214 0.0
134.19811052355175 42.26740451625015 0.0
198.67059470260057 77.70532057352494 0.0
45.50631943722423 45.6732555059548 0.0
121.3300173002704 63.036409669561344 0.0
166.38028695691048 122.31235748085942 0.0
15.734295938157473 26.986370608336884 0.0
120.45744225452573 170.6097790779475 0.0
144.35717613306517 144.69140477373293 0.0
188.0017148775656 51.350460837508 0.0
195.8125943232608 51.3906368805656 0.0
54.393519417587434 100.98092754547613 0.0
121.48143795350512 40.21545350805613 0.0
6.287616524475537 79.82411185532459 0.0
15.451313244371502 89.1943255829602 0.0
186.89517585131307 86.24357829790208 0.0
49.71393050893151 149.7789230766563 0.0
5.63534904026719 65.64514182944663 0.0
50.97873931263908 142.67406805144464 0.0
112.44085805533213 122.30537829222914 0.0
11.125508531270123 101.48053820919931 0.0
93.29100343312055 102.36806100725681 0.0
60.23264050636919 80.63626700682435 0.0
21.084679503435044 57.95118480859654 0.0
199.28202673945987 1.368195496047342 0.0
4.755029114341913 25.158738607213294 0.0
189.05536477852826 147.8433967595349 0.0
119.56636232841124 52.893010378266034 0.0
22.400832655106974 145.43483438710132 0.0
172.82310459347428 4.714712900751139 0.0
168.96324883809478 153.99354045102456 0.0
61.75959459433251 122.5998013375599 0.0
74.63466162898726 91.24566618184535 0.0
14.168517381102298 89.29345522277667 0.0
22.396606302143972 164.9093706643847 0.0
167.36499803362545 155.06319543186663 0.0
16.889236430367017 36.85302434014768 0.0
137.3722692108517 5.0047277469357 0.0
41.9565025757328 168.59291459234896 0.0
57.75397339691119 34.655601334216456 0.0
58.580841713615904 104.65502866285674 0.0
26.307239666198324 174.52342594640265 0.0
60.03463483030473 38.80221025749388 0.0
187.86967938771716 158.23682149846493 0.0
181.74002223212196 177.85438180604322 0.0
2.7825483276644247 164.37902322462986 0.0
75.24248122431365 168.80626798845282 0.0
3.091389978296988 78.66541070985917 0.0
98.86779581338791 187.17347726688135 0.0
122.35446491729505 20.977959462971917 0.0
152.04607796992116 197.97442725569857 0.0
99.96848160831584 60.87112437335933 0.0
185.95049867288046 195.48213283467229 0.0
107.21003288796567 5.515175906243552 0.0
160.0125511365641 103.85649475849957 0.0
19.730305493448807 185.64463549144506 0.0
82.03960788691163 77.99416291767385 0.0
70.02972762220803 87.93104723604213 0.0
169.07475136443335 182.40982092183066 0.0
153.47815631251535 86.30074771190922 0.0
96.80274353874319 45.68903966424542 0.0
32.73536684216949 10.070019051138 0.0
167.22020629551216 89.02963661985068 0.0
87.96567445658398 53.371466681651356 0.0
17.452104461109762 109.61492036396628 0.0
94.02950051807701 178.1970987867518 0.0
17.010609255112286 163.03879685391465 0.0
170.87383201390873 92.48504532826405 0.0
156.4566190655057 33.72925081410063 0.0
149.6325738727435 95.02855150538872 0.0
17.338155849104318 108.29332323718997 0.0
124.48681434215796 170.58732805252185 0.0
131.4440011064385 173.93323256788025 0.0
119.12411014099722 91.43296796255902 0.0
86.82493061850292 152.5598666818713 0.0
186.67502935818376 135.66165995529443 0.0
118.69903806459337 50.95639504241702 0.0
83.29409790309481 167.95903998877745 0.0
35.271627104396956 58.321412105605575 0.0
108.09150424272778 45.10353856049658 0.0
171.6642945465315 154.74746652540009 0.0
185.91093246901147 6.346185259196169 0.0
39.56180495500197 7.667452351365589 0.0
184.487888279267 87.90633525235891 0.0
45.84949729010517 128.02792661942178 0.0
3.8120886820879107 61.17440268586438 0.0
90.42798083886932 33.9248980030882 0.0
153.0563647377631 135.8142743194442 0.0
21.555907852850442 126.66431942414573 0.0
139.2237926625409 91.80947517199489 0.0
26.48580298962946 122.68592197910904 0.0
31.703653269615216 8.598971491718643 0.0
65.82182291267058 4.51572936667064 0.0
38.21596671686527 144.79985476963074 0.0
21.94250630852388 154.8890786013992 0.0
30.163442977483122 188.61574817531036 0.0
124.99557829352838 20.412563055296594 0.0
89.19865383887289 46.881482580659565 0.0
44.38596490532818 114.60985280926866 0.0
111.85340037337785 169.79595621603832 0.0
189.34219813557658 14.922951150196017 0.0
105.36621838013849 118.7467428420018 0.0
49.06053155334049 34.21695686380015 0.0
35.38309983926686 76.2316471155172 0.0
21.09001018814829 54.56299558258302 0.0
144.99553974641034 69.73381694596532 0.0
126.03597944892142 199.5505823657425 0.0
154.61904911579745 35.50871175244541 0.0
87.32343868049428 191.10710906065768 0.0
73.50444652392436 83.59272475344348 0.0
66.67573426114362 187.77889662092045 0.0
106.213114220018 41.944837943926586 0.0
89.12824955508904 33.654685604964115 0.0
121.17669580903 155.48426083642119 0.0
65.81065970797314 160.58898670554188 0.0
163.50056847176475 94.8885147174434 0.0
128.39548783059905 81.10941908689652 0.0
140.45965424798362 190.36809661618793 0.0
126.02472024510749 85.36854175557602 0.0
85.67402681622636 47.23528608707135 0.0
3.6903416461998573 12.727411655444332 0.0
116.74102877368533 22.93629626685789 0.0
180.4586306219319 7.034508125021155 0.0
141.1394886322378 49.31756814116979 0.0
176.59221298747042 184.39041435788445 0.0
136.51081397702703 169.24846221630003 0.0
0.5378769854801568 143.16496472386856 0.0
33.960775545789886 123.32424862641476 0.0
199.91222219497115 28.260408894737555 0.0
66.81477578742235 170.2248490111607 0.0
5.031292302551327 25.090454670697483 0.0
112.29861277028006 53.40630981972174 0.0
49.1944039039919 103.47177595714821 0.0
49.90565777169527 37.1535794216959 0.0
136.84642623960437 157.60107570500355 0.0
87.75054661567509 26.62473112582553 0.0
48.906852809014836 195.51732912246342 0.0
166.99842525554956 159.36830006297924 0.0
23.968024890917405 119.92550439943514 0.0
144.49803162473023 109.89697030659391 0.0
134.7290426287083 111.98443442419592 0.0
75.03572612621592 84.25249832505386 0.0
90.94576959755042 80.63827896878202 0.0
167.1668784883192 98.09815908043677 0.0
43.34161391789877 72.29746327970746 0.0
70.36988799084638 29.726718050814394 0.0
137.33764538189388 149.1515201862384 0.0
66.30733212302677 118.47340289497082 0.0
71.1248257901312 39.12290170981123 0.0
83.26766184169226 39.37494492801892 0.0
149.51506290836838 36.447395832275895 0.0
30.400035138050963 26.517322101417196 0.0
93.17196272691652 189.09321601213267 0.0
157.143935045087 140.3663856231724 0.0
162.2361089654065 147.70756034071238 0.0
183.29410882166397 78.4771364170415 0.0
184.02392879017933 170.5058946799756 0.0
16.430762386069063 114.3289369556551 0.0
36.39305086939759 79.49580503185452 0.0
175.98361730509174 15.635562524448222 0.0
31.53130104249533 45.653809941900334 0.0
176.98784708858364 141.33052890670257 0.0
69.34046233514614 144.15017592927455 0.0
91.62867832649948 145.5296940737039 0.0
185.25002829803148 65.44315629110366 0.0
102.96078925065915 27.124666073816783 0.0
4.210136446660062 194.04085266462687 0.0
92.72741621748557 55.2622218529526 0.0
30.777134925629547 73.95528074316123 0.0
163.9933632546 173.81633795417 0.0
54.619059395503555 68.34993370835679 0.0
89.34508162953225 42.061152962685135 0.0
31.432560692650036 190.60855937320994 0.0
196.70000599102465 104.10462415769706 0.0
11.176728339704622 35.02952424871888 0.0
157.3065202117703 196.2443226843321 0.0
28.69346805881028 67.57667808449821 0.0
124.30484451201602 199.25820218634075 0.0
146.1980050940652 50.59420788196442 0.0
85.25830432669312 121.74495771612266 0.0
42.78725072664611 70.11945278787228 0.0
138.35346730395457 160.97998404236588 0.0
83.02780837637359 110.40433866925032 0.0
79.50669660413254 129.35451145118878 0.0
64.84943925726449 177.48254843424257 0.0
196.40369477961175 157.31722192254102 0.0
46.38385867210877 12.096206410922573 0.0
105.53778475210578 187.83900761911565 0.0
182.052864217886 52.022260391804394 0.0
39.60159639344154 62.77321538378875 0.0
160.12375907062702 104.81551020361135 0.0
195.12598175681998 168.0852426060199 0.0
27.114205614619525 174.2116535350641 0.0
184.04903829185375 52.776964707451015 0.0
108.8426067639108 46.91025422555066 0.0
97.93713403289577 165.43293525286052 0.0
193.58424884383282 191.184313434528 0.0
189.86895376811054 62.666972883228446 0.0
129.70745581377292 44.73937415569016 0.0
106.532552355502 135.34922660112875 0.0
108.32810257543149 76.4719290181834 0.0
161.8746398051395 71.34545600332135 0.0
150.93484226987383 95.25333781211418 0.0
133.68012319884448 127.60169438154338 0.0
102.60157810200403 148.59196854420918 0.0
85.74929730787882 19.75921962212741 0.0
143.31759240666483 5.003000103129507 0.0
170.87883766444253 54.086119312009 0.0
73.13002580028127 46.14172339034195 0.0
53.64208403577659 24.36343852028251 0.0
1.2072428807880842 8.232870939917936 0.0
107.0029269160746 175.46536618590684 0.0
174.5958774126993 7.054935305736043 0.0
83.08689336671233 195.72460189874755 0.0
119.35825036367966 56.71515220003727 0.0
135.9718772298339 141.77545141408717 0.0
34.9410810170377 49.677262259232705 0.0
83.15019495818741 22.418868892308662 0.0
82.04026729684139 103.98074262380213 0.0
32.35260149302586 72.15523003709028 0.0
34.89079511109574 103.3168745257996 0.0
171.71405357950468 130.3820800369161 0.0
130.82474328091462 156.60342517179686 0.0
23.799940422568987 8.85581708433203 0.0
43.104464605384926 185.92635716890175 0.0
197.80071433484898 77.86768299127458 0.0
127.45210043381594 115.19358920751219 0.0
39.241831431391326 130.6860734787697 0.0
48.36062279905897 176.57225079369968 0.0
172.84492270505206 96.16880473606481 0.0
178.18569305523505 77.75763199790006 0.0
161.71535864661956 161.05033841900865 0.0
180.18162110821385 180.34839629802343 0.0
164.82022308669042 136.26076878434472 0.0
136.0588729484456 28.07933676154246 0.0
164.75990428887945 55.73475482864281 0.0
59.30455164562471 133.38941996636663 0.0
59.125551777795614 31.520237472445856 0.0
47.421351365218946 81.77949543686593 0.0
61.273690912426694 105.59832361119071 0.0
69.40462253558091 145.64054400535886 0.0
40.13831295452868 36.67726147363557 0.0
59.19111783003108 112.70997952278256 0.0
43.73995706716891 39.32501988937418 0.0
191.47719890882183 129.0399888305022 0.0
97.34018653287319 53.15653134280254 0.0
153.2181977064362 32.33854951593067 0.0
44.72902160962682 161.39321574557826 0.0
92.28482161529874 108.77023713924991 0.0
109.92200100096208 100.96399849549434 0.0
124.16645958796447 44.780619707940986 0.0
196.58245687215364 10.418574259118142 0.0
8.275373386398321 65.2343947877745 0.0
113.7738023969191 47.27517086037787 0.0
67.31974692583762 50.13427333725018 0.0
119.18563038780914 73.02679793795082 0.0
16.377732796558742 4.413881253599472 0.0
4.766439106785558 51.881311703212084 0.0
92.7185792485305 18.774728467610124 0.0
14.734935217987388 138.4123769689475 0.0
133.0810872460307 4.263751756667911 0.0
182.23092329751483 39.649824509661926 0.0
32.03364821163983 9.264530216304955 0.0
198.40580913776984 128.73961458612015 0.0
133.20419018041753 34.80183166695805 0.0
86.54178882182568 160.15500325121127 0.0
154.58241790808196 152.53571291759204 0.0
143.82798044527615 90.54222250241399 0.0
29.76083360652655 199.54796378110282 0.0
34.71066915699434 44.63548903603203 0.0
158.89500550324874 175.00020635426296 0.0
172.27399743661712 82.27766684691147 0.0
6.327727242851 95.96961317111625 0.0
7.896432933548669 120.43460203825498 0.0
156.2356411943304 83.24467748877574 0.0
164.46746888190899 143.19255904317595 0.0
43.32109857758142 42.590054191762185 0.0
94.7380335607202 93.07986139529254 0.0
12.485959554356763 82.96612504022272 0.0
123.91713363871479 178.6553510467346 0.0
129.58821858351118 170.41540074094524 0.0
144.41638219241037 156.15787835793665 0.0
64.79632440261764 54.804452611255705 0.0
70.68306305873367 47.112535500113296 0.0
0.7201271296000344 26.33675949395593 0.0
33.35146163528777 139.1409636950886 0.0
79.41151525793634 159.72821403159458 0.0
194.48127078629648 183.8246534367905 0.0
195.49178817053402 186.1637150518855 0.0
199.44095020963792 53.321585464011314 0.0
167.0769283426249 196.62989520304052 0.0
46.0329248260124 146.53832648376064 0.0
71.83595024416204 24.945398412836518 0.0
147.7466223384135 146.01103453923872 0.0
22.43163360463962 184.78688587948494 0.0
195.5644409484725 118.25058192140263 0.0
73.75693490756652 42.23542370216678 0.0
81.53469205709503 23.15846232323915 0.0
103.79448691936612 93.84441476975131 0.0
37.364722346812876 52.22170096138905 0.0
190.59063609222946 189.9569281791146 0.0
62.57647797851891 50.546625680225034 0.0
19.749548041468557 93.97673401709616 0.0
69.30575457758562 194.3928630716808 0.0
0.01693363754149413 100.52393936128323 0.0
