2 656
7 15
8 505
9 998
11 899
14 291
17 813
16 768
19 444
18 33
22 514
25 181
24 464
29 385
31 182
34 759
38 701
39 377
36 924
42 450
40 422
41 134
46 411
44 524
50 230
49 680
48 763
55 191
54 368
59 795
58 307
57 627
63 257
62 761
61 25
68 596
71 747
64 165
76 871
78 683
73 598
75 91
84 830
87 664
86 965
80 492
83 602
82 85
93 11
92 389
95 922
94 102
88 96
102 150
100 250
101 53
98 427
97 752
109 663
106 674
107 718
104 528
118 46
116 79
127 273
126 560
125 953
123 1
122 884
136 381
139 391
138 18
142 500
129 203
131 327
130 972
135 369
152 772
157 681
158 792
146 538
148 943
149 153
151 821
171 765
170 853
168 360
175 828
172 895
160 823
167 561
166 495
187 452
184 172
188 101
179 242
177 428
205 231
204 204
206 297
200 242
203 140
202 297
199 265
193 82
222 347
217 680
218 764
219 887
215 645
208 846
239 940
238 102
234 260
228 853
224 536
252 602
253 487
248 51
246 60
247 845
241 330
275 350
274 778
273 447
272 132
279 766
278 159
276 558
283 610
282 815
280 985
287 595
286 649
284 761
258 180
263 973
267 449
264 454
271 364
268 908
269 364
307 439
306 868
309 979
308 326
311 27
316 677
318 667
288 871
289 501
290 970
292 441
295 843
296 217
299 440
301 763
302 755
303 755
343 803
341 724
338 469
337 701
336 924
350 25
349 670
347 211
346 975
345 727
344 903
327 699
325 72
335 155
329 365
373 694
375 701
374 398
369 794
371 662
370 463
381 851
380 442
383 692
377 410
376 751
379 16
378 751
357 580
358 667
352 902
353 346
355 906
365 200
367 323
360 498
362 918
363 217
410 983
408 50
409 477
414 134
415 971
413 790
402 573
400 210
401 99
406 497
407 387
393 698
387 453
385 179
389 362
440 647
441 355
445 674
432 424
434 867
437 355
439 315
431 954
430 709
419 89
418 77
423 608
478 848
479 250
477 899
475 723
473 758
470 113
471 876
469 251
467 780
460 575
459 209
455 277
454 707
453 763
452 538
450 522
449 499
448 601
507 637
500 571
496 635
497 759
498 124
499 327
492 905
495 322
489 761
490 463
485 954
484 847
481 297
480 433
482 415
550 701
547 827
544 48
545 77
554 896
555 700
552 389
553 415
560 153
575 576
573 823
571 602
570 40
569 598
516 933
517 293
518 708
527 400
523 228
533 554
534 241
528 518
531 21
530 358
536 680
538 230
610 534
611 689
609 476
615 162
613 360
622 993
623 328
627 55
631 736
630 818
635 207
634 541
637 151
636 682
576 75
577 447
578 444
579 932
580 559
581 937
582 106
583 44
588 800
590 857
591 140
593 729
592 982
595 180
599 60
605 548
607 40
687 934
684 467
683 572
682 549
680 941
679 874
678 691
676 991
674 714
673 127
672 832
702 50
703 565
699 332
697 706
694 67
695 476
691 394
653 821
654 307
648 47
651 379
644 268
647 715
646 835
643 228
666 980
661 137
662 322
663 833
747 865
746 312
745 675
744 322
751 423
749 806
748 11
739 179
737 47
743 350
741 896
762 770
766 220
764 342
765 286
753 129
758 937
759 28
757 104
713 756
714 633
716 465
704 868
706 972
708 546
710 263
729 75
733 498
735 110
720 871
721 403
722 567
724 264
726 523
727 356
800 176
790 896
789 858
787 411
786 615
784 499
798 417
795 94
794 196
793 674
792 351
774 917
775 138
772 556
771 833
768 977
783 598
778 483
779 788
776 420
777 731
