2 704
4 461
7 728
8 589
9 943
10 603
11 386
12 290
15 703
16 756
19 155
21 518
22 424
24 945
27 888
29 66
31 421
34 123
32 745
33 528
36 345
37 505
41 281
46 610
47 97
44 511
45 578
53 422
59 412
56 259
63 333
70 639
65 575
76 421
73 367
74 272
75 430
87 194
81 951
83 687
92 789
95 117
90 347
102 523
103 748
101 955
98 106
111 996
106 1
105 465
118 949
117 782
125 943
123 268
121 191
120 585
136 108
138 229
141 260
140 448
143 944
142 927
129 61
128 316
130 785
132 126
135 289
152 85
155 731
158 62
150 719
169 621
175 309
174 949
163 848
162 928
160 8
167 838
165 505
164 595
187 672
190 499
188 622
189 480
178 93
179 22
177 827
182 323
180 27
181 76
204 515
201 893
200 677
203 335
202 476
197 746
196 736
193 86
194 642
216 897
217 51
218 427
219 999
212 351
213 125
215 328
208 340
210 720
237 751
236 687
234 745
233 924
232 848
229 557
228 440
227 962
226 591
225 802
224 992
255 524
253 99
250 992
251 141
249 542
246 527
244 966
242 469
243 92
240 641
272 72
279 502
277 719
281 441
280 804
286 882
258 155
257 367
263 891
264 52
271 760
269 157
305 673
304 677
306 259
315 715
317 244
316 479
318 265
294 530
298 493
300 723
301 79
302 48
303 982
341 885
340 737
338 330
337 401
336 749
350 493
349 256
346 920
344 697
326 963
327 201
324 558
325 5
321 524
334 232
333 976
329 293
373 723
375 406
369 634
368 361
370 12
381 119
380 618
383 999
376 136
379 137
378 35
358 455
359 386
353 278
364 457
367 439
360 417
361 339
362 187
411 591
408 851
414 304
402 26
401 951
407 962
404 280
395 804
392 60
399 517
398 267
386 397
385 169
390 422
441 575
443 228
446 882
434 435
439 702
425 877
424 756
419 171
418 208
421 824
420 153
422 536
478 368
476 301
477 47
472 107
468 916
469 961
466 48
467 544
452 967
451 490
449 340
448 351
508 529
509 180
511 106
504 556
506 774
507 949
501 486
502 140
497 531
493 819
495 828
494 44
488 420
491 0
490 763
484 839
487 867
486 71
481 444
480 580
482 284
551 406
547 681
544 714
545 740
557 919
554 579
555 545
552 647
567 549
566 884
565 143
563 552
560 479
575 524
574 67
573 811
572 84
570 62
517 641
513 895
514 172
515 106
524 51
525 207
526 543
520 166
521 48
533 143
535 300
534 717
528 659
531 188
530 112
540 426
539 435
610 380
611 409
608 493
614 282
612 565
613 413
618 747
619 701
617 929
622 348
623 173
620 391
627 911
624 863
630 879
629 26
635 701
638 755
636 185
582 995
583 761
584 862
585 170
589 120
590 407
593 861
595 279
594 849
598 141
600 767
603 780
604 601
607 98
685 2
684 161
683 839
680 924
679 752
678 814
677 125
675 161
674 837
703 953
700 188
698 934
699 696
695 700
690 778
691 835
688 788
653 428
652 90
655 735
654 369
651 131
650 910
644 576
646 572
641 535
640 58
642 866
668 360
670 524
665 448
667 425
662 559
663 396
656 612
659 258
746 113
751 927
749 540
739 155
738 367
736 702
743 174
742 19
740 501
760 632
764 310
765 460
758 378
756 984
715 170
717 749
716 573
719 694
718 19
705 636
704 629
707 705
706 698
709 177
708 453
730 798
733 69
734 845
720 715
722 362
724 597
727 289
800 748
789 619
788 717
787 675
785 21
784 949
799 937
798 588
775 288
772 297
770 881
768 869
782 697
776 288
777 600
