3 972
6 9
8 178
9 973
10 629
11 608
13 945
15 482
17 505
16 402
18 426
28 932
30 189
42 631
43 746
40 540
47 455
44 243
54 621
58 697
57 169
56 726
63 514
62 66
61 226
69 260
70 51
71 117
64 103
65 236
77 904
79 672
73 617
74 134
75 175
84 756
87 147
80 174
83 458
82 113
92 155
95 125
94 718
89 900
102 706
101 118
98 875
96 806
97 874
109 798
106 388
107 310
104 451
105 685
115 237
114 959
113 817
112 473
125 964
121 180
136 950
141 441
140 526
129 551
128 896
131 943
133 191
135 129
134 846
159 335
144 564
146 11
147 492
149 100
151 977
169 92
175 417
174 922
173 418
162 187
161 601
160 910
167 448
191 900
189 36
178 761
182 123
180 192
181 58
204 379
207 214
201 580
202 33
197 5
199 924
198 908
193 836
220 655
223 932
216 168
218 698
219 975
213 699
214 36
210 929
238 179
235 503
234 222
233 493
231 894
230 100
226 985
255 520
253 902
250 445
251 582
248 87
249 287
243 976
240 490
274 439
273 816
272 238
278 930
283 603
282 162
281 821
280 346
287 299
285 865
259 588
257 734
262 130
263 659
261 419
266 24
267 476
265 966
271 357
268 904
269 834
304 486
308 947
310 418
313 684
312 396
315 726
316 400
319 505
318 970
288 432
291 216
293 614
294 378
295 959
296 113
297 57
298 607
301 511
302 935
303 368
342 683
336 251
351 566
349 915
348 247
344 32
327 426
324 179
322 193
323 758
320 69
334 870
335 928
333 876
330 770
328 88
329 699
372 935
375 527
374 286
368 287
383 350
379 480
356 450
357 71
358 773
352 541
353 79
354 918
355 725
365 189
367 272
360 704
362 12
363 452
410 985
411 574
408 30
414 984
415 481
413 40
400 103
401 329
406 859
407 549
404 891
395 615
394 831
392 118
385 261
384 334
389 74
388 649
444 864
432 660
433 215
437 458
424 877
428 555
431 680
416 59
419 666
418 937
423 525
422 539
477 459
474 364
475 295
472 509
470 608
469 28
464 802
465 631
463 827
460 705
459 765
458 611
456 524
455 123
454 119
453 867
451 627
449 681
499 320
493 821
495 465
494 409
491 65
483 438
