102.20543921229459 72.56124956794503 0.0
198.02655004953573 147.75451062470552 0.0
197.0734151343474 52.63716226990631 0.0
115.06905659057387 187.43587250004592 0.0
109.02342430576128 186.0105812353811 0.0
73.94735570511573 3.504527191129325 0.0
147.04175258442916 44.12136611940436 0.0
119.13992749193862 37.48529398976572 0.0
88.87539504182651 196.87643591226148 0.0
82.90189058366614 25.587001621367666 0.0
186.95338399439146 130.4731980124882 0.0
22.168641100714726 84.36505311919666 0.0
96.61359710481409 109.35003125341025 0.0
154.13520056240247 167.19868275817166 0.0
25.518105362266176 105.60983055939555 0.0
7.460758472434814 161.90155064627598 0.0
103.335460389925 139.7703162155978 0.0
159.36818562177194 198.4170116416864 0.0
27.213535463374193 3.4527158695525806 0.0
38.47859835438201 140.43240195905696 0.0
51.26200930455931 167.62819961783725 0.0
39.04137212058772 145.879252169931 0.0
157.2087051953288 119.29923985796935 0.0
14.290337578856693 198.6694099841117 0.0
168.58945270538246 15.000946550136263 0.0
94.97715191276899 37.64963290249628 0.0
52.27642467266569 191.26516565733763 0.0
113.703206679914 138.6401806468158 0.0
88.84512529824802 130.1979890567535 0.0
106.491732589694 141.55571607239492 0.0
187.22566136549995 142.57913826638438 0.0
10.112006018599073 156.98955410761013 0.0
169.27911400568624 101.39943700808706 0.0
176.98803493653548 135.27525829977114 0.0
156.38519908445673 35.51049946823333 0.0
89.09419526885559 135.92221051779157 0.0
52.8227545401158 76.06848939364453 0.0
68.06081019879248 96.45481036484192 0.0
139.66979173476733 137.711630015031 0.0
50.7828396636632 167.0675743450964 0.0
168.14528847412114 11.919036420569483 0.0
28.145208777038768 51.14130712273273 0.0
72.76011889467982 51.75610238526107 0.0
129.0486226402121 71.54839240390551 0.0
112.33988839769368 135.21968096238152 0.0
172.74003569319956 68.80788746699895 0.0
90.92772584863746 108.65389240244103 0.0
9.522179971464094 129.53413199207665 0.0
110.77036380552168 32.215441430197586 0.0
123.23700640276316 142.25520883554083 0.0
66.03627450188378 76.12488980825842 0.0
178.48804399906228 82.56051913493663 0.0
198.60973593271746 49.44837802213675 0.0
61.387171241013604 140.6695095767485 0.0
106.25026843543795 82.41193372709847 0.0
84.6813979206429 121.89640953203862 0.0
18.60195394893145 128.75838803189941 0.0
6.4358116468781645 174.1186255550559 0.0
137.98259789960878 106.41470699233555 0.0
146.01891533546598 26.23930475663625 0.0
179.578031626325 52.7454345239645 0.0
171.95705542863033 157.76729925035943 0.0
139.61203969278503 34.92560351263221 0.0
83.29493119501844 62.02072269475751 0.0
170.25780685589356 126.47444958604719 0.0
109.41940841679771 14.092926635718793 0.0
46.50210093703724 137.74896374337814 0.0
112.8742208526217 109.6026766593016 0.0
72.86860759796132 171.20416901568035 0.0
195.5135466260626 1.383063696518838 0.0
196.8523223257596 61.48483565488103 0.0
180.41255736277608 128.64649749801495 0.0
171.11203111168652 155.92112922074966 0.0
70.27353795929918 106.79592579236088 0.0
37.91337770082315 92.75852364210652 0.0
67.63640270042819 125.9353172057637 0.0
197.01018412439157 42.46009660188965 0.0
83.02274667845148 92.26512274870757 0.0
62.09719431294489 91.67720048675294 0.0
54.21290454100918 38.93138130473284 0.0
11.162484987313714 69.99217658784926 0.0
53.17576401898187 31.52986138943461 0.0
192.51333078496467 146.29482544494866 0.0
66.74148721620566 198.34946230936973 0.0
160.9444306128857 154.66184725975936 0.0
102.92745873016946 26.571925452537638 0.0
87.46288928579824 48.86660929868629 0.0
96.89825467990988 83.02769204143053 0.0
11.179472453509941 130.1541543045978 0.0
168.86055797321407 41.74060946585192 0.0
83.42118254348112 144.67427987509524 0.0
120.76449558942777 130.3769346102186 0.0
191.81528063729826 4.973364387849322 0.0
49.50289259255971 43.846906094220174 0.0
146.0404217742592 154.2033754606212 0.0
1.3705336683649927 15.690078918135054 0.0
157.13568506200372 62.21425855135902 0.0
95.865623315078 86.5081846297268 0.0
48.70370427066859 19.453892629904203 0.0
106.4861016975611 63.59242466069421 0.0
101.03947272483656 77.6073761374217 0.0
101.99364596751872 27.024587120744357 0.0
48.161463907549276 75.1654339600372 0.0
23.688620881290866 104.91442594218287 0.0
122.91736734229424 181.61941319684786 0.0
2.559493756983744 14.068446866635576 0.0
176.78173632462432 95.73817469941612 0.0
4.740517741502903 142.26805737319995 0.0
188.65836904758123 141.3900694907714 0.0
34.53190043216108 134.46791554072192 0.0
120.94543929749241 18.630881778714393 0.0
21.30686044953496 37.608035478816234 0.0
81.31676680870316 88.28655549451973 0.0
69.950367702049 57.36609323754889 0.0
105.11789935625984 195.01723717796781 0.0
164.0446479137522 85.05916177370744 0.0
185.97101476585672 166.85703712203502 0.0
76.83689029909462 164.0368909204264 0.0
51.127919040975044 68.48170946811523 0.0
167.09482938663925 182.29102778358086 0.0
3.3057955620120705 30.964245970444093 0.0
115.27619845475385 101.63888529260407 0.0
132.18560542227937 32.53621212993585 0.0
90.00849966850126 163.72131707680975 0.0
136.4484305728709 162.88049853059442 0.0
125.69562498079718 149.18840599887238 0.0
91.17022596423026 67.73883866232875 0.0
39.13836704281475 108.82901462105399 0.0
145.5909735211425 41.12545796139941 0.0
16.37602974005865 34.03312561176226 0.0
142.7193078873629 9.195872849739594 0.0
60.526821301209274 88.85865571076891 0.0
114.92917867375856 32.827722431384785 0.0
7.224833565655708 87.10735207599913 0.0
128.6503052234746 145.22836271056457 0.0
186.3218524750818 65.19702163792806 0.0
26.449613051744116 136.39167942352364 0.0
36.84258398156448 75.25037602177022 0.0
46.24598564520517 97.98450567016803 0.0
66.75201501148985 102.70338603965578 0.0
85.09617388682334 150.25073235849445 0.0
89.91418673996468 98.86897278268134 0.0
118.93485679154921 186.7790634448866 0.0
69.69174612485341 111.27464607940584 0.0
189.84723754110954 93.48821525281122 0.0
151.9561048288332 193.2254636830262 0.0
28.897881029920747 124.94107653239783 0.0
179.84827329524822 178.92658991687748 0.0
195.23472943616466 154.10724928845588 0.0
148.45076774367723 121.63246772268282 0.0
181.1326776765014 150.95116683028365 0.0
79.60133172796817 9.67246922041567 0.0
57.83628309324871 90.73076015291454 0.0
75.39943754258928 98.83567520857012 0.0
118.50651674978837 144.649583539226 0.0
43.52698187943598 29.480266757886863 0.0
12.271868728128265 63.51291151636382 0.0
178.32477298839956 32.86584151620517 0.0
57.32931072965384 129.29635984881844 0.0
128.63676127518585 173.58973394246036 0.0
171.23600138773526 120.04323757990154 0.0
86.75436660931322 123.64126249483584 0.0
162.97791584741327 10.264713210690314 0.0
192.36338770930647 18.47062860242259 0.0
194.09688672030336 12.024686848201371 0.0
61.216473630067256 106.60201761654082 0.0
35.10289424491732 51.14904626611345 0.0
120.3243389481517 171.70325020319635 0.0
118.5936724808025 68.50684664944006 0.0
159.7792150555746 79.65716042638537 0.0
121.94910664269358 38.068712525226985 0.0
95.89447387364314 83.06263275523382 0.0
100.16314449178856 101.45559482854749 0.0
181.16445150734833 101.72618262715937 0.0
33.321285365036935 132.94885171098642 0.0
193.6190246593203 90.08757161211074 0.0
53.427018770211745 169.44041088372558 0.0
91.46767118943464 1.1559537075283677 0.0
171.72587838592023 66.55953188066135 0.0
28.49812640457867 161.41577435703218 0.0
40.37114618855902 75.2206451263504 0.0
91.51502748938658 82.29439539189858 0.0
151.2204349430297 172.09440041997706 0.0
43.1742272312964 51.166393938464275 0.0
99.74788121865392 123.01192896037136 0.0
131.88887704158802 68.50213603419407 0.0
123.5017503681072 10.070201722128957 0.0
65.05353185724485 27.651125474625516 0.0
62.23281340731566 111.21403827236686 0.0
132.65299697182647 69.88343254605329 0.0
180.7640034280007 185.32829063107565 0.0
15.392823140599887 189.69523962649322 0.0
145.86717124672975 186.38140941964818 0.0
14.808771055664494 14.017549847346867 0.0
54.85822750424243 6.919477109598038 0.0
102.38282504076213 33.84964306197536 0.0
176.31708665791902 34.21760937675731 0.0
100.51359056473291 27.97190480103322 0.0
182.28422522591902 91.65340124698744 0.0
80.25942913806088 185.77537318357412 0.0
126.48103720074768 133.37494313647375 0.0
89.09268353757342 109.8781571696735 0.0
54.54630811678791 62.09372191278635 0.0
6.473982430220948 59.08167873695258 0.0
119.97667658058953 47.84052823788221 0.0
65.8756823241477 78.35259478875759 0.0
23.404031966165096 139.78035542434736 0.0
178.95393023596102 54.89895191169918 0.0
93.03829158893855 183.69001206703544 0.0
50.88914761098824 38.0419731424205 0.0
180.54920666652657 84.46002518289258 0.0
185.4849985125573 165.46779617203603 0.0
159.35617502424682 85.99024243125459 0.0
44.43625595809573 49.576083521011924 0.0
181.24042424303795 180.10631841270333 0.0
47.24626157180531 95.02544923516606 0.0
172.3891154773655 1.6320804636466013 0.0
176.5950135958225 142.20833660596753 0.0
131.4263584859812 18.510610795902814 0.0
88.5292511890077 61.2708081821026 0.0
29.681327800544576 83.87467976992593 0.0
17.66611261576303 57.42557158645187 0.0
107.8890843816408 81.22498212177183 0.0
14.672418816749788 90.6893312529717 0.0
113.71496404960588 64.3824044828428 0.0
156.60178187307804 161.8083553014802 0.0
130.93866628227005 170.63846139131772 0.0
130.24217395331624 71.01905288081889 0.0
113.82959577347074 68.53569672526034 0.0
4.446839631356947 17.423015784659036 0.0
59.19025556011943 190.9678302942819 0.0
79.49175226298198 74.1389522432399 0.0
123.73976422728916 99.79710638031791 0.0
29.82317956803946 148.02665831397624 0.0
125.95498691928289 29.944196839435698 0.0
141.1291588497723 112.66094913876914 0.0
159.1819819327714 168.9137653575166 0.0
83.48901489067396 189.36644857691488 0.0
86.77585301558264 141.97665895243296 0.0
159.42547157436417 143.50674213537263 0.0
90.22234325672966 93.73750286188722 0.0
119.004012344254 61.85435591902577 0.0
197.63988083091982 83.57422064823739 0.0
43.69468872096236 181.7507881299523 0.0
32.756054415740856 45.443930048676236 0.0
66.53169003374262 53.898627875188 0.0
93.39782372498182 101.80732380576063 0.0
18.17644017649358 38.0106099540025 0.0
93.73009869246702 166.93166523873577 0.0
66.81023617399929 154.17328282900715 0.0
85.92260469388266 126.59010003720022 0.0
54.352756859764725 42.665759476531974 0.0
14.620286176783281 39.18300274507958 0.0
122.32307351738756 21.106833885052612 0.0
51.53779181385294 167.56475783377766 0.0
167.73018925072222 170.18660644811433 0.0
107.69395299108184 21.36725758055149 0.0
72.70031614046547 27.87147268485459 0.0
127.24735183036782 166.36919606932076 0.0
111.11850403012953 26.854264145903596 0.0
129.58958166464387 140.46801608137886 0.0
51.38251635572648 71.15402608914259 0.0
85.2979047563019 5.06922477071956 0.0
46.43720050596782 15.152856336148247 0.0
186.74451671936436 56.215594752014674 0.0
30.57779627572883 81.98988018457469 0.0
105.60475971216954 21.53655129192544 0.0
27.08112501070834 38.11542916345974 0.0
17.202114186947192 77.10590011313813 0.0
111.54372156244597 26.941156225233563 0.0
115.57296232262 32.553833824368624 0.0
172.8764204754137 156.90469907232384 0.0
43.32952445182951 53.2869754669401 0.0
67.2251415292782 37.90036127934482 0.0
116.84463241213028 115.42803041592089 0.0
69.65802230959126 64.90992397883377 0.0
39.97735922310166 22.094455673769264 0.0
94.27919964659799 158.80079074091265 0.0
168.50378208092962 48.89329923767929 0.0
175.5000435909996 91.64113797196494 0.0
112.61251802560395 132.0172411862398 0.0
181.51883249558452 47.514906966844904 0.0
146.26995101862707 164.08469764220715 0.0
65.63019363910674 99.70199354900305 0.0
129.9554056419566 20.874536438953605 0.0
151.80597761249743 21.221969709146293 0.0
47.2118208243699 6.36394320308864 0.0
198.05954466419442 88.12247699641964 0.0
5.652781623033798 73.98561897423528 0.0
84.4257024699006 83.52612621147438 0.0
59.5121198590304 58.77845298699502 0.0
131.95889338381917 165.3327304899934 0.0
73.51752247247009 38.11349781307729 0.0
74.9725808352305 21.606294754165802 0.0
66.8150414930094 27.9349644812537 0.0
180.81293842130935 5.059245035355642 0.0
50.86651527096788 116.96377231739707 0.0
139.78050938171063 111.67896160017672 0.0
106.68744406178693 43.06892313567972 0.0
132.38353974951818 148.4246473919456 0.0
134.487955895414 124.01989624640368 0.0
121.92722671701294 21.055292181269692 0.0
152.7250390015309 169.09095037247403 0.0
117.51331824741496 165.53237341375967 0.0
23.769275068922568 118.49613292120127 0.0
105.84480072035811 145.0736720065428 0.0
39.83488763095815 84.3915874537606 0.0
159.80084226122514 139.81744349929986 0.0
115.51698476832146 0.18943749286590705 0.0
97.56730314008789 67.18901405764058 0.0
2.225396660482004 24.185615649521885 0.0
188.1786219847983 188.44460129166754 0.0
164.99964885368996 189.01148219266483 0.0
177.64697757553648 80.50006289168292 0.0
143.6350718000794 140.17715852631733 0.0
144.425216665443 182.03505963341325 0.0
157.7452391540265 164.98216933813202 0.0
183.7700676411703 158.99589363545329 0.0
9.33131938469145 77.32684146757043 0.0
67.64265905863111 77.00313726883088 0.0
186.62418369166662 94.46575409635321 0.0
30.1036457094936 16.802968712216316 0.0
79.41049727406258 18.50224553824802 0.0
87.73044998374569 123.78396324308181 0.0
178.7492445998916 18.43093816945167 0.0
20.404616481269965 143.71384766669414 0.0
52.930494515018765 97.79292037390364 0.0
109.88740041996476 64.23358762513315 0.0
166.72358457041244 128.51611749838895 0.0
161.922198526654 155.27897402433283 0.0
42.407063374831736 133.27119767725762 0.0
22.1725695241078 81.48268593470904 0.0
48.76822346016254 106.68107511461385 0.0
137.1250982789189 45.74262709980697 0.0
48.20520856564408 79.9800536110083 0.0
108.15648213222013 115.52511990431684 0.0
32.26012319467848 154.2263067060228 0.0
40.28465429239987 182.1044015961333 0.0
132.35679617384088 53.929269120627495 0.0
196.69400972729025 7.8226239129335795 0.0
5.212178593423955 185.96134602268646 0.0
35.94517667715165 127.58741764828258 0.0
161.33572734747827 27.88113796595082 0.0
130.84999263663028 188.20686333113764 0.0
130.2263418235233 115.30317785102578 0.0
146.31274611089566 32.794524314880704 0.0
37.321846706234865 149.7069938470577 0.0
188.00901575352054 67.36007301950964 0.0
5.451171518305298 6.086157835957029 0.0
24.593737573889896 182.83371556316516 0.0
187.48489923455833 84.09575722942 0.0
133.20048856233913 148.1555982160099 0.0
187.07497317236246 116.86454327096571 0.0
21.314263171839354 138.69406496415576 0.0
130.81973691491132 28.395819447413405 0.0
37.670294240280725 119.13951774195016 0.0
117.88588890475175 113.48899602110055 0.0
100.65186326747357 161.15339665308937 0.0
192.06404564842128 103.37144233942901 0.0
44.7302912352207 43.43465537098925 0.0
156.43011065262277 175.73823173430486 0.0
13.81062985509589 55.49890787499443 0.0
82.22985779483234 69.65499248379521 0.0
114.91690080039028 6.348178662280635 0.0
51.29946312819027 173.7871183915484 0.0
186.47103924466725 25.342090310557097 0.0
115.28005978430194 170.67618977886357 0.0
32.489996830193114 34.964089612084905 0.0
55.07966918213616 140.29242964361455 0.0
27.345753985650845 173.80908652600084 0.0
80.48120036607618 152.84969688704933 0.0
5.3034044935190705 153.00179897439438 0.0
122.49049771275821 113.87752171233598 0.0
14.872615962884073 140.38779446946043 0.0
39.963783614612524 163.80221885536713 0.0
40.07824040016299 84.22209307523174 0.0
87.24904268895753 79.7972272209847 0.0
169.0761040057495 11.713003879067818 0.0
171.02136268899633 79.42043496190487 0.0
125.11028605776285 167.661686461286 0.0
162.18740644207156 183.56411701243542 0.0
165.62851519581392 94.5707002014128 0.0
22.679628897033123 60.500969353678634 0.0
102.44274507403853 97.97766175696647 0.0
157.1560402649935 43.31747547387326 0.0
199.1420582775885 189.40292270360828 0.0
6.06678672788854 189.78366143055098 0.0
161.53556841116523 154.1830005013513 0.0
59.2439513985914 36.71618662026375 0.0
152.72320627443023 52.59431088750664 0.0
188.1164436773292 90.14938277379083 0.0
136.46258638835357 30.054507829227784 0.0
69.84707861769994 88.13681536059568 0.0
80.82047436249591 185.82168267592985 0.0
108.13425933583618 74.76366902453773 0.0
38.66775243887612 29.494306455493955 0.0
43.116052947278675 131.95807970899847 0.0
62.39691497047226 140.74780083120146 0.0
186.7596376979412 29.947388178774624 0.0
107.3117090054061 40.126243060254296 0.0
120.31459952740997 77.71304157811197 0.0
131.45855725275442 177.34068746712035 0.0
146.85365202876037 81.55573009534933 0.0
109.2399373665407 148.40835124144064 0.0
4.619846331562827 152.8901716836753 0.0
41.970081413680326 164.0996118222261 0.0
115.84453840014012 145.6466924900493 0.0
70.60372711034881 9.542757345658304 0.0
170.895758503892 149.1646445099188 0.0
74.18892075782253 58.469127546773116 0.0
129.06190997948718 114.22046295121066 0.0
72.16524045886025 135.46410926909564 0.0
154.97099531243782 147.84102929553868 0.0
139.44908045382866 155.72230404277258 0.0
3.5910237133484957 76.81075453069315 0.0
190.31791460991735 114.18793391070652 0.0
116.95236825086066 150.28865103345186 0.0
90.42592400134089 144.59446105429436 0.0
2.1783036428774993 28.709495935817575 0.0
115.85343408693835 23.80007638519357 0.0
123.10523751871068 89.15090218305133 0.0
193.9131672146535 57.948659825864965 0.0
156.71938543802725 166.60606649643248 0.0
32.506517753129735 154.36852087975763 0.0
40.83204478437621 146.10969117130927 0.0
173.14329345973627 56.75413932674698 0.0
170.86092364050955 122.42232345074609 0.0
187.3088463580121 1.058810337133953 0.0
191.28020174153838 151.98637841690527 0.0
76.68271787513343 35.65904771648478 0.0
71.24744259363804 136.12466983861887 0.0
34.78324861292668 141.7343305762101 0.0
154.11067988477058 94.96030995780495 0.0
80.93290984301773 88.43859645474087 0.0
26.944417414798274 18.294453759320483 0.0
87.00952381745195 62.32271924611368 0.0
168.95845395988553 12.686354550762967 0.0
183.26867478103927 121.6000155430135 0.0
6.568921122958349 3.237889167917496 0.0
51.593080128157354 43.229627972161325 0.0
28.116101301300823 194.09255879352344 0.0
192.84494310204747 154.42545965300204 0.0
192.65899298452553 43.416796417876434 0.0
89.56762791082467 70.08110554013828 0.0
4.97181233003785 66.63924418180606 0.0
76.1032510210492 93.73414975189547 0.0
122.81306866031048 145.98137209555787 0.0
75.26326074952514 182.0758230267192 0.0
12.733011606613198 194.82079923264968 0.0
164.00916121870048 21.645038560148965 0.0
177.13065254887798 2.1862878443027034 0.0
190.17106669613435 121.2284519358666 0.0
37.96690282696533 65.69138180772435 0.0
178.051916819172 84.6211697130831 0.0
81.48552373521478 10.471323253437404 0.0
32.83560382378901 195.78536409495405 0.0
143.48915354695382 187.19579519899733 0.0
82.03753049808647 122.0770562147738 0.0
146.16269915336028 43.98779227676452 0.0
76.80643184170033 121.09396884079841 0.0
185.13195702765114 75.08677546210545 0.0
16.706597708019256 22.830291268934523 0.0
9.39042898065341 163.35203233085832 0.0
158.67999956215664 51.20691436387712 0.0
36.922765963119005 154.2100086941155 0.0
24.208049248305308 47.67862617817611 0.0
105.29846426351925 125.40720808715113 0.0
128.2631053091043 64.50238678452804 0.0
169.2048863090572 49.938006962548755 0.0
119.46013067652801 6.383825253893116 0.0
125.8338166581515 188.77462609244034 0.0
42.88918684577221 16.601777042775478 0.0
74.23125428622315 195.53420479571878 0.0
115.42983123901351 27.343474313633486 0.0
196.16531734124035 166.97588822772406 0.0
137.91870112409615 123.86598046801853 0.0
83.76256838573295 131.22846007555447 0.0
59.36199766364183 108.2320392971555 0.0
133.10819944445007 129.90707268941466 0.0
55.45480423980864 90.7515350352319 0.0
173.20111286118706 120.78524524703573 0.0
186.9894553300786 85.89242459371849 0.0
6.099911230015853 4.446239210399305 0.0
63.305676832569446 44.30788552565741 0.0
196.79142218298966 161.34574695808504 0.0
151.75527530319047 113.75924863565692 0.0
70.25847823847968 174.97545763581005 0.0
46.22462633884818 189.09700195037797 0.0
48.41912442992105 112.32517047485418 0.0
136.07854699765142 185.09512062345541 0.0
191.05464993814084 34.5986431599272 0.0
101.45927706426309 145.81662306347516 0.0
92.5391920694861 119.14642377288239 0.0
101.69483817287048 90.32117021004467 0.0
130.1290224473714 87.83647631523321 0.0
20.64112700458347 186.90835481327787 0.0
59.76478462013834 157.59152682289738 0.0
86.10260814893256 46.723014171755835 0.0
111.78546673668694 55.57955839970585 0.0
190.04664380130063 32.43188710782305 0.0
