0.20673732887919183 97.27271553773329 0.0
72.80821526249217 41.7078365327282 0.0
81.1667443312031 187.82906173650682 0.0
164.263815496003 188.90641887739116 0.0
27.158055933621085 83.50099067273106 0.0
183.84217936677658 176.028913685791 0.0
73.97061795927291 151.45275041157066 0.0
47.80870424732089 69.14882768997748 0.0
173.8441419954945 120.51401808978648 0.0
130.77153633253903 109.5588344136849 0.0
76.76884446792836 185.1558577764237 0.0
99.0133533928068 180.46880239306873 0.0
18.24237299059208 115.19800823765671 0.0
17.98257214049974 108.58866918308831 0.0
175.11011169551557 107.72831274966335 0.0
55.04384801966844 131.70576576634937 0.0
96.62388256579395 196.03526714185176 0.0
22.220529489190067 144.81149920582794 0.0
169.6118535443062 164.92503686324795 0.0
33.54452881142089 175.02772130222644 0.0
34.66030683318571 112.61458996484303 0.0
87.76193658578481 129.52821251685157 0.0
134.46569312711247 46.462920748790836 0.0
29.525417242669082 10.846289223862925 0.0
46.02323364707595 3.1226060643385622 0.0
90.83740063043928 100.40459114302267 0.0
125.07617811625194 143.26434250582457 0.0
69.39069291763309 73.79865275580482 0.0
74.2575461553663 86.84729748188987 0.0
161.5861342131293 30.31094500887981 0.0
135.614084895764 26.978544134145956 0.0
135.38959148172304 194.32764533389965 0.0
103.70996591091067 88.72504466937363 0.0
101.82349848821094 177.77545062289866 0.0
57.26549435703075 183.81209355044288 0.0
23.770892604968942 180.3912280676564 0.0
15.294018127054798 52.96230068620784 0.0
86.90274938931164 148.58257685026936 0.0
37.95794723114159 84.69964555330158 0.0
149.92224278697392 113.83261347371854 0.0
12.872660288000116 52.76328790798068 0.0
89.95229012127896 88.0477364442173 0.0
94.34488030803911 123.84633207480755 0.0
163.7756627862468 5.942286283716336 0.0
96.03985779294382 153.19485871248708 0.0
116.76968026679187 73.49947858665497 0.0
76.8296261038114 7.672954849703362 0.0
88.76034286255138 106.7431728748221 0.0
105.08229569057454 34.219826266999995 0.0
189.65358404495515 26.500440086347176 0.0
138.41020265814186 26.19524378509148 0.0
147.58409202640496 12.53018479429966 0.0
113.90258021833381 130.93002162171274 0.0
68.4550078972617 114.33831833131308 0.0
108.12616559246916 88.86850466337317 0.0
88.12464134191205 166.19544008043675 0.0
196.68504618733238 198.01027445470268 0.0
147.12900248766272 60.318117916318045 0.0
19.88875060098487 56.928774920148165 0.0
72.71206465905304 194.87034463778392 0.0
44.08554627907333 55.46461688672002 0.0
14.068097335744302 32.386911690437344 0.0
97.47557105444022 154.26188712568816 0.0
44.08356897567822 179.41585078013313 0.0
154.72637554777458 122.63595390475149 0.0
14.49873406683324 29.622378576356766 0.0
146.47112422086371 88.83155444136048 0.0
131.29185969079813 0.2920737090445158 0.0
177.7776520601457 197.5504267969734 0.0
3.2219352055922634 136.11635145581232 0.0
153.93431862909736 166.69781062438972 0.0
108.84842086627151 154.33859347216665 0.0
32.406353160011435 188.6177354897851 0.0
125.97947598704391 61.784638962950076 0.0
146.57435505540664 130.65704253197143 0.0
172.38288744627613 86.99660975811379 0.0
79.87428209603766 155.71867748197593 0.0
117.72675587844756 39.634370871284986 0.0
8.216106603847507 105.53484189988127 0.0
144.099761634812 134.50428452272612 0.0
74.06621665401562 67.71112903358151 0.0
56.093701360962164 199.0201145247635 0.0
7.336319929832391 82.16292775763878 0.0
71.31377406026087 20.596432352896187 0.0
66.22949218021891 133.38574269576017 0.0
158.31488027324198 184.4199777259372 0.0
35.4518769548936 22.071439271059056 0.0
31.34508381272214 102.23990101336733 0.0
89.70621252276023 12.902612171218863 0.0
59.910110092065885 39.26305431022929 0.0
7.14133928430678 114.92777139809715 0.0
6.05561947326565 8.935818473965407 0.0
100.4394709175646 66.74011451652595 0.0
63.39681942830167 24.339301159431038 0.0
122.48106086917213 170.7532516587023 0.0
139.30774180977662 170.11998180744422 0.0
99.03465066624852 49.1872387903701 0.0
95.3153691173841 90.32325503747414 0.0
142.67708665426764 178.94891534120546 0.0
140.62656751143544 175.19265515248833 0.0
10.157233826121125 103.41060072828859 0.0
159.84863837620773 173.94272717544817 0.0
79.67411232245942 116.16161039073253 0.0
48.34710632430219 160.70901785938403 0.0
145.04823395319653 165.1274421171118 0.0
127.31708687596151 137.3237901115933 0.0
150.52272734733174 135.02164608879843 0.0
15.527567351325011 69.26148679953417 0.0
122.93857532018922 131.91580103860275 0.0
145.83055200920657 20.043264748695357 0.0
97.28624179679552 115.78332852828368 0.0
31.909979428662428 74.5851822685337 0.0
177.14363746839385 5.193159106117773 0.0
14.3780443547886 123.41999978287129 0.0
23.268278866203218 12.899556759813935 0.0
145.20944408873544 117.41782255874296 0.0
21.619247282285748 61.894812958529414 0.0
105.63678124737616 96.57615295628857 0.0
146.34243805407675 78.56172277596339 0.0
195.01326883991135 146.64521977352757 0.0
103.76031211376969 162.8831524555991 0.0
76.78167526161712 43.79974989652915 0.0
120.1652601328086 95.23623971103083 0.0
122.57116963313337 110.26370517246929 0.0
119.22342233851309 155.11919863728465 0.0
56.576644177574394 122.73975532711543 0.0
24.053728791985062 199.22887138735175 0.0
169.757896043642 190.69065810983318 0.0
114.55458259862039 174.62758538128764 0.0
47.02879085431195 152.9649190008638 0.0
172.30858630029132 127.30815927368897 0.0
130.48940396310954 28.95449814803377 0.0
153.4033986239683 107.28620520098961 0.0
127.88693133700104 4.417650512092908 0.0
143.76469061306707 168.41916320003267 0.0
67.87396360300386 132.29522947176645 0.0
172.10494296145205 114.47188342213337 0.0
102.265550916856 185.2941391457526 0.0
82.34968680112362 152.51881338446827 0.0
160.37930227252915 109.70696423977257 0.0
100.41052666668276 180.59320432285082 0.0
71.67550106638079 98.88202209333217 0.0
169.4322038366142 58.56405584377231 0.0
190.29717718254068 29.953539331878698 0.0
173.1486524414494 89.5418132422576 0.0
78.74271515467879 88.88679186164022 0.0
18.740889844703457 73.6841319567626 0.0
37.78653287307687 46.58855031026541 0.0
8.59741054415668 87.09342702069324 0.0
5.896120264740934 42.778265575824356 0.0
194.63546556438928 185.5681131573014 0.0
193.776508875804 84.51101987061922 0.0
79.34953782225611 136.2898097216015 0.0
168.30609305292177 172.68826080912302 0.0
104.51108081501698 40.09912242306144 0.0
155.0105878095837 32.587960527129425 0.0
51.45137884213939 122.83292364638805 0.0
89.35458481845448 43.39086769594345 0.0
166.1172475891542 46.266272639870174 0.0
14.513103326858246 136.8750979808153 0.0
117.59707824398818 17.522576667242994 0.0
196.91830097611765 166.89641278692554 0.0
0.5725496317477985 160.3857818199486 0.0
10.759322113142321 138.96695978084958 0.0
100.15914643950185 52.76876247822049 0.0
28.74606457025266 133.19051781363126 0.0
51.85640957681188 31.66237124978164 0.0
48.83045793811549 154.00763596149824 0.0
149.83672628988094 20.209929852944164 0.0
185.2117177308067 96.64935031163557 0.0
83.55915969516762 41.12224114304763 0.0
56.834732122823304 132.8934207346912 0.0
115.70278483837451 46.46851012956519 0.0
117.72370710087696 87.66247075977374 0.0
53.671660071581485 15.9489191190908 0.0
90.8758369313657 3.19860168770858 0.0
112.43147279815034 54.0748600351872 0.0
91.07271756724424 68.99439553606376 0.0
118.19571473517037 51.25315240272643 0.0
151.8499982079672 33.3556398386682 0.0
60.48691908316377 164.59093565934023 0.0
107.99849585302293 106.41619541143967 0.0
164.35655489339453 121.3081435362112 0.0
127.35292075211744 14.621002528950333 0.0
25.05468669150663 150.96490088231738 0.0
34.25717018938692 73.13835766029086 0.0
124.19859658013961 12.28136755439313 0.0
121.97779934163198 105.357891015129 0.0
29.497164679492528 96.14797265691088 0.0
12.47034322606575 157.57619723627278 0.0
169.34577018041438 158.49423614120374 0.0
89.28574893177861 32.16708748664352 0.0
69.1141538283989 65.00469601854924 0.0
103.03712879700295 93.9789929383199 0.0
137.70764851367537 14.240812445835438 0.0
128.72981458857817 192.39723638746906 0.0
100.98983282527061 46.54793781132649 0.0
140.39045887470326 85.45418318915831 0.0
192.91260984354426 43.19689125059878 0.0
60.813859550128704 52.56573857441995 0.0
