50.21739866466221 89.98211185107816 0.0
132.4807460164584 8.500065264229617 0.0
81.5236502059876 194.75983729549498 0.0
82.39879289785692 199.75605151896488 0.0
111.7127958429296 188.54178477108977 0.0
146.23509859040755 4.386317805672579 0.0
99.11116952900294 142.22915710561463 0.0
24.436133508028913 46.390276514801144 0.0
158.46948451634407 100.4667274540965 0.0
31.150045213535016 111.23615939502818 0.0
199.84209613161283 82.30037741626933 0.0
134.07225821229625 121.86314763695114 0.0
61.691716172388375 192.79749005503598 0.0
110.33357719418724 167.99557378844995 0.0
120.76969994578147 141.51036161680787 0.0
138.96915711428207 23.418897643718783 0.0
120.11100912404133 36.51430074831155 0.0
199.92069576066217 74.34369309059265 0.0
146.5219835218384 176.8536285794029 0.0
30.18832346861022 51.71038728917714 0.0
110.22821307292523 101.5804666045567 0.0
99.66274053113521 11.264116500534804 0.0
131.8887330523836 170.17263527843727 0.0
112.33208429831552 37.455643454749875 0.0
125.97203123831106 46.96862869791087 0.0
112.97229861160416 160.70071503495618 0.0
184.52812672902888 41.359136947319854 0.0
185.09361150038353 172.25700905549274 0.0
111.6803413332357 115.82622585670839 0.0
162.82991956031333 196.95415016786697 0.0
36.69926592761723 115.52277690237078 0.0
147.6219195166811 41.239082368952616 0.0
42.310487540804665 195.93634340160705 0.0
119.95888008357032 72.47536785379766 0.0
184.92684049054228 129.28325858403187 0.0
167.1079894995903 105.16183577602855 0.0
154.78483559810314 155.63021634743924 0.0
9.67429969733804 70.71232716618503 0.0
126.5041311791512 111.34228025724822 0.0
2.998393104832031 129.6650066250936 0.0
84.37784807740782 115.3076751715204 0.0
13.812805025914866 148.66617286379858 0.0
71.74069318518903 122.49149104396228 0.0
128.2425752123019 109.30012487682778 0.0
10.050887035502898 164.72170378691865 0.0
34.149000758718806 41.81316327100737 0.0
160.86088056089974 90.21277836966779 0.0
138.9800956917144 84.00639392065872 0.0
162.64104731439286 86.18345295771617 0.0
33.70502391264265 54.04855533415118 0.0
64.45949436198089 23.027027777791975 0.0
194.07403570747803 95.6866416987649 0.0
99.81021425317039 93.84388922557909 0.0
22.359399187860607 105.30870012528675 0.0
96.42087380543269 139.7477292688464 0.0
75.8968850708743 182.53964346515667 0.0
1.6606565449124089 49.20834956897693 0.0
3.1614884558309964 59.52763857242438 0.0
18.20751505105378 98.7955696279986 0.0
113.77507888106089 158.8050258652089 0.0
90.92334948847869 63.040290642844646 0.0
45.75771491447232 5.584401513693837 0.0
163.42466654872703 162.73035360556668 0.0
61.49851337401624 177.57703131141946 0.0
131.62531403711228 43.810391061319656 0.0
103.33589220216028 13.897281502812842 0.0
161.56698407013204 183.15640682513384 0.0
70.30122561222372 124.34337469250872 0.0
10.142198186154271 2.847374547501147 0.0
39.49384347587157 141.32132963712903 0.0
189.85359750947933 141.1578196750624 0.0
148.71952670107726 138.90544009919557 0.0
52.54238461165668 176.3466990018189 0.0
181.43860051198658 107.00533738502813 0.0
132.05781711316658 28.419701449381506 0.0
150.733831279335 13.336092817133217 0.0
182.12882577023115 74.39343311935936 0.0
165.922419989141 111.86452837177299 0.0
73.23767178052745 104.1916981955839 0.0
183.60040591437806 63.631325958133324 0.0
71.08489782249833 17.155511801335788 0.0
94.3218637982715 124.32521861045007 0.0
9.273621834514255 13.250091056801484 0.0
176.77935216529005 122.71199760865257 0.0
90.13050886314656 168.40369646139862 0.0
63.266176068896485 4.997707389991057 0.0
100.11964337483339 100.01463468857952 0.0
3.364970948593027 152.43193598119908 0.0
110.0947125868287 126.51440613999874 0.0
187.22127677246695 92.93364985636545 0.0
45.673914853665785 103.97647190922896 0.0
195.42487016325495 22.248637155193627 0.0
59.311052442094024 183.1117291362227 0.0
79.43550475404916 126.12413028554437 0.0
13.175405804503937 71.5932975750216 0.0
144.65399648247495 52.212786699343795 0.0
190.74194849734388 9.504833224376608 0.0
7.653482207237694 18.894727317467066 0.0
195.03260581481788 169.80808250723385 0.0
129.74984449038476 167.93292065914943 0.0
62.73830587740888 181.07704691183474 0.0
191.004276656928 68.85378865949352 0.0
125.99059085506946 136.34756771520628 0.0
161.9151298694176 165.17138716613962 0.0
87.34065550462009 199.78284023624246 0.0
154.4701207061387 16.05018417683346 0.0
138.54275893210323 151.95680546975453 0.0
89.8941455438115 31.727943523969216 0.0
150.0279985523914 124.9089879894023 0.0
107.34195352836302 26.996795111570027 0.0
185.49342472885235 169.7259738623756 0.0
55.94902937046986 124.26719026111026 0.0
54.82072643994649 172.25610065256546 0.0
162.0680369110597 126.21593533207883 0.0
108.57755006409131 186.6657369342373 0.0
44.1823008634455 47.74608908841562 0.0
198.64374456283983 91.89685808452161 0.0
59.901881519555886 47.9630532515438 0.0
82.04384900800619 192.6873814807424 0.0
112.61174504154292 135.09783926697963 0.0
128.85610453268015 184.66713571755758 0.0
119.75574065732104 130.78485220284162 0.0
10.107522135572179 182.1440041057723 0.0
150.40405303936907 74.82836081468942 0.0
87.85339382011135 67.5462882672204 0.0
176.66590570176862 127.56816151721951 0.0
107.1788721645543 63.0889453587306 0.0
51.67337356724935 84.18161584352401 0.0
98.64915926225272 148.08284478594842 0.0
126.27610668514319 53.7357929515853 0.0
139.77405695023705 149.40782350464525 0.0
47.25107310163057 75.53000900541475 0.0
195.34153733273183 18.02187261592487 0.0
141.74517620372882 46.24557315080342 0.0
59.01419781102815 170.98028280406413 0.0
185.83293488730942 113.64618029511027 0.0
52.37140786864698 26.290238739244252 0.0
79.48532929876757 56.048904508989224 0.0
2.6191304494807888 187.02782524427894 0.0
5.910021617418049 111.51234327100835 0.0
116.47832610897879 141.49604247202285 0.0
40.13722792313716 46.66499892259559 0.0
95.30205965624705 37.80391659453546 0.0
89.88953767075054 162.32352515576628 0.0
195.2604051975251 64.09844949066006 0.0
101.18812750288009 21.527132328935792 0.0
126.47128138186865 19.78260310642934 0.0
41.811801033419925 155.3408484666059 0.0
106.24451278335445 198.40419070606862 0.0
87.63933232216175 52.75706899328494 0.0
34.14536002378801 119.50196831294517 0.0
80.06975466174528 173.25120914700915 0.0
40.37292853987893 144.54697832582272 0.0
97.12921104715053 134.024016849249 0.0
173.9878574582607 191.21854554793268 0.0
86.53706929883036 18.68952214215942 0.0
143.81276514078084 20.60605642644211 0.0
145.9180542516935 130.14424646426647 0.0
2.3680120953646355 113.52910057609556 0.0
3.511271972080876 67.5798193543661 0.0
71.99440829237014 175.02020245075417 0.0
152.14096714575217 146.07772748435147 0.0
52.353495779225966 10.115880583778258 0.0
119.87801029865106 96.95146479814358 0.0
119.78519342398855 99.45334479848837 0.0
122.73509874098151 87.97797026423883 0.0
131.5415678355025 69.77170070725829 0.0
37.90278400805433 184.88669589525992 0.0
181.70459400754737 2.268126336089593 0.0
60.44742896662285 38.95134160042184 0.0
120.63485988648883 150.86101054242894 0.0
162.0563536467086 30.25575423931015 0.0
46.087161459555894 152.76360432587924 0.0
157.32937473695867 122.18208846684313 0.0
1.6680556015884251 5.373316282928764 0.0
1.2801176405156545 89.89589970674865 0.0
177.0994811659148 156.33337636741487 0.0
91.12447075617082 174.0793759236316 0.0
194.7916408889873 7.72506069746719 0.0
26.097642348271588 180.89049524801305 0.0
188.51734136946445 170.7003541436165 0.0
90.95534284848257 0.10248816202758082 0.0
132.51911237591273 123.46635894514439 0.0
71.97865863374899 45.60443984439706 0.0
63.169476318109744 123.38446115346451 0.0
88.71627579302546 35.920571871578844 0.0
50.34376156878324 103.04870883079226 0.0
130.36174684215115 27.132209979994194 0.0
21.95399249666048 40.5594717534894 0.0
122.5775800402668 86.56302469915002 0.0
22.631346544710993 135.81003028576714 0.0
18.741959633786 52.81473496030606 0.0
196.33383785009286 47.455272160206576 0.0
9.008030977232462 66.21693629803423 0.0
122.69489820576509 49.33322867214298 0.0
71.22963883333011 173.48139771927546 0.0
108.2175286196157 50.46179798861918 0.0
149.7216223712631 111.32767132566428 0.0
35.95792377362521 189.3345189765625 0.0
40.986659356254094 156.0733432329704 0.0
11.131346177750778 161.0908351016271 0.0
189.95488530779747 89.65900635856094 0.0
105.11219644150545 165.2378261911004 0.0
55.946399584146555 77.30441151365335 0.0
196.5893123611267 171.9520352030124 0.0
94.48102766296587 177.96892051382838 0.0
36.17646389643494 96.59143487240351 0.0
119.22360419528253 116.01592051582969 0.0
19.56719592033087 44.89930463663343 0.0
57.76714989683531 30.957405552234075 0.0
144.36225717819542 45.48319572588069 0.0
95.62049395647057 191.88153099139024 0.0
46.98670212332654 21.50386567043354 0.0
114.68074005402575 114.14246230740936 0.0
68.65311321649176 170.11050243934278 0.0
175.6352571900852 148.1184588585772 0.0
183.1162277718815 16.010224723818588 0.0
168.15177081276417 23.320608983072553 0.0
134.00338506207555 184.6613212808921 0.0
58.3792878531322 25.86131331548891 0.0
75.79434707856088 0.9313185048031247 0.0
0.19661488014077744 63.26806965292635 0.0
190.0629516632819 160.6624911558092 0.0
144.80932729399504 27.854738346000296 0.0
157.3822989050216 145.43902930211206 0.0
82.71000769731887 8.338981916177257 0.0
5.334062298459674 154.95156620642368 0.0
82.68081650918124 19.121196943576415 0.0
124.35173766670846 116.70641639455943 0.0
54.431313985597725 17.616772671818893 0.0
145.6665574802986 199.42842908053035 0.0
54.628677060478225 62.26006527004297 0.0
109.41398413201897 4.357802668827149 0.0
180.4914090534666 127.27506927683298 0.0
115.9976939919521 37.742969304078656 0.0
50.78179618239829 135.03434776258428 0.0
50.09701606929482 178.18304701668805 0.0
160.94632857753686 192.80426375901183 0.0
194.2428948471139 44.07501167032897 0.0
17.31744765136782 27.901226599632988 0.0
7.676496064468341 39.27225038127269 0.0
104.70401118853559 3.760119701297393 0.0
36.2435877589546 9.162808452714199 0.0
22.36190159479876 69.14273418718004 0.0
40.36701238772835 74.72707254146391 0.0
135.2503456897765 143.69054691892168 0.0
180.67843353856583 128.73630568557343 0.0
30.643471202773974 175.25272482326605 0.0
84.67985556400794 76.10499542087005 0.0
144.58078912476236 17.896875431715074 0.0
32.844195924669826 179.5114362252353 0.0
128.30427187222716 174.23650125740795 0.0
148.853534837865 31.752729381969868 0.0
61.74381073470245 121.68585071041424 0.0
156.21248124955218 117.9017019896827 0.0
89.27689157251663 199.47923803005142 0.0
172.26331397419023 53.185040177351375 0.0
52.402369908070966 71.76859974295084 0.0
150.6685949726269 186.6033115003207 0.0
24.632282234944224 1.8395468779904833 0.0
154.71595419403658 145.66523623200578 0.0
115.81976213914366 173.4627973501325 0.0
46.338816502281624 64.21007402931855 0.0
106.30507244523508 77.62434546235346 0.0
9.536031603855545 83.14354773499839 0.0
195.67597702264558 146.35436127285152 0.0
191.9122365194 43.01434180802244 0.0
6.602573988626492 160.10137023474906 0.0
44.3499558226732 97.70969234877418 0.0
171.12091571249286 81.07479668175684 0.0
66.36354315982767 70.15024481327643 0.0
144.9037376608778 72.20549618828782 0.0
23.4739990509635 143.71583070221382 0.0
144.47064912466354 149.85057674605238 0.0
92.98290275929479 137.23543955169094 0.0
82.95429960241106 188.0951849375627 0.0
15.812621728175792 146.72619008442058 0.0
91.95299725695571 43.480708224564445 0.0
184.61920677912101 153.66766553252842 0.0
60.16435717761763 1.215243245814035 0.0
82.1732207383915 97.44959675825658 0.0
193.9086809411252 157.398783779122 0.0
199.04298111794327 88.73232339866435 0.0
110.31465886990712 146.5222298346397 0.0
105.90371893140194 100.81118189956383 0.0
10.854298087954728 199.4757489495467 0.0
133.33514747140592 17.67735201501681 0.0
51.07780102093453 74.52867918343091 0.0
120.75911148786875 140.31946432818611 0.0
121.81333848784435 142.21966611878756 0.0
136.20792847470545 156.91161103332135 0.0
87.76065909794957 24.8224041579721 0.0
139.90325229529284 167.88513315125468 0.0
91.32154138153857 92.0286601941291 0.0
67.16412056259955 23.483080505315357 0.0
22.674215025265365 196.71719667711338 0.0
139.95219702912868 179.24770815288085 0.0
81.51281135369646 98.15336856614316 0.0
181.40100989049608 103.99309151378951 0.0
111.53712763530012 64.6910824587098 0.0
103.96524752497116 185.16638167920846 0.0
75.69193864939159 174.0251054032877 0.0
169.3651478006507 68.10282339764811 0.0
58.31918244321472 36.26844458338756 0.0
77.29003648789362 38.53126008610439 0.0
129.80041248193754 53.6059928083646 0.0
29.86428352883046 11.788339654964863 0.0
89.93099313257417 100.00223003185953 0.0
40.16782841730251 127.55126528507293 0.0
118.18152127806209 55.41732402903632 0.0
105.6426363628016 65.50043535307859 0.0
102.16609840663635 161.2125345628413 0.0
51.00538026373624 195.1749606482715 0.0
90.051044820103 76.90239783756871 0.0
60.32584220090187 152.38549213379343 0.0
118.30178933979288 13.137739854154674 0.0
164.2194885221409 194.90050965415014 0.0
3.0797307411320585 191.7800579795611 0.0
25.641737350545803 131.72361215261185 0.0
151.76483323550752 141.1545325467403 0.0
76.56060353095393 143.13106580726185 0.0
50.493891625119325 173.04524088182387 0.0
197.82330110387824 12.740323897613038 0.0
14.26843359562524 7.723019347302129 0.0
105.82165109257356 178.2318364864378 0.0
48.10024215235418 114.27270144417162 0.0
12.099960163560052 173.9480462902861 0.0
60.82659965797765 115.7131679915248 0.0
155.83838108978398 86.44499855546886 0.0
197.6413855579247 171.88024543726667 0.0
74.18352728206916 173.17357272149167 0.0
113.05223679495234 197.7688612392769 0.0
171.68746815033293 4.818861872447089 0.0
192.88804351149838 101.00768750511229 0.0
77.65502636133262 183.42789404519658 0.0
52.145123779370614 129.3658071147863 0.0
38.98860803830944 61.30734677320013 0.0
84.87440441353466 107.6677425949247 0.0
186.15863316270566 139.77448658258808 0.0
22.976164206263448 13.219519547510107 0.0
131.21687207742156 162.19620593764313 0.0
172.68276617255907 189.8251875321574 0.0
9.308991324694071 132.35245419467006 0.0
40.674008041432664 132.6996737214472 0.0
158.9315766958672 187.01210886854477 0.0
36.18373371968791 190.06045735003866 0.0
151.21819393319663 30.710651966063395 0.0
41.120381411554895 121.90705177873132 0.0
24.827875263600685 101.07088379096535 0.0
77.13826504420713 32.4739847791897 0.0
160.54859646434812 174.60911648312018 0.0
66.76039495030184 150.06931911025953 0.0
38.517396366914184 145.82120954545005 0.0
185.06775895116897 66.48752350260689 0.0
160.99777667671418 16.444047968247432 0.0
129.13398851118342 167.91193181581363 0.0
94.94410737893033 117.1399196628994 0.0
194.29845597306743 90.19865182286561 0.0
91.12188326884045 50.452536633215004 0.0
139.53485855750955 113.6603455309707 0.0
70.3416723366283 191.73524844710442 0.0
48.58643653364047 75.94479718461005 0.0
132.40361884344952 13.853369410426986 0.0
149.20305435238367 26.329878357325033 0.0
139.6386156033348 11.814233406932107 0.0
39.72938795807961 70.73295286721222 0.0
154.47106174138526 195.0800811127248 0.0
190.45753412482696 63.959372761343914 0.0
169.2174217465028 188.1705010461359 0.0
136.57148552245533 194.19136917613542 0.0
56.37366616391339 134.2625817103531 0.0
60.174883726223996 74.44497490570798 0.0
188.9339352637739 31.848756151022563 0.0
70.80756658722007 106.69949028566607 0.0
132.82160789357536 51.113525265772665 0.0
37.02052024562698 16.630264195310396 0.0
197.3032516819077 174.54215539034905 0.0
95.9928580709783 170.35234008539442 0.0
44.29477777930082 185.37575072483517 0.0
173.8385339242778 179.3089784860753 0.0
3.758363823794686 187.87883023338537 0.0
186.16455402855865 175.4156356336886 0.0
19.92763946980798 84.98698245674615 0.0
56.60652213032318 195.7965900905116 0.0
61.88779202103811 161.75384281852894 0.0
90.48142461342348 154.92788372460714 0.0
172.0762282290232 127.11808944889245 0.0
171.36157618466262 101.72695269618883 0.0
97.55851720161846 51.86280550573521 0.0
110.28777852042491 60.10567807673297 0.0
51.47351476812947 7.241098499540599 0.0
70.50374052623437 133.730350326973 0.0
185.83035473304273 56.59337174922896 0.0
115.00794379766523 119.20849884397411 0.0
21.879424339020503 181.3832796859926 0.0
179.88312437918793 16.649086506822307 0.0
180.56814010455577 133.43093780223688 0.0
163.27762637637383 152.51921556553654 0.0
83.13170373133121 96.72348902039245 0.0
138.07701074222274 136.94696114725852 0.0
50.65786581893252 15.034725637303282 0.0
145.7182650139587 166.09656396267616 0.0
21.503924927705388 95.68704931786685 0.0
9.2630936887095 49.96881057121669 0.0
126.73313312684755 135.14051655847163 0.0
115.76077329158339 196.9558468732672 0.0
16.27689107516135 128.6954272048832 0.0
161.0952051891511 18.706441803111428 0.0
112.31803562259894 124.44632360806776 0.0
24.924779910846784 32.334107380051734 0.0
81.42963964990054 60.72695301983808 0.0
48.98772055912832 131.72712014654533 0.0
163.29286664638926 186.63721711007045 0.0
28.95975346056798 75.69604081488603 0.0
171.3563487065553 6.844789379694394 0.0
198.2148741041848 197.92092180798824 0.0
189.5887809229861 114.70553035804443 0.0
181.25413034883465 82.13685048147983 0.0
29.515345559568985 181.84848308153195 0.0
125.231330526989 65.72319552447175 0.0
183.01773234650634 157.72276558786635 0.0
179.91880077887834 135.83833613068657 0.0
108.9165342185177 199.20524501806872 0.0
189.62012594905445 64.46833617515067 0.0
25.143912218463015 198.21938701008312 0.0
84.9511534203218 92.23447814536942 0.0
143.35340367216358 4.417335989384785 0.0
18.07435838502631 115.5312231132528 0.0
79.10293087266469 150.32878080899818 0.0
171.88592487588505 157.54271259158548 0.0
198.28595867502315 77.98168073816451 0.0
191.81878473518313 110.91241443955997 0.0
119.27503106909845 138.85162997808575 0.0
138.33911270962395 128.31719138555135 0.0
80.2807545027501 193.0980240156959 0.0
138.87761323707903 6.923519989398819 0.0
2.718526916555253 69.3969257843006 0.0
129.85123240945853 63.68026892673224 0.0
33.91430431442617 63.28191044836744 0.0
22.594769141380343 130.62887852695525 0.0
136.2697432950836 49.75593376634 0.0
101.4361189355367 12.888466233150675 0.0
105.04615234676864 65.03864554970878 0.0
67.81279589295175 46.6998501601823 0.0
43.215746395577725 172.66526900420075 0.0
81.24153087544823 70.88913157751477 0.0
199.36776981963874 70.75459862386995 0.0
16.116751538632855 182.3379373869662 0.0
183.44604050980644 20.115420916829805 0.0
152.72786067584704 84.52410975502302 0.0
115.13364873424645 76.96197957361113 0.0
51.54926413287628 57.92303833523946 0.0
30.989529138769377 99.36091659788156 0.0
21.77112999534261 182.0366017285428 0.0
78.98069530913942 163.13346376974357 0.0
188.2030388074626 21.0429994141067 0.0
62.84299750907356 70.78840781208437 0.0
85.09655427670879 148.53752827213572 0.0
163.7423325080423 166.16278954451192 0.0
161.09705329215333 31.56081117180689 0.0
162.99731770766886 77.7988989744355 0.0
166.44894350012177 120.08757488827841 0.0
17.163417874982343 105.68770395597559 0.0
111.7427092205231 95.37562500839036 0.0
195.56769461939643 138.86041166553971 0.0
136.90613827885684 119.05126291219052 0.0
180.4223220557746 45.41138585622764 0.0
9.806147695625999 194.53388834533527 0.0
150.93412258525035 11.887280653569366 0.0
85.74180339345206 3.379192786179863 0.0
125.36638896024412 125.57869657853415 0.0
2.2730307224080315 11.34678633079378 0.0
118.79839033731574 191.102390387206 0.0
158.24374067286558 52.47478206567495 0.0
189.3669933041553 151.76344241052973 0.0
131.52199549140443 194.17033983675756 0.0
192.0638026381675 146.5385454399248 0.0
26.894056729679725 62.30174695786697 0.0
36.70051930323861 175.1229350935588 0.0
113.71306970958885 162.5042956727683 0.0
55.44393978941598 166.33526151824108 0.0
12.317372789852499 72.38851137383233 0.0
125.36145092631085 149.27607176820084 0.0
118.89726241349354 99.06616324281153 0.0
62.70663088776405 11.987228628807944 0.0
120.40337487116679 97.38585935028306 0.0
108.2138155234921 198.9612161357216 0.0
144.2536110098872 26.496558901992874 0.0
56.45947242407472 46.70064808036567 0.0
112.00989602122628 85.83409379797074 0.0
147.38730385685065 85.63011268630076 0.0
21.859879607619924 116.35215710533929 0.0
34.383075554394374 147.01378581251575 0.0
171.65285420112258 178.79585501023422 0.0
170.82422341286022 105.13407553064286 0.0
152.40327730277292 28.04251838380094 0.0
15.81832148436666 157.83787071162962 0.0
191.58922709480893 191.0109617264966 0.0
149.88361845481305 102.65872093872534 0.0
106.23727972201362 125.36698148108671 0.0
112.61386641051084 101.07471765876824 0.0
137.69934123670637 87.22945053594377 0.0
126.90873902654782 140.06348661240617 0.0
83.19094781826777 68.30790607768739 0.0
58.14017694991549 197.9672084402712 0.0
13.574771476518531 76.37909445980328 0.0
171.66416107319756 0.7821784834390444 0.0
72.53693302185367 127.73653539210517 0.0
98.37628534775745 15.33896407229156 0.0
189.2179955534456 196.22364653291334 0.0
95.54877714321852 167.44080445489564 0.0
4.524382437139551 20.687683129257305 0.0
198.9755468843129 95.87940574492787 0.0
110.76016089353568 111.16805793056234 0.0
2.4909017228776476 157.34894630835583 0.0
34.88310753145542 113.85953045735006 0.0
172.21670649004386 82.63050664479177 0.0
57.60313969480186 95.86690305024408 0.0
5.431780702916811 151.0209277047493 0.0
153.70511228714705 92.99477473609336 0.0
177.74638860730556 197.83141845061732 0.0
63.392177259779146 27.292289406514225 0.0
87.30372369659693 98.88299224830644 0.0
160.10989045710252 45.79935458279169 0.0
101.01941714503802 186.27727327063388 0.0
167.22533497212382 57.9175100805682 0.0
135.40908761408014 141.32277785370815 0.0
94.09960130568476 156.05504515324563 0.0
163.34306615394215 83.34840293083789 0.0
11.505995624026056 92.67262270541043 0.0
28.106436010596948 27.237338638795695 0.0
67.0104634399428 56.582152694348274 0.0
167.4316465783876 17.86622422882114 0.0
52.8447084869609 42.328297664853196 0.0
102.71002363720234 66.23594842886558 0.0
81.96661171360138 138.70851432845947 0.0
32.377504380578735 109.93199778961964 0.0
102.41658967848379 75.96408819477757 0.0
183.50898286563216 199.65390282224013 0.0
85.74259438604554 165.90117368747357 0.0
121.94486668566398 173.90478513416355 0.0
162.18052690538966 145.1774963573323 0.0
198.81228840037372 25.53367758277694 0.0
143.44086727750815 189.21682063749043 0.0
120.0926157136641 186.67479818574643 0.0
173.3664771516319 102.68992946197488 0.0
65.92595592561621 62.7295396096017 0.0
77.39043379047081 12.227382103282448 0.0
57.63236009167898 131.38842261172735 0.0
143.63704231632656 188.00593133484367 0.0
172.9685436496146 189.29201444332742 0.0
161.67295028558357 103.0769490910152 0.0
143.92798613026002 76.781122636929 0.0
169.3296605440704 102.78188880860921 0.0
36.43132149704884 40.288352752644265 0.0
113.68251869780303 101.32628535738297 0.0
107.54299458241543 2.274548959080369 0.0
119.18555801976309 148.56041156977926 0.0
163.3892946310858 0.2152760809054799 0.0
74.1254188258295 117.24120564162939 0.0
199.74178907785816 128.9940082289358 0.0
195.97183026259992 149.52674815826245 0.0
197.26939092142942 75.16027989715985 0.0
116.8660394334455 71.18103761617547 0.0
64.75127986549185 166.8626380771598 0.0
42.4027693792199 132.9433841021008 0.0
76.08198264878897 179.86772207719238 0.0
80.02522334293309 170.74343014035148 0.0
130.68895266546764 137.9284655221201 0.0
107.76682270195275 189.91911792695086 0.0
182.02208037425706 24.86590184333375 0.0
159.7373556946306 73.32178008748362 0.0
25.06368132718835 86.08061674475537 0.0
41.66533056458752 189.1688638412359 0.0
111.34636777391165 38.811504810096096 0.0
157.9723375371155 131.73147327460666 0.0
168.75559651725 33.31097974429839 0.0
131.26933178405937 66.42044256387788 0.0
143.43239301539154 11.207489524293068 0.0
125.82878137265531 170.56124901795602 0.0
152.38114161220116 192.67747610231208 0.0
48.50069933941823 62.12456588216455 0.0
137.926116769198 190.65084926123046 0.0
193.70464979856735 90.905909175485 0.0
148.9496950753352 98.12527168102518 0.0
23.54384266241125 130.12431663979558 0.0
38.884130941356254 23.766331916206298 0.0
29.751574031348916 51.13661116410291 0.0
66.7179039034419 161.32214655841898 0.0
11.094207738604855 189.94033421301106 0.0
14.816687125428363 169.98250257907407 0.0
18.019113687354604 21.365020947176028 0.0
196.14802546634607 15.664272069664076 0.0
65.74986358744226 145.32799674403392 0.0
113.53792187620124 77.30630464679855 0.0
97.69522291908812 159.25755802940665 0.0
154.87654898503 57.60864058933344 0.0
192.9523958893492 41.762790818219855 0.0
160.72941631292474 54.25241912513867 0.0
54.84913808728551 104.85599802381952 0.0
184.59929711362 45.488412315268036 0.0
191.88336503584563 185.51019114658448 0.0
81.12341307943119 23.08367781216678 0.0
108.08296547890264 142.0606573773899 0.0
103.77928930184606 65.96742021817255 0.0
56.72258960391099 96.9362364697535 0.0
71.2118982044683 189.51870335488894 0.0
79.49822448431891 24.43243327062341 0.0
70.08361657708748 28.290092947469315 0.0
152.67448719858706 20.715095932799365 0.0
102.3877948936549 114.06317343270705 0.0
92.38354576771557 112.96994860959617 0.0
156.45554236738772 96.48302642667524 0.0
33.16873217494973 165.58983151851896 0.0
83.42459153533288 120.12077924097451 0.0
187.02986478055945 123.5180229717006 0.0
194.72814307954437 119.6644624387136 0.0
14.641496456104441 96.34267016012605 0.0
61.20051833138969 24.040294899896498 0.0
96.07924011669311 31.463783498599128 0.0
190.68568666238062 170.61794814779293 0.0
75.30346590311142 150.6309777098681 0.0
88.5736797719439 22.254868195161535 0.0
70.81368027232952 131.37655464124418 0.0
64.47901071523958 152.78638866466522 0.0
94.30098637034614 3.3451843095473777 0.0
38.3142737562457 20.669888180794203 0.0
99.79011277980041 99.24792568708574 0.0
120.30115648633655 85.84275915131524 0.0
97.67646186674396 151.1449889400233 0.0
92.0001838792786 141.4556369081642 0.0
111.22782116382814 154.9881066621185 0.0
99.22951287043014 129.9937407259568 0.0
27.534351505853614 139.82998093696705 0.0
82.78224108930365 192.40094223084162 0.0
0.5545537246277155 72.83489852220009 0.0
119.14071035916987 59.172497490556594 0.0
0.8189904831604977 7.201010720293088 0.0
120.92531755619515 133.98416858933675 0.0
174.51759830417004 37.3315357477882 0.0
55.60451458323281 143.27687831327074 0.0
74.11045808396683 64.06852948092639 0.0
181.03158024824668 29.317674808562643 0.0
153.26602256956494 192.52957675479993 0.0
167.6629877118133 49.609277079291104 0.0
180.8447671341216 186.0641540764067 0.0
179.85210729043226 12.122133926587942 0.0
21.810384400708017 182.07319411305684 0.0
22.40113605613958 23.674397789585157 0.0
157.3646321695577 38.9116992307309 0.0
123.59315436866626 57.88682471600841 0.0
172.2660925446398 27.821032534438483 0.0
22.215319593162207 59.491180572767036 0.0
24.207026661936524 109.81392583935472 0.0
153.6232519013049 193.3722437229046 0.0
28.286753416200305 144.66190466582106 0.0
88.68567006829417 19.575145420396467 0.0
139.03384469088599 67.61129068812122 0.0
169.48751113951613 29.6112383817984 0.0
93.09368569754326 139.1806282494911 0.0
106.9587531602124 114.7473754382732 0.0
87.61184312746096 24.368870391116392 0.0
158.1352260404453 153.5649221147234 0.0
112.50787156086777 89.83016888786635 0.0
184.5467556392714 3.9264545385514715 0.0
29.248175248964525 121.04782085214052 0.0
8.267147584687873 163.58965690944203 0.0
194.39062302447974 56.266381544400666 0.0
28.44938084847446 24.059499408856098 0.0
63.08772314219719 109.91748694026722 0.0
38.708647022097864 183.8712644471437 0.0
175.899153290386 15.501638697143205 0.0
194.5048064542431 110.34867071868206 0.0
31.678517463530365 56.364560937082196 0.0
119.71496441339349 142.98281832988204 0.0
179.9633718066691 72.53352353788756 0.0
12.875856503491413 16.929281047517474 0.0
28.211438501826613 132.7553880547957 0.0
116.11489157192361 151.72220977052456 0.0
152.39012121505172 43.1048597421037 0.0
43.577683619717874 98.15587704439137 0.0
123.8405243655059 127.00781311247273 0.0
31.19902467829494 165.38573349722813 0.0
21.001069128654294 156.25137690199412 0.0
165.95322215309744 160.6524207538663 0.0
81.49007576943188 138.52870392247792 0.0
80.25894908326879 165.6339860729936 0.0
168.21058763929628 74.29320715194483 0.0
56.00261722020328 146.28292228620384 0.0
72.55482810862084 184.17345457729576 0.0
172.68351988383407 147.1062771887127 0.0
158.4497902859765 77.92645098395174 0.0
55.47294260240561 56.19871284171549 0.0
62.89942350781526 86.883736809158 0.0
131.5185396931038 43.93981781805567 0.0
111.84302511121275 114.07114040262809 0.0
86.61437816590582 176.11864321180215 0.0
184.5634848263628 69.65969979462601 0.0
29.39603146161316 181.34998563039122 0.0
165.5430635723338 54.13176142145062 0.0
116.50920000558855 112.99842805913298 0.0
59.578487054539785 127.52288508644448 0.0
69.7394599247299 87.42782873207568 0.0
114.13121091871392 160.32665063880572 0.0
124.8797077820504 3.245398747724848 0.0
92.30268486739223 100.12615092212978 0.0
92.15099373551115 150.31113644450988 0.0
170.48863591657155 7.74245322746705 0.0
179.28146182549742 102.63493717943778 0.0
196.6803677681563 17.66678169452538 0.0
30.88721997224613 55.88526948173771 0.0
38.54512020034857 159.7699824080398 0.0
71.58798576830867 18.084795293118617 0.0
74.8316971169823 142.7590902448334 0.0
105.32944331315362 191.1700469435475 0.0
139.3115027805498 144.57762750686803 0.0
19.67325810612577 91.44359503465019 0.0
13.379320481101708 180.92272005579287 0.0
171.35488470992618 48.54892271998514 0.0
81.6020781015879 130.27862831719833 0.0
188.1981648405433 95.44970600355767 0.0
13.918090617852318 182.34297437702347 0.0
112.51499976944108 115.99665782615645 0.0
118.85316208475236 146.44845376117968 0.0
32.407247034072824 52.01684475826125 0.0
124.03408303658364 107.55929442358656 0.0
199.92718846196232 188.46182408124037 0.0
183.4441337236797 149.64851167440924 0.0
118.84192586126802 33.002508049008085 0.0
85.27918431656192 79.73826881407844 0.0
199.78610891457313 85.5603203186164 0.0
139.9271353750051 80.61249476582964 0.0
126.87649875354856 53.615630154172386 0.0
64.50747641933549 196.18732768174632 0.0
57.40090416106671 10.736175446266571 0.0
148.57172888075974 110.75149867760388 0.0
184.98312051404895 18.619601920930396 0.0
84.9797383465113 21.765436569716655 0.0
36.66452033436289 37.045892560045665 0.0
80.63073983902598 125.6343289564825 0.0
145.632055549449 131.4869925121674 0.0
23.642202464552376 136.84700463858718 0.0
43.86144454418908 54.722559255148 0.0
176.73355884720834 143.09908070722514 0.0
52.73343148638967 26.66214871352677 0.0
90.98592708068287 162.49525226201436 0.0
114.72003049527981 165.6760245319638 0.0
189.8130977617619 13.65236750645562 0.0
105.5267311455991 135.08796660885773 0.0
159.8929509037161 135.5013106530769 0.0
93.6157326382527 160.08534508991224 0.0
103.97273685396107 0.8123712643637981 0.0
72.82431125586086 43.15307753319784 0.0
159.8755388198279 155.94531498832367 0.0
183.83146310201482 160.23974925137944 0.0
170.69941471195096 89.0519778539246 0.0
161.5151476280468 55.2156909574826 0.0
3.1147218699945967 79.93566979497153 0.0
97.78131024347098 166.78441518666446 0.0
53.82919229831589 116.99831473631073 0.0
193.2351294440168 19.860340684466383 0.0
158.70442446783963 80.18284194547702 0.0
186.10391203954185 92.5272744291585 0.0
124.67148920700681 83.54480788067382 0.0
193.1100502265437 130.04379936178904 0.0
41.50739813588591 147.06384661390197 0.0
174.53169186482504 118.96308519759586 0.0
198.69828627595942 24.532162123821657 0.0
144.47763751657564 57.28640620155596 0.0
32.02920860535836 52.833705542375206 0.0
187.44222156770127 60.671062510524365 0.0
55.2044821684317 107.65438673831424 0.0
113.49483885945126 30.065044600160174 0.0
193.71658049415208 151.64013088892133 0.0
186.99798048297902 72.74228725809175 0.0
131.34572937183125 43.246191378352435 0.0
197.53659734790318 116.56402497852669 0.0
4.086249550563226 37.99769761368148 0.0
6.780726120047897 86.39313800292841 0.0
31.959935736945223 158.60797698999406 0.0
1.2923864775302274 21.940161690572026 0.0
66.0906818116944 136.37771744166182 0.0
8.82674665475054 7.921022809519362 0.0
146.57871677320742 133.524673839381 0.0
194.4667420329211 160.25821438344013 0.0
16.126829035640977 144.5700907700796 0.0
42.96923927614975 166.15864742326528 0.0
115.0350369769804 44.63466763679003 0.0
154.99006523045904 11.25302289044332 0.0
95.09422462207388 103.47338383111352 0.0
37.39410090767716 143.5830479247933 0.0
133.0733090172091 16.305100182861242 0.0
151.64591844471252 22.07452839201054 0.0
98.90862067276396 115.96939406708324 0.0
199.3152844567577 176.23568825571067 0.0
139.36814584205672 25.66971845959165 0.0
170.0210713531644 164.1719816133659 0.0
74.87745401538565 187.53839291433536 0.0
54.67609502924684 157.60981348845945 0.0
175.35809562564017 59.48564352906669 0.0
