1 83 18.0
1 147 37.0
1 149 22.0
1 189 20.0
1 13 83.0
1 14 29.0
1 79 72.0
1 91 44.0
1 101 4.0
1 114 38.0
2 81 32.0
2 84 90.0
2 90 45.0
2 94 44.0
2 97 23.0
2 122 76.0
2 158 22.0
2 167 40.0
2 171 63.0
2 192 89.0
2 193 22.0
2 200 10.0
2 165 16.0
2 197 21.0
3 11 61.0
3 12 95.0
3 17 11.0
3 35 59.0
3 56 88.0
3 60 36.0
3 82 93.0
3 34 3.0
3 138 12.0
3 141 55.0
4 6 55.0
4 19 98.0
4 32 34.0
4 69 26.0
4 71 67.0
4 86 55.0
4 99 37.0
4 100 41.0
4 102 19.0
4 128 74.0
4 135 9.0
4 154 89.0
5 8 76.0
5 39 42.0
5 59 41.0
5 83 64.0
5 108 80.0
5 112 82.0
5 117 72.0
5 147 45.0
5 149 38.0
5 186 22.0
5 189 35.0
5 14 8.0
5 79 52.0
5 88 31.0
5 101 73.0
6 4 63.0
6 19 84.0
6 57 27.0
6 69 8.0
6 86 15.0
6 102 40.0
6 128 56.0
6 151 62.0
6 154 7.0
6 162 28.0
6 191 1.0
7 16 26.0
7 22 87.0
7 38 29.0
7 45 8.0
7 56 15.0
7 63 75.0
7 77 6.0
7 85 25.0
7 104 59.0
7 130 73.0
7 136 51.0
7 139 63.0
7 153 12.0
7 168 49.0
7 172 82.0
7 181 14.0
8 5 77.0
8 28 80.0
8 39 59.0
8 61 57.0
8 81 96.0
8 112 92.0
8 117 31.0
8 147 76.0
8 148 69.0
8 186 80.0
8 193 86.0
8 200 29.0
9 170 28.0
9 15 65.0
9 40 1.0
9 65 68.0
9 75 98.0
9 107 61.0
9 116 72.0
9 131 33.0
9 133 81.0
9 137 51.0
9 140 56.0
9 183 70.0
10 67 61.0
10 118 51.0
10 123 4.0
10 174 67.0
10 198 71.0
10 40 7.0
10 53 46.0
10 65 82.0
10 75 47.0
10 80 30.0
10 106 64.0
10 109 98.0
10 116 91.0
10 124 71.0
10 133 18.0
10 140 17.0
10 182 3.0
10 188 81.0
11 3 24.0
11 12 4.0
11 17 15.0
11 35 16.0
11 56 14.0
11 60 20.0
11 77 39.0
11 82 82.0
11 181 6.0
11 34 60.0
11 138 77.0
11 141 4.0
12 3 97.0
12 11 66.0
12 17 49.0
12 45 99.0
12 56 90.0
12 60 40.0
12 63 47.0
12 34 3.0
12 72 98.0
12 95 98.0
12 121 21.0
12 129 61.0
12 138 73.0
12 141 94.0
13 1 63.0
13 149 64.0
13 189 71.0
13 14 17.0
13 18 60.0
13 21 23.0
13 70 73.0
13 79 42.0
13 88 72.0
13 91 55.0
13 101 18.0
13 114 19.0
13 160 57.0
13 164 27.0
13 166 44.0
14 1 93.0
14 5 18.0
14 83 18.0
14 149 16.0
14 189 72.0
14 13 62.0
14 21 58.0
14 79 66.0
14 88 71.0
14 91 56.0
14 101 93.0
14 114 37.0
14 160 56.0
14 166 67.0
15 76 7.0
15 145 99.0
15 152 5.0
15 170 92.0
15 9 29.0
15 40 66.0
15 65 92.0
15 131 83.0
15 133 14.0
15 137 24.0
15 140 28.0
15 183 74.0
16 7 50.0
16 21 51.0
16 54 80.0
16 85 80.0
16 103 66.0
16 104 10.0
16 126 90.0
16 130 84.0
16 136 75.0
16 153 35.0
16 157 81.0
16 166 31.0
16 168 48.0
16 172 87.0
17 3 55.0
17 11 6.0
17 12 8.0
17 60 64.0
17 34 35.0
17 129 51.0
17 138 67.0
17 141 17.0
18 13 76.0
18 70 72.0
18 114 26.0
18 130 66.0
18 160 81.0
18 163 57.0
18 164 31.0
18 166 55.0
18 168 40.0
18 185 17.0
18 190 49.0
19 4 31.0
19 6 45.0
19 71 72.0
19 86 31.0
19 102 98.0
19 105 34.0
19 128 72.0
19 135 72.0
19 154 67.0
19 162 97.0
19 191 46.0
20 35 47.0
20 36 39.0
20 64 79.0
20 73 3.0
20 104 72.0
20 127 91.0
20 130 88.0
20 168 67.0
20 181 98.0
20 185 42.0
20 190 34.0
21 39 66.0
21 189 44.0
21 13 74.0
21 14 32.0
21 16 1.0
21 79 2.0
21 88 68.0
21 91 49.0
21 101 23.0
21 114 18.0
21 126 69.0
21 157 84.0
21 166 71.0
22 7 1.0
22 26 77.0
22 38 43.0
22 43 57.0
22 45 58.0
22 48 83.0
22 54 45.0
22 63 57.0
22 77 82.0
22 85 80.0
22 103 30.0
22 111 76.0
22 136 58.0
22 139 65.0
22 153 59.0
22 53 91.0
23 31 10.0
23 51 43.0
23 58 95.0
23 74 88.0
23 78 63.0
23 110 25.0
23 132 26.0
23 156 79.0
23 173 11.0
23 177 52.0
23 179 40.0
23 180 87.0
24 25 2.0
24 62 12.0
24 66 22.0
24 87 61.0
24 92 18.0
24 115 98.0
24 175 98.0
25 24 93.0
25 87 11.0
25 94 8.0
25 115 98.0
25 167 99.0
25 175 54.0
26 29 26.0
26 42 28.0
26 98 27.0
26 142 58.0
26 146 23.0
26 33 17.0
26 55 64.0
26 118 89.0
26 123 68.0
26 174 19.0
26 194 13.0
26 22 28.0
26 43 91.0
26 48 24.0
26 54 35.0
26 103 34.0
26 111 69.0
26 182 62.0
27 63 40.0
27 53 15.0
27 72 6.0
27 75 88.0
27 80 63.0
27 95 34.0
27 105 43.0
27 106 97.0
27 107 35.0
27 109 21.0
27 121 44.0
27 125 45.0
28 8 41.0
28 29 81.0
28 42 38.0
28 81 92.0
28 142 12.0
28 146 82.0
28 178 70.0
28 193 21.0
28 200 90.0
29 28 62.0
29 42 3.0
29 81 59.0
29 98 9.0
29 142 59.0
29 146 19.0
29 178 32.0
29 193 53.0
29 33 98.0
29 194 68.0
29 26 2.0
29 48 36.0
29 54 47.0
29 103 91.0
30 31 92.0
30 44 50.0
30 50 64.0
30 51 96.0
30 52 32.0
30 110 78.0
30 113 17.0
30 143 20.0
30 144 61.0
30 156 55.0
30 159 70.0
30 169 62.0
30 180 24.0
30 195 35.0
31 23 87.0
31 30 83.0
31 51 7.0
31 52 73.0
31 68 62.0
31 78 52.0
31 110 70.0
31 132 93.0
31 134 79.0
31 156 84.0
31 161 98.0
31 169 43.0
31 173 68.0
31 179 22.0
31 180 73.0
31 184 65.0
31 187 7.0
31 195 15.0
32 4 28.0
32 86 92.0
32 95 87.0
32 96 36.0
32 99 93.0
32 100 34.0
32 129 7.0
32 135 58.0
32 196 21.0
33 29 18.0
33 42 15.0
33 98 66.0
33 146 15.0
33 178 83.0
33 46 22.0
33 55 38.0
33 93 5.0
33 118 67.0
33 123 37.0
33 174 45.0
33 194 15.0
33 26 19.0
33 48 71.0
33 111 83.0
33 124 34.0
33 182 56.0
33 188 46.0
34 3 91.0
34 11 54.0
34 12 97.0
34 17 75.0
34 45 68.0
34 56 94.0
34 63 26.0
34 72 54.0
34 95 51.0
34 121 2.0
34 125 23.0
34 129 42.0
34 138 76.0
34 141 31.0
35 3 35.0
35 11 16.0
35 20 24.0
35 60 81.0
35 64 75.0
35 73 1.0
35 82 64.0
35 104 72.0
35 181 60.0
36 20 77.0
36 64 68.0
36 73 9.0
36 127 79.0
36 185 56.0
36 190 34.0
37 41 53.0
37 59 16.0
37 61 15.0
37 62 11.0
37 66 21.0
37 108 43.0
37 112 4.0
37 117 62.0
37 147 50.0
37 148 38.0
37 150 30.0
37 186 87.0
38 7 57.0
38 22 95.0
38 43 18.0
38 45 8.0
38 56 84.0
38 63 88.0
38 77 26.0
38 85 9.0
38 136 32.0
38 139 35.0
38 153 8.0
38 72 20.0
38 121 63.0
39 5 72.0
39 8 66.0
39 61 21.0
39 108 84.0
39 112 44.0
39 117 2.0
39 147 20.0
39 149 48.0
39 186 80.0
39 189 90.0
39 21 2.0
39 88 28.0
40 67 41.0
40 198 14.0
40 9 8.0
40 10 86.0
40 15 93.0
40 65 59.0
40 75 18.0
40 80 26.0
40 107 78.0
40 116 82.0
40 124 46.0
40 131 44.0
40 133 11.0
40 137 22.0
40 140 24.0
40 183 43.0
40 188 96.0
41 37 17.0
41 59 1.0
41 62 10.0
41 66 93.0
41 83 55.0
41 108 95.0
41 112 85.0
41 117 14.0
41 147 54.0
41 148 40.0
41 150 80.0
41 186 29.0
42 28 12.0
42 29 11.0
42 81 7.0
42 98 77.0
42 142 42.0
42 146 37.0
42 178 34.0
42 33 69.0
42 55 56.0
42 93 33.0
42 118 34.0
42 174 41.0
42 194 89.0
42 26 21.0
42 48 50.0
42 103 82.0
42 111 2.0
42 182 51.0
43 118 77.0
43 22 32.0
43 26 41.0
43 38 62.0
43 45 42.0
43 48 33.0
43 54 73.0
43 85 85.0
43 103 84.0
43 111 4.0
43 136 87.0
43 153 2.0
43 53 2.0
43 109 75.0
43 182 41.0
44 30 71.0
44 52 81.0
44 110 21.0
44 113 99.0
44 156 44.0
44 169 81.0
44 180 26.0
44 195 17.0
45 7 61.0
45 12 7.0
45 22 98.0
45 38 57.0
45 43 91.0
45 56 52.0
45 63 56.0
45 77 5.0
45 139 22.0
45 153 12.0
45 34 97.0
45 53 11.0
45 72 77.0
45 121 22.0
45 125 1.0
45 129 48.0
45 141 17.0
46 98 19.0
46 178 54.0
46 33 90.0
46 55 25.0
46 74 97.0
46 93 97.0
46 118 6.0
46 123 92.0
46 165 26.0
46 173 88.0
46 174 58.0
46 177 50.0
46 179 29.0
46 194 99.0
46 198 64.0
47 84 15.0
47 89 14.0
47 94 25.0
47 175 69.0
47 176 71.0
47 192 65.0
48 29 5.0
48 42 59.0
48 98 25.0
48 142 6.0
48 146 18.0
48 33 68.0
48 55 11.0
48 118 9.0
48 194 12.0
48 22 59.0
48 26 3.0
48 43 62.0
48 54 61.0
48 103 68.0
48 111 77.0
48 182 59.0
49 89 8.0
49 97 50.0
49 122 68.0
49 158 27.0
49 171 34.0
49 192 64.0
49 78 90.0
49 132 68.0
49 155 19.0
49 161 7.0
49 165 54.0
49 173 54.0
49 177 2.0
49 179 87.0
49 184 75.0
49 187 53.0
49 197 95.0
50 30 50.0
50 113 22.0
50 144 78.0
50 199 80.0
51 23 96.0
51 30 25.0
51 31 48.0
51 52 18.0
51 68 20.0
51 78 26.0
51 110 15.0
51 132 35.0
51 134 75.0
51 156 36.0
51 161 74.0
51 169 29.0
51 180 27.0
51 184 21.0
51 187 90.0
51 195 62.0
52 30 72.0
52 31 36.0
52 44 75.0
52 51 44.0
52 68 35.0
52 110 85.0
52 132 57.0
52 134 87.0
52 156 95.0
52 169 87.0
52 180 35.0
52 184 88.0
52 187 18.0
52 195 9.0
53 22 25.0
53 43 66.0
53 45 63.0
53 63 10.0
53 111 81.0
53 10 58.0
53 27 75.0
53 72 46.0
53 106 18.0
53 109 82.0
53 124 70.0
53 125 69.0
53 182 51.0
53 188 13.0
54 29 95.0
54 142 58.0
54 146 60.0
54 16 70.0
54 22 10.0
54 26 33.0
54 43 44.0
54 48 41.0
54 85 32.0
54 103 78.0
54 111 15.0
54 126 16.0
54 136 71.0
54 153 63.0
54 157 17.0
54 172 61.0
55 42 82.0
55 98 79.0
55 146 48.0
55 178 3.0
55 33 1.0
55 46 31.0
55 93 91.0
55 118 45.0
55 123 30.0
55 174 30.0
55 194 98.0
55 26 15.0
55 48 94.0
55 111 49.0
55 124 60.0
55 182 73.0
55 188 68.0
56 3 64.0
56 7 64.0
56 11 7.0
56 12 61.0
56 38 62.0
56 45 33.0
56 63 66.0
56 77 12.0
56 139 11.0
56 181 30.0
56 34 10.0
56 72 73.0
56 121 48.0
56 129 51.0
56 138 53.0
56 141 82.0
57 6 34.0
57 69 21.0
57 128 36.0
57 151 2.0
58 23 12.0
58 67 56.0
58 74 62.0
58 119 2.0
58 143 6.0
58 156 35.0
58 159 82.0
58 180 81.0
58 198 82.0
59 5 4.0
59 37 47.0
59 41 57.0
59 61 11.0
59 62 89.0
59 66 65.0
59 83 82.0
59 108 39.0
59 112 42.0
59 117 90.0
59 147 91.0
59 148 35.0
59 150 2.0
59 186 35.0
60 3 66.0
60 11 26.0
60 12 16.0
60 17 45.0
60 35 51.0
60 82 1.0
61 8 70.0
61 37 35.0
61 39 43.0
61 59 36.0
61 90 48.0
61 112 99.0
61 117 2.0
61 148 49.0
61 167 46.0
61 186 31.0
61 193 84.0
61 200 72.0
62 24 13.0
62 37 80.0
62 41 66.0
62 59 94.0
62 66 81.0
62 87 99.0
62 92 38.0
62 115 24.0
62 148 14.0
62 150 36.0
63 7 73.0
63 12 74.0
63 22 24.0
63 38 63.0
63 45 57.0
63 56 91.0
63 77 24.0
63 139 53.0
63 153 15.0
63 27 85.0
63 34 89.0
63 53 20.0
63 72 40.0
63 95 74.0
63 121 37.0
63 125 6.0
63 129 30.0
63 141 86.0
64 20 10.0
64 35 84.0
64 36 32.0
64 73 4.0
64 82 63.0
64 104 41.0
64 127 94.0
64 130 1.0
64 168 62.0
64 181 57.0
65 9 58.0
65 10 62.0
65 15 59.0
65 40 47.0
65 75 65.0
65 80 41.0
65 107 19.0
65 116 72.0
65 131 67.0
65 133 45.0
65 137 52.0
65 140 52.0
65 183 6.0
66 24 49.0
66 37 68.0
66 41 10.0
66 59 14.0
66 62 41.0
66 87 35.0
66 92 67.0
66 115 9.0
66 148 26.0
66 150 5.0
67 58 55.0
67 76 12.0
67 119 49.0
67 123 26.0
67 145 52.0
67 174 74.0
67 198 89.0
67 10 84.0
67 40 49.0
67 116 32.0
67 133 54.0
67 140 7.0
67 188 80.0
68 31 17.0
68 51 79.0
68 52 89.0
68 110 66.0
68 132 24.0
68 134 17.0
68 161 3.0
68 169 31.0
68 184 19.0
68 187 6.0
68 195 60.0
69 4 2.0
69 6 95.0
69 57 67.0
69 86 59.0
69 102 16.0
69 128 34.0
69 151 16.0
69 154 76.0
70 13 71.0
70 18 72.0
70 91 7.0
70 114 30.0
70 160 55.0
70 163 26.0
70 164 10.0
70 166 95.0
70 185 34.0
70 190 14.0
71 4 41.0
71 19 82.0
71 86 25.0
71 96 87.0
71 99 34.0
71 100 95.0
71 102 16.0
71 105 79.0
71 128 12.0
71 135 83.0
71 154 55.0
71 191 72.0
72 12 47.0
72 38 63.0
72 45 74.0
72 56 50.0
72 63 10.0
72 77 17.0
72 139 56.0
72 27 50.0
72 34 24.0
72 53 28.0
72 95 42.0
72 106 54.0
72 109 58.0
72 121 60.0
72 125 93.0
72 129 45.0
72 141 36.0
73 20 45.0
73 35 39.0
73 36 64.0
73 64 23.0
73 82 6.0
73 127 39.0
74 97 34.0
74 23 49.0
74 46 62.0
74 58 35.0
74 78 54.0
74 93 85.0
74 119 13.0
74 165 73.0
74 173 14.0
74 174 97.0
74 177 29.0
74 179 9.0
74 197 23.0
74 198 75.0
75 9 24.0
75 10 22.0
75 27 55.0
75 40 44.0
75 65 37.0
75 80 35.0
75 106 47.0
75 107 54.0
75 109 78.0
75 116 28.0
75 131 8.0
75 133 32.0
75 140 1.0
75 183 92.0
76 67 10.0
76 119 2.0
76 143 20.0
76 145 25.0
76 152 27.0
76 170 77.0
76 15 7.0
76 133 74.0
76 137 3.0
76 140 35.0
77 7 55.0
77 11 42.0
77 22 34.0
77 38 81.0
77 45 4.0
77 56 47.0
77 63 17.0
77 85 73.0
77 136 37.0
77 139 52.0
77 153 27.0
77 181 30.0
77 72 98.0
77 121 86.0
78 97 71.0
78 158 22.0
78 192 66.0
78 23 67.0
78 31 6.0
78 49 35.0
78 51 97.0
78 74 90.0
78 132 30.0
78 155 42.0
78 161 39.0
78 165 14.0
78 173 89.0
78 177 35.0
78 179 92.0
78 184 39.0
78 187 9.0
78 197 27.0
79 1 76.0
79 5 64.0
79 83 16.0
79 149 29.0
79 189 81.0
79 13 63.0
79 14 90.0
79 21 97.0
79 88 22.0
79 91 3.0
79 101 75.0
79 114 47.0
80 10 90.0
80 27 34.0
80 40 79.0
80 65 2.0
80 75 94.0
80 106 34.0
80 107 9.0
80 109 75.0
80 116 14.0
80 131 86.0
80 133 67.0
80 140 66.0
80 183 27.0
81 2 88.0
81 8 63.0
81 28 62.0
81 29 9.0
81 42 37.0
81 122 4.0
81 146 40.0
81 158 26.0
81 171 76.0
81 178 7.0
81 193 99.0
81 200 96.0
81 93 68.0
82 3 83.0
82 11 27.0
82 35 40.0
82 60 68.0
82 64 22.0
82 73 60.0
83 1 62.0
83 5 74.0
83 41 90.0
83 59 6.0
83 108 18.0
83 112 46.0
83 117 40.0
83 147 5.0
83 149 63.0
83 186 6.0
83 189 69.0
83 14 68.0
83 79 95.0
83 101 24.0
84 2 98.0
84 47 19.0
84 89 72.0
84 90 50.0
84 94 9.0
84 122 40.0
84 158 45.0
84 167 34.0
84 171 14.0
84 175 33.0
84 176 26.0
84 192 36.0
85 7 64.0
85 16 55.0
85 22 62.0
85 38 44.0
85 43 97.0
85 54 33.0
85 77 57.0
85 103 46.0
85 126 45.0
85 130 1.0
85 136 95.0
85 139 34.0
85 153 91.0
85 157 67.0
85 168 23.0
85 172 83.0
86 4 45.0
86 6 52.0
86 19 35.0
86 32 53.0
86 69 68.0
86 71 8.0
86 96 60.0
86 99 27.0
86 100 2.0
86 102 74.0
86 105 97.0
86 128 46.0
86 135 22.0
86 154 23.0
86 191 32.0
87 24 54.0
87 25 5.0
87 62 42.0
87 66 7.0
87 90 1.0
87 94 77.0
87 115 63.0
87 148 50.0
87 167 36.0
87 175 82.0
88 5 21.0
88 39 37.0
88 112 68.0
88 149 58.0
88 186 81.0
88 189 79.0
88 13 29.0
88 14 53.0
88 21 5.0
88 79 57.0
88 91 61.0
88 101 7.0
88 114 12.0
88 157 61.0
89 47 3.0
89 84 13.0
89 94 95.0
89 171 27.0
89 176 16.0
89 192 46.0
89 49 16.0
89 161 17.0
90 2 2.0
90 61 79.0
90 84 93.0
90 87 3.0
90 94 91.0
90 122 25.0
90 148 40.0
90 158 13.0
90 167 18.0
90 171 51.0
90 175 99.0
90 193 65.0
90 200 29.0
91 1 91.0
91 149 54.0
91 189 98.0
91 13 16.0
91 14 18.0
91 21 76.0
91 70 78.0
91 79 1.0
91 88 79.0
91 101 69.0
91 114 56.0
91 160 47.0
91 164 39.0
91 166 9.0
92 24 39.0
92 62 18.0
92 66 97.0
92 115 39.0
93 42 13.0
93 81 49.0
93 97 91.0
93 98 63.0
93 158 78.0
93 178 80.0
93 33 74.0
93 46 22.0
93 55 9.0
93 74 2.0
93 155 35.0
93 165 31.0
93 173 21.0
93 174 86.0
93 177 87.0
93 179 22.0
93 194 28.0
93 197 94.0
94 2 58.0
94 25 6.0
94 47 20.0
94 84 38.0
94 87 66.0
94 89 62.0
94 90 20.0
94 122 36.0
94 167 91.0
94 171 43.0
94 175 12.0
94 192 97.0
94 200 83.0
95 12 52.0
95 63 87.0
95 27 88.0
95 32 21.0
95 34 83.0
95 72 75.0
95 96 99.0
95 99 35.0
95 100 45.0
95 105 10.0
95 121 23.0
95 125 14.0
95 129 52.0
95 135 75.0
95 138 15.0
95 141 91.0
95 196 8.0
96 32 17.0
96 71 34.0
96 86 56.0
96 95 56.0
96 99 27.0
96 100 15.0
96 102 82.0
96 105 39.0
96 125 53.0
96 129 42.0
96 135 62.0
96 154 45.0
96 196 21.0
97 2 90.0
97 122 24.0
97 158 16.0
97 171 83.0
97 178 80.0
97 192 98.0
97 49 14.0
97 74 85.0
97 78 26.0
97 93 11.0
97 155 55.0
97 165 33.0
97 173 49.0
97 177 39.0
97 179 53.0
97 197 76.0
98 29 26.0
98 42 37.0
98 142 13.0
98 146 64.0
98 178 83.0
98 33 42.0
98 46 80.0
98 55 29.0
98 93 45.0
98 118 15.0
98 123 56.0
98 174 33.0
98 194 59.0
98 26 15.0
98 48 8.0
98 111 5.0
98 182 75.0
99 4 3.0
99 32 97.0
99 71 74.0
99 86 34.0
99 95 4.0
99 96 25.0
99 100 15.0
99 102 88.0
99 105 61.0
99 128 63.0
99 129 11.0
99 135 12.0
99 154 40.0
99 196 14.0
100 4 19.0
100 32 32.0
100 71 99.0
100 86 26.0
100 95 92.0
100 96 63.0
100 99 3.0
100 102 16.0
100 105 8.0
100 125 30.0
100 129 87.0
100 135 48.0
100 154 97.0
100 196 46.0
101 1 3.0
101 5 12.0
101 83 39.0
101 149 46.0
101 189 36.0
101 13 94.0
101 14 55.0
101 21 9.0
101 79 94.0
101 88 96.0
101 91 74.0
101 114 98.0
102 4 75.0
102 6 25.0
102 19 84.0
102 69 63.0
102 71 59.0
102 86 60.0
102 96 39.0
102 99 32.0
102 100 85.0
102 105 65.0
102 128 44.0
102 135 75.0
102 154 26.0
102 191 95.0
103 29 4.0
103 42 2.0
103 142 53.0
103 146 21.0
103 16 42.0
103 22 96.0
103 26 18.0
103 43 1.0
103 48 49.0
103 54 9.0
103 85 68.0
103 111 84.0
103 126 47.0
103 136 38.0
103 153 49.0
103 157 51.0
103 172 89.0
103 182 99.0
104 7 72.0
104 16 51.0
104 20 15.0
104 35 64.0
104 64 1.0
104 130 50.0
104 168 36.0
104 172 22.0
104 181 34.0
104 185 37.0
105 19 6.0
105 27 49.0
105 71 52.0
105 86 89.0
105 95 38.0
105 96 89.0
105 99 7.0
105 100 70.0
105 102 54.0
105 125 37.0
105 135 51.0
105 154 74.0
105 191 41.0
106 10 7.0
106 27 93.0
106 53 99.0
106 72 37.0
106 75 84.0
106 80 46.0
106 107 1.0
106 109 39.0
106 116 53.0
106 124 32.0
106 125 35.0
107 9 29.0
107 27 85.0
107 40 18.0
107 65 83.0
107 75 10.0
107 80 30.0
107 106 56.0
107 109 26.0
107 116 53.0
107 131 98.0
107 133 70.0
107 137 74.0
107 140 65.0
107 183 12.0
108 5 25.0
108 37 29.0
108 39 67.0
108 41 43.0
108 59 89.0
108 83 16.0
108 112 58.0
108 117 69.0
108 147 6.0
108 149 29.0
108 150 36.0
108 186 15.0
109 43 61.0
109 10 31.0
109 27 24.0
109 53 41.0
109 72 45.0
109 75 11.0
109 80 83.0
109 106 45.0
109 107 12.0
109 116 37.0
109 124 41.0
109 125 78.0
109 182 91.0
109 188 4.0
110 23 27.0
110 30 18.0
110 31 26.0
110 44 20.0
110 51 49.0
110 52 95.0
110 68 33.0
110 132 28.0
110 134 36.0
110 156 89.0
110 161 36.0
110 169 34.0
110 180 62.0
110 184 84.0
110 187 61.0
110 195 39.0
111 42 64.0
111 98 99.0
111 33 91.0
111 55 2.0
111 118 47.0
111 194 93.0
111 22 92.0
111 26 37.0
111 43 59.0
111 48 66.0
111 54 68.0
111 103 21.0
111 153 76.0
111 53 71.0
111 124 93.0
111 182 72.0
111 188 31.0
112 5 89.0
112 8 56.0
112 37 7.0
112 39 65.0
112 41 15.0
112 59 92.0
112 61 1.0
112 83 42.0
112 108 17.0
112 117 46.0
112 147 37.0
112 148 41.0
112 149 97.0
112 186 84.0
112 189 31.0
112 88 62.0
113 30 44.0
113 44 8.0
113 50 74.0
113 144 33.0
114 1 48.0
114 13 47.0
114 14 95.0
114 18 74.0
114 21 57.0
114 70 10.0
114 79 65.0
114 88 54.0
114 91 1.0
114 101 35.0
114 160 23.0
114 164 51.0
114 166 27.0
114 185 54.0
115 24 66.0
115 25 21.0
115 62 61.0
115 66 19.0
115 87 90.0
115 92 27.0
116 67 29.0
116 9 4.0
116 10 32.0
116 40 44.0
116 65 35.0
116 75 82.0
116 80 10.0
116 106 24.0
116 107 38.0
116 109 22.0
116 124 66.0
116 131 65.0
116 133 24.0
116 137 99.0
116 140 33.0
116 183 26.0
116 188 22.0
117 5 76.0
117 8 32.0
117 37 46.0
117 39 90.0
117 41 44.0
117 59 24.0
117 61 7.0
117 83 40.0
117 108 57.0
117 112 47.0
117 147 15.0
117 148 37.0
117 149 18.0
117 150 7.0
117 186 39.0
118 42 14.0
118 98 9.0
118 146 40.0
118 33 33.0
118 46 53.0
118 55 94.0
118 123 83.0
118 174 61.0
118 194 31.0
118 26 96.0
118 43 30.0
118 48 47.0
118 111 31.0
118 10 14.0
118 124 8.0
118 182 61.0
118 188 91.0
119 58 34.0
119 67 43.0
119 74 27.0
119 76 48.0
119 145 63.0
119 198 34.0
119 133 20.0
120 131 18.0
120 162 53.0
120 191 6.0
121 12 4.0
121 38 68.0
121 45 53.0
121 56 81.0
121 63 18.0
121 77 85.0
121 139 96.0
121 27 53.0
121 34 69.0
121 72 13.0
121 95 62.0
121 125 94.0
121 129 84.0
121 138 34.0
121 141 58.0
122 2 54.0
122 81 92.0
122 84 1.0
122 90 1.0
122 94 78.0
122 97 63.0
122 158 82.0
122 167 99.0
122 171 48.0
122 178 71.0
122 192 59.0
122 193 32.0
122 200 39.0
122 49 19.0
122 155 52.0
122 165 23.0
122 197 21.0
123 98 12.0
123 33 50.0
123 46 36.0
123 55 73.0
123 67 96.0
123 118 59.0
123 174 83.0
123 194 95.0
123 198 20.0
123 26 72.0
123 10 24.0
123 124 66.0
123 182 16.0
123 188 50.0
124 33 56.0
124 55 94.0
124 118 40.0
124 123 34.0
124 174 25.0
124 194 5.0
124 111 70.0
124 10 82.0
124 40 2.0
124 53 99.0
124 106 70.0
124 109 91.0
124 116 95.0
124 182 17.0
124 188 53.0
125 45 68.0
125 63 99.0
125 27 37.0
125 34 49.0
125 53 14.0
125 72 39.0
125 95 78.0
125 96 29.0
125 100 43.0
125 105 30.0
125 106 29.0
125 109 87.0
125 121 21.0
125 129 41.0
125 135 75.0
126 142 23.0
126 16 21.0
126 21 29.0
126 54 23.0
126 85 86.0
126 103 89.0
126 136 29.0
126 153 84.0
126 157 19.0
126 166 51.0
126 172 59.0
127 20 72.0
127 36 78.0
127 64 36.0
127 73 39.0
128 4 21.0
128 6 49.0
128 19 94.0
128 57 56.0
128 69 26.0
128 71 69.0
128 86 19.0
128 99 39.0
128 102 82.0
128 151 46.0
128 154 61.0
129 12 38.0
129 17 71.0
129 45 69.0
129 56 17.0
129 63 37.0
129 32 57.0
129 34 81.0
129 72 6.0
129 95 10.0
129 96 11.0
129 99 57.0
129 100 82.0
129 121 86.0
129 125 4.0
129 135 5.0
129 138 62.0
129 141 86.0
129 196 87.0
130 7 82.0
130 16 66.0
130 18 45.0
130 20 97.0
130 64 77.0
130 85 48.0
130 104 15.0
130 136 81.0
130 166 39.0
130 168 69.0
130 172 75.0
130 181 20.0
130 185 36.0
131 9 97.0
131 15 67.0
131 40 42.0
131 65 42.0
131 75 68.0
131 80 75.0
131 107 28.0
131 116 56.0
131 120 85.0
131 133 47.0
131 137 29.0
131 140 88.0
131 183 16.0
132 23 79.0
132 31 23.0
132 49 80.0
132 51 52.0
132 52 25.0
132 68 82.0
132 78 95.0
132 110 23.0
132 134 81.0
132 155 20.0
132 156 50.0
132 161 50.0
132 169 88.0
132 173 34.0
132 179 43.0
132 180 57.0
132 184 50.0
132 187 76.0
132 195 45.0
133 67 65.0
133 76 79.0
133 119 37.0
133 145 61.0
133 198 28.0
133 9 52.0
133 10 33.0
133 15 16.0
133 40 83.0
133 65 56.0
133 75 76.0
133 80 45.0
133 107 38.0
133 116 3.0
133 131 80.0
133 137 69.0
133 140 11.0
133 183 97.0
134 31 86.0
134 51 79.0
134 52 28.0
134 68 3.0
134 110 52.0
134 132 49.0
134 161 68.0
134 169 38.0
134 184 89.0
134 187 10.0
134 195 31.0
135 4 31.0
135 19 3.0
135 32 8.0
135 71 6.0
135 86 6.0
135 95 24.0
135 96 2.0
135 99 18.0
135 100 17.0
135 102 27.0
135 105 64.0
135 125 22.0
135 129 92.0
135 154 33.0
135 191 55.0
135 196 18.0
136 7 88.0
136 16 26.0
136 22 7.0
136 38 85.0
136 43 90.0
136 54 35.0
136 77 83.0
136 85 17.0
136 103 89.0
136 126 38.0
136 130 69.0
136 139 74.0
136 153 62.0
136 157 97.0
136 168 60.0
136 172 82.0
137 76 3.0
137 145 61.0
137 170 2.0
137 9 5.0
137 15 37.0
137 40 65.0
137 65 9.0
137 107 79.0
137 116 20.0
137 131 68.0
137 133 5.0
137 140 98.0
137 183 49.0
138 3 39.0
138 11 78.0
138 12 54.0
138 17 61.0
138 56 76.0
138 34 6.0
138 95 13.0
138 121 56.0
138 129 5.0
138 141 20.0
138 196 2.0
139 7 7.0
139 22 9.0
139 38 90.0
139 45 40.0
139 56 7.0
139 63 41.0
139 77 85.0
139 85 71.0
139 136 24.0
139 153 92.0
139 181 25.0
139 72 42.0
139 121 47.0
140 67 64.0
140 76 84.0
140 145 45.0
140 170 86.0
140 9 51.0
140 10 23.0
140 15 86.0
140 40 85.0
140 65 99.0
140 75 87.0
140 80 1.0
140 107 12.0
140 116 94.0
140 131 52.0
140 133 80.0
140 137 49.0
140 183 69.0
141 3 58.0
141 11 60.0
141 12 84.0
141 17 28.0
141 45 80.0
141 56 45.0
141 63 5.0
141 34 51.0
141 72 47.0
141 95 63.0
141 121 21.0
141 129 11.0
141 138 2.0
142 28 57.0
142 29 33.0
142 42 38.0
142 98 92.0
142 146 36.0
142 26 5.0
142 48 46.0
142 54 94.0
142 103 58.0
142 126 72.0
143 30 9.0
143 58 87.0
143 76 26.0
143 156 6.0
143 159 1.0
143 199 16.0
144 30 7.0
144 50 75.0
144 113 86.0
144 159 38.0
144 199 39.0
145 67 29.0
145 76 49.0
145 119 13.0
145 152 21.0
145 170 34.0
145 15 49.0
145 133 4.0
145 137 97.0
145 140 99.0
146 28 21.0
146 29 11.0
146 42 49.0
146 81 80.0
146 98 13.0
146 142 89.0
146 178 86.0
146 193 57.0
146 33 85.0
146 55 28.0
146 118 44.0
146 194 68.0
146 26 6.0
146 48 53.0
146 54 88.0
146 103 3.0
147 1 96.0
147 5 97.0
147 8 49.0
147 37 77.0
147 39 8.0
147 41 24.0
147 59 99.0
147 83 56.0
147 108 4.0
147 112 15.0
147 117 15.0
147 149 9.0
147 186 13.0
147 189 59.0
148 8 79.0
148 37 91.0
148 41 65.0
148 59 39.0
148 61 93.0
148 62 64.0
148 66 47.0
148 87 85.0
148 90 95.0
148 112 57.0
148 117 54.0
148 167 16.0
148 186 4.0
148 200 19.0
149 1 53.0
149 5 89.0
149 39 45.0
149 83 16.0
149 108 31.0
149 112 90.0
149 117 40.0
149 147 37.0
149 186 11.0
149 189 65.0
149 13 69.0
149 14 49.0
149 79 16.0
149 88 43.0
149 91 74.0
149 101 87.0
150 37 64.0
150 41 43.0
150 59 98.0
150 62 11.0
150 66 91.0
150 108 62.0
150 117 90.0
151 6 58.0
151 57 79.0
151 69 23.0
151 128 95.0
151 154 29.0
151 162 23.0
152 76 27.0
152 145 30.0
152 170 80.0
152 15 39.0
153 7 22.0
153 16 79.0
153 22 87.0
153 38 73.0
153 43 75.0
153 45 39.0
153 54 9.0
153 63 61.0
153 77 99.0
153 85 35.0
153 103 44.0
153 111 36.0
153 126 79.0
153 136 67.0
153 139 12.0
153 172 89.0
154 4 6.0
154 6 69.0
154 19 50.0
154 69 42.0
154 71 45.0
154 86 35.0
154 96 82.0
154 99 97.0
154 100 84.0
154 102 54.0
154 105 95.0
154 128 92.0
154 135 13.0
154 151 73.0
154 162 69.0
154 191 6.0
155 97 11.0
155 122 54.0
155 158 88.0
155 171 22.0
155 192 38.0
155 49 23.0
155 78 70.0
155 93 95.0
155 132 64.0
155 161 50.0
155 165 34.0
155 173 10.0
155 177 56.0
155 179 18.0
155 197 66.0
156 23 75.0
156 30 51.0
156 31 1.0
156 44 92.0
156 51 81.0
156 52 74.0
156 58 8.0
156 110 73.0
156 132 39.0
156 143 26.0
156 159 95.0
156 169 8.0
156 180 71.0
156 195 44.0
157 16 96.0
157 21 38.0
157 54 3.0
157 85 87.0
157 88 95.0
157 103 49.0
157 126 39.0
157 136 4.0
157 166 86.0
157 172 12.0
158 2 32.0
158 81 46.0
158 84 73.0
158 90 11.0
158 97 59.0
158 122 97.0
158 171 70.0
158 178 69.0
158 192 80.0
158 193 80.0
158 200 86.0
158 49 53.0
158 78 32.0
158 93 12.0
158 155 4.0
158 165 70.0
158 173 11.0
158 177 33.0
158 179 50.0
158 197 84.0
159 30 74.0
159 58 71.0
159 143 49.0
159 144 71.0
159 156 66.0
159 180 21.0
159 199 94.0
160 13 10.0
160 14 2.0
160 18 13.0
160 70 81.0
160 91 31.0
160 114 2.0
160 163 52.0
160 164 27.0
160 166 15.0
160 185 99.0
160 190 1.0
161 89 79.0
161 31 80.0
161 49 18.0
161 51 74.0
161 68 23.0
161 78 43.0
161 110 47.0
161 132 70.0
161 134 69.0
161 155 41.0
161 173 37.0
161 184 5.0
161 187 29.0
161 195 85.0
162 6 51.0
162 19 11.0
162 120 70.0
162 151 13.0
162 154 20.0
162 191 2.0
163 18 39.0
163 70 98.0
163 160 87.0
163 164 6.0
163 185 68.0
163 190 72.0
164 13 15.0
164 18 97.0
164 70 83.0
164 91 25.0
164 114 74.0
164 160 28.0
164 163 25.0
164 166 39.0
164 185 78.0
164 190 89.0
165 2 52.0
165 97 59.0
165 122 4.0
165 158 25.0
165 171 77.0
165 178 18.0
165 192 30.0
165 46 56.0
165 49 22.0
165 74 9.0
165 78 30.0
165 93 51.0
165 155 14.0
165 173 15.0
165 177 6.0
165 179 58.0
165 197 66.0
166 13 37.0
166 14 79.0
166 16 43.0
166 18 7.0
166 21 77.0
166 70 36.0
166 91 32.0
166 114 78.0
166 126 64.0
166 130 20.0
166 157 29.0
166 160 48.0
166 164 28.0
166 168 68.0
166 172 85.0
166 185 28.0
166 190 99.0
167 2 23.0
167 25 31.0
167 61 23.0
167 84 73.0
167 87 87.0
167 90 56.0
167 94 18.0
167 122 14.0
167 148 2.0
167 175 92.0
167 200 2.0
168 7 10.0
168 16 34.0
168 18 95.0
168 20 44.0
168 64 61.0
168 85 95.0
168 104 45.0
168 130 57.0
168 136 67.0
168 166 4.0
168 172 82.0
168 181 46.0
168 185 35.0
169 30 51.0
169 31 94.0
169 44 22.0
169 51 55.0
169 52 74.0
169 68 77.0
169 110 7.0
169 132 5.0
169 134 11.0
169 156 88.0
169 180 41.0
169 184 4.0
169 187 18.0
169 195 81.0
170 76 59.0
170 145 60.0
170 152 10.0
170 9 7.0
170 15 99.0
170 137 12.0
170 140 66.0
171 2 58.0
171 81 76.0
171 84 78.0
171 89 48.0
171 90 59.0
171 94 16.0
171 97 48.0
171 122 54.0
171 158 21.0
171 178 77.0
171 192 77.0
171 193 76.0
171 200 22.0
171 49 31.0
171 155 73.0
171 165 55.0
171 197 10.0
172 7 72.0
172 16 19.0
172 54 30.0
172 85 18.0
172 103 55.0
172 104 58.0
172 126 81.0
172 130 98.0
172 136 11.0
172 153 86.0
172 157 84.0
172 166 18.0
172 168 21.0
173 97 42.0
173 158 15.0
173 23 16.0
173 31 30.0
173 46 45.0
173 49 22.0
173 74 51.0
173 78 72.0
173 93 44.0
173 132 91.0
173 155 61.0
173 161 10.0
173 165 51.0
173 177 32.0
173 179 18.0
173 197 94.0
174 42 8.0
174 98 59.0
174 33 58.0
174 46 66.0
174 55 84.0
174 67 90.0
174 74 58.0
174 93 43.0
174 118 71.0
174 123 66.0
174 194 73.0
174 198 58.0
174 26 4.0
174 10 87.0
174 124 20.0
174 182 48.0
174 188 75.0
175 24 70.0
175 25 80.0
175 47 94.0
175 84 67.0
175 87 84.0
175 90 21.0
175 94 95.0
175 167 46.0
176 47 63.0
176 84 76.0
176 89 37.0
176 192 48.0
177 97 48.0
177 158 20.0
177 178 1.0
177 23 25.0
177 46 60.0
177 49 56.0
177 74 65.0
177 78 53.0
177 93 73.0
177 155 6.0
177 165 37.0
177 173 39.0
177 179 85.0
177 197 98.0
178 28 37.0
178 29 17.0
178 42 87.0
178 81 5.0
178 97 89.0
178 98 17.0
178 122 58.0
178 146 43.0
178 158 55.0
178 171 28.0
178 193 14.0
178 33 47.0
178 46 36.0
178 55 99.0
178 93 76.0
178 165 47.0
178 177 44.0
178 194 22.0
178 197 35.0
179 97 41.0
179 158 71.0
179 23 19.0
179 31 29.0
179 46 43.0
179 49 70.0
179 74 28.0
179 78 69.0
179 93 62.0
179 132 42.0
179 155 8.0
179 165 96.0
179 173 57.0
179 177 73.0
179 197 67.0
180 23 62.0
180 30 28.0
180 31 55.0
180 44 96.0
180 51 16.0
180 52 39.0
180 58 5.0
180 110 41.0
180 132 57.0
180 156 48.0
180 159 64.0
180 169 8.0
180 195 26.0
181 7 26.0
181 11 69.0
181 20 49.0
181 35 93.0
181 56 49.0
181 64 52.0
181 77 17.0
181 104 19.0
181 130 44.0
181 139 20.0
181 168 29.0
182 42 51.0
182 98 13.0
182 33 81.0
182 55 91.0
182 118 49.0
182 123 98.0
182 174 62.0
182 194 13.0
182 26 23.0
182 43 90.0
182 48 56.0
182 103 4.0
182 111 93.0
182 10 31.0
182 53 68.0
182 109 29.0
182 124 11.0
182 188 79.0
183 9 24.0
183 15 59.0
183 40 61.0
183 65 37.0
183 75 90.0
183 80 11.0
183 107 57.0
183 116 57.0
183 131 28.0
183 133 24.0
183 137 85.0
183 140 66.0
184 31 40.0
184 49 80.0
184 51 65.0
184 52 33.0
184 68 68.0
184 78 20.0
184 110 59.0
184 132 49.0
184 134 68.0
184 161 13.0
184 169 63.0
184 187 51.0
184 195 32.0
185 18 23.0
185 20 85.0
185 36 28.0
185 70 60.0
185 104 23.0
185 114 26.0
185 130 44.0
185 160 18.0
185 163 87.0
185 164 62.0
185 166 93.0
185 168 35.0
185 190 6.0
186 5 49.0
186 8 52.0
186 37 58.0
186 39 79.0
186 41 25.0
186 59 30.0
186 61 4.0
186 83 27.0
186 108 52.0
186 112 20.0
186 117 96.0
186 147 2.0
186 148 5.0
186 149 44.0
186 189 41.0
186 88 58.0
187 31 37.0
187 49 60.0
187 51 4.0
187 52 21.0
187 68 83.0
187 78 24.0
187 110 63.0
187 132 91.0
187 134 43.0
187 161 42.0
187 169 17.0
187 184 50.0
187 195 59.0
188 33 40.0
188 55 17.0
188 67 77.0
188 118 76.0
188 123 38.0
188 174 43.0
188 194 48.0
188 198 41.0
188 111 15.0
188 10 29.0
188 40 74.0
188 53 89.0
188 109 39.0
188 116 69.0
188 124 19.0
188 182 44.0
189 1 83.0
189 5 73.0
189 39 15.0
189 83 54.0
189 112 20.0
189 147 51.0
189 149 36.0
189 186 49.0
189 13 54.0
189 14 33.0
189 21 94.0
189 79 45.0
189 88 30.0
189 91 88.0
189 101 34.0
190 18 55.0
190 20 29.0
190 36 96.0
190 70 78.0
190 160 36.0
190 163 14.0
190 164 16.0
190 166 27.0
190 185 36.0
191 6 38.0
191 19 94.0
191 71 56.0
191 86 61.0
191 102 10.0
191 105 37.0
191 120 44.0
191 135 70.0
191 154 16.0
191 162 66.0
192 2 90.0
192 47 9.0
192 84 72.0
192 89 10.0
192 94 9.0
192 97 27.0
192 122 91.0
192 158 30.0
192 171 58.0
192 176 41.0
192 49 13.0
192 78 59.0
192 155 86.0
192 165 95.0
192 197 5.0
193 2 69.0
193 8 51.0
193 28 57.0
193 29 64.0
193 61 50.0
193 81 85.0
193 90 22.0
193 122 56.0
193 146 78.0
193 158 18.0
193 171 52.0
193 178 6.0
193 200 69.0
194 29 88.0
194 42 77.0
194 98 43.0
194 146 35.0
194 178 41.0
194 33 31.0
194 46 5.0
194 55 5.0
194 93 29.0
194 118 64.0
194 123 57.0
194 174 72.0
194 26 78.0
194 48 69.0
194 111 65.0
194 124 94.0
194 182 68.0
194 188 49.0
195 30 35.0
195 31 73.0
195 44 38.0
195 51 60.0
195 52 89.0
195 68 5.0
195 110 27.0
195 132 70.0
195 134 87.0
195 156 32.0
195 161 37.0
195 169 65.0
195 180 85.0
195 184 55.0
195 187 61.0
196 32 58.0
196 95 54.0
196 96 27.0
196 99 78.0
196 100 55.0
196 129 89.0
196 135 94.0
196 138 10.0
197 2 66.0
197 97 57.0
197 122 13.0
197 158 50.0
197 171 33.0
197 178 69.0
197 192 8.0
197 49 40.0
197 74 15.0
197 78 47.0
197 93 28.0
197 155 15.0
197 165 49.0
197 173 48.0
197 177 86.0
197 179 75.0
198 46 69.0
198 58 67.0
198 67 66.0
198 74 62.0
198 119 65.0
198 123 48.0
198 174 17.0
198 10 71.0
198 40 28.0
198 133 83.0
198 188 73.0
199 50 30.0
199 143 30.0
199 144 41.0
199 159 56.0
200 2 87.0
200 8 79.0
200 28 47.0
200 61 52.0
200 81 16.0
200 90 54.0
200 94 83.0
200 122 93.0
200 148 62.0
200 158 59.0
200 167 99.0
200 171 93.0
200 193 48.0
