2 129
3 431
4 869
6 181
7 433
9 416
10 773
11 47
14 335
16 42
21 435
22 701
25 950
24 415
26 442
28 790
38 371
37 387
43 518
46 440
44 0
51 247
55 832
52 835
57 565
63 8
61 219
60 567
69 973
70 878
71 617
65 245
66 818
77 465
78 130
79 859
72 198
73 662
74 587
84 897
86 600
80 855
83 607
93 545
95 895
89 273
88 589
90 148
98 150
97 399
108 893
104 774
118 428
115 532
114 464
113 59
124 711
123 549
121 163
139 972
138 356
140 628
143 103
129 370
128 949
131 545
130 953
133 115
132 47
134 339
154 225
159 433
144 167
145 780
146 785
148 56
149 945
150 347
169 572
175 392
172 741
162 803
161 808
160 976
167 590
164 185
187 689
184 76
185 56
190 43
178 980
176 909
177 46
183 931
181 20
200 791
199 581
198 131
193 949
192 480
