4 632
5 609
6 237
7 806
8 439
11 666
12 558
13 755
17 947
19 835
18 798
20 527
22 930
26 24
29 149
35 349
32 305
38 670
37 159
42 131
43 474
41 185
47 451
44 999
49 939
58 175
61 759
60 795
68 881
70 340
71 577
64 270
67 92
76 403
79 761
74 185
86 19
92 590
91 850
102 882
100 953
101 955
99 455
96 464
97 615
110 891
111 778
109 892
106 673
114 199
113 527
126 593
124 893
123 953
122 200
120 952
137 941
143 324
128 402
131 946
133 286
132 961
135 476
152 50
155 273
157 960
158 487
159 734
144 383
147 575
151 137
170 618
169 761
172 770
161 812
167 833
166 45
186 751
187 307
184 530
188 852
189 988
179 757
177 643
182 841
183 32
181 810
204 124
207 84
201 483
200 146
203 970
198 924
192 618
220 613
216 174
218 76
212 883
213 797
214 154
215 836
208 425
209 919
210 279
238 912
236 340
235 801
234 46
233 77
231 161
230 5
229 801
226 272
254 802
255 828
252 861
253 329
250 601
251 278
248 863
246 596
247 238
244 245
275 832
277 440
287 986
284 945
258 86
257 568
261 336
266 62
265 936
271 784
306 831
309 746
308 405
310 369
315 526
288 346
289 178
292 989
294 437
295 84
298 542
302 639
303 483
343 823
342 916
340 97
338 378
348 479
347 61
346 745
345 499
344 381
322 903
320 701
321 990
332 67
331 45
328 427
329 227
372 813
369 748
370 21
381 942
380 803
383 72
376 306
379 99
378 715
358 513
359 224
353 302
364 91
365 93
366 413
367 357
362 764
410 299
409 365
414 652
415 706
412 689
413 270
403 637
406 224
407 683
394 607
392 274
398 32
397 905
396 599
387 680
386 216
385 747
384 122
391 618
390 448
389 468
388 509
440 551
441 96
443 888
444 491
445 817
447 847
432 994
435 8
437 883
438 950
424 367
426 290
429 694
428 514
431 753
430 112
418 872
421 849
420 737
422 59
478 257
479 876
476 412
475 17
473 395
471 570
468 216
469 880
466 734
464 941
463 500
462 775
460 406
458 605
457 754
455 336
451 154
448 595
508 865
504 706
507 985
500 953
501 563
502 635
498 530
493 932
494 831
489 35
490 32
486 11
481 108
482 60
550 800
548 18
546 132
547 253
558 465
557 471
555 120
552 317
564 711
562 525
561 430
572 572
569 692
516 407
514 971
525 365
527 228
520 588
522 774
523 32
533 875
535 584
529 707
531 965
541 149
537 388
536 265
539 491
538 17
610 460
608 9
609 686
614 619
615 838
612 243
618 574
616 893
617 410
622 702
623 572
620 737
621 901
627 772
624 856
631 509
629 192
634 152
633 229
639 604
638 813
637 509
636 782
576 437
577 49
578 60
580 347
582 786
586 533
592 689
595 675
596 48
603 983
605 859
604 77
607 181
687 957
682 142
680 410
678 587
677 625
676 55
675 113
674 567
700 616
701 579
699 694
694 998
695 85
693 788
690 909
691 310
688 283
652 377
655 136
654 220
650 479
645 913
647 632
640 815
642 787
669 580
671 993
665 95
666 199
660 22
661 350
663 555
658 283
747 89
746 747
744 519
742 735
741 846
761 193
766 374
767 683
764 863
754 339
755 218
752 482
758 116
757 232
712 925
717 465
716 96
719 562
718 450
706 6
710 903
729 379
730 941
732 596
733 615
734 191
735 28
720 978
721 7
722 884
723 185
725 395
800 840
790 109
787 173
785 392
784 607
799 911
797 578
795 57
794 412
793 219
774 373
775 668
772 987
770 922
771 694
768 388
778 388
