89.08788020544685 196.8003236719237 0.0
69.46411977061074 83.47028449767701 0.0
61.71798466257381 191.34201714666796 0.0
62.876022873039574 5.899707497740514 0.0
77.08505053228379 110.21399839211927 0.0
28.72489946279393 139.3656527766971 0.0
144.80839271257906 29.123085242574632 0.0
117.7447847656679 76.97858893154613 0.0
97.7363569321206 19.35742879301221 0.0
179.57860012971213 38.02184172993313 0.0
87.73109879036993 1.7501038745200148 0.0
63.13344279984716 102.25542501001624 0.0
92.89688822795156 97.62232782914117 0.0
167.87214891608107 189.50587471007609 0.0
11.966071612712415 154.81314657792586 0.0
0.3686149772327063 67.04326596898773 0.0
11.595786501631999 81.0037465433969 0.0
171.11825105497218 36.97327197064073 0.0
113.61777022861057 51.896255843201544 0.0
78.50914755399549 106.84849134128275 0.0
161.8224711616725 178.4083594864349 0.0
70.02346726657692 178.93008244732928 0.0
91.64788794693823 14.896730033744454 0.0
145.15277422631627 107.00707103019928 0.0
41.18251636322747 169.5237441338831 0.0
70.17494994528506 164.40744228434409 0.0
88.18090172357245 38.233523486789764 0.0
111.85450881859546 142.8115536174661 0.0
75.32938038291337 125.40498524491754 0.0
65.29211739024727 158.7050553104799 0.0
94.78855743785184 137.10104938996088 0.0
50.56318819276085 82.78504337257147 0.0
143.0782727228851 36.93477491829687 0.0
83.44956098081158 127.35972021375173 0.0
28.659687473910388 139.924696633055 0.0
87.48225203633544 127.75838645218127 0.0
17.108412681102216 86.31333779931212 0.0
7.677331931669551 35.99522660369856 0.0
132.56145080357388 185.17420270641884 0.0
10.761141974977019 108.40680540481422 0.0
99.159895126756 146.7343685850204 0.0
12.344966604094875 13.709838587434287 0.0
2.4984024171825325 32.691195335565816 0.0
158.42351246539548 13.902314228198742 0.0
78.6314514904597 145.40325018645805 0.0
6.735443201709845 77.65764483521905 0.0
196.97551359146576 149.68718648442044 0.0
2.9384675312385866 74.33805027646694 0.0
193.48532319828905 175.0538186713556 0.0
27.215311107989027 66.47997439011253 0.0
31.771464904213566 181.56816899418433 0.0
98.84118716120605 169.58085973495884 0.0
22.365554930785116 89.11991801407673 0.0
169.40729149218004 80.24320041085001 0.0
14.128451204044158 67.74216058497097 0.0
109.80902183141514 187.208348955714 0.0
186.8358429796197 165.7179794838649 0.0
101.77153530655451 174.53910279029628 0.0
20.264723587464207 112.56590062149937 0.0
81.599503907897 2.186653434805108 0.0
192.64333996035137 75.59687614870035 0.0
52.00185667317845 106.40410438803801 0.0
170.11614782465685 171.58694155198168 0.0
177.25636482205962 0.9451858984227401 0.0
88.914543703391 39.211339479914955 0.0
7.643132253463403 179.71358609213956 0.0
3.2130147170066348 163.23742237788215 0.0
140.98986819419738 122.50459888758823 0.0
74.18957770429016 108.07514830173336 0.0
122.33615330624947 87.7075879980434 0.0
9.598338614428915 166.13573775147515 0.0
7.137743003095021 39.31423075898455 0.0
28.201096753715383 155.5503398179841 0.0
169.0961731817456 100.30403486441399 0.0
19.6939525912029 12.152382608299694 0.0
20.61290925763215 150.45526602143414 0.0
198.30406701369265 12.22871703514219 0.0
132.03137884254917 193.8558989321507 0.0
7.020539650827984 135.39617848085783 0.0
185.24427281785594 109.86587147493245 0.0
119.46270333431764 31.0619127447604 0.0
77.9075753526706 171.0083831320728 0.0
107.67798743475691 87.27719567332419 0.0
106.4168429161888 62.244561423508316 0.0
96.7007341013615 17.39619348736703 0.0
98.9652985147396 68.31250349483066 0.0
110.49220729564182 177.80255211164092 0.0
44.4174058128713 9.288016175916681 0.0
28.921355385121927 109.06833667657709 0.0
168.39561628411246 199.25124468563013 0.0
121.73470835239833 153.2613985784166 0.0
144.8920364485132 178.9196443583379 0.0
3.003004447814117 41.718771756075476 0.0
199.8808862941214 30.334567639543653 0.0
158.32117914643317 70.4553024394414 0.0
62.8216353342534 120.16510282227657 0.0
137.0773128897355 84.47826939438718 0.0
52.60669882874669 137.91951027522077 0.0
73.39535708552766 177.63028741717403 0.0
46.42183661739494 96.3310542410206 0.0
1.8954067444014733 181.18440684299614 0.0
73.15123532404972 143.41166175288785 0.0
68.20433845694231 62.26679665230812 0.0
197.3734402903445 199.14338660866696 0.0
199.18884078719643 82.28407409121779 0.0
15.658371572427466 174.50419313992066 0.0
94.1716881723893 175.88379637563835 0.0
73.7896653068912 56.50115536356506 0.0
125.93143122528481 102.57825937420037 0.0
31.700670774408145 50.110762202782496 0.0
99.0745422595733 96.013309783077 0.0
52.32650323352417 56.502491721693545 0.0
3.4081920769403418 189.96538015757588 0.0
71.23860306262873 36.64851542174765 0.0
121.23095944493531 135.50160886685245 0.0
115.84233359925659 60.39876923426031 0.0
99.99765877954717 40.33938772432237 0.0
86.08217389561726 73.32743193151201 0.0
85.60378487775722 159.29329568121264 0.0
183.0131595478101 27.133181257957915 0.0
126.57385350826344 43.7989070170115 0.0
77.26128453497554 14.102269737013696 0.0
5.727259988520439 118.85456189042587 0.0
146.30962048527917 22.120094367854225 0.0
33.434099748678946 97.3236800941367 0.0
77.7109965727723 83.94333357559233 0.0
145.36263706132766 64.39186850821417 0.0
34.74210307422594 132.9213736147181 0.0
87.6590166013789 169.07451673916805 0.0
11.678010311697307 197.0823948102666 0.0
143.78905784525503 45.02224675956143 0.0
167.78012365860283 64.47587031317352 0.0
159.81082436582417 149.47305187346785 0.0
22.25457813861864 34.8899097095692 0.0
158.63591157107678 157.05156777227535 0.0
16.85233774312376 36.538463467693894 0.0
198.87633509482717 174.2175297029898 0.0
108.44609563886785 31.039850107441303 0.0
130.16299279298985 50.516906033323394 0.0
140.8333093783465 55.984763566443554 0.0
124.36079990016853 54.39087699699301 0.0
163.17866758781764 61.61838667594157 0.0
120.89459246539465 54.14936070859942 0.0
11.923391604738276 86.6378236563782 0.0
14.438889843086633 98.81729883973895 0.0
153.65283047231603 87.83267174904618 0.0
134.5139216505133 128.9135357570631 0.0
198.32787613896124 89.27304838599777 0.0
119.0690373244814 63.82368458537648 0.0
35.449736129121455 48.9759693808753 0.0
67.92398785585674 110.27988945594858 0.0
20.14176196553428 154.4575997355642 0.0
76.97744312077026 15.562014143615443 0.0
41.796012425574624 153.30536020511337 0.0
100.38123548047078 149.38629284878309 0.0
44.8462995269906 0.8805065124546374 0.0
165.41792084594186 140.0490925595296 0.0
39.39359215860569 164.48833285395153 0.0
73.60819106837835 113.24497048000977 0.0
38.82362590301809 161.82974801925596 0.0
61.61390633748687 186.07977470288276 0.0
92.22070374557087 131.27444330971986 0.0
66.79138163478055 154.15110183319422 0.0
41.295696845533094 32.47257708680067 0.0
44.78882609849315 76.17000355997038 0.0
24.7103104126692 58.048331595795766 0.0
20.370720569833733 108.44935071392408 0.0
77.09379976773585 0.5953037059172717 0.0
17.691094179056478 70.68588801836442 0.0
25.712258509658305 63.9203352944854 0.0
112.5266845198621 34.8145339391565 0.0
74.66487590584074 133.4587850785858 0.0
176.52000166475116 120.31504081954054 0.0
184.64534566069824 28.01096694672218 0.0
42.271459359545325 52.202715945632015 0.0
5.720925320716463 143.42593421935555 0.0
8.158707060551173 92.0364666447689 0.0
101.24558279108713 168.58544266721515 0.0
23.050377164825164 87.62894812969016 0.0
112.93769166569048 5.017384149237869 0.0
143.62064687224233 3.7452344202933308 0.0
160.31692481471077 53.69462290720692 0.0
140.75982975065017 193.92792612006048 0.0
142.10895254181733 46.05170474955074 0.0
46.61554934174232 52.68819847520483 0.0
112.89065014465476 190.97848862348087 0.0
180.08792852923926 147.6538389302608 0.0
145.16260491628475 185.52626312432818 0.0
166.14131252384038 72.86696538513252 0.0
55.19971596586475 194.28852123635767 0.0
73.08420801169177 87.27553865091231 0.0
70.44482523165685 40.895120068422216 0.0
32.00804737994678 106.56444713107918 0.0
146.87428284334936 174.785123046366 0.0
173.8645488313092 1.8234908931188176 0.0
6.678527954299818 77.40011160444 0.0
22.200474060674182 25.151154193157367 0.0
59.76469537167573 54.166447982444055 0.0
13.357610160875888 130.14453778567176 0.0
197.0024364623595 22.11141132809542 0.0
180.9849556615636 184.32755281727603 0.0
198.79815267238686 147.68476594031054 0.0
37.99902935865007 180.9208577413061 0.0
189.49689614432103 15.333828323362408 0.0
116.66741275807355 148.95869818906206 0.0
186.27530031079561 14.60672909374705 0.0
86.279605699623 133.6093519802127 0.0
140.60284344630028 22.035057410855252 0.0
57.908362771009905 172.65739771760911 0.0
151.01305045447313 23.7736947298681 0.0
7.053766259932881 30.457658741749682 0.0
137.84000560479993 75.95217076349338 0.0
197.50133193886322 167.27216831740247 0.0
13.73981565128748 131.9184416986822 0.0
73.51449951855231 19.75310414871272 0.0
58.23071947110694 179.03257808368923 0.0
102.52091822090192 147.4362165590383 0.0
10.149428776639713 22.394412676278954 0.0
96.74107411564599 160.460786184758 0.0
128.8355708239338 128.86568030112312 0.0
19.746703733656368 185.33373090905945 0.0
143.02003138530003 1.9738893674028812 0.0
192.72574472299465 148.40710223945445 0.0
5.8070592921974695 196.76156170451748 0.0
155.26932335684808 160.8396687359277 0.0
104.80413298203463 103.37120751477498 0.0
6.785716272281861 174.16491221121038 0.0
38.36759906301565 29.132821786836427 0.0
57.184892581747725 42.18936157512392 0.0
62.09611301561273 91.14732794383906 0.0
49.26662661116916 172.7966133498805 0.0
34.11811861134271 194.83595281208358 0.0
80.28406696534533 82.33414368213892 0.0
143.38343814584138 118.65203591318398 0.0
46.443733896336205 175.61138588452337 0.0
92.08341614436452 51.12839865579535 0.0
161.64200033830954 166.13926627158517 0.0
121.48776675043858 33.659934497589994 0.0
60.527183532353575 124.09284538498096 0.0
119.90064277555122 50.89758916869327 0.0
186.01540409466187 193.5803397240948 0.0
32.10231901963614 180.35658921056933 0.0
182.67746198941026 156.1533445114719 0.0
101.55704478951336 63.818215255695286 0.0
69.95300302334837 34.09457957027995 0.0
119.83161456986512 195.33100598462667 0.0
52.937383996556896 24.871197353773923 0.0
32.08331466081835 134.09396590405944 0.0
143.5256064009131 37.243061280517 0.0
153.13996039476422 145.2306670957752 0.0
110.98684412312525 159.8670824252322 0.0
85.60874924313848 147.4399789418148 0.0
58.582088315338865 134.84029394250229 0.0
199.61484025869518 3.7354725534224142 0.0
131.62654066418546 131.4757887346915 0.0
33.18445303317803 129.96229083524648 0.0
102.4374378257309 19.70729252336625 0.0
2.9515212957806236 115.50674150670446 0.0
48.896987779320455 127.86970554285352 0.0
176.78088774376292 151.59046727113204 0.0
45.89927276568966 136.20446326864212 0.0
153.06509001440952 144.76757797501574 0.0
122.73899548837299 105.29017403255668 0.0
115.86596585740591 56.71975794702404 0.0
104.5388958386612 67.70051322731467 0.0
90.73617237546401 56.170828469501764 0.0
152.10194688448965 121.54299272100371 0.0
112.9699789639172 94.7189230426061 0.0
42.113282342763256 156.13363736048456 0.0
38.19661421920675 125.61087769873393 0.0
88.40603279660728 12.914369187020135 0.0
74.64356898418647 172.9600792657655 0.0
95.04418993208412 38.82126127809824 0.0
197.06133349571465 28.635568039862626 0.0
53.26478369252015 24.663510103588536 0.0
14.215043514519255 105.02672337722187 0.0
46.86063521068948 37.67454090721569 0.0
5.012645905771951 104.11444277486777 0.0
14.374063525020485 55.24810787607151 0.0
112.7532329628409 76.75627363677515 0.0
31.51099164132678 185.97393736940109 0.0
92.64322325304511 140.8195823819256 0.0
23.47386084190275 24.439015714147928 0.0
144.64217431987322 2.773285584895935 0.0
94.45101167959125 127.86203111780483 0.0
31.86405913014132 84.57533371929118 0.0
170.28904335244084 125.4803172838113 0.0
84.17388033135833 96.16969005330189 0.0
190.41390989636974 175.70989510163938 0.0
17.283593788793382 113.63306281091599 0.0
56.35539786008281 171.45106041571321 0.0
159.5653760964227 23.988217268824165 0.0
146.76888003478405 60.51326700453836 0.0
71.96426105806336 179.92733090898028 0.0
42.63714708594686 95.98489528887077 0.0
70.80635871570335 71.16530577037533 0.0
171.3742259778173 160.47472856579327 0.0
18.96277754392901 163.86961411174684 0.0
174.84225188181776 118.50388209567359 0.0
137.74363072189078 185.58973897947718 0.0
133.83134993274282 42.92817226409167 0.0
110.06032223520504 40.33589617645794 0.0
140.34169184734387 134.12270115662807 0.0
194.80862864363988 26.93324406916704 0.0
99.04589552771246 4.761842348906176 0.0
53.08893717997503 103.50435464346202 0.0
60.598995597230655 138.37952602042608 0.0
98.79424064887101 191.9093272641791 0.0
42.00226677488163 146.49610085905567 0.0
29.260370373176613 148.19939689560255 0.0
173.01630757044654 146.94980890905342 0.0
166.08722716783163 38.61656680617429 0.0
122.65776248090017 165.17228160950935 0.0
141.90359168173578 155.39827073940387 0.0
106.10318365108292 120.49921967201547 0.0
105.76241012973442 182.62263622679927 0.0
149.86260219344197 101.2087932167693 0.0
188.0172551019561 79.55657020707882 0.0
101.87438014114156 54.83200698090502 0.0
64.94497302554888 187.44530747455465 0.0
113.21206687332534 124.38077900960425 0.0
94.0433754284633 185.4087911304363 0.0
189.38293117290456 46.49100653711227 0.0
52.847059782503706 22.08665140395587 0.0
111.73703783147806 94.07955599023225 0.0
7.268410673023107 31.900255695597156 0.0
163.29469416454052 193.96556055355376 0.0
59.88492078556173 108.27674626772823 0.0
58.33915861041461 79.00807959796366 0.0
84.25806450613287 50.90664546621502 0.0
71.41068373857597 44.6636164965875 0.0
38.28292665175923 30.08308638854549 0.0
188.8768541756479 71.46870859446577 0.0
67.73201645098261 118.39735628586638 0.0
165.0433781772352 147.80420229376585 0.0
160.57056845256875 28.541955457453525 0.0
54.80851107285743 181.3994974511521 0.0
193.28484194862122 165.69896670137067 0.0
116.1532994627667 123.38659516742541 0.0
22.37887674888679 53.968059453500985 0.0
128.29901566333297 45.31527416657928 0.0
17.359382177988113 128.51506162991052 0.0
155.15207928896584 107.39237980964917 0.0
105.94230511811512 198.59857485324164 0.0
198.69592876154184 35.309741325168 0.0
7.878809358368444 181.35862393555925 0.0
33.2783106018971 83.37668176616174 0.0
70.71250010712453 182.22798908101677 0.0
189.28154594140275 103.27490153849823 0.0
188.94360420456468 55.05331759447203 0.0
163.45237172404978 60.604782175505804 0.0
87.49011206904629 13.489842675082976 0.0
73.20706074035405 145.4939631241085 0.0
180.9997672582652 84.95982594051539 0.0
143.51650920888628 108.89043400373129 0.0
82.48092725664881 199.4417575710738 0.0
17.515138142327192 22.7640763368816 0.0
27.884434572302386 87.58356122001175 0.0
115.76644247593921 110.29205760873919 0.0
7.682545665702767 126.1098863098349 0.0
134.15711109836522 21.205084320152757 0.0
52.155212020700816 13.219964081669545 0.0
66.68071229842248 137.8231074623053 0.0
104.00791927376227 82.6491203775219 0.0
66.91101954914673 188.91055713523582 0.0
30.109438944342905 172.29365707631152 0.0
20.75401980223619 21.332845978454195 0.0
173.55191109277283 51.77525059952821 0.0
93.10684328895276 33.59736307196126 0.0
27.89963431039162 83.04769910467802 0.0
132.3408391430907 110.71378200353827 0.0
127.40719415128179 39.12535670137194 0.0
69.06505127779062 116.41004410880582 0.0
90.15139719005919 38.23915869431822 0.0
129.41552816888827 96.5920114068084 0.0
125.43572682058365 164.20268303310232 0.0
198.15481427086334 127.03619459091023 0.0
22.490001321815377 138.49732903976832 0.0
13.155188941648843 198.65673371810774 0.0
74.40200588140354 185.56219263373535 0.0
50.37809724941384 75.28915022770101 0.0
159.38191831172213 190.0007535131973 0.0
167.251527758093 81.78515393926963 0.0
100.87443656346251 182.89316243052403 0.0
112.38585484249519 84.31419094876085 0.0
58.69754947112271 114.12936520821029 0.0
80.85800081583854 110.11907178805703 0.0
65.30097476092871 168.65493575365082 0.0
196.83264010101124 120.57456024931466 0.0
114.40136657070188 166.74798521991164 0.0
139.0783953265443 199.2493570704116 0.0
33.66536724505291 51.9221875105669 0.0
89.97581256067626 45.773485192467135 0.0
128.77579068497707 114.77738636637045 0.0
184.9032499421312 176.6646059892697 0.0
73.13017338919867 27.09590611741679 0.0
66.42563360349571 25.868495229210108 0.0
135.58497513356593 167.7092430505126 0.0
6.500215121581565 10.620193476989858 0.0
188.07291061884308 110.13632087190327 0.0
149.95251999103596 182.33429403879288 0.0
15.584790400852455 111.72113373444668 0.0
153.7646991899188 117.58398506721149 0.0
62.921446006997364 194.9740846632751 0.0
49.25761691921473 20.83038271269435 0.0
95.78525899678291 144.04795099791855 0.0
138.03699757441555 8.414969586788379 0.0
128.19500752006167 52.75593325321224 0.0
147.61306130565998 22.429743619086228 0.0
173.87167108518884 155.26584839999938 0.0
118.89218987487207 183.43105085164288 0.0
116.15699246885987 146.58102224481397 0.0
175.27808026809217 32.56480860300029 0.0
59.19064523364559 57.145071665120994 0.0
31.909060367541354 36.52223729544295 0.0
122.48583491116014 184.38428665310295 0.0
43.59724037048049 132.8469329422378 0.0
171.70738448277297 3.727882388717396 0.0
161.32420888036916 178.46549900738574 0.0
40.37020939820617 182.62299588204425 0.0
169.68706859135062 130.91570153224637 0.0
190.340369737245 3.287810024878146 0.0
11.477734298995879 39.59753855857095 0.0
83.43477171680476 63.42278494649896 0.0
70.61731141716261 53.474230605473984 0.0
192.07973918629915 68.82653124835485 0.0
180.95664721037562 62.001722741506086 0.0
163.90275127239738 57.83941968073054 0.0
55.993051525020036 77.66677506714738 0.0
173.29562406821825 104.7645752004241 0.0
193.3422732440536 41.3654111714133 0.0
142.4015853338485 37.892515677122375 0.0
97.84397975006782 185.95486286751412 0.0
94.64265819413662 177.4821373196706 0.0
88.46790941620122 28.663960166318915 0.0
15.817878492939673 150.0275029693958 0.0
6.7270224303302095 79.64821731866326 0.0
40.96694495668962 67.36622857939992 0.0
28.09302036842527 51.827633384247164 0.0
159.60791779243792 172.6620368324772 0.0
92.94862629469456 136.2467081474727 0.0
137.6216977487411 50.02043538216419 0.0
19.90015485006291 167.5476693222924 0.0
190.9700224053783 70.47315714411617 0.0
141.81288161528315 45.74961454454154 0.0
114.597847948521 104.29352140345871 0.0
113.72085592493369 3.3777446064722882 0.0
69.28495384908145 68.08140413098431 0.0
181.80180814166016 11.08837990589311 0.0
59.87581106443412 194.7831362042596 0.0
73.89688085182824 0.2871442718971773 0.0
100.23062538341054 15.788158671685926 0.0
174.59401583055453 47.83917579997834 0.0
153.40473350807778 126.47084253295095 0.0
181.68284765751142 15.821775144145601 0.0
159.97740959247807 70.02245521254476 0.0
5.827976971695392 168.37151893175874 0.0
23.115379296291373 119.14478823107275 0.0
71.59670630790633 198.02940057660672 0.0
105.87022170454657 161.15354291917936 0.0
5.516191758897415 85.58913197652754 0.0
14.373022364142951 99.26617654890929 0.0
155.6241768282112 90.30525500642158 0.0
190.00371490223606 171.3253581831123 0.0
77.01647645641287 121.41937699186789 0.0
114.2764695170049 156.93586823592983 0.0
39.18343753867421 177.31431078553902 0.0
142.09675474696996 194.96928394420533 0.0
163.466645778875 55.20745675075458 0.0
122.20955735188228 65.61732136616534 0.0
182.75632943641597 132.1464764489245 0.0
38.072477677333396 104.65135745804997 0.0
30.588784362178025 97.17163670827618 0.0
108.05134503369342 12.272123287379145 0.0
113.09233753828349 74.86095566306933 0.0
120.7501707407334 94.9101872301648 0.0
194.76945195930904 22.075785762996492 0.0
49.45122853749317 135.5643728081789 0.0
137.89150941688047 2.575984922078578 0.0
189.05518960118403 126.7418554850692 0.0
75.32197700534134 148.2754393516 0.0
189.57525039640234 119.79016850204435 0.0
167.87270436509215 1.2602760920322975 0.0
22.153242879689095 45.388047520575945 0.0
99.8371369920051 97.2936219430794 0.0
106.72987675983352 142.18842994997965 0.0
100.13330212881162 99.38233269706649 0.0
154.9151779136587 194.0836530229339 0.0
141.5284890745214 119.08274422981908 0.0
137.26941596399703 121.2893361129707 0.0
66.70665884494113 73.57394369612716 0.0
171.1186570865935 196.42007324258225 0.0
117.4785405726389 18.12875694753582 0.0
43.19343833612768 63.956579343750406 0.0
102.22361346796094 166.46408473860376 0.0
130.7928166011053 29.980516359050704 0.0
26.69208984378464 165.55386321038569 0.0
65.84032822104928 158.7797594621873 0.0
34.58419076110828 126.83947849373236 0.0
198.1123311191789 163.90351642488326 0.0
