6.41580807116664 164.92123067612923 0.0
118.24257638911561 21.61119033002512 0.0
65.92718550566454 104.11095349531536 0.0
119.1377983410469 0.7597660720894073 0.0
174.39906516428002 89.02385268175959 0.0
129.73442473472198 178.69453672435864 0.0
63.50345576799881 178.67477009948206 0.0
70.16547303005692 15.949360544056269 0.0
59.20167926633364 15.84316851517633 0.0
80.40830234444549 4.726386596171195 0.0
64.27137943224692 49.027374582500215 0.0
115.81412465212868 142.4887739744971 0.0
170.4594134370165 107.40269171866078 0.0
97.98661921908354 11.06280457479414 0.0
153.1231649348695 7.476027698443244 0.0
136.86060141776179 3.7115669984372657 0.0
110.0119669783286 92.98121137149262 0.0
39.245541057359176 181.11882938517033 0.0
145.87918090670695 113.66078677400553 0.0
149.76290174567498 156.94849232792754 0.0
75.9047972008075 33.931547538617025 0.0
132.02037327620937 114.62143703792674 0.0
23.447258462782173 29.032719850318855 0.0
191.0300131426747 139.1781294810784 0.0
121.43242636932696 74.10724109013012 0.0
62.2914556702004 111.57200531695844 0.0
91.72658588923446 160.76810315892024 0.0
48.625449499613204 57.46516895779246 0.0
73.12949464345134 86.05336839171251 0.0
72.75689129619549 68.5744538596404 0.0
96.16249565791719 150.2749328754444 0.0
131.81076009814186 121.84254437169848 0.0
61.61584739447685 173.1177972809519 0.0
89.29834748772234 110.18538686168529 0.0
169.8583878198358 191.44799045247294 0.0
20.835174099431008 168.29362371377664 0.0
69.20185065891857 37.639094201192805 0.0
141.74618254970844 127.942455915131 0.0
144.1510196724998 113.82863601292073 0.0
87.87773576594881 69.49079087751335 0.0
148.16021864022525 75.36733185263012 0.0
195.35010176536085 49.72719103532239 0.0
0.5554221436438134 15.825698745493778 0.0
30.64809865781848 180.94660626933353 0.0
13.570593212081006 106.2740653468126 0.0
159.36167822224502 112.11854271734427 0.0
92.98571301952607 83.15362239232249 0.0
10.052284881014483 20.23379567776191 0.0
164.6431459240308 101.90771281322777 0.0
89.13488993527505 58.393432251602476 0.0
19.158027227124073 77.64412301159496 0.0
133.32962382251685 26.93038586516412 0.0
138.42738732849196 119.45061589471572 0.0
48.151034105643916 34.83046522215889 0.0
70.08182088739127 31.587697409344685 0.0
74.06711535492327 100.94614515843503 0.0
149.81254204674048 102.63396988678288 0.0
146.3741297602713 7.973193334368411 0.0
36.54580958202895 132.76109786218663 0.0
70.49753476365042 66.8866162100473 0.0
21.725619258637142 59.66696601278869 0.0
121.34322176486098 175.50902436112716 0.0
1.5047960608216338 35.29713387689708 0.0
193.48742156121173 62.11106162848454 0.0
159.43353256333415 178.33629833717345 0.0
78.4076780836366 93.42016684439598 0.0
197.27361057908706 81.55298962432131 0.0
25.62130073414184 96.14040848379545 0.0
172.85545403002396 88.43235247672658 0.0
56.51185900617652 92.06274659421192 0.0
56.434429523101784 170.13333881735036 0.0
142.78830391902883 79.07163010646738 0.0
0.7916535679584058 131.658307588217 0.0
135.93530534871323 3.830432448019261 0.0
35.363750647350045 55.2244859035862 0.0
39.677552464269425 66.65467651732915 0.0
40.975132114437905 149.17838981623126 0.0
54.394787097415076 75.05877240752639 0.0
39.28520266460558 112.39580491162322 0.0
190.58838791762196 119.68826524681194 0.0
39.85223569500571 146.96153699174738 0.0
147.91438483298944 184.8264926793009 0.0
127.75451668652636 56.02468246982419 0.0
186.96188193162982 25.390761600451107 0.0
145.99851862141162 49.076717235637716 0.0
82.86990517099059 143.31003375199938 0.0
29.48288344937149 143.50129445104687 0.0
143.03972453803507 178.4024258562872 0.0
181.07612185773465 199.096186589604 0.0
95.61385471123471 92.34755368470213 0.0
45.404897162649924 51.36937656859977 0.0
11.056843807100858 169.07524005977183 0.0
32.238906508022595 119.7628642537435 0.0
106.08724243826741 80.86865038750788 0.0
168.89742167401937 58.5592930449095 0.0
97.37394375981312 76.70659041171999 0.0
119.89157120293518 91.0781448259208 0.0
121.82442463547329 137.84606734152933 0.0
102.05556041673557 21.869651595028717 0.0
120.95623159249398 115.37304324688937 0.0
144.70905443350966 156.96637231574422 0.0
198.75729354721102 15.42559728654136 0.0
96.93202261960263 78.85368390984893 0.0
5.604617939344769 130.02048016791474 0.0
167.8224193170968 20.672213371933946 0.0
75.22501938121565 24.890497497255026 0.0
0.6461044986275866 63.26667713404963 0.0
47.3455733156001 90.46680201997188 0.0
128.07749651161203 139.0471887685523 0.0
45.59560367228364 38.116596903798225 0.0
133.26854363765955 68.23068297422883 0.0
148.38594383832063 180.97352538542796 0.0
150.27253193698232 175.8816289010893 0.0
89.90550277331488 177.17437738493786 0.0
77.38853233244136 42.27277354096919 0.0
59.03894065994426 133.04243211002066 0.0
48.28108968795883 24.438278065202823 0.0
125.92358396507495 164.7342944262428 0.0
108.26907210943249 153.39305118877533 0.0
19.02760174127527 99.09359404970681 0.0
76.96645530705983 59.343808798759 0.0
100.04561781645556 157.93156135719428 0.0
43.4969954269661 106.31873957216489 0.0
39.571921027521185 14.68098570378742 0.0
36.79380321285923 127.99450235241001 0.0
83.42560951973228 138.34665192862994 0.0
141.0338173985895 48.10051400801709 0.0
117.6659183220834 46.901945828688426 0.0
85.0463451401791 41.63234315830957 0.0
189.75019220410613 180.75778865789536 0.0
124.57377781882177 147.20740283281012 0.0
123.95091495716851 176.65674391137188 0.0
57.551775541465425 176.24775504999803 0.0
181.0623327979647 173.3216284897225 0.0
65.11519907827467 181.27645211752127 0.0
155.59124534255906 12.414475343853715 0.0
154.82515182975087 43.465270316423954 0.0
78.0406077158196 11.838447472879277 0.0
97.65153067918347 118.67343923522155 0.0
195.55864713986904 183.14157247024144 0.0
96.53461332933576 141.56833699139244 0.0
141.14027956884667 140.75804941165413 0.0
1.8882193493388266 129.02085297611322 0.0
169.73161527791885 108.04916279834859 0.0
98.19602764075806 46.81955397129143 0.0
39.00248134881774 163.58261525560232 0.0
125.89175907418931 107.84943613585416 0.0
143.21592828388475 190.81550641300237 0.0
74.00294295421017 155.23256469435967 0.0
70.53766626866003 95.32281206393253 0.0
181.57707345615032 50.529488900408445 0.0
47.292624695276885 135.93980497786282 0.0
119.69801399412772 134.95184980051604 0.0
157.08965206117455 79.66334403528936 0.0
90.93956236914774 60.63821554222179 0.0
178.3996752803033 134.88359201112812 0.0
179.3921951924886 199.39668079745235 0.0
171.0864849743742 43.49425996896299 0.0
111.93800853079902 27.919361924792895 0.0
160.5535796578429 119.65598639113091 0.0
50.23794774970285 161.32550048398303 0.0
17.584352427193338 11.46418623723564 0.0
122.93461188526732 60.99138311707249 0.0
112.61717923818408 131.49900536615553 0.0
128.86267520447643 77.97694596275471 0.0
135.1108306587906 53.211845828496365 0.0
194.59842937557755 9.960393085108944 0.0
11.819886763545462 102.32929502040375 0.0
153.46867142443276 147.44379340435364 0.0
132.21368292415085 85.93198336700148 0.0
28.178397101347088 64.0941581141144 0.0
94.93662287942 196.5923716524255 0.0
45.50583885224275 166.43604784549478 0.0
126.12149009886076 4.932058159028507 0.0
89.05228247617758 59.71336357662822 0.0
188.53169726866125 111.18579311270376 0.0
4.8234028045183175 109.58946165367898 0.0
199.9223217951827 64.83589520675848 0.0
114.45770910798927 183.4564231505323 0.0
109.67385474389569 181.10736994798773 0.0
62.206860286710366 40.475700470653365 0.0
44.66676114473971 84.09055938208665 0.0
124.31163628921573 6.074088414801659 0.0
128.52880578656664 188.48475046244374 0.0
143.20646213695647 14.470426856016761 0.0
102.80145707726601 95.43269485576089 0.0
114.02437174514704 31.910051930822412 0.0
134.23539785320017 22.64258938099879 0.0
147.16342374875177 83.63553683458207 0.0
179.33953662224513 114.97060242462797 0.0
58.21456062210009 199.22388369354732 0.0
195.47178120986953 188.8635910115783 0.0
195.34015871503937 163.77181509848944 0.0
137.17401977045196 152.5382804411103 0.0
104.23123085382025 16.51246276788221 0.0
57.11771816486808 13.499614239871317 0.0
52.06076193603315 173.79823363686933 0.0
142.94063945767755 35.97768559641532 0.0
84.38924699070975 69.98623356376102 0.0
164.4193641285924 43.08914068413785 0.0
