4 978
5 21
10 378
11 235
15 631
17 683
19 242
18 411
21 942
23 432
22 152
24 425
27 823
28 794
31 269
30 675
34 276
35 933
33 457
39 782
36 756
37 223
43 821
41 259
46 794
47 258
44 693
49 953
48 884
55 229
54 242
53 536
57 671
63 223
62 838
61 761
68 176
70 441
65 320
76 255
78 589
72 319
87 192
81 217
83 538
82 587
95 93
94 392
89 72
91 165
90 345
103 608
101 768
110 331
111 190
109 772
106 669
105 433
118 122
117 546
115 271
113 342
112 141
125 456
120 299
137 450
141 707
140 506
142 800
129 695
133 557
132 258
155 940
156 500
157 786
159 10
145 125
146 960
149 475
151 896
170 948
169 601
168 420
174 855
173 444
163 273
161 151
166 510
165 361
187 761
184 818
185 239
190 115
188 317
189 536
177 910
182 329
181 732
197 910
193 564
