184.9063798693066 29.100007159365916 0.0
8.224273903058442 180.95764005369134 0.0
196.41257112160915 159.6405420414545 0.0
58.66966939956937 33.20156928382556 0.0
134.2906041914708 151.5323620886136 0.0
51.10510569620901 53.68303466857065 0.0
174.19396933389103 85.71421888112579 0.0
192.2173942623403 73.05707459068707 0.0
36.05278854263388 16.5344089153743 0.0
23.1832431773231 132.4604388073975 0.0
40.34572364527569 73.84504734033912 0.0
138.41148714800198 69.06389213428407 0.0
42.52450365667946 41.926074027606134 0.0
55.487898442882575 56.509080524518104 0.0
134.70857974530705 113.19426784582572 0.0
87.25643058354215 38.90786765515371 0.0
91.46258947189048 22.66048972634809 0.0
107.79102261724421 183.21499061048968 0.0
180.41472116910228 83.35598724726292 0.0
1.0824502001981928 167.16763271651845 0.0
158.66931211263798 163.4566389479642 0.0
134.58497769495574 118.61826374532917 0.0
32.412436195494834 172.59161326690736 0.0
9.337903960603299 126.97009099259624 0.0
69.80435834080461 157.83090231668064 0.0
104.19742004419561 58.55703752340542 0.0
26.198298932418894 49.10385537760629 0.0
53.78446486279276 125.19321919201727 0.0
165.92000545200113 39.308803872355426 0.0
78.074627189357 78.74947619542354 0.0
46.288135881896906 136.13151581096704 0.0
16.12641404823869 34.49752794885501 0.0
167.25068612740296 180.59818103790454 0.0
7.264544939338813 162.09498711336485 0.0
83.95798743717393 191.64633984600405 0.0
10.105239796618438 25.46735590536613 0.0
29.788186378485705 66.50501705679541 0.0
153.13076412782215 1.475925431392655 0.0
103.78635497587092 43.43315653062341 0.0
170.0908369827429 162.14328718465038 0.0
39.17373930885448 116.37321063886405 0.0
89.32875916639121 66.34103143986398 0.0
88.52896237320955 180.33458643684583 0.0
118.20054271148508 74.2269384930155 0.0
36.43827518218714 81.82951061405316 0.0
92.07551274015853 71.3518754569679 0.0
181.8573062079032 150.44153121085026 0.0
141.97723267067786 69.23934495549638 0.0
120.12205624781558 195.6149007631409 0.0
175.7439080205856 35.3735025010659 0.0
98.4921832516322 167.0107200286226 0.0
164.65775415095635 97.9142132760563 0.0
19.304952342617288 97.28362239192232 0.0
80.813044017597 169.09061276301577 0.0
21.263530609458357 172.89056795142744 0.0
40.062978387042314 36.10732049975096 0.0
182.07861999341162 11.55115409058376 0.0
171.205767528828 79.53045073004516 0.0
54.627750710819534 64.23658105875217 0.0
154.1406155491118 196.5032032887449 0.0
73.99182166702374 105.07236157670641 0.0
48.04466522495523 29.77368980662436 0.0
154.17384608764684 24.29753802096659 0.0
165.1921927579165 33.40054264933199 0.0
31.00014342186195 197.43105212702022 0.0
136.85776015511783 42.13454041820055 0.0
101.64952868866415 168.05375600503803 0.0
164.8152713970747 53.85735772941018 0.0
61.45135207852017 52.12224037366029 0.0
155.26516366195997 83.09138483452061 0.0
145.03862419606432 148.48865120403525 0.0
191.59236221073115 198.47732868694413 0.0
41.63764569290262 123.30830483575028 0.0
18.17792848041759 18.24911454434066 0.0
173.221009109312 25.27482588783887 0.0
79.55753846407958 5.118488908735652 0.0
199.4460608011243 84.13034345218105 0.0
187.54037636152242 75.6144540467397 0.0
144.7462714221646 146.6559861431075 0.0
73.47226078924349 118.80552164341668 0.0
30.638252966781486 112.35594175907993 0.0
123.64712662383678 5.465564610008888 0.0
140.25244441637 45.305884947013794 0.0
92.9414244248218 161.1269177192626 0.0
42.29093943181963 159.14463962609705 0.0
145.06605874065633 175.09708222323172 0.0
58.06097310569509 198.94559325268412 0.0
177.40108435706657 22.398278584571685 0.0
167.9282397731028 76.71227592233316 0.0
54.198514341749224 86.72194140605502 0.0
22.479207719446514 156.50028628027508 0.0
94.0089242052953 89.87291554296495 0.0
148.8771392909184 130.67557004172565 0.0
135.50793746509785 56.81113761164991 0.0
24.34168657714966 180.57688196429112 0.0
140.4688722054414 175.2811352195961 0.0
26.3773631855859 72.85808240581379 0.0
183.44823608566978 45.15278733894359 0.0
163.32140290576817 7.0436695772452484 0.0
24.821018051196162 154.97933977888388 0.0
138.97689965944838 0.338866680100236 0.0
67.1230712072648 71.91162825830786 0.0
111.54238798658704 172.4932818715437 0.0
154.228128148401 185.99026487453193 0.0
69.74439890565426 76.5250556597103 0.0
188.70740273806433 110.97026929295343 0.0
68.02475302907757 10.370197933528624 0.0
114.78997115667255 11.21556580883416 0.0
37.82973529484075 40.02961160417886 0.0
42.66243436093682 197.83345067938953 0.0
123.49356835246672 66.54408389796048 0.0
174.4167469035707 117.10203762912836 0.0
78.90394929031277 77.13550532880839 0.0
132.77531195109978 140.37650324979185 0.0
5.082699920587741 135.11010358257704 0.0
90.79284097610486 157.04266324711838 0.0
9.0098608731775 83.62757420393794 0.0
154.05474904463017 70.71934891602523 0.0
20.464974360153732 165.1976209299524 0.0
156.46215188128926 103.7938125618308 0.0
16.354521834196944 191.7733039980563 0.0
196.51388771682443 126.5071764638676 0.0
70.9397969783793 139.5683980040865 0.0
63.06626523460632 44.18978816204246 0.0
175.57487768997194 88.23378024575128 0.0
177.87158178494468 199.87916294938773 0.0
53.00960136067303 75.78561655163283 0.0
16.766699516347373 179.4359735337194 0.0
29.007790188943417 98.68608238863462 0.0
162.20341516470094 142.40639119730082 0.0
17.9762952974605 150.7349326734396 0.0
186.88248146341223 44.261867265154685 0.0
29.49570324797328 64.93832911733128 0.0
71.57366762697978 64.28028749965458 0.0
109.08894304006192 199.27884642271223 0.0
19.77432481036918 8.21521298174579 0.0
89.25920908323486 90.31867945511117 0.0
147.67948863010517 16.032773228037357 0.0
145.77404383989577 87.82562418767856 0.0
0.00660637236347128 172.37850701298308 0.0
129.3677541628079 79.11946969904584 0.0
170.538516806116 191.06941720475825 0.0
174.4794873285074 113.5940035210008 0.0
90.81844745634662 24.78909203347388 0.0
174.33976707668248 45.87783099240357 0.0
91.25123110831976 37.29681979909325 0.0
155.66359784675845 30.354973408111597 0.0
135.93514376704664 67.84416189394132 0.0
186.40338089634093 20.273924430797543 0.0
185.8692369259367 116.12551112369927 0.0
6.460436197527009 151.43183728497684 0.0
154.75112215404926 80.97181882879647 0.0
83.94908725391879 23.428136985684777 0.0
87.40075976204818 197.1295212816004 0.0
68.55258466573939 30.739829445720535 0.0
112.91579402627998 131.84954550912667 0.0
38.70553494624911 41.37845114365255 0.0
102.98462279635403 126.64403169871818 0.0
120.78274024227613 72.64654430467867 0.0
0.353437586657801 99.45127932129796 0.0
196.16969853508226 171.51923468754183 0.0
73.26389599233335 58.582186516195755 0.0
106.03531954383105 71.43439997948562 0.0
98.74844742077183 122.2043067987508 0.0
13.822720645868603 167.78268586958677 0.0
80.99051244182323 85.75242688388838 0.0
191.91931244841516 131.14640907080442 0.0
170.527156608041 34.53735185170215 0.0
61.66261916372557 60.344259378774034 0.0
165.89212156299672 159.9575627298369 0.0
34.783684796131965 66.59650343727958 0.0
151.36747601189325 105.10093714153368 0.0
179.58516451909276 175.6331936136592 0.0
52.832348184884005 39.156833088387465 0.0
166.5965299220129 36.32566348958088 0.0
178.26763489357847 39.94143545794719 0.0
136.14414061343817 132.42953767853467 0.0
150.29580313034 49.9721889332839 0.0
74.21924403856548 8.285088371304571 0.0
35.20525111487414 63.909933659033854 0.0
183.22224838391944 39.82880010430223 0.0
126.22902774164825 103.82008983153106 0.0
190.60698036911924 109.02765904071683 0.0
148.41796590046587 143.58723513525533 0.0
151.14390281026652 172.85554469625433 0.0
18.268647925205904 54.950005150988424 0.0
67.46661085602234 157.18897979493687 0.0
113.33692953979109 65.00622617549594 0.0
178.76119577383466 51.50716726882667 0.0
85.38799317516963 138.67094242993042 0.0
48.903460775587114 132.03920703717793 0.0
185.20436554854678 129.45282341770667 0.0
23.044196595939127 99.00908181197853 0.0
57.993418899604855 78.04718321072 0.0
15.588067435578544 177.88690463504372 0.0
15.406462416746812 80.62683356054492 0.0
142.70699230552393 105.06260498355957 0.0
93.50157111774003 97.34453255455462 0.0
18.97420891563484 195.11624642920705 0.0
165.55284281527167 126.44389632493105 0.0
0.4005128034053618 169.86674214034517 0.0
194.42889592686214 130.50826104931542 0.0
75.09944061536925 118.63874116547564 0.0
181.33388770000215 168.75978968786177 0.0
78.00358320627761 54.6951623119837 0.0
96.02455383130038 162.95411258270346 0.0
37.499407922283325 34.54073335434613 0.0
58.187098130254824 4.298353314019576 0.0
149.54334241503713 114.80959662297596 0.0
80.47809050586636 94.95346281537861 0.0
118.76720107644788 135.70802967463732 0.0
180.80384525629998 110.0642957964737 0.0
6.2762958470270025 40.4909281954201 0.0
24.733034517010655 164.8940418594204 0.0
80.28892964699799 167.20874200264672 0.0
68.50765702001004 76.52206861632189 0.0
78.46126803662806 81.96915290334677 0.0
38.93771247930287 20.697334409032344 0.0
159.686864653785 62.21573691655653 0.0
108.53535775074792 1.8221543889548553 0.0
48.35551857344937 84.03360865147948 0.0
102.56451028502411 177.67401271428065 0.0
55.50132127888365 119.24987365461665 0.0
109.25228519646488 10.355926974818729 0.0
198.9652259877847 106.10453483007187 0.0
155.22886939436265 51.098579719781625 0.0
138.64258400769756 121.52526689487027 0.0
155.3328430575899 108.92041165084794 0.0
93.08163732525765 53.547367069237325 0.0
149.23920063040183 1.7845166643680743 0.0
110.14406353563832 49.177891935516584 0.0
96.93763591542105 43.774122291953475 0.0
27.13409547090255 196.01094368336368 0.0
20.90904469952659 82.94116163748112 0.0
174.74802453302453 85.15871052914774 0.0
54.918416310394555 71.86529630815774 0.0
154.39121961286284 98.57087246683638 0.0
187.66265145062476 26.59357911564637 0.0
49.855042311737606 65.57260365751576 0.0
174.08214897647127 9.513708757110306 0.0
22.041482198391705 141.45935195083564 0.0
27.96530262336072 57.84666336605877 0.0
179.36849023337766 175.24436251575645 0.0
106.5453847341129 171.82737296652985 0.0
116.6844354205953 54.16263766790286 0.0
51.109566490175304 175.27474021098325 0.0
171.9653187204684 139.2929807793588 0.0
157.2102058347202 66.13536422060335 0.0
62.76379929616487 139.66745498462222 0.0
113.88875698822541 185.71789364871796 0.0
133.3242980703519 11.495483031529385 0.0
73.3930380770178 152.71796506641127 0.0
168.47375228938876 114.63758332178342 0.0
91.18888558369692 31.7662892754081 0.0
11.843100672263951 110.22156967714314 0.0
110.63751847256815 36.115465651957 0.0
63.66955458630446 141.30185818807485 0.0
57.53027266646005 0.21373143426994812 0.0
127.37536353479165 102.72030279011746 0.0
56.74268546869281 100.29681020128956 0.0
24.31386136555893 76.8348620402736 0.0
86.59014993086818 49.761721566164454 0.0
102.51900986665629 88.54010576982034 0.0
146.0377922646925 50.969353002839355 0.0
27.989911304133575 16.011528044239085 0.0
25.737442892411 146.25523531657078 0.0
65.98711813951952 182.8632908225365 0.0
45.9349044314 78.31098803214623 0.0
35.01285378718671 52.916932220025004 0.0
52.611051584978185 143.73149630371185 0.0
47.592553300762134 150.53640949534395 0.0
147.79061962285965 3.405881312429071 0.0
39.6704969177176 37.492499535533376 0.0
70.77279027623796 199.56299837555292 0.0
134.37759343063732 91.57764772900605 0.0
44.108084001213314 21.66508354522083 0.0
86.12466081915082 152.69988602097925 0.0
51.46630871623499 161.97599018543238 0.0
7.419875290224609 28.94251148339899 0.0
124.11063273277338 106.51321486161561 0.0
93.50446452014425 188.08380568195798 0.0
78.51323473286678 18.225740969270987 0.0
128.84580711796693 99.32908251660851 0.0
69.71820384438851 186.6225901234346 0.0
184.72272644437155 35.51500616885501 0.0
103.37773104924008 141.70974025935772 0.0
98.5827706311016 97.80405013808104 0.0
83.95790197191498 59.975861885916856 0.0
63.54678742307265 182.8946902925955 0.0
67.43080895457905 126.3001846903294 0.0
150.38136340777953 177.03081490823982 0.0
133.83984191838945 58.03859862507299 0.0
34.45494966416825 31.601600755520032 0.0
98.44555743101576 46.17691506315529 0.0
6.638888867242376 151.88089245669298 0.0
139.72959341941987 123.32296027792704 0.0
109.80983314515127 113.4630428356413 0.0
138.35461397665767 29.442134471001435 0.0
161.5553554546646 110.20984037575496 0.0
93.24846283163465 13.623702434269692 0.0
98.87985925482823 133.03107282388044 0.0
9.3010580790043 83.79805128127704 0.0
112.15326824395244 80.57903023872308 0.0
135.7328541655525 196.20783663103674 0.0
23.240149740079197 10.945107581029202 0.0
175.01404314829483 162.56883887249808 0.0
106.69244327266823 157.7044266048697 0.0
79.28394964906138 45.23914381526615 0.0
53.084046312360165 154.1622381483326 0.0
104.54036425613644 109.34801866736765 0.0
30.011057786914375 136.41370251117314 0.0
102.4389775748433 5.7187775296637655 0.0
8.976540460232908 28.836423802283818 0.0
195.36323427562726 169.55261216710872 0.0
95.32425760742882 154.89288758541787 0.0
2.4953508313005246 37.22326564543972 0.0
123.58084713485245 161.62790760205485 0.0
62.939547724710664 7.1652653859962 0.0
62.01151542321652 98.00380526499721 0.0
36.518802309288546 100.72108908191764 0.0
7.889362680865308 145.22402534980642 0.0
53.68678718980136 14.945648177756565 0.0
148.9240001292082 161.45359211359747 0.0
33.06694214524306 101.7491567683912 0.0
16.49026899185495 73.8526998384683 0.0
88.45096935059296 156.3922856591828 0.0
62.74325085205055 27.597488664870816 0.0
106.65934660172876 153.23037167900713 0.0
56.40107045638685 84.5698802240849 0.0
193.4867243883271 27.736170416231797 0.0
10.922318922971819 153.65620819632105 0.0
157.02548284659153 71.2135699432467 0.0
134.00019007322348 130.1021185595374 0.0
125.98087748622741 78.2473499508555 0.0
18.74072955635522 123.12907137239347 0.0
185.16172993346999 66.81706511568768 0.0
184.58805286279244 159.02560144126562 0.0
151.1507111409971 177.13574715674946 0.0
120.00442798308022 61.18423253150258 0.0
108.22873020939028 47.657081097734675 0.0
179.10875762150422 129.0628660587041 0.0
77.94820993885803 165.32748129795988 0.0
40.92200964320034 164.80716916471164 0.0
5.320309100458287 192.04225066070364 0.0
152.5636623279903 129.27838895795293 0.0
110.401500787701 80.39791300586263 0.0
46.68846922247489 48.488743969519966 0.0
176.13524369497284 109.21552713794158 0.0
48.6481079274965 136.95442731112635 0.0
121.6247291640641 192.9426882190346 0.0
70.30772492395567 56.23406914100138 0.0
44.58309274300023 148.9246758045543 0.0
125.14253874827652 184.92822202674495 0.0
7.527678243824409 42.66802097280964 0.0
93.18514232833341 140.67340330759484 0.0
189.3553848830107 73.60265227928822 0.0
114.589275568659 165.17189629901463 0.0
27.25631932125556 112.48145271013597 0.0
197.02135148714808 160.056374848784 0.0
33.49336728380437 156.43906277934497 0.0
184.78615637526616 144.3963034726224 0.0
87.39558697429158 28.864353352500682 0.0
156.53856521129015 93.91072772929606 0.0
174.98360406174703 18.62402399348797 0.0
193.62837086651402 117.46002222032456 0.0
176.9655956928559 26.807430114745358 0.0
92.57068474831678 128.14689103763683 0.0
190.41263113189117 169.0456218745683 0.0
182.82963072618338 174.36477824193196 0.0
10.242572056586031 67.59044820777717 0.0
155.04840230112583 10.389587735102634 0.0
193.71196728381562 59.72221708137053 0.0
105.05403003339751 106.61856051742488 0.0
184.4357385503224 47.68745474497358 0.0
55.41059105186006 126.31775251064686 0.0
82.02470751226917 120.25088130752557 0.0
28.989778066930285 128.74765022804212 0.0
9.251418633343977 187.0787323480266 0.0
117.97321747555863 197.79397871809027 0.0
50.7249223975287 84.55320775704256 0.0
116.8960858544918 40.738828887960146 0.0
15.375576798976853 135.25076035697995 0.0
169.78700253243483 153.5648104846529 0.0
9.621174502176476 173.19969804782005 0.0
119.1544289580503 7.193003171916179 0.0
198.90608261206793 183.16536990706987 0.0
38.51511569712955 173.31302397137407 0.0
182.3753353460722 144.59405373930753 0.0
180.3554901975784 178.97153235290176 0.0
108.76593481269245 19.47945571374099 0.0
77.86215076556067 155.8432719889275 0.0
21.168006475642965 78.29855539416788 0.0
1.4529645711481631 33.116443681215266 0.0
134.12865549743194 119.29634887206278 0.0
190.0855943820283 112.18222849881701 0.0
18.641759481705968 3.7818052160479843 0.0
52.51552262318215 156.8258499312067 0.0
198.88720818576587 103.73025076481987 0.0
65.12107944056362 34.37457591102155 0.0
49.15346718950859 137.87010707039065 0.0
180.60815475191995 51.265785739441874 0.0
120.19755292536547 58.56484579654702 0.0
5.8526685758519825 40.75600598074585 0.0
121.3669572664776 144.18367499377695 0.0
7.334188237559158 180.99972480655492 0.0
138.12821459557426 50.28744387395052 0.0
159.05937198086656 48.484542942674345 0.0
74.21726792194288 77.83897529117043 0.0
160.56917713038848 144.81701097779367 0.0
173.44700885530307 127.77983740521188 0.0
21.569235663626984 74.11141779991371 0.0
198.2776937309602 128.69844548061621 0.0
34.91793144839814 93.74147272510716 0.0
20.576270602185165 147.94714774269352 0.0
141.15215222615493 112.97273833102837 0.0
14.560965331491316 126.44878044582559 0.0
25.42595287891014 172.00146149636083 0.0
132.74775770142554 13.56593673862534 0.0
181.68270792629912 198.18320310386363 0.0
92.78572867532395 20.789140814908038 0.0
29.07653598313329 6.742576003947898 0.0
106.38853461805473 161.63276148074493 0.0
172.10432390374666 90.01312939153539 0.0
41.13961542792632 0.010430712313480583 0.0
58.60470226040573 122.26428758640826 0.0
21.769031062763332 190.49451195246257 0.0
8.725866750093303 96.43002390777089 0.0
49.57013427261141 161.24695072841527 0.0
63.15933782973837 4.561774908923222 0.0
46.9445996565367 164.0417022339434 0.0
130.38207720137342 175.58595284593486 0.0
18.634667263625193 95.68167607180848 0.0
100.34471847669944 191.95414886362687 0.0
162.02173941205982 181.2460266764718 0.0
135.9889876625741 121.03197739182838 0.0
155.94077863179228 1.986380812135602 0.0
54.17263934129355 17.580380405950578 0.0
110.78031648769284 49.32338891939389 0.0
164.02562220823688 80.44086202076255 0.0
172.2081127367525 191.2778864907201 0.0
143.4564745559065 79.54414646061194 0.0
136.6829505021029 148.80366004770528 0.0
103.47321086343338 108.61936496236231 0.0
58.98313178278958 96.87167537832981 0.0
115.17838261885318 164.48884553870425 0.0
110.30289339500439 28.78846167643223 0.0
155.7431834970115 105.59130175232481 0.0
80.03790591729188 152.11410046375087 0.0
67.36088595505201 0.38404439309716043 0.0
105.20160041453231 120.67813936279043 0.0
117.12515874012117 140.5326867842394 0.0
58.484279344536596 149.57448758679007 0.0
95.97410452435658 64.30459394255976 0.0
129.2872412405459 8.64927130609978 0.0
1.286242435748619 12.340148251041928 0.0
91.63457888023754 144.87831858602 0.0
10.409894280809562 120.98369218309372 0.0
168.68545960286428 145.16386432539596 0.0
71.35280185843573 147.61391393863005 0.0
75.64019006966393 18.462792364999615 0.0
12.054103288124175 17.92108910352055 0.0
151.15354148688016 149.79159548576172 0.0
1.1060436209589408 186.83658859318606 0.0
71.93917772558326 58.536028743207716 0.0
80.4882573894192 112.82774261624931 0.0
86.06933753845615 79.62624689296982 0.0
134.82258385888574 59.5289920125277 0.0
197.54426259779072 178.52105553322917 0.0
61.85186290453875 159.1881518127067 0.0
88.02609827043423 109.57763689316498 0.0
65.29132221850611 199.16427709291736 0.0
171.20238914500652 32.26601209355229 0.0
103.89661888147361 125.7215916177378 0.0
41.06455725184921 110.82031291634951 0.0
199.5377948280118 198.62161337292736 0.0
97.45708138196267 140.30163380259611 0.0
132.26376362811772 75.52354220768397 0.0
110.57342535252566 65.68021830331705 0.0
31.78731628730467 56.960683617998534 0.0
120.64494843233095 190.42739258879652 0.0
112.51581377820614 80.66855961818882 0.0
159.88964463519412 107.24057302282506 0.0
93.19816781269337 18.29819703090225 0.0
30.85745182369417 125.90746972107922 0.0
92.45397575196479 198.05577510819373 0.0
178.62956645792207 21.948298337823637 0.0
197.8959910701321 53.56775156836251 0.0
153.89929466509682 84.55789278118111 0.0
69.25240888916355 182.27836954395374 0.0
79.7823293633058 103.50211058859055 0.0
54.84077447336257 85.94418487405551 0.0
107.2746624625506 102.00597576924481 0.0
175.94066928893508 61.29819099802629 0.0
72.59671903639189 96.30367226611827 0.0
165.05754826724535 110.71378952160981 0.0
54.23246858689033 142.40341661589017 0.0
131.76552704509618 150.7068215939279 0.0
68.2927188525492 16.752932994183833 0.0
173.76213493950706 10.37152760747686 0.0
137.90202935456705 69.87422830508976 0.0
150.96343673750184 132.35428414315336 0.0
25.629031807143953 90.66897259752504 0.0
96.9131621782726 115.72658611462397 0.0
27.550248720084312 23.97881168745326 0.0
154.47490006176872 73.12673781861949 0.0
193.35778681858707 95.1175906332628 0.0
91.72158508082858 13.797448320054917 0.0
158.99166452497477 112.47536555975695 0.0
179.13197214569195 109.65427443507461 0.0
56.59772658788393 42.92687260660668 0.0
90.64898294551618 153.27780329560048 0.0
101.18257488282158 184.6599256990454 0.0
128.85016980620122 174.73018991250905 0.0
44.15707957544228 198.17201450088632 0.0
68.42588778301248 48.354464304635925 0.0
131.03049680744215 98.56625971958108 0.0
62.35600498297424 191.2229184890301 0.0
103.8374147683853 60.91059262957819 0.0
161.62136368529846 131.65861963428367 0.0
148.45018907478374 145.30688410899438 0.0
61.981447796153134 9.261901441224452 0.0
102.74967136831252 9.449627495596214 0.0
110.29511952054689 157.13162391866135 0.0
113.69754357971293 143.8364347822579 0.0
178.05648732998472 12.478600230213699 0.0
59.673687404729 138.4256003533089 0.0
141.2633755823445 103.5865953782048 0.0
39.012522043951314 169.41865005925737 0.0
193.43112588227004 169.08398096572213 0.0
66.49238513141566 80.97870112309413 0.0
62.50977411206229 179.7470434219032 0.0
16.602452767152755 129.0782257167892 0.0
2.65800905411393 153.56363689299445 0.0
5.731965523166882 53.30260791492567 0.0
188.2725379315109 181.54382929037928 0.0
14.996871727955408 47.31878760971166 0.0
50.366924601847614 14.771856423373864 0.0
21.23925631912318 9.850953131164598 0.0
164.33914475295305 102.4516469337489 0.0
25.805259979906214 175.38820723940938 0.0
123.36249610525391 116.20586152790654 0.0
149.02757338070595 47.48180769748811 0.0
13.079812300693572 147.6463282923085 0.0
192.90877969270497 87.37253705673646 0.0
40.97621049665159 124.24146888048628 0.0
165.3222353400335 46.8214024671221 0.0
167.7509321712164 152.7641855059589 0.0
6.117424858658516 176.39984005142966 0.0
38.204139777639725 70.1114388030408 0.0
158.83708683647725 189.12832148976227 0.0
115.59985336433336 58.044651007047236 0.0
91.32369050490861 14.235078656448241 0.0
86.16153918142608 161.40772714637043 0.0
184.31317180735303 36.93946814673663 0.0
119.30212211987627 138.63748911729556 0.0
179.18410639586594 87.5474075546896 0.0
44.385573329063256 68.8889424120437 0.0
4.350913620522756 116.77895986764004 0.0
136.26251193717104 141.85578496920147 0.0
84.35985082512343 74.13107862990445 0.0
189.51747631715483 64.37420089721874 0.0
176.5669926887335 192.21133438637983 0.0
105.311091972857 132.15598884292822 0.0
177.34767872257163 72.36117598939069 0.0
114.89530638827208 35.50467769744656 0.0
193.10714573313427 65.52018003849591 0.0
20.325544014652387 94.62628283383042 0.0
80.93246163237629 47.16549807876662 0.0
45.58864433501056 53.15406870106714 0.0
29.546209956132465 196.29354772572069 0.0
60.310992617906244 197.76446300501337 0.0
173.29252163347707 5.793794385589357 0.0
63.406397779043665 17.269239058512298 0.0
110.20661691952023 75.19732410486692 0.0
95.46864353915656 66.32665609413706 0.0
129.7890791100084 66.6656066968941 0.0
186.40903216389597 156.92230753279722 0.0
146.92658935257577 141.2178625322484 0.0
138.78437435412917 65.02805945851446 0.0
185.47102773574096 34.57798648241328 0.0
97.45640401383832 10.355360258128199 0.0
158.30927995874046 80.65509155385686 0.0
162.66867223217758 43.87699799574043 0.0
50.32626270262816 145.554301115648 0.0
166.32254859006665 160.79915805184908 0.0
26.48414567871107 196.1473602195964 0.0
150.1790314621592 45.92353887796563 0.0
59.31089029649843 94.61544073768597 0.0
59.908545342501654 53.84696375142928 0.0
198.41175922564642 184.0092772647027 0.0
100.35614758721987 128.20387886089753 0.0
189.18747481451948 109.75461314396482 0.0
85.08483862034541 72.1648134885805 0.0
188.7633379392819 108.16379002560275 0.0
157.20513250219113 96.66180908063563 0.0
24.203634536197605 85.39700422620365 0.0
58.69415343101005 93.31948503207441 0.0
191.406217106625 8.949743742064875 0.0
81.85299051352403 5.828464648842635 0.0
2.64223363962266 38.62554648399836 0.0
149.2463345367217 6.505357471247142 0.0
156.52654034544523 35.0861805239401 0.0
137.41360802767048 124.04165054831333 0.0
126.27437597647612 1.4540716481878269 0.0
184.83633063480173 113.951461565362 0.0
140.42041356974087 37.0746439663189 0.0
106.09152816027438 114.98592580746951 0.0
164.74650869227446 112.42906459851179 0.0
171.81654909291683 192.78996420464793 0.0
184.98475490026078 10.320690576875302 0.0
8.05574058034193 36.33476874828059 0.0
36.932852036177685 120.84127226592616 0.0
18.754899842846974 43.16732819365714 0.0
33.939079588682894 26.255917212589928 0.0
141.61472360908206 6.2760484995056265 0.0
101.28438735091365 166.82843089569627 0.0
110.20966598721166 198.37936547078476 0.0
42.80956109700465 139.74170419950812 0.0
114.22404786374125 38.70201977151284 0.0
137.20570750399855 150.6503728122144 0.0
24.85258677792985 122.81151885190982 0.0
89.7064658397154 11.035987803072643 0.0
183.85768756904025 197.84513612002888 0.0
49.490942379294786 54.41771198666863 0.0
142.4713039318981 73.46551739631062 0.0
143.92635786460275 30.60420658839127 0.0
80.27440694106541 73.14092402704848 0.0
177.8500055755582 29.55544256419973 0.0
134.382439223489 50.853762834555226 0.0
199.4102141931301 185.05578451181003 0.0
125.71039905866111 25.09913106987014 0.0
143.55642410484757 113.28258855691182 0.0
181.78660482108324 115.04257874547544 0.0
130.08879196194056 152.48735339768143 0.0
124.52941796730535 102.96444862101714 0.0
15.24801362872572 87.38928207274117 0.0
16.59651446945636 192.62568141204085 0.0
74.14641639863197 165.51393012020284 0.0
141.3617200113142 184.94801191919683 0.0
25.91162377222207 42.592397855736074 0.0
129.26953423813706 150.4090740786993 0.0
4.23449352045393 30.269365883155075 0.0
137.26301192598999 141.81098838486972 0.0
123.08322350406694 61.75108723508114 0.0
138.17581560558423 161.58859091966494 0.0
190.6659776838327 139.6572486447458 0.0
83.42463376870772 74.58142274791138 0.0
84.29455261328296 85.22340929387695 0.0
165.03341963475697 40.201377377340044 0.0
114.62203677861507 169.13358949143296 0.0
21.966336643211505 127.18565433128657 0.0
179.79762864215405 71.64534126024722 0.0
110.94146921168002 69.6325734134865 0.0
38.40218840830305 193.30246655735223 0.0
193.34273875485195 24.77554807390847 0.0
14.598318914379549 17.413379342829693 0.0
177.5427902566435 100.95837457362371 0.0
89.74914239959071 11.605893218230602 0.0
199.8948778655651 138.53275181859053 0.0
31.830247646924725 48.15201946380328 0.0
27.847148915097076 146.90681936365633 0.0
167.279573808643 121.38921975697656 0.0
25.07798391945908 127.73127062209497 0.0
9.500293977974806 45.447339542320606 0.0
31.246401096612942 147.21744654676937 0.0
24.05214670404647 26.623232411817366 0.0
177.89680795142218 59.83957210330273 0.0
132.6369017256716 122.12796831115047 0.0
87.25277312768793 31.181184270639406 0.0
136.30396372004003 20.564266454754176 0.0
82.07968022345085 159.44353295801747 0.0
72.87250290364027 109.37463400719241 0.0
172.4915585943201 53.14162804404461 0.0
14.386721426820227 30.63353148387602 0.0
79.52262625053048 186.77137658143548 0.0
157.4912385550813 68.93960325064225 0.0
5.479427788387792 26.739011358393363 0.0
62.93384932954149 163.79696408718783 0.0
67.53472707181263 96.6019789820201 0.0
159.97328638201665 93.75721388428424 0.0
73.71966910643808 133.67809004824764 0.0
147.2898216457226 40.72676880858985 0.0
39.41601219578643 78.33766759583756 0.0
94.06701002390359 110.22679569641025 0.0
117.64554540386712 32.801209913690045 0.0
73.23296586627967 57.02599982656733 0.0
47.899120749019474 128.02285293219055 0.0
43.42018730814019 45.449175348261626 0.0
15.943056340893236 45.247809991049046 0.0
37.02291701676113 159.79734278611122 0.0
160.98596114263765 153.0897025962249 0.0
108.80159044120586 172.69806389984288 0.0
66.7843418773691 41.48157288030292 0.0
152.80411761992755 177.8373851194356 0.0
29.710680782041067 60.61211566295914 0.0
4.944114368199082 98.40755454744068 0.0
109.50299560109235 105.9665356104376 0.0
14.396433300097877 193.73766393611544 0.0
137.36012994042568 129.84924420131557 0.0
89.04076650265118 103.95697085216872 0.0
181.24249473445488 105.27335307956972 0.0
98.50429148098418 96.17365017810764 0.0
49.68307618731196 19.85983333364727 0.0
52.92473342588817 5.534360128097893 0.0
53.10905275699247 135.39698135750956 0.0
66.37548613312777 100.66301921503971 0.0
35.619486112984156 12.968580435740208 0.0
160.96475282120025 145.35980521406643 0.0
40.36008211716617 74.06707570558872 0.0
70.94096810580695 77.07435912464882 0.0
78.08103388249397 144.8658250959203 0.0
165.7071150205679 177.54988357040008 0.0
131.1596042633754 113.83226480318156 0.0
26.466825094290236 172.16767130410383 0.0
144.3141518700163 122.12176894812788 0.0
83.29545835421128 161.90447523684404 0.0
128.4317512541664 1.6996273281839391 0.0
47.74972458370603 65.44781614720901 0.0
35.37684400197154 177.89652060631283 0.0
60.6996513882728 128.89720835980043 0.0
149.3436797863589 161.11060837680148 0.0
115.88706107330478 46.612209259390205 0.0
184.26053086610227 66.62716332489624 0.0
16.785029058912173 129.15070955250303 0.0
76.9491596202283 122.0345662693423 0.0
77.65307049157259 152.8740386646356 0.0
22.18812486317743 48.47313614230333 0.0
189.25318489104075 30.678038693306277 0.0
8.523994817808944 134.96129302561226 0.0
135.5121307542301 54.44216095479604 0.0
182.619686414898 164.30116636544952 0.0
169.4856176024124 177.17143817281678 0.0
195.12465749262907 94.57368862579429 0.0
35.30053670754969 26.43902283133901 0.0
62.496789469219834 151.99101285974498 0.0
57.321429810949674 70.61970913981955 0.0
16.901258214272772 148.88185634448774 0.0
8.607984800302182 195.5378241044901 0.0
110.25694880678385 4.843235650758282 0.0
17.80040247799688 91.53547141659706 0.0
188.69621339456947 19.59987526971163 0.0
176.89000357270177 99.60016578184378 0.0
60.14929550419763 22.870291535239517 0.0
171.90260257224278 120.07349595395542 0.0
40.459747209851635 109.54652176489577 0.0
174.3425846771701 48.595406761957506 0.0
182.38278302240144 57.75215183613398 0.0
3.315866958514757 171.3214335517812 0.0
167.01360179712623 122.8511348909032 0.0
196.5703026733525 25.083048760933792 0.0
68.63815348922972 102.23776435102864 0.0
113.26233638746443 8.044139146256146 0.0
191.6940888082523 173.74591989784923 0.0
132.07909337558797 112.53934467529754 0.0
122.4749242926595 24.773518375759473 0.0
5.415333416514145 144.16289303781107 0.0
38.405827747763844 9.725942918289409 0.0
83.62504605049195 89.80937699348317 0.0
174.16465882652759 100.14003932297018 0.0
32.9378251933103 102.25065726618612 0.0
156.61733845110103 24.858020074458608 0.0
36.45034497018229 79.96592215864524 0.0
89.48173531160839 36.878526951646705 0.0
89.67372171868497 38.324807087477076 0.0
193.82981375737978 189.0198122456617 0.0
80.43772008915586 191.85623275616533 0.0
91.98289392511097 52.28789965242544 0.0
77.52323114886259 97.21836996129025 0.0
60.050274006132966 68.85033019861473 0.0
43.21455874162376 142.61812942449095 0.0
168.30681639462293 195.7739722157438 0.0
32.033583848673764 111.81118965114476 0.0
178.80033851507022 166.1931181134691 0.0
41.23801577557058 99.4465328725636 0.0
176.02495719479901 171.33195783983797 0.0
38.23632142353932 109.40219238750764 0.0
169.19195126885683 49.81335150075643 0.0
105.89229637208739 28.891757867013833 0.0
123.57489987433081 159.94350243414678 0.0
118.76239240652858 138.5040013332468 0.0
53.60119911841008 6.170148834425282 0.0
91.6294176738057 91.97077854853444 0.0
141.8074770230057 192.66953154431346 0.0
126.26638344858996 179.3411820991321 0.0
135.47153140850804 185.0252628607493 0.0
123.18467562504598 73.37274968770733 0.0
116.67893485697189 75.22013434562196 0.0
122.19103381094227 151.33333723696327 0.0
141.77765493377592 65.66947027978784 0.0
88.89805609228267 83.04001261120426 0.0
2.6193377186496836 114.78276950140749 0.0
173.90336647807302 80.84432202714156 0.0
74.68129840190318 119.54788387370743 0.0
137.17285392044232 18.40582123480521 0.0
86.10849495952276 149.89000392223312 0.0
152.23361796300307 142.47883376093543 0.0
66.91011285357675 195.06545064434852 0.0
183.10276730584295 125.57007206845108 0.0
118.99068745863576 34.10805879155943 0.0
161.4482837319864 137.20757381856697 0.0
