1 36 86.0
1 44 54.0
1 92 90.0
2 14 36.0
2 4 63.0
2 16 44.0
2 52 28.0
2 74 92.0
2 99 42.0
2 128 74.0
2 159 96.0
2 174 9.0
2 183 93.0
2 185 96.0
2 187 9.0
2 188 94.0
2 195 21.0
2 198 93.0
3 29 45.0
3 66 38.0
3 70 99.0
3 108 20.0
3 150 68.0
3 182 54.0
3 26 96.0
3 34 75.0
3 56 21.0
3 79 57.0
3 116 71.0
3 123 77.0
4 14 75.0
4 2 32.0
4 16 32.0
4 52 3.0
4 58 22.0
4 74 44.0
4 99 19.0
4 159 37.0
4 174 65.0
4 183 7.0
4 185 51.0
4 188 73.0
4 195 21.0
5 41 88.0
5 67 35.0
5 69 61.0
5 154 43.0
5 189 88.0
5 13 8.0
5 46 63.0
5 49 54.0
5 57 70.0
5 144 78.0
5 176 49.0
5 190 26.0
6 20 60.0
6 62 64.0
6 65 68.0
6 82 34.0
6 88 39.0
6 101 15.0
6 112 11.0
6 113 3.0
6 118 14.0
6 132 85.0
6 148 54.0
6 179 74.0
6 180 89.0
6 184 44.0
6 194 51.0
7 18 60.0
7 33 43.0
7 71 29.0
7 114 65.0
7 133 88.0
7 135 3.0
7 146 83.0
7 149 6.0
7 161 89.0
7 173 3.0
7 191 80.0
7 197 78.0
8 9 84.0
8 10 73.0
8 14 90.0
8 21 36.0
8 37 70.0
8 54 42.0
8 55 61.0
8 106 3.0
8 115 77.0
8 117 42.0
8 129 52.0
8 138 87.0
8 181 9.0
8 196 79.0
9 8 8.0
9 10 56.0
9 21 92.0
9 37 32.0
9 54 55.0
9 55 78.0
9 106 66.0
9 110 84.0
9 117 5.0
9 124 75.0
9 138 25.0
9 181 18.0
9 196 42.0
10 8 47.0
10 9 12.0
10 14 57.0
10 21 28.0
10 55 35.0
10 106 74.0
10 138 5.0
10 196 88.0
10 99 2.0
10 195 71.0
11 21 46.0
11 28 97.0
11 30 90.0
11 37 93.0
11 50 94.0
11 54 77.0
11 55 27.0
11 60 81.0
11 75 37.0
11 78 91.0
11 91 61.0
11 106 91.0
11 110 42.0
11 115 52.0
11 117 66.0
11 121 47.0
11 129 3.0
11 155 43.0
11 175 20.0
11 181 89.0
11 199 65.0
12 31 56.0
12 139 63.0
12 141 69.0
12 32 90.0
12 38 15.0
12 98 64.0
12 100 35.0
12 109 31.0
12 118 20.0
12 119 36.0
12 122 5.0
12 131 99.0
12 142 52.0
12 153 79.0
12 164 1.0
12 194 44.0
13 5 36.0
13 69 35.0
13 19 42.0
13 39 70.0
13 46 35.0
13 49 12.0
13 57 34.0
13 80 19.0
13 144 25.0
13 156 74.0
13 160 46.0
13 176 77.0
13 190 88.0
14 8 18.0
14 10 37.0
14 106 83.0
14 138 6.0
14 2 69.0
14 4 76.0
14 99 13.0
14 159 17.0
14 174 72.0
14 183 84.0
14 187 84.0
14 195 4.0
15 16 11.0
15 52 83.0
15 58 98.0
15 74 81.0
15 105 24.0
15 136 11.0
15 174 59.0
15 183 71.0
15 185 42.0
15 188 62.0
16 2 59.0
16 4 31.0
16 15 48.0
16 52 37.0
16 58 6.0
16 74 95.0
16 136 43.0
16 174 85.0
16 183 43.0
16 185 46.0
16 188 37.0
17 47 3.0
17 90 76.0
17 96 23.0
17 103 31.0
17 25 66.0
17 94 80.0
17 97 77.0
17 165 17.0
17 170 18.0
17 186 63.0
17 34 31.0
17 139 12.0
17 100 16.0
17 147 9.0
18 7 66.0
18 33 91.0
18 36 80.0
18 44 50.0
18 71 15.0
18 133 76.0
18 135 93.0
18 146 15.0
18 161 92.0
18 173 43.0
18 191 97.0
18 197 55.0
19 13 77.0
19 22 98.0
19 32 81.0
19 38 60.0
19 39 86.0
19 46 52.0
19 49 7.0
19 53 98.0
19 57 35.0
19 100 88.0
19 142 4.0
19 144 1.0
19 147 90.0
19 160 2.0
20 6 97.0
20 65 43.0
20 82 82.0
20 88 9.0
20 101 86.0
20 109 5.0
20 112 70.0
20 113 89.0
20 118 82.0
20 131 17.0
20 142 82.0
20 169 57.0
20 194 39.0
21 8 42.0
21 9 97.0
21 10 63.0
21 11 48.0
21 37 4.0
21 50 61.0
21 54 73.0
21 55 89.0
21 106 6.0
21 115 66.0
21 117 42.0
21 121 96.0
21 129 64.0
21 138 32.0
21 145 17.0
21 175 1.0
21 181 53.0
21 196 11.0
21 99 99.0
22 97 71.0
22 170 22.0
22 19 86.0
22 32 36.0
22 38 63.0
22 39 23.0
22 46 33.0
22 53 20.0
22 57 3.0
22 98 25.0
22 100 12.0
22 109 11.0
22 142 36.0
22 147 36.0
22 153 59.0
22 160 48.0
22 164 33.0
23 43 77.0
23 48 27.0
23 54 57.0
23 63 72.0
23 75 95.0
23 110 84.0
23 117 98.0
23 124 3.0
23 162 87.0
24 80 60.0
24 156 7.0
24 176 72.0
24 190 46.0
24 193 85.0
25 47 95.0
25 96 8.0
25 103 84.0
25 17 84.0
25 41 7.0
25 72 31.0
25 83 45.0
25 94 84.0
25 97 53.0
25 111 61.0
25 128 1.0
25 163 10.0
25 165 16.0
25 166 69.0
25 170 85.0
25 186 23.0
25 189 23.0
26 29 15.0
26 66 20.0
26 70 80.0
26 108 72.0
26 150 96.0
26 3 31.0
26 34 62.0
26 56 74.0
26 79 23.0
26 116 40.0
26 123 36.0
26 152 67.0
27 31 11.0
27 86 86.0
27 114 11.0
27 126 64.0
27 141 68.0
27 149 97.0
27 119 36.0
27 122 53.0
27 180 42.0
28 11 10.0
28 30 82.0
28 37 35.0
28 54 63.0
28 60 55.0
28 61 40.0
28 75 72.0
28 76 14.0
28 78 19.0
28 91 86.0
28 110 33.0
28 121 1.0
28 171 47.0
28 181 14.0
28 182 74.0
29 30 51.0
29 40 66.0
29 47 36.0
29 60 39.0
29 66 36.0
29 70 34.0
29 78 94.0
29 90 60.0
29 96 85.0
29 103 88.0
29 108 22.0
29 121 61.0
29 150 96.0
29 182 24.0
29 199 39.0
29 3 84.0
29 26 6.0
29 34 38.0
29 56 78.0
30 11 13.0
30 28 66.0
30 29 34.0
30 40 25.0
30 47 92.0
30 50 89.0
30 60 65.0
30 66 44.0
30 70 1.0
30 78 98.0
30 96 28.0
30 103 92.0
30 115 73.0
30 121 91.0
30 129 7.0
30 150 92.0
30 155 79.0
30 175 32.0
30 199 40.0
31 27 52.0
31 86 54.0
31 114 67.0
31 126 94.0
31 141 92.0
31 149 46.0
31 12 32.0
31 98 63.0
31 119 80.0
31 122 75.0
31 131 91.0
31 153 95.0
31 164 7.0
32 12 86.0
32 19 84.0
32 22 88.0
32 38 74.0
32 39 22.0
32 46 58.0
32 53 43.0
32 57 59.0
32 98 11.0
32 100 92.0
32 109 89.0
32 131 68.0
32 142 88.0
32 147 7.0
32 153 24.0
32 160 20.0
32 164 8.0
33 7 74.0
33 18 15.0
33 71 4.0
33 114 7.0
33 133 84.0
33 135 28.0
33 146 74.0
33 149 30.0
33 161 55.0
33 173 25.0
33 191 8.0
33 197 79.0
34 29 57.0
34 47 73.0
34 66 99.0
34 90 91.0
34 150 4.0
34 17 73.0
34 186 44.0
34 3 81.0
34 26 31.0
34 56 75.0
34 126 62.0
34 139 18.0
35 65 49.0
35 82 42.0
35 88 13.0
35 89 16.0
35 112 16.0
35 113 7.0
35 130 80.0
35 134 3.0
35 140 84.0
35 148 68.0
35 157 34.0
35 192 69.0
36 1 90.0
36 18 70.0
36 44 53.0
36 77 47.0
36 81 50.0
36 87 13.0
36 92 34.0
36 146 66.0
36 173 15.0
37 8 98.0
37 9 28.0
37 11 94.0
37 21 33.0
37 28 71.0
37 50 14.0
37 54 35.0
37 55 6.0
37 60 28.0
37 91 65.0
37 106 84.0
37 110 43.0
37 115 39.0
37 117 82.0
37 121 38.0
37 129 89.0
37 138 25.0
37 175 17.0
37 181 79.0
37 196 54.0
38 12 45.0
38 19 68.0
38 22 19.0
38 32 70.0
38 39 60.0
38 46 32.0
38 53 51.0
38 57 98.0
38 98 45.0
38 100 54.0
38 101 82.0
38 109 2.0
38 131 60.0
38 142 63.0
38 147 28.0
38 153 76.0
38 160 43.0
38 164 92.0
38 169 85.0
38 194 35.0
39 13 70.0
39 19 14.0
39 22 35.0
39 32 16.0
39 38 51.0
39 46 99.0
39 49 37.0
39 53 88.0
39 57 30.0
39 100 76.0
39 109 73.0
39 142 74.0
39 144 36.0
39 147 32.0
39 160 13.0
40 29 64.0
40 30 25.0
40 47 41.0
40 50 34.0
40 60 92.0
40 66 99.0
40 90 97.0
40 96 37.0
40 103 94.0
40 115 74.0
40 121 67.0
40 129 39.0
40 145 31.0
40 155 95.0
40 175 48.0
40 199 92.0
40 94 8.0
40 186 70.0
41 5 55.0
41 25 44.0
41 69 48.0
41 72 75.0
41 83 69.0
41 85 55.0
41 95 37.0
41 111 70.0
41 127 66.0
41 154 63.0
41 163 1.0
41 165 15.0
41 166 51.0
41 170 72.0
41 189 17.0
41 57 24.0
42 64 69.0
42 84 78.0
42 95 79.0
42 151 74.0
42 158 3.0
42 178 20.0
43 23 40.0
43 48 61.0
43 63 10.0
43 162 66.0
44 1 7.0
44 18 83.0
44 36 65.0
44 71 13.0
44 92 69.0
44 133 2.0
44 146 34.0
44 161 42.0
44 173 68.0
44 197 61.0
45 51 14.0
45 68 61.0
45 120 16.0
45 73 42.0
45 79 28.0
45 93 2.0
45 104 37.0
45 123 98.0
45 143 63.0
45 168 85.0
45 177 53.0
46 5 30.0
46 69 23.0
46 13 24.0
46 19 24.0
46 22 83.0
46 32 17.0
46 38 33.0
46 39 9.0
46 49 56.0
46 53 4.0
46 57 48.0
46 144 76.0
46 156 33.0
46 160 23.0
46 176 74.0
46 190 52.0
47 29 87.0
47 30 15.0
47 40 53.0
47 50 78.0
47 60 67.0
47 66 33.0
47 90 57.0
47 96 82.0
47 103 51.0
47 121 38.0
47 150 91.0
47 155 42.0
47 175 34.0
47 199 63.0
47 17 39.0
47 25 82.0
47 94 32.0
47 97 9.0
47 186 66.0
47 34 5.0
47 56 73.0
48 23 14.0
48 43 54.0
48 63 79.0
48 162 39.0
49 5 75.0
49 69 46.0
49 154 47.0
49 189 87.0
49 13 99.0
49 19 64.0
49 39 44.0
49 46 62.0
49 57 25.0
49 144 49.0
49 160 8.0
49 176 38.0
49 190 92.0
50 11 94.0
50 21 14.0
50 30 17.0
50 37 41.0
50 40 66.0
50 47 69.0
50 60 5.0
50 96 73.0
50 103 75.0
50 115 18.0
50 121 57.0
50 129 44.0
50 145 78.0
50 155 24.0
50 175 64.0
50 199 52.0
50 94 26.0
51 61 45.0
51 68 94.0
51 75 46.0
51 76 96.0
51 107 55.0
51 120 80.0
51 171 6.0
51 182 49.0
51 45 74.0
51 168 58.0
52 2 28.0
52 4 39.0
52 15 93.0
52 16 11.0
52 58 32.0
52 74 33.0
52 83 76.0
52 85 84.0
52 127 93.0
52 128 11.0
52 136 22.0
52 137 70.0
52 159 29.0
52 166 74.0
52 174 32.0
52 183 24.0
52 185 85.0
52 187 55.0
52 188 52.0
52 198 18.0
53 19 40.0
53 22 66.0
53 32 43.0
53 38 92.0
53 39 55.0
53 46 92.0
53 57 94.0
53 98 38.0
53 100 36.0
53 109 20.0
53 142 26.0
53 147 24.0
53 153 17.0
53 160 75.0
53 164 84.0
54 8 43.0
54 9 7.0
54 11 9.0
54 21 19.0
54 23 75.0
54 28 49.0
54 37 3.0
54 55 43.0
54 75 27.0
54 91 5.0
54 106 54.0
54 110 29.0
54 117 18.0
54 124 95.0
54 181 88.0
54 196 96.0
55 8 28.0
55 9 43.0
55 10 7.0
55 11 15.0
55 21 98.0
55 37 92.0
55 54 86.0
55 106 58.0
55 110 97.0
55 115 51.0
55 117 61.0
55 121 76.0
55 129 59.0
55 138 39.0
55 181 88.0
55 196 64.0
56 29 70.0
56 47 45.0
56 66 37.0
56 70 94.0
56 90 56.0
56 108 54.0
56 150 73.0
56 186 21.0
56 3 90.0
56 26 50.0
56 34 11.0
56 139 48.0
57 5 94.0
57 41 16.0
57 69 63.0
57 72 86.0
57 154 38.0
57 170 98.0
57 189 51.0
57 13 85.0
57 19 2.0
57 22 70.0
57 32 13.0
57 38 14.0
57 39 57.0
57 46 83.0
57 49 39.0
57 53 56.0
57 144 81.0
57 147 37.0
57 160 45.0
58 4 14.0
58 15 80.0
58 16 34.0
58 52 38.0
58 74 5.0
58 105 30.0
58 136 78.0
58 174 1.0
58 183 25.0
58 185 10.0
58 188 61.0
58 198 65.0
59 77 85.0
59 79 4.0
59 81 84.0
59 87 74.0
59 93 93.0
59 116 83.0
59 123 74.0
59 125 71.0
59 152 73.0
60 11 75.0
60 28 4.0
60 29 46.0
60 30 97.0
60 37 48.0
60 40 66.0
60 47 25.0
60 50 41.0
60 66 12.0
60 70 24.0
60 78 32.0
60 91 81.0
60 96 23.0
60 103 36.0
60 115 81.0
60 121 62.0
60 129 61.0
60 150 65.0
60 155 25.0
60 175 67.0
60 181 1.0
60 199 72.0
61 28 49.0
61 51 49.0
61 75 43.0
61 76 61.0
61 91 79.0
61 107 71.0
61 171 58.0
62 6 33.0
62 82 8.0
62 88 15.0
62 101 61.0
62 112 34.0
62 113 76.0
62 118 43.0
62 119 38.0
62 122 89.0
62 131 40.0
62 132 63.0
62 148 89.0
62 179 75.0
62 180 69.0
62 184 91.0
62 194 33.0
63 23 20.0
63 43 67.0
63 48 96.0
63 107 18.0
63 162 10.0
64 42 87.0
64 67 85.0
64 95 8.0
64 151 74.0
64 158 11.0
64 178 29.0
65 6 32.0
65 20 93.0
65 35 67.0
65 82 22.0
65 88 6.0
65 89 40.0
65 101 16.0
65 112 31.0
65 113 72.0
65 134 60.0
65 148 15.0
65 157 21.0
66 29 44.0
66 30 78.0
66 40 17.0
66 47 47.0
66 60 16.0
66 70 52.0
66 90 39.0
66 96 73.0
66 103 91.0
66 150 24.0
66 199 22.0
66 186 63.0
66 3 44.0
66 26 62.0
66 34 98.0
66 56 53.0
67 5 88.0
67 64 55.0
67 69 44.0
67 178 2.0
68 51 13.0
68 108 93.0
68 120 53.0
68 182 88.0
68 45 38.0
68 79 80.0
68 93 25.0
68 123 2.0
68 168 30.0
68 177 14.0
69 5 16.0
69 41 17.0
69 67 90.0
69 154 2.0
69 189 99.0
69 13 79.0
69 46 8.0
69 49 47.0
69 57 46.0
69 144 10.0
69 176 3.0
69 190 44.0
70 29 22.0
70 30 92.0
70 60 51.0
70 66 51.0
70 78 24.0
70 108 18.0
70 150 25.0
70 182 69.0
70 3 48.0
70 26 56.0
70 56 78.0
70 79 50.0
70 123 4.0
71 7 66.0
71 18 74.0
71 33 12.0
71 44 25.0
71 77 74.0
71 81 17.0
71 133 36.0
71 135 37.0
71 146 27.0
71 149 78.0
71 161 98.0
71 173 59.0
71 191 86.0
71 197 96.0
72 25 54.0
72 41 5.0
72 83 23.0
72 97 94.0
72 111 42.0
72 154 50.0
72 163 58.0
72 165 40.0
72 166 39.0
72 170 4.0
72 189 55.0
72 57 60.0
73 45 30.0
73 104 3.0
73 143 41.0
73 177 25.0
74 2 62.0
74 4 81.0
74 15 51.0
74 16 13.0
74 52 37.0
74 58 80.0
74 136 96.0
74 174 64.0
74 183 2.0
74 185 12.0
74 188 79.0
75 11 81.0
75 23 36.0
75 28 39.0
75 51 58.0
75 54 36.0
75 61 63.0
75 76 44.0
75 78 71.0
75 91 54.0
75 110 86.0
75 171 60.0
76 28 71.0
76 51 47.0
76 61 96.0
76 75 91.0
76 78 57.0
76 91 57.0
76 108 27.0
76 110 78.0
76 171 42.0
76 182 24.0
77 36 92.0
77 59 18.0
77 71 1.0
77 81 17.0
77 87 3.0
77 116 63.0
77 125 72.0
77 146 56.0
77 152 55.0
77 161 53.0
77 173 82.0
77 197 74.0
78 11 86.0
78 28 20.0
78 29 77.0
78 30 42.0
78 60 84.0
78 70 46.0
78 75 82.0
78 76 77.0
78 91 9.0
78 108 86.0
78 121 99.0
78 150 14.0
78 171 8.0
78 182 18.0
79 68 42.0
79 70 85.0
79 108 70.0
79 120 66.0
79 182 82.0
79 3 28.0
79 26 57.0
79 45 7.0
79 59 24.0
79 93 36.0
79 116 23.0
79 123 23.0
79 125 46.0
79 152 63.0
79 168 76.0
80 13 83.0
80 24 98.0
80 144 74.0
80 156 38.0
80 176 17.0
80 190 87.0
81 36 59.0
81 59 90.0
81 71 97.0
81 77 6.0
81 87 53.0
81 93 93.0
81 116 62.0
81 125 13.0
81 146 79.0
81 152 93.0
81 161 84.0
81 173 88.0
81 197 33.0
82 6 55.0
82 20 34.0
82 35 49.0
82 62 93.0
82 65 31.0
82 88 29.0
82 101 4.0
82 112 45.0
82 113 30.0
82 118 65.0
82 132 4.0
82 148 99.0
82 184 68.0
83 25 86.0
83 41 39.0
83 52 20.0
83 72 19.0
83 85 95.0
83 111 80.0
83 127 44.0
83 128 90.0
83 137 85.0
83 163 89.0
83 165 62.0
83 166 88.0
83 187 70.0
83 198 50.0
84 42 4.0
84 102 69.0
84 105 75.0
84 151 95.0
84 158 37.0
84 167 58.0
84 200 8.0
85 41 39.0
85 52 34.0
85 83 79.0
85 95 99.0
85 111 32.0
85 127 16.0
85 128 48.0
85 137 70.0
85 158 11.0
85 163 8.0
85 166 72.0
85 188 83.0
85 198 85.0
85 200 67.0
86 27 56.0
86 31 17.0
86 116 9.0
86 126 86.0
86 139 23.0
86 141 93.0
86 149 85.0
86 119 9.0
86 122 43.0
87 36 21.0
87 59 14.0
87 77 11.0
87 81 13.0
87 93 2.0
87 104 69.0
87 125 51.0
87 146 50.0
87 152 75.0
87 161 43.0
87 173 95.0
88 6 19.0
88 20 35.0
88 35 78.0
88 62 2.0
88 65 89.0
88 82 27.0
88 101 63.0
88 112 60.0
88 113 8.0
88 118 38.0
88 132 43.0
88 148 13.0
88 179 53.0
88 184 6.0
88 194 20.0
89 35 39.0
89 65 77.0
89 130 48.0
89 134 80.0
89 140 78.0
89 157 64.0
89 192 48.0
90 29 91.0
90 40 59.0
90 47 77.0
90 66 60.0
90 96 28.0
90 103 27.0
90 150 46.0
90 199 20.0
90 17 37.0
90 94 59.0
90 97 99.0
90 186 54.0
90 34 81.0
90 56 61.0
90 139 79.0
91 11 94.0
91 28 76.0
91 37 98.0
91 54 39.0
91 60 82.0
91 61 5.0
91 75 41.0
91 76 98.0
91 78 42.0
91 110 26.0
91 117 90.0
91 171 42.0
91 181 65.0
92 1 43.0
92 36 13.0
92 44 10.0
92 146 35.0
93 68 99.0
93 120 37.0
93 45 9.0
93 59 33.0
93 79 41.0
93 81 26.0
93 87 64.0
93 104 75.0
93 116 14.0
93 123 64.0
93 125 15.0
93 152 98.0
93 168 63.0
93 177 94.0
94 40 10.0
94 47 93.0
94 50 82.0
94 90 89.0
94 96 61.0
94 103 72.0
94 155 57.0
94 175 97.0
94 199 92.0
94 17 82.0
94 25 88.0
94 97 48.0
94 111 72.0
94 163 47.0
94 165 10.0
94 170 14.0
94 186 94.0
95 41 65.0
95 42 49.0
95 64 81.0
95 85 5.0
95 127 94.0
95 137 89.0
95 151 54.0
95 154 25.0
95 158 6.0
95 200 30.0
96 29 64.0
96 30 31.0
96 40 77.0
96 47 73.0
96 50 17.0
96 60 6.0
96 66 14.0
96 90 71.0
96 103 3.0
96 121 16.0
96 145 65.0
96 155 95.0
96 175 89.0
96 199 6.0
96 17 2.0
96 25 30.0
96 94 52.0
96 97 86.0
96 186 81.0
97 47 83.0
97 90 79.0
97 96 31.0
97 103 95.0
97 17 44.0
97 25 26.0
97 72 86.0
97 94 56.0
97 111 48.0
97 165 24.0
97 170 68.0
97 186 14.0
97 189 83.0
97 22 98.0
97 100 50.0
97 147 43.0
98 31 50.0
98 141 43.0
98 12 28.0
98 22 55.0
98 32 42.0
98 38 26.0
98 53 31.0
98 100 17.0
98 101 75.0
98 109 7.0
98 118 54.0
98 119 61.0
98 122 74.0
98 131 18.0
98 142 89.0
98 153 79.0
98 164 64.0
98 194 48.0
99 10 86.0
99 14 56.0
99 21 99.0
99 106 66.0
99 129 6.0
99 138 30.0
99 145 94.0
99 2 40.0
99 4 92.0
99 128 69.0
99 159 16.0
99 174 97.0
99 183 90.0
99 187 81.0
99 195 19.0
100 17 9.0
100 97 99.0
100 186 85.0
100 139 84.0
100 12 88.0
100 19 88.0
100 22 18.0
100 32 83.0
100 38 70.0
100 39 11.0
100 53 5.0
100 98 7.0
100 109 95.0
100 147 15.0
100 153 35.0
100 164 2.0
101 6 87.0
101 20 73.0
101 38 78.0
101 62 84.0
101 65 60.0
101 82 68.0
101 88 22.0
101 98 48.0
101 109 7.0
101 112 24.0
101 113 66.0
101 118 31.0
101 131 5.0
101 132 93.0
101 142 41.0
101 169 99.0
101 194 13.0
102 84 49.0
102 167 33.0
103 29 89.0
103 30 30.0
103 40 6.0
103 47 40.0
103 50 35.0
103 60 5.0
103 66 32.0
103 90 72.0
103 96 67.0
103 121 62.0
103 155 99.0
103 175 10.0
103 199 75.0
103 17 94.0
103 25 58.0
103 94 39.0
103 97 92.0
103 186 44.0
104 45 88.0
104 73 41.0
104 87 28.0
104 93 70.0
104 143 11.0
104 168 5.0
104 177 53.0
105 15 33.0
105 58 63.0
105 84 71.0
105 136 56.0
105 137 82.0
105 158 89.0
105 167 93.0
105 185 77.0
105 198 70.0
105 200 60.0
106 8 20.0
106 9 97.0
106 10 39.0
106 11 12.0
106 14 50.0
106 21 57.0
106 37 34.0
106 54 74.0
106 55 40.0
106 115 96.0
106 117 24.0
106 129 97.0
106 138 38.0
106 181 35.0
106 196 77.0
106 99 61.0
107 51 47.0
107 61 35.0
107 63 71.0
107 171 41.0
108 29 95.0
108 68 98.0
108 70 36.0
108 76 17.0
108 78 3.0
108 120 56.0
108 150 63.0
108 182 14.0
108 3 72.0
108 26 56.0
108 56 27.0
108 79 21.0
108 123 54.0
109 12 35.0
109 20 25.0
109 22 64.0
109 32 31.0
109 38 81.0
109 39 3.0
109 53 90.0
109 98 69.0
109 100 39.0
109 101 43.0
109 118 2.0
109 119 99.0
109 131 61.0
109 142 18.0
109 153 72.0
109 164 11.0
109 169 66.0
109 194 38.0
110 9 81.0
110 11 91.0
110 23 76.0
110 28 12.0
110 37 73.0
110 54 36.0
110 55 65.0
110 75 42.0
110 76 20.0
110 91 42.0
110 117 3.0
110 124 44.0
110 181 18.0
110 196 35.0
111 25 84.0
111 41 90.0
111 72 28.0
111 83 16.0
111 85 11.0
111 94 6.0
111 97 62.0
111 127 14.0
111 128 90.0
111 154 16.0
111 163 22.0
111 165 92.0
111 166 3.0
111 170 9.0
111 189 17.0
112 6 6.0
112 20 46.0
112 35 89.0
112 62 49.0
112 65 44.0
112 82 15.0
112 88 31.0
112 101 59.0
112 113 70.0
112 118 63.0
112 132 81.0
112 148 63.0
112 184 33.0
113 6 69.0
113 20 48.0
113 35 28.0
113 62 97.0
113 65 51.0
113 82 11.0
113 88 97.0
113 101 26.0
113 112 68.0
113 118 8.0
113 132 37.0
113 148 39.0
113 169 32.0
113 184 99.0
113 194 56.0
114 7 86.0
114 27 42.0
114 31 7.0
114 33 59.0
114 135 24.0
114 149 90.0
114 172 78.0
114 122 4.0
114 179 81.0
114 180 10.0
115 8 83.0
115 11 45.0
115 21 42.0
115 30 83.0
115 37 94.0
115 40 22.0
115 50 44.0
115 55 17.0
115 60 34.0
115 106 92.0
115 121 1.0
115 129 30.0
115 145 5.0
115 155 75.0
115 175 51.0
115 181 43.0
115 199 19.0
116 3 95.0
116 26 74.0
116 59 41.0
116 77 80.0
116 79 91.0
116 81 19.0
116 86 6.0
116 93 22.0
116 125 4.0
116 126 17.0
116 149 86.0
116 152 49.0
116 161 63.0
117 8 19.0
117 9 4.0
117 11 58.0
117 21 97.0
117 23 6.0
117 37 81.0
117 54 28.0
117 55 6.0
117 91 78.0
117 106 69.0
117 110 69.0
117 124 56.0
117 181 30.0
117 196 52.0
118 6 58.0
118 12 55.0
118 20 15.0
118 62 29.0
118 82 33.0
118 88 65.0
118 98 45.0
118 101 22.0
118 109 25.0
118 112 64.0
118 113 1.0
118 119 86.0
118 122 88.0
118 131 99.0
118 132 59.0
118 142 5.0
118 179 19.0
118 180 46.0
118 184 86.0
118 194 83.0
119 27 45.0
119 31 69.0
119 86 22.0
119 126 23.0
119 141 87.0
119 12 73.0
119 62 10.0
119 98 98.0
119 109 29.0
119 118 30.0
119 122 21.0
119 131 63.0
119 132 77.0
119 153 25.0
119 164 67.0
119 180 87.0
119 194 89.0
120 51 73.0
120 68 29.0
120 108 57.0
120 182 61.0
120 45 44.0
120 79 39.0
120 93 85.0
120 123 60.0
120 168 67.0
120 177 40.0
121 11 37.0
121 21 94.0
121 28 43.0
121 29 88.0
121 30 7.0
121 37 57.0
121 40 6.0
121 47 83.0
121 50 2.0
121 55 73.0
121 60 83.0
121 78 67.0
121 96 27.0
121 103 53.0
121 115 83.0
121 129 19.0
121 145 14.0
121 155 55.0
121 175 98.0
121 181 8.0
121 199 36.0
122 27 65.0
122 31 16.0
122 86 46.0
122 114 87.0
122 126 79.0
122 141 46.0
122 149 86.0
122 12 81.0
122 62 32.0
122 98 52.0
122 118 78.0
122 119 49.0
122 131 8.0
122 164 6.0
122 179 78.0
122 180 51.0
123 68 84.0
123 70 73.0
123 108 62.0
123 120 81.0
123 150 51.0
123 182 68.0
123 3 45.0
123 26 62.0
123 45 27.0
123 59 55.0
123 79 51.0
123 93 85.0
123 125 72.0
123 152 71.0
124 9 25.0
124 23 58.0
124 54 83.0
124 110 47.0
124 117 62.0
124 162 17.0
124 196 67.0
125 59 69.0
125 77 16.0
125 79 26.0
125 81 83.0
125 87 99.0
125 93 61.0
125 116 74.0
125 123 70.0
125 152 66.0
126 27 70.0
126 31 93.0
126 34 71.0
126 86 24.0
126 116 78.0
126 139 60.0
126 141 42.0
126 149 34.0
126 119 44.0
126 122 55.0
126 164 89.0
127 41 96.0
127 52 35.0
127 83 36.0
127 85 21.0
127 95 97.0
127 111 65.0
127 128 44.0
127 137 59.0
127 163 12.0
127 166 27.0
127 188 35.0
127 198 58.0
127 200 58.0
128 145 21.0
128 2 61.0
128 25 48.0
128 52 56.0
128 83 14.0
128 85 16.0
128 99 65.0
128 111 78.0
128 127 68.0
128 159 6.0
128 163 17.0
128 166 77.0
128 187 99.0
128 188 63.0
128 198 39.0
129 8 82.0
129 11 32.0
129 21 76.0
129 30 68.0
129 37 35.0
129 40 98.0
129 50 75.0
129 55 53.0
129 60 99.0
129 106 29.0
129 115 55.0
129 121 56.0
129 145 80.0
129 155 30.0
129 175 79.0
129 181 17.0
129 199 83.0
129 99 39.0
130 35 66.0
130 89 11.0
130 134 2.0
130 140 85.0
130 157 86.0
130 192 56.0
130 193 89.0
131 31 22.0
131 141 81.0
131 12 99.0
131 20 27.0
131 32 60.0
131 38 58.0
131 62 51.0
131 98 60.0
131 101 31.0
131 109 29.0
131 118 36.0
131 119 62.0
131 122 40.0
131 132 58.0
131 142 50.0
131 153 93.0
131 164 85.0
131 169 9.0
131 194 80.0
132 6 26.0
132 62 86.0
132 82 9.0
132 88 38.0
132 101 63.0
132 112 5.0
132 113 24.0
132 118 23.0
132 119 94.0
132 131 65.0
132 148 65.0
132 179 20.0
132 180 26.0
132 184 8.0
132 194 89.0
133 7 30.0
133 18 71.0
133 33 9.0
133 44 94.0
133 71 68.0
133 135 35.0
133 146 28.0
133 149 76.0
133 161 87.0
133 173 49.0
133 191 3.0
133 197 11.0
134 35 27.0
134 65 47.0
134 89 18.0
134 130 91.0
134 140 92.0
134 157 17.0
134 192 48.0
134 193 8.0
135 7 78.0
135 18 89.0
135 33 20.0
135 71 17.0
135 114 56.0
135 133 53.0
135 149 27.0
135 161 85.0
135 173 11.0
135 191 16.0
135 197 33.0
136 15 46.0
136 16 28.0
136 52 80.0
136 58 80.0
136 74 72.0
136 105 52.0
136 185 92.0
136 188 16.0
136 198 99.0
137 52 57.0
137 83 86.0
137 85 78.0
137 95 73.0
137 105 49.0
137 127 62.0
137 151 93.0
137 158 99.0
137 166 45.0
137 188 42.0
137 198 32.0
137 200 13.0
138 8 12.0
138 9 95.0
138 10 56.0
138 14 46.0
138 21 62.0
138 37 57.0
138 55 87.0
138 106 42.0
138 196 46.0
138 99 34.0
138 195 70.0
139 90 18.0
139 17 21.0
139 186 71.0
139 34 91.0
139 56 33.0
139 86 57.0
139 126 60.0
139 141 51.0
139 12 80.0
139 100 42.0
139 153 50.0
139 164 34.0
140 35 80.0
140 89 86.0
140 130 73.0
140 134 54.0
140 157 99.0
140 192 49.0
140 193 49.0
141 27 84.0
141 31 73.0
141 86 7.0
141 126 41.0
141 139 77.0
141 149 76.0
141 12 75.0
141 98 74.0
141 119 2.0
141 122 27.0
141 131 15.0
141 153 61.0
141 164 11.0
142 12 44.0
142 19 75.0
142 20 19.0
142 22 64.0
142 32 74.0
142 38 70.0
142 39 58.0
142 53 45.0
142 98 7.0
142 101 67.0
142 109 86.0
142 118 65.0
142 131 47.0
142 153 80.0
142 160 85.0
142 164 35.0
142 169 18.0
142 194 61.0
143 45 24.0
143 73 64.0
143 104 21.0
143 168 33.0
143 177 24.0
144 5 94.0
144 69 3.0
144 13 30.0
144 19 11.0
144 39 76.0
144 46 90.0
144 49 12.0
144 57 86.0
144 80 48.0
144 156 89.0
144 160 40.0
144 176 89.0
144 190 70.0
145 21 91.0
145 40 74.0
145 50 69.0
145 96 73.0
145 115 7.0
145 121 62.0
145 129 32.0
145 155 77.0
145 175 3.0
145 199 49.0
145 99 23.0
145 128 12.0
145 159 52.0
145 163 96.0
145 187 79.0
146 7 50.0
146 18 81.0
146 33 88.0
146 36 15.0
146 44 34.0
146 71 47.0
146 77 3.0
146 81 92.0
146 87 14.0
146 92 24.0
146 133 6.0
146 152 17.0
146 161 79.0
146 173 20.0
146 197 32.0
147 17 99.0
147 97 4.0
147 170 44.0
147 186 46.0
147 19 43.0
147 22 14.0
147 32 1.0
147 38 72.0
147 39 51.0
147 53 82.0
147 57 30.0
147 100 2.0
147 153 14.0
147 164 63.0
148 6 11.0
148 35 68.0
148 62 81.0
148 65 74.0
148 82 97.0
148 88 56.0
148 112 21.0
148 113 39.0
148 132 76.0
148 179 88.0
148 184 61.0
149 7 69.0
149 27 69.0
149 31 14.0
149 33 25.0
149 71 41.0
149 86 3.0
149 114 29.0
149 116 99.0
149 126 76.0
149 133 48.0
149 135 68.0
149 141 16.0
149 161 9.0
149 197 88.0
149 122 86.0
150 29 98.0
150 30 30.0
150 47 40.0
150 60 95.0
150 66 91.0
150 70 72.0
150 78 76.0
150 90 53.0
150 108 88.0
150 182 85.0
150 199 84.0
150 3 80.0
150 26 69.0
150 34 99.0
150 56 49.0
150 123 91.0
151 42 8.0
151 64 51.0
151 84 58.0
151 95 23.0
151 137 17.0
151 158 63.0
151 178 30.0
151 200 1.0
152 26 79.0
152 59 42.0
152 77 87.0
152 79 76.0
152 81 60.0
152 87 54.0
152 93 51.0
152 116 4.0
152 123 11.0
152 125 61.0
152 146 72.0
152 161 5.0
153 31 30.0
153 139 35.0
153 141 88.0
153 12 78.0
153 22 31.0
153 32 28.0
153 38 9.0
153 53 75.0
153 98 23.0
153 100 94.0
153 109 78.0
153 119 44.0
153 131 20.0
153 142 27.0
153 147 67.0
153 164 19.0
153 194 20.0
154 5 47.0
154 41 72.0
154 69 61.0
154 72 3.0
154 95 42.0
154 111 62.0
154 165 18.0
154 170 62.0
154 189 9.0
154 49 88.0
154 57 5.0
155 11 21.0
155 30 85.0
155 40 14.0
155 47 16.0
155 50 92.0
155 60 13.0
155 96 66.0
155 103 36.0
155 115 99.0
155 121 56.0
155 129 91.0
155 145 50.0
155 175 14.0
155 199 70.0
155 94 36.0
156 13 55.0
156 24 61.0
156 46 72.0
156 80 6.0
156 144 48.0
156 160 5.0
156 169 78.0
156 176 53.0
156 190 39.0
157 35 68.0
157 65 73.0
157 89 49.0
157 130 53.0
157 134 15.0
157 140 31.0
157 192 69.0
158 42 67.0
158 64 98.0
158 84 82.0
158 85 46.0
158 95 58.0
158 105 18.0
158 137 95.0
158 151 38.0
158 198 19.0
158 200 69.0
159 14 62.0
159 145 40.0
159 2 66.0
159 4 5.0
159 52 41.0
159 99 62.0
159 128 80.0
159 174 71.0
159 183 29.0
159 187 22.0
159 188 6.0
159 195 28.0
160 13 51.0
160 19 46.0
160 22 84.0
160 32 90.0
160 38 90.0
160 39 94.0
160 46 65.0
160 49 46.0
160 53 46.0
160 57 18.0
160 142 95.0
160 144 13.0
160 156 30.0
160 169 20.0
160 176 45.0
160 190 21.0
161 7 96.0
161 18 7.0
161 33 89.0
161 44 45.0
161 71 41.0
161 77 94.0
161 81 18.0
161 87 75.0
161 116 13.0
161 133 14.0
161 135 12.0
161 146 95.0
161 149 98.0
161 152 42.0
161 173 43.0
161 197 97.0
162 23 28.0
162 43 7.0
162 48 94.0
162 63 7.0
162 124 25.0
163 145 31.0
163 25 6.0
163 41 66.0
163 72 27.0
163 83 18.0
163 85 78.0
163 94 22.0
163 111 59.0
163 127 52.0
163 128 50.0
163 165 27.0
163 166 72.0
163 170 40.0
164 31 67.0
164 126 31.0
164 139 71.0
164 141 14.0
164 12 29.0
164 22 35.0
164 32 30.0
164 38 36.0
164 53 4.0
164 98 35.0
164 100 60.0
164 109 29.0
164 119 6.0
164 122 68.0
164 131 19.0
164 142 17.0
164 147 62.0
164 153 13.0
165 17 28.0
165 25 17.0
165 41 61.0
165 72 44.0
165 83 12.0
165 94 46.0
165 97 71.0
165 111 88.0
165 154 29.0
165 163 47.0
165 166 5.0
165 170 22.0
165 189 62.0
166 25 79.0
166 41 38.0
166 52 30.0
166 72 25.0
166 83 74.0
166 85 94.0
166 111 59.0
166 127 55.0
166 128 53.0
166 137 17.0
166 163 25.0
166 165 6.0
166 187 65.0
166 198 92.0
167 84 54.0
167 102 88.0
167 105 65.0
168 51 53.0
168 68 22.0
168 120 50.0
168 45 6.0
168 79 42.0
168 93 2.0
168 104 37.0
168 143 29.0
168 177 6.0
169 20 21.0
169 38 31.0
169 101 44.0
169 109 23.0
169 113 38.0
169 131 64.0
169 142 83.0
169 156 98.0
169 160 59.0
169 194 1.0
170 17 2.0
170 25 24.0
170 41 50.0
170 72 67.0
170 94 86.0
170 97 83.0
170 111 36.0
170 154 9.0
170 163 64.0
170 165 43.0
170 189 78.0
170 22 85.0
170 57 42.0
170 147 10.0
171 28 45.0
171 51 31.0
171 61 33.0
171 75 5.0
171 76 41.0
171 78 2.0
171 91 23.0
171 107 18.0
171 182 33.0
172 114 18.0
172 179 88.0
172 180 46.0
173 7 53.0
173 18 19.0
173 33 84.0
173 36 17.0
173 44 2.0
173 71 84.0
173 77 22.0
173 81 26.0
173 87 22.0
173 133 83.0
173 135 4.0
173 146 10.0
173 161 1.0
173 197 12.0
174 14 7.0
174 2 46.0
174 4 35.0
174 15 1.0
174 16 72.0
174 52 73.0
174 58 1.0
174 74 24.0
174 99 35.0
174 159 87.0
174 183 93.0
174 185 56.0
174 187 22.0
174 188 10.0
174 195 40.0
175 11 54.0
175 21 34.0
175 30 20.0
175 37 28.0
175 40 35.0
175 47 82.0
175 50 23.0
175 60 71.0
175 96 35.0
175 103 41.0
175 115 14.0
175 121 14.0
175 129 12.0
175 145 84.0
175 155 90.0
175 199 65.0
175 94 47.0
176 5 96.0
176 69 76.0
176 13 85.0
176 24 45.0
176 46 57.0
176 49 40.0
176 80 49.0
176 144 41.0
176 156 89.0
176 160 82.0
176 190 90.0
177 68 10.0
177 120 89.0
177 45 31.0
177 73 66.0
177 93 96.0
177 104 60.0
177 143 88.0
177 168 52.0
178 42 30.0
178 64 54.0
178 67 19.0
178 151 12.0
179 114 86.0
179 172 50.0
179 6 31.0
179 62 28.0
179 88 25.0
179 118 16.0
179 122 56.0
179 132 71.0
179 148 70.0
179 180 51.0
179 184 54.0
180 27 74.0
180 114 61.0
180 172 58.0
180 6 31.0
180 62 49.0
180 118 26.0
180 119 81.0
180 122 25.0
180 132 68.0
180 179 72.0
180 184 15.0
181 8 84.0
181 9 89.0
181 11 93.0
181 21 21.0
181 28 22.0
181 37 35.0
181 54 99.0
181 55 92.0
181 60 24.0
181 91 19.0
181 106 89.0
181 110 52.0
181 115 9.0
181 117 87.0
181 121 59.0
181 129 10.0
181 196 40.0
182 28 50.0
182 29 31.0
182 51 4.0
182 68 35.0
182 70 71.0
182 76 47.0
182 78 90.0
182 108 1.0
182 120 43.0
182 150 51.0
182 171 94.0
182 3 12.0
182 79 84.0
182 123 15.0
183 14 94.0
183 2 62.0
183 4 7.0
183 15 16.0
183 16 16.0
183 52 59.0
183 58 3.0
183 74 11.0
183 99 69.0
183 159 33.0
183 174 83.0
183 185 68.0
183 187 15.0
183 188 43.0
183 195 24.0
184 6 43.0
184 62 49.0
184 82 79.0
184 88 56.0
184 112 60.0
184 113 47.0
184 118 15.0
184 132 42.0
184 148 15.0
184 179 55.0
184 180 57.0
185 2 62.0
185 4 37.0
185 15 27.0
185 16 40.0
185 52 73.0
185 58 56.0
185 74 42.0
185 105 97.0
185 136 17.0
185 174 9.0
185 183 92.0
185 188 88.0
185 198 29.0
186 40 19.0
186 47 23.0
186 66 6.0
186 90 62.0
186 96 4.0
186 103 51.0
186 17 1.0
186 25 91.0
186 94 39.0
186 97 58.0
186 34 31.0
186 56 16.0
186 139 85.0
186 100 85.0
186 147 67.0
187 14 36.0
187 145 76.0
187 2 82.0
187 52 17.0
187 83 64.0
187 99 1.0
187 128 33.0
187 159 77.0
187 166 17.0
187 174 76.0
187 183 15.0
187 188 55.0
187 195 41.0
187 198 69.0
188 2 62.0
188 4 37.0
188 15 96.0
188 16 14.0
188 52 72.0
188 58 83.0
188 74 76.0
188 85 41.0
188 127 24.0
188 128 49.0
188 136 99.0
188 137 26.0
188 159 93.0
188 174 14.0
188 183 5.0
188 185 73.0
188 187 27.0
188 198 7.0
189 5 10.0
189 25 43.0
189 41 13.0
189 69 79.0
189 72 88.0
189 97 26.0
189 111 87.0
189 154 54.0
189 165 42.0
189 170 53.0
189 49 72.0
189 57 31.0
190 5 62.0
190 69 50.0
190 13 52.0
190 24 2.0
190 46 69.0
190 49 87.0
190 80 55.0
190 144 25.0
190 156 29.0
190 160 26.0
190 176 69.0
191 7 9.0
191 18 76.0
191 33 97.0
191 71 65.0
191 133 85.0
191 135 52.0
191 197 94.0
192 35 84.0
192 89 73.0
192 130 65.0
192 134 57.0
192 140 96.0
192 157 30.0
192 193 39.0
193 24 62.0
193 130 80.0
193 134 77.0
193 140 50.0
193 192 22.0
194 6 62.0
194 12 90.0
194 20 87.0
194 38 85.0
194 62 75.0
194 88 90.0
194 98 5.0
194 101 24.0
194 109 88.0
194 113 73.0
194 118 52.0
194 119 66.0
194 131 57.0
194 132 34.0
194 142 54.0
194 153 81.0
194 169 81.0
195 10 33.0
195 14 65.0
195 138 13.0
195 2 21.0
195 4 39.0
195 99 19.0
195 159 52.0
195 174 15.0
195 183 64.0
195 187 94.0
196 8 44.0
196 9 30.0
196 10 73.0
196 21 58.0
196 37 69.0
196 54 20.0
196 55 22.0
196 106 37.0
196 110 47.0
196 117 29.0
196 124 2.0
196 138 77.0
196 181 25.0
197 7 59.0
197 18 39.0
197 33 80.0
197 44 11.0
197 71 65.0
197 77 16.0
197 81 82.0
197 133 95.0
197 135 16.0
197 146 93.0
197 149 83.0
197 161 98.0
197 173 97.0
197 191 51.0
198 2 94.0
198 52 30.0
198 58 38.0
198 83 40.0
198 85 41.0
198 105 36.0
198 127 23.0
198 128 57.0
198 136 80.0
198 137 38.0
198 158 7.0
198 166 23.0
198 185 60.0
198 187 17.0
198 188 17.0
198 200 19.0
199 11 40.0
199 29 45.0
199 30 35.0
199 40 22.0
199 47 42.0
199 50 59.0
199 60 82.0
199 66 16.0
199 90 61.0
199 96 20.0
199 103 5.0
199 115 99.0
199 121 51.0
199 129 74.0
199 145 71.0
199 150 84.0
199 155 42.0
199 175 69.0
199 94 92.0
200 84 54.0
200 85 31.0
200 95 11.0
200 105 84.0
200 127 23.0
200 137 21.0
200 151 68.0
200 158 62.0
200 198 4.0
