2 887
3 894
4 229
6 584
9 913
10 609
15 506
16 242
19 985
18 257
21 749
20 12
23 902
29 782
28 765
31 156
32 373
33 170
38 938
39 664
36 36
37 774
42 189
43 4
46 487
47 108
51 639
49 478
48 644
55 827
54 778
53 183
59 48
57 824
56 523
62 793
60 452
68 136
70 241
64 999
67 667
76 534
73 392
74 886
87 498
86 250
80 230
83 78
82 578
93 545
94 654
88 460
91 282
102 451
100 883
101 520
110 84
111 373
108 260
106 245
104 186
118 307
116 734
114 818
112 570
127 242
126 935
121 397
120 341
136 567
138 406
140 183
143 717
129 840
131 337
130 952
132 28
135 797
134 102
153 983
158 810
159 161
145 979
147 133
148 870
149 635
171 905
170 295
168 181
161 844
160 402
165 447
184 561
190 332
191 587
180 710
205 168
206 886
201 285
200 448
203 38
197 332
199 918
198 227
192 157
220 808
221 988
222 317
223 304
216 89
217 346
215 186
211 367
236 230
235 755
234 439
230 117
229 626
225 394
224 646
250 549
249 548
247 124
243 6
240 907
275 617
274 918
273 245
272 615
282 208
281 600
258 21
262 107
263 930
260 987
267 817
265 886
268 429
305 982
304 67
312 898
316 676
319 76
318 539
292 175
294 540
295 802
296 310
299 626
303 908
342 68
341 664
339 521
338 402
337 607
336 919
348 429
347 318
345 729
326 734
327 850
324 278
325 277
323 218
320 602
334 190
335 738
330 781
328 941
375 281
374 363
369 532
371 973
370 136
380 465
382 895
377 926
376 638
378 949
357 69
359 955
353 710
355 794
366 322
367 411
360 321
363 862
410 86
408 459
409 64
415 641
406 714
404 669
394 578
392 87
399 281
396 981
387 890
386 384
384 569
391 132
390 913
389 414
440 782
442 926
443 403
445 918
447 361
434 414
436 176
438 863
425 906
424 722
427 138
426 880
428 311
430 833
417 830
421 366
422 975
478 312
479 785
476 899
475 567
472 108
473 528
471 66
468 368
466 521
467 44
464 783
465 908
463 9
461 680
460 772
459 275
457 25
456 16
450 957
448 782
500 597
497 720
498 469
499 975
494 700
489 182
486 490
480 891
483 350
482 357
