44.58229261402735 27.30714383568762 0.0
104.50420741922338 175.4305456129757 0.0
195.41029445632748 197.47480372994764 0.0
109.94448462805137 20.658107296324314 0.0
17.798424903270814 39.231196160807414 0.0
175.9493941948757 137.1437280294396 0.0
195.1376538432709 7.634573493637409 0.0
77.29432850660393 74.68419192790621 0.0
184.1516052114592 134.1525448642107 0.0
36.55011669422616 21.592981056724515 0.0
174.0737945476251 171.56425481665735 0.0
125.78587276127251 80.26654969367209 0.0
108.33120750177719 118.13668516990279 0.0
33.954997501894304 88.40969412734484 0.0
87.63671694779973 196.4718649191159 0.0
132.24586043225625 116.10187443138247 0.0
89.21331016201783 123.5545745036384 0.0
188.623967155414 58.144169510958356 0.0
8.943311015162614 175.91277704633904 0.0
57.98769724199857 36.634387684070745 0.0
161.55611976320765 127.43609623778333 0.0
5.805091085665226 30.47567637572266 0.0
158.53828791181897 17.280166182372824 0.0
10.794394121784867 56.53172252354128 0.0
124.27014976257149 91.41776503326189 0.0
36.15641342209941 141.399527575718 0.0
107.9633701173711 153.78028045804777 0.0
59.0621155900537 43.278506305213746 0.0
102.29429785200782 161.56590846997528 0.0
4.544045741752911 10.172452040048018 0.0
89.19810618565911 4.173861234371579 0.0
42.63565035079671 193.66883960653132 0.0
199.10918693548734 16.35659318468874 0.0
176.54778621051437 76.79753340405485 0.0
192.00350412407124 93.56488955569266 0.0
74.86699009526161 19.979015377588194 0.0
46.91890598596391 101.09354361881803 0.0
82.20552550784726 180.8299415646592 0.0
81.19975561910866 198.517986423749 0.0
80.42835224684283 21.60157869864665 0.0
111.53251725532756 137.04530222360293 0.0
166.52766090843946 182.28471438921744 0.0
115.90927639323196 129.78562223530346 0.0
163.4107953794713 67.9221233272626 0.0
58.9764616176399 143.5828598535892 0.0
186.31275852070448 75.42784457211256 0.0
2.7963423672551224 15.926509028079483 0.0
50.23977646043314 168.21999248491565 0.0
140.8692270290658 61.599045429041865 0.0
22.795769992224567 96.23191545742577 0.0
165.33455436389423 1.0962846840985918 0.0
101.93881205897375 154.37415340599273 0.0
5.5894252957864765 116.49087826623708 0.0
29.66000642915745 174.2775333713252 0.0
61.13337973429849 120.29187316594658 0.0
40.27256435941049 52.15551889726511 0.0
192.26861084086946 108.98620046846197 0.0
85.94410878447201 129.88181667379547 0.0
129.35503791584168 165.3306522868119 0.0
182.3005573334784 166.88690645455395 0.0
14.640044775909434 72.09574956330181 0.0
173.37532624051053 67.23517864253212 0.0
100.25295297102713 4.845784777615925 0.0
27.872779835638784 159.25195735855633 0.0
191.77464409109933 182.47200517032158 0.0
147.6602837262148 64.32768078990183 0.0
48.863035645436725 71.5788724642859 0.0
94.5984599522293 37.03421374710709 0.0
32.735434008487665 64.45599819692767 0.0
23.2645456241652 110.44614157172813 0.0
24.879091010266063 180.25125802605118 0.0
144.81920031296028 38.56763287248104 0.0
32.181667316158794 75.09338803431007 0.0
141.21216723858265 92.0233650056548 0.0
140.74348756750655 89.29515053909117 0.0
199.11779892877087 33.67976485321742 0.0
183.95391829727933 8.4009917809027 0.0
39.436539589326955 77.6206011421565 0.0
49.984459879238855 69.72590970722806 0.0
180.89390205118258 117.90886567849029 0.0
169.67138212697316 107.16508437630739 0.0
95.2137384745503 2.8245984356008114 0.0
197.83123275316217 194.43664561248332 0.0
86.53788365262125 125.77618220531966 0.0
29.37262327597454 120.55267304462842 0.0
59.20967591645932 105.84044191481776 0.0
76.13821834641841 111.1964852784689 0.0
25.73404288854828 38.89465855490535 0.0
171.23104104692536 195.81699191447368 0.0
50.67221873924481 114.56145822442616 0.0
164.64955319598994 112.63364946838618 0.0
126.42448880889879 114.69533492104893 0.0
27.376297272381557 42.37853197327788 0.0
33.29961262676724 35.8973918671865 0.0
90.63520716622044 166.48467461932682 0.0
148.9649213988406 11.552647963810635 0.0
112.85292512656338 56.56275834588869 0.0
41.31642856312201 48.142159050603084 0.0
188.9299357920861 19.390993370105924 0.0
104.00352771462349 36.08992615310833 0.0
94.74742517467512 145.27584644634842 0.0
75.2882493042663 47.162399859322754 0.0
94.4063154593469 137.52412364770333 0.0
18.614296071848546 88.44629668598623 0.0
128.51504526008682 36.89965306780509 0.0
37.20641262161184 47.18805618039863 0.0
48.91309862753466 97.32072298291025 0.0
45.21598046297173 131.28629287191188 0.0
168.53753992239172 117.68715114147375 0.0
124.3739917128624 86.98628103958465 0.0
54.710159829346374 89.60874758944459 0.0
157.80793024452063 58.333347317390306 0.0
9.943110416979328 81.93965598829023 0.0
151.62431610995512 142.19989038445254 0.0
56.43127114251516 50.40600416957073 0.0
130.05409624699305 88.20850301762222 0.0
68.71982847971911 134.2469719563986 0.0
121.40325073228759 194.63159293703896 0.0
183.60596743691474 181.67226692526148 0.0
139.7464089764064 59.3555202359135 0.0
157.15374639751036 132.07183048148192 0.0
11.24649618195457 59.25531196982696 0.0
135.77172072146035 75.29630883269928 0.0
194.17880876802843 51.833665084963854 0.0
161.62296821608734 106.95979167644487 0.0
198.18316816231138 19.735773533008484 0.0
42.20772412669691 103.59899134694759 0.0
20.963178695554507 11.75944262736055 0.0
179.7789427603638 52.65589853107142 0.0
189.59688484391728 173.23764667462555 0.0
178.32150931798603 189.63379586726063 0.0
118.81841688289434 104.17849037394717 0.0
124.14619816440936 118.40929904153359 0.0
180.07562750975634 35.30551896001419 0.0
170.71960101763472 120.56586811417264 0.0
112.8638796503244 170.14888158634884 0.0
49.17178305669039 195.74712386025823 0.0
3.781616714834013 5.595881073439268 0.0
172.99355313028306 17.411019843595188 0.0
8.948520059019316 113.81713919894194 0.0
108.75567731103544 136.99884819707304 0.0
101.87248568332478 145.2424351007828 0.0
144.25255971908103 24.415769479877202 0.0
191.54687430956432 95.26815165202169 0.0
101.2933942955903 93.85239426970014 0.0
174.50490526151745 166.63594945000634 0.0
12.43387058803036 131.3598079785273 0.0
59.753210127649695 54.93027506017807 0.0
9.262062862196352 114.22320154440251 0.0
36.952077750300624 186.399910933256 0.0
154.42230455580165 92.06203259531365 0.0
45.905074529167365 145.31684131983963 0.0
190.38117673578742 185.7175821596124 0.0
49.36614515695823 42.34322825977033 0.0
75.01010954791218 52.37145887651962 0.0
11.367479101988964 95.88538191197 0.0
127.37935170030225 163.97150085649562 0.0
139.71695452199143 25.17124491403928 0.0
16.72838659665292 150.92425636508187 0.0
64.00899148908394 186.79574379050882 0.0
93.39824396803715 74.14614896334581 0.0
89.43828695549799 125.7362903364007 0.0
82.58134326692668 5.948130420538766 0.0
91.9009309771217 157.34836985963906 0.0
140.06495969812357 123.86148901066474 0.0
1.3128812801163958 148.60904675203267 0.0
103.71463681075403 51.39533290041811 0.0
157.77103373276438 24.88406199150406 0.0
65.26415226442212 15.849006903488538 0.0
119.12746769354234 92.75193523355311 0.0
134.0490651180284 135.68552857134108 0.0
148.74268277278136 39.92635156595985 0.0
67.64107614375693 198.60500767024072 0.0
18.629078272631695 50.07585943794675 0.0
103.91079871105087 46.33975678410369 0.0
125.89108758170265 53.347850618283246 0.0
44.86685809977538 143.3256037978207 0.0
39.31386612337533 122.66143460710848 0.0
14.689490826581263 73.7868061780954 0.0
68.14757253813464 21.341748809555817 0.0
142.69722920138267 185.40470982046685 0.0
76.57971042957246 109.42605964423242 0.0
106.55543648119384 177.62313913130487 0.0
155.08329200822993 23.979726487632224 0.0
11.855935137669027 118.77628604941859 0.0
103.77382579344254 163.01803585125847 0.0
81.26707435030647 168.6077388555682 0.0
183.10356554010636 23.13759657490928 0.0
79.77414138396865 181.38204229290383 0.0
43.66664567042224 67.71896944019937 0.0
112.10008133282673 169.67302330389057 0.0
159.58411972526721 35.5697980293076 0.0
194.21702832922674 120.04591150870208 0.0
58.88322362336138 39.135737399482416 0.0
22.92928061609296 69.2331436552002 0.0
169.48046145325694 46.91412961060484 0.0
45.828819903623575 73.03647890683555 0.0
180.82342964894485 196.46325829847743 0.0
68.49463844502846 130.07090840091305 0.0
58.94167359595321 42.40786905027423 0.0
