96.35357538080227 107.38460945796587 0.0
57.054291053245244 186.07996739604584 0.0
61.587989716278216 124.16810365668904 0.0
136.98410959038293 101.18615575088809 0.0
69.23937509965108 96.34603853796544 0.0
7.369019805572741 45.508760031233365 0.0
57.42001682597635 115.85228241545751 0.0
148.47204204690206 196.39197688052894 0.0
64.56033846288898 39.25665365205035 0.0
159.02030559904995 23.574690930515672 0.0
43.35858583321399 101.17887191908785 0.0
41.90775048177018 124.41620534468318 0.0
74.85431062063424 57.59467330654549 0.0
52.500276287650685 194.5835992385663 0.0
187.70983910267154 8.503092760273745 0.0
44.41268423282252 161.111067926413 0.0
98.91684640557597 18.369189813409427 0.0
86.8846274072925 126.81204118802587 0.0
9.527775382041547 177.95185296241297 0.0
173.39057972948933 53.3450358077975 0.0
112.64490169419862 32.5716212627994 0.0
92.87664573940788 44.80457026821176 0.0
100.78239628652076 139.56876242966834 0.0
193.0248342843225 84.528875848668 0.0
95.84976855370064 111.64714790383812 0.0
29.203263004596792 124.88628444441001 0.0
67.38774176123347 52.99482361016308 0.0
163.26855194721236 133.12258966094475 0.0
153.32049482645616 1.5174265776862095 0.0
53.14443640382935 55.922009508981944 0.0
152.37101531282988 53.215974669769636 0.0
57.10855404194335 81.15459056082854 0.0
18.41905041055396 63.68581202697363 0.0
65.97704320113226 47.35329467548055 0.0
54.464092933760114 196.90881719108697 0.0
171.8845106591139 179.7843321354733 0.0
77.48847343768223 122.9563712751135 0.0
84.11462629836323 116.54448071853317 0.0
105.39863290174493 153.91572108634287 0.0
110.44455874075874 28.93965953023814 0.0
103.3552660574732 51.29790350827381 0.0
36.72413478263956 137.46911362823283 0.0
19.186046105273125 38.38055082196461 0.0
157.9185287580279 78.06008080186868 0.0
136.20724769760284 107.38422334132451 0.0
40.60100980806964 182.7679357695884 0.0
76.66358431078154 24.07634720458647 0.0
129.89016498877086 4.9772875582340115 0.0
0.12820852444923592 101.34197801506433 0.0
53.08379704525752 141.2097051640347 0.0
58.58781347292905 38.45609110706367 0.0
17.74946884696029 179.96409689799552 0.0
193.57047113582487 104.23723107407021 0.0
53.789569005003045 42.586103195758085 0.0
90.55665052746504 79.95788487437756 0.0
7.006492156275179 71.9831274795562 0.0
142.04676430534744 71.83203985910669 0.0
155.95139658419652 172.0719798697236 0.0
13.041306764026706 153.09580444787144 0.0
94.34780965755789 104.16641600533785 0.0
51.322527240777085 2.1423532407536694 0.0
98.1391218478926 106.08215371079093 0.0
139.80933260964287 65.86758956458065 0.0
179.21689482445265 115.5572496978317 0.0
49.38999900205281 96.32838689273191 0.0
17.144666925212924 51.656082486030705 0.0
118.02001602319463 184.0105338485731 0.0
155.69971321355897 36.14544340521131 0.0
155.50525773495573 42.448777199611 0.0
52.81318914759163 121.40158458672612 0.0
53.27340830776597 86.63674066094732 0.0
180.49668440771745 32.22735032399881 0.0
64.5695181725322 191.60976497469457 0.0
185.60121448900097 26.028907880660878 0.0
112.8942012289276 117.77903052948275 0.0
142.76236403166442 29.121791763205685 0.0
185.13593103635853 46.040643027542046 0.0
157.6431533139861 116.50638100547562 0.0
70.73171881507447 78.3787271193495 0.0
11.594046072505183 168.2732232496453 0.0
19.323081031071897 128.62672024703795 0.0
178.1072842995472 157.8688828189323 0.0
106.757290941228 153.24662395715018 0.0
186.95051926506835 5.773353691277183 0.0
22.916500079938686 153.43104965051307 0.0
163.6226209675108 66.7104111704691 0.0
24.74020799742993 17.528318636565785 0.0
29.78226569144247 109.33246486282229 0.0
133.9394297477877 66.7362043572669 0.0
114.55776010447309 94.39197925930414 0.0
101.28356993673854 117.2051764847425 0.0
197.15434280533802 160.73167326248355 0.0
7.974037740370754 178.1372848620028 0.0
77.93307137166072 187.9960834905677 0.0
29.50121857314205 168.16224601825894 0.0
58.14315805442129 120.7874367383074 0.0
48.514410343329374 51.217472858963475 0.0
197.74743318003704 111.05901132785698 0.0
70.61706493428268 168.35424362654672 0.0
116.28847416881139 63.859489818491674 0.0
170.6324973776232 73.33734330448482 0.0
3.500738532431824 156.11223454380823 0.0
176.76801693058422 67.60100282729363 0.0
14.381772332500177 138.93349077266612 0.0
86.23833004448326 74.0691858937623 0.0
137.69350554812462 131.06413401533936 0.0
98.29174612998676 89.54351596251544 0.0
147.37235451925372 164.30961947274744 0.0
149.21568376639723 11.807635556398942 0.0
173.08473441527366 151.45329401457718 0.0
138.78061363882236 150.29189960483248 0.0
159.1723315812648 12.928410570511195 0.0
48.7145436500924 198.0877752296785 0.0
20.489358897665678 20.60464045432795 0.0
71.18291490188106 68.29649945948779 0.0
49.14179939596062 195.3650059261858 0.0
88.88148060303116 179.1420239251776 0.0
77.89645649291977 29.71967146991887 0.0
178.23277087278143 109.97337215432736 0.0
64.0354405563186 97.52314507788226 0.0
43.30932702182251 44.22706722497563 0.0
121.689554937808 59.93197880034724 0.0
30.489868581063195 65.61544463989881 0.0
1.1918106967269138 180.06008811697708 0.0
22.487315218361026 180.252031464368 0.0
190.7501976677103 118.35941414880868 0.0
65.27031745235428 100.12053047735967 0.0
198.74652756823298 96.57376144705611 0.0
42.5329587236202 142.23916916815395 0.0
164.22609549505282 90.18402895008408 0.0
79.74985272023672 73.0675290683255 0.0
138.6506592081198 137.58336400490413 0.0
33.48691265060142 159.1483538549518 0.0
183.74504946548947 138.79111937311484 0.0
1.5206865588345497 72.67198561423382 0.0
38.27553676823392 57.334660346154706 0.0
75.45209474648146 44.59655491906622 0.0
120.85594384446941 35.99861674495484 0.0
149.88318314045128 158.1522976262178 0.0
56.385212351082316 190.46124734791744 0.0
100.8582601020924 132.0036041154045 0.0
140.47802846562087 154.40804942618428 0.0
51.15368953971888 155.03787243293655 0.0
189.2578842756706 15.533028381577086 0.0
151.13335734237657 103.69546459010188 0.0
61.139767041852664 103.9083148338577 0.0
121.26968229730846 197.95033226260853 0.0
182.73748180989287 172.52314147494695 0.0
126.06283095374415 33.49629461084367 0.0
62.78846322002283 44.363572578690416 0.0
178.973577955942 165.3891980065648 0.0
35.99665877575606 191.22457680708715 0.0
14.118196081859868 12.340503528498669 0.0
142.95196333181735 156.51643929802637 0.0
2.8563539707102903 1.0531795330080085 0.0
122.7924819415646 37.64778816949841 0.0
42.03607280752812 176.43609063393598 0.0
172.03363123041186 3.1377887007116856 0.0
195.54232979655208 166.2283650774937 0.0
5.996047216070766 35.43047562247388 0.0
31.928986862693787 7.510519575935803 0.0
48.52190459637116 162.4543537966942 0.0
68.29628286710646 117.7745523177615 0.0
71.17726038488492 169.29084845066743 0.0
104.2091312448081 24.670313205821802 0.0
104.89563257270846 165.88543929782077 0.0
109.33418221256792 156.2409913076912 0.0
155.0260526570538 27.555582899564236 0.0
114.60639122122889 37.40573029320271 0.0
165.00646387942402 22.11995755393117 0.0
49.11879936737458 38.64274760533999 0.0
194.39126031152034 90.7937435637771 0.0
63.56183165225298 179.27165980461848 0.0
103.71954338197298 59.56504683688777 0.0
185.92142120083088 0.42897216111392744 0.0
171.71844020148944 123.5879052605953 0.0
166.27795359479796 191.77607183773685 0.0
9.593757951776682 69.19750768838134 0.0
84.93091687091439 81.1743235539321 0.0
82.66786381745838 76.4737368091299 0.0
121.70690272405422 78.0072130569601 0.0
101.38277916241401 179.84933849589459 0.0
14.191435688432087 98.52477102690823 0.0
101.69392739426544 155.07930590022318 0.0
168.75795292640169 95.53083952948806 0.0
199.13816601134872 147.9585985620828 0.0
130.64997170049858 64.92904626215025 0.0
171.3672341739602 163.4952904815445 0.0
168.00545207126046 108.0886911989741 0.0
0.6957528590878947 193.81686344067612 0.0
79.59500770550866 91.68699171771178 0.0
91.2206265429847 78.90747356221371 0.0
197.17851904249886 165.62953814872358 0.0
64.3265991866723 166.34447547218832 0.0
120.76756242542743 74.84605707501868 0.0
31.900372001404808 64.52262490498755 0.0
198.71371628997142 32.20392987588168 0.0
48.33373977443862 68.42492134776268 0.0
144.42583119582852 107.47717820875997 0.0
50.403764291403185 177.81913011907318 0.0
67.6519735707652 31.254017961694778 0.0
8.375986570981064 24.82952622339414 0.0
190.64469472567225 12.861312579307649 0.0
32.1844405003215 81.15357641984839 0.0
18.161006512236266 27.829623592428288 0.0
3.3000193651353316 24.763708296007536 0.0
135.131329500621 43.117866949770914 0.0
135.90659052884405 111.7545050668252 0.0
116.96443861118937 17.2618353794056 0.0
110.26205378281595 21.066089161875823 0.0
54.83821375339384 37.80626301554331 0.0
66.62935228903007 118.13468130716676 0.0
121.9589611983662 39.825343205421994 0.0
199.92026858723366 18.09169641827697 0.0
36.654692539499464 187.03190516065408 0.0
153.20262117685104 119.95302180063763 0.0
14.300687828531045 190.92086358145636 0.0
72.47932699792278 30.310453991093755 0.0
42.45846289707536 193.58778847820238 0.0
55.65557165428863 98.35751098178736 0.0
62.242021234041566 146.30875048222455 0.0
5.368178477454699 43.6523084079641 0.0
93.80814411928829 78.66299487790738 0.0
178.35905243042413 73.84029848931132 0.0
105.00025337718695 71.92518439740134 0.0
13.332396725112217 161.63014924678316 0.0
89.55820024070789 125.649367572118 0.0
114.74320225040704 78.63626888525437 0.0
194.93914670372362 37.81210956297596 0.0
171.72235506534227 168.27181386463604 0.0
19.677509406212067 106.57751490576698 0.0
99.35146715324328 80.69632496783208 0.0
186.3447722671869 105.69218544969846 0.0
3.7584159941080664 189.89245831660048 0.0
188.55276228721584 185.71352769892852 0.0
93.01230213229732 166.26660586507845 0.0
109.07680961304156 109.72002827132661 0.0
182.55444948200216 187.7384608898601 0.0
111.0579976248283 144.84755361688426 0.0
176.90979021351296 138.10494528808778 0.0
15.376606443991236 199.94094153440466 0.0
48.68087318851955 63.534207217793394 0.0
194.67148835716762 24.805515878808148 0.0
181.3344544346669 136.36573897699472 0.0
38.113210406090545 67.9884516254192 0.0
94.04853365670071 9.962907008201483 0.0
170.92124319707082 127.71524051938124 0.0
124.89547338891727 139.18457291206116 0.0
48.74866654663135 24.551825105321544 0.0
12.89459631056924 188.11278091952695 0.0
89.44038033079691 174.5582273603828 0.0
89.97559518747131 49.99376195150309 0.0
153.30376745147277 148.14490009853947 0.0
170.65175885422573 63.91983169421982 0.0
137.9135919103589 62.53829165366538 0.0
10.209953054053877 128.60013705738197 0.0
114.60556004359961 174.70738311449324 0.0
191.48201102931935 185.6384054627689 0.0
1.1960111443804822 116.79839052871488 0.0
95.77008187634874 173.056250142703 0.0
39.09783926394616 47.569977961410025 0.0
15.256206155926355 34.370878026959595 0.0
122.88564254558496 181.01680905213914 0.0
72.23433743697893 109.35631532953494 0.0
116.49589238313456 97.31446083754791 0.0
24.760654002511995 29.687658624831382 0.0
82.63070737294565 141.41400960147294 0.0
58.82601317884928 95.9880929041974 0.0
50.566698833190735 71.06010253229526 0.0
93.91204958383751 22.36877297020692 0.0
152.45304843532958 128.7013595937784 0.0
161.80036069776585 100.37198260526581 0.0
69.31590742241636 80.70754735190783 0.0
57.76192806097833 56.2982702233293 0.0
145.36895672547612 92.50302786038354 0.0
108.76181030727177 154.21857872403965 0.0
52.862773470736954 189.67150350874925 0.0
155.07193203010928 31.542738037221497 0.0
119.58854765986449 92.78225427742517 0.0
99.69258445756863 144.83592832125 0.0
167.2843374955703 7.633424624255802 0.0
44.24111564689412 150.64512414270516 0.0
151.57506578458995 102.80326953249369 0.0
100.47402866566976 49.41774056930426 0.0
42.71011590238596 112.84547598972941 0.0
43.36658826441151 80.1651441463439 0.0
41.245253173382636 168.1601217911103 0.0
54.681833367144584 169.34381981628164 0.0
183.94848845245215 171.51702036947677 0.0
95.21864603553338 9.497541059474045 0.0
62.59209928312814 16.403620088108827 0.0
139.43644005416186 171.52393610830737 0.0
151.92612895786326 73.81485887586943 0.0
7.911755252448938 38.99939725643333 0.0
123.01121031103604 61.797709322180935 0.0
41.08989600727486 193.8164132170994 0.0
104.22161182227967 56.00851981537171 0.0
172.05258206784893 179.45780759351823 0.0
144.6120219414998 199.73645538621915 0.0
76.53034816764321 121.55268218198638 0.0
132.97455428851862 28.291787821743775 0.0
5.146284848968574 94.92911289666428 0.0
130.79515760178774 35.35295084136747 0.0
35.88548367050242 192.19902229866196 0.0
88.45148810618821 177.81175872488566 0.0
24.04240537003477 170.98096231624436 0.0
31.37711588147305 40.85133307845923 0.0
72.4061567604079 135.1867658761807 0.0
26.54969978109818 166.4366884674527 0.0
96.2015318809484 140.368488693599 0.0
169.54360264578736 186.09324772649413 0.0
15.311412751516261 103.94222296713103 0.0
68.52031507602574 92.7938246601594 0.0
70.5640151234511 148.17578646153868 0.0
43.91267808676116 36.96990901869815 0.0
131.3762098481919 107.14755023842675 0.0
111.19190119724065 38.10852634080535 0.0
38.801995269226055 188.4539777135481 0.0
168.98908341616755 166.09106156361287 0.0
11.043053959549987 96.26382167776846 0.0
75.975768459053 65.37591864246963 0.0
127.73598359827938 94.38711705869424 0.0
67.29088615169363 170.32212487185961 0.0
104.83883391217874 116.34758043751239 0.0
34.934276153225774 191.39628511789417 0.0
173.69721069845144 114.01717470336767 0.0
176.42973270443468 39.70068352499385 0.0
85.87804388244582 177.19206543600586 0.0
2.19338253004433 101.20550254003146 0.0
79.61707292125631 153.5593528472073 0.0
84.4260066615593 72.26364755046279 0.0
64.23369982414135 151.82442629079662 0.0
28.980682523124514 24.43173135659016 0.0
105.62485162199549 20.338979304686955 0.0
156.5400518321389 179.31631294430693 0.0
128.95720674832003 59.39011275319548 0.0
90.57015971370583 43.10964128657968 0.0
193.9349937059764 47.381231949597314 0.0
66.9007927226605 75.67454408760617 0.0
143.5283599514567 139.45575072848257 0.0
103.41496024150499 150.48338970703588 0.0
78.80516526168537 131.68496918634037 0.0
198.21295770381556 99.41136611284 0.0
170.5167832423778 174.7617253239081 0.0
60.749389825901766 30.329633808044743 0.0
182.34640703587996 68.21185895050887 0.0
122.82415855892972 55.639211317904326 0.0
151.2360811413987 169.45567721053322 0.0
124.94139839116558 176.33179863459475 0.0
146.96655435761926 111.6220948537133 0.0
28.433083829689878 128.85902274733502 0.0
116.17185163993607 139.83826238116393 0.0
164.8767936926297 21.03688348349113 0.0
105.22820407259685 147.78797691174717 0.0
1.7200760408119464 158.40755887626153 0.0
51.964930371341936 24.652338377056648 0.0
76.65647078926277 193.92600344188827 0.0
37.90250583373622 107.11653669257686 0.0
133.1812921047758 21.534032481182773 0.0
0.7310321527373542 171.94686597088742 0.0
75.88784958571372 78.13000665020236 0.0
20.999990273956183 101.71250667498862 0.0
56.44776318187079 118.63744402436555 0.0
17.49807879220564 109.54675643388845 0.0
199.8518147398594 85.32129404050275 0.0
12.559695015787952 18.41288070960385 0.0
185.37051008331167 5.195776908628957 0.0
61.54244319611697 156.15993996359893 0.0
107.82640827345983 118.31321640581523 0.0
79.97785915828099 149.72430129810274 0.0
162.15309456766025 64.91835681478616 0.0
147.40538525989854 80.15289285071493 0.0
117.84846040347428 140.89820386364173 0.0
18.657389081350082 94.69451313178634 0.0
79.81272536541044 168.65257973141013 0.0
131.3708872252808 63.025852767884885 0.0
68.19453559151249 24.45593253367171 0.0
162.75940346090354 11.749182680310444 0.0
92.25125904883664 113.57633026070395 0.0
159.18621018093296 74.61901191300011 0.0
41.86230035282019 90.86275948891249 0.0
38.83806778548649 155.52526515719293 0.0
75.2173024988138 87.20725159677517 0.0
50.806312334293935 17.080906959014165 0.0
42.333646608905994 21.23365480429125 0.0
163.1399741137139 79.73222312327582 0.0
51.44068108978763 50.76015746765612 0.0
147.943499905343 44.63026425040128 0.0
158.90082762693643 50.0279586195038 0.0
133.34932553705985 138.07232126811138 0.0
143.2205225579702 186.3838979390979 0.0
0.20348256255484642 116.14255347095926 0.0
9.83681068990434 14.050077301221764 0.0
15.560182577393867 165.25125543685414 0.0
65.7481923617335 2.808792047661357 0.0
115.5890954733075 87.59250971318262 0.0
101.69111397150972 75.87653155805192 0.0
77.25698479023069 70.11035981413723 0.0
24.446364771946637 143.93600025589419 0.0
51.1529597267667 101.38384886170542 0.0
192.9923928545194 191.24046016254664 0.0
167.08466291761334 122.91166076332797 0.0
129.6054312285588 194.90004357443271 0.0
169.5803148893095 79.5974287704588 0.0
0.6390297554997426 39.904931038898226 0.0
92.18950270753157 168.8069720588091 0.0
91.59854957268323 30.13568588162454 0.0
37.48327607900108 178.1891631024291 0.0
37.258904777836996 189.55625128746712 0.0
193.91209213507278 49.52238792653176 0.0
9.956534200367573 97.98050698491751 0.0
91.18777167092927 109.16883749364983 0.0
17.819730896043005 112.2485638297836 0.0
172.6135831776653 165.28928667409994 0.0
119.58385051417164 86.34430993891986 0.0
45.79438868793662 87.79116322251903 0.0
123.77107585896346 122.93095055737948 0.0
62.41644341741826 159.05322963783874 0.0
7.397022497214079 63.97674231844197 0.0
173.29443712285132 11.790291061765723 0.0
62.999387459661364 159.58830135588263 0.0
106.6410850851107 154.99189057984813 0.0
62.666593106170666 41.86424962945077 0.0
25.52237829036985 129.6890087354474 0.0
113.87725015783778 174.52723296272453 0.0
134.71948274384133 33.373354068894415 0.0
174.3439925014864 149.28771820450487 0.0
27.725986569221185 105.21391767399275 0.0
191.68815542989108 156.3382201723455 0.0
91.3671389146844 73.785970132206 0.0
138.65449106418666 69.07197195920132 0.0
18.535397083346773 34.84781099955499 0.0
25.70796465864531 52.065314244331454 0.0
18.79455205573166 148.77106645912204 0.0
90.23752218209127 26.55846694515711 0.0
62.11235354842897 25.550505221322652 0.0
185.22441101284198 109.11457973592813 0.0
42.73953874628453 99.88971885470568 0.0
120.11564861236582 76.83232572431471 0.0
108.26086396679872 189.6793639643308 0.0
142.77580571738068 6.432575440534349 0.0
163.10156001722805 178.25485589229703 0.0
93.77333074334307 84.73504804951378 0.0
126.28054710461703 164.1408273061799 0.0
12.89023406964185 194.48609559023984 0.0
99.95938132760982 81.5599714788068 0.0
132.62687934102553 42.19411289180817 0.0
188.34390574656672 110.80408818765788 0.0
54.60650942088967 113.57442994878315 0.0
95.75325338135727 169.63563932533918 0.0
72.16671087006728 17.40071144192308 0.0
28.17874260672406 5.208263744343489 0.0
76.05811236355949 10.005405146595248 0.0
24.412938813808992 90.56512836891952 0.0
60.05324178104567 80.36688722109201 0.0
50.837069629787976 70.59426113971475 0.0
129.40133416959577 119.66643161163337 0.0
8.212725748393602 99.39032654896003 0.0
107.4476694939244 199.3933244187845 0.0
19.331596921233675 64.29260081022204 0.0
134.36895453865768 38.52183185871585 0.0
193.13480540719567 1.439282415051557 0.0
56.858817027092925 152.97900843850002 0.0
93.92125485858085 173.49846077784287 0.0
118.73063246822211 149.56766406024977 0.0
183.5221622263232 102.30655557843819 0.0
79.78737989896716 151.70406980459714 0.0
149.82680432990503 127.46514682604892 0.0
13.941294110802694 25.77536881512632 0.0
86.80227468366155 196.5176392901625 0.0
67.44876268234977 114.61696239564296 0.0
149.15792457678864 183.14730434876674 0.0
194.25874262391375 178.55535022066312 0.0
169.0628751277089 76.90874897625012 0.0
127.8558095658637 194.657363153174 0.0
192.83294534654956 91.32505431652093 0.0
197.6117813285779 171.2719249626134 0.0
172.2609818784583 96.7531550763036 0.0
52.54259991138006 197.64589505752207 0.0
128.2725368350217 0.2403766199218227 0.0
116.50005283026536 167.34071327521823 0.0
193.8465398058733 166.6653704071507 0.0
66.21065935535401 189.37204412831858 0.0
38.64854051600257 103.77690982364118 0.0
197.20689584887606 32.43982651016659 0.0
79.58177983890988 18.314431492678086 0.0
22.578749992408788 35.31144227678846 0.0
189.46925582875852 91.21448016022538 0.0
35.606388138981536 160.36610249025892 0.0
130.33771854724995 16.977466362322737 0.0
59.71752909432069 67.50380481106086 0.0
58.28238221097997 105.58958095095355 0.0
7.845944302163788 42.067548181426396 0.0
173.6488799364936 54.96489107736351 0.0
178.15033378006103 123.12277041752961 0.0
123.2768941956742 167.69306908949068 0.0
24.18559365930011 47.38337049900421 0.0
100.80761738560724 107.94842003690512 0.0
55.00131999528652 49.26887132472988 0.0
136.56509525298787 72.73629530519459 0.0
