4 325
5 848
6 396
8 857
9 774
10 880
13 948
15 316
16 719
18 410
21 634
20 323
25 37
24 230
27 569
26 709
28 78
30 788
34 808
32 913
33 692
38 687
39 748
36 379
37 422
42 937
43 846
40 803
46 148
45 832
51 929
50 815
49 407
55 182
54 163
58 831
56 434
63 414
68 493
64 206
65 873
66 42
72 321
73 40
74 285
84 794
86 519
81 95
83 393
82 263
95 340
94 968
89 141
88 933
91 991
103 714
100 12
98 118
96 473
97 638
111 156
109 492
104 193
105 522
119 441
118 399
117 641
116 184
114 798
126 260
122 936
137 68
136 265
139 558
138 141
141 2
140 362
143 62
129 741
128 677
131 288
132 374
135 41
134 69
159 448
146 20
171 143
168 736
173 643
163 290
162 619
161 865
167 786
165 929
164 585
186 725
187 16
185 910
191 778
188 682
189 901
177 501
180 241
203 666
202 99
199 890
192 17
221 502
223 495
216 407
217 845
212 478
213 541
214 502
209 699
211 276
239 24
237 648
236 565
233 744
230 725
228 199
227 958
226 558
253 595
250 798
248 774
249 476
246 985
247 576
242 938
240 239
241 187
275 621
273 595
279 765
277 787
276 241
280 249
286 694
285 288
284 959
258 91
262 540
263 606
266 20
265 798
270 249
271 697
305 533
309 328
308 919
311 359
310 938
313 968
315 482
319 866
294 980
295 692
297 570
298 358
301 161
302 717
303 125
343 525
342 337
341 523
339 185
338 908
337 457
351 545
350 855
349 690
348 684
346 413
345 851
326 485
327 265
323 774
321 832
334 776
335 648
332 786
333 224
330 933
331 446
375 915
374 945
371 211
370 113
381 254
380 796
382 820
376 469
378 32
356 142
358 358
353 364
355 92
364 825
365 844
366 540
367 733
361 109
363 80
410 970
411 109
414 264
415 271
412 188
413 104
400 901
406 865
404 972
405 344
395 64
393 531
392 841
399 93
398 432
397 963
396 296
387 777
385 757
384 87
391 871
389 781
440 488
441 947
444 778
445 691
447 834
435 293
436 599
438 202
439 789
431 726
430 971
417 319
419 198
423 384
478 455
476 47
477 428
475 622
470 214
471 749
469 715
466 437
465 557
463 689
462 145
455 605
453 933
449 264
509 617
506 715
507 589
500 954
501 126
503 967
496 255
497 180
498 95
499 228
493 997
495 890
494 489
489 473
491 181
490 817
485 714
486 100
480 344
483 406
550 345
551 150
549 320
544 919
558 268
556 279
555 23
552 124
553 273
566 14
563 949
560 208
574 126
573 756
572 993
571 786
517 116
513 974
525 792
527 315
520 45
522 326
533 468
532 547
531 646
530 389
541 971
543 573
536 56
539 615
610 929
611 411
609 553
622 314
623 32
627 535
626 647
625 564
635 667
636 264
576 333
581 721
583 834
590 853
591 502
595 30
596 608
599 121
601 885
602 637
605 64
607 619
686 679
685 181
683 894
681 480
675 753
673 700
672 434
703 463
699 339
690 988
691 110
653 905
654 502
647 72
640 689
643 996
668 137
670 378
664 285
665 347
666 471
667 338
661 18
662 155
658 309
746 725
745 853
744 235
751 807
750 943
748 380
739 457
737 130
736 710
743 296
741 685
740 796
762 693
760 549
761 877
766 712
767 849
765 701
754 605
755 333
753 716
759 488
756 16
715 38
716 539
719 688
718 239
711 796
710 670
729 417
731 429
732 896
734 20
720 526
727 341
800 69
790 249
789 342
786 88
785 377
784 925
792 134
774 823
775 804
773 481
768 520
769 161
782 474
