3 975
4 143
5 383
10 623
12 717
13 637
14 96
17 490
18 865
22 927
27 12
29 592
28 292
30 976
34 657
35 142
32 524
39 119
36 516
37 142
43 704
46 776
44 560
51 561
50 846
54 81
53 384
59 212
63 486
61 171
60 138
68 683
69 235
70 960
71 891
64 995
66 630
78 260
79 97
73 120
85 790
80 411
83 352
92 735
95 288
94 418
89 836
100 326
101 38
98 866
99 720
110 32
106 751
118 231
117 761
116 900
115 948
114 600
113 3
126 829
123 570
121 55
137 302
136 949
138 105
128 303
130 651
132 346
153 352
154 349
155 553
156 690
157 426
158 118
144 326
146 715
148 521
149 368
150 508
171 291
170 973
175 278
174 395
162 382
161 585
166 883
164 924
186 494
187 123
184 752
185 769
179 173
176 686
177 472
183 807
181 526
205 70
204 240
202 781
199 305
192 175
221 580
222 260
216 333
217 530
219 61
214 42
208 311
209 4
210 350
236 372
235 105
234 549
230 558
228 672
225 990
224 946
254 552
253 436
250 266
251 192
248 765
246 223
247 943
242 814
243 748
274 818
272 474
277 789
283 288
282 475
281 3
285 223
284 167
259 686
257 427
263 881
260 250
261 151
266 824
270 262
306 792
310 160
313 916
312 849
315 726
316 155
289 324
290 142
292 761
295 414
296 676
297 478
298 804
300 489
343 80
341 838
340 621
339 4
338 357
337 363
350 625
349 737
347 141
346 859
344 176
326 475
327 337
324 395
322 563
320 50
321 186
334 785
332 74
331 804
329 560
373 853
372 874
369 650
371 411
370 97
380 531
383 692
377 144
379 554
378 896
357 882
359 11
355 393
365 72
366 136
367 851
363 579
410 737
414 684
415 971
402 193
403 196
407 632
405 148
394 245
393 483
392 582
399 984
396 738
387 879
386 565
385 441
384 238
391 591
390 967
389 672
441 167
442 242
443 372
432 202
436 974
425 542
427 695
417 316
416 301
419 841
421 618
422 776
478 193
476 540
477 248
472 968
473 892
470 799
468 223
464 814
465 250
461 735
460 777
458 630
457 85
454 580
453 477
452 523
450 823
499 840
493 159
492 182
495 659
488 858
485 776
484 342
487 241
481 880
