1 5 14.0
1 10 30.0
1 20 24.0
1 28 54.0
1 56 98.0
1 88 83.0
1 93 65.0
1 94 90.0
1 98 16.0
1 106 54.0
1 115 81.0
1 128 31.0
1 154 66.0
1 169 78.0
1 180 47.0
1 194 91.0
1 200 79.0
2 15 65.0
2 38 85.0
2 95 78.0
2 164 23.0
2 187 97.0
2 189 84.0
2 27 36.0
2 29 61.0
2 52 24.0
2 59 9.0
2 118 90.0
2 136 31.0
2 157 77.0
2 183 41.0
2 186 12.0
2 191 10.0
3 65 96.0
3 83 14.0
3 89 24.0
3 119 38.0
3 130 40.0
3 131 75.0
3 153 87.0
3 198 87.0
4 31 2.0
4 40 33.0
4 68 39.0
4 82 10.0
4 63 77.0
4 100 53.0
4 105 18.0
4 175 10.0
5 1 46.0
5 10 47.0
5 22 1.0
5 24 66.0
5 47 82.0
5 56 73.0
5 69 33.0
5 88 92.0
5 93 28.0
5 94 97.0
5 98 15.0
5 106 61.0
5 122 21.0
5 128 77.0
5 174 83.0
6 9 59.0
6 21 94.0
6 80 46.0
6 91 16.0
6 109 16.0
6 114 31.0
6 121 42.0
6 135 61.0
6 146 33.0
6 193 74.0
7 33 62.0
7 76 4.0
7 77 2.0
7 99 97.0
7 126 87.0
7 139 32.0
7 188 20.0
8 67 29.0
8 79 99.0
8 102 13.0
8 111 39.0
8 148 49.0
8 155 28.0
8 161 42.0
9 6 61.0
9 21 90.0
9 57 99.0
9 80 56.0
9 91 50.0
9 109 64.0
9 121 50.0
9 135 91.0
9 193 12.0
10 1 89.0
10 5 20.0
10 20 77.0
10 88 80.0
10 93 91.0
10 94 23.0
10 98 81.0
10 106 64.0
10 128 78.0
10 154 94.0
10 169 5.0
10 194 87.0
11 42 18.0
11 60 39.0
11 65 73.0
11 89 28.0
11 119 98.0
11 130 61.0
11 131 78.0
11 146 56.0
11 153 32.0
11 198 64.0
12 25 27.0
12 49 49.0
12 66 71.0
12 74 6.0
12 75 25.0
12 97 78.0
12 110 79.0
12 116 34.0
12 120 3.0
12 123 8.0
12 145 90.0
12 170 28.0
12 176 64.0
12 132 29.0
13 145 6.0
13 170 29.0
13 17 41.0
13 58 37.0
13 84 46.0
13 103 21.0
13 162 95.0
13 16 5.0
13 41 19.0
13 43 25.0
13 92 57.0
13 132 52.0
13 133 20.0
13 141 8.0
13 142 95.0
14 50 16.0
14 61 39.0
14 67 75.0
14 69 18.0
14 73 94.0
14 78 26.0
14 79 89.0
14 104 9.0
14 107 59.0
14 111 96.0
14 113 99.0
14 156 75.0
14 179 3.0
14 190 78.0
14 195 94.0
14 197 43.0
14 37 85.0
14 70 9.0
14 127 74.0
15 38 89.0
15 39 83.0
15 160 27.0
15 173 40.0
15 187 70.0
15 189 63.0
15 2 48.0
15 183 39.0
16 25 62.0
16 74 51.0
16 75 80.0
16 116 32.0
16 170 11.0
16 13 94.0
16 41 70.0
16 43 86.0
16 92 54.0
16 121 40.0
16 132 99.0
16 133 70.0
16 165 54.0
16 171 32.0
17 55 78.0
17 58 84.0
17 84 64.0
17 87 22.0
17 101 63.0
17 103 47.0
17 117 29.0
17 162 9.0
17 182 27.0
17 199 39.0
17 13 99.0
17 41 73.0
17 43 99.0
17 141 35.0
17 142 49.0
18 34 65.0
18 44 9.0
18 46 29.0
18 62 50.0
18 76 84.0
18 124 56.0
18 129 16.0
18 134 71.0
18 196 64.0
19 54 66.0
19 64 36.0
19 71 58.0
19 150 1.0
19 159 60.0
19 166 95.0
20 1 59.0
20 10 92.0
20 28 25.0
20 36 72.0
20 40 50.0
20 56 35.0
20 94 64.0
20 98 3.0
20 102 42.0
20 106 18.0
20 115 35.0
20 148 72.0
20 154 47.0
20 155 93.0
20 169 5.0
20 180 71.0
20 194 93.0
20 200 38.0
21 6 80.0
21 9 96.0
21 80 8.0
21 81 9.0
21 91 13.0
21 109 41.0
21 114 90.0
21 121 34.0
21 125 82.0
21 135 83.0
21 165 40.0
21 171 65.0
22 5 42.0
22 24 51.0
22 30 10.0
22 47 40.0
22 88 3.0
22 93 14.0
22 94 92.0
22 122 63.0
22 128 18.0
22 138 88.0
22 174 89.0
23 51 56.0
23 72 41.0
23 77 2.0
23 96 28.0
23 134 63.0
23 139 14.0
23 143 15.0
23 158 49.0
23 168 94.0
23 172 56.0
23 184 26.0
23 188 16.0
23 192 90.0
24 5 16.0
24 22 15.0
24 56 45.0
24 61 23.0
24 69 81.0
24 73 42.0
24 88 13.0
24 93 13.0
24 106 24.0
24 113 99.0
24 122 24.0
24 174 50.0
24 179 99.0
24 195 62.0
25 12 14.0
25 74 3.0
25 75 9.0
25 110 78.0
25 116 73.0
25 123 65.0
25 145 94.0
25 170 89.0
25 16 87.0
25 92 59.0
25 132 15.0
25 133 87.0
26 45 3.0
26 64 23.0
26 85 9.0
26 108 29.0
26 147 37.0
26 152 44.0
26 159 81.0
26 177 24.0
26 178 97.0
27 95 47.0
27 101 59.0
27 103 33.0
27 164 46.0
27 2 60.0
27 29 30.0
27 41 37.0
27 43 33.0
27 52 75.0
27 59 96.0
27 136 35.0
27 141 99.0
27 142 77.0
27 157 26.0
27 183 66.0
27 186 26.0
27 191 90.0
28 1 25.0
28 20 90.0
28 36 87.0
28 56 80.0
28 79 22.0
28 94 32.0
28 98 77.0
28 102 98.0
28 106 83.0
28 115 28.0
28 148 38.0
28 154 97.0
28 155 41.0
28 169 13.0
28 180 39.0
28 190 41.0
28 194 89.0
28 200 74.0
29 38 40.0
29 95 34.0
29 101 51.0
29 103 78.0
29 164 81.0
29 187 70.0
29 189 79.0
29 2 8.0
29 27 32.0
29 41 19.0
29 52 42.0
29 59 52.0
29 136 64.0
29 141 17.0
29 142 93.0
29 157 57.0
29 183 88.0
29 186 31.0
29 191 18.0
30 22 15.0
30 47 46.0
30 128 17.0
30 138 11.0
31 36 51.0
31 40 31.0
31 82 85.0
31 163 38.0
31 169 91.0
31 180 59.0
31 4 1.0
31 63 97.0
32 48 79.0
32 54 21.0
32 71 68.0
32 137 98.0
32 150 72.0
32 160 51.0
32 173 41.0
33 7 59.0
33 76 19.0
33 77 42.0
33 99 65.0
33 126 24.0
33 134 60.0
33 139 76.0
33 188 18.0
34 18 87.0
34 35 51.0
34 44 64.0
34 46 28.0
34 62 11.0
34 112 47.0
34 129 67.0
34 144 61.0
34 151 47.0
35 34 62.0
35 46 35.0
35 144 59.0
35 57 44.0
35 80 59.0
35 81 44.0
35 193 51.0
36 20 56.0
36 28 95.0
36 31 64.0
36 40 21.0
36 68 78.0
36 82 30.0
36 102 21.0
36 163 17.0
36 169 31.0
36 180 17.0
36 194 90.0
36 200 92.0
36 63 61.0
37 14 81.0
37 50 26.0
37 67 43.0
37 73 21.0
37 78 92.0
37 107 34.0
37 111 34.0
37 197 29.0
37 55 33.0
37 70 53.0
37 85 82.0
37 86 45.0
37 90 7.0
37 127 77.0
37 178 30.0
38 15 5.0
38 39 64.0
38 95 94.0
38 160 39.0
38 164 8.0
38 173 59.0
38 187 48.0
38 189 25.0
38 2 90.0
38 29 89.0
38 183 32.0
38 186 51.0
39 15 51.0
39 38 18.0
39 160 72.0
39 173 65.0
39 187 22.0
39 189 37.0
40 20 86.0
40 31 17.0
40 36 74.0
40 68 29.0
40 82 24.0
40 102 18.0
40 163 26.0
40 169 42.0
40 180 54.0
40 194 19.0
40 200 39.0
40 4 93.0
40 63 5.0
40 100 34.0
41 17 8.0
41 58 78.0
41 84 72.0
41 101 51.0
41 103 10.0
41 162 75.0
41 164 23.0
41 13 55.0
41 16 55.0
41 27 1.0
41 29 99.0
41 43 47.0
41 52 36.0
41 92 96.0
41 133 47.0
41 141 11.0
41 142 37.0
41 171 74.0
41 186 2.0
42 11 72.0
42 60 54.0
42 65 28.0
42 89 56.0
42 119 38.0
42 130 24.0
42 131 5.0
42 146 78.0
42 153 26.0
42 181 62.0
42 198 92.0
43 17 27.0
43 58 20.0
43 84 75.0
43 101 1.0
43 103 71.0
43 162 57.0
43 13 10.0
43 16 31.0
43 27 10.0
43 41 30.0
43 52 60.0
43 92 35.0
43 132 34.0
43 133 6.0
43 141 96.0
43 142 99.0
43 165 92.0
43 171 28.0
44 18 2.0
44 34 80.0
44 46 64.0
44 49 10.0
44 62 72.0
44 66 1.0
44 112 59.0
44 120 49.0
44 123 73.0
44 129 40.0
44 151 28.0
44 196 42.0
45 26 89.0
45 48 61.0
45 55 85.0
45 108 65.0
45 117 88.0
45 152 89.0
45 177 12.0
45 178 79.0
45 199 41.0
46 18 20.0
46 34 25.0
46 35 26.0
46 44 41.0
46 62 18.0
46 124 93.0
46 129 99.0
46 144 87.0
47 5 82.0
47 22 84.0
47 30 11.0
47 128 13.0
47 138 25.0
48 32 27.0
48 45 70.0
48 54 62.0
48 64 39.0
48 71 1.0
48 137 40.0
48 150 42.0
48 152 99.0
48 160 63.0
48 177 74.0
49 12 2.0
49 44 92.0
49 66 44.0
49 72 18.0
49 75 22.0
49 97 17.0
49 105 61.0
49 112 82.0
49 116 44.0
49 120 6.0
49 123 29.0
49 172 29.0
49 176 75.0
50 14 95.0
50 61 62.0
50 73 72.0
50 78 87.0
50 104 72.0
50 107 5.0
50 113 1.0
50 156 20.0
50 179 23.0
50 195 33.0
50 37 47.0
50 53 8.0
50 70 96.0
50 85 51.0
50 127 85.0
50 140 26.0
50 149 43.0
50 185 90.0
51 23 10.0
51 77 74.0
51 96 97.0
51 99 7.0
51 139 58.0
51 168 21.0
51 184 44.0
51 188 79.0
52 58 95.0
52 95 13.0
52 101 98.0
52 103 99.0
52 164 5.0
52 187 13.0
52 2 14.0
52 27 52.0
52 29 65.0
52 41 1.0
52 43 60.0
52 59 66.0
52 136 64.0
52 141 12.0
52 142 33.0
52 157 76.0
52 183 15.0
52 186 8.0
52 191 72.0
53 50 70.0
53 156 39.0
53 70 88.0
53 85 30.0
53 140 81.0
53 147 54.0
53 149 97.0
53 185 1.0
54 19 60.0
54 32 89.0
54 48 91.0
54 64 27.0
54 71 89.0
54 137 50.0
54 150 68.0
54 159 68.0
55 107 31.0
55 17 93.0
55 37 21.0
55 45 32.0
55 58 24.0
55 84 61.0
55 86 86.0
55 87 12.0
55 90 70.0
55 108 96.0
55 117 18.0
55 127 67.0
55 152 84.0
55 162 83.0
55 177 55.0
55 178 36.0
55 182 16.0
55 199 33.0
56 1 22.0
56 5 52.0
56 20 5.0
56 24 90.0
56 28 15.0
56 67 66.0
56 69 40.0
56 73 57.0
56 78 21.0
56 79 47.0
56 88 72.0
56 93 55.0
56 94 55.0
56 98 72.0
56 106 54.0
56 115 30.0
56 122 63.0
56 148 55.0
56 154 49.0
56 174 67.0
56 190 11.0
56 194 5.0
56 195 86.0
56 197 50.0
56 200 40.0
57 35 39.0
57 144 22.0
57 9 79.0
57 80 50.0
57 81 71.0
57 91 81.0
57 109 17.0
57 135 37.0
57 193 71.0
58 17 97.0
58 55 69.0
58 84 84.0
58 87 51.0
58 101 26.0
58 103 81.0
58 117 18.0
58 162 61.0
58 164 89.0
58 182 84.0
58 199 63.0
58 13 13.0
58 41 90.0
58 43 92.0
58 52 1.0
58 141 98.0
58 142 75.0
59 2 5.0
59 27 28.0
59 29 92.0
59 52 57.0
59 136 81.0
59 157 14.0
59 181 21.0
59 183 30.0
59 186 53.0
59 191 35.0
60 11 46.0
60 42 59.0
60 65 18.0
60 119 72.0
60 130 1.0
60 131 49.0
60 146 18.0
60 153 79.0
60 198 80.0
61 14 55.0
61 24 27.0
61 50 86.0
61 69 86.0
61 73 24.0
61 78 94.0
61 104 76.0
61 113 22.0
61 122 21.0
61 156 74.0
61 174 10.0
61 179 70.0
61 190 37.0
61 195 42.0
62 18 80.0
62 34 96.0
62 44 26.0
62 46 36.0
62 66 85.0
62 112 47.0
62 124 79.0
62 129 6.0
62 196 51.0
63 31 9.0
63 36 20.0
63 40 18.0
63 82 34.0
63 163 95.0
63 4 17.0
64 19 78.0
64 26 94.0
64 48 46.0
64 54 67.0
64 71 93.0
64 150 17.0
64 152 99.0
64 159 55.0
64 166 72.0
64 177 39.0
65 3 65.0
65 11 88.0
65 42 77.0
65 60 42.0
65 83 80.0
65 89 77.0
65 119 36.0
65 130 26.0
65 131 14.0
65 146 94.0
65 153 46.0
65 198 18.0
66 12 20.0
66 44 57.0
66 49 51.0
66 62 23.0
66 72 2.0
66 74 31.0
66 75 67.0
66 112 60.0
66 116 79.0
66 120 69.0
66 123 71.0
66 151 91.0
66 172 37.0
66 176 70.0
66 196 27.0
67 8 5.0
67 14 65.0
67 56 53.0
67 69 99.0
67 73 60.0
67 78 77.0
67 79 18.0
67 98 35.0
67 106 92.0
67 107 79.0
67 111 2.0
67 115 13.0
67 148 96.0
67 154 58.0
67 190 2.0
67 195 57.0
67 197 26.0
67 37 58.0
68 36 70.0
68 40 87.0
68 102 72.0
68 155 12.0
68 4 87.0
68 97 20.0
68 100 4.0
68 167 94.0
68 175 42.0
69 5 77.0
69 14 64.0
69 24 85.0
69 56 35.0
69 61 64.0
69 67 93.0
69 73 96.0
69 78 97.0
69 79 46.0
69 88 30.0
69 93 17.0
69 94 65.0
69 98 57.0
69 104 1.0
69 106 16.0
69 113 53.0
69 115 64.0
69 122 70.0
69 148 27.0
69 154 27.0
69 174 85.0
69 179 26.0
69 190 58.0
69 195 81.0
69 197 11.0
70 14 48.0
70 50 40.0
70 104 77.0
70 107 85.0
70 156 48.0
70 37 68.0
70 53 35.0
70 85 53.0
70 90 28.0
70 127 45.0
70 140 10.0
70 147 92.0
70 149 49.0
70 178 25.0
70 185 23.0
71 19 90.0
71 32 71.0
71 48 46.0
71 54 94.0
71 64 3.0
71 137 78.0
71 150 22.0
72 23 14.0
72 49 71.0
72 66 79.0
72 96 80.0
72 105 24.0
72 112 90.0
72 120 27.0
72 143 92.0
72 158 66.0
72 168 41.0
72 172 86.0
72 176 91.0
72 184 63.0
72 192 20.0
72 196 45.0
73 14 15.0
73 24 22.0
73 50 69.0
73 56 38.0
73 61 91.0
73 67 62.0
73 69 44.0
73 78 46.0
73 79 13.0
73 98 91.0
73 104 60.0
73 106 8.0
73 107 45.0
73 111 71.0
73 113 74.0
73 122 59.0
73 156 25.0
73 174 33.0
73 179 57.0
73 190 36.0
73 195 65.0
73 197 68.0
73 37 79.0
74 12 27.0
74 25 18.0
74 66 96.0
74 75 80.0
74 110 97.0
74 116 1.0
74 123 95.0
74 151 31.0
74 170 76.0
74 16 58.0
74 92 89.0
74 125 66.0
74 132 27.0
75 12 49.0
75 25 50.0
75 49 9.0
75 66 91.0
75 74 75.0
75 110 87.0
75 116 99.0
75 120 61.0
75 123 38.0
75 151 89.0
75 170 43.0
75 16 69.0
75 92 82.0
75 125 79.0
75 132 56.0
76 7 85.0
76 18 47.0
76 33 46.0
76 77 35.0
76 99 52.0
76 124 24.0
76 126 49.0
76 129 92.0
76 134 72.0
76 188 71.0
77 7 50.0
77 23 11.0
77 33 42.0
77 51 78.0
77 76 7.0
77 99 49.0
77 126 70.0
77 134 40.0
77 139 11.0
77 188 75.0
78 14 65.0
78 50 41.0
78 56 35.0
78 61 66.0
78 67 76.0
78 69 50.0
78 73 21.0
78 79 88.0
78 98 34.0
78 104 41.0
78 107 16.0
78 111 18.0
78 113 83.0
78 179 74.0
78 190 52.0
78 195 68.0
78 197 6.0
78 37 94.0
78 127 34.0
79 8 6.0
79 14 20.0
79 28 48.0
79 56 84.0
79 67 96.0
79 69 70.0
79 73 85.0
79 78 6.0
79 98 92.0
79 106 83.0
79 107 62.0
79 111 80.0
79 115 95.0
79 148 94.0
79 154 24.0
79 190 49.0
79 195 46.0
79 197 64.0
79 200 95.0
80 35 83.0
80 144 76.0
80 6 97.0
80 9 22.0
80 21 99.0
80 57 27.0
80 81 5.0
80 91 67.0
80 109 22.0
80 121 92.0
80 125 58.0
80 135 2.0
80 193 59.0
81 35 48.0
81 144 23.0
81 151 12.0
81 21 30.0
81 57 54.0
81 80 61.0
81 91 17.0
81 109 3.0
81 121 80.0
81 125 29.0
81 135 88.0
81 193 34.0
82 31 72.0
82 36 41.0
82 40 33.0
82 163 98.0
82 4 96.0
82 63 78.0
83 3 77.0
83 65 47.0
83 89 49.0
83 119 77.0
83 130 33.0
83 131 15.0
83 153 58.0
83 198 62.0
84 17 33.0
84 55 86.0
84 58 31.0
84 87 45.0
84 101 25.0
84 103 9.0
84 117 99.0
84 162 28.0
84 182 98.0
84 199 98.0
84 13 85.0
84 41 42.0
84 43 58.0
84 141 35.0
84 142 69.0
85 50 62.0
85 26 92.0
85 37 52.0
85 53 78.0
85 70 25.0
85 90 99.0
85 108 10.0
85 127 17.0
85 140 8.0
85 147 24.0
85 149 50.0
85 152 52.0
85 177 35.0
85 178 3.0
85 185 18.0
86 107 46.0
86 111 70.0
86 37 1.0
86 55 53.0
86 87 41.0
86 90 5.0
86 108 84.0
86 117 52.0
86 127 76.0
86 178 48.0
86 182 43.0
86 199 20.0
87 17 64.0
87 55 59.0
87 58 95.0
87 84 23.0
87 86 72.0
87 90 96.0
87 117 2.0
87 162 19.0
87 182 93.0
87 199 63.0
88 1 31.0
88 5 79.0
88 10 38.0
88 22 1.0
88 24 45.0
88 56 54.0
88 69 76.0
88 93 79.0
88 94 41.0
88 98 17.0
88 106 84.0
88 122 14.0
88 128 88.0
88 154 7.0
88 174 66.0
89 3 30.0
89 11 18.0
89 42 76.0
89 65 31.0
89 83 3.0
89 119 51.0
89 130 2.0
89 131 92.0
89 146 91.0
89 153 82.0
89 198 64.0
90 107 73.0
90 111 93.0
90 37 69.0
90 55 31.0
90 70 71.0
90 85 47.0
90 86 88.0
90 87 26.0
90 108 43.0
90 117 11.0
90 127 15.0
90 177 11.0
90 178 32.0
90 182 91.0
90 199 22.0
91 151 74.0
91 6 55.0
91 9 58.0
91 21 88.0
91 57 46.0
91 80 16.0
91 81 53.0
91 109 64.0
91 121 48.0
91 125 86.0
91 135 74.0
91 165 91.0
92 25 19.0
92 74 85.0
92 75 82.0
92 110 43.0
92 116 42.0
92 170 59.0
92 13 77.0
92 16 80.0
92 41 48.0
92 43 27.0
92 132 27.0
92 133 93.0
92 141 56.0
92 165 11.0
92 171 72.0
93 1 76.0
93 5 68.0
93 10 40.0
93 22 73.0
93 24 97.0
93 56 32.0
93 69 71.0
93 88 74.0
93 94 82.0
93 98 30.0
93 106 65.0
93 122 50.0
93 154 82.0
93 174 88.0
93 195 93.0
94 1 94.0
94 5 17.0
94 10 20.0
94 20 80.0
94 22 12.0
94 28 90.0
94 56 68.0
94 69 90.0
94 88 79.0
94 93 74.0
94 98 52.0
94 106 53.0
94 115 36.0
94 128 54.0
94 154 60.0
94 174 80.0
94 194 90.0
94 200 78.0
95 38 87.0
95 101 61.0
95 103 23.0
95 164 31.0
95 187 62.0
95 189 55.0
95 2 92.0
95 27 79.0
95 29 65.0
95 52 86.0
95 136 72.0
95 142 94.0
95 183 88.0
95 186 5.0
95 191 52.0
96 23 7.0
96 51 67.0
96 72 68.0
96 139 73.0
96 143 79.0
96 158 47.0
96 168 77.0
96 172 97.0
96 184 93.0
96 192 48.0
97 68 62.0
97 161 33.0
97 12 23.0
97 49 37.0
97 100 48.0
97 105 71.0
97 120 26.0
97 123 95.0
97 167 34.0
97 175 36.0
97 176 59.0
98 1 47.0
98 5 38.0
98 10 79.0
98 20 77.0
98 28 6.0
98 56 95.0
98 67 4.0
98 69 51.0
98 73 39.0
98 78 88.0
98 79 29.0
98 88 40.0
98 93 94.0
98 94 55.0
98 106 93.0
98 115 73.0
98 148 62.0
98 154 99.0
98 174 94.0
98 190 67.0
98 194 73.0
98 195 47.0
98 197 72.0
98 200 71.0
99 7 35.0
99 33 84.0
99 51 62.0
99 76 70.0
99 77 55.0
99 126 53.0
99 134 30.0
99 139 74.0
99 188 77.0
100 40 81.0
100 68 45.0
100 4 56.0
100 97 84.0
100 105 36.0
100 167 40.0
100 175 23.0
100 176 87.0
101 17 52.0
101 58 58.0
101 84 89.0
101 95 96.0
101 103 45.0
101 117 68.0
101 162 45.0
101 164 92.0
101 187 42.0
101 27 8.0
101 29 2.0
101 41 45.0
101 43 73.0
101 52 93.0
101 141 96.0
101 142 22.0
101 186 75.0
101 191 28.0
102 8 7.0
102 20 68.0
102 28 59.0
102 36 94.0
102 40 36.0
102 68 80.0
102 115 30.0
102 148 66.0
102 154 86.0
102 155 70.0
102 180 75.0
102 194 97.0
102 200 16.0
102 167 24.0
102 175 4.0
103 17 9.0
103 58 37.0
103 84 36.0
103 95 49.0
103 101 25.0
103 117 2.0
103 162 53.0
103 164 51.0
103 199 92.0
103 13 16.0
103 27 27.0
103 29 95.0
103 41 48.0
103 43 50.0
103 52 83.0
103 141 91.0
103 142 45.0
103 186 18.0
104 14 96.0
104 50 65.0
104 61 64.0
104 69 8.0
104 73 71.0
104 78 84.0
104 113 42.0
104 156 69.0
104 179 42.0
104 195 38.0
104 70 46.0
104 127 15.0
104 140 85.0
104 149 25.0
105 4 95.0
105 49 23.0
105 72 83.0
105 97 17.0
105 100 8.0
105 120 28.0
105 143 55.0
105 158 29.0
105 167 88.0
105 172 85.0
105 175 17.0
105 176 93.0
105 184 35.0
106 1 91.0
106 5 44.0
106 10 82.0
106 20 25.0
106 24 20.0
106 28 7.0
106 56 97.0
106 67 25.0
106 69 15.0
106 73 32.0
106 79 98.0
106 88 74.0
106 93 1.0
106 94 99.0
106 98 53.0
106 115 57.0
106 122 48.0
106 148 92.0
106 154 87.0
106 174 15.0
106 190 14.0
106 194 75.0
106 195 97.0
106 197 95.0
106 200 62.0
107 14 97.0
107 50 40.0
107 67 8.0
107 73 23.0
107 78 71.0
107 79 42.0
107 111 73.0
107 197 67.0
107 37 8.0
107 55 94.0
107 70 62.0
107 86 51.0
107 90 52.0
107 127 74.0
107 178 31.0
108 26 32.0
108 45 8.0
108 55 7.0
108 85 66.0
108 86 59.0
108 90 90.0
108 117 35.0
108 127 96.0
108 152 80.0
108 177 2.0
108 178 71.0
108 199 1.0
109 151 97.0
109 6 2.0
109 9 22.0
109 21 35.0
109 57 90.0
109 80 81.0
109 81 50.0
109 91 53.0
109 114 75.0
109 121 44.0
109 125 95.0
109 135 97.0
109 165 15.0
109 193 33.0
110 12 10.0
110 25 4.0
110 74 79.0
110 75 64.0
110 116 93.0
110 123 60.0
110 145 92.0
110 170 40.0
110 92 72.0
110 132 55.0
111 8 19.0
111 14 64.0
111 67 85.0
111 73 22.0
111 78 31.0
111 79 95.0
111 107 31.0
111 190 13.0
111 197 3.0
111 37 18.0
111 86 14.0
111 90 3.0
111 127 76.0
111 182 49.0
112 34 89.0
112 44 57.0
112 49 55.0
112 62 51.0
112 66 7.0
112 72 73.0
112 120 92.0
112 123 27.0
112 129 22.0
112 172 48.0
112 192 29.0
112 196 78.0
113 14 59.0
113 24 88.0
113 50 22.0
113 61 12.0
113 69 61.0
113 73 60.0
113 78 87.0
113 104 54.0
113 122 18.0
113 156 18.0
113 179 11.0
113 195 86.0
114 6 68.0
114 21 44.0
114 109 41.0
114 121 77.0
114 135 20.0
114 165 98.0
114 171 1.0
115 1 48.0
115 20 34.0
115 28 49.0
115 56 82.0
115 67 67.0
115 69 67.0
115 79 44.0
115 94 31.0
115 98 63.0
115 102 20.0
115 106 65.0
115 148 45.0
115 154 83.0
115 155 28.0
115 190 88.0
115 194 1.0
115 197 31.0
115 200 42.0
116 12 66.0
116 25 71.0
116 49 79.0
116 66 14.0
116 74 52.0
116 75 90.0
116 110 48.0
116 123 43.0
116 145 54.0
116 151 82.0
116 170 97.0
116 16 71.0
116 92 50.0
116 132 39.0
117 17 18.0
117 45 25.0
117 55 44.0
117 58 70.0
117 84 41.0
117 86 67.0
117 87 96.0
117 90 16.0
117 101 33.0
117 103 16.0
117 108 47.0
117 152 69.0
117 162 94.0
117 177 76.0
117 182 57.0
117 199 48.0
118 2 26.0
118 136 10.0
118 181 26.0
118 183 64.0
118 191 79.0
119 3 99.0
119 11 56.0
119 42 94.0
119 60 77.0
119 65 3.0
119 83 32.0
119 89 44.0
119 130 41.0
119 131 67.0
119 146 58.0
119 153 57.0
119 198 8.0
120 12 99.0
120 44 61.0
120 49 19.0
120 66 37.0
120 72 92.0
120 75 58.0
120 97 88.0
120 105 8.0
120 112 79.0
120 123 75.0
120 172 49.0
120 176 52.0
121 6 1.0
121 9 61.0
121 16 35.0
121 21 75.0
121 80 35.0
121 81 84.0
121 91 56.0
121 109 61.0
121 114 47.0
121 125 32.0
121 135 16.0
121 165 74.0
121 171 33.0
122 5 79.0
122 22 13.0
122 24 30.0
122 56 80.0
122 61 53.0
122 69 37.0
122 73 16.0
122 88 56.0
122 93 62.0
122 106 46.0
122 113 4.0
122 174 33.0
122 179 15.0
122 195 78.0
123 12 42.0
123 25 11.0
123 44 21.0
123 49 72.0
123 66 42.0
123 74 37.0
123 75 18.0
123 97 14.0
123 110 60.0
123 112 39.0
123 116 35.0
123 120 76.0
123 151 86.0
123 170 1.0
123 176 83.0
124 18 57.0
124 46 50.0
124 62 47.0
124 76 16.0
124 129 91.0
124 134 80.0
124 196 95.0
125 74 86.0
125 75 21.0
125 151 49.0
125 21 39.0
125 80 17.0
125 81 34.0
125 91 67.0
125 109 28.0
125 121 51.0
125 135 52.0
125 165 89.0
126 7 35.0
126 33 65.0
126 76 22.0
126 77 51.0
126 99 7.0
126 134 90.0
126 139 84.0
126 188 40.0
127 14 93.0
127 50 98.0
127 78 56.0
127 104 74.0
127 107 34.0
127 111 73.0
127 37 95.0
127 55 62.0
127 70 82.0
127 85 22.0
127 86 62.0
127 90 63.0
127 108 65.0
127 178 42.0
128 1 83.0
128 5 17.0
128 10 51.0
128 22 97.0
128 30 8.0
128 47 46.0
128 88 27.0
128 94 27.0
128 138 98.0
129 18 50.0
129 34 13.0
129 44 47.0
129 46 56.0
129 62 33.0
129 76 88.0
129 112 18.0
129 124 75.0
129 134 50.0
129 188 44.0
129 192 24.0
129 196 17.0
130 3 29.0
130 11 21.0
130 42 2.0
130 60 79.0
130 65 70.0
130 83 39.0
130 89 88.0
130 119 88.0
130 131 91.0
130 146 92.0
130 153 73.0
130 198 37.0
131 3 44.0
131 11 91.0
131 42 89.0
131 60 37.0
131 65 92.0
131 83 81.0
131 89 62.0
131 119 27.0
131 130 40.0
131 146 92.0
131 153 36.0
131 198 22.0
132 12 13.0
132 25 15.0
132 74 58.0
132 75 57.0
132 110 38.0
132 116 57.0
132 145 21.0
132 170 79.0
132 13 94.0
132 16 45.0
132 43 17.0
132 92 39.0
132 133 21.0
132 165 28.0
133 25 10.0
133 170 31.0
133 13 33.0
133 16 42.0
133 41 65.0
133 43 44.0
133 92 8.0
133 132 17.0
133 141 34.0
133 165 58.0
133 171 64.0
134 18 61.0
134 23 63.0
134 33 99.0
134 76 85.0
134 77 72.0
134 99 27.0
134 124 79.0
134 126 6.0
134 129 90.0
134 139 72.0
134 168 75.0
134 184 6.0
134 188 98.0
134 192 5.0
134 196 9.0
135 6 38.0
135 9 20.0
135 21 42.0
135 57 33.0
135 80 52.0
135 81 58.0
135 91 89.0
135 109 90.0
135 114 39.0
135 121 74.0
135 125 25.0
135 193 71.0
136 95 5.0
136 164 27.0
136 2 96.0
136 27 28.0
136 29 13.0
136 52 90.0
136 59 62.0
136 118 87.0
136 142 45.0
136 157 96.0
136 183 63.0
136 186 64.0
136 191 69.0
137 32 43.0
137 48 15.0
137 54 11.0
137 71 88.0
137 150 33.0
137 160 85.0
137 173 75.0
138 22 51.0
138 30 48.0
138 47 36.0
138 128 10.0
139 7 29.0
139 23 38.0
139 33 73.0
139 51 83.0
139 77 15.0
139 96 1.0
139 99 91.0
139 126 62.0
139 134 38.0
139 143 78.0
139 168 52.0
139 184 1.0
139 188 4.0
139 192 17.0
139 196 87.0
140 50 42.0
140 104 57.0
140 156 70.0
140 53 84.0
140 70 68.0
140 85 75.0
140 147 90.0
140 149 68.0
140 185 67.0
141 17 63.0
141 58 42.0
141 84 62.0
141 101 40.0
141 103 82.0
141 162 94.0
141 164 71.0
141 13 4.0
141 27 3.0
141 29 6.0
141 41 11.0
141 43 29.0
141 52 1.0
141 92 70.0
141 133 73.0
141 142 32.0
141 171 34.0
141 186 19.0
142 17 8.0
142 58 26.0
142 84 55.0
142 95 98.0
142 101 58.0
142 103 8.0
142 162 6.0
142 164 6.0
142 13 97.0
142 27 48.0
142 29 9.0
142 41 41.0
142 43 84.0
142 52 78.0
142 136 64.0
142 141 80.0
142 186 55.0
142 191 72.0
143 23 88.0
143 72 90.0
143 96 41.0
143 105 50.0
143 139 90.0
143 158 89.0
143 168 40.0
143 172 75.0
143 184 80.0
143 192 78.0
144 34 13.0
144 35 93.0
144 46 78.0
144 57 52.0
144 80 37.0
144 81 75.0
144 193 10.0
145 161 22.0
145 12 1.0
145 25 44.0
145 110 17.0
145 116 88.0
145 170 72.0
145 182 52.0
145 13 90.0
145 132 10.0
146 6 67.0
146 11 46.0
146 42 44.0
146 60 48.0
146 65 59.0
146 89 85.0
146 119 19.0
146 130 59.0
146 131 92.0
146 153 24.0
147 26 85.0
147 53 81.0
147 70 95.0
147 85 40.0
147 140 24.0
147 149 96.0
147 159 73.0
147 166 2.0
147 178 82.0
147 185 24.0
148 8 49.0
148 20 95.0
148 28 22.0
148 56 36.0
148 67 95.0
148 69 86.0
148 79 82.0
148 98 71.0
148 102 68.0
148 106 84.0
148 115 28.0
148 154 66.0
148 155 67.0
148 190 97.0
148 194 45.0
148 197 87.0
148 200 20.0
149 50 1.0
149 104 15.0
149 156 72.0
149 53 81.0
149 70 11.0
149 85 86.0
149 140 49.0
149 147 45.0
149 185 81.0
150 19 44.0
150 32 38.0
150 48 50.0
150 54 28.0
150 64 70.0
150 71 30.0
150 137 78.0
150 160 79.0
151 34 80.0
151 44 26.0
151 66 44.0
151 74 18.0
151 75 3.0
151 116 93.0
151 123 75.0
151 81 82.0
151 91 84.0
151 109 10.0
151 125 10.0
152 26 75.0
152 45 3.0
152 48 11.0
152 55 40.0
152 64 37.0
152 85 45.0
152 108 22.0
152 117 52.0
152 159 95.0
152 177 62.0
152 178 62.0
152 199 46.0
153 3 94.0
153 11 82.0
153 42 36.0
153 60 10.0
153 65 60.0
153 83 96.0
153 89 61.0
153 119 99.0
153 130 74.0
153 131 46.0
153 146 95.0
153 198 62.0
154 1 77.0
154 10 57.0
154 20 19.0
154 28 89.0
154 56 26.0
154 67 83.0
154 69 61.0
154 79 44.0
154 88 41.0
154 93 74.0
154 94 48.0
154 98 4.0
154 102 23.0
154 106 56.0
154 115 27.0
154 148 48.0
154 155 80.0
154 180 29.0
154 190 49.0
154 194 32.0
154 200 26.0
155 8 22.0
155 20 52.0
155 28 52.0
155 68 22.0
155 102 80.0
155 115 55.0
155 148 72.0
155 154 1.0
155 161 22.0
155 194 85.0
155 200 1.0
155 167 90.0
155 175 99.0
156 14 11.0
156 50 10.0
156 61 67.0
156 73 28.0
156 104 83.0
156 113 17.0
156 179 16.0
156 195 84.0
156 53 20.0
156 70 33.0
156 140 34.0
156 149 55.0
156 185 60.0
157 2 39.0
157 27 24.0
157 29 58.0
157 52 79.0
157 59 22.0
157 136 24.0
157 171 24.0
157 181 15.0
157 183 99.0
157 186 21.0
157 191 74.0
158 23 90.0
158 72 2.0
158 96 6.0
158 105 43.0
158 143 13.0
158 168 88.0
158 172 18.0
158 184 80.0
158 192 21.0
159 19 58.0
159 26 91.0
159 54 50.0
159 64 32.0
159 147 75.0
159 152 40.0
159 166 9.0
159 177 40.0
160 15 66.0
160 32 60.0
160 38 11.0
160 39 99.0
160 48 78.0
160 137 10.0
160 150 14.0
160 173 65.0
160 187 54.0
160 189 5.0
161 8 83.0
161 155 73.0
161 97 5.0
161 145 23.0
161 167 52.0
161 175 96.0
162 17 31.0
162 55 41.0
162 58 96.0
162 84 35.0
162 87 1.0
162 101 39.0
162 103 88.0
162 117 7.0
162 182 29.0
162 199 96.0
162 13 83.0
162 41 22.0
162 43 91.0
162 141 54.0
162 142 72.0
163 31 36.0
163 36 56.0
163 40 88.0
163 82 87.0
163 169 7.0
163 180 87.0
163 63 38.0
164 38 5.0
164 58 97.0
164 95 47.0
164 101 50.0
164 103 24.0
164 187 83.0
164 189 93.0
164 2 50.0
164 27 21.0
164 29 88.0
164 41 58.0
164 52 60.0
164 136 62.0
164 141 41.0
164 142 54.0
164 183 53.0
164 186 27.0
164 191 79.0
165 16 60.0
165 21 99.0
165 43 65.0
165 91 27.0
165 92 11.0
165 109 15.0
165 114 74.0
165 121 4.0
165 125 6.0
165 132 21.0
165 133 97.0
165 171 26.0
166 19 58.0
166 64 43.0
166 147 72.0
166 159 97.0
167 68 80.0
167 102 22.0
167 155 3.0
167 161 17.0
167 97 26.0
167 100 1.0
167 105 62.0
167 175 33.0
167 176 76.0
168 23 48.0
168 51 81.0
168 72 67.0
168 96 25.0
168 134 13.0
168 139 3.0
168 143 63.0
168 158 29.0
168 172 71.0
168 184 56.0
168 188 99.0
168 192 28.0
168 196 27.0
169 1 45.0
169 10 75.0
169 20 15.0
169 28 13.0
169 31 83.0
169 36 19.0
169 40 85.0
169 163 30.0
169 180 97.0
169 194 95.0
169 200 11.0
170 12 12.0
170 25 45.0
170 74 91.0
170 75 82.0
170 110 2.0
170 116 95.0
170 123 30.0
170 145 40.0
170 13 69.0
170 16 46.0
170 92 35.0
170 132 90.0
170 133 70.0
171 16 49.0
171 21 1.0
171 41 75.0
171 43 91.0
171 92 90.0
171 114 16.0
171 121 87.0
171 133 5.0
171 141 18.0
171 157 22.0
171 165 63.0
172 23 31.0
172 49 19.0
172 66 8.0
172 72 25.0
172 96 45.0
172 105 29.0
172 112 43.0
172 120 97.0
172 143 10.0
172 158 12.0
172 168 37.0
172 176 76.0
172 184 75.0
172 192 69.0
172 196 29.0
173 15 53.0
173 32 45.0
173 38 19.0
173 39 16.0
173 137 3.0
173 160 64.0
173 189 74.0
174 5 58.0
174 22 47.0
174 24 32.0
174 56 50.0
174 61 50.0
174 69 8.0
174 73 55.0
174 88 31.0
174 93 79.0
174 94 11.0
174 98 50.0
174 106 40.0
174 122 61.0
174 179 71.0
174 195 70.0
175 68 49.0
175 102 38.0
175 155 71.0
175 161 95.0
175 4 80.0
175 97 69.0
175 100 94.0
175 105 42.0
175 167 70.0
175 176 61.0
176 12 88.0
176 49 52.0
176 66 75.0
176 72 23.0
176 97 80.0
176 100 20.0
176 105 28.0
176 120 77.0
176 123 75.0
176 167 62.0
176 172 61.0
176 175 66.0
177 26 32.0
177 45 92.0
177 48 57.0
177 55 94.0
177 64 25.0
177 85 60.0
177 90 2.0
177 108 90.0
177 117 69.0
177 152 32.0
177 159 50.0
177 178 82.0
177 199 13.0
178 107 62.0
178 26 58.0
178 37 7.0
178 45 57.0
178 55 41.0
178 70 70.0
178 85 10.0
178 86 24.0
178 90 52.0
178 108 70.0
178 127 25.0
178 147 24.0
178 152 77.0
178 177 96.0
178 185 40.0
179 14 67.0
179 24 84.0
179 50 19.0
179 61 44.0
179 69 6.0
179 73 69.0
179 78 55.0
179 104 1.0
179 113 39.0
179 122 5.0
179 156 57.0
179 174 83.0
179 190 41.0
179 195 47.0
180 1 43.0
180 20 60.0
180 28 61.0
180 31 59.0
180 36 17.0
180 40 2.0
180 102 7.0
180 154 79.0
180 163 81.0
180 169 83.0
180 194 15.0
180 200 40.0
181 42 29.0
181 59 86.0
181 118 65.0
181 157 49.0
182 111 28.0
182 145 62.0
182 17 33.0
182 55 87.0
182 58 37.0
182 84 21.0
182 86 71.0
182 87 37.0
182 90 42.0
182 117 19.0
182 162 26.0
182 199 48.0
183 15 61.0
183 38 48.0
183 95 43.0
183 164 91.0
183 187 96.0
183 189 47.0
183 2 55.0
183 27 61.0
183 29 53.0
183 52 96.0
183 59 19.0
183 118 2.0
183 136 53.0
183 157 44.0
183 186 76.0
183 191 21.0
184 23 68.0
184 51 34.0
184 72 34.0
184 96 95.0
184 105 70.0
184 134 12.0
184 139 25.0
184 143 31.0
184 158 21.0
184 168 67.0
184 172 96.0
184 188 34.0
184 192 99.0
184 196 77.0
185 50 99.0
185 156 61.0
185 53 99.0
185 70 98.0
185 85 49.0
185 140 87.0
185 147 85.0
185 149 40.0
185 178 84.0
186 38 64.0
186 95 77.0
186 101 11.0
186 103 41.0
186 164 91.0
186 187 81.0
186 2 28.0
186 27 8.0
186 29 10.0
186 41 34.0
186 52 43.0
186 59 49.0
186 136 29.0
186 141 49.0
186 142 50.0
186 157 19.0
186 183 52.0
186 191 62.0
187 15 79.0
187 38 25.0
187 39 94.0
187 95 99.0
187 101 67.0
187 160 51.0
187 164 36.0
187 189 46.0
187 2 53.0
187 29 56.0
187 52 22.0
187 183 80.0
187 186 10.0
188 7 82.0
188 23 5.0
188 33 24.0
188 51 47.0
188 76 56.0
188 77 91.0
188 99 49.0
188 126 20.0
188 129 26.0
188 134 59.0
188 139 71.0
188 168 55.0
188 184 41.0
188 192 47.0
188 196 59.0
189 15 4.0
189 38 5.0
189 39 97.0
189 95 68.0
189 160 1.0
189 164 51.0
189 173 83.0
189 187 53.0
189 2 11.0
189 29 92.0
189 183 24.0
190 14 41.0
190 28 60.0
190 56 15.0
190 61 87.0
190 67 56.0
190 69 82.0
190 73 27.0
190 78 4.0
190 79 85.0
190 98 30.0
190 106 69.0
190 111 53.0
190 115 92.0
190 148 32.0
190 154 36.0
190 179 9.0
190 195 18.0
190 197 18.0
190 200 94.0
191 95 81.0
191 101 83.0
191 164 53.0
191 2 11.0
191 27 79.0
191 29 10.0
191 52 71.0
191 59 19.0
191 118 55.0
191 136 90.0
191 142 65.0
191 157 41.0
191 183 95.0
191 186 96.0
192 23 57.0
192 72 84.0
192 96 51.0
192 112 18.0
192 129 50.0
192 134 82.0
192 139 36.0
192 143 73.0
192 158 56.0
192 168 19.0
192 172 8.0
192 184 86.0
192 188 23.0
192 196 18.0
193 35 60.0
193 144 16.0
193 6 48.0
193 9 18.0
193 57 78.0
193 80 42.0
193 81 54.0
193 109 50.0
193 135 59.0
194 1 87.0
194 10 95.0
194 20 46.0
194 28 42.0
194 36 62.0
194 40 46.0
194 56 23.0
194 94 35.0
194 98 25.0
194 102 41.0
194 106 21.0
194 115 42.0
194 148 66.0
194 154 93.0
194 155 55.0
194 169 26.0
194 180 9.0
194 200 85.0
195 14 18.0
195 24 65.0
195 50 61.0
195 56 25.0
195 61 47.0
195 67 83.0
195 69 62.0
195 73 25.0
195 78 36.0
195 79 5.0
195 93 61.0
195 98 80.0
195 104 93.0
195 106 56.0
195 113 41.0
195 122 40.0
195 156 78.0
195 174 64.0
195 179 63.0
195 190 71.0
195 197 95.0
196 18 50.0
196 44 95.0
196 62 73.0
196 66 71.0
196 72 70.0
196 112 77.0
196 124 43.0
196 129 76.0
196 134 67.0
196 139 27.0
196 168 47.0
196 172 13.0
196 184 36.0
196 188 42.0
196 192 14.0
197 14 30.0
197 56 33.0
197 67 69.0
197 69 2.0
197 73 8.0
197 78 76.0
197 79 69.0
197 98 88.0
197 106 63.0
197 107 73.0
197 111 64.0
197 115 54.0
197 148 61.0
197 190 60.0
197 195 87.0
197 37 46.0
198 3 8.0
198 11 12.0
198 42 13.0
198 60 10.0
198 65 20.0
198 83 69.0
198 89 9.0
198 119 58.0
198 130 19.0
198 131 68.0
198 153 18.0
199 17 72.0
199 45 71.0
199 55 81.0
199 58 11.0
199 84 94.0
199 86 75.0
199 87 9.0
199 90 59.0
199 103 46.0
199 108 73.0
199 117 10.0
199 152 13.0
199 162 16.0
199 177 59.0
199 182 63.0
200 1 58.0
200 20 16.0
200 28 41.0
200 36 54.0
200 40 5.0
200 56 51.0
200 79 72.0
200 94 13.0
200 98 22.0
200 102 48.0
200 106 30.0
200 115 60.0
200 148 38.0
200 154 31.0
200 155 21.0
200 169 17.0
200 180 86.0
200 190 54.0
200 194 99.0
