4 500
6 412
8 606
10 154
11 955
12 774
18 887
21 411
20 403
22 826
25 825
24 503
27 786
28 882
31 285
32 212
33 705
38 538
36 159
42 78
41 233
46 610
47 384
45 524
51 6
50 252
48 169
52 220
56 311
60 606
68 826
70 699
71 758
66 458
67 292
76 225
78 346
73 176
87 449
81 97
80 775
92 893
94 990
89 190
102 319
103 492
100 929
101 712
98 127
97 307
110 733
111 342
108 272
106 441
107 847
104 118
105 913
119 12
117 589
116 496
126 990
124 807
121 866
120 424
137 454
136 152
141 272
143 10
142 558
131 599
130 362
135 88
155 278
157 402
158 413
148 975
150 13
171 413
170 379
169 840
168 367
175 23
174 323
173 730
172 839
163 249
167 464
166 580
186 233
184 687
189 396
176 952
177 849
197 496
199 657
198 380
193 850
192 971
195 53
194 354
