178.52367932909917 75.57790243830813 0.0
50.04953566604644 167.09388845436573 0.0
156.57652107682364 178.92832735215677 0.0
76.68512025227372 89.29016738705657 0.0
79.84919751614498 77.73476292760874 0.0
161.92733676690395 193.55555616346595 0.0
127.41735173659998 91.78115615667699 0.0
33.76463621633818 186.46520972864138 0.0
14.734014348192549 51.83192035441713 0.0
32.786876746447824 166.37016626046136 0.0
83.34026379424895 166.00586198587484 0.0
86.13567826923676 188.50143533181566 0.0
190.75228299567877 156.3353740693361 0.0
125.2254978267402 79.22969077318842 0.0
0.06712311555332473 45.57066513654382 0.0
6.641072494294131 15.18494498755314 0.0
21.36838272874535 90.89056696964226 0.0
138.78072313123099 115.16708306390436 0.0
140.80227483890508 159.03264634568305 0.0
91.22917032038123 6.254731345668918 0.0
188.2333863020363 116.45730372917178 0.0
69.50763173108005 20.246518847306305 0.0
140.67870452019596 168.5118060068573 0.0
74.76288398092402 152.54528359057838 0.0
36.257434801150445 123.16195410896775 0.0
36.121170617376855 172.82244479191834 0.0
182.18318769362634 77.71051312374124 0.0
2.8468382938683146 115.27617970084253 0.0
180.3642431403006 31.023210452443983 0.0
14.109647836698635 196.02376806985822 0.0
65.46666333144154 9.134592615505955 0.0
126.07879694583694 6.144898702144985 0.0
52.833948224859654 58.70760662900034 0.0
69.22569349575869 11.119360032512905 0.0
27.446189620184768 110.67236589887268 0.0
133.13168016108102 150.8791039497965 0.0
170.1406287665897 45.47109286181809 0.0
131.7608717778246 79.42117906492857 0.0
13.604558094051544 101.68780842487224 0.0
89.07238409252558 108.90465816261843 0.0
148.1906774727959 61.44288413458332 0.0
3.0102798504902273 30.381226029579643 0.0
156.3939766969987 18.784155486412967 0.0
95.32366666144772 71.78558995186324 0.0
144.86831436406572 191.4078483006606 0.0
135.3333033964363 123.53860009941926 0.0
64.14998275081152 171.3941393462052 0.0
137.67536531738332 13.09229789899653 0.0
58.7944770761325 27.24368586213575 0.0
177.21682441362788 41.97292054493986 0.0
174.42188166184133 167.35314876800956 0.0
38.75117121166562 12.354237257973333 0.0
63.20532176622664 54.169118368418154 0.0
124.74713595320264 164.92032118038577 0.0
75.62588575466158 118.61155509551831 0.0
81.33720886491432 25.753308280607623 0.0
103.8566434951434 165.95938955588505 0.0
170.8967685444147 117.20830836582017 0.0
150.92733102174196 187.24242294614697 0.0
118.9787039364071 26.214222533106213 0.0
39.86039159086274 194.2853066090715 0.0
194.032529168488 43.16569970100132 0.0
148.25809104309155 81.90092267973547 0.0
40.25095092274951 85.54810643550141 0.0
156.35955757251045 187.33203178757333 0.0
77.05099180341418 102.66393579788644 0.0
130.3755137109067 164.89161353560388 0.0
103.11084998272943 21.305563257756898 0.0
27.947737800367143 22.853942696249007 0.0
98.54763460330508 136.945968856673 0.0
108.8691236928126 79.99990416714937 0.0
105.73527985006909 80.99544535370092 0.0
161.7395187906115 190.82175505161155 0.0
87.4259715128112 101.89900404091891 0.0
116.02130451002519 61.24392652265476 0.0
10.252485133877332 186.3256487636442 0.0
98.99803057387186 30.818206850485975 0.0
82.35284208777742 116.42735549117944 0.0
118.42824637738988 132.7030627462698 0.0
85.77285970745632 110.12206126743145 0.0
104.2258622298724 159.33849332347546 0.0
87.46615218835171 23.581608036083757 0.0
26.28741689499079 59.579380419345455 0.0
87.12521358818204 8.58204605424091 0.0
20.62562388248679 72.15177095082164 0.0
165.74130829187186 12.100425416443716 0.0
102.25774984120434 160.64824412828787 0.0
35.704918420157775 181.51859358099745 0.0
120.83633885667322 156.87991545285266 0.0
161.42259487837845 96.02117969003973 0.0
123.79886429118703 142.2543095052813 0.0
18.84008899781793 183.25150441420388 0.0
31.852044158918712 0.9498445820252055 0.0
192.9257331657311 100.01567855768354 0.0
102.89551676125186 164.00921392164585 0.0
74.08207822300743 56.80173711717198 0.0
63.028692085583614 130.07560403979863 0.0
107.61788405822108 48.107238293892784 0.0
17.073597113006777 196.34712974704374 0.0
74.8265636331201 114.04526460594862 0.0
116.08573261089015 162.42650201337278 0.0
139.88135593739918 103.42538051289303 0.0
55.613818763646016 180.09452862697157 0.0
183.67142391666675 134.48264605160824 0.0
6.008551315332689 13.637515987502624 0.0
63.86724588634105 56.654336378289074 0.0
134.86946012986715 148.2103212016356 0.0
89.91769696490155 105.28056685512371 0.0
71.75803372777682 37.818249875840195 0.0
182.34525262432723 10.8316767202564 0.0
86.5943480849396 119.85266260411869 0.0
97.61984916831574 75.24160592655082 0.0
5.693527699572409 39.71665171597196 0.0
143.05596871931442 160.1532889214978 0.0
173.18733753838583 26.928687998716484 0.0
180.5916042932602 145.3584604429974 0.0
80.61541358918716 143.19381318596965 0.0
23.971823299949826 10.440928138732275 0.0
33.759541992793785 183.28337760026784 0.0
170.77361976203406 68.6089245700142 0.0
3.333573247195276 151.16599711162922 0.0
178.8730141269436 38.92865461804513 0.0
14.930588558730928 56.683864609188994 0.0
96.36917373508238 181.64780910751196 0.0
73.667969070244 82.1702395541906 0.0
184.64457789380933 41.02431463540841 0.0
90.26011204914417 153.75536613152724 0.0
136.15422383433003 41.05210599542206 0.0
177.7876107027871 18.709724801776485 0.0
81.70093910690395 61.702434935228844 0.0
22.220733322008932 78.02506094955588 0.0
106.36799643594598 186.77560103148238 0.0
194.79414896741488 52.53518597702762 0.0
148.9441475095378 59.18466286625954 0.0
70.6188482513209 71.23010762327198 0.0
46.59042713843065 105.46924618694653 0.0
45.45636417175687 162.01862346148837 0.0
104.66202668091265 98.56407291389957 0.0
1.3693517957882095 198.04607165402174 0.0
121.01261282443572 116.32346358015953 0.0
62.001745159418896 106.77549997190432 0.0
74.77255553336764 123.02957166599799 0.0
199.5306756993814 184.3920222458406 0.0
101.50662721464845 152.08870292461106 0.0
7.871499268620963 74.69179240583685 0.0
119.8206651055554 0.3466429350326816 0.0
140.5062777041443 169.46852120213313 0.0
148.90091248621349 57.9304528236152 0.0
126.34513145146886 66.51201309815684 0.0
162.13373214189343 192.25072020807593 0.0
123.3189384576814 81.68481366711208 0.0
58.867424510438426 80.77498749509327 0.0
46.94096997042892 53.14457613547381 0.0
4.542012950673668 44.409352151496016 0.0
19.86401442653729 198.63136725369884 0.0
188.82689776421662 71.8020835712786 0.0
28.49874563250012 190.8406288206435 0.0
182.07027965966566 144.60950645633497 0.0
44.047968725213394 101.25412738183404 0.0
132.27843280188696 174.74094534345303 0.0
67.85063028985977 29.402755226848633 0.0
38.0068800098549 46.826226925143445 0.0
194.7184071481919 82.38665474040981 0.0
56.95959799837888 22.625622270365774 0.0
52.98682517619895 98.57962573979604 0.0
65.75649919742885 108.82885348564655 0.0
76.29186233855745 119.79641881945682 0.0
73.24339895209 115.66614370939897 0.0
189.62210331740835 107.8029980374091 0.0
7.882867256393555 40.981116889568895 0.0
50.98557573232871 173.9015162438102 0.0
49.17828788683474 102.89161147576367 0.0
180.06940403641113 44.423216421248 0.0
53.74764727856653 13.891325232573703 0.0
126.55954554406395 20.31405954268053 0.0
138.57750236631887 140.2215392637834 0.0
83.32688230068723 105.5995210717217 0.0
127.1517703150706 22.56889593911513 0.0
33.4750740415759 77.36642909043272 0.0
138.56394589361338 147.62164824311049 0.0
35.28453030379548 49.00136927562053 0.0
105.38545970665454 54.74347568013289 0.0
195.37606300381017 138.77674561170744 0.0
42.97693696198503 38.000388492422864 0.0
57.956703993979964 197.47706082652323 0.0
61.093209196849195 61.0029391202916 0.0
146.7993278626255 171.60970383212373 0.0
8.046957173171299 40.50243283634967 0.0
36.6467687987154 182.8458830576531 0.0
68.35992330261458 174.40643892723583 0.0
2.0201362091627484 189.6891052961881 0.0
196.74476224235937 90.85539933712789 0.0
193.95014212398095 163.9700453559949 0.0
164.4245304900858 77.2288441331631 0.0
28.939299280069797 62.61825626562272 0.0
18.211053561182556 111.42603857592577 0.0
39.50193346607227 104.26267375154359 0.0
108.42727912018977 62.49275567246346 0.0
31.91795802927544 170.56457915055068 0.0
128.6729564188204 53.642143465451575 0.0
24.375491007180084 143.78803857294892 0.0
28.596947735586188 187.94439297236022 0.0
97.46642071278617 64.96458699547394 0.0
10.253551726347565 25.436449021221463 0.0
179.0380629831253 151.1103677198135 0.0
99.28430035311004 170.12951508832617 0.0
106.69322786487018 145.30555010097197 0.0
194.08076843917905 76.36871575811219 0.0
63.76985736250504 190.04742003302434 0.0
39.247930416319 116.2257879803835 0.0
68.42074943903718 12.140053476888934 0.0
44.10177772451176 63.082343115726715 0.0
10.452682793665758 86.4850982976859 0.0
72.59881960197323 41.287652643585425 0.0
176.87347956136622 6.489722053873459 0.0
68.0092839854616 67.75163952397317 0.0
84.63453333491167 130.40934341525974 0.0
43.8098490123678 168.5601131393678 0.0
147.84541264574466 95.79435854263781 0.0
171.68578971380273 92.17612382459124 0.0
46.77625373076548 198.3115788486661 0.0
28.196474208403387 60.51757225675844 0.0
37.25260522380882 116.56273659513043 0.0
123.57226057544662 0.17801893269724367 0.0
41.58660453632213 31.123909624049652 0.0
29.274865690308417 78.28405189374676 0.0
195.97727892694394 33.88130756803369 0.0
145.3673138941673 130.95921261630238 0.0
194.3519458088985 52.84040608772527 0.0
4.403733731479531 117.09098400232907 0.0
64.90966583068136 127.93706205266413 0.0
195.46321537667913 56.07396399704814 0.0
143.1668094951887 164.98061858747784 0.0
110.1160810578244 15.428865974165195 0.0
164.09386070176706 67.71080894203611 0.0
161.52497264746268 2.6735665751208115 0.0
185.97159860463685 2.0516488063833105 0.0
108.54717529376386 85.54900356326485 0.0
79.88393053207207 81.99711468928193 0.0
28.61873444052312 115.67923595077608 0.0
171.30365498503107 183.16503865726634 0.0
126.36492655274829 62.97160989066506 0.0
104.01651460717983 87.90713423575065 0.0
139.29573484264435 181.53947327857048 0.0
111.66797104393318 144.96463408284018 0.0
7.608996366116871 22.656497038562406 0.0
28.506190825794974 87.01063437750771 0.0
112.03807637194257 86.22815325522207 0.0
148.4337738209028 191.02177854695955 0.0
151.8448039566441 59.49260642711949 0.0
50.26984896838989 189.27340379565427 0.0
34.47259873686301 130.13958320684756 0.0
147.16322546169278 42.85402187423877 0.0
179.0387724418799 180.76266663547344 0.0
189.38629745740084 74.94631922675016 0.0
197.75899145885626 172.53676568522184 0.0
52.27853555459851 27.723635148472535 0.0
12.560973523047547 108.23916078517301 0.0
74.89740540215108 154.56234991561024 0.0
88.55857452769665 28.209178194032305 0.0
179.97365636444908 88.37213073815644 0.0
21.721490892863216 137.56791747954605 0.0
2.056960277213582 137.19768787037114 0.0
4.989799474434253 188.9962324193159 0.0
78.27690857848721 49.84707964966131 0.0
115.24670711164144 52.595538709661895 0.0
14.933571339596297 167.1533143743054 0.0
112.97687863966604 192.8327280751681 0.0
33.170689228115634 28.577483390886616 0.0
127.10179991237958 142.2969325267918 0.0
18.27379764334691 139.21322156671755 0.0
9.397712741290686 12.972515892975123 0.0
149.6745840687835 118.85390462909623 0.0
86.06567205569509 17.959186243772706 0.0
172.5317786028958 52.63551759101279 0.0
108.43738593863388 90.04665953328536 0.0
186.79810313721543 141.8696421379681 0.0
10.46455450170891 178.27803157390065 0.0
75.97164282128173 114.03273097982111 0.0
17.553450651172685 79.61227369566792 0.0
175.2693066339606 92.47919157046374 0.0
119.47058301567097 120.0231866435911 0.0
87.74889713865717 149.29752042352504 0.0
119.45933540373883 37.84839228066708 0.0
96.94553239988379 168.83024626011115 0.0
2.37154476105359 41.92875625197474 0.0
195.87708204803036 134.72999383336517 0.0
26.53201898027524 18.055009606530568 0.0
154.81252342701424 120.02548405765496 0.0
137.21808158586362 39.46500958633683 0.0
83.98592970631182 107.52302016929012 0.0
24.050293727212946 100.61162022261368 0.0
12.478183063651738 96.97036311322913 0.0
0.25455102624765136 138.14772719738127 0.0
100.77726151379065 165.76161724431893 0.0
68.6698343042324 129.05148525875597 0.0
32.06720718031364 41.563242646463536 0.0
57.539889847669826 163.04144687404084 0.0
86.08491960463671 118.09282728778912 0.0
158.5413485298765 74.90784803452057 0.0
189.4228403279319 99.38400840131227 0.0
180.16459323088517 92.11273316658873 0.0
57.444923027954566 193.22218285076798 0.0
141.4780251296636 3.9883909425855846 0.0
195.5220126054645 191.0375143576669 0.0
74.47020061658793 191.0898672529988 0.0
11.082141471869033 69.3931286424004 0.0
77.5785684452126 66.73416676099086 0.0
3.0100997979817024 127.30800400526483 0.0
168.67743856886113 77.48507742696091 0.0
141.21972350376782 134.00559873801882 0.0
122.71202746144797 185.31924127423306 0.0
126.76158287390133 103.28088980718144 0.0
47.32931481375844 111.43565772866681 0.0
31.617520025117372 133.52997616698937 0.0
149.2707107005127 160.14730568988608 0.0
57.372830030924106 56.588007964816754 0.0
174.95539576953132 161.02016801246333 0.0
23.245771206415156 23.872752040293044 0.0
170.5974077505021 168.40153596387538 0.0
96.493219264814 24.93268687852992 0.0
100.3635393730913 39.705966114939905 0.0
12.000293130346806 81.3500531112879 0.0
85.49317768520854 77.30389046585753 0.0
192.90094833021303 88.05084923384412 0.0
182.96531104887143 163.58437419602413 0.0
180.3654219778985 184.42537430115996 0.0
109.21195047496319 44.74016929143361 0.0
8.229688972874616 129.26438924982818 0.0
132.5413292927026 26.04965988119514 0.0
16.93094751514397 26.36766869123177 0.0
107.34821207557819 129.90699834044125 0.0
91.25237716820816 101.78308823294422 0.0
103.85283875232683 137.57812086634286 0.0
27.669333948592456 68.9861628060753 0.0
99.02397906234015 86.63708680002786 0.0
89.62837522167328 134.91133232470992 0.0
137.5056783010088 128.26354749069873 0.0
192.8793928515915 97.59801243669412 0.0
45.781364788496546 162.05892562209843 0.0
178.0202900153364 65.3158285312392 0.0
188.47297625853835 160.76522825972808 0.0
73.70276434419907 87.38517427830324 0.0
92.58693846483806 173.2471996379185 0.0
131.48662216136643 28.510649978235048 0.0
33.68276260782701 51.32485776002858 0.0
122.11936675867123 141.29665184533812 0.0
77.35418361016626 184.5202254407289 0.0
123.05660038224013 195.71577518706013 0.0
0.07680204918489864 146.50850449754412 0.0
198.32811583868303 109.65242686322863 0.0
175.39022895704375 158.0405341971925 0.0
174.39334756622807 191.24545380557495 0.0
104.54683028990088 53.32994594707441 0.0
149.419140759654 151.60528675363355 0.0
195.17318955505462 0.3749994353813735 0.0
38.45169854526025 175.58256507948516 0.0
47.154519762953726 170.4115983798477 0.0
153.2437458642323 148.61680725860708 0.0
91.8662866856238 77.67063940093631 0.0
143.03690098036176 29.295288086842653 0.0
149.04135270212893 17.839281701911002 0.0
181.38841245553402 130.10375893492161 0.0
114.97506495911396 122.10242101341815 0.0
74.17042850467396 122.95231409643566 0.0
176.43471137609154 13.367099024169459 0.0
185.15900162534064 121.41117421227648 0.0
56.5539035204544 102.24925610924362 0.0
128.16918370285114 8.192808314002997 0.0
42.156406622057354 192.62865778578453 0.0
58.481507594147075 74.26829457278541 0.0
116.3681144020468 80.0545184933406 0.0
111.34433348789344 15.10744525432337 0.0
26.03986358452921 21.0108748988594 0.0
81.625529990845 189.88374034371603 0.0
150.4178234600862 127.02721735161997 0.0
16.22600826060645 191.08671755253442 0.0
5.662318420075563 94.84665979134654 0.0
199.65677431579778 194.83600792193346 0.0
119.22996716617705 22.340216641159326 0.0
53.220138705186336 66.29274857541665 0.0
38.79812417421251 179.58265970157743 0.0
139.52480712962037 179.91570695747927 0.0
2.3245574770154542 105.48160769798969 0.0
166.6036958787918 180.91096212795762 0.0
88.99956578496588 82.57839239378765 0.0
19.69228431433794 62.07564976531776 0.0
95.26154656390133 106.11561424856733 0.0
13.764496689893036 159.33769209443525 0.0
135.71132861277445 108.19292531606364 0.0
156.21197282655132 179.64513545722355 0.0
55.67447789752222 23.809168357260834 0.0
36.59196112266439 166.46017322618675 0.0
160.324911672834 92.81545766252233 0.0
19.15774405614803 180.9646200389969 0.0
114.6972420587274 180.28050818372884 0.0
103.92494902954017 31.184988464722064 0.0
149.57926557011035 67.49595393033765 0.0
143.3158428189102 16.597068771380897 0.0
120.19012824108259 16.825961414492774 0.0
53.96300473467179 172.37135291758642 0.0
107.7138017718577 45.83215414098638 0.0
47.04265927038911 95.27221035207299 0.0
128.1714108397695 59.5812041478192 0.0
115.54719538493421 112.32540673317928 0.0
118.78018881843653 84.76917935178463 0.0
63.1952287932442 113.71993408290906 0.0
108.86082451527712 125.27327085492476 0.0
37.2168787418004 13.011812055315541 0.0
150.51899717064902 15.967969710237085 0.0
36.0407780424993 120.54911365460532 0.0
183.7410345061151 90.11951131930338 0.0
2.948558038525828 120.13885163571001 0.0
141.20760084380632 95.39881689063718 0.0
88.05148110615248 24.328121064878005 0.0
60.043477930737524 194.52977464753621 0.0
63.48311340236177 50.27336153807398 0.0
160.88548246336327 68.81628627996919 0.0
110.49075439640623 6.02316678083048 0.0
179.0647141453455 106.26806244698469 0.0
62.1477149877351 106.14165229863765 0.0
88.36325303478758 0.7716700531446685 0.0
81.69728552139182 145.95090698524584 0.0
144.7196643681062 14.729929773610095 0.0
84.07854787768898 55.27274650643903 0.0
95.42159713749254 64.81935740170775 0.0
166.97306961835847 25.401360140359188 0.0
48.7378503242498 78.99182379125655 0.0
107.75070903381815 57.140145282721086 0.0
79.60641460236491 142.5732466647641 0.0
3.981712473194854 113.0875632779346 0.0
158.90897784991108 2.288661097382483 0.0
187.7214704269867 73.95835774546285 0.0
37.02642451701297 129.26953943266844 0.0
27.563215792723984 196.57808326491147 0.0
86.78410186904809 155.575885810641 0.0
147.49316283081737 150.29049087500505 0.0
16.559408740951543 93.4921054472187 0.0
137.87152630638144 168.86873149705735 0.0
1.2385801005047492 122.83223635960543 0.0
11.40196530732327 196.623129396447 0.0
146.87345465216413 88.71673303691756 0.0
65.7411013166209 130.24963750302896 0.0
104.3031070438465 190.7594943604782 0.0
54.438772910285294 162.0647241186219 0.0
77.6693519555171 64.33043751977212 0.0
39.188714260127796 15.62404928278658 0.0
35.66906093300979 155.53544799342788 0.0
198.90852449329302 131.32377645985508 0.0
26.550448140170047 173.78213486161195 0.0
4.95675438930212 7.4349726493964985 0.0
122.27442093372416 69.27633879504455 0.0
136.83405138934376 131.12307783344784 0.0
72.92619639261117 27.520929018318242 0.0
109.00430523085103 44.356030809212534 0.0
39.37649472432791 198.8650168259769 0.0
7.010913785536554 81.20619476554441 0.0
190.35561263561104 88.37819955053874 0.0
189.85221569781766 185.9026996628373 0.0
99.5177241667488 119.8010776015903 0.0
105.61929599056832 175.09254037470993 0.0
158.73698129796776 57.04984373752564 0.0
88.68840827875168 43.120203204307806 0.0
35.79078685552959 117.72924001738 0.0
159.29928883777 25.7371768922781 0.0
147.74995644987962 145.33484040716132 0.0
30.13972907743081 135.50434222007888 0.0
195.80928956387558 120.30213583896605 0.0
139.5958405277626 161.25168836268026 0.0
12.956360655915255 184.78638689079753 0.0
177.61650813091708 84.31146168909463 0.0
112.79024306239798 32.03390856920338 0.0
47.67953577034969 105.84233823827196 0.0
195.96595782051932 168.43192980193226 0.0
117.13616011133101 2.413837536102381 0.0
70.15466052312978 194.80071328607917 0.0
148.249545624487 131.1217303084631 0.0
170.07336975768962 73.21826803166071 0.0
73.5320221513338 90.85671645170521 0.0
126.05240192926284 146.6444690703317 0.0
181.5249093860619 12.950305396841234 0.0
22.77246491382774 60.83799948609296 0.0
112.95368588301065 102.27328496095933 0.0
114.2176439560855 101.53609121702927 0.0
132.23051625429704 178.96382223063648 0.0
16.554435168998573 4.59358383598909 0.0
35.56509940629986 181.31376122087727 0.0
187.56112307554372 22.75441924947641 0.0
184.483875110822 81.9431653470305 0.0
19.39580718921441 139.95522276834765 0.0
112.34668286561585 42.244946823403964 0.0
120.90548217607322 12.537155846537518 0.0
141.48910421721942 84.1826507923997 0.0
146.34264150788218 86.46888514449498 0.0
69.90766331535265 93.87639185109124 0.0
39.26990272279591 190.65998054768045 0.0
38.944227674973405 188.01315012725325 0.0
3.5972030619320305 138.6706264003459 0.0
177.2149425883741 171.96950897192204 0.0
88.11032443752234 84.60018463926893 0.0
131.0681404181701 197.63622584469815 0.0
176.51327142414726 173.66354896489386 0.0
138.1447083185255 189.28580323155498 0.0
11.921462835859309 3.9409925765226506 0.0
78.15345226251476 147.42557338321777 0.0
52.90642661127825 173.0135724041103 0.0
143.76306159813765 63.43057270094954 0.0
57.60692511074852 121.67287313130588 0.0
14.551419299055723 81.85196433171194 0.0
123.08553682398853 6.620343675033635 0.0
88.24186397097773 132.64820342427575 0.0
69.02358850613572 35.048078635853905 0.0
25.99532663813995 122.18801730002389 0.0
148.01165435811362 176.2194576873445 0.0
2.316135356145965 119.72542127564891 0.0
89.10661170555343 28.64462759574686 0.0
15.168433934442248 5.1489776418572 0.0
36.99062501943497 66.17229918569724 0.0
8.18917729116695 154.15868824458633 0.0
35.98119420548542 112.29605397885875 0.0
184.42281342592258 128.62578332947527 0.0
126.30564559365605 99.19971638324037 0.0
149.79168305431665 12.742005920946543 0.0
69.46747058957268 156.5430892797599 0.0
14.555357320442708 189.6666771432417 0.0
0.19596592530572998 44.71579712645999 0.0
102.30115955616208 188.7313777742416 0.0
114.38465616364569 98.26358725525519 0.0
68.54712184023927 149.86358138063315 0.0
45.58811469852036 177.41800719561124 0.0
14.827798880716703 49.742200448662935 0.0
57.06081447636504 39.13692150552912 0.0
199.17230412949462 113.29954442161399 0.0
181.98572477402345 33.78990340634323 0.0
190.17311095514347 194.53578053441507 0.0
181.4543974581263 109.5990987413556 0.0
189.3831161927499 152.213444062567 0.0
57.92438336885404 164.17270942898844 0.0
155.56759976967217 168.85130515122674 0.0
61.293885489643365 20.94484622404893 0.0
104.3767790537117 165.53822864346287 0.0
55.397599324440286 128.06198338239966 0.0
128.2936411447027 150.43943449242693 0.0
174.64172134623382 78.23292664942703 0.0
84.250896831849 105.46895389615214 0.0
93.6602695362017 30.2856338263666 0.0
130.0998966208254 63.453813373017056 0.0
157.2888131751566 76.65092257118609 0.0
156.1534443571441 157.21684438439829 0.0
73.81581278619886 145.7195355612374 0.0
54.31347660302568 32.3567697679072 0.0
61.385873467714845 153.995736184377 0.0
94.83367123376169 107.10565385481337 0.0
55.59322937237559 30.196991427964193 0.0
39.5561023981861 135.49538860527016 0.0
35.71780808871361 121.92607785682156 0.0
10.500088917774564 184.16653995826957 0.0
107.7203963369445 165.2682900270818 0.0
153.9705175300559 68.50425711338785 0.0
94.02740295347594 48.643163897184124 0.0
192.89187501214874 110.38774703245741 0.0
23.299750889215897 34.46661300041931 0.0
43.8634203225426 177.69113406093734 0.0
87.79462821325122 115.65589843765353 0.0
190.46987773540368 144.775307934816 0.0
141.5927090783241 178.73654924463415 0.0
50.671127902360794 173.56176021293604 0.0
49.87770770143916 21.286755449602236 0.0
153.63351453401484 156.38104222522824 0.0
167.6189976431251 28.6814294672334 0.0
150.15426596363443 84.64008767426793 0.0
125.42228393227661 53.57465812191924 0.0
120.86981783043234 11.454069138287704 0.0
130.9771939406557 161.28579656870045 0.0
117.7276929553716 61.74017077498397 0.0
156.44488749917102 5.231082051196867 0.0
176.74079819714498 9.872132016039071 0.0
75.29269807402746 78.76918204802425 0.0
173.8319366431308 92.8459678570924 0.0
36.49698603003164 153.30560049731324 0.0
60.61551354923007 156.00894817065043 0.0
119.69940082870714 57.227526266991234 0.0
13.252397899397339 138.75529512691628 0.0
1.81582005666594 176.2171920309065 0.0
55.05297143245076 99.19383763455252 0.0
183.76129090956687 62.71840233972392 0.0
172.29252963853133 49.6441983240109 0.0
75.3683560898889 130.80747965245027 0.0
32.74215316156164 28.919882020405407 0.0
117.24025465684223 182.4463591310851 0.0
137.70730088510246 72.7079759201378 0.0
130.19448528125835 62.072235120471795 0.0
190.9054552690058 59.95690122109896 0.0
26.116319183962624 68.70461912635335 0.0
51.30313451996298 11.035130030101325 0.0
88.45587693923798 68.22732203897017 0.0
52.071728240187156 92.52540827506415 0.0
36.2665727438825 143.22936171916967 0.0
114.11062720275862 143.87045937643435 0.0
22.59655418594091 93.76538908983494 0.0
160.12520054492035 182.68791804395258 0.0
186.20906244070954 159.62284705167107 0.0
44.036244485576745 68.42356899962331 0.0
175.02160847283554 173.15949739113498 0.0
150.53653797670057 108.11372979482601 0.0
190.31783603803314 171.50166310787512 0.0
190.89929812631547 73.3790393680654 0.0
162.70019921772106 97.87001571881937 0.0
123.68228309602756 64.3735340019393 0.0
63.915450332490884 4.02629307970197 0.0
162.76042096821502 104.26450424747384 0.0
83.09912266101985 129.31095714188808 0.0
100.15891435861289 76.92003945618085 0.0
51.64919182013119 176.46829613751117 0.0
67.44776145751584 30.8329082961307 0.0
87.85320498217048 30.432059516135013 0.0
186.99778611598293 163.9108830804023 0.0
150.55718460261335 73.47133289721089 0.0
123.18723982555548 176.61513563117418 0.0
40.57873373871157 138.57280871849576 0.0
133.68721142104798 135.03007665323105 0.0
169.2307430195125 12.662288482680651 0.0
42.24301201134624 120.7993265259199 0.0
125.2362676054583 52.244720478147364 0.0
6.907896672085623 161.46426327040933 0.0
114.47913650319006 106.26873192614678 0.0
41.474452058506884 32.5931017956087 0.0
121.44893565835004 154.49806925557954 0.0
162.88804218177333 102.18995280963537 0.0
146.90305112680738 64.3990050383864 0.0
183.71589890037106 48.224950936820534 0.0
113.18260343327395 45.52934873334653 0.0
146.2842804518153 21.728103105265497 0.0
196.78299729832955 137.64111839663812 0.0
3.8853992909910096 50.7410020878303 0.0
47.194104921293544 7.185707504015215 0.0
194.49477071014653 184.52219672734296 0.0
181.68890783796186 46.636763973373085 0.0
23.728691305743087 62.753496930370176 0.0
7.653755307930621 72.0226102463478 0.0
76.31067364532389 61.09612791724886 0.0
17.217168441285736 196.28669208926192 0.0
9.104709343085648 112.29713346577898 0.0
123.3484732580318 119.57094264326082 0.0
43.81223697823573 131.1480898075752 0.0
62.26135605797438 122.24365045478183 0.0
73.71884760059515 81.94959829588586 0.0
73.87168434050022 72.46989228898553 0.0
126.41577094003624 118.7368018104905 0.0
90.22289589591712 167.34920897972228 0.0
183.21020484230277 101.37250051544153 0.0
11.206318003146865 115.12175082328106 0.0
45.97774876678471 144.71621216790084 0.0
127.56794387307092 35.67064278305894 0.0
63.499090643824175 93.42894390982528 0.0
163.1070980041481 107.52496506977755 0.0
81.86230382911508 131.57503491918638 0.0
151.1366679739649 121.79419857257034 0.0
167.30107106660174 134.03406132354974 0.0
34.68841933885407 16.94166139245492 0.0
64.87832125451295 45.837278631558796 0.0
85.61125768491848 163.03093917840954 0.0
2.7136953669526065 135.89464507527995 0.0
174.62403093994476 40.05588611071504 0.0
128.99243589366085 13.180100816844442 0.0
192.5488602968727 12.191430315243101 0.0
177.78230239064717 16.29424049825545 0.0
122.36477695654244 138.27880555856365 0.0
99.72415684017042 191.4251736919457 0.0
192.38569129350898 178.58555823448634 0.0
164.9510288872024 159.07986479403885 0.0
2.780671024574044 158.85716078242282 0.0
48.12935435924048 136.5598370922569 0.0
110.81862639203158 34.90363952323423 0.0
39.30535431962128 31.006666124415094 0.0
84.6335369624828 164.44116532879465 0.0
189.27839350955284 46.94429423074418 0.0
90.97044645836556 37.6351877073392 0.0
94.51236847875543 62.596707481106485 0.0
69.28644709121485 43.76814558664515 0.0
154.13513094243484 120.86108885906282 0.0
62.74504137403116 158.68148748442252 0.0
90.3650771065134 153.66818876801224 0.0
126.05623482594788 126.11813746770271 0.0
113.74306959341376 112.56310611237707 0.0
10.778811131670874 175.8182771692772 0.0
135.83693332720728 13.691322928075422 0.0
140.6153470111582 172.1977165377989 0.0
84.62484155659229 21.97637880762271 0.0
32.39449126033629 119.66479597569347 0.0
61.55289071975074 197.12711547449308 0.0
92.84922174940995 164.10830071441947 0.0
194.3013809121953 103.21393700652901 0.0
26.963681090646553 24.81539091892062 0.0
185.58319712243977 143.90530051127587 0.0
130.57551232975925 167.055168370923 0.0
135.83691954481435 27.056882775360826 0.0
108.08431835220178 182.7900129784861 0.0
26.466205631519312 185.1977228360075 0.0
155.53137429859578 185.4534533143365 0.0
90.31615729188754 82.55908143465747 0.0
79.97932645930021 144.45978985500432 0.0
167.3664233753837 124.6433044708698 0.0
188.03505730265988 186.0873728882308 0.0
46.15977671284368 152.93157523500702 0.0
169.52271523024487 169.6039289647752 0.0
125.2740909168909 55.18100591418877 0.0
26.728070901121924 110.9788955332882 0.0
94.18460464461667 50.86307349922976 0.0
55.299389708494616 71.25428254706752 0.0
129.1524756127358 121.64691300798718 0.0
169.80416150611407 152.62219197391676 0.0
127.31465192871998 48.432698182699305 0.0
85.10486289432708 52.48365716453356 0.0
160.93921201549773 189.29169431091 0.0
14.131362198020048 14.239970565279037 0.0
23.849284301755212 86.77128077764633 0.0
23.29119113026119 183.29432911175297 0.0
63.307862216494534 28.374790840006135 0.0
198.6733719464228 127.71813484640478 0.0
43.194742423499456 0.62744762770226 0.0
119.36532645879045 15.26283758153899 0.0
168.0959949423877 74.99146535155994 0.0
8.616458927790593 51.87482956108524 0.0
12.965348971064206 142.99471358260567 0.0
139.24620022532676 81.59738746390259 0.0
149.30602633912824 78.28903279132045 0.0
6.608223446955153 123.72026699861863 0.0
136.36053583665185 44.95590003548313 0.0
50.586692011770666 80.2641228720552 0.0
54.58505122073074 194.22849296163724 0.0
107.51441068311453 85.36348187249088 0.0
98.72404276844762 195.9010659801885 0.0
103.56684436720691 187.83848555117197 0.0
119.0899211275099 136.04781700039348 0.0
163.10003575172436 59.222357415229474 0.0
2.1914517846113313 79.27521299681646 0.0
98.56447295079379 1.7378998927863876 0.0
15.643850125331138 41.5831668337737 0.0
173.04108133846754 94.1930694173982 0.0
107.33241615048748 49.01206456158287 0.0
82.10950722137034 58.49209854831865 0.0
45.09076743760705 167.60425002392475 0.0
88.67300804492446 155.43530728024803 0.0
10.693684174004936 81.81006883047873 0.0
162.52823960105647 125.70724840822184 0.0
20.753651647991056 171.32010854505702 0.0
25.882339192250072 80.42940837917922 0.0
137.14932876344903 90.40701022950948 0.0
186.68379291539622 115.3802222326868 0.0
50.903141561422416 189.2115304979997 0.0
153.54754681143433 73.96178715927135 0.0
75.96431131478343 133.00934174802322 0.0
69.21901234952503 116.21917123004137 0.0
73.14265995159002 173.34642352989178 0.0
173.9355258984267 164.69476396759813 0.0
139.47768507446006 104.03260091619777 0.0
15.708051489776409 92.62673045773988 0.0
44.61625736561814 195.33429575565552 0.0
161.45984939003094 95.97716461277084 0.0
173.31167234313912 141.3090705370221 0.0
131.12291382450513 48.00205555544614 0.0
141.945482249499 78.07619337874713 0.0
176.20714309291364 173.55188059304598 0.0
97.01290427498009 34.91899798001026 0.0
155.0211492380848 100.01796755080903 0.0
174.80150989704947 165.46626315957224 0.0
118.63772384780246 42.81664028403516 0.0
104.03197270130693 172.80161010290522 0.0
114.86105180847561 165.52941467824712 0.0
67.01876048999476 90.20124273546229 0.0
141.86683271063617 18.29427490466864 0.0
99.94767959085604 8.302128830134103 0.0
138.85047648593363 2.7695890461023165 0.0
109.15628194532363 49.85410803535994 0.0
187.93267646819945 37.9686803786186 0.0
7.842132085294318 84.8111034304269 0.0
119.735664176625 8.489825136092065 0.0
136.4131263474022 151.36812565881277 0.0
64.45755115547702 165.14277232087815 0.0
19.73295398327446 102.65226601247548 0.0
170.93621516045815 17.699661183787875 0.0
35.803991210642195 34.12757969555904 0.0
128.10824748121448 10.474657618444505 0.0
122.96891211344291 163.37515922582023 0.0
66.43251841051041 3.6631829734691035 0.0
36.501361800791486 31.761389562866515 0.0
91.26205504228776 96.84827066097024 0.0
80.49514353304896 176.60883358292452 0.0
105.81187360091072 25.808017685034468 0.0
87.25039446820438 182.83589280725573 0.0
118.28457864441356 39.73475878509169 0.0
93.89427454198973 64.63278441346958 0.0
95.87954631532875 23.2031435199201 0.0
74.7628263949909 50.59306458206567 0.0
27.8255897324877 65.7007949528412 0.0
28.109651721610064 49.82147206042966 0.0
190.2410304958353 101.26183058964236 0.0
86.9961204169649 161.89034790971337 0.0
67.53924992772133 41.720160342380616 0.0
