2 210
5 654
7 333
8 486
10 941
11 581
12 907
13 551
14 884
17 502
19 638
21 106
23 493
22 321
25 61
24 207
28 936
30 241
35 161
32 787
39 564
37 931
43 930
41 526
44 290
45 252
51 486
50 234
49 194
53 450
52 799
59 568
58 201
57 819
56 472
63 893
62 620
61 378
60 140
69 562
71 91
65 120
66 691
77 473
79 364
72 518
73 393
87 579
86 147
83 137
82 4
93 662
92 724
95 639
94 851
91 796
90 885
100 989
101 502
99 439
110 842
104 611
119 598
116 192
115 46
114 959
125 113
122 175
137 2
136 678
139 137
138 780
129 118
132 465
134 115
157 620
158 626
159 524
145 943
171 615
168 255
174 10
173 929
172 822
163 102
166 612
164 514
187 35
185 484
191 560
188 451
178 992
179 458
177 254
182 392
181 153
200 389
196 814
198 109
192 446
