1 10 6.0
1 67 46.0
1 121 98.0
1 124 48.0
1 184 80.0
2 21 97.0
2 45 62.0
2 47 40.0
2 51 54.0
2 59 82.0
2 60 75.0
2 76 55.0
2 77 98.0
2 90 61.0
2 103 6.0
2 105 10.0
2 111 37.0
2 159 32.0
2 190 17.0
3 9 44.0
3 22 58.0
3 69 94.0
3 71 10.0
3 79 97.0
3 180 37.0
4 41 6.0
4 42 57.0
4 57 48.0
4 61 36.0
4 84 11.0
4 148 70.0
4 191 88.0
4 25 22.0
4 26 90.0
4 46 22.0
4 97 2.0
4 133 58.0
5 145 86.0
5 29 38.0
5 34 57.0
5 44 11.0
5 62 52.0
5 81 63.0
5 82 80.0
5 116 25.0
5 119 10.0
5 127 51.0
5 131 53.0
5 138 60.0
5 142 44.0
5 143 14.0
5 160 40.0
5 164 99.0
5 169 94.0
5 191 97.0
5 199 1.0
6 48 31.0
6 7 16.0
6 27 9.0
6 101 80.0
6 130 30.0
6 134 16.0
6 147 22.0
6 151 13.0
6 165 38.0
6 171 42.0
6 185 57.0
6 186 84.0
6 190 27.0
6 200 42.0
6 74 2.0
7 48 26.0
7 6 89.0
7 27 16.0
7 101 52.0
7 130 12.0
7 147 98.0
7 151 83.0
7 165 76.0
7 171 5.0
7 185 63.0
7 200 83.0
7 74 48.0
7 114 47.0
7 168 37.0
8 58 83.0
8 66 91.0
8 80 62.0
8 89 85.0
8 112 2.0
8 155 59.0
8 158 31.0
8 175 96.0
8 183 8.0
9 3 83.0
9 22 15.0
9 66 17.0
9 69 62.0
9 71 40.0
9 79 23.0
9 80 98.0
9 180 27.0
9 194 38.0
10 1 52.0
10 67 36.0
10 124 4.0
10 149 58.0
11 50 81.0
11 110 71.0
11 123 82.0
11 198 82.0
11 27 92.0
11 32 97.0
11 45 98.0
11 77 79.0
11 90 47.0
11 103 4.0
11 105 91.0
11 111 99.0
11 132 65.0
11 159 98.0
11 171 2.0
12 154 16.0
13 54 76.0
13 67 64.0
13 87 28.0
13 121 73.0
13 140 20.0
13 146 78.0
13 167 92.0
13 184 2.0
13 188 59.0
13 196 19.0
13 198 70.0
14 36 6.0
14 65 81.0
14 73 38.0
14 85 40.0
14 102 11.0
14 106 12.0
14 109 51.0
14 117 37.0
14 145 58.0
14 150 75.0
14 156 49.0
14 170 71.0
14 189 27.0
14 82 36.0
14 131 68.0
14 143 19.0
14 164 16.0
14 199 2.0
15 25 99.0
15 31 47.0
15 35 24.0
15 68 75.0
15 139 38.0
15 166 87.0
15 176 73.0
15 178 45.0
15 179 81.0
15 183 47.0
16 41 22.0
16 57 28.0
16 61 7.0
16 78 52.0
16 84 90.0
16 98 25.0
16 148 33.0
16 147 20.0
16 165 27.0
16 17 79.0
16 26 74.0
16 74 73.0
16 94 69.0
16 133 39.0
16 168 74.0
17 16 74.0
17 57 68.0
17 61 64.0
17 84 39.0
17 148 75.0
17 26 42.0
17 31 57.0
17 46 16.0
17 55 98.0
17 72 95.0
17 74 90.0
17 94 33.0
17 96 2.0
17 97 86.0
17 114 52.0
17 118 20.0
17 133 27.0
17 139 89.0
17 168 62.0
17 179 18.0
18 38 11.0
18 40 96.0
18 43 92.0
18 52 36.0
18 53 11.0
18 56 10.0
18 70 93.0
18 75 1.0
18 86 9.0
18 95 74.0
18 122 24.0
18 134 59.0
18 195 54.0
18 22 81.0
18 125 4.0
18 181 92.0
19 36 63.0
19 65 34.0
19 34 14.0
19 62 67.0
19 81 12.0
19 108 83.0
19 131 33.0
19 142 34.0
19 160 43.0
19 164 14.0
19 192 45.0
19 193 47.0
20 50 72.0
20 93 6.0
20 123 18.0
20 144 37.0
20 198 81.0
20 21 50.0
20 32 69.0
20 51 3.0
20 60 79.0
20 77 79.0
20 111 8.0
20 159 33.0
21 50 64.0
21 93 70.0
21 123 69.0
21 144 12.0
21 2 35.0
21 20 93.0
21 32 31.0
21 51 26.0
21 60 65.0
21 76 78.0
21 77 79.0
21 111 85.0
21 159 23.0
22 18 62.0
22 70 32.0
22 86 76.0
22 122 15.0
22 3 61.0
22 9 70.0
22 69 26.0
22 79 28.0
22 125 99.0
22 180 24.0
22 181 92.0
23 29 54.0
23 33 44.0
23 34 3.0
23 83 99.0
23 88 36.0
23 108 22.0
23 137 52.0
23 138 70.0
23 142 5.0
23 160 54.0
23 173 92.0
23 193 69.0
24 39 53.0
24 100 71.0
24 104 50.0
24 135 33.0
24 136 72.0
24 152 85.0
24 153 45.0
24 157 54.0
24 173 63.0
24 187 45.0
24 197 32.0
25 4 61.0
25 15 62.0
25 26 69.0
25 31 61.0
25 35 6.0
25 46 35.0
25 68 73.0
25 97 65.0
25 133 95.0
25 139 57.0
25 154 92.0
25 166 22.0
25 176 22.0
25 179 18.0
26 4 62.0
26 16 91.0
26 41 71.0
26 57 8.0
26 61 21.0
26 84 83.0
26 148 42.0
26 17 12.0
26 25 21.0
26 31 23.0
26 46 11.0
26 94 31.0
26 97 19.0
26 133 63.0
26 139 82.0
26 168 99.0
26 179 24.0
27 48 14.0
27 110 83.0
27 6 93.0
27 7 64.0
27 11 97.0
27 45 18.0
27 90 54.0
27 101 73.0
27 103 76.0
27 132 9.0
27 151 69.0
27 165 16.0
27 171 79.0
27 185 15.0
27 186 82.0
27 190 72.0
28 85 8.0
28 106 57.0
28 113 55.0
28 129 75.0
28 149 30.0
28 161 66.0
28 177 65.0
29 5 28.0
29 23 42.0
29 34 82.0
29 44 10.0
29 62 36.0
29 83 55.0
29 88 92.0
29 116 90.0
29 119 31.0
29 137 40.0
29 138 94.0
29 142 40.0
29 160 39.0
29 169 88.0
29 172 4.0
29 173 9.0
29 191 84.0
30 47 77.0
30 59 33.0
30 92 52.0
30 99 56.0
30 107 21.0
30 115 34.0
30 128 40.0
30 162 92.0
30 182 12.0
31 15 30.0
31 17 46.0
31 25 75.0
31 26 67.0
31 35 99.0
31 46 22.0
31 68 9.0
31 94 17.0
31 97 56.0
31 133 5.0
31 139 70.0
31 154 39.0
31 166 45.0
31 176 80.0
31 179 27.0
32 50 24.0
32 93 83.0
32 110 31.0
32 123 61.0
32 144 89.0
32 198 64.0
32 11 53.0
32 20 53.0
32 21 20.0
32 51 24.0
32 60 16.0
32 77 10.0
32 111 75.0
32 159 26.0
33 23 97.0
33 39 83.0
33 83 70.0
33 88 22.0
33 104 40.0
33 137 3.0
33 138 54.0
33 152 29.0
33 153 80.0
33 157 96.0
33 173 84.0
33 197 97.0
34 65 56.0
34 5 22.0
34 19 84.0
34 23 74.0
34 29 11.0
34 62 18.0
34 81 28.0
34 83 90.0
34 108 97.0
34 131 96.0
34 138 33.0
34 142 34.0
34 160 66.0
34 164 27.0
34 192 65.0
34 193 34.0
35 15 93.0
35 25 85.0
35 31 76.0
35 68 35.0
35 97 39.0
35 139 6.0
35 154 72.0
35 166 61.0
35 176 22.0
35 178 47.0
35 179 65.0
36 14 10.0
36 65 83.0
36 85 47.0
36 106 56.0
36 109 34.0
36 117 1.0
36 145 82.0
36 170 97.0
36 177 64.0
36 189 57.0
36 19 90.0
36 81 85.0
36 82 37.0
36 131 3.0
36 143 66.0
36 164 95.0
36 199 77.0
37 48 75.0
37 73 28.0
37 102 88.0
37 150 75.0
37 78 63.0
37 147 97.0
37 151 99.0
37 165 32.0
37 171 22.0
37 185 15.0
38 18 4.0
38 43 76.0
38 52 95.0
38 53 31.0
38 56 22.0
38 63 27.0
38 70 98.0
38 86 74.0
38 95 78.0
38 141 85.0
38 195 36.0
38 69 86.0
39 24 19.0
39 33 38.0
39 88 92.0
39 100 78.0
39 104 42.0
39 135 85.0
39 137 92.0
39 152 28.0
39 153 79.0
39 157 21.0
39 173 93.0
39 187 48.0
39 197 4.0
40 18 10.0
40 52 74.0
40 53 67.0
40 56 36.0
40 70 71.0
40 75 8.0
40 101 92.0
40 107 62.0
40 115 13.0
40 122 97.0
40 134 47.0
40 141 37.0
41 4 82.0
41 16 30.0
41 42 3.0
41 57 21.0
41 61 12.0
41 78 27.0
41 84 80.0
41 98 59.0
41 148 76.0
41 26 75.0
41 94 51.0
41 133 29.0
41 168 25.0
42 4 79.0
42 41 75.0
42 44 28.0
42 61 96.0
42 84 93.0
42 119 68.0
42 127 16.0
42 172 68.0
42 191 9.0
43 18 67.0
43 38 79.0
43 52 71.0
43 53 7.0
43 70 98.0
43 86 90.0
43 95 80.0
43 141 39.0
43 195 27.0
43 69 91.0
44 5 7.0
44 29 43.0
44 42 54.0
44 82 94.0
44 116 96.0
44 119 22.0
44 127 25.0
44 142 52.0
44 160 63.0
44 169 64.0
44 172 25.0
44 191 60.0
45 2 80.0
45 11 41.0
45 27 74.0
45 59 57.0
45 77 19.0
45 90 2.0
45 103 3.0
45 105 1.0
45 111 85.0
45 186 68.0
45 190 75.0
46 4 49.0
46 61 23.0
46 84 58.0
46 148 43.0
46 17 28.0
46 25 25.0
46 26 70.0
46 31 29.0
46 72 31.0
46 94 98.0
46 97 28.0
46 133 54.0
46 139 88.0
46 166 46.0
46 168 3.0
46 179 12.0
47 2 36.0
47 30 52.0
47 76 53.0
47 77 4.0
47 92 52.0
47 99 43.0
47 105 49.0
47 182 11.0
48 37 24.0
48 6 83.0
48 7 16.0
48 27 70.0
48 132 3.0
48 147 70.0
48 151 83.0
48 165 62.0
48 171 28.0
48 185 16.0
49 120 27.0
49 135 88.0
49 136 2.0
49 163 26.0
49 172 75.0
50 93 63.0
50 110 90.0
50 123 83.0
50 144 76.0
50 167 64.0
50 198 34.0
50 11 17.0
50 20 58.0
50 21 21.0
50 32 58.0
50 159 60.0
51 144 36.0
51 2 42.0
51 20 68.0
51 21 35.0
51 32 27.0
51 60 73.0
51 76 6.0
51 77 95.0
51 105 49.0
51 111 88.0
51 159 65.0
52 18 93.0
52 38 48.0
52 40 6.0
52 43 33.0
52 53 98.0
52 56 34.0
52 70 80.0
52 75 30.0
52 86 17.0
52 95 85.0
52 107 26.0
52 122 45.0
52 134 5.0
52 141 91.0
52 195 37.0
53 18 97.0
53 38 72.0
53 40 76.0
53 43 84.0
53 52 3.0
53 56 86.0
53 63 95.0
53 70 38.0
53 95 90.0
53 115 87.0
53 141 24.0
53 195 59.0
54 13 16.0
54 85 12.0
54 106 1.0
54 113 94.0
54 140 79.0
54 150 2.0
54 167 79.0
54 188 21.0
54 189 8.0
55 200 58.0
55 17 1.0
55 72 93.0
55 94 58.0
55 96 31.0
55 114 20.0
55 118 68.0
55 168 80.0
55 181 32.0
55 194 17.0
56 18 6.0
56 38 94.0
56 40 55.0
56 52 72.0
56 53 91.0
56 70 50.0
56 75 57.0
56 95 14.0
56 107 38.0
56 122 16.0
56 134 56.0
56 141 23.0
56 195 98.0
57 4 38.0
57 16 25.0
57 41 51.0
57 61 90.0
57 78 66.0
57 84 63.0
57 98 1.0
57 148 24.0
57 147 38.0
57 17 26.0
57 26 29.0
57 74 11.0
57 94 16.0
57 133 77.0
57 168 54.0
58 8 90.0
58 66 94.0
58 71 2.0
58 72 97.0
58 80 81.0
58 89 23.0
58 194 95.0
59 2 35.0
59 30 7.0
59 45 55.0
59 77 91.0
59 90 12.0
59 105 84.0
59 107 76.0
59 111 50.0
59 128 64.0
59 182 15.0
59 186 90.0
59 190 56.0
60 144 76.0
60 2 10.0
60 20 72.0
60 21 25.0
60 32 56.0
60 51 18.0
60 76 98.0
60 77 8.0
60 105 1.0
60 111 22.0
60 159 1.0
61 4 30.0
61 16 10.0
61 41 58.0
61 42 21.0
61 57 77.0
61 78 55.0
61 84 96.0
61 98 37.0
61 148 35.0
61 17 94.0
61 26 24.0
61 46 51.0
61 94 96.0
61 133 13.0
61 168 74.0
62 65 87.0
62 5 91.0
62 19 3.0
62 29 99.0
62 34 10.0
62 81 82.0
62 82 98.0
62 83 17.0
62 108 4.0
62 116 11.0
62 131 41.0
62 138 2.0
62 142 15.0
62 160 41.0
62 164 2.0
62 169 55.0
62 192 83.0
62 193 58.0
63 38 70.0
63 53 41.0
63 95 76.0
63 115 36.0
63 141 2.0
63 195 54.0
64 87 31.0
64 93 81.0
64 121 25.0
64 123 31.0
64 146 81.0
64 167 85.0
64 196 28.0
64 198 51.0
65 14 14.0
65 36 4.0
65 85 86.0
65 109 20.0
65 117 61.0
65 145 85.0
65 19 51.0
65 34 27.0
65 62 71.0
65 81 34.0
65 82 64.0
65 131 6.0
65 143 62.0
65 164 76.0
65 192 73.0
65 193 21.0
65 199 49.0
66 8 64.0
66 9 22.0
66 58 83.0
66 71 38.0
66 80 83.0
66 89 67.0
66 155 14.0
66 158 53.0
66 180 85.0
67 1 66.0
67 10 17.0
67 13 55.0
67 87 20.0
67 121 73.0
67 124 16.0
67 140 68.0
67 167 16.0
67 184 58.0
67 188 45.0
67 196 81.0
68 15 28.0
68 25 74.0
68 31 46.0
68 35 73.0
68 139 33.0
68 154 30.0
68 166 56.0
68 176 77.0
68 178 80.0
68 179 89.0
69 38 95.0
69 43 46.0
69 70 63.0
69 86 22.0
69 95 95.0
69 195 37.0
69 3 88.0
69 9 56.0
69 22 99.0
69 79 50.0
69 125 46.0
69 180 68.0
70 18 89.0
70 38 26.0
70 40 82.0
70 43 4.0
70 52 67.0
70 53 34.0
70 56 99.0
70 75 85.0
70 86 4.0
70 95 31.0
70 122 51.0
70 195 34.0
70 22 48.0
70 69 93.0
70 125 46.0
70 181 51.0
71 3 55.0
71 9 8.0
71 58 70.0
71 66 53.0
71 72 18.0
71 79 75.0
71 80 73.0
71 89 87.0
71 180 67.0
71 194 87.0
72 17 47.0
72 46 31.0
72 55 30.0
72 58 27.0
72 71 34.0
72 80 66.0
72 94 25.0
72 96 97.0
72 118 64.0
72 139 78.0
72 166 66.0
72 179 7.0
72 194 26.0
73 14 15.0
73 37 60.0
73 102 87.0
73 109 3.0
73 117 65.0
73 145 63.0
73 150 30.0
73 156 93.0
73 170 85.0
73 78 95.0
73 82 71.0
73 98 68.0
73 127 26.0
73 143 15.0
73 199 96.0
74 16 39.0
74 57 12.0
74 98 16.0
74 148 33.0
74 6 68.0
74 7 20.0
74 130 78.0
74 147 37.0
74 151 47.0
74 165 74.0
74 185 41.0
74 200 54.0
74 17 87.0
74 94 49.0
74 96 22.0
74 114 69.0
74 168 51.0
75 18 47.0
75 40 22.0
75 52 55.0
75 56 80.0
75 70 45.0
75 101 2.0
75 122 48.0
75 130 95.0
75 134 88.0
75 200 94.0
75 125 56.0
75 181 83.0
76 2 75.0
76 21 58.0
76 47 63.0
76 51 81.0
76 60 7.0
76 77 46.0
76 105 22.0
76 111 86.0
76 159 44.0
77 2 54.0
77 11 1.0
77 20 91.0
77 21 15.0
77 32 94.0
77 45 17.0
77 47 47.0
77 51 70.0
77 59 8.0
77 60 83.0
77 76 27.0
77 90 46.0
77 103 68.0
77 105 98.0
77 111 14.0
77 159 81.0
78 37 99.0
78 73 55.0
78 102 15.0
78 156 6.0
78 16 54.0
78 41 36.0
78 57 13.0
78 61 55.0
78 84 35.0
78 98 77.0
78 148 65.0
78 147 68.0
79 86 48.0
79 3 4.0
79 9 1.0
79 22 79.0
79 69 10.0
79 71 40.0
79 180 76.0
80 8 57.0
80 9 5.0
80 58 21.0
80 66 80.0
80 71 39.0
80 72 2.0
80 89 14.0
80 180 30.0
80 194 63.0
81 36 3.0
81 65 11.0
81 109 62.0
81 145 37.0
81 5 84.0
81 19 6.0
81 34 19.0
81 62 77.0
81 82 51.0
81 108 10.0
81 116 82.0
81 131 98.0
81 142 52.0
81 143 77.0
81 160 95.0
81 164 67.0
81 169 11.0
81 192 56.0
81 193 33.0
81 199 36.0
82 14 75.0
82 36 45.0
82 65 49.0
82 73 97.0
82 102 5.0
82 109 23.0
82 117 60.0
82 145 60.0
82 156 46.0
82 170 72.0
82 5 27.0
82 44 91.0
82 62 34.0
82 81 90.0
82 116 34.0
82 119 70.0
82 127 76.0
82 131 24.0
82 142 71.0
82 143 77.0
82 164 39.0
82 169 75.0
82 199 91.0
83 23 49.0
83 29 61.0
83 33 42.0
83 34 44.0
83 62 65.0
83 88 63.0
83 108 32.0
83 137 19.0
83 138 63.0
83 142 14.0
83 160 65.0
83 173 45.0
83 193 52.0
84 4 8.0
84 16 30.0
84 41 14.0
84 42 31.0
84 57 39.0
84 61 90.0
84 78 54.0
84 98 47.0
84 148 80.0
84 17 62.0
84 26 44.0
84 46 7.0
84 94 3.0
84 133 59.0
84 168 48.0
85 14 70.0
85 28 91.0
85 36 14.0
85 54 4.0
85 65 12.0
85 106 10.0
85 109 28.0
85 113 90.0
85 117 56.0
85 145 46.0
85 150 33.0
85 170 19.0
85 177 85.0
85 189 4.0
85 131 21.0
85 199 66.0
86 18 79.0
86 38 12.0
86 43 58.0
86 52 62.0
86 70 53.0
86 95 48.0
86 122 13.0
86 195 27.0
86 22 69.0
86 69 99.0
86 79 7.0
86 125 82.0
86 181 32.0
87 13 45.0
87 64 65.0
87 67 77.0
87 121 96.0
87 124 62.0
87 140 18.0
87 146 45.0
87 167 24.0
87 184 18.0
87 188 23.0
87 196 95.0
88 23 34.0
88 29 96.0
88 33 11.0
88 39 54.0
88 83 56.0
88 108 48.0
88 137 45.0
88 138 80.0
88 142 30.0
88 160 20.0
88 173 9.0
89 8 96.0
89 58 75.0
89 66 46.0
89 71 18.0
89 80 76.0
89 112 52.0
89 155 42.0
89 158 26.0
89 183 17.0
90 2 12.0
90 11 11.0
90 27 95.0
90 45 4.0
90 59 84.0
90 77 65.0
90 103 24.0
90 105 40.0
90 107 58.0
90 111 81.0
90 182 35.0
90 186 98.0
90 190 80.0
91 92 72.0
91 99 87.0
91 162 71.0
92 30 38.0
92 47 6.0
92 91 45.0
92 99 57.0
92 162 17.0
93 50 87.0
93 64 72.0
93 123 64.0
93 144 53.0
93 146 81.0
93 167 68.0
93 196 8.0
93 198 95.0
93 20 31.0
93 21 26.0
93 32 20.0
93 159 35.0
94 16 26.0
94 41 35.0
94 57 79.0
94 61 81.0
94 84 91.0
94 148 86.0
94 17 65.0
94 26 50.0
94 31 93.0
94 46 94.0
94 55 41.0
94 72 82.0
94 74 88.0
94 97 9.0
94 114 28.0
94 118 15.0
94 133 50.0
94 139 98.0
94 168 13.0
94 179 14.0
95 18 97.0
95 38 64.0
95 43 90.0
95 52 38.0
95 53 59.0
95 56 75.0
95 63 81.0
95 70 85.0
95 86 65.0
95 141 33.0
95 195 12.0
95 69 86.0
96 122 56.0
96 130 53.0
96 200 79.0
96 17 17.0
96 55 41.0
96 72 70.0
96 74 31.0
96 114 45.0
96 118 3.0
96 125 95.0
96 168 8.0
96 181 76.0
96 194 86.0
97 4 14.0
97 17 3.0
97 25 18.0
97 26 50.0
97 31 58.0
97 35 90.0
97 46 77.0
97 94 57.0
97 133 76.0
97 139 22.0
97 166 87.0
97 179 59.0
98 73 97.0
98 16 25.0
98 41 95.0
98 57 51.0
98 61 26.0
98 78 41.0
98 84 34.0
98 148 50.0
98 147 76.0
98 165 44.0
98 74 86.0
98 168 83.0
99 30 63.0
99 47 88.0
99 91 74.0
99 92 81.0
99 107 44.0
99 115 2.0
99 128 8.0
99 162 27.0
99 182 37.0
100 24 39.0
100 39 86.0
100 104 79.0
100 135 1.0
100 136 66.0
100 152 93.0
100 153 23.0
100 157 56.0
100 173 96.0
100 187 10.0
100 197 75.0
101 6 65.0
101 7 68.0
101 27 21.0
101 40 57.0
101 75 99.0
101 122 82.0
101 130 57.0
101 134 14.0
101 151 94.0
101 165 40.0
101 171 61.0
101 185 46.0
101 186 26.0
101 190 57.0
101 200 60.0
101 181 32.0
102 14 50.0
102 37 41.0
102 73 30.0
102 109 3.0
102 117 31.0
102 145 99.0
102 150 46.0
102 156 47.0
102 170 86.0
102 189 72.0
102 78 53.0
102 82 46.0
102 143 17.0
102 199 32.0
103 110 19.0
103 2 77.0
103 11 18.0
103 27 98.0
103 45 24.0
103 77 88.0
103 90 51.0
103 105 62.0
103 111 82.0
103 132 1.0
103 171 85.0
103 186 53.0
103 190 23.0
104 24 25.0
104 33 52.0
104 39 85.0
104 100 34.0
104 152 15.0
104 153 30.0
104 157 81.0
104 187 13.0
105 2 86.0
105 11 15.0
105 45 59.0
105 47 19.0
105 51 55.0
105 59 50.0
105 60 52.0
105 76 43.0
105 77 48.0
105 90 60.0
105 103 48.0
105 111 28.0
105 159 99.0
105 190 83.0
106 14 48.0
106 28 20.0
106 36 98.0
106 54 91.0
106 85 5.0
106 109 58.0
106 113 33.0
106 117 69.0
106 150 5.0
106 177 24.0
106 189 16.0
107 30 69.0
107 40 26.0
107 52 90.0
107 56 92.0
107 59 45.0
107 90 58.0
107 99 91.0
107 115 91.0
107 128 48.0
107 141 14.0
107 162 54.0
107 182 86.0
108 19 13.0
108 23 38.0
108 34 77.0
108 62 15.0
108 81 38.0
108 83 12.0
108 88 60.0
108 138 55.0
108 142 69.0
108 160 2.0
108 164 76.0
108 192 13.0
108 193 79.0
109 14 13.0
109 36 48.0
109 65 50.0
109 73 81.0
109 85 88.0
109 102 71.0
109 106 79.0
109 117 49.0
109 145 49.0
109 150 67.0
109 156 15.0
109 170 55.0
109 189 63.0
109 81 24.0
109 82 68.0
109 131 32.0
109 143 20.0
109 164 82.0
109 169 2.0
109 199 27.0
110 50 55.0
110 123 34.0
110 198 28.0
110 11 31.0
110 27 2.0
110 32 86.0
110 103 76.0
110 111 84.0
110 132 31.0
110 159 43.0
111 110 84.0
111 2 86.0
111 11 60.0
111 20 48.0
111 21 73.0
111 32 79.0
111 45 42.0
111 51 39.0
111 59 24.0
111 60 53.0
111 76 66.0
111 77 37.0
111 90 11.0
111 103 4.0
111 105 38.0
111 159 89.0
112 8 20.0
112 89 31.0
112 126 53.0
112 155 3.0
112 158 81.0
112 174 36.0
112 175 47.0
112 183 39.0
113 28 3.0
113 54 49.0
113 85 2.0
113 106 90.0
113 129 76.0
113 140 84.0
113 149 54.0
113 161 8.0
113 177 75.0
113 184 82.0
113 188 25.0
114 148 32.0
114 7 6.0
114 130 66.0
114 147 30.0
114 165 97.0
114 200 19.0
114 17 3.0
114 55 91.0
114 74 38.0
114 94 25.0
114 96 26.0
114 118 97.0
114 168 2.0
115 30 43.0
115 40 20.0
115 53 3.0
115 63 81.0
115 99 81.0
115 107 67.0
115 128 30.0
115 141 52.0
115 162 69.0
115 182 70.0
116 145 24.0
116 5 54.0
116 29 40.0
116 44 42.0
116 62 17.0
116 81 68.0
116 82 60.0
116 119 45.0
116 127 32.0
116 131 22.0
116 142 49.0
116 143 45.0
116 160 63.0
116 164 80.0
116 169 29.0
116 191 67.0
116 199 17.0
117 14 25.0
117 36 59.0
117 65 83.0
117 73 75.0
117 85 49.0
117 102 96.0
117 106 63.0
117 109 73.0
117 145 93.0
117 150 11.0
117 156 43.0
117 170 69.0
117 189 99.0
117 82 66.0
117 131 87.0
117 143 47.0
117 164 72.0
117 199 33.0
118 200 47.0
118 17 9.0
118 55 46.0
118 72 53.0
118 94 97.0
118 96 29.0
118 114 81.0
118 168 48.0
118 181 93.0
118 194 39.0
119 5 66.0
119 29 73.0
119 42 85.0
119 44 26.0
119 82 43.0
119 116 57.0
119 127 22.0
119 143 94.0
119 169 62.0
119 172 90.0
119 191 11.0
120 49 33.0
120 135 70.0
120 136 44.0
120 163 23.0
120 172 84.0
120 191 14.0
121 1 67.0
121 13 94.0
121 64 87.0
121 67 90.0
121 87 47.0
121 124 21.0
121 140 87.0
121 146 5.0
121 167 65.0
121 184 71.0
121 188 89.0
121 196 33.0
122 18 65.0
122 40 70.0
122 52 5.0
122 56 86.0
122 70 14.0
122 75 6.0
122 86 18.0
122 101 28.0
122 130 96.0
122 134 51.0
122 200 66.0
122 22 5.0
122 96 7.0
122 125 20.0
122 181 67.0
123 50 88.0
123 64 52.0
123 93 68.0
123 110 76.0
123 144 10.0
123 146 24.0
123 167 86.0
123 198 92.0
123 11 67.0
123 20 60.0
123 21 67.0
123 32 46.0
123 159 11.0
124 1 85.0
124 10 88.0
124 67 35.0
124 87 5.0
124 121 69.0
124 140 36.0
124 184 51.0
124 196 62.0
125 18 64.0
125 70 55.0
125 75 65.0
125 86 32.0
125 122 27.0
125 134 60.0
125 200 10.0
125 22 89.0
125 69 38.0
125 96 9.0
125 181 69.0
126 112 71.0
126 155 60.0
126 158 30.0
126 174 78.0
127 73 80.0
127 145 45.0
127 156 94.0
127 170 58.0
127 5 61.0
127 42 24.0
127 44 39.0
127 82 94.0
127 116 8.0
127 119 77.0
127 143 79.0
127 169 85.0
127 191 2.0
127 199 62.0
128 30 10.0
128 59 26.0
128 99 65.0
128 107 26.0
128 115 32.0
128 162 99.0
128 182 75.0
129 28 9.0
129 113 42.0
129 149 2.0
129 161 19.0
129 177 56.0
130 6 27.0
130 7 54.0
130 75 23.0
130 101 31.0
130 122 64.0
130 134 35.0
130 147 21.0
130 151 91.0
130 165 40.0
130 185 72.0
130 186 47.0
130 200 81.0
130 74 38.0
130 96 65.0
130 114 25.0
130 181 18.0
131 14 14.0
131 36 34.0
131 65 91.0
131 85 19.0
131 109 46.0
131 117 71.0
131 145 99.0
131 156 49.0
131 170 22.0
131 189 9.0
131 5 22.0
131 19 98.0
131 34 60.0
131 62 42.0
131 81 52.0
131 82 4.0
131 116 54.0
131 143 91.0
131 164 86.0
131 169 68.0
131 192 72.0
131 199 7.0
132 48 74.0
132 110 97.0
132 11 10.0
132 27 86.0
132 103 52.0
132 151 2.0
132 171 33.0
132 185 54.0
132 186 98.0
132 190 46.0
133 4 64.0
133 16 44.0
133 41 36.0
133 57 57.0
133 61 34.0
133 84 95.0
133 148 16.0
133 17 18.0
133 25 43.0
133 26 77.0
133 31 77.0
133 46 46.0
133 94 27.0
133 97 57.0
133 139 94.0
133 168 12.0
133 179 27.0
134 6 73.0
134 18 23.0
134 40 55.0
134 52 65.0
134 56 93.0
134 75 5.0
134 101 26.0
134 122 67.0
134 130 2.0
134 186 17.0
134 190 47.0
134 200 7.0
134 125 71.0
134 181 32.0
135 24 42.0
135 39 91.0
135 49 79.0
135 100 23.0
135 120 37.0
135 136 26.0
135 137 58.0
135 163 42.0
135 172 60.0
135 173 12.0
135 187 33.0
135 197 15.0
136 24 23.0
136 49 12.0
136 100 18.0
136 120 16.0
136 135 38.0
136 163 85.0
136 187 96.0
136 197 19.0
137 23 8.0
137 29 50.0
137 33 94.0
137 39 94.0
137 83 31.0
137 88 82.0
137 135 97.0
137 138 87.0
137 142 59.0
137 160 26.0
137 173 33.0
137 197 73.0
138 5 36.0
138 23 59.0
138 29 48.0
138 33 45.0
138 34 78.0
138 62 92.0
138 83 86.0
138 88 44.0
138 108 86.0
138 137 38.0
138 142 37.0
138 160 29.0
138 173 70.0
138 193 78.0
139 15 85.0
139 17 91.0
139 25 40.0
139 26 48.0
139 31 75.0
139 35 18.0
139 46 59.0
139 68 50.0
139 72 76.0
139 94 67.0
139 97 65.0
139 133 82.0
139 166 65.0
139 176 24.0
139 179 75.0
140 13 38.0
140 54 66.0
140 67 15.0
140 87 34.0
140 113 66.0
140 121 83.0
140 124 88.0
140 167 4.0
140 184 91.0
140 188 18.0
141 38 15.0
141 40 48.0
141 43 38.0
141 52 82.0
141 53 9.0
141 56 78.0
141 63 39.0
141 95 86.0
141 107 66.0
141 115 60.0
141 195 11.0
142 5 81.0
142 19 80.0
142 23 66.0
142 29 41.0
142 34 86.0
142 44 34.0
142 62 99.0
142 81 36.0
142 82 84.0
142 83 43.0
142 88 65.0
142 108 91.0
142 116 44.0
142 137 27.0
142 138 72.0
142 160 9.0
142 164 36.0
142 169 55.0
142 193 13.0
143 14 81.0
143 36 63.0
143 65 77.0
143 73 20.0
143 102 83.0
143 109 30.0
143 117 37.0
143 145 88.0
143 150 38.0
143 156 4.0
143 170 45.0
143 189 50.0
143 5 68.0
143 81 6.0
143 82 60.0
143 116 43.0
143 119 16.0
143 127 71.0
143 131 65.0
143 164 69.0
143 169 55.0
143 199 10.0
144 50 77.0
144 93 94.0
144 123 81.0
144 146 43.0
144 198 6.0
144 20 98.0
144 21 70.0
144 32 6.0
144 51 5.0
144 60 73.0
144 159 38.0
145 14 95.0
145 36 25.0
145 65 17.0
145 73 61.0
145 85 61.0
145 102 18.0
145 109 16.0
145 117 63.0
145 150 6.0
145 156 16.0
145 170 4.0
145 189 68.0
145 5 43.0
145 81 16.0
145 82 18.0
145 116 71.0
145 127 37.0
145 131 90.0
145 143 53.0
145 164 30.0
145 169 94.0
145 199 65.0
146 13 15.0
146 64 20.0
146 87 31.0
146 93 60.0
146 121 74.0
146 123 29.0
146 144 86.0
146 167 26.0
146 196 43.0
146 198 12.0
147 37 70.0
147 48 78.0
147 16 28.0
147 57 75.0
147 78 61.0
147 98 27.0
147 148 1.0
147 6 77.0
147 7 86.0
147 130 79.0
147 151 33.0
147 165 79.0
147 171 6.0
147 185 39.0
147 200 15.0
147 74 32.0
147 114 23.0
147 168 20.0
148 4 62.0
148 16 79.0
148 41 32.0
148 57 62.0
148 61 78.0
148 78 34.0
148 84 73.0
148 98 6.0
148 147 6.0
148 17 95.0
148 26 44.0
148 46 29.0
148 74 16.0
148 94 5.0
148 114 61.0
148 133 72.0
148 168 72.0
149 10 55.0
149 28 23.0
149 113 85.0
149 129 89.0
149 161 75.0
149 177 40.0
150 14 26.0
150 37 53.0
150 54 95.0
150 73 61.0
150 85 14.0
150 102 63.0
150 106 77.0
150 109 5.0
150 117 88.0
150 145 72.0
150 156 32.0
150 170 24.0
150 189 81.0
150 143 75.0
150 199 83.0
151 37 66.0
151 48 2.0
151 6 98.0
151 7 76.0
151 27 13.0
151 101 64.0
151 130 89.0
151 132 69.0
151 147 29.0
151 165 63.0
151 171 91.0
151 185 8.0
151 186 79.0
151 74 64.0
152 24 32.0
152 33 69.0
152 39 56.0
152 100 20.0
152 104 4.0
152 153 55.0
152 157 94.0
152 187 94.0
152 197 29.0
153 24 17.0
153 33 22.0
153 39 34.0
153 100 67.0
153 104 36.0
153 152 73.0
153 157 54.0
153 173 96.0
153 187 9.0
153 197 98.0
154 12 98.0
154 25 36.0
154 31 56.0
154 35 25.0
154 68 72.0
154 176 62.0
155 8 41.0
155 66 9.0
155 89 67.0
155 112 55.0
155 126 77.0
155 158 60.0
155 174 3.0
155 175 9.0
155 183 96.0
156 14 42.0
156 73 20.0
156 102 87.0
156 109 93.0
156 117 94.0
156 145 20.0
156 150 71.0
156 170 72.0
156 189 34.0
156 78 90.0
156 82 12.0
156 127 81.0
156 131 5.0
156 143 20.0
156 169 23.0
156 199 1.0
157 24 34.0
157 33 21.0
157 39 82.0
157 100 12.0
157 104 53.0
157 152 43.0
157 153 50.0
157 173 85.0
157 187 25.0
157 197 16.0
158 8 98.0
158 66 40.0
158 89 70.0
158 112 66.0
158 126 82.0
158 155 50.0
158 174 71.0
158 183 15.0
159 50 39.0
159 93 15.0
159 110 65.0
159 123 36.0
159 144 26.0
159 2 96.0
159 11 94.0
159 20 10.0
159 21 53.0
159 32 63.0
159 51 8.0
159 60 38.0
159 76 43.0
159 77 98.0
159 105 21.0
159 111 68.0
160 5 16.0
160 19 51.0
160 23 93.0
160 29 20.0
160 34 37.0
160 44 76.0
160 62 36.0
160 81 46.0
160 83 84.0
160 88 27.0
160 108 98.0
160 116 18.0
160 137 72.0
160 138 42.0
160 142 50.0
160 164 97.0
160 169 17.0
160 193 92.0
161 28 65.0
161 113 59.0
161 129 17.0
161 149 13.0
161 177 56.0
162 30 13.0
162 91 40.0
162 92 54.0
162 99 1.0
162 107 25.0
162 115 84.0
162 128 7.0
162 182 26.0
163 49 44.0
163 120 80.0
163 135 67.0
163 136 59.0
163 172 12.0
163 173 40.0
163 187 98.0
163 191 96.0
163 197 5.0
164 14 87.0
164 36 59.0
164 65 45.0
164 109 21.0
164 117 58.0
164 145 83.0
164 5 21.0
164 19 49.0
164 34 21.0
164 62 90.0
164 81 70.0
164 82 55.0
164 108 78.0
164 116 74.0
164 131 96.0
164 142 59.0
164 143 74.0
164 160 18.0
164 169 32.0
164 192 20.0
164 193 86.0
164 199 44.0
165 37 93.0
165 48 12.0
165 16 64.0
165 98 35.0
165 6 8.0
165 7 43.0
165 27 7.0
165 101 77.0
165 130 46.0
165 147 87.0
165 151 3.0
165 171 19.0
165 185 82.0
165 200 60.0
165 74 8.0
165 114 93.0
165 168 76.0
166 15 56.0
166 25 30.0
166 31 16.0
166 35 57.0
166 46 46.0
166 68 25.0
166 72 61.0
166 97 73.0
166 139 45.0
166 176 80.0
166 179 30.0
167 13 91.0
167 50 71.0
167 54 79.0
167 64 13.0
167 67 31.0
167 87 69.0
167 93 7.0
167 121 12.0
167 123 88.0
167 140 18.0
167 146 35.0
167 184 24.0
167 188 28.0
167 196 96.0
167 198 85.0
168 16 44.0
168 41 32.0
168 57 99.0
168 61 22.0
168 84 32.0
168 98 13.0
168 148 55.0
168 7 74.0
168 147 89.0
168 165 20.0
168 200 44.0
168 17 26.0
168 26 91.0
168 46 1.0
168 55 25.0
168 74 8.0
168 94 43.0
168 96 59.0
168 114 47.0
168 118 6.0
168 133 95.0
169 109 13.0
169 145 57.0
169 156 26.0
169 170 81.0
169 5 22.0
169 29 18.0
169 44 17.0
169 62 21.0
169 81 29.0
169 82 27.0
169 116 8.0
169 119 42.0
169 127 71.0
169 131 50.0
169 142 18.0
169 143 59.0
169 160 97.0
169 164 97.0
169 199 27.0
170 14 49.0
170 36 1.0
170 73 4.0
170 85 13.0
170 102 58.0
170 109 51.0
170 117 59.0
170 145 50.0
170 150 57.0
170 156 68.0
170 189 78.0
170 82 57.0
170 127 76.0
170 131 24.0
170 143 83.0
170 169 75.0
170 199 13.0
171 37 95.0
171 48 19.0
171 6 10.0
171 7 16.0
171 11 41.0
171 27 74.0
171 101 49.0
171 103 37.0
171 132 65.0
171 147 76.0
171 151 25.0
171 165 18.0
171 185 65.0
171 186 37.0
171 190 14.0
172 29 67.0
172 42 62.0
172 44 9.0
172 49 17.0
172 119 99.0
172 120 87.0
172 135 90.0
172 163 95.0
172 191 33.0
173 23 6.0
173 24 19.0
173 29 35.0
173 33 82.0
173 39 7.0
173 83 79.0
173 88 21.0
173 100 48.0
173 135 86.0
173 137 38.0
173 138 31.0
173 153 56.0
173 157 58.0
173 163 71.0
173 187 1.0
173 197 32.0
174 112 24.0
174 126 17.0
174 155 16.0
174 158 41.0
175 8 44.0
175 112 50.0
175 155 64.0
175 178 4.0
175 183 65.0
176 15 75.0
176 25 23.0
176 31 81.0
176 35 10.0
176 68 33.0
176 139 3.0
176 154 17.0
176 166 22.0
176 178 31.0
176 179 42.0
176 183 63.0
177 28 58.0
177 36 77.0
177 85 44.0
177 106 10.0
177 113 19.0
177 129 99.0
177 149 78.0
177 161 35.0
178 15 83.0
178 35 50.0
178 68 7.0
178 175 5.0
178 176 79.0
178 183 38.0
179 15 53.0
179 17 88.0
179 25 96.0
179 26 76.0
179 31 74.0
179 35 82.0
179 46 85.0
179 68 86.0
179 72 53.0
179 94 19.0
179 97 39.0
179 133 3.0
179 139 89.0
179 166 99.0
179 176 83.0
180 3 4.0
180 9 96.0
180 22 77.0
180 66 27.0
180 69 14.0
180 71 76.0
180 79 43.0
180 80 31.0
181 18 31.0
181 70 75.0
181 75 71.0
181 86 78.0
181 101 19.0
181 122 23.0
181 130 28.0
181 134 95.0
181 200 11.0
181 22 68.0
181 55 1.0
181 96 94.0
181 118 83.0
181 125 97.0
182 30 82.0
182 47 49.0
182 59 45.0
182 90 72.0
182 99 13.0
182 107 14.0
182 115 58.0
182 128 68.0
182 162 92.0
183 8 34.0
183 15 88.0
183 89 70.0
183 112 18.0
183 155 55.0
183 158 59.0
183 175 48.0
183 176 72.0
183 178 78.0
184 1 84.0
184 13 39.0
184 67 12.0
184 87 20.0
184 113 83.0
184 121 99.0
184 124 6.0
184 140 96.0
184 167 6.0
184 188 64.0
184 196 85.0
185 37 15.0
185 48 58.0
185 6 63.0
185 7 71.0
185 27 98.0
185 101 59.0
185 130 25.0
185 132 12.0
185 147 25.0
185 151 80.0
185 165 85.0
185 171 37.0
185 186 91.0
185 74 59.0
186 6 51.0
186 27 58.0
186 45 37.0
186 59 72.0
186 90 73.0
186 101 90.0
186 103 58.0
186 130 75.0
186 132 76.0
186 134 58.0
186 151 96.0
186 171 70.0
186 185 97.0
186 190 46.0
187 24 23.0
187 39 24.0
187 100 38.0
187 104 24.0
187 135 62.0
187 136 23.0
187 152 17.0
187 153 46.0
187 157 73.0
187 163 49.0
187 173 87.0
187 197 6.0
188 13 63.0
188 54 61.0
188 67 95.0
188 87 31.0
188 113 68.0
188 121 5.0
188 140 33.0
188 167 24.0
188 184 97.0
189 14 75.0
189 36 48.0
189 54 69.0
189 85 58.0
189 102 58.0
189 106 6.0
189 109 18.0
189 117 23.0
189 145 95.0
189 150 20.0
189 156 53.0
189 170 16.0
189 131 46.0
189 143 33.0
189 199 8.0
190 2 13.0
190 6 77.0
190 27 89.0
190 45 11.0
190 59 28.0
190 90 73.0
190 101 55.0
190 103 40.0
190 105 97.0
190 132 35.0
190 134 64.0
190 171 87.0
190 186 7.0
191 4 41.0
191 5 31.0
191 29 82.0
191 42 8.0
191 44 61.0
191 116 84.0
191 119 95.0
191 120 33.0
191 127 15.0
191 163 2.0
191 172 80.0
192 65 75.0
192 19 45.0
192 34 71.0
192 62 43.0
192 81 19.0
192 108 5.0
192 131 18.0
192 164 89.0
192 193 88.0
193 65 64.0
193 19 88.0
193 23 76.0
193 34 66.0
193 62 93.0
193 81 47.0
193 83 52.0
193 108 82.0
193 138 17.0
193 142 87.0
193 160 12.0
193 164 59.0
193 192 44.0
194 9 16.0
194 55 72.0
194 58 14.0
194 71 20.0
194 72 64.0
194 80 34.0
194 96 2.0
194 118 78.0
195 18 61.0
195 38 24.0
195 43 63.0
195 52 85.0
195 53 51.0
195 56 86.0
195 63 11.0
195 70 89.0
195 86 85.0
195 95 76.0
195 141 52.0
195 69 60.0
196 13 15.0
196 64 81.0
196 67 6.0
196 87 50.0
196 93 39.0
196 121 38.0
196 124 80.0
196 146 83.0
196 167 40.0
196 184 8.0
197 24 71.0
197 33 22.0
197 39 82.0
197 100 43.0
197 135 3.0
197 136 93.0
197 137 17.0
197 152 12.0
197 153 75.0
197 157 74.0
197 163 3.0
197 173 36.0
197 187 17.0
198 13 98.0
198 50 53.0
198 64 79.0
198 93 60.0
198 110 69.0
198 123 79.0
198 144 31.0
198 146 32.0
198 167 92.0
198 11 1.0
198 20 45.0
198 32 61.0
199 14 70.0
199 36 23.0
199 65 43.0
199 73 16.0
199 85 64.0
199 102 49.0
199 109 10.0
199 117 7.0
199 145 93.0
199 150 37.0
199 156 28.0
199 170 77.0
199 189 54.0
199 5 24.0
199 81 31.0
199 82 4.0
199 116 92.0
199 127 86.0
199 131 70.0
199 143 3.0
199 164 44.0
199 169 13.0
200 6 31.0
200 7 11.0
200 75 44.0
200 101 46.0
200 122 5.0
200 130 61.0
200 134 78.0
200 147 85.0
200 165 38.0
200 55 60.0
200 74 4.0
200 96 85.0
200 114 73.0
200 118 56.0
200 125 66.0
200 168 91.0
200 181 34.0
