1.6513119873995619 22.254337248401136 0.0
27.03079697091182 133.83882200407095 0.0
129.22913931647278 195.05302981394007 0.0
146.8112984083686 84.37322743355746 0.0
127.37873882466853 39.86619542179635 0.0
83.29979913975909 124.01013658889953 0.0
92.14257198636895 114.42041368084297 0.0
177.24905925570488 164.81820175313894 0.0
129.44249821729093 179.67454912515092 0.0
17.41144885606296 6.15286768270864 0.0
42.21595815284469 105.1737885905875 0.0
196.58959504146486 97.17640631667285 0.0
33.86773625045907 55.613466798146916 0.0
91.6839677388923 51.18407709956831 0.0
174.89416098804094 131.68999318437028 0.0
118.98863785345715 96.23945945609402 0.0
133.6377953283985 118.98043868999093 0.0
85.71292029495856 167.91130965041512 0.0
107.48261637383638 10.506201041775576 0.0
9.683319329925366 102.44320367960896 0.0
7.400926892888227 111.80038013701888 0.0
111.40666252170779 172.47627743159018 0.0
146.61501349821015 11.71249820139737 0.0
196.1518581473897 22.48455316178104 0.0
163.23802924574963 107.84828748188573 0.0
138.43437816385807 107.37132554475686 0.0
67.11014954295055 112.45625062232452 0.0
57.26399094796575 15.214124456839496 0.0
142.64766691307176 32.736900395316624 0.0
27.742960737530286 163.93489610475575 0.0
162.37417951021934 118.96452631302824 0.0
13.078381350979452 101.711070320091 0.0
169.90463469446257 4.47547178671337 0.0
120.79898826024915 12.232234959103327 0.0
176.5045545061122 123.4908763422668 0.0
87.94323349805893 28.446248184844446 0.0
81.94830048335149 85.9060661198178 0.0
82.21207115270433 192.22761310998817 0.0
178.25183525605516 12.592633660300923 0.0
69.55640587128282 162.4400552628765 0.0
123.95697361035612 90.42347986914598 0.0
143.39575319532327 70.15429981189077 0.0
86.99569056145427 193.14505629677762 0.0
136.64120265973366 47.32109012805441 0.0
45.76459091026723 132.38513787816942 0.0
144.92231306077093 113.98854294440342 0.0
10.891295784644829 152.49853495833682 0.0
77.89420248902954 99.19201894474415 0.0
184.27589424897442 63.617183034594184 0.0
25.22761203275705 91.93378916302748 0.0
7.342391897725675 119.18511857660792 0.0
74.86124069442126 171.20872424423305 0.0
67.03642598355755 187.42298040338073 0.0
53.322330961918205 47.821421779267006 0.0
125.95726041545936 140.58058528023173 0.0
71.3979124026092 165.7791725253241 0.0
122.11354142384077 91.50035307063489 0.0
153.1657793220579 157.33425334314387 0.0
44.14385537631516 143.92834661424595 0.0
2.3707766778599204 123.28811285500161 0.0
129.44473049596314 91.17371272448325 0.0
117.35856428321551 18.959016606782676 0.0
55.50032534009326 197.13144079267545 0.0
4.255553001654699 66.25390416452636 0.0
98.80943426521729 24.347427558039048 0.0
157.8103488584477 183.57410127300352 0.0
21.157248522593886 35.71879402918854 0.0
180.2885007722631 127.82375179998166 0.0
109.58068279138158 189.58659797115135 0.0
91.03897064951471 176.57880851977723 0.0
144.2277171782218 172.39206980665466 0.0
142.82732226730545 143.51352734299005 0.0
97.41275934530628 68.73153646244378 0.0
105.75713683731101 116.47036921436518 0.0
77.52161670273188 155.55936112638568 0.0
5.577754423723236 135.09851335538323 0.0
23.021138483824856 125.45218924356179 0.0
110.40299823467072 83.77491883184318 0.0
124.68031156292841 193.2619040368655 0.0
148.342131763693 165.56125153389368 0.0
108.21096410651214 21.148755733998637 0.0
108.27077781425223 44.23879569123823 0.0
144.88798368774326 8.900143478672028 0.0
126.94619757961144 94.00276589319215 0.0
74.31032542217308 39.60471813644584 0.0
97.89779974250001 180.18627356759063 0.0
21.31587864087383 45.16533421574458 0.0
151.000369710765 9.423436320887667 0.0
168.16454777475175 161.79862814812083 0.0
46.36406303994918 133.95010274375048 0.0
3.455736501843787 182.58299149842378 0.0
2.1517275939995306 172.27973004782163 0.0
10.847781588518558 82.28074230861226 0.0
133.16071334945184 117.28102569451818 0.0
83.49858379951327 189.07438763946138 0.0
115.48296715413757 142.72306786738756 0.0
154.2481287339673 108.52094095654698 0.0
112.28355544247412 90.64255653031867 0.0
16.91525432198542 166.94235401413138 0.0
196.7146095879691 24.427084801273267 0.0
80.68254040044762 134.63402974619893 0.0
90.2079733560887 66.29724850754776 0.0
47.394745111477434 113.68769344411629 0.0
197.8666435523379 2.909494990131445 0.0
30.697768990332342 130.88874097717158 0.0
67.40141122162396 39.090755124057665 0.0
46.29679185938094 163.0623507175909 0.0
124.03591512235508 7.254848818781179 0.0
94.21358576900315 40.40670505162707 0.0
41.029693760743726 98.83983907146252 0.0
26.77482514437608 122.76569835924163 0.0
193.945476322701 174.14442036665326 0.0
50.1645393348737 24.457585632556047 0.0
116.51348703141468 128.23068671679516 0.0
42.72559487127645 175.1901047741534 0.0
126.92215742421509 43.09946699948188 0.0
89.79651879779802 47.75665030767773 0.0
125.59106366059403 140.1336957962409 0.0
132.72169438892666 57.622101646166946 0.0
178.95864682442436 61.844130485394075 0.0
8.77431775392834 45.17107613070819 0.0
98.54369251760421 158.24102395802197 0.0
19.083276115178393 88.30532814545111 0.0
0.5162200245724335 30.69419015896091 0.0
103.2565121192026 161.24113816494875 0.0
188.23985431793002 194.93315077377747 0.0
122.24512607227314 54.77157925670617 0.0
38.724510300276705 164.87798669019392 0.0
55.09386430080312 3.9226325549967855 0.0
93.65457777943118 130.28067380028673 0.0
100.57545025541874 30.846143233323218 0.0
56.63448493011693 103.69567780821865 0.0
141.3075026937734 103.95672546489808 0.0
80.52010527128604 146.08763750448082 0.0
175.80254768846862 38.73372419647689 0.0
192.18085715662613 45.42315794765399 0.0
153.0031441164308 21.273488511459625 0.0
146.76417214684682 18.88258136091945 0.0
154.20562325171014 122.59116617691555 0.0
29.510278048037343 36.86685532149356 0.0
58.8776126421108 189.83539398742892 0.0
130.39211615130256 25.76361338525819 0.0
103.7260477560064 49.993258227148154 0.0
5.331453498638483 96.47561470887922 0.0
98.47387624728066 42.326975368962174 0.0
7.469099605214047 67.00375948787709 0.0
97.15527811516222 107.69784137214103 0.0
122.94350222388255 99.91603592375627 0.0
40.340862184138594 6.096954714293457 0.0
77.85866224493323 59.322744409467006 0.0
81.55563333205002 108.11648659541038 0.0
196.59880876658198 7.0173585336267275 0.0
190.2543514738912 11.75903797767901 0.0
186.3739008320161 103.73161406516944 0.0
184.07029859279055 172.89700784199144 0.0
98.85654878953538 58.992282165899624 0.0
184.65509272941884 5.857675375180538 0.0
176.99746212020324 181.85630290500242 0.0
14.278704010692689 110.02400025901598 0.0
133.5832345482312 24.839900887905774 0.0
54.460508719212086 9.004992296709924 0.0
27.826655722890116 184.6464771410137 0.0
173.25356835786096 50.84374961176488 0.0
107.25646228932446 25.837005397509436 0.0
94.40615525279843 110.89518343055084 0.0
164.39990476209928 127.37587516806721 0.0
29.47584522325746 63.419642001167766 0.0
121.22811857144826 117.02402240746723 0.0
123.07323576408444 43.60256218373453 0.0
99.06080358897383 54.84040897347875 0.0
71.7638574647789 108.62446303398296 0.0
157.60334199299717 54.59184049011843 0.0
168.75837438620042 24.56960127785277 0.0
194.0160079073852 190.66026425368403 0.0
199.372796299375 155.37569321988798 0.0
181.3914392089154 128.07573663126078 0.0
66.3419404634595 10.691119350782596 0.0
195.74324894241585 134.59224962211002 0.0
159.42093795399384 121.42018129613386 0.0
131.5850144682243 186.26273769641466 0.0
100.31119136901192 154.90094497355682 0.0
38.40565675217511 161.75866391887143 0.0
191.7987139882447 156.07433950689605 0.0
23.823584570011658 35.71853420078179 0.0
79.09436713138116 106.66723228436506 0.0
63.92871561714708 127.69890667448908 0.0
191.71698672144905 31.32617548274983 0.0
37.29791909810771 40.840350621559196 0.0
75.86215722042293 47.802764119267316 0.0
56.396052996806276 133.15009030743892 0.0
150.05068822671112 57.70538372355731 0.0
108.55134653973198 4.341876232869479 0.0
120.95264766392017 4.996406410792087 0.0
138.42032985340333 152.46291934086406 0.0
81.6341787950274 191.32776215636233 0.0
4.834276579148766 57.07662940952933 0.0
181.07607794827143 30.472033342723925 0.0
27.145462144862886 79.55905200489117 0.0
101.66446396055684 48.520181241928114 0.0
99.66822834544713 136.1059174944466 0.0
