2 930
3 45
5 310
12 762
17 762
19 173
18 856
25 922
26 66
30 187
34 986
35 149
32 159
33 295
36 793
37 107
42 690
41 273
47 88
45 414
50 132
49 772
55 893
59 339
58 977
57 499
60 256
66 816
67 495
76 387
77 212
78 223
72 41
74 849
75 579
85 232
84 908
87 557
86 290
80 125
83 701
93 11
92 694
94 839
89 68
103 2
101 793
99 415
96 114
97 262
110 381
109 70
106 155
104 200
105 996
119 317
117 575
115 949
114 81
127 657
125 963
124 35
121 87
120 686
139 694
138 448
141 229
140 956
129 931
128 237
131 378
133 231
135 467
153 792
156 850
158 88
159 196
147 919
148 381
151 369
171 689
170 136
169 824
175 358
163 135
162 822
161 787
167 511
166 402
165 925
187 686
185 906
190 842
188 918
179 225
177 453
183 485
205 559
206 734
201 673
200 362
202 658
197 45
199 986
193 415
192 237
194 508
223 259
218 448
212 297
215 177
239 366
234 213
233 236
227 853
226 705
224 638
254 50
255 15
252 396
253 309
249 872
247 242
244 415
242 825
240 81
241 460
274 665
273 434
272 41
278 172
280 634
287 366
286 815
284 86
258 58
257 183
262 127
261 951
269 259
307 134
309 741
311 208
310 529
312 128
315 86
317 65
318 547
288 595
289 904
291 219
293 425
294 654
295 106
298 569
299 628
300 251
302 526
342 252
338 509
337 809
336 467
351 434
350 765
349 258
347 520
345 715
344 948
325 349
320 402
334 919
335 350
332 9
372 254
369 983
368 463
381 688
380 626
383 30
382 23
377 803
376 365
378 556
356 625
357 575
354 311
355 960
365 181
361 844
410 787
408 614
409 749
414 494
413 842
406 700
407 405
395 146
394 945
392 645
399 212
398 511
396 562
386 369
389 159
441 742
445 856
446 553
447 828
433 511
434 507
435 58
424 691
427 633
428 916
416 22
419 609
418 606
421 467
423 393
474 438
470 57
468 620
466 718
467 807
464 21
465 336
460 639
459 686
458 995
454 31
453 443
451 581
449 111
500 890
496 663
498 729
499 416
493 335
492 4
495 211
489 74
488 207
491 944
490 554
485 546
484 809
487 308
486 372
480 949
483 417
