1 8 41.0
1 18 37.0
1 36 45.0
1 42 85.0
1 46 89.0
1 49 8.0
1 57 63.0
1 66 59.0
1 92 88.0
1 99 86.0
1 129 89.0
1 138 94.0
1 141 72.0
1 180 3.0
2 32 65.0
2 35 63.0
2 37 25.0
2 40 9.0
2 50 45.0
2 51 19.0
2 58 45.0
2 63 39.0
2 86 11.0
2 98 74.0
2 107 36.0
2 125 36.0
2 130 54.0
2 165 18.0
2 168 21.0
2 173 85.0
2 188 65.0
2 193 32.0
3 5 8.0
3 26 62.0
3 44 28.0
3 82 85.0
3 89 49.0
3 94 77.0
3 127 65.0
3 151 25.0
3 161 55.0
3 170 81.0
3 198 60.0
3 199 63.0
4 42 53.0
4 46 77.0
4 71 10.0
4 109 82.0
4 178 4.0
5 3 25.0
5 78 79.0
5 79 65.0
5 82 27.0
5 89 90.0
5 94 38.0
5 118 86.0
5 127 3.0
5 139 72.0
5 161 93.0
5 170 21.0
5 181 78.0
5 198 56.0
5 199 60.0
6 121 99.0
6 160 32.0
6 68 85.0
6 181 17.0
6 197 51.0
7 11 85.0
7 16 28.0
7 19 62.0
7 35 59.0
7 37 26.0
7 40 83.0
7 50 95.0
7 51 54.0
7 103 12.0
7 107 45.0
7 125 86.0
7 128 14.0
7 133 32.0
7 166 59.0
7 167 64.0
7 168 58.0
7 190 4.0
7 196 15.0
7 131 56.0
7 174 75.0
8 1 74.0
8 18 11.0
8 36 7.0
8 42 52.0
8 49 59.0
8 66 94.0
8 99 11.0
8 129 9.0
8 134 87.0
9 28 29.0
9 33 89.0
9 38 26.0
9 48 35.0
9 74 29.0
9 115 54.0
9 117 14.0
9 144 43.0
9 145 68.0
9 148 6.0
9 158 72.0
9 183 49.0
9 123 70.0
9 162 43.0
9 163 39.0
10 31 93.0
10 59 4.0
10 67 47.0
10 91 26.0
10 96 76.0
10 135 12.0
10 156 62.0
10 169 44.0
10 175 86.0
10 177 25.0
11 7 76.0
11 16 45.0
11 19 54.0
11 35 92.0
11 37 68.0
11 40 12.0
11 50 38.0
11 58 48.0
11 63 88.0
11 103 64.0
11 125 53.0
11 128 57.0
11 166 91.0
11 168 54.0
11 190 68.0
11 196 32.0
12 23 64.0
12 56 72.0
12 61 55.0
12 86 88.0
12 108 34.0
12 164 82.0
12 165 30.0
12 173 27.0
12 188 74.0
13 14 93.0
13 41 74.0
13 47 35.0
13 60 5.0
13 71 25.0
13 73 87.0
13 88 2.0
13 90 65.0
13 97 75.0
13 110 90.0
13 141 2.0
13 150 73.0
13 172 14.0
13 189 33.0
13 200 23.0
14 13 52.0
14 47 11.0
14 54 93.0
14 60 92.0
14 73 39.0
14 88 85.0
14 92 34.0
14 97 78.0
14 110 97.0
14 138 48.0
14 147 52.0
14 150 1.0
14 172 41.0
14 200 47.0
15 39 57.0
15 44 74.0
15 75 39.0
15 76 72.0
15 78 51.0
15 79 94.0
15 89 57.0
15 94 14.0
15 106 19.0
15 118 48.0
15 124 14.0
15 139 55.0
15 154 73.0
15 161 53.0
15 170 81.0
15 179 32.0
15 198 42.0
16 7 73.0
16 11 70.0
16 19 96.0
16 35 15.0
16 37 35.0
16 40 57.0
16 50 16.0
16 63 35.0
16 103 48.0
16 125 90.0
16 128 36.0
16 133 52.0
16 166 97.0
16 168 8.0
16 190 79.0
16 196 9.0
16 174 95.0
17 34 48.0
17 41 75.0
17 70 4.0
17 71 89.0
17 90 17.0
17 93 48.0
17 95 4.0
17 104 20.0
17 143 63.0
17 185 54.0
17 186 68.0
17 189 84.0
18 1 16.0
18 8 64.0
18 36 3.0
18 42 91.0
18 46 62.0
18 49 75.0
18 57 13.0
18 66 44.0
18 92 6.0
18 129 29.0
18 134 34.0
18 138 55.0
18 141 30.0
18 180 52.0
18 184 46.0
19 7 8.0
19 11 7.0
19 16 52.0
19 35 97.0
19 103 95.0
19 128 10.0
19 133 55.0
19 166 16.0
19 190 57.0
19 196 20.0
19 109 88.0
19 131 75.0
19 174 84.0
20 22 7.0
20 52 50.0
20 105 97.0
20 120 6.0
20 123 45.0
20 136 87.0
20 163 1.0
21 25 10.0
21 29 82.0
21 30 66.0
21 53 75.0
21 62 5.0
21 65 84.0
21 81 96.0
21 111 94.0
21 114 61.0
21 119 57.0
21 140 51.0
21 176 19.0
21 192 67.0
21 194 27.0
22 146 81.0
22 20 10.0
22 52 6.0
22 120 57.0
22 123 71.0
22 163 25.0
22 143 55.0
22 191 89.0
23 12 46.0
23 56 24.0
23 67 95.0
23 86 61.0
23 91 94.0
23 173 67.0
23 175 83.0
24 53 82.0
24 85 86.0
24 111 76.0
24 113 89.0
24 132 51.0
24 194 42.0
25 21 64.0
25 29 23.0
25 30 85.0
25 53 5.0
25 62 47.0
25 65 69.0
25 81 63.0
25 111 7.0
25 114 84.0
25 119 22.0
25 140 86.0
25 153 58.0
25 176 19.0
25 192 92.0
26 3 85.0
26 27 80.0
26 44 20.0
26 75 64.0
26 76 9.0
26 83 22.0
26 94 62.0
26 137 9.0
26 151 64.0
26 161 12.0
26 198 14.0
27 26 47.0
27 44 12.0
27 83 1.0
27 137 46.0
27 151 30.0
28 9 8.0
28 33 21.0
28 74 24.0
28 115 39.0
28 117 76.0
28 145 11.0
28 158 67.0
28 183 42.0
28 31 91.0
28 120 25.0
28 123 49.0
28 135 48.0
28 136 76.0
28 156 12.0
28 162 27.0
28 163 77.0
28 169 23.0
29 21 48.0
29 25 57.0
29 30 19.0
29 45 9.0
29 48 74.0
29 55 30.0
29 81 7.0
29 114 3.0
29 140 20.0
29 149 84.0
29 153 29.0
29 176 45.0
29 192 98.0
30 21 64.0
30 25 14.0
30 29 89.0
30 53 1.0
30 62 9.0
30 65 67.0
30 81 13.0
30 111 22.0
30 114 85.0
30 119 47.0
30 140 79.0
31 28 73.0
31 74 98.0
31 115 99.0
31 117 21.0
31 145 99.0
31 158 29.0
31 183 89.0
31 10 20.0
31 59 91.0
31 96 4.0
31 116 58.0
31 120 97.0
31 123 15.0
31 135 10.0
31 136 60.0
31 156 53.0
31 162 77.0
31 169 34.0
31 177 24.0
32 2 91.0
32 35 76.0
32 37 91.0
32 40 61.0
32 50 42.0
32 51 10.0
32 61 42.0
32 86 68.0
32 98 62.0
32 107 7.0
32 108 26.0
32 125 29.0
32 130 16.0
32 165 42.0
32 168 13.0
32 173 80.0
32 188 67.0
32 193 14.0
33 9 7.0
33 28 42.0
33 48 70.0
33 74 43.0
33 115 9.0
33 117 9.0
33 144 99.0
33 145 22.0
33 148 81.0
33 158 9.0
33 183 65.0
33 120 53.0
33 123 48.0
33 162 72.0
33 163 65.0
34 155 84.0
34 157 7.0
34 17 27.0
34 41 40.0
34 70 83.0
34 71 96.0
34 90 35.0
34 93 74.0
34 95 18.0
34 104 63.0
34 143 98.0
34 182 32.0
34 185 28.0
34 186 98.0
34 189 46.0
35 2 98.0
35 7 24.0
35 11 42.0
35 16 32.0
35 19 47.0
35 32 43.0
35 37 95.0
35 40 85.0
35 50 28.0
35 51 87.0
35 103 84.0
35 107 67.0
35 125 50.0
35 128 22.0
35 133 99.0
35 168 71.0
35 190 7.0
35 196 74.0
36 1 31.0
36 8 9.0
36 18 50.0
36 42 67.0
36 46 2.0
36 49 11.0
36 57 52.0
36 66 52.0
36 73 6.0
36 92 59.0
36 97 5.0
36 129 40.0
36 138 58.0
36 141 20.0
36 180 79.0
37 2 33.0
37 7 58.0
37 11 69.0
37 16 78.0
37 32 50.0
37 35 82.0
37 40 23.0
37 50 81.0
37 51 85.0
37 58 24.0
37 63 60.0
37 98 14.0
37 103 89.0
37 107 16.0
37 125 10.0
37 130 39.0
37 165 73.0
37 168 80.0
37 188 88.0
37 190 7.0
37 193 45.0
37 196 72.0
38 9 33.0
38 48 66.0
38 142 33.0
38 148 7.0
38 149 45.0
38 153 2.0
38 171 40.0
38 195 73.0
39 15 46.0
39 43 11.0
39 64 69.0
39 75 84.0
39 76 22.0
39 77 33.0
39 80 84.0
39 87 22.0
39 100 25.0
39 137 61.0
39 152 62.0
39 187 86.0
40 2 76.0
40 7 97.0
40 11 34.0
40 16 85.0
40 32 30.0
40 35 43.0
40 37 87.0
40 50 46.0
40 51 91.0
40 58 19.0
40 63 89.0
40 98 69.0
40 103 97.0
40 107 88.0
40 125 9.0
40 128 99.0
40 130 95.0
40 168 33.0
40 188 93.0
40 190 19.0
40 193 62.0
40 196 26.0
41 155 94.0
41 157 49.0
41 13 95.0
41 17 40.0
41 34 92.0
41 47 76.0
41 71 51.0
41 73 21.0
41 90 54.0
41 93 90.0
41 95 54.0
41 97 57.0
41 104 79.0
41 110 79.0
41 182 13.0
41 185 57.0
41 186 20.0
41 189 96.0
42 1 80.0
42 4 95.0
42 8 42.0
42 18 77.0
42 36 50.0
42 46 45.0
42 57 92.0
42 66 55.0
42 97 47.0
42 99 47.0
42 138 56.0
42 141 99.0
42 178 92.0
43 39 2.0
43 77 42.0
43 80 92.0
43 100 37.0
43 54 30.0
43 172 33.0
44 3 5.0
44 15 16.0
44 26 33.0
44 27 36.0
44 75 55.0
44 76 83.0
44 83 56.0
44 89 93.0
44 94 2.0
44 137 84.0
44 151 6.0
44 161 24.0
44 198 7.0
45 29 64.0
45 55 8.0
45 114 12.0
45 117 14.0
45 140 4.0
45 153 3.0
45 176 10.0
45 192 67.0
46 1 53.0
46 4 33.0
46 18 84.0
46 36 14.0
46 42 76.0
46 57 98.0
46 66 78.0
46 73 12.0
46 97 53.0
46 99 5.0
46 138 99.0
46 141 87.0
46 178 14.0
47 64 85.0
47 80 81.0
47 87 2.0
47 152 43.0
47 13 94.0
47 14 4.0
47 41 67.0
47 54 56.0
47 60 51.0
47 73 78.0
47 88 10.0
47 97 38.0
47 110 60.0
47 150 7.0
47 172 55.0
47 182 79.0
47 189 77.0
47 200 83.0
48 9 62.0
48 29 33.0
48 33 62.0
48 38 68.0
48 74 41.0
48 115 12.0
48 117 24.0
48 145 92.0
48 148 22.0
48 149 67.0
48 153 29.0
48 158 54.0
48 171 67.0
48 183 84.0
49 1 5.0
49 8 63.0
49 18 71.0
49 36 55.0
49 57 54.0
49 66 50.0
49 129 97.0
49 134 82.0
49 180 69.0
49 184 81.0
50 2 75.0
50 7 46.0
50 11 4.0
50 16 84.0
50 32 1.0
50 35 73.0
50 37 65.0
50 40 38.0
50 51 34.0
50 98 32.0
50 107 46.0
50 125 88.0
50 133 53.0
50 168 30.0
50 190 23.0
50 193 3.0
50 196 49.0
51 2 94.0
51 7 44.0
51 32 92.0
51 35 18.0
51 37 80.0
51 40 95.0
51 50 67.0
51 107 74.0
51 125 68.0
51 133 74.0
51 196 52.0
52 144 49.0
52 20 47.0
52 22 52.0
52 105 82.0
52 120 16.0
52 123 73.0
52 136 59.0
52 163 30.0
53 21 48.0
53 24 49.0
53 25 2.0
53 30 31.0
53 65 3.0
53 81 27.0
53 85 24.0
53 111 2.0
53 119 54.0
53 132 92.0
53 194 91.0
54 43 97.0
54 64 46.0
54 77 39.0
54 80 14.0
54 87 39.0
54 100 37.0
54 152 77.0
54 14 18.0
54 47 34.0
54 60 60.0
54 88 63.0
54 110 48.0
54 150 4.0
54 172 63.0
54 200 70.0
55 29 33.0
55 45 25.0
55 81 10.0
55 114 54.0
55 140 76.0
55 153 57.0
55 176 4.0
55 192 51.0
56 12 41.0
56 23 7.0
56 59 97.0
56 67 39.0
56 86 74.0
56 91 47.0
56 98 39.0
56 116 17.0
56 130 14.0
56 135 97.0
56 165 33.0
56 173 25.0
56 177 92.0
56 188 55.0
56 193 71.0
57 1 2.0
57 18 77.0
57 36 33.0
57 42 19.0
57 46 88.0
57 49 46.0
57 66 1.0
57 73 39.0
57 92 50.0
57 97 42.0
57 129 26.0
57 138 59.0
57 141 11.0
57 180 10.0
58 2 38.0
58 11 10.0
58 37 50.0
58 40 71.0
58 59 79.0
58 63 71.0
58 98 78.0
58 105 49.0
58 116 84.0
58 130 86.0
58 135 19.0
58 136 31.0
58 168 37.0
58 177 62.0
58 188 44.0
58 193 14.0
59 10 83.0
59 31 50.0
59 56 83.0
59 58 48.0
59 67 49.0
59 91 97.0
59 96 12.0
59 105 67.0
59 116 79.0
59 120 35.0
59 130 16.0
59 135 75.0
59 136 69.0
59 156 64.0
59 162 23.0
59 169 27.0
59 175 51.0
59 177 5.0
60 64 8.0
60 77 39.0
60 80 35.0
60 87 28.0
60 100 20.0
60 126 36.0
60 152 48.0
60 13 67.0
60 14 89.0
60 47 25.0
60 54 83.0
60 88 10.0
60 110 30.0
60 150 11.0
60 172 13.0
60 182 63.0
60 189 37.0
60 200 18.0
61 12 4.0
61 32 48.0
61 86 8.0
61 108 12.0
61 164 93.0
61 165 94.0
61 173 19.0
62 21 5.0
62 25 37.0
62 30 32.0
62 65 8.0
62 81 36.0
62 114 66.0
62 119 1.0
62 140 66.0
63 2 16.0
63 11 67.0
63 16 89.0
63 37 88.0
63 40 45.0
63 58 33.0
63 98 85.0
63 105 90.0
63 116 37.0
63 130 68.0
63 136 91.0
63 168 64.0
63 188 56.0
63 190 66.0
63 193 50.0
64 39 65.0
64 77 57.0
64 80 97.0
64 87 6.0
64 100 62.0
64 112 75.0
64 126 8.0
64 152 96.0
64 47 38.0
64 54 2.0
64 60 52.0
64 88 98.0
64 172 40.0
64 182 43.0
65 21 40.0
65 25 94.0
65 30 68.0
65 53 70.0
65 62 27.0
65 81 74.0
65 111 87.0
65 114 18.0
65 119 3.0
65 140 37.0
66 1 80.0
66 8 4.0
66 18 53.0
66 36 3.0
66 42 99.0
66 46 33.0
66 49 17.0
66 57 21.0
66 99 85.0
66 129 16.0
66 138 81.0
66 141 76.0
66 180 4.0
67 10 80.0
67 23 17.0
67 56 27.0
67 59 21.0
67 91 84.0
67 96 58.0
67 116 83.0
67 135 87.0
67 156 29.0
67 175 45.0
67 177 94.0
68 6 97.0
68 121 88.0
68 160 9.0
68 106 9.0
68 118 37.0
68 170 66.0
68 181 25.0
68 197 98.0
69 72 57.0
69 79 24.0
69 84 11.0
69 101 85.0
69 102 8.0
69 106 21.0
69 112 26.0
69 118 96.0
69 122 86.0
69 124 44.0
69 139 42.0
69 154 66.0
69 157 63.0
69 179 17.0
70 146 99.0
70 72 83.0
70 101 38.0
70 102 3.0
70 122 15.0
70 155 72.0
70 157 71.0
70 17 55.0
70 34 26.0
70 93 79.0
70 95 43.0
70 104 96.0
70 143 50.0
70 182 62.0
70 185 48.0
70 186 30.0
70 191 27.0
71 4 45.0
71 13 36.0
71 17 46.0
71 34 44.0
71 41 18.0
71 73 61.0
71 90 20.0
71 97 13.0
71 110 84.0
71 185 8.0
71 189 37.0
72 146 27.0
72 69 23.0
72 84 53.0
72 101 21.0
72 102 79.0
72 106 98.0
72 122 70.0
72 154 32.0
72 155 25.0
72 157 15.0
72 179 63.0
72 70 93.0
73 13 71.0
73 14 80.0
73 36 93.0
73 41 25.0
73 46 68.0
73 47 8.0
73 57 15.0
73 71 64.0
73 88 81.0
73 97 77.0
73 110 43.0
73 138 81.0
73 141 19.0
73 150 29.0
73 172 28.0
73 189 90.0
73 200 40.0
74 9 64.0
74 28 41.0
74 33 4.0
74 48 86.0
74 115 14.0
74 117 79.0
74 144 71.0
74 145 29.0
74 158 86.0
74 183 22.0
74 31 5.0
74 120 80.0
74 123 56.0
74 135 88.0
74 136 82.0
74 156 22.0
74 162 83.0
74 163 52.0
74 169 86.0
75 15 13.0
75 26 4.0
75 39 32.0
75 44 52.0
75 76 14.0
75 78 95.0
75 83 41.0
75 89 45.0
75 94 23.0
75 137 42.0
75 151 4.0
75 161 18.0
75 187 29.0
75 198 14.0
76 15 61.0
76 26 64.0
76 39 38.0
76 44 17.0
76 75 66.0
76 78 15.0
76 79 88.0
76 89 26.0
76 94 51.0
76 124 62.0
76 137 42.0
76 139 89.0
76 161 71.0
76 179 5.0
76 198 91.0
77 39 66.0
77 43 78.0
77 64 89.0
77 80 43.0
77 87 5.0
77 100 46.0
77 152 41.0
77 54 40.0
77 60 79.0
77 88 76.0
77 172 21.0
78 5 61.0
78 15 38.0
78 75 58.0
78 76 8.0
78 79 2.0
78 89 48.0
78 94 78.0
78 106 72.0
78 118 62.0
78 124 47.0
78 139 20.0
78 154 11.0
78 161 10.0
78 170 53.0
78 179 33.0
78 198 26.0
79 5 33.0
79 15 32.0
79 69 96.0
79 76 93.0
79 78 25.0
79 89 50.0
79 94 56.0
79 106 66.0
79 118 41.0
79 124 96.0
79 139 18.0
79 154 97.0
79 161 18.0
79 170 3.0
79 179 50.0
79 181 49.0
79 198 58.0
80 39 49.0
80 43 11.0
80 64 3.0
80 77 45.0
80 87 90.0
80 100 22.0
80 112 56.0
80 126 23.0
80 152 99.0
80 47 7.0
80 54 10.0
80 60 31.0
80 88 88.0
80 172 46.0
81 21 7.0
81 25 65.0
81 29 32.0
81 30 96.0
81 53 62.0
81 55 74.0
81 62 83.0
81 65 80.0
81 111 34.0
81 114 36.0
81 119 53.0
81 140 23.0
81 176 4.0
81 192 38.0
82 3 71.0
82 5 18.0
82 127 38.0
82 198 2.0
82 199 70.0
83 26 35.0
83 27 24.0
83 44 99.0
83 75 66.0
83 137 36.0
83 151 89.0
83 161 5.0
84 69 26.0
84 72 63.0
84 101 48.0
84 102 70.0
84 106 90.0
84 112 79.0
84 118 25.0
84 122 90.0
84 124 93.0
84 126 66.0
84 154 56.0
84 155 97.0
84 157 47.0
84 179 81.0
85 24 75.0
85 53 61.0
85 111 26.0
85 113 65.0
85 132 57.0
85 194 27.0
86 2 87.0
86 12 13.0
86 23 11.0
86 32 1.0
86 56 5.0
86 61 82.0
86 98 41.0
86 108 76.0
86 164 20.0
86 165 17.0
86 173 91.0
86 188 85.0
86 193 28.0
87 39 27.0
87 64 73.0
87 77 48.0
87 80 25.0
87 100 70.0
87 112 67.0
87 126 74.0
87 152 32.0
87 155 99.0
87 157 38.0
87 47 93.0
87 54 86.0
87 60 58.0
87 88 48.0
87 104 37.0
87 182 47.0
88 64 28.0
88 77 17.0
88 80 87.0
88 87 35.0
88 126 89.0
88 152 59.0
88 13 74.0
88 14 24.0
88 47 33.0
88 54 58.0
88 60 96.0
88 73 61.0
88 110 62.0
88 150 42.0
88 172 27.0
88 182 79.0
88 189 90.0
88 200 91.0
89 3 35.0
89 5 70.0
89 15 61.0
89 44 58.0
89 75 90.0
89 76 52.0
89 78 55.0
89 79 88.0
89 94 45.0
89 118 69.0
89 124 51.0
89 137 17.0
89 139 73.0
89 154 70.0
89 161 38.0
89 170 57.0
89 179 48.0
89 198 91.0
90 13 2.0
90 17 43.0
90 34 61.0
90 41 64.0
90 71 69.0
90 93 38.0
90 95 52.0
90 97 33.0
90 104 52.0
90 110 31.0
90 182 95.0
90 185 74.0
90 186 90.0
90 189 44.0
91 10 19.0
91 23 41.0
91 56 89.0
91 59 66.0
91 67 54.0
91 96 49.0
91 135 45.0
91 156 37.0
91 175 5.0
91 177 61.0
92 1 31.0
92 14 13.0
92 18 2.0
92 36 27.0
92 57 65.0
92 138 56.0
92 141 55.0
92 147 67.0
92 150 98.0
92 180 96.0
92 200 61.0
93 146 41.0
93 101 83.0
93 102 42.0
93 122 5.0
93 155 6.0
93 157 50.0
93 17 26.0
93 34 4.0
93 41 3.0
93 70 9.0
93 90 1.0
93 95 4.0
93 104 33.0
93 143 96.0
93 182 29.0
93 185 62.0
93 186 40.0
93 191 44.0
94 3 16.0
94 5 91.0
94 15 39.0
94 26 14.0
94 44 15.0
94 75 31.0
94 76 7.0
94 78 37.0
94 79 9.0
94 89 76.0
94 118 68.0
94 124 45.0
94 127 72.0
94 139 90.0
94 154 83.0
94 161 95.0
94 170 95.0
94 179 89.0
94 198 94.0
95 101 37.0
95 102 67.0
95 122 75.0
95 155 37.0
95 157 7.0
95 17 88.0
95 34 30.0
95 41 9.0
95 70 59.0
95 90 3.0
95 93 73.0
95 104 15.0
95 143 33.0
95 182 42.0
95 185 23.0
95 186 20.0
95 189 6.0
95 191 55.0
96 10 27.0
96 31 76.0
96 59 88.0
96 67 60.0
96 91 38.0
96 156 83.0
96 169 72.0
96 175 2.0
97 13 74.0
97 14 11.0
97 36 12.0
97 41 82.0
97 42 65.0
97 46 5.0
97 47 60.0
97 57 91.0
97 71 45.0
97 73 67.0
97 90 81.0
97 110 35.0
97 138 24.0
97 141 87.0
97 150 55.0
97 189 44.0
98 2 7.0
98 32 14.0
98 37 58.0
98 40 22.0
98 50 62.0
98 56 16.0
98 58 67.0
98 63 60.0
98 86 20.0
98 105 8.0
98 130 26.0
98 165 67.0
98 168 81.0
98 173 96.0
98 188 48.0
98 193 87.0
99 1 55.0
99 8 14.0
99 42 91.0
99 46 60.0
99 66 73.0
99 178 2.0
100 39 16.0
100 43 75.0
100 64 70.0
100 77 36.0
100 80 51.0
100 87 48.0
100 126 62.0
100 152 75.0
100 187 44.0
100 54 6.0
100 60 62.0
101 146 34.0
101 69 22.0
101 72 75.0
101 84 99.0
101 102 15.0
101 112 5.0
101 122 99.0
101 155 32.0
101 157 35.0
101 70 28.0
101 93 84.0
101 95 46.0
101 104 24.0
101 186 78.0
101 191 17.0
102 146 30.0
102 69 74.0
102 72 59.0
102 84 6.0
102 101 29.0
102 122 99.0
102 155 52.0
102 157 4.0
102 70 78.0
102 93 19.0
102 95 57.0
102 104 9.0
102 143 75.0
102 182 15.0
102 185 81.0
102 186 66.0
102 191 76.0
103 7 54.0
103 11 97.0
103 16 1.0
103 19 56.0
103 35 90.0
103 37 90.0
103 40 74.0
103 125 36.0
103 128 47.0
103 133 59.0
103 166 77.0
103 168 81.0
103 190 76.0
103 196 27.0
103 109 99.0
103 174 14.0
104 87 9.0
104 101 19.0
104 102 78.0
104 112 37.0
104 122 87.0
104 126 96.0
104 155 68.0
104 157 32.0
104 17 19.0
104 34 1.0
104 41 98.0
104 70 64.0
104 90 60.0
104 93 50.0
104 95 83.0
104 143 89.0
104 182 91.0
104 185 62.0
104 186 45.0
104 189 6.0
104 191 32.0
105 20 97.0
105 52 21.0
105 58 33.0
105 59 91.0
105 63 20.0
105 98 55.0
105 116 75.0
105 120 51.0
105 130 62.0
105 135 31.0
105 136 27.0
105 156 28.0
105 168 15.0
105 177 17.0
106 15 30.0
106 68 67.0
106 69 12.0
106 72 87.0
106 78 23.0
106 79 84.0
106 84 95.0
106 118 46.0
106 124 46.0
106 139 74.0
106 154 25.0
106 170 66.0
106 179 50.0
106 181 74.0
106 197 67.0
107 2 14.0
107 7 31.0
107 32 97.0
107 35 71.0
107 37 50.0
107 40 62.0
107 50 8.0
107 51 11.0
107 125 33.0
107 196 19.0
108 12 37.0
108 32 33.0
108 61 87.0
108 86 3.0
108 164 30.0
108 165 99.0
108 173 51.0
109 19 36.0
109 103 26.0
109 128 74.0
109 166 51.0
109 4 92.0
109 131 64.0
109 159 56.0
109 174 1.0
109 178 30.0
110 13 60.0
110 14 53.0
110 41 81.0
110 47 39.0
110 54 52.0
110 60 21.0
110 71 99.0
110 73 2.0
110 88 99.0
110 90 22.0
110 97 98.0
110 150 26.0
110 172 91.0
110 182 33.0
110 189 20.0
110 200 87.0
111 21 58.0
111 24 65.0
111 25 32.0
111 30 29.0
111 53 21.0
111 65 41.0
111 81 50.0
111 85 66.0
111 119 28.0
111 132 79.0
111 194 90.0
112 64 70.0
112 69 72.0
112 80 97.0
112 84 32.0
112 87 8.0
112 101 5.0
112 124 68.0
112 126 75.0
112 152 16.0
112 154 18.0
112 155 4.0
112 157 38.0
112 179 75.0
112 104 11.0
112 182 34.0
112 186 16.0
113 24 49.0
113 85 76.0
113 132 2.0
114 21 27.0
114 25 46.0
114 29 36.0
114 30 83.0
114 45 58.0
114 55 5.0
114 62 46.0
114 65 44.0
114 81 84.0
114 140 31.0
114 153 35.0
114 176 66.0
114 192 73.0
115 9 47.0
115 28 87.0
115 33 74.0
115 48 51.0
115 74 79.0
115 117 55.0
115 145 24.0
115 158 32.0
115 183 94.0
115 31 64.0
115 120 9.0
115 123 85.0
115 156 24.0
115 162 90.0
115 169 17.0
116 31 69.0
116 56 59.0
116 58 43.0
116 59 97.0
116 63 5.0
116 67 89.0
116 105 71.0
116 120 60.0
116 123 56.0
116 130 36.0
116 135 65.0
116 136 3.0
116 156 23.0
116 162 78.0
116 169 47.0
116 177 77.0
117 9 27.0
117 28 62.0
117 33 75.0
117 45 32.0
117 48 64.0
117 74 97.0
117 115 25.0
117 145 54.0
117 153 42.0
117 158 44.0
117 183 64.0
117 31 2.0
117 162 25.0
117 169 88.0
118 5 49.0
118 15 65.0
118 68 80.0
118 69 89.0
118 78 54.0
118 79 30.0
118 84 4.0
118 89 96.0
118 94 64.0
118 106 88.0
118 124 95.0
118 139 35.0
118 154 37.0
118 170 79.0
118 179 45.0
118 181 62.0
118 197 77.0
119 21 33.0
119 25 80.0
119 30 28.0
119 53 36.0
119 62 94.0
119 65 40.0
119 81 37.0
119 111 9.0
119 194 60.0
120 28 10.0
120 33 11.0
120 74 67.0
120 115 12.0
120 145 94.0
120 158 56.0
120 183 24.0
120 20 53.0
120 22 79.0
120 31 15.0
120 52 15.0
120 59 35.0
120 105 63.0
120 116 13.0
120 123 48.0
120 135 77.0
120 136 47.0
120 156 68.0
120 162 38.0
120 163 97.0
120 169 87.0
120 177 27.0
121 6 38.0
121 160 39.0
121 68 36.0
121 181 67.0
121 197 75.0
122 146 65.0
122 69 11.0
122 72 93.0
122 84 42.0
122 101 16.0
122 102 78.0
122 155 67.0
122 157 34.0
122 70 44.0
122 93 45.0
122 95 60.0
122 104 83.0
122 143 47.0
122 182 91.0
122 186 2.0
122 191 55.0
123 9 94.0
123 28 17.0
123 33 64.0
123 74 52.0
123 115 78.0
123 144 15.0
123 145 13.0
123 158 98.0
123 183 77.0
123 20 11.0
123 22 28.0
123 31 65.0
123 52 12.0
123 116 67.0
123 120 85.0
123 135 2.0
123 136 65.0
123 156 98.0
123 162 6.0
123 163 70.0
123 169 11.0
124 15 82.0
124 69 92.0
124 76 87.0
124 78 18.0
124 79 19.0
124 84 13.0
124 89 67.0
124 94 54.0
124 106 40.0
124 112 89.0
124 118 42.0
124 126 82.0
124 139 33.0
124 154 86.0
124 170 87.0
124 179 31.0
125 2 5.0
125 7 42.0
125 11 77.0
125 16 78.0
125 32 87.0
125 35 68.0
125 37 62.0
125 40 35.0
125 50 34.0
125 51 61.0
125 103 47.0
125 107 87.0
125 133 59.0
125 168 96.0
125 190 51.0
125 196 4.0
126 64 22.0
126 80 61.0
126 84 88.0
126 87 30.0
126 100 52.0
126 112 49.0
126 124 34.0
126 152 80.0
126 155 85.0
126 157 99.0
126 179 11.0
126 60 30.0
126 88 74.0
126 104 85.0
126 182 65.0
126 186 34.0
127 3 14.0
127 5 44.0
127 82 44.0
127 94 82.0
127 161 26.0
127 170 64.0
127 198 65.0
127 199 40.0
128 7 34.0
128 11 64.0
128 16 17.0
128 19 77.0
128 35 59.0
128 40 49.0
128 103 80.0
128 133 9.0
128 166 67.0
128 168 77.0
128 190 45.0
128 196 44.0
128 109 7.0
128 174 13.0
129 1 45.0
129 8 30.0
129 18 78.0
129 36 65.0
129 49 28.0
129 57 25.0
129 66 85.0
129 134 20.0
129 138 28.0
129 141 48.0
129 180 41.0
129 184 49.0
130 2 96.0
130 32 88.0
130 37 7.0
130 40 37.0
130 56 39.0
130 58 6.0
130 59 67.0
130 63 2.0
130 98 59.0
130 105 43.0
130 116 71.0
130 136 2.0
130 165 40.0
130 168 11.0
130 173 82.0
130 177 18.0
130 188 35.0
130 193 3.0
131 7 26.0
131 19 56.0
131 133 74.0
131 166 16.0
131 167 45.0
131 196 81.0
131 109 74.0
131 159 27.0
131 174 1.0
132 24 12.0
132 53 16.0
132 85 13.0
132 111 30.0
132 113 98.0
132 194 7.0
133 7 42.0
133 16 54.0
133 19 24.0
133 35 96.0
133 50 89.0
133 51 36.0
133 103 81.0
133 125 63.0
133 128 84.0
133 166 1.0
133 167 68.0
133 190 74.0
133 196 93.0
133 131 79.0
133 159 9.0
133 174 60.0
134 8 65.0
134 18 13.0
134 49 63.0
134 129 35.0
134 180 4.0
134 184 92.0
135 28 93.0
135 74 51.0
135 10 19.0
135 31 83.0
135 56 79.0
135 58 52.0
135 59 98.0
135 67 31.0
135 91 30.0
135 105 78.0
135 116 83.0
135 120 25.0
135 123 22.0
135 136 42.0
135 156 82.0
135 162 63.0
135 169 10.0
135 177 79.0
136 28 55.0
136 74 34.0
136 20 84.0
136 31 89.0
136 52 7.0
136 58 95.0
136 59 27.0
136 63 27.0
136 105 76.0
136 116 33.0
136 120 8.0
136 123 39.0
136 130 79.0
136 135 45.0
136 156 97.0
136 162 21.0
136 163 67.0
136 169 83.0
136 177 93.0
137 26 59.0
137 27 77.0
137 39 90.0
137 44 87.0
137 75 45.0
137 76 29.0
137 83 30.0
137 89 50.0
137 151 39.0
137 161 87.0
137 187 39.0
137 198 7.0
138 1 69.0
138 14 39.0
138 18 10.0
138 36 79.0
138 42 81.0
138 46 44.0
138 57 90.0
138 66 19.0
138 73 49.0
138 92 44.0
138 97 49.0
138 129 29.0
138 141 76.0
138 147 39.0
138 150 1.0
138 180 72.0
138 200 61.0
139 5 26.0
139 15 29.0
139 69 66.0
139 76 90.0
139 78 21.0
139 79 66.0
139 89 59.0
139 94 81.0
139 106 64.0
139 118 70.0
139 124 42.0
139 154 7.0
139 161 24.0
139 170 89.0
139 179 49.0
139 181 74.0
139 198 60.0
140 21 18.0
140 25 72.0
140 29 81.0
140 30 61.0
140 45 79.0
140 55 54.0
140 62 72.0
140 65 66.0
140 81 74.0
140 114 33.0
140 176 23.0
140 192 5.0
141 1 12.0
141 13 36.0
141 18 54.0
141 36 48.0
141 42 29.0
141 46 53.0
141 57 1.0
141 66 25.0
141 73 65.0
141 92 40.0
141 97 46.0
141 129 76.0
141 138 13.0
141 180 59.0
142 38 35.0
142 148 52.0
142 160 72.0
142 171 39.0
142 195 17.0
143 146 14.0
143 22 26.0
143 102 92.0
143 122 34.0
143 155 4.0
143 17 77.0
143 34 99.0
143 70 34.0
143 93 56.0
143 95 46.0
143 104 21.0
143 185 70.0
143 186 68.0
143 191 98.0
144 9 23.0
144 33 89.0
144 74 36.0
144 145 19.0
144 146 94.0
144 148 25.0
144 158 52.0
144 183 10.0
144 52 19.0
144 123 44.0
144 163 2.0
144 191 74.0
145 9 30.0
145 28 32.0
145 33 36.0
145 48 98.0
145 74 98.0
145 115 18.0
145 117 27.0
145 144 25.0
145 158 27.0
145 183 95.0
145 31 73.0
145 120 83.0
145 123 18.0
145 156 33.0
145 162 16.0
145 163 41.0
145 169 40.0
146 144 83.0
146 22 56.0
146 72 76.0
146 101 95.0
146 102 7.0
146 122 9.0
146 70 15.0
146 93 66.0
146 143 98.0
146 191 13.0
147 14 23.0
147 92 86.0
147 138 24.0
147 150 2.0
147 200 43.0
148 9 16.0
148 33 90.0
148 38 13.0
148 48 78.0
148 142 84.0
148 144 45.0
148 149 35.0
148 171 2.0
148 183 89.0
148 195 63.0
149 29 10.0
149 38 77.0
149 48 89.0
149 148 41.0
149 153 19.0
149 171 96.0
149 195 65.0
150 13 82.0
150 14 22.0
150 47 14.0
150 54 69.0
150 60 49.0
150 73 97.0
150 88 2.0
150 92 70.0
150 97 89.0
150 110 55.0
150 138 46.0
150 147 77.0
150 172 86.0
150 200 66.0
151 3 20.0
151 26 4.0
151 27 82.0
151 44 6.0
151 75 88.0
151 83 34.0
151 137 88.0
151 161 92.0
151 198 41.0
152 39 20.0
152 64 20.0
152 77 2.0
152 80 47.0
152 87 67.0
152 100 27.0
152 112 26.0
152 126 69.0
152 47 95.0
152 54 47.0
152 60 61.0
152 88 21.0
152 172 69.0
152 182 47.0
153 25 65.0
153 29 44.0
153 38 38.0
153 45 65.0
153 48 90.0
153 55 79.0
153 114 29.0
153 117 30.0
153 149 36.0
153 171 88.0
153 176 15.0
153 192 79.0
154 15 46.0
154 69 71.0
154 72 34.0
154 78 51.0
154 79 7.0
154 84 49.0
154 89 3.0
154 94 12.0
154 106 22.0
154 112 41.0
154 118 45.0
154 124 9.0
154 139 22.0
154 170 15.0
154 179 86.0
155 72 50.0
155 84 55.0
155 87 51.0
155 101 13.0
155 102 34.0
155 112 47.0
155 122 23.0
155 126 68.0
155 157 75.0
155 34 44.0
155 41 39.0
155 70 69.0
155 93 14.0
155 95 56.0
155 104 1.0
155 143 50.0
155 182 93.0
155 185 29.0
155 186 51.0
155 189 8.0
155 191 76.0
156 28 88.0
156 74 96.0
156 115 13.0
156 145 47.0
156 158 88.0
156 10 45.0
156 31 61.0
156 59 35.0
156 67 80.0
156 91 89.0
156 96 1.0
156 105 11.0
156 116 36.0
156 120 40.0
156 123 16.0
156 135 76.0
156 136 30.0
156 162 95.0
156 169 82.0
156 177 71.0
157 69 23.0
157 72 54.0
157 84 27.0
157 87 50.0
157 101 50.0
157 102 3.0
157 112 54.0
157 122 48.0
157 126 95.0
157 155 85.0
157 34 43.0
157 41 93.0
157 70 42.0
157 93 99.0
157 95 90.0
157 104 25.0
157 182 50.0
157 185 84.0
157 186 22.0
157 189 84.0
158 9 51.0
158 28 86.0
158 33 85.0
158 48 80.0
158 74 78.0
158 115 55.0
158 117 17.0
158 144 31.0
158 145 34.0
158 183 84.0
158 31 12.0
158 120 35.0
158 123 19.0
158 156 78.0
158 162 71.0
158 163 19.0
158 169 25.0
159 133 70.0
159 167 1.0
159 109 71.0
159 131 35.0
159 174 29.0
159 178 25.0
160 6 86.0
160 121 65.0
160 142 11.0
160 195 34.0
160 68 81.0
160 181 92.0
160 197 49.0
161 3 48.0
161 5 99.0
161 15 75.0
161 26 82.0
161 44 74.0
161 75 44.0
161 76 15.0
161 78 88.0
161 79 43.0
161 83 36.0
161 89 46.0
161 94 83.0
161 127 2.0
161 137 50.0
161 139 24.0
161 151 26.0
161 198 70.0
162 9 10.0
162 28 88.0
162 33 78.0
162 74 16.0
162 115 17.0
162 117 10.0
162 145 32.0
162 158 10.0
162 183 96.0
162 31 88.0
162 59 51.0
162 116 20.0
162 120 66.0
162 123 80.0
162 135 45.0
162 136 53.0
162 156 34.0
162 163 22.0
162 169 25.0
162 177 15.0
163 9 56.0
163 28 80.0
163 33 56.0
163 74 80.0
163 144 15.0
163 145 52.0
163 158 96.0
163 183 49.0
163 20 82.0
163 22 86.0
163 52 39.0
163 120 81.0
163 123 86.0
163 136 11.0
163 162 95.0
164 12 9.0
164 61 2.0
164 86 17.0
164 108 63.0
164 165 19.0
164 173 39.0
165 2 26.0
165 12 50.0
165 32 55.0
165 37 42.0
165 56 13.0
165 61 73.0
165 86 40.0
165 98 34.0
165 108 51.0
165 130 31.0
165 164 24.0
165 173 93.0
165 188 76.0
165 193 38.0
166 7 85.0
166 11 12.0
166 16 14.0
166 19 99.0
166 103 60.0
166 128 97.0
166 133 78.0
166 190 78.0
166 196 59.0
166 109 78.0
166 131 90.0
166 174 97.0
167 7 45.0
167 133 82.0
167 196 60.0
167 131 50.0
167 159 52.0
167 174 52.0
168 2 59.0
168 7 26.0
168 11 41.0
168 16 11.0
168 32 9.0
168 35 30.0
168 37 25.0
168 40 41.0
168 50 3.0
168 58 21.0
168 63 60.0
168 98 39.0
168 103 63.0
168 105 28.0
168 125 14.0
168 128 54.0
168 130 63.0
168 188 27.0
168 190 32.0
168 193 97.0
169 28 94.0
169 74 32.0
169 115 96.0
169 117 96.0
169 145 63.0
169 158 13.0
169 183 30.0
169 10 45.0
169 31 60.0
169 59 53.0
169 96 35.0
169 116 73.0
169 120 48.0
169 123 79.0
169 135 74.0
169 136 63.0
169 156 19.0
169 162 34.0
169 177 91.0
170 3 19.0
170 5 12.0
170 15 71.0
170 68 31.0
170 78 86.0
170 79 75.0
170 89 26.0
170 94 78.0
170 106 34.0
170 118 18.0
170 124 79.0
170 127 66.0
170 139 80.0
170 154 76.0
170 179 59.0
170 181 83.0
170 197 72.0
170 198 23.0
171 38 86.0
171 48 28.0
171 142 24.0
171 148 78.0
171 149 59.0
171 153 84.0
171 195 26.0
172 43 58.0
172 64 21.0
172 77 66.0
172 80 53.0
172 152 61.0
172 13 75.0
172 14 58.0
172 47 10.0
172 54 45.0
172 60 97.0
172 73 17.0
172 88 71.0
172 110 64.0
172 150 38.0
172 200 25.0
173 2 18.0
173 12 31.0
173 23 61.0
173 32 95.0
173 56 31.0
173 61 56.0
173 86 55.0
173 98 92.0
173 108 25.0
173 130 72.0
173 164 75.0
173 165 98.0
173 188 46.0
173 193 71.0
174 7 4.0
174 16 4.0
174 19 53.0
174 103 19.0
174 128 16.0
174 133 89.0
174 166 1.0
174 167 79.0
174 196 96.0
174 109 82.0
174 131 9.0
174 159 64.0
175 10 53.0
175 23 24.0
175 59 31.0
175 67 66.0
175 91 13.0
175 96 42.0
176 21 81.0
176 25 56.0
176 29 44.0
176 45 49.0
176 55 32.0
176 81 36.0
176 114 33.0
176 140 96.0
176 153 53.0
176 192 4.0
177 10 67.0
177 31 66.0
177 56 3.0
177 58 75.0
177 59 15.0
177 67 99.0
177 91 56.0
177 105 9.0
177 116 61.0
177 120 49.0
177 130 11.0
177 135 30.0
177 136 92.0
177 156 84.0
177 162 70.0
177 169 14.0
178 4 64.0
178 42 65.0
178 46 80.0
178 99 89.0
178 109 2.0
178 159 88.0
179 15 71.0
179 69 46.0
179 72 49.0
179 76 33.0
179 78 5.0
179 79 79.0
179 84 49.0
179 89 99.0
179 94 50.0
179 106 95.0
179 112 15.0
179 118 6.0
179 124 37.0
179 126 3.0
179 139 83.0
179 154 23.0
179 170 69.0
180 1 58.0
180 18 82.0
180 36 78.0
180 49 32.0
180 57 89.0
180 66 34.0
180 92 91.0
180 129 35.0
180 134 36.0
180 138 83.0
180 141 58.0
180 184 24.0
181 6 34.0
181 121 34.0
181 160 53.0
181 5 84.0
181 68 68.0
181 79 60.0
181 106 39.0
181 118 64.0
181 139 36.0
181 170 32.0
181 197 1.0
182 64 40.0
182 87 37.0
182 102 13.0
182 112 59.0
182 122 68.0
182 126 77.0
182 152 59.0
182 155 43.0
182 157 58.0
182 34 84.0
182 41 55.0
182 47 60.0
182 60 24.0
182 70 95.0
182 88 27.0
182 90 22.0
182 93 81.0
182 95 10.0
182 104 67.0
182 110 55.0
182 185 81.0
182 186 35.0
182 189 35.0
183 9 31.0
183 28 85.0
183 33 53.0
183 48 59.0
183 74 77.0
183 115 17.0
183 117 92.0
183 144 51.0
183 145 81.0
183 148 52.0
183 158 86.0
183 31 84.0
183 120 78.0
183 123 34.0
183 162 84.0
183 163 72.0
183 169 33.0
184 18 40.0
184 49 48.0
184 129 58.0
184 134 75.0
184 180 62.0
185 102 99.0
185 155 78.0
185 157 75.0
185 17 9.0
185 34 11.0
185 41 85.0
185 70 94.0
185 71 49.0
185 90 24.0
185 93 51.0
185 95 30.0
185 104 31.0
185 143 61.0
185 182 89.0
185 186 40.0
185 189 63.0
185 191 41.0
186 101 8.0
186 102 18.0
186 112 5.0
186 122 36.0
186 126 99.0
186 155 82.0
186 157 59.0
186 17 51.0
186 34 77.0
186 41 93.0
186 70 30.0
186 90 34.0
186 93 43.0
186 95 69.0
186 104 62.0
186 143 58.0
186 182 8.0
186 185 60.0
186 189 33.0
186 191 3.0
187 39 45.0
187 75 79.0
187 100 79.0
187 137 24.0
188 2 11.0
188 12 4.0
188 32 37.0
188 37 80.0
188 40 38.0
188 56 78.0
188 58 44.0
188 63 78.0
188 86 46.0
188 98 15.0
188 130 21.0
188 165 24.0
188 168 20.0
188 173 57.0
188 193 48.0
189 155 50.0
189 157 21.0
189 13 94.0
189 17 16.0
189 34 60.0
189 41 36.0
189 47 53.0
189 60 27.0
189 71 41.0
189 73 70.0
189 88 46.0
189 90 24.0
189 95 51.0
189 97 51.0
189 104 77.0
189 110 84.0
189 182 64.0
189 185 7.0
189 186 4.0
190 7 62.0
190 11 42.0
190 16 46.0
190 19 14.0
190 35 95.0
190 37 31.0
190 40 91.0
190 50 71.0
190 63 76.0
190 103 51.0
190 125 61.0
190 128 62.0
190 133 8.0
190 166 30.0
190 168 45.0
190 196 42.0
191 144 52.0
191 146 11.0
191 22 56.0
191 101 20.0
191 102 26.0
191 122 65.0
191 155 6.0
191 70 32.0
191 93 49.0
191 95 58.0
191 104 81.0
191 143 51.0
191 185 73.0
191 186 26.0
192 21 6.0
192 25 64.0
192 29 15.0
192 45 68.0
192 55 52.0
192 81 76.0
192 114 44.0
192 140 96.0
192 153 19.0
192 176 65.0
193 2 54.0
193 32 39.0
193 37 89.0
193 40 75.0
193 50 84.0
193 56 66.0
193 58 98.0
193 63 70.0
193 86 84.0
193 98 87.0
193 130 71.0
193 165 96.0
193 168 91.0
193 173 58.0
193 188 18.0
194 21 51.0
194 24 59.0
194 53 31.0
194 85 93.0
194 111 11.0
194 119 4.0
194 132 1.0
195 38 78.0
195 142 2.0
195 148 86.0
195 149 42.0
195 160 44.0
195 171 56.0
196 7 13.0
196 11 27.0
196 16 38.0
196 19 64.0
196 35 47.0
196 37 1.0
196 40 38.0
196 50 55.0
196 51 41.0
196 103 44.0
196 107 87.0
196 125 65.0
196 128 93.0
196 133 99.0
196 166 65.0
196 167 9.0
196 190 48.0
196 131 39.0
196 174 76.0
197 6 92.0
197 121 89.0
197 160 65.0
197 68 56.0
197 106 86.0
197 118 61.0
197 170 91.0
197 181 59.0
198 3 53.0
198 5 17.0
198 15 97.0
198 26 52.0
198 44 89.0
198 75 61.0
198 76 15.0
198 78 10.0
198 79 66.0
198 82 64.0
198 89 44.0
198 94 47.0
198 127 34.0
198 137 45.0
198 139 60.0
198 151 47.0
198 161 99.0
198 170 70.0
198 199 66.0
199 3 40.0
199 5 82.0
199 82 58.0
199 127 33.0
199 198 45.0
200 13 51.0
200 14 85.0
200 47 63.0
200 54 99.0
200 60 39.0
200 73 75.0
200 88 20.0
200 92 29.0
200 110 24.0
200 138 72.0
200 147 46.0
200 150 55.0
200 172 71.0
