2 389
4 443
5 783
7 318
10 299
11 781
13 724
14 188
15 806
19 60
18 684
21 610
20 967
22 922
27 503
26 898
29 354
28 693
31 790
34 930
35 126
32 2
38 257
36 869
37 320
43 33
47 812
48 739
53 621
52 683
57 799
63 147
61 586
64 688
65 945
66 185
67 825
79 149
72 544
84 579
87 19
86 66
93 952
92 109
95 748
94 642
89 718
88 716
91 839
90 211
102 271
103 136
100 359
98 30
99 394
96 58
97 784
109 312
104 22
119 853
115 280
113 119
127 897
125 865
122 317
120 321
136 231
139 314
141 987
143 589
128 323
133 263
135 994
153 765
156 205
159 743
146 50
149 371
151 472
171 678
170 340
169 104
172 486
161 916
160 295
167 59
165 731
164 279
186 516
191 791
188 771
189 151
178 862
176 438
177 393
182 351
180 809
205 209
204 589
207 515
203 374
199 889
192 8
195 333
194 264
216 472
217 711
218 890
219 518
208 665
209 338
211 345
238 909
236 494
234 320
233 380
232 442
230 992
229 473
227 479
254 561
252 168
253 495
250 157
248 684
249 404
244 874
242 785
240 28
241 350
275 727
273 938
272 293
276 910
283 84
282 464
281 745
280 728
287 755
286 532
256 187
262 96
263 120
260 300
266 606
264 146
265 888
270 771
271 178
268 518
269 912
304 38
309 291
308 152
310 767
313 675
315 334
314 750
319 153
288 861
289 192
292 90
295 33
296 306
297 244
298 647
299 203
301 885
302 209
303 49
342 683
340 903
338 142
336 461
347 541
346 177
344 891
326 887
323 354
320 188
334 741
332 515
333 395
373 129
372 854
375 659
374 478
369 349
371 183
370 254
377 346
376 652
379 306
378 98
358 936
352 335
363 936
411 872
415 64
412 711
402 452
400 918
406 677
407 769
395 50
393 19
399 814
397 420
387 48
391 563
390 578
388 269
441 71
442 385
443 879
444 540
445 173
433 52
434 991
436 287
438 747
425 418
428 40
416 932
418 886
420 162
422 751
479 132
474 652
471 526
466 792
467 291
463 941
462 85
460 636
458 204
457 868
455 54
453 279
451 906
448 424
496 912
498 980
499 761
493 811
495 15
494 816
488 474
485 342
481 544
