1100 215
2 647
3 52
4 591
1096 66
1098 451
8 194
1092 295
1093 487
9 991
1094 574
14 616
17 840
16 769
18 207
21 720
26 697
29 511
31 428
34 1
35 103
32 459
33 497
38 991
40 930
41 238
46 548
47 729
44 170
45 725
49 334
54 161
58 773
56 637
63 205
62 970
61 6
60 903
1032 637
68 605
1033 498
70 95
71 934
64 72
1036 731
1037 951
1038 929
66 564
1039 975
67 235
76 405
77 665
1026 827
78 737
79 558
73 696
1029 153
1030 343
75 5
1051 188
87 937
1050 432
81 354
80 182
1054 580
1040 252
1043 550
94 300
88 139
1047 899
90 597
102 46
103 222
1067 94
101 840
1070 116
1068 33
97 187
1058 393
1059 751
1056 808
108 491
1057 15
1062 675
107 843
104 545
1060 554
1083 405
116 76
1087 265
114 424
1085 527
112 373
127 514
126 670
1074 349
1073 335
1079 258
1078 922
122 627
121 638
1077 260
120 789
137 597
136 776
138 912
141 574
129 594
128 700
131 712
133 609
154 190
156 15
157 267
144 375
146 723
149 329
150 888
151 895
171 643
168 862
174 936
173 586
172 941
161 713
165 303
186 76
187 753
185 531
178 473
183 679
181 642
204 57
207 254
206 761
201 535
203 299
196 369
199 613
193 301
192 209
195 971
221 687
222 101
223 208
216 566
218 65
213 685
214 170
209 193
210 883
239 974
237 820
236 407
233 887
232 250
229 129
224 172
254 314
255 456
253 731
251 262
248 679
249 117
245 105
243 859
241 694
275 168
274 789
273 397
272 89
279 913
277 44
276 79
282 614
281 695
280 888
285 138
284 105
258 166
259 883
257 600
262 33
263 346
260 545
261 356
266 523
267 922
264 208
265 532
271 812
268 659
305 756
304 429
307 543
308 472
310 411
314 810
317 486
319 939
318 287
288 240
290 557
292 91
293 458
294 48
299 251
300 170
301 59
302 889
303 930
343 553
342 494
340 498
338 957
351 586
348 506
346 274
345 297
344 906
326 268
324 28
325 28
322 489
320 961
334 138
335 563
332 79
333 801
331 692
328 887
375 205
369 447
383 605
377 655
376 21
379 437
356 707
357 873
353 95
354 852
364 353
365 769
366 370
367 625
360 826
411 28
408 611
409 795
414 380
412 119
403 612
401 616
407 167
404 80
405 756
395 127
394 145
393 590
399 55
398 697
396 295
387 429
386 194
390 745
389 282
388 297
443 13
444 538
445 195
432 644
434 533
436 672
437 484
438 666
425 917
424 646
426 685
428 633
417 488
419 151
418 872
420 583
479 950
474 928
475 737
473 907
471 401
468 610
469 501
466 413
467 322
464 901
465 310
463 122
461 989
459 656
456 817
455 824
452 118
451 38
450 693
449 400
448 78
511 162
504 623
506 201
500 614
503 563
498 766
499 640
492 86
488 210
491 72
490 21
484 563
487 464
481 591
480 906
483 75
550 285
551 756
548 629
549 574
545 803
556 110
555 372
553 419
565 601
564 719
563 744
562 395
561 891
575 556
574 585
572 334
571 583
518 734
514 729
515 337
524 450
525 866
523 158
532 945
535 433
530 793
540 695
543 823
536 988
538 284
609 919
615 303
612 756
613 105
618 183
616 854
617 845
626 458
625 870
631 951
630 87
632 312
639 956
636 435
579 367
580 316
581 460
582 323
584 10
585 397
589 744
590 699
593 785
595 203
594 910
597 252
599 847
598 783
600 911
602 918
607 808
687 85
686 288
685 545
684 116
683 967
681 882
677 334
676 241
673 127
672 485
700 383
701 679
696 56
697 41
694 175
693 780
691 978
655 388
650 71
640 352
669 544
660 160
661 782
662 682
663 544
656 148
658 748
749 417
737 494
766 882
764 804
755 184
752 709
758 17
756 412
757 209
717 51
718 153
709 770
708 898
730 448
733 723
723 828
724 516
821 339
823 619
822 676
819 200
829 769
831 398
825 679
804 76
805 539
807 133
801 120
802 747
803 347
809 940
810 565
786 43
784 178
799 804
798 141
795 320
792 961
774 236
775 101
772 742
768 842
769 775
782 38
783 811
780 642
778 118
777 157
881 899
882 861
885 422
889 911
888 125
891 246
893 244
895 918
865 219
866 354
867 749
868 956
869 815
874 200
875 883
877 459
878 720
879 951
851 969
849 262
853 484
857 43
856 791
860 200
834 775
835 982
832 577
833 167
836 802
837 447
842 370
843 484
846 479
847 418
844 902
845 666
957 561
958 908
959 732
955 9
948 344
951 385
944 235
945 326
941 250
943 395
942 596
936 921
933 389
931 705
930 268
926 954
927 600
924 538
925 469
922 416
920 890
921 972
919 627
916 280
917 770
915 110
911 705
909 758
904 925
900 406
896 30
1018 419
1008 822
1010 407
1011 18
1015 988
1003 432
1002 419
1005 698
1007 666
993 263
992 729
996 699
987 35
984 645
990 115
991 563
979 981
976 320
983 455
974 763
973 458
963 728
961 520
960 320
967 500
966 407
964 144
