170.87434425080457 173.42630590523166 0.0
167.3080317015035 45.3365370599677 0.0
16.88964929242731 160.22075046555767 0.0
165.8891514420088 130.0978430185072 0.0
21.094686520155005 141.19392568219672 0.0
28.88185109631458 96.56295308801496 0.0
179.21577482926196 73.47727353591272 0.0
190.0354254976996 168.08630684133453 0.0
80.17402173604829 57.65515936521102 0.0
111.31530584957608 12.074794557463786 0.0
157.6050289109866 75.22802752686808 0.0
159.68834965860404 10.27036222090012 0.0
130.50993540694506 161.13736368543556 0.0
123.70169853221881 178.94127554175253 0.0
50.426725845013905 152.81372365773632 0.0
163.9043291651171 79.75958214751525 0.0
127.39353709515386 119.90420802677156 0.0
174.168098961608 177.96270293734995 0.0
168.10851788533952 97.78133746905245 0.0
120.22308991912954 76.46738201802212 0.0
27.073580627142224 23.130290710267644 0.0
117.2296465152957 82.92447734099568 0.0
145.1421961426621 1.3570496455804548 0.0
9.967549663923926 51.27347782793947 0.0
29.7742556801635 23.255159035145702 0.0
27.230321620743748 180.17585362102693 0.0
17.433734116043876 192.3141443788654 0.0
96.2707561279599 47.776729831855526 0.0
50.94781204836514 24.24796525325954 0.0
23.65132928399678 15.564646607211085 0.0
103.27882045842607 36.76721851807947 0.0
175.61109646281798 43.66951127541894 0.0
84.04329486566076 60.314012260484205 0.0
124.06846774322528 125.75911873251242 0.0
176.2451253531389 69.42390053089353 0.0
163.63706649713177 173.76495712405676 0.0
168.07267874840178 59.57444055335981 0.0
50.53964150139467 60.9883587308508 0.0
68.24257244569453 175.82532970510974 0.0
166.0628831129322 66.7082696446731 0.0
123.25556141595753 137.25034152692646 0.0
165.20380092689763 156.23235097137749 0.0
91.0628204748678 195.10666464824436 0.0
35.41606584357697 177.4033508288391 0.0
68.02376584700036 12.882463725455118 0.0
160.87257943511472 157.89300131995853 0.0
114.66926380025522 162.80886704544847 0.0
64.41839765955835 47.18605325266878 0.0
180.66703984181126 196.11786715746837 0.0
182.39581656242464 62.97736828222264 0.0
190.51874553950515 63.27297757889101 0.0
116.78138657101478 73.77521356364679 0.0
18.90110519085473 35.594678875711416 0.0
104.5823020206227 177.82436680898036 0.0
58.19627016066769 11.148197024217543 0.0
146.19755605685273 23.032800422738276 0.0
160.63934813794984 175.45626172009926 0.0
142.45691861245527 53.406153285235966 0.0
123.64395841668848 31.544967075467035 0.0
104.30876790569042 164.56439324611082 0.0
179.24933926329453 14.026043301616365 0.0
19.635455021236538 4.235496336502331 0.0
147.2654852738959 58.36431175999639 0.0
88.432853324466 163.19121777655388 0.0
16.57550576710736 9.17420238625306 0.0
170.59838109419644 167.9103255823621 0.0
130.1872601127833 20.334730852342474 0.0
29.82980507375381 108.32505168647405 0.0
67.00913384833127 124.90752681218092 0.0
102.64474189358398 112.32676148087015 0.0
136.95758836281874 134.28782121195226 0.0
73.2887453908704 113.27718004895162 0.0
135.88699882719007 163.7136684114573 0.0
93.30754509156232 47.59184074548204 0.0
42.96506639900428 175.20395172638231 0.0
48.8169716336456 166.53270046769134 0.0
85.49985882056994 179.19102115261006 0.0
49.011751789319916 149.66720322520024 0.0
44.857489095052 142.55919013663936 0.0
86.21228099489532 167.02139197502416 0.0
31.99205448472111 13.495518010851049 0.0
0.7562587474789328 152.77496814066842 0.0
22.242472687066783 192.50475825243163 0.0
73.29986578965897 125.41645493937317 0.0
6.433484906922171 54.135544470061745 0.0
162.60101638089628 17.59711176050498 0.0
88.9510738327196 155.4102481066733 0.0
108.61499109605053 163.49228393727617 0.0
43.34518874955733 154.64627757434621 0.0
128.7405825880871 132.29949245421943 0.0
122.14564477270378 8.301862145966531 0.0
149.31272986050882 193.57259722265587 0.0
109.95976943581063 113.67465290364234 0.0
34.94535660614626 153.41188437983516 0.0
107.55318610794882 121.72692341744893 0.0
105.08601642212851 10.10015478388735 0.0
139.497990337975 157.00621623712198 0.0
160.15173186663685 43.59518511407128 0.0
189.10540878717782 150.57590841791742 0.0
78.87320565000554 175.35930368473498 0.0
81.74265805817478 117.06514125502623 0.0
93.98243141483078 113.32710036867866 0.0
161.26683387350863 88.39323515457205 0.0
105.13649848605935 131.3825871500572 0.0
134.19117787702777 54.41862980953047 0.0
45.97826933811848 123.53751133391827 0.0
192.33208953062007 54.70810229665768 0.0
186.4923450913428 20.0727112266474 0.0
167.0679486338779 115.81695972400861 0.0
122.32257643399929 156.22484716428607 0.0
16.973699524513485 34.916544912121594 0.0
79.47521470050887 143.5710831283674 0.0
5.477875315879999 73.30041304256791 0.0
45.839567836139985 10.084598112015076 0.0
86.32163742033141 42.24607866448753 0.0
130.2158687144189 46.90417188257481 0.0
81.98222473409582 38.90438992235967 0.0
45.04786847717108 128.18134099729102 0.0
13.855843912715947 21.334045809999846 0.0
110.81546206056825 54.93897244222572 0.0
22.87814875748342 99.49386509461475 0.0
88.05049049798637 114.69544083291842 0.0
105.39297699882076 62.95102741965734 0.0
57.19667640653989 145.67878364751888 0.0
181.4630006451585 66.25851145841845 0.0
87.0424471897758 147.77572727668337 0.0
11.448689290006486 149.40050818188087 0.0
159.21318194395474 91.93056779041775 0.0
181.56482110187392 183.39973863025781 0.0
149.21734079192544 45.52936784367883 0.0
190.25659339285718 100.12604943195709 0.0
3.7986119566207233 53.375160280445485 0.0
184.62015684999932 90.54083541278824 0.0
199.85408936050487 192.18019333847084 0.0
119.72525584914698 37.05727150294391 0.0
121.93636328162603 51.07154799125677 0.0
43.580491485399065 183.39155490293606 0.0
153.3650808566435 181.42675555390096 0.0
46.61440589736854 139.2257892854712 0.0
40.231459031142556 6.426468395104545 0.0
156.92858105059284 167.19827904871988 0.0
58.08703440845775 84.03130564117693 0.0
111.21163845069235 106.18249000797265 0.0
87.86566598428016 76.660624060628 0.0
86.08583551179814 47.51115352897146 0.0
90.59574811735366 96.67100151025372 0.0
135.79086162896053 199.74728669397044 0.0
59.71722073593029 68.80269160538937 0.0
49.49212350985774 52.79931039382906 0.0
125.32604763503774 179.08257587852452 0.0
15.13372800644932 183.62263647016817 0.0
86.42630783810807 164.24243905009567 0.0
56.6391460419996 33.44550824542374 0.0
55.27816703612449 136.53170925183016 0.0
97.39529246242414 130.4021166243982 0.0
112.18761570852524 35.87416195837183 0.0
95.33871621129725 131.6514131948755 0.0
89.59175849350052 54.63833498545878 0.0
193.59519391074866 115.50522688777352 0.0
31.051192518057036 89.86170909565321 0.0
35.507110072287595 166.78477139886567 0.0
103.76890086213228 43.589181803904786 0.0
104.01552183918625 67.56974213252913 0.0
182.51283693475239 14.056339283502982 0.0
162.74682123926584 30.69973962526975 0.0
168.32721278139437 98.7687734764783 0.0
199.78671708871912 94.83282717326973 0.0
157.17530703081138 65.09863696955496 0.0
105.00688279559837 37.561587398214314 0.0
31.66444487195359 134.8401120513799 0.0
47.94269909596161 57.032149946258116 0.0
113.26156881913406 176.23581312600547 0.0
165.60309364092151 22.707071444712867 0.0
182.91570879134994 100.30633140055723 0.0
118.22646025051719 2.358298631776723 0.0
54.76135133458744 17.88553704046909 0.0
125.87934112677334 35.07165874034097 0.0
170.5846655702459 129.58456088900343 0.0
59.927431349063596 138.989695780829 0.0
171.9922431376401 192.97761816154087 0.0
30.791281121604808 117.71496593133148 0.0
102.7298652661551 139.62324270744642 0.0
87.0318066439518 60.74128371877461 0.0
195.3566135467877 199.10477147973097 0.0
120.69364633187078 120.97552437532435 0.0
104.48751416302302 128.09416205359824 0.0
59.96712203729086 196.35824134239044 0.0
163.0755532442847 39.51372153112085 0.0
122.6124037870128 142.78623112757148 0.0
158.71194052962446 80.19040836894014 0.0
102.22232409213574 101.98595740911978 0.0
53.681127992417466 14.967871053827286 0.0
164.28303380515007 40.681656209591786 0.0
5.514956188996245 41.061587910972875 0.0
40.124571257686 66.34752192511732 0.0
184.04820119959538 78.51282067706077 0.0
24.23616773856756 110.02855605626449 0.0
26.485419184541037 160.91745073361182 0.0
4.054009450461193 148.1600188453815 0.0
123.74702817641241 185.17595524205228 0.0
