3 199
4 369
5 404
7 419
9 787
12 540
15 140
17 416
16 721
19 185
18 229
21 984
20 40
27 289
29 228
31 118
34 576
32 394
33 233
37 631
42 627
43 563
46 326
45 817
51 446
50 894
49 113
48 119
55 715
53 971
52 872
58 618
57 612
56 409
62 648
68 284
70 926
71 823
64 34
66 270
67 624
76 209
78 907
72 2
74 102
75 262
82 470
93 114
95 38
94 54
89 48
91 159
102 614
103 921
96 895
111 94
109 872
106 675
107 392
104 21
118 908
117 907
116 500
113 67
127 64
126 467
125 374
124 973
123 830
121 874
120 267
137 884
136 394
139 884
138 567
128 612
153 559
154 275
155 200
156 608
157 909
159 591
144 545
145 921
147 65
149 345
150 109
163 326
162 832
161 813
187 702
185 356
189 785
176 949
183 369
181 766
196 807
199 475
192 136
195 353
