180.91465605599012 61.080762063933356 0.0
128.0314448225674 193.1147440554662 0.0
39.67454927638683 13.61284730681598 0.0
178.64847870936208 26.424227120961685 0.0
57.665982435527916 97.93076990203735 0.0
22.625370897369912 186.08515102687494 0.0
105.84894511229291 134.46109392526185 0.0
105.57296662672341 145.45428830982448 0.0
70.68550967852312 57.83886372491438 0.0
161.76250904410477 177.75590869329957 0.0
77.29975971521674 175.64518384466302 0.0
187.2498095317374 69.51150387484132 0.0
17.243034227914332 0.25135210933178165 0.0
142.02182933509786 78.6856306843539 0.0
44.59124930928806 85.70928919640737 0.0
100.45888221102058 53.960125521321764 0.0
79.29644584745633 197.1357387131671 0.0
97.72599651415015 5.181949580885448 0.0
88.160015848213 41.795553976632014 0.0
104.27723724641254 94.9125939352643 0.0
1.4902660270247114 99.09725492330162 0.0
1.4771748461938072 7.139830568786731 0.0
167.45249382412896 0.9717639649518661 0.0
128.4139564924201 141.59546115785878 0.0
46.31484178599558 34.61305753471877 0.0
123.29874241580012 80.75539900670911 0.0
3.2386719619639237 66.31737371215596 0.0
192.41659328350048 81.48141283401335 0.0
170.95743077680407 118.16533043627571 0.0
5.414241114933582 154.39647860110395 0.0
22.63332630706887 168.54907183034086 0.0
137.780408304469 11.468660416549525 0.0
120.37641433584463 93.05462837133962 0.0
159.69475817518608 185.9111449154337 0.0
86.35605387987968 13.967114247724076 0.0
104.99173989305812 158.3889383899788 0.0
181.1299384588107 84.6745661481907 0.0
144.80604611337557 159.6554923970931 0.0
167.76131038968677 99.50374524240651 0.0
37.53664465268714 62.12537808562089 0.0
190.49016421334002 90.02924352244688 0.0
130.08656949516282 21.52191219830264 0.0
3.169694987668925 45.654919526049454 0.0
144.90619533806944 84.62148272116433 0.0
45.374423095714576 79.27456724094104 0.0
103.18777495475788 40.249086425095435 0.0
183.0318092309082 148.07653343302601 0.0
106.62953165858153 158.06247076608028 0.0
5.624537820636122 35.064745730365175 0.0
128.50780416780796 133.29499460054313 0.0
3.4558214788327435 98.62651706681172 0.0
49.36605543236852 135.51023759796533 0.0
136.16551911420729 105.48523861951718 0.0
113.44995366611954 145.5541275455294 0.0
47.630107107172215 76.63392244348441 0.0
179.08792683087182 157.27316529832035 0.0
82.5748915485586 96.35334270114942 0.0
189.5370251953838 119.20022383472599 0.0
116.67210917191768 61.17634607305287 0.0
0.3841354275800235 96.2920707859771 0.0
24.593946905102726 178.6677367553904 0.0
65.41295246094498 42.935728501428436 0.0
179.43476457639656 65.146891053942 0.0
104.91744435171996 195.82347892331163 0.0
102.11213787172069 136.98818323201522 0.0
158.76282561103912 18.929216133216585 0.0
60.8016686861607 41.891934105664454 0.0
161.0653635415157 62.70155698705604 0.0
58.15581668354597 134.52666003970515 0.0
164.18267397056826 35.72210767219908 0.0
38.00225638957295 65.20092794698003 0.0
186.7764936110998 29.459874787106276 0.0
93.41269989577286 20.73117855409967 0.0
164.03016264750906 185.38582918449197 0.0
164.47829026796393 33.42953573701155 0.0
37.67343953907205 148.59428659200137 0.0
176.82315809991042 57.14350893871782 0.0
39.287526272117 13.210707640019193 0.0
190.83282509476686 198.53727583255443 0.0
92.43354777593902 132.24819004155603 0.0
106.76968942016656 187.31208528182955 0.0
187.467944664858 138.20789948878158 0.0
2.3929557187805095 70.82101679241592 0.0
167.478733033655 0.6013792291672315 0.0
67.3957635182346 26.541363797417382 0.0
4.59663153916392 132.7055144543471 0.0
142.9176024875862 100.12546064888599 0.0
143.00565580507836 52.24378736741184 0.0
74.58533384840624 197.25880675552992 0.0
38.29787530761415 99.32023480105741 0.0
43.9815473889535 184.31199163007915 0.0
32.38743790040915 19.815301946785404 0.0
156.13421830232807 85.78084734655356 0.0
169.01928968659587 33.58569233348339 0.0
29.566988477306076 105.7670298433648 0.0
76.9782500641125 124.19299399479877 0.0
160.6446593963705 146.25898877319457 0.0
26.424526579089026 110.51881844800624 0.0
15.393874936913576 46.73120898909722 0.0
98.3519634297415 190.50690113191519 0.0
139.67422390779157 127.58733167993714 0.0
97.98568955911958 83.40542800494038 0.0
72.52025905644317 184.23058467008792 0.0
190.0061377814034 39.26574030421514 0.0
97.67042016788916 49.05281881433585 0.0
36.80669894741111 33.086304495138606 0.0
74.74390809502663 15.391178954986229 0.0
80.56259351357905 15.873682438691429 0.0
154.2221348037962 0.5093494688775291 0.0
125.70887809421667 156.02502491775496 0.0
99.33644360691514 113.91802454764381 0.0
150.49580300513662 171.8194978458357 0.0
13.15928650862137 92.85711667276395 0.0
104.60999248735115 129.4387426692728 0.0
100.64126163569094 68.52006637469283 0.0
134.42038257192064 60.819358097379975 0.0
83.03179416124138 134.6083330933948 0.0
18.227971068271252 41.773260737789556 0.0
26.066440250346478 4.062061591671795 0.0
190.96890432247895 163.1944348207323 0.0
43.4992673062611 60.320652423303514 0.0
191.14064419223558 126.80354644744006 0.0
194.0039489289614 136.2248224088836 0.0
72.29130461096153 1.7646571338923334 0.0
102.16255356834955 186.67952820824672 0.0
87.23260989621792 189.64100663590514 0.0
3.2063737128690484 60.45497999022291 0.0
175.2070890402435 62.53982627691508 0.0
36.36840945043711 22.01071109395627 0.0
60.560626985600074 62.92874454534498 0.0
93.15238472019081 125.98556763255789 0.0
106.04166286337038 83.48933442476645 0.0
164.5186183347295 5.004214364104742 0.0
54.668674915523226 81.50605621494232 0.0
124.93224785848183 95.70864469227034 0.0
41.17797034510144 124.67173839170395 0.0
41.41470441684976 198.43092043478765 0.0
157.38398212037634 13.82343086876352 0.0
2.184605835250175 142.6812281741011 0.0
15.35472275781602 83.00548140562563 0.0
122.16957682287692 13.633138806563828 0.0
168.12526558531331 138.3892490121289 0.0
1.6157721915637913 84.04576685995009 0.0
119.74244774739151 164.96192574566905 0.0
89.21728989249596 91.57032241202734 0.0
184.7544073173545 3.529521706354366 0.0
132.6327917697144 3.1464204224289194 0.0
41.82863825320171 80.46206243719394 0.0
186.95221662512404 116.20122156751462 0.0
67.0028805454226 58.74181258099236 0.0
95.62151879073268 60.622400752557695 0.0
29.143205405637328 171.25801460383033 0.0
158.52886448559562 185.98370183842917 0.0
83.50408425164329 195.924705424943 0.0
58.40098532423346 145.259591752804 0.0
8.855565739362303 137.08071706200278 0.0
29.35358437267148 19.273494595975027 0.0
99.46291823476902 88.76396636614432 0.0
120.3852591723216 65.38172419636537 0.0
45.27449413001739 72.83490216865842 0.0
31.799397476606007 119.40314084745181 0.0
111.99379158072848 68.5566994062195 0.0
183.98409524247523 31.562385978886276 0.0
167.28210706525556 180.122767057028 0.0
15.675281726121115 75.22230920105181 0.0
190.15836246848872 124.75477992035644 0.0
2.7736047631113037 31.43902664433749 0.0
47.733156831652536 166.37742991940604 0.0
138.98102483184744 22.880863286253007 0.0
126.7342155972774 68.50871140683779 0.0
25.96816148013119 147.4103035664744 0.0
66.85091927199072 194.8875489816635 0.0
83.47903480041342 144.63577455412943 0.0
158.74575579184295 147.49327801334732 0.0
108.72487498639609 117.99797486120171 0.0
141.65090784852356 98.99430272556249 0.0
89.61425217914586 130.463293031576 0.0
163.78855238400612 50.29616345644514 0.0
7.811810089294324 93.65457465255203 0.0
153.42365345335145 23.741939600696107 0.0
155.3134908305693 178.25746152295665 0.0
189.17840547660037 88.65078816193189 0.0
32.171209352660604 187.798139842599 0.0
55.30785273697396 108.2632492640844 0.0
193.19538576933834 158.39637540235935 0.0
20.956349316544642 195.79468276399007 0.0
67.9090213978476 73.85528212254151 0.0
191.98506628162036 72.18112335611401 0.0
190.7222793311395 18.45733756496053 0.0
149.7808653732624 29.234546972810737 0.0
47.241928025215984 129.09373579447984 0.0
13.52726790030745 19.30744907237527 0.0
67.82521079515043 153.86216613941892 0.0
140.73857846371925 116.19933430033494 0.0
180.9331325077088 76.02577497890073 0.0
15.428454700433193 21.920671923206502 0.0
176.53332731854886 120.2339848338514 0.0
64.10462060344146 30.062554867186364 0.0
123.74817513346592 122.16363226750835 0.0
186.85162366320273 98.90317706318311 0.0
37.13892153779419 113.24662685744104 0.0
94.08398807885237 36.015075685663135 0.0
92.46204877995712 48.908266202818204 0.0
99.12228712479299 51.019812171316794 0.0
155.42939134343206 91.74802848382954 0.0
32.565074930172685 94.2696747168582 0.0
5.948771818113019 150.35262305519637 0.0
16.499861222758618 66.61874745780176 0.0
15.517304831403056 69.93872382683462 0.0
164.91668598847977 159.07851931830038 0.0
166.8847820260156 172.78075070957348 0.0
61.25810416393336 61.035970446099164 0.0
192.7998912695802 154.3868452068509 0.0
104.85974692884304 161.84498780284136 0.0
54.59732818213725 55.64393248425823 0.0
115.10591304535637 162.9846483591 0.0
181.5791664144903 151.66072726742985 0.0
135.44497424999471 116.61087508507939 0.0
48.58914702176757 124.7951286586216 0.0
188.97967545598632 11.210570821538512 0.0
181.8739489419501 22.360499848887592 0.0
3.1677449941956093 36.200405606392835 0.0
152.27063351905602 38.76297250823135 0.0
43.238483100617046 174.69499362424781 0.0
139.9550255004054 107.32980205110701 0.0
172.25143656833518 197.3022062735829 0.0
36.43080260912188 38.84657733176922 0.0
90.29339920340944 59.686064969990646 0.0
187.13470475942592 101.82896225924765 0.0
196.13047200957735 142.7705121004716 0.0
171.9782607434728 103.812358054943 0.0
61.70207948187245 116.84015047610923 0.0
71.34203137318886 3.450822758129779 0.0
113.16429188275951 59.426892888020234 0.0
71.48345708097695 59.974202871880486 0.0
171.7599518597529 11.754230903146269 0.0
26.01486893896654 109.56052539679943 0.0
23.613587990636177 19.64367081430276 0.0
109.05343419774627 147.43815827608165 0.0
159.61926812071223 72.17069037479695 0.0
170.84015714312108 190.04043841915725 0.0
54.90995600918141 24.990372404195462 0.0
38.070379410614464 193.29292270828148 0.0
41.96718349741806 175.1357122717122 0.0
188.8735328031117 11.121530491345188 0.0
172.2502381540484 40.22437729953674 0.0
176.32515934466383 192.52741201107926 0.0
58.29422359152814 87.39253052905447 0.0
74.5696244683667 36.082409294676324 0.0
141.54689329445105 55.907102829270336 0.0
78.07715225053009 147.45659207990735 0.0
140.78428120814948 122.29080567439097 0.0
197.25421773910568 178.59729644213178 0.0
1.7654912769796027 67.92687040904808 0.0
162.5715830536809 66.43688809379444 0.0
90.8574831287409 26.49335992478101 0.0
174.5695875549196 134.51417247848698 0.0
53.68071804944725 112.2098061808509 0.0
18.545644348958803 72.6523880672381 0.0
94.39714242173152 59.761515347667405 0.0
100.42419312207701 67.8443324296526 0.0
22.082070303666267 142.89996811570362 0.0
154.2546157731646 23.7530890118812 0.0
57.69198879332764 81.10030963756437 0.0
121.97805706333973 76.74465569675031 0.0
98.46050850807741 192.28993725110124 0.0
12.549272419552992 93.12645858360295 0.0
96.12506096090196 104.54482606257136 0.0
10.195017008674201 115.273760725051 0.0
21.20731112412402 100.78319194609257 0.0
120.5358021775967 13.583526231048726 0.0
157.64035669388977 37.86885997864067 0.0
18.493104155416916 96.70336463457278 0.0
0.3564003674106697 155.16942086925184 0.0
93.34949136945232 134.2407990729508 0.0
13.018608113309105 167.49724638247986 0.0
174.02436367615104 154.16604357444066 0.0
143.90136889649293 23.494109993761736 0.0
61.57343879961981 91.37920608945187 0.0
94.99338965353796 2.903006826023069 0.0
196.11526570460677 84.42069461629538 0.0
92.71844351766715 24.803614449135214 0.0
141.83352629679004 144.0613762855959 0.0
118.23878173620221 143.77062079184319 0.0
86.39905903074678 50.51690835989859 0.0
21.12669128452902 22.046938745090074 0.0
20.100937156810584 75.28841119883079 0.0
62.25987951619418 83.20668267045102 0.0
85.17123560685813 69.13950985285453 0.0
10.116660867302297 76.41555393627728 0.0
167.23339245123609 9.477530424377555 0.0
149.21740104211344 110.27914066037677 0.0
138.49940286151582 58.414550013284796 0.0
50.278730298035754 51.402402227687325 0.0
56.28645472492162 147.04169837624573 0.0
98.71760223476342 125.1664279058117 0.0
70.61880493892896 71.95795598354466 0.0
181.46241506143062 4.86142802024816 0.0
1.1261033197963233 66.85260052693745 0.0
191.5987813382022 30.197662821196047 0.0
106.14471982507784 194.9480942916116 0.0
126.19789124611927 57.34882910980674 0.0
85.87376246515397 97.36815930000627 0.0
124.7456204801155 10.065287032059578 0.0
36.63302861244837 28.00354614531706 0.0
23.91096835464783 75.02729700354978 0.0
104.71519945820316 107.20581927771391 0.0
88.96260974310755 64.49122698441731 0.0
176.02015853279858 134.64726677966607 0.0
122.96276201663514 155.41450712228152 0.0
81.6043503955758 115.94293345898261 0.0
151.93779393309762 6.6279938456272 0.0
99.47367365802202 78.13846543531886 0.0
137.54534441672817 154.25708165901412 0.0
189.3934803487235 175.92541913512508 0.0
78.32810681792704 190.47585990307562 0.0
10.184767052606691 123.45336447743327 0.0
26.464573507994427 141.8113022535657 0.0
137.92081442005517 25.86597488541478 0.0
168.99754941364162 80.5973875027988 0.0
28.633888044619194 130.19616380213 0.0
0.841404154345593 126.81179078327378 0.0
150.58698249775208 67.01306451288144 0.0
151.43942493749077 27.410617117527835 0.0
148.86077777022211 12.221436095004812 0.0
17.76289866390981 36.4094816231183 0.0
98.95145437924904 62.67203839854882 0.0
3.4139242580108142 61.34206094616233 0.0
56.270136227841874 189.74916435000785 0.0
66.91418472265103 190.3599948968854 0.0
14.8802469865571 11.859441632306966 0.0
41.832296812975244 169.12086674868942 0.0
51.504183566181915 109.75374407066276 0.0
7.222633324448924 157.74384583137555 0.0
49.77616826026732 97.87197029571944 0.0
58.91882780989046 165.49529682843703 0.0
174.91338205556593 160.4081392102038 0.0
160.54548831566044 134.49955354168657 0.0
0.4228034594888852 62.551165488093055 0.0
137.6819386362054 123.65284067207847 0.0
76.15652931274195 155.36445317784217 0.0
119.4321977986347 30.051067968298774 0.0
170.97355464816113 7.0251917321692225 0.0
28.725573179385535 177.62521493775375 0.0
23.461517540838315 13.652221686913801 0.0
75.99271626510553 101.31060958643099 0.0
190.61691674325064 69.70891303040234 0.0
20.432203375296652 159.95941581976453 0.0
97.07797084471818 110.97557105294639 0.0
28.903005352191457 22.338303355491075 0.0
56.44929047446035 82.34348058784984 0.0
84.54864499725537 187.93620414007833 0.0
61.45304495261106 28.190606831926225 0.0
75.5789737797209 127.93978646570945 0.0
121.08656778502566 154.85679895459955 0.0
129.20597081059182 161.61715392242803 0.0
60.66159395368729 72.74416895622184 0.0
46.5501722784637 19.483038729444214 0.0
194.5457348889287 189.82596092412115 0.0
41.4047344568236 187.00158370448148 0.0
131.62201669466018 198.85533464972326 0.0
189.06438124997462 171.21570309109705 0.0
179.9277240437568 177.32303135151238 0.0
50.9968085835635 187.57460416187925 0.0
179.62896211310792 2.2207948488401907 0.0
56.954477003087334 25.364185336264413 0.0
112.43281736906505 170.92537006580648 0.0
198.1950133313571 17.527519343229248 0.0
110.7342046604834 115.02540941499578 0.0
13.79868599555798 114.29567679442476 0.0
121.23980545726324 95.6717622816035 0.0
136.64186700577923 39.931840421829826 0.0
65.50691230587222 177.0392114065237 0.0
6.405587593923601 198.02446809194078 0.0
83.78015195282214 188.74558095686163 0.0
154.0686484570301 183.14818055564882 0.0
148.70453929731192 8.58206883805661 0.0
115.6550746178538 55.34371712118726 0.0
191.93845476367096 123.66625993292435 0.0
142.57602997967084 138.7512376072658 0.0
99.38563620719077 61.137296547055975 0.0
41.72650552219097 16.863981168054277 0.0
99.71039994628454 118.77034253675535 0.0
100.56758797391187 14.252164607743856 0.0
195.9957870867975 71.3954012635969 0.0
130.74529771609295 178.23973447816545 0.0
171.84950935914463 180.76326974251515 0.0
198.3673235212245 3.899530245789329 0.0
140.95796178619156 94.50928677572902 0.0
199.87928676955627 81.86508434651311 0.0
3.0338825964222105 84.1232992323216 0.0
89.55258505230745 90.84016777604992 0.0
119.29848581388478 142.34213655919825 0.0
67.91597136663185 105.32004261141714 0.0
27.084250687843102 137.13865239810318 0.0
0.03354463168829813 43.921104197097115 0.0
75.83992920354932 102.48919496560463 0.0
148.35201792944306 44.848474740425374 0.0
85.76448098182212 35.359255292412996 0.0
176.91047847596067 22.413890444684448 0.0
105.49212421282333 63.85474629416898 0.0
112.02618202522106 32.149072958250336 0.0
76.69591775305373 153.24427040789232 0.0
129.14018651421918 151.9425199804797 0.0
101.17258798945474 24.56551433129941 0.0
76.32699514849317 172.76055756074652 0.0
49.916714342922 74.78667353454284 0.0
142.0426987896812 84.89621032826264 0.0
53.887576421132685 8.001738469762131 0.0
28.00632779703973 144.32235898770693 0.0
172.61742067451172 13.896130689024911 0.0
197.67957817908325 8.60832285463764 0.0
49.505052754826885 62.72716538292607 0.0
36.63023256805147 42.99204589324472 0.0
31.584132452312087 25.32143979595396 0.0
83.13506408638878 14.582598488704758 0.0
56.75077783047513 72.0992466385558 0.0
65.69819458437989 16.30075029642213 0.0
192.88036009014957 156.89375784274154 0.0
118.73128165077651 192.04806961435744 0.0
50.95881296542017 149.3407052317002 0.0
38.462134862784694 70.72781481775733 0.0
188.29894900941605 143.87187967806932 0.0
188.20879539811673 59.123776655818936 0.0
68.10766170594536 43.8538463577705 0.0
65.47630734511529 92.2759235150846 0.0
148.11525852496078 96.17083536914211 0.0
2.903745286949855 194.87463021857536 0.0
33.673298268942496 34.558750073380764 0.0
190.90947841769787 168.32799943892633 0.0
149.67286986595064 79.25500821281514 0.0
181.95280086480702 185.53964118363348 0.0
60.83034316273292 36.036642189890465 0.0
64.65050132765921 149.06707230632435 0.0
1.3330499205777668 139.4770865093416 0.0
180.55721171902246 48.213726996926496 0.0
162.5326561618164 93.25970174662757 0.0
197.2386311080908 36.740365140618316 0.0
31.319248702498935 174.6440407630224 0.0
148.33718248729687 145.26443427096908 0.0
172.0045400693435 90.68855819536432 0.0
104.64977735740355 41.04890609413019 0.0
100.98784371684091 100.59141408653029 0.0
49.80784614181273 52.76471888535976 0.0
116.17385077406057 151.51867256803138 0.0
99.96999429117702 188.94387704834017 0.0
112.05644051609487 14.547157706326153 0.0
29.00803549995501 96.2231400945092 0.0
136.5782621698185 52.85693771562874 0.0
138.98738306011106 27.110887489339675 0.0
127.32089941036611 106.06627997442872 0.0
50.313169888805476 116.89264112163113 0.0
102.27592631009887 32.609687419970726 0.0
176.73373704482324 5.42359237928709 0.0
74.39242295427675 116.31751843221491 0.0
97.463455426348 81.93917887005846 0.0
109.29175501390685 13.863361549372556 0.0
142.00713641353778 179.6476890396916 0.0
51.985875665103485 196.50334356464708 0.0
62.838678593649846 1.7515138117209617 0.0
111.13060650885069 122.53914073955376 0.0
86.90674367725484 121.67674007945723 0.0
108.2906631438675 66.19449932025519 0.0
109.01082285339511 67.6733019844412 0.0
174.88864952135845 24.10270687378251 0.0
118.41104974181447 175.5809333794344 0.0
10.955331623145813 22.3603428416717 0.0
134.60576265706132 173.43886423287816 0.0
107.4940587597487 55.1104830766713 0.0
169.0308415629523 47.750087585612164 0.0
178.21724342552733 199.8762376558782 0.0
26.505322710643608 33.59376121373021 0.0
46.60842297858221 175.3734841636742 0.0
113.56812153225246 169.41217058489067 0.0
190.70846700474138 134.28924339745254 0.0
30.42085998367017 162.18152098782056 0.0
60.719982317109135 16.52017149383138 0.0
189.01223926928185 119.80853063709054 0.0
153.46922364233652 127.6233607843234 0.0
21.86972934710316 24.97772371559921 0.0
52.96007162988978 152.73939995444346 0.0
124.60446147746285 48.307112107487235 0.0
27.700099507395272 168.0055913105988 0.0
109.58582459753916 128.5526695792783 0.0
113.1739058739132 169.4848703967308 0.0
39.10227183140718 83.73495233107431 0.0
101.78426233415041 3.8940092812145943 0.0
53.3954201527368 59.44395514754106 0.0
112.7770410569243 155.92218866220605 0.0
12.274613142222602 169.21109893250943 0.0
21.11095251974895 23.689178668658894 0.0
28.589622895059243 136.72012321128037 0.0
186.92873174790253 96.89989534498243 0.0
87.65933843654174 10.761338010262666 0.0
46.23149534761046 41.510096025241296 0.0
118.82465497751052 191.21670981619044 0.0
198.5534068956935 90.22566726752599 0.0
113.61413534984821 77.9958382362497 0.0
58.87909370781308 139.91592487593778 0.0
169.5812040532633 34.72587289217795 0.0
128.74156393289175 165.02891325404394 0.0
79.69212341462449 45.13110873005057 0.0
85.38363162867594 170.3548116037568 0.0
84.21411389742195 32.42091279437036 0.0
188.0613014208589 126.99108289818962 0.0
55.37345271888967 110.63737426888022 0.0
157.01272563923027 162.1209871578959 0.0
94.6236563522664 41.79688554696559 0.0
93.31174699960856 106.22487961683811 0.0
88.18406626274846 83.79274036043734 0.0
176.77034517383083 140.601401383268 0.0
188.57964415367536 31.408578871565453 0.0
4.2496143094873595 133.58365943371052 0.0
68.23294405770667 176.42532475548794 0.0
112.18415112174888 105.59317923828462 0.0
125.7296061984656 142.68713076739087 0.0
64.82017992105378 121.1822499979676 0.0
16.199055371368143 88.12461616860094 0.0
83.6128871440437 170.47314122912684 0.0
124.32231610278343 8.116466847706572 0.0
143.4238945685751 72.91043998911275 0.0
101.79926712681025 23.203354503065697 0.0
167.60503097508186 113.0005834500767 0.0
150.677885180473 189.05088537368445 0.0
16.749879490408247 0.720422587156988 0.0
149.76842144820785 127.69111437225445 0.0
184.83995241415124 38.53463257382852 0.0
193.43568833981547 46.45499450224013 0.0
91.70757134551772 72.46935524253463 0.0
40.38295404164127 84.64090260473687 0.0
192.18287314138925 106.44742929588192 0.0
154.61139512232452 7.847260653614008 0.0
9.987770979743903 167.098425222967 0.0
61.559121861394026 56.02998281784841 0.0
48.3848020477821 120.5142961345117 0.0
39.49431328723121 43.72842168906319 0.0
129.78433715933355 62.92952505723402 0.0
119.5572579442758 9.536173672026148 0.0
72.95878144659117 34.06226080958916 0.0
177.41630077406685 16.776010393390916 0.0
129.2077581936039 134.8608811594516 0.0
165.32320679889528 118.47092776792965 0.0
67.7636223263104 70.6581194139565 0.0
55.4235473242922 17.086249403259956 0.0
25.92187683692302 86.2428574729879 0.0
43.498222631851256 173.15034392134484 0.0
20.826438680536818 11.117286920991143 0.0
196.88239963799447 46.7445496649719 0.0
157.5350237436194 91.21518652053294 0.0
21.128553833224583 191.98547491218494 0.0
61.93516354520754 47.61469821821569 0.0
167.0505477378788 67.00588995393606 0.0
117.27676781077825 173.28686311050006 0.0
103.10603325624194 70.57306407107691 0.0
89.53236720939688 55.679029562332346 0.0
37.644780689245664 71.36627228660673 0.0
89.4915878563695 95.93997841824778 0.0
91.3708127768754 157.06806832949889 0.0
138.44158854233402 184.85146043217003 0.0
92.43656527318814 97.80659185187352 0.0
79.48066949731616 91.03871926148715 0.0
194.90760786184867 92.11916219171832 0.0
7.9574149662157145 118.79022034294864 0.0
5.906728777390069 143.49007605954858 0.0
182.2231152836714 0.8248117784797504 0.0
47.56661596278769 101.64843571323227 0.0
119.83060695409348 5.60221063380697 0.0
176.99045926862408 195.19459706026424 0.0
84.50777046339644 59.280603035953035 0.0
40.74041337022551 180.75664932708156 0.0
25.67948619113234 109.18291151932753 0.0
149.9438791793562 38.76113899429499 0.0
45.00697478564928 188.64111788986636 0.0
127.92804947949598 57.03516770565662 0.0
33.3588341046883 82.34585398619161 0.0
104.36347560801403 160.83955594049647 0.0
46.82344122696065 136.836250353284 0.0
108.21759094816179 71.56592506855365 0.0
71.81756311487004 12.522874276279383 0.0
46.389596971724934 106.21300166065488 0.0
67.04153181507198 31.64440146251417 0.0
45.71837194991395 165.89059329793173 0.0
163.97641774184373 40.816440968160485 0.0
183.1252770593399 103.98219542264557 0.0
57.814186569107505 177.33879293122854 0.0
131.9742432377243 13.230270999257886 0.0
127.15693066864391 5.1852440860836735 0.0
12.301654238078408 25.890817080843753 0.0
83.51672655702428 169.60769258779857 0.0
148.38895850201396 182.2368782799361 0.0
170.5929013265626 8.544400323404489 0.0
109.22121556917031 190.07324189078537 0.0
108.49882732214692 54.529827079162764 0.0
135.69507865347083 71.55757389359145 0.0
109.55566829547874 62.561378872940246 0.0
43.01011421432188 173.50591568710183 0.0
179.96586430822128 107.38622230681045 0.0
127.49753698662707 3.493375052156611 0.0
165.62435218911668 7.929060065720317 0.0
104.21084800291003 46.44357345114598 0.0
0.5209220644457613 57.08971876598892 0.0
54.9232026404624 115.03330102388034 0.0
172.6324133332864 161.89702087980822 0.0
175.74648346673848 92.12158550605571 0.0
134.89867929072713 32.013400763603684 0.0
179.4076225650474 134.54522528975374 0.0
57.8217113379067 193.84241630729545 0.0
129.28773556400228 125.00564777671781 0.0
145.4224540540391 152.99920605742872 0.0
60.65023023666001 182.40473502473205 0.0
117.7353318947091 179.66165643938874 0.0
179.0541186917325 170.87011376342312 0.0
0.7156376274074505 149.3279861845343 0.0
116.7692624251508 183.84321694891813 0.0
58.38043495664993 35.76412159782025 0.0
75.08044195546468 121.98616529516661 0.0
152.19876700972986 23.432196104698644 0.0
83.68762010192614 132.29644894357665 0.0
19.192382180347444 183.4491764672631 0.0
67.9798687657513 30.70109437940902 0.0
122.90349885062454 40.13255346216853 0.0
130.78096992662097 91.53489114517028 0.0
50.33135755443603 144.4477598296528 0.0
27.234824161074478 154.68997815087238 0.0
103.13473334839955 166.17984758165096 0.0
39.81925534560482 74.85702892797705 0.0
162.84279720968334 18.409740819639065 0.0
145.04697737736 117.16093727980008 0.0
97.51211657266656 135.88318038737285 0.0
104.23295993399302 189.62688251232623 0.0
121.2127961401622 43.118352574739724 0.0
107.7775577316746 195.29527027306594 0.0
17.92219809189719 168.60589237678028 0.0
55.73528754395778 85.43706690144974 0.0
197.8498301830656 88.21291655116259 0.0
67.00924475135288 0.20369128146635607 0.0
166.9124947091871 13.910400703417958 0.0
175.33159742066292 194.17854221596093 0.0
159.02394161494644 183.20111920503518 0.0
192.2609040271808 61.67995639599937 0.0
6.058661190604009 50.13320995114119 0.0
195.7472305364112 100.29838001442897 0.0
1.7947550241770527 30.542079641982454 0.0
37.38640525153376 81.03306879356134 0.0
153.8361067062364 12.171383748961606 0.0
52.30511447815902 29.526764645214932 0.0
11.45945840636491 104.58148632606932 0.0
2.688747726496432 65.27936708637534 0.0
7.527202734021765 174.26164393136384 0.0
189.28427866863973 94.3544851825804 0.0
159.0521027314742 187.12002207953887 0.0
24.78080281855235 5.975730448948791 0.0
33.695437537749015 63.53341668583234 0.0
178.79058231963137 184.54212954165376 0.0
108.42537132066774 40.39634503355018 0.0
76.22385841173505 15.975140801881338 0.0
21.757667439662363 30.117074348812658 0.0
59.1709165377124 40.94233616304521 0.0
152.4461618508052 168.26586413285608 0.0
106.97526738524834 87.38584307690174 0.0
45.18579466708699 49.58856861220824 0.0
50.0021010246549 100.91621502391584 0.0
47.83616659728338 66.35656940404428 0.0
109.67642242035043 84.01541387791163 0.0
124.8690860684968 183.53175297546872 0.0
150.6857412631466 153.62530081687206 0.0
168.18872071746463 11.9831630408626 0.0
40.81229508751603 31.580870783938366 0.0
39.168368601129664 173.99964831990007 0.0
179.6802889817338 93.48022604941293 0.0
44.69317720106891 94.60075598660048 0.0
179.7738255936648 18.966220525626397 0.0
175.19338294079526 97.65585556293625 0.0
61.401561358863056 110.02738004775401 0.0
14.098052957801311 37.57932391298293 0.0
157.85440859105083 73.80858573174933 0.0
165.83453260609707 55.37741248237096 0.0
17.822978151191204 102.55483549507076 0.0
143.44418827731369 12.080263271471402 0.0
139.2116705305175 25.69417585703764 0.0
107.08027567504325 123.1003210200305 0.0
171.80673197290662 157.69870566997272 0.0
51.099177542817166 93.81621300422141 0.0
85.82585399617105 20.24540441046159 0.0
0.1514098973128153 39.688995961286565 0.0
119.19718816413389 178.33129895187062 0.0
93.62431790379216 63.47544533768827 0.0
88.48604473731172 197.3803629609674 0.0
112.98349082957114 157.61091345395442 0.0
76.7077309652812 2.0122382293957353 0.0
38.00534123969368 101.59205532112435 0.0
195.83545401666373 97.0258899648135 0.0
5.588668069771963 32.19762532635648 0.0
62.632327103428345 197.28380598028915 0.0
188.77813588696327 178.64317951726872 0.0
23.507056065736464 5.565526847890978 0.0
13.828153885866268 75.27354134773434 0.0
17.41301605703425 176.09178547693273 0.0
189.58076965484486 191.15456142432416 0.0
75.38079475647336 106.30356511450493 0.0
36.12658100264841 148.93354853324175 0.0
21.094659199822786 110.61306633651988 0.0
168.66301315173556 144.5956120801357 0.0
158.99361904688672 147.22648138634892 0.0
117.65951301599213 25.25085324542442 0.0
14.698098975597173 192.77119397295465 0.0
147.88464961559436 133.84531770033624 0.0
127.13361644413057 189.34295073210367 0.0
176.54534482669717 87.6962478147534 0.0
82.54303497286732 24.721192264237924 0.0
84.73377474048824 122.01017409381191 0.0
27.649454868878244 48.88376648383171 0.0
66.57284613238646 100.05003096892573 0.0
2.551888750446607 178.58485240347497 0.0
166.89639504454064 168.37541775086672 0.0
193.5064423975919 96.64284348955306 0.0
20.995616662112738 118.58787767081411 0.0
21.56582272187091 13.717777014127176 0.0
28.908535721941988 6.270842125915088 0.0
55.12038099387981 127.74058382434245 0.0
171.92464509735404 73.32187126350287 0.0
62.70427286664728 89.78940379008094 0.0
10.422111389991318 121.63235725137315 0.0
107.0005192351805 65.09087578664827 0.0
89.85032530067573 194.07796521008493 0.0
21.799138224443347 163.95726346848613 0.0
25.61583772905347 133.04065720049996 0.0
110.73284124073032 109.85293814694839 0.0
137.82505176028025 107.19111861909553 0.0
59.93497054894774 10.416733648839793 0.0
63.282373351408204 124.01814906551026 0.0
66.33492975182827 2.149290906256174 0.0
84.83775532230382 78.59936241244536 0.0
49.12632346878978 150.60753581568665 0.0
187.12302205093997 28.36545879487884 0.0
134.0136659023284 105.33107496240423 0.0
72.91154433244841 129.11802691568283 0.0
178.1636030421323 32.3581968452775 0.0
155.78118327952794 19.318719710221856 0.0
138.35701108095458 77.07199449103923 0.0
82.45580182799463 197.67542796058407 0.0
175.6586163052296 46.249786428549754 0.0
32.14583480848607 103.3089217937722 0.0
136.99111405185826 140.57212679099632 0.0
90.40385472795289 178.29118416537145 0.0
57.3210419823901 17.480099536706906 0.0
1.4562518121898904 169.1045499185762 0.0
185.73401108675574 19.152833167851966 0.0
165.66757907344336 106.57849675522957 0.0
154.49716151866758 61.5096147332713 0.0
67.739307427 193.11879954324144 0.0
82.27714290355601 47.524052858226426 0.0
196.44016008407382 21.55158395993011 0.0
31.0019986067984 141.77041385016366 0.0
148.11046216507242 151.66255482999586 0.0
120.42596957586073 23.00516141457041 0.0
193.8781997190526 78.51955813786591 0.0
145.27619791912778 117.71936849971019 0.0
134.46986621231926 40.924443039861266 0.0
136.93091763906068 9.980778371019628 0.0
166.69451716867601 138.8479510743512 0.0
164.8988493305716 121.51677446978202 0.0
142.12462983604576 55.45920231776642 0.0
182.93988840334535 160.87259683157487 0.0
11.19282453411401 112.36920689592718 0.0
90.48751830789851 151.61176778617428 0.0
14.868714243733795 25.96555602199664 0.0
2.103619813879276 66.90863917270092 0.0
111.27553818451545 178.22331079562633 0.0
196.01673494497925 21.51569603884913 0.0
6.0514936481490755 67.13493054858492 0.0
147.36511745741623 1.9710904777561877 0.0
192.9559959662072 59.90985661965753 0.0
42.586194868707075 52.04474150324645 0.0
5.1664364098942706 36.352202354461724 0.0
18.46443662479229 72.80402299826348 0.0
27.9063213814988 180.33280942731676 0.0
72.66989916326187 145.31304564920927 0.0
129.49095750270092 54.02975301543871 0.0
152.190014637292 138.86220349256843 0.0
30.572170639196948 172.61916325657256 0.0
141.877532731022 128.75754067164402 0.0
150.30887974176989 186.356073157141 0.0
147.40786067830166 15.08229524678013 0.0
43.38563796701145 72.4927904402669 0.0
195.25926800466107 107.47579574999139 0.0
73.24658731289153 41.24015684205953 0.0
56.899836610915514 120.85765109888922 0.0
54.60753869667978 167.98473485944444 0.0
145.1852919386174 13.158088140976275 0.0
42.254265829288016 78.23298536536684 0.0
128.04221234327076 188.49797201805444 0.0
43.33036190326969 132.26112179911274 0.0
57.83129534853791 187.89497551927388 0.0
186.76335268704406 83.20724220488852 0.0
24.355894625166453 94.45509461517827 0.0
196.17307485658338 115.35007835397847 0.0
5.301146530961476 91.14158414090947 0.0
81.55156363386227 108.57665493542041 0.0
109.95940405926537 126.59612104200244 0.0
