5 190
7 105
9 324
10 200
12 423
15 661
17 145
16 223
18 628
21 398
20 905
23 852
22 561
26 495
30 470
33 817
39 566
36 655
37 886
42 959
40 983
41 859
46 188
51 727
48 809
55 489
54 566
53 179
52 168
59 290
57 233
62 856
60 558
69 547
64 576
65 51
66 687
67 993
73 988
75 93
87 536
86 294
83 413
93 572
92 861
95 204
94 191
90 935
102 833
103 725
100 304
101 429
98 560
96 285
97 333
110 435
108 897
106 572
104 28
105 280
119 31
118 220
117 677
115 335
114 807
127 731
126 961
125 9
123 707
122 773
121 621
137 372
136 429
139 810
141 792
140 699
143 184
142 199
129 799
131 107
130 911
133 484
153 361
154 312
159 897
146 465
148 590
150 458
170 756
169 478
168 268
175 111
173 582
172 565
163 41
162 606
161 947
160 70
166 132
164 53
191 265
189 927
178 567
205 40
206 807
196 446
199 381
198 319
193 492
192 437
194 913
220 410
221 587
212 112
214 151
215 620
239 596
236 197
234 315
230 9
225 454
224 777
254 991
252 828
250 713
248 235
249 27
246 946
247 576
245 207
243 669
240 741
275 915
272 586
277 408
276 734
283 899
281 293
287 376
286 386
285 870
258 536
256 499
267 424
264 642
265 236
271 395
269 268
305 838
311 900
314 617
317 739
316 636
319 201
318 731
288 707
295 499
298 105
300 342
343 270
341 305
340 916
339 823
338 916
336 782
351 722
350 234
348 89
347 891
346 868
344 230
326 482
322 641
320 542
332 912
330 967
331 15
328 869
373 236
375 542
369 931
368 795
380 306
383 348
382 89
358 276
359 20
352 160
353 33
355 547
365 446
366 662
367 547
360 534
361 150
362 133
410 550
411 36
408 667
415 22
412 958
413 63
403 762
400 777
401 371
407 385
404 500
393 925
392 886
399 575
387 699
386 220
385 127
391 412
390 731
440 577
444 441
446 924
447 821
432 767
435 455
439 110
425 223
416 255
423 568
478 20
476 983
474 845
475 38
473 426
471 254
469 8
466 653
464 97
463 905
462 116
461 382
459 287
450 507
497 942
498 291
499 29
493 391
488 747
491 301
490 325
487 440
481 517
483 737
482 229
