3 805
4 867
5 787
7 579
8 592
10 257
12 585
17 365
19 365
21 641
20 122
23 855
22 886
25 707
24 650
27 492
26 458
29 458
28 769
32 79
38 418
39 361
37 958
40 302
44 115
49 208
48 672
55 623
59 887
58 175
56 104
63 573
62 382
61 69
68 170
70 967
64 971
67 157
76 130
77 637
79 761
73 326
74 980
87 248
86 348
81 686
80 187
82 933
93 107
95 874
88 179
91 342
102 571
103 340
99 555
96 845
97 528
110 418
111 129
108 494
109 492
106 831
105 745
117 72
116 162
115 296
113 785
112 751
126 996
122 365
137 68
136 169
138 72
141 513
129 190
128 378
130 961
133 888
135 918
134 887
153 546
154 485
155 559
158 700
159 621
144 285
146 57
147 330
148 226
150 211
171 78
169 505
168 395
173 961
163 422
162 877
167 740
166 248
184 75
191 560
178 504
176 580
177 913
180 708
181 854
205 374
204 573
200 411
203 426
202 975
193 678
194 957
222 144
219 750
212 241
213 253
214 820
215 247
208 702
209 265
211 941
239 465
235 864
231 763
229 368
227 521
226 578
224 737
254 208
252 312
253 813
250 230
248 554
249 582
244 950
245 778
243 79
240 409
275 644
273 157
279 643
278 798
276 199
283 411
281 595
280 451
284 972
259 949
257 204
263 854
260 189
267 660
264 77
265 198
271 733
304 794
307 374
310 828
313 889
316 783
319 658
290 901
291 842
292 149
297 616
298 647
299 848
303 304
341 480
340 917
339 120
337 301
336 504
350 145
349 973
347 870
346 614
344 701
325 573
322 584
323 336
334 614
335 314
332 745
330 95
331 134
372 569
369 241
370 650
381 525
383 751
377 932
379 119
378 666
359 383
353 504
354 732
366 651
367 705
361 618
362 132
401 687
404 877
395 512
392 125
399 268
397 860
396 106
386 269
390 875
388 63
440 225
441 765
445 988
446 577
447 660
432 750
433 206
439 567
425 204
426 248
429 599
428 832
416 379
418 914
421 645
422 512
476 445
475 371
472 335
470 510
467 418
464 159
465 835
462 157
461 688
459 341
454 740
450 816
448 273
509 829
507 599
501 695
502 334
503 255
499 642
492 182
489 496
490 479
485 530
487 268
481 382
480 756
482 880
550 65
548 72
549 455
558 208
559 720
557 623
554 905
552 69
553 660
567 767
566 493
564 900
563 759
575 282
573 629
570 499
568 957
516 793
519 9
514 182
515 104
524 66
525 434
526 846
527 717
521 97
523 228
532 566
535 347
528 852
531 2
530 691
540 772
537 632
536 107
539 887
538 947
608 409
609 770
614 267
612 901
616 618
617 995
622 815
620 533
627 161
625 233
624 639
631 24
630 294
629 501
638 411
576 959
580 568
581 865
583 747
585 746
587 444
589 83
591 157
595 993
596 651
599 173
601 805
600 814
603 838
602 241
607 135
606 174
686 681
685 609
684 812
680 919
677 265
676 332
672 71
700 36
701 491
699 845
697 747
693 491
653 683
652 310
654 779
647 839
646 166
641 778
640 605
643 209
642 372
669 39
670 404
661 633
662 637
663 514
657 624
745 51
750 271
749 901
748 828
739 469
738 145
736 395
741 372
762 525
763 687
766 869
767 801
755 791
759 915
756 365
757 971
713 307
715 580
714 15
717 378
716 853
718 830
705 679
709 448
711 494
731 470
733 685
721 62
722 544
723 871
724 605
725 890
727 879
791 926
786 67
785 2
799 259
797 534
795 348
792 328
774 842
775 385
772 312
770 17
769 50
782 52
783 508
778 291
779 220
777 46
