20.145805744039347 69.45344937108256 0.0
111.81525782143966 172.35337753250496 0.0
69.28040835500022 92.58126666072187 0.0
104.33144495223597 58.48423273460854 0.0
197.51931612398724 4.0606702001187545 0.0
36.2932047288498 142.3467325214341 0.0
186.52780839557414 16.554646654016558 0.0
116.2693580886631 107.77118129427494 0.0
196.2214077376752 147.98105303196678 0.0
34.78394915954686 11.396271406006209 0.0
142.32837612752354 113.08845052074028 0.0
1.4381153195603957 99.89999353373548 0.0
4.296823237241099 183.34193663671937 0.0
128.1144212720521 137.08411425359623 0.0
92.92257113703019 102.74710032791666 0.0
87.3469611233885 47.67865570948264 0.0
176.80063869911956 168.52936792712705 0.0
110.29200633810608 196.64692094075312 0.0
17.67965609764164 38.125058835513 0.0
5.33562502550764 65.93559948111309 0.0
97.02509440972125 107.72943744034569 0.0
176.22613483265343 65.02862650270443 0.0
129.5738259056464 22.686292649778995 0.0
197.72098442080969 117.3275345186825 0.0
154.38903239667076 26.292410127769838 0.0
167.08904037531218 101.29495198822467 0.0
169.90102782146576 31.129609962553072 0.0
191.41098481683133 193.4622373143347 0.0
36.64620478021454 105.8258385071877 0.0
193.4719333929274 59.81599428942472 0.0
109.89277580722208 110.18611692771476 0.0
123.14210746272866 72.74252255425344 0.0
184.06864325866422 82.9229383637502 0.0
46.49280633531232 92.6231633982908 0.0
31.883179549200015 88.75505833264263 0.0
51.496615469906985 46.337653954365706 0.0
103.26140297631927 165.43243640573195 0.0
57.01220325039491 159.34662303803472 0.0
12.685445161761312 176.28429406643625 0.0
40.855840077478355 53.68843432688901 0.0
88.2649023801719 170.17624903773083 0.0
113.113075673558 11.139620840256947 0.0
81.8341142550287 78.30163978985965 0.0
52.445763500315465 118.95228095498385 0.0
146.6010873772202 36.021063076484936 0.0
196.00113065308074 164.99581484215224 0.0
177.34923428790677 108.00335758143473 0.0
127.6311078588105 29.794432165288875 0.0
177.91972633531097 116.21025654810803 0.0
44.481764554263 134.86597800441177 0.0
71.67881182537421 22.805996652436235 0.0
198.61422388100954 49.93164332966331 0.0
102.90102102597005 103.86226764482494 0.0
8.169957171702102 35.98021881648901 0.0
90.47568350708633 164.76788927672598 0.0
111.69503208959964 106.83455543881735 0.0
90.07084154225905 94.54175312246053 0.0
199.5893047289224 128.7820594567486 0.0
96.86513399448057 133.78652139968784 0.0
98.24823118826433 145.99499464137537 0.0
78.1847926418572 139.809735113847 0.0
105.316466457047 118.88053788637191 0.0
63.85950448190103 72.47800707627894 0.0
178.5740308302331 193.16448870906478 0.0
41.83739421643304 95.6589927027843 0.0
66.3272823078664 79.42668279511864 0.0
7.575982458134978 91.64498306000614 0.0
33.77869351899807 115.9702036872786 0.0
97.95256396599589 19.740970249407752 0.0
87.70076049707143 112.3204905249154 0.0
103.9138922997997 15.239091598082876 0.0
130.84110557112066 126.31458222135686 0.0
0.8117848170710928 21.290451361018015 0.0
87.83730121148179 114.65476033995144 0.0
61.3477056951794 73.72438116561972 0.0
136.0216127172698 114.96490916957627 0.0
23.276012543054758 117.65421238469833 0.0
147.3472434173287 66.80199614540643 0.0
72.49202144449205 24.74779170398831 0.0
101.76942520803227 159.7391053647026 0.0
71.85777616104943 101.32992368728337 0.0
167.76612941562948 108.55059840315594 0.0
117.09476492762501 30.023061546792572 0.0
162.28477286634148 198.69390509963824 0.0
133.29956381643956 71.42160349608857 0.0
0.2528679590273475 119.69665120412758 0.0
39.11485827543535 67.3342389898636 0.0
122.8921253838776 109.72178823447673 0.0
0.3148349707989162 133.41777484679045 0.0
154.42704901510388 171.4975058939111 0.0
70.54062792693077 106.56507459395175 0.0
178.38068065502662 87.96278822782544 0.0
74.14787230379494 21.198637862447555 0.0
47.5016640062268 65.39343193862508 0.0
124.60517229622101 128.6605531724544 0.0
45.46838429168831 62.4375604007541 0.0
91.60872622783086 45.17852264899358 0.0
3.86750994291416 25.403603482869052 0.0
31.05494580074273 116.42678939878839 0.0
44.545762088673825 143.30783620657843 0.0
74.23952056038672 20.489805391090044 0.0
65.28546720578522 60.60263119200218 0.0
136.1278371089442 196.07556237702332 0.0
115.85573768590005 141.17059566077194 0.0
47.26834692082698 79.11461402843099 0.0
121.84298154714281 164.0839152811582 0.0
139.89694272463632 158.41974440282306 0.0
5.265793193043877 49.79217162106695 0.0
126.00700596582202 119.87052546789644 0.0
123.83092069574812 164.8160814773024 0.0
93.63635101909927 38.625811341460214 0.0
104.78861969088882 33.68856293774074 0.0
17.348848362125647 100.1564957750285 0.0
184.69710484339384 98.79869982081762 0.0
129.8650916345517 83.42978074703511 0.0
83.00758706282151 111.95814483217453 0.0
34.022960199811195 23.36533109847114 0.0
35.232748452062566 15.923606167453762 0.0
147.72562646483266 84.72276365954694 0.0
90.56321434338086 179.77314144053173 0.0
169.2609591557529 125.86889457724801 0.0
139.1480545457472 188.94801884654774 0.0
126.3530028642321 108.41237934640147 0.0
175.85695662627222 58.93596990448913 0.0
29.532614818016544 17.48228992929388 0.0
30.193236178623415 140.98572414274798 0.0
188.8910259188114 97.46632174301504 0.0
196.1284971693304 118.9068105150544 0.0
73.00659077338535 179.31337343330648 0.0
80.98116601051599 157.92258117167952 0.0
189.81160470381946 78.04428662596388 0.0
159.06286520919198 59.70862106988053 0.0
51.39252037856814 72.90366363898076 0.0
163.6679867958771 2.1626004452741654 0.0
48.193630851662576 147.6245467832226 0.0
180.0835487516513 98.11583521116928 0.0
2.8206825248773493 164.56712717756238 0.0
112.64781666199364 194.11081540476295 0.0
99.61752796275651 74.03137974459246 0.0
90.48790347895046 48.53298823654812 0.0
193.4155206093632 18.832845932789553 0.0
149.41793115647332 77.79925337111997 0.0
189.33179889127962 184.2696487479081 0.0
181.58112389752634 39.96956230407736 0.0
55.219287413467995 64.89803947381122 0.0
79.77055146937799 137.06219389851617 0.0
79.34778543407852 72.07275193493643 0.0
19.96495716805913 60.51725131040398 0.0
18.121980126032877 89.99752698630556 0.0
123.46757461645501 78.6670135299914 0.0
192.11892126114475 103.07021214035024 0.0
119.1374719349443 170.73591799170956 0.0
183.4539391088043 163.59597296328408 0.0
86.55445396498858 48.80683027287746 0.0
163.46066728394027 146.4811118368769 0.0
102.56014753365237 77.35452548285546 0.0
36.89724334883431 146.30913053190756 0.0
36.46949287303225 199.36122742167112 0.0
127.36747139475082 12.239703714533757 0.0
43.348400687885835 8.693192204734679 0.0
48.372227022089454 187.46032684001972 0.0
90.1047911159835 70.3312923976312 0.0
105.38290154021024 122.45936718437984 0.0
115.7420281616034 83.21276705417442 0.0
56.55535293067479 65.178477394414 0.0
174.97510240091293 104.85520999966364 0.0
123.17929257205816 196.14119807132786 0.0
143.5115707191117 12.598036513496446 0.0
185.68465249904705 72.9438186402432 0.0
73.6508649943502 63.21069192936868 0.0
127.00306924931932 176.0334926835293 0.0
80.45703066469456 30.78090551978223 0.0
92.30904408754479 6.4877008078839005 0.0
111.61163545173403 152.2104477121429 0.0
22.642108186709308 76.54834944788375 0.0
108.15508689577975 190.30975162780138 0.0
189.63772291733304 54.95256028120785 0.0
98.67616512248587 136.3970042091842 0.0
9.571248969389789 81.64164184860483 0.0
86.11113394286821 17.4712361921215 0.0
147.14593287497357 50.21845076647487 0.0
184.16541647414007 147.4430624510158 0.0
32.93233362015613 71.5626499333862 0.0
139.47229936103892 167.5707914738677 0.0
13.093291138976637 178.30232255125713 0.0
135.95472165658748 158.16367365540262 0.0
26.004936793244447 7.3795191874817645 0.0
19.45781512008642 171.77806590753374 0.0
157.61100420875195 106.73627863088193 0.0
3.5713520376584373 137.54650511666293 0.0
65.82408690468647 52.18690705593394 0.0
121.66286606566487 16.943538982732086 0.0
84.01415670912695 131.83111769120768 0.0
175.49375030493474 153.20640779379113 0.0
14.601201668160456 157.9019695229855 0.0
97.39224788512928 149.7926043675627 0.0
5.995347475857704 199.73134653162074 0.0
90.80868343420309 137.67052499195597 0.0
69.60449205266654 96.5549809736844 0.0
43.1800694091562 146.90331633721044 0.0
138.35592433075738 105.16797638741666 0.0
115.38252788630486 84.90028062466016 0.0
94.15509240364561 164.98086044612288 0.0
103.65172290435736 141.8741026047988 0.0
98.93109056175209 21.815317027891325 0.0
142.70299152639404 93.45635681102331 0.0
52.39518117468314 41.81777381968153 0.0
172.88439146064027 151.08765500938767 0.0
69.36506746126338 168.1580041131515 0.0
129.54750001863565 122.71305741000293 0.0
120.48429189688812 125.7191789250359 0.0
29.422354381431504 89.47725794477519 0.0
12.392650013220429 62.7745616028216 0.0
26.634446392112032 178.5281925779893 0.0
96.88011906622376 133.6854488486254 0.0
90.10330752645272 117.70181813805539 0.0
93.28330878966264 72.94368552582368 0.0
14.413679052465156 94.77478409404117 0.0
184.36003794738994 188.42140316443871 0.0
17.852002728532668 12.135839270314808 0.0
103.1041945187451 10.479558354988505 0.0
4.152318156565471 127.14087406069403 0.0
66.43960274139864 73.62594346057682 0.0
68.59737406031323 99.0805648152843 0.0
131.45819093452752 178.70241158811297 0.0
14.47227413461949 25.603598143808924 0.0
50.84426446718384 186.12010650217044 0.0
112.46948636477121 144.60259666332217 0.0
186.3533559790811 124.45057872399641 0.0
83.49570281827022 101.98386109368963 0.0
102.69056257357502 163.71969116497758 0.0
114.43251703878165 41.40616373271308 0.0
108.85993422019745 199.04031136936783 0.0
26.754545951568254 58.987818924303824 0.0
40.03302418139463 17.75882463530234 0.0
109.51000366563166 184.14538538856212 0.0
180.21121648024075 82.07960513558416 0.0
1.0205569462576003 197.14142055621735 0.0
14.433077126072558 49.1706016588189 0.0
157.75862660023952 74.58266661836504 0.0
69.00452937720712 72.04227080810948 0.0
84.2119472472082 66.02427737507016 0.0
49.206137684849004 77.03115786359318 0.0
14.146817217516894 147.99958319557953 0.0
16.15851603459133 197.50851085869968 0.0
131.53293843049843 76.2090971199258 0.0
58.00319257000306 158.47331243000275 0.0
98.49434320845498 62.26642507271658 0.0
5.283078577975808 52.97825019434794 0.0
18.002502921475582 38.31290733995567 0.0
16.38310610763627 28.876142622963208 0.0
0.6292167686692496 140.97671004167748 0.0
116.11812430343261 113.16347674256741 0.0
27.52849351867819 45.56640169133743 0.0
9.0319081084556 141.2366627120644 0.0
5.918138158744246 112.05285527436509 0.0
108.69741610019565 129.66582437578822 0.0
198.6834311999036 166.3075493762102 0.0
125.28526801811061 33.62986399678092 0.0
176.32669084101084 133.22932921210727 0.0
135.8937748109384 63.9456701657235 0.0
87.33822143176211 62.80578758452076 0.0
25.61049579014838 3.663430023390979 0.0
172.16562435173554 145.81945502564463 0.0
132.0019057999076 60.488982940829516 0.0
56.31001928516932 102.82305197954469 0.0
51.704208013915576 118.83329579391715 0.0
49.67936809766387 48.17218960433567 0.0
75.01501247563039 14.078169805740437 0.0
52.18048824614354 180.31783842804631 0.0
2.8620191119805405 41.6863337612849 0.0
119.6331226667105 30.225071648073843 0.0
170.25158377738566 135.07318292777703 0.0
79.44075796097918 111.6986031699257 0.0
151.27641849114693 198.69644120925648 0.0
2.0547090946416047 60.55962556766667 0.0
52.98843939600284 166.60913473952587 0.0
32.11925278947294 124.03272294052287 0.0
118.91912342617377 71.76024773634326 0.0
62.287470523477076 167.36543115844825 0.0
157.75647487247616 157.61664660968552 0.0
193.04870683608635 1.6172879677565977 0.0
88.66418925967959 41.218683169582995 0.0
63.510443946361626 4.7191800255466765 0.0
51.95516203275019 145.57123128524017 0.0
160.92858352632163 107.31791806482971 0.0
72.30805195840391 59.310703603539785 0.0
120.88208902405188 45.58488253197757 0.0
181.4422096492623 152.87790286471878 0.0
15.33913642203968 145.08194477613543 0.0
8.142803980813351 82.9653816177425 0.0
92.46377229625841 192.94152687647562 0.0
125.75453366491361 150.79730417478777 0.0
179.8634142796162 180.03213638605212 0.0
110.73895151191586 44.83861515455152 0.0
192.0793101642678 50.44444198908691 0.0
110.61685097297014 94.81958852330206 0.0
93.47339489060036 82.54722977210625 0.0
145.5939018662056 191.50074902752095 0.0
59.266785359360384 144.02658091481462 0.0
175.3941071833272 185.39230248769542 0.0
50.33653729772736 12.73556065113226 0.0
151.30238888146735 67.68127562539506 0.0
171.47891494147507 35.84602852740508 0.0
43.14400021457423 157.90851714264815 0.0
18.199021862567676 11.707959342361507 0.0
181.90517302121313 75.4769668963349 0.0
133.68816815135972 121.98591299066415 0.0
190.9258682568218 55.86146481672512 0.0
95.50185601895534 16.056276611758634 0.0
92.07214801255914 187.42958778623623 0.0
30.552970275186663 155.31302331927444 0.0
68.0221458301996 191.07194517319982 0.0
117.38616734254283 61.94367244886685 0.0
37.7762488518431 42.37952980468975 0.0
76.30113571057568 184.90138249196107 0.0
59.728696717122 44.89471151115816 0.0
170.74389604329505 95.21299508757753 0.0
15.114249791423152 103.00154618488355 0.0
47.4868857645139 53.42699651258997 0.0
44.370237924042975 114.31013833500008 0.0
28.47016529790263 53.919471038936706 0.0
9.930860551003873 3.928875156934075 0.0
33.77761374362378 43.94003930285917 0.0
41.1970963955717 156.80735575645886 0.0
163.07354003881113 139.69398129333962 0.0
180.90224065936812 69.37198793524234 0.0
91.92672157483068 117.42074895646346 0.0
96.81957075119934 137.96517710923032 0.0
49.800454106962434 44.343107207322774 0.0
148.73525821347462 29.13822558762005 0.0
38.08869796746184 32.52525202502561 0.0
7.836159139017385 35.637000869983424 0.0
119.43005065761537 148.09229424799463 0.0
114.13872769974083 11.95855989666541 0.0
63.63277278564035 88.92757497439696 0.0
127.31184650052441 104.64598793387043 0.0
170.89568145367141 155.87829773880512 0.0
177.222856306923 145.02772002939253 0.0
109.61132509258759 85.66410865545278 0.0
152.76278237635876 55.896723650514126 0.0
103.8893114259889 88.09721556632726 0.0
80.98316466785178 138.66397227965786 0.0
185.03935718395525 135.88677151693983 0.0
43.303526155776886 53.80965523777792 0.0
81.60508754615563 192.21431818535063 0.0
51.525145732106225 84.99475744648429 0.0
64.14121952238085 29.43107034927639 0.0
63.613153646811796 85.9845095089477 0.0
83.77831988132061 191.64196747091563 0.0
57.68587257258739 149.57447460294318 0.0
47.72089740027256 84.60542200603555 0.0
2.3764510437633835 108.99897408005042 0.0
60.17612344574137 138.2918213435422 0.0
62.70885310074598 84.84062326927508 0.0
123.81207851568716 80.60784101469648 0.0
62.8564618567488 24.24889616677084 0.0
144.69596126806698 185.20765892965042 0.0
90.6283350428442 144.3145942350255 0.0
112.7642362923852 111.9763937762974 0.0
173.2546441724029 187.73622402316218 0.0
40.228344739594114 45.68493228634265 0.0
180.01935766188998 26.45333445492173 0.0
31.921021144617256 56.47951979522683 0.0
114.5148576168577 7.7109347007994655 0.0
134.43998381658 155.28349717171815 0.0
147.76973718634682 127.05813006966747 0.0
165.04718408691187 197.85262212890277 0.0
113.22745080113543 34.073249176493505 0.0
156.6335254226767 3.139555874200628 0.0
135.5303286238571 29.14676724905174 0.0
171.66027273535573 194.78701110729887 0.0
197.28969991252302 193.4423323336145 0.0
35.840278422814656 148.9832452105389 0.0
161.4997196286429 9.195364082380909 0.0
21.423361353539082 37.57762586380979 0.0
61.97884986055306 73.79773861200813 0.0
70.30203520239388 92.26798168211697 0.0
150.199655887456 188.65600953399246 0.0
188.75509522279208 83.83563411869119 0.0
44.094001190577934 12.599891708635958 0.0
168.4983599109043 9.817920903310107 0.0
162.8974475700554 9.656590605710225 0.0
192.81323499396353 114.67225876064488 0.0
51.823074802053256 192.29578016776924 0.0
171.87547575557548 28.399695445588424 0.0
1.3315922340911168 163.78897203620616 0.0
18.007994711412344 2.7600404462616135 0.0
147.99116473974257 197.11618555507397 0.0
119.43312587452566 148.62475095820145 0.0
7.396874161186484 152.8918098413482 0.0
0.2014411228497215 33.67775512278908 0.0
134.34643807926906 135.07065634685475 0.0
164.32554762559107 186.58846706088622 0.0
131.44517402398017 110.7342539225827 0.0
13.749142167458285 171.94534619566605 0.0
134.539941349059 79.04647717356983 0.0
102.6328707453118 149.6523813793173 0.0
191.85827121266274 164.50674207127662 0.0
44.54036950882887 13.154969546884242 0.0
23.45544419789569 30.917898702949607 0.0
124.45918501250013 112.77568384723105 0.0
98.54886527018832 65.02524043384797 0.0
84.19307727781187 13.604536457593163 0.0
0.5456722995482721 62.57188823264306 0.0
47.51350889471333 111.80233093838115 0.0
63.046031709470384 64.55504484875858 0.0
130.55993954008218 38.83991075553812 0.0
54.831121298455464 137.75658432133807 0.0
143.32992418356596 20.109927580748412 0.0
67.82147128207751 71.16049364984931 0.0
129.7016403413085 122.51208414598563 0.0
119.21773375247025 168.65882728698963 0.0
116.28310362685565 25.026695123722973 0.0
117.51267111419 158.4868151255688 0.0
144.48371225577094 176.95550243800372 0.0
161.7896323667623 111.11687886564343 0.0
45.555533816340365 170.4227878496235 0.0
44.69931144735877 159.8803365489374 0.0
84.95316646514964 46.89386811486749 0.0
111.73327045103802 152.37467752751525 0.0
150.21260520484446 81.8821020566854 0.0
92.88914815853731 125.75332118116553 0.0
185.65115515903187 147.67960835173523 0.0
167.54910497732456 95.28384258159359 0.0
87.54189982373816 40.86097878568138 0.0
149.36960793937962 73.09971529806387 0.0
65.01791673444113 179.47330263692592 0.0
85.20717552221878 92.85968862880718 0.0
144.8128619855126 24.239915905100705 0.0
150.58136356217798 106.0679777648494 0.0
52.04624607605175 58.769293372615024 0.0
93.90273768421527 137.09747988630204 0.0
134.61314528959198 175.6746354927539 0.0
32.6701454839434 36.49733232301369 0.0
115.33977764729528 58.67373337814414 0.0
137.06828806641514 155.9551874329859 0.0
53.91786442947297 25.152692264186484 0.0
49.872975259615714 83.32360170381166 0.0
179.73227151995837 199.341333904896 0.0
186.29813984604172 22.40902807271652 0.0
17.04800190596474 23.16191385147226 0.0
133.3951917548474 79.76098608377957 0.0
65.62419752305864 179.9770655958149 0.0
25.841884530949223 29.48797484960195 0.0
22.67424731845198 5.876886994976527 0.0
13.434397514819342 67.16588390207939 0.0
136.19287767405618 193.8090089432984 0.0
155.32292723675687 35.193525362369996 0.0
165.0224493034971 57.769802803400715 0.0
77.00764710570125 4.489187590535715 0.0
187.63236733424574 17.438694595391603 0.0
108.33839085165916 131.21100880935782 0.0
149.43704570955435 88.05180808947391 0.0
184.23811356369075 172.22312392395668 0.0
167.57941720777404 15.975095791338711 0.0
134.596583873125 139.318588270977 0.0
22.458582041654694 87.35122809066687 0.0
115.75745791069669 99.74903428870134 0.0
156.8816802348497 155.35860284561082 0.0
43.24835559574365 89.40032707805557 0.0
76.57169717587952 81.03482099333907 0.0
173.88019300589735 94.99223461254296 0.0
99.86448314684861 163.28114047134824 0.0
55.06852598384846 82.96946534210008 0.0
139.77973853154577 45.57836251446903 0.0
110.20626222188974 105.29030107995894 0.0
18.25238782864309 30.108777233845952 0.0
161.14366473434498 196.1082263220469 0.0
110.16229480383748 104.3927999355325 0.0
2.3080839815266208 88.38095266833481 0.0
93.90174751691647 91.21298643490428 0.0
135.72247689883235 125.73035085760962 0.0
45.57188742096092 169.5122127479185 0.0
152.15831989705967 122.41581851468479 0.0
55.50058579780366 182.11685854484153 0.0
0.8850233768441296 133.07267805367673 0.0
168.62607753611917 45.54984463642122 0.0
128.95463393896287 133.90634906522726 0.0
154.39200194250316 7.8625273010029195 0.0
190.68705004057512 88.32192425226563 0.0
197.1512341887322 62.328451410778406 0.0
128.99764524175836 172.50807706103092 0.0
64.6773545482791 118.00600975178254 0.0
112.43566125350108 70.28301572939064 0.0
60.234195113224274 152.59121918098197 0.0
75.27838220735377 11.54954542659885 0.0
92.75548513802742 128.6457447167344 0.0
52.75259515198074 24.995137584164006 0.0
110.03812096410088 141.1994929159825 0.0
129.4314360428652 103.2120798024 0.0
131.45423517594094 82.8910791156213 0.0
26.08132304120092 37.201828925513134 0.0
189.5387163211083 62.22357117162958 0.0
138.71010202192494 167.26671533763448 0.0
43.91046003791832 91.17694938407459 0.0
13.294291369316324 18.58128235348517 0.0
166.3371435751725 170.33282649897967 0.0
190.6397229977258 142.2744808162165 0.0
12.354896212264599 42.830985076971714 0.0
88.05646753638344 66.64317635040568 0.0
192.70584925250978 162.89137900660643 0.0
98.0055517690073 78.15631843982258 0.0
36.95799735247696 30.299325090572292 0.0
178.60150353159125 198.19827457478468 0.0
2.0235230793614 179.16559897932308 0.0
86.83127679177743 199.03890939621422 0.0
19.893096947779256 177.4373572132419 0.0
62.57675465131112 11.306985072670074 0.0
1.7554823604348124 193.04966453683568 0.0
10.00455316995048 15.282574758206469 0.0
119.77307432796027 13.271675906152968 0.0
42.61337043392022 79.61321621735395 0.0
173.13573624617388 65.71543980392336 0.0
59.205765374080045 13.597612738574117 0.0
111.61684153504383 182.63943773135344 0.0
0.2777591389141465 132.96972388224776 0.0
37.706913683464414 174.59293384833586 0.0
197.79623398126566 104.15521353406108 0.0
137.50185013008743 135.11145254196012 0.0
176.06064439637933 128.261186820052 0.0
0.8743975417486727 185.0875417830111 0.0
187.3221718615669 53.59929937273979 0.0
83.05885947171558 83.60520326291199 0.0
73.05994829911538 164.33133737337067 0.0
32.63085019927063 181.4403953440282 0.0
130.29058869295767 182.86545334962744 0.0
64.96527729339351 174.09402955902883 0.0
132.0137985396325 44.9202876323493 0.0
95.60738516457488 23.13799006822814 0.0
101.87343879934257 58.71325933283238 0.0
164.59325898175086 57.818785937983506 0.0
75.33988343350066 143.51841541738867 0.0
180.60767879645817 43.277414891801726 0.0
93.1962395058732 157.87824483734346 0.0
192.9688719126126 107.4081931936558 0.0
67.83737047489011 74.04295467286187 0.0
59.78120964227032 55.29335278389234 0.0
138.8673879508617 132.7497238167618 0.0
122.19849187553756 168.31409687992877 0.0
91.70771806402355 121.24361739698415 0.0
117.59194776997026 84.45320654872013 0.0
151.4044884851484 157.48075064159698 0.0
68.51880499874687 186.96795155817512 0.0
183.55054687854775 34.743485571078246 0.0
69.73865628185978 90.5264900980687 0.0
35.21387538485221 83.43646880338271 0.0
162.12652707094654 107.0647251369854 0.0
30.99089307796492 40.62134673142461 0.0
30.183134835981186 198.0348110154343 0.0
102.77960277522702 182.88708200451057 0.0
88.94421218180999 75.38050777471452 0.0
76.59402620440814 174.44186214866693 0.0
36.44263441832714 0.48865772936892427 0.0
65.71818930956388 109.85169392013412 0.0
139.47830281076023 48.530071817462584 0.0
126.72413459739201 89.63967420273762 0.0
193.30263461104954 155.01727688418183 0.0
123.35531648517224 156.9992875054099 0.0
49.92575603291491 142.07056740528657 0.0
113.003101418958 145.16378976420893 0.0
45.10633925968599 133.79782293309253 0.0
121.48072790724582 137.513103545472 0.0
170.6854054224135 113.35775072098696 0.0
104.02563983417517 26.28850263222715 0.0
36.77702367006168 48.69012961699251 0.0
3.937655042515731 70.82459246385933 0.0
147.43042759466164 19.560820735789243 0.0
114.98700895329898 2.496990674259303 0.0
173.72960264893103 115.48324810100638 0.0
29.70289309385872 101.1233048850368 0.0
149.8980118729504 142.24223907452222 0.0
112.87958355089773 176.34401016023475 0.0
40.82755698936471 174.16007908026745 0.0
78.11393449414945 127.54887857545205 0.0
133.55263629365638 119.90873551448348 0.0
64.91453046068796 127.20375588108553 0.0
190.54153854111445 131.5863166427883 0.0
14.899249377854717 74.97139636168555 0.0
69.27907972791914 79.9397530411885 0.0
127.82481250732356 3.809302093687439 0.0
160.46590918613506 43.02995818515167 0.0
141.66807731529022 184.26642017163203 0.0
126.26150329854364 11.299572228096078 0.0
125.70582204771253 169.4897420560376 0.0
30.34939825892873 198.91762350087646 0.0
1.5159373872114967 150.99083423623924 0.0
43.20479196478604 69.43940015594572 0.0
114.04982773020282 154.01136221851604 0.0
78.79620376734928 33.233947767996284 0.0
63.40211210618332 191.36587859366398 0.0
173.05444326016982 154.79563234636097 0.0
77.63053505409492 115.92903887052448 0.0
149.79372046341447 119.9702960260544 0.0
57.95533163390798 164.47353424557843 0.0
136.37124024959107 156.2905684550056 0.0
59.89400245235175 69.35418883800236 0.0
189.22323353080992 174.02902065568495 0.0
187.3639748957183 129.57253530924146 0.0
68.51695843795645 101.24180062976005 0.0
71.5121434445054 179.04543371890597 0.0
61.509693883406854 22.989573525977015 0.0
82.00694102572554 167.44026041215128 0.0
95.80736008789003 103.08657167048196 0.0
175.75506403321234 77.72826305855145 0.0
6.566983876934973 166.14264514895993 0.0
26.481544996731323 144.6467712223142 0.0
125.78872120840478 48.327293583612054 0.0
198.3385389071461 9.549991552474712 0.0
147.19478197755237 187.19864697675453 0.0
27.68458341781299 149.66720416734557 0.0
86.79413722149305 14.10453409900203 0.0
159.40278770682818 53.57618093976713 0.0
107.08338005515682 137.07674643363163 0.0
147.60291988334296 179.73880856741164 0.0
1.935877900507088 57.80368707419969 0.0
175.27888918875703 131.23483806581828 0.0
49.58261995970934 53.18072462492314 0.0
173.46977012902266 107.3688655474349 0.0
132.69002119600606 70.10155239718159 0.0
27.69900199501616 151.61460597102342 0.0
97.39128069667255 31.567906548161815 0.0
147.94295442230487 5.399701977417615 0.0
77.2296141911988 32.85917691333506 0.0
48.10672241314109 98.52321329078755 0.0
143.32311117204125 118.41738159433118 0.0
131.9613883398681 159.53715152547886 0.0
158.66263997649096 73.26706426850656 0.0
14.723770185167396 113.2124301158229 0.0
112.30574296551931 137.2038252593626 0.0
22.936039126381935 147.24856829398354 0.0
88.33098355096884 155.64911860496332 0.0
10.029274636111364 76.67576430563213 0.0
184.76882860404876 17.983117502018754 0.0
100.9315934552528 11.936761514635919 0.0
139.32672471416123 102.3315089782396 0.0
36.307901354637394 45.42519259777424 0.0
141.57751313437535 45.19602247470156 0.0
25.495127860582166 11.296068531624925 0.0
115.3819465855628 84.98275237648889 0.0
36.92309616651184 144.65310537150967 0.0
40.66763364068788 90.39620403947733 0.0
55.78796954649818 68.75676318534047 0.0
50.288308739105815 177.83120370042985 0.0
20.97164938069447 172.68577877993 0.0
85.53878579845413 146.3087866615613 0.0
116.6770462936731 106.92415242631428 0.0
23.00270323016653 14.166263996552232 0.0
38.975879400409184 20.634605263233684 0.0
195.76155823317544 128.6257554640639 0.0
183.44195042209068 91.91848823644717 0.0
123.59515160520962 37.52950871271552 0.0
7.269669971483639 61.151311220634376 0.0
39.655197454820645 161.94439162519524 0.0
107.75399019790164 67.5220521575251 0.0
55.19526266177297 89.00202789729718 0.0
28.73456926321596 110.19344500762709 0.0
139.29191323957775 16.255062233705008 0.0
57.58345215331564 108.03961251977483 0.0
107.09345226226377 121.99419352206833 0.0
107.54227595114165 15.706350625053966 0.0
107.9840946802652 10.384541412244296 0.0
193.69133429632242 168.77849693152103 0.0
84.15323453845538 85.94412647844398 0.0
5.559698145216974 177.12791175681107 0.0
130.4106929706405 148.8011743738456 0.0
55.36181093209373 63.054547177920874 0.0
27.690757477949823 70.3311007790276 0.0
38.072879040353655 149.62229195345037 0.0
45.53901581297388 108.18808357295018 0.0
178.03166076065222 44.6302154811151 0.0
12.977911601004411 50.41013218212316 0.0
56.485997484562624 136.94894220747406 0.0
42.49818206354463 140.1907211655975 0.0
115.47292344300757 124.49102605640452 0.0
158.52518322887178 26.074029004269494 0.0
115.65173287129338 26.873076385600413 0.0
29.560459153685503 6.744956509393796 0.0
89.18502673115893 100.86666836737082 0.0
32.300582542167945 195.2491091251028 0.0
173.4892249029687 73.02394089809528 0.0
186.38683173881313 114.3920044079904 0.0
137.6526478640472 131.40298028722233 0.0
90.04083432169432 53.23087436064702 0.0
20.545877399166002 177.10707460010025 0.0
59.69287957180622 63.98640220219794 0.0
88.12552301265055 126.3910324349865 0.0
30.811097495235984 159.36588346224113 0.0
87.15926500865096 175.37680334866442 0.0
12.491403950252678 82.20331906072617 0.0
123.57649082804852 91.95964490951967 0.0
4.9694982403095 162.48602998058414 0.0
25.875381567902366 183.27528292958485 0.0
87.0679239472949 51.25141600348761 0.0
167.4940300692474 2.1374478521761775 0.0
59.692666770460434 126.50156907011909 0.0
16.779490455449686 102.14424090044638 0.0
191.84533127386635 103.19753554010664 0.0
159.1654834872769 28.690919879119537 0.0
57.21858192659355 47.559020497082585 0.0
193.39581121431394 41.91575639594083 0.0
172.29397250354452 195.3094528676176 0.0
142.10727711618293 7.644481541446768 0.0
150.96294499337438 104.1703291793439 0.0
36.812331104079774 63.68829847731317 0.0
176.04335959096227 132.82293323732227 0.0
138.29835843986478 71.38899291748997 0.0
154.66531980695976 31.719403070779894 0.0
35.68693562175398 96.09424733307375 0.0
172.35184447022812 155.5393795888547 0.0
30.87310447085283 25.284888957658747 0.0
189.72133955024998 62.75239332703253 0.0
159.79114218258997 129.3651829878173 0.0
136.09040353000086 54.66027482828881 0.0
127.92995450241375 97.66617502631748 0.0
45.85717408855341 124.45789766015545 0.0
144.74770997618788 41.00117029663603 0.0
56.39683943946314 36.26469241752361 0.0
130.11201111949876 142.15157735582184 0.0
140.30256271220404 34.74333111959167 0.0
35.618295450108725 56.950302530226104 0.0
180.15668768287048 197.83613776630972 0.0
74.61587466073453 21.16903956477014 0.0
10.618571866352022 88.31378974825195 0.0
86.99750243223399 102.2047516996838 0.0
150.4669639135664 134.24495386101765 0.0
78.28492938499845 149.5998674061743 0.0
126.33646469085484 74.15955747381999 0.0
167.2695097551545 144.7195566336526 0.0
150.23913336245633 39.59250742791156 0.0
152.44338974814514 27.4487590912059 0.0
54.563807677817564 15.858580193938776 0.0
64.68354343743334 86.56045209111385 0.0
11.097442882178887 121.32350678420185 0.0
12.127263948665078 40.445953318764836 0.0
64.71409547146595 176.10011552993222 0.0
142.90446420187754 6.186896906792128 0.0
97.72895662883172 193.01257975778978 0.0
52.36860424260357 57.48774576757019 0.0
107.51624114520264 116.83585091527813 0.0
43.694670330438015 5.776656606532415 0.0
27.84146725492953 162.23143749700333 0.0
114.18916691384933 3.821661315318181 0.0
153.4600058543892 56.46467912197692 0.0
184.38364177016908 167.49811190066524 0.0
137.88557742185162 179.90286430994658 0.0
112.95985587046968 38.882480587542176 0.0
125.83376437353677 15.457440282309843 0.0
47.781285256731486 172.6365814374914 0.0
54.69720546184309 67.54776249721375 0.0
51.78208318401516 17.685421511764687 0.0
113.51081601701416 91.8278388806403 0.0
112.19141382045106 187.4808913196633 0.0
183.21672804144006 88.8315146693322 0.0
192.54738626979838 164.68265212783487 0.0
198.6404422467453 57.85581050008126 0.0
119.18156663501655 69.8764603940853 0.0
170.44104494882242 181.8159059237304 0.0
7.331516981457531 138.98950536549862 0.0
84.400038185178 119.4695929922825 0.0
26.765399755816667 0.3511204070646423 0.0
55.76482207033138 18.322890724337416 0.0
182.77923353933275 119.8864990244051 0.0
157.96449400502172 129.69270383947014 0.0
45.653965466708726 91.71996238707712 0.0
67.86710082110736 106.81638278361612 0.0
0.13608060142240586 191.5035271972487 0.0
73.8491400029915 197.56214543221822 0.0
6.2320526676901356 181.07542089629888 0.0
78.29960609100814 5.208401963969189 0.0
63.58339882726129 155.59242620903012 0.0
192.782462621494 83.92402960127163 0.0
153.915901551917 58.0688621812943 0.0
171.9329603422721 159.9957639489006 0.0
199.53277920802987 151.29415465326485 0.0
61.264853071429016 25.512899913532628 0.0
120.54850225744403 33.389951939004135 0.0
44.41702118114505 138.13358560611007 0.0
199.5362616277649 110.80687255451029 0.0
166.9696598950351 78.72100714552361 0.0
69.48875050899461 1.349974851108704 0.0
186.81169160096727 68.05188268998792 0.0
129.46852124118732 129.86112198513626 0.0
55.142740066727654 124.46374044851609 0.0
62.05067142525158 0.47546653952916795 0.0
67.54432634162342 156.22143892837062 0.0
177.63722441384417 81.90841651745164 0.0
141.15684702608314 125.54756051572194 0.0
142.94905156220275 126.0183166850964 0.0
171.85009995412926 195.67529317648308 0.0
64.47792148971796 54.929443329228846 0.0
4.377007027550706 77.9465463686535 0.0
92.4075964907163 98.2886190255317 0.0
8.851488327464473 32.8919923904897 0.0
86.48962087909797 39.768139150138325 0.0
198.49319686907052 147.393957207345 0.0
42.58599123178315 40.71654469394239 0.0
46.43321287514755 9.446964554159788 0.0
117.06734467664081 148.89791688282517 0.0
63.47656826149575 132.69494925374852 0.0
5.9820330016653545 71.54947736107356 0.0
184.06879466831424 44.83814590002508 0.0
136.8878982192661 94.52624001114674 0.0
74.31544994461103 47.16671641266157 0.0
13.465113752607971 163.0906106465967 0.0
23.75504834128592 76.89224189050887 0.0
116.50514932346651 104.94385292174171 0.0
111.68736834129575 59.61236902308622 0.0
9.597309878204108 172.3853580213858 0.0
49.21073905231128 26.157745869591544 0.0
123.81098851691664 108.02487766249487 0.0
89.72338789108296 86.2347167063644 0.0
102.89829845454217 197.26170563060376 0.0
73.49561460629408 100.69105759758905 0.0
179.01826749407618 60.78405099139712 0.0
26.020941819204026 174.89626511364054 0.0
18.71040357982494 61.63086571013046 0.0
165.20614778089987 107.64191349646022 0.0
29.821989928684545 153.89731968994556 0.0
89.0615006759703 73.1316298318998 0.0
52.31996983184721 183.9544131802192 0.0
113.40415178902194 88.04437396067142 0.0
69.39494905482948 70.09206948469935 0.0
8.189218110142926 21.31866980055206 0.0
69.99131723218987 132.78418411275894 0.0
141.43456070563246 41.21963171509924 0.0
69.87407869890667 125.31326068543262 0.0
81.30692356288385 62.414536047229355 0.0
155.56958351499418 23.28115590893194 0.0
29.78864061001081 155.19689402557975 0.0
53.99382095262977 171.57165796664898 0.0
65.44559687559102 9.662936604650895 0.0
150.30863805371612 158.61962513654692 0.0
58.16884131498854 9.558568470914208 0.0
77.52265348976921 190.3804616735699 0.0
85.36365426507548 63.678823848036245 0.0
183.58033897105398 170.18284474930908 0.0
26.911561884784252 67.11602147321778 0.0
145.15915869293443 155.6865504311028 0.0
145.3322655960021 120.31677382248212 0.0
142.12141166276442 160.45644110765502 0.0
67.92407706596977 20.82215866692996 0.0
132.54375226110315 195.20261114446328 0.0
79.26295938836196 60.72933383524097 0.0
75.4741472448708 2.525824677478661 0.0
5.291884422096693 12.327059050470401 0.0
37.04242515200653 129.04640938332443 0.0
24.33375188117537 165.02151102476952 0.0
185.27722448695258 0.08385969207926891 0.0
75.71268800408568 188.58293733283338 0.0
129.9586984864601 114.5934181236387 0.0
153.27008192216744 40.90775417740677 0.0
96.06285821136771 161.85503496586398 0.0
68.91332454050738 112.90466492898791 0.0
32.83004543096941 176.44908913144434 0.0
50.43674777148013 108.77760001343408 0.0
155.21655834958824 194.34238773409146 0.0
198.2058137071869 196.89211656579636 0.0
190.46503183976472 50.44699241338224 0.0
166.89717676299463 134.57625723722236 0.0
159.75572796747412 166.80343909846553 0.0
61.33884889107313 169.62056550173804 0.0
63.377446063870416 20.579100567654596 0.0
39.5961717572638 151.90639941099883 0.0
157.5833710396206 52.361361660427555 0.0
101.80093235954676 50.5054166738921 0.0
12.273644376389935 77.76443898980273 0.0
9.822499602298995 164.75739375333893 0.0
20.873136794488587 199.15769305625258 0.0
30.731419096044267 142.24749332488634 0.0
97.24934516870884 179.36236833622286 0.0
26.107475967024317 72.26819668878038 0.0
139.24195799940756 35.45274296010796 0.0
119.5957432486292 10.265144071523524 0.0
64.35219522434423 38.33673659107439 0.0
166.7158506688815 106.93024010721304 0.0
30.36656216122495 162.5800743244056 0.0
123.78101247623381 65.01940831953428 0.0
42.16626522922158 120.97719843193806 0.0
166.88522385632047 127.63645124259004 0.0
115.700039996002 39.66116917070248 0.0
47.26829927349847 13.63852039721305 0.0
121.0747784535972 182.08384238233072 0.0
85.97025395429117 158.98278228367855 0.0
158.9448052778258 113.98665821036515 0.0
8.537842871138546 97.2479470990184 0.0
37.857335562652054 116.52152924467836 0.0
99.6478922038208 18.228340472331016 0.0
114.93811104862823 100.9702559006916 0.0
117.8633730735928 80.41227328456573 0.0
38.27782177180179 156.05004206871942 0.0
52.33990917413958 121.32056781768547 0.0
186.6064548089659 167.58173402210573 0.0
126.15189033028813 9.095131714208726 0.0
40.31932337874154 90.33640793557215 0.0
55.00894956855538 9.391506047479181 0.0
137.64503022107044 23.165130516414735 0.0
55.48508210983665 3.5434515335032613 0.0
70.72224137838691 41.055576749056755 0.0
63.48437623219279 187.13159145453554 0.0
158.5786011574909 171.54847451768057 0.0
71.51864877873916 2.502309504600686 0.0
197.48190088052317 167.9857323778878 0.0
22.474150113608825 114.44707933460225 0.0
33.85987963071593 28.35125560813381 0.0
107.89578312890367 25.166519816065147 0.0
30.961860427601252 136.00449733624924 0.0
10.419005598285302 42.807442835820275 0.0
7.661829630696926 57.39588693824309 0.0
2.8311050677594762 167.27537918949668 0.0
116.27920354121555 21.89223929114228 0.0
70.34512177241 37.688954694478305 0.0
196.0200395004205 130.12945729859356 0.0
158.02118385656684 197.75667182201607 0.0
189.61806278830184 189.8487778369215 0.0
61.871642912262594 178.52069683955244 0.0
42.98141649333007 161.9619517472297 0.0
180.0380254066243 72.32624210451645 0.0
121.1275916403645 114.62972813761584 0.0
119.52916680123072 177.53929127730447 0.0
168.41554730842162 129.4272343900005 0.0
14.361715133502816 130.44942293902045 0.0
17.06069551153273 181.20868003966942 0.0
152.54556460058458 108.9585480646067 0.0
5.1448158241555575 22.073060834412672 0.0
132.2084284761191 192.07048603401665 0.0
3.80969105515514 139.8715639946405 0.0
71.25531495102952 189.86030441075673 0.0
73.04970080316437 132.98630513605337 0.0
180.31017392436365 20.516439254016603 0.0
66.49523937740291 145.6493472601969 0.0
75.28864897593857 4.212720751908217 0.0
187.8053671406401 141.8597089912238 0.0
153.80235996269 67.98136869464544 0.0
164.76468499468822 160.995398307901 0.0
188.69667545223984 11.422255683816962 0.0
151.90588551152996 94.50640206983753 0.0
2.375596966980331 69.99761628683584 0.0
98.45620132766425 150.6136941985616 0.0
77.16884987508664 30.825596027840273 0.0
125.63228190627522 32.72838650328431 0.0
29.847871655693957 105.30000401248394 0.0
45.78482836501409 147.3441745809742 0.0
32.49895519216779 43.52774752461268 0.0
125.62068783522851 78.4453223381641 0.0
97.31337847274337 187.48940298571765 0.0
146.7067898787498 118.01149009051758 0.0
59.455855115774845 102.99261160416751 0.0
148.68684782578126 25.989772697921065 0.0
90.02429004436792 104.90182718969679 0.0
154.11825182015025 8.143343005183867 0.0
50.215308487889246 195.7922134937918 0.0
68.56322071966558 146.47523205223777 0.0
158.16165124967017 75.0893903562313 0.0
25.544815400744582 194.46474095119882 0.0
81.50904451164449 143.9209026420363 0.0
103.2049150031849 158.14315147051494 0.0
91.6517162999877 30.319292367092032 0.0
177.97797652292718 24.074363005926493 0.0
119.64738583431125 90.08071605214187 0.0
100.32074385166958 166.59521422384034 0.0
39.183917837113746 0.4971393916289202 0.0
178.51483463379742 169.20929491522205 0.0
68.57166250852723 157.34420017132956 0.0
138.78560584824154 28.817100943745324 0.0
31.586774034494482 109.92083417502914 0.0
93.4572156115858 176.50442963047374 0.0
146.0926457023911 124.60093408328048 0.0
193.590484508764 44.90005283644949 0.0
19.717924201532465 154.2712617156758 0.0
168.52658563557446 39.652696005182975 0.0
23.47127845781374 9.19396173340159 0.0
61.98628002364133 131.36638722427324 0.0
187.02460930593682 174.24606486046818 0.0
162.85088935643563 74.37246103015538 0.0
13.497933857861222 98.15244894989294 0.0
198.47775293730035 80.00530520535676 0.0
146.93078344390133 92.24273654668032 0.0
109.3796282231349 24.588293779125724 0.0
42.226464491438385 19.426768519864513 0.0
156.32378274520457 156.12517401557204 0.0
85.20715032130919 128.497241262832 0.0
124.38341510133506 178.73134852703834 0.0
189.5192810266281 94.5322620282927 0.0
183.20027924376188 140.1285836506307 0.0
157.48035696934534 163.08451315655557 0.0
138.6942480237579 125.0656312087283 0.0
33.559728251382715 64.00797261614808 0.0
168.6818825577516 166.31641248633883 0.0
102.03760150481244 60.18695842531272 0.0
73.34275261848416 24.946423071502434 0.0
84.48798000160622 127.0965511718843 0.0
191.198809052141 162.82711055791808 0.0
78.08288864864667 21.0373287894549 0.0
32.24864052599805 132.9170228713524 0.0
42.31672282543957 87.05159285971735 0.0
162.12501034535566 146.61754103458884 0.0
189.6012032239755 81.94211305499095 0.0
134.6206676236269 142.55019918547353 0.0
64.28289003692251 43.47870037620019 0.0
114.653953457042 77.391518514877 0.0
4.986857698954816 123.79178823358123 0.0
59.7222872141181 186.94043521466648 0.0
76.7916578933161 123.11643994143857 0.0
135.11822656028906 24.382398089885292 0.0
32.5922229009667 9.464099578864293 0.0
26.659280506888216 172.7533710593403 0.0
17.109005782394625 190.4635534716791 0.0
184.40927390099975 49.89589403312584 0.0
162.35313820055083 115.52669163512502 0.0
181.84562958414355 176.73858693745598 0.0
139.95901788131965 129.65853482508595 0.0
107.15344200263675 63.51939712753638 0.0
133.64722072246298 174.64527306845602 0.0
16.80383620425292 83.61203249034787 0.0
174.18227436700556 139.01795591917937 0.0
176.3006451893816 150.90407528652074 0.0
139.54134753049237 195.10362396537582 0.0
88.95598292701057 94.2143216406846 0.0
164.61148132738234 129.63972064721014 0.0
170.78188469999645 131.02594452325008 0.0
127.58454077424419 73.84165370102971 0.0
168.06175034398254 182.85117281653314 0.0
84.32065914125866 169.47749083091156 0.0
33.89183852834379 145.83221131634227 0.0
7.302495471847914 169.4177778288015 0.0
180.95967944799412 32.72221251567113 0.0
152.40411745234624 164.29257985607663 0.0
10.05282629831079 136.1791225999883 0.0
24.55006187318427 151.30187424752634 0.0
177.26787951390628 28.344411593298325 0.0
42.44144858829637 16.889517995266967 0.0
7.6163648189780275 107.96755737141733 0.0
12.877837140973325 91.90503494406876 0.0
188.7004898962486 133.8764214211243 0.0
16.804831625303287 156.04156867282336 0.0
185.35855157255367 142.3826184955112 0.0
82.06920958675434 17.7523988994297 0.0
104.65607376411454 136.24999436436465 0.0
71.96482977529331 176.51243990962024 0.0
10.325582677995882 154.1435108535245 0.0
154.00402957060982 186.20529586719235 0.0
136.73427751086086 182.0148227798478 0.0
29.95103737124756 181.58041208820498 0.0
84.68557850785187 51.66987649886941 0.0
6.005210068528988 4.138964260728328 0.0
94.83693534913293 186.80300035327443 0.0
161.1236920724517 69.47120525191872 0.0
89.24303393204876 3.0709251209860566 0.0
131.82448317032734 154.98206242716128 0.0
147.50990067469345 146.319343121284 0.0
173.4126189960334 55.105734062949765 0.0
41.27212150046127 161.86354091107006 0.0
180.4235722986502 150.5242857183416 0.0
189.18186566596347 27.763858932988917 0.0
53.17969839250307 168.5690989648904 0.0
114.3250468188181 56.32565793707877 0.0
182.70700194162836 173.89826244322927 0.0
186.95637768706257 170.59259226581818 0.0
92.86110287225289 121.70697210556094 0.0
117.6718230105711 96.39112535492282 0.0
26.362853863545666 130.14203366135817 0.0
129.61335419439303 175.523083976499 0.0
90.54559861874185 184.2557399767165 0.0
183.02757262220538 101.99235605338026 0.0
88.96764837271934 70.7483420558432 0.0
51.47629428374161 110.69072207585032 0.0
156.64510146102555 160.91250023164054 0.0
56.22372535473104 6.7569368462731205 0.0
189.51166706153353 8.60700355316455 0.0
53.801496028524284 113.86223353902925 0.0
12.81379863263572 10.751350633161305 0.0
41.479290014292445 140.96452212164976 0.0
68.50090006817493 189.74657947761025 0.0
96.34545837463853 119.61252320444717 0.0
118.27201367842306 100.39202735996109 0.0
95.92848114778398 147.67023823534421 0.0
56.791926824430504 138.28160651633422 0.0
181.7667871733607 90.37117086775719 0.0
8.691162589271428 132.3272963510435 0.0
22.06094283140183 35.90079985925103 0.0
43.315974433857306 40.971672318367716 0.0
5.518806469495363 180.24480007470999 0.0
82.79594435362618 39.815245813311066 0.0
155.73082772627916 124.82968925132414 0.0
101.84834492551072 87.79853588901372 0.0
193.88915439307857 110.52155074312604 0.0
121.84009165400305 189.74281651689458 0.0
197.39094555692716 82.83753260241318 0.0
186.97951960253417 34.96757017214893 0.0
102.84258116311942 85.76398087648995 0.0
77.11190685380669 84.86671949330118 0.0
84.20830916208801 115.36401697636514 0.0
159.44418984532567 106.73976621499779 0.0
0.32323898249502214 29.396538602331248 0.0
110.6258270462389 6.838082231371434 0.0
50.71722223826356 5.457552033962254 0.0
50.96443169150049 2.5005599166265435 0.0
104.67270070399191 167.6939700310329 0.0
124.15626864259946 91.41702215994478 0.0
