142.45106060327677 81.5072088452583 0.0
155.0936378131271 35.799234692396766 0.0
160.14936409402762 54.522557459156175 0.0
125.08790856597909 95.71282409217633 0.0
71.87422397488399 84.98690128601476 0.0
119.36152903519177 51.852038510445354 0.0
40.561380002031825 57.16183621395763 0.0
19.933158587806687 116.1458475398667 0.0
108.15005249380417 139.8638820424892 0.0
172.35758446815373 108.29622607626493 0.0
50.03399475904615 85.9290168467401 0.0
146.10219731537887 46.60590712630079 0.0
18.470651020663897 105.19493608620365 0.0
119.8588412512114 191.48955798468407 0.0
187.3813914617239 44.57661123744228 0.0
70.33710152012024 167.13837802291255 0.0
76.01467060676978 137.91203745478265 0.0
198.7492977291234 131.53466207062897 0.0
125.2331339131396 198.6068342815129 0.0
16.111448766618985 90.98939461600864 0.0
27.724730170939704 19.707742419891726 0.0
26.648510857746686 162.60255899264783 0.0
72.22689330524317 118.88677019804548 0.0
198.00628081935818 76.52238652351858 0.0
151.89201823420316 19.91917171772308 0.0
187.63646068742102 79.60628392163306 0.0
108.21143777609143 197.5901718346502 0.0
6.635354452456399 53.06285085675495 0.0
134.4542152004777 29.566702679228072 0.0
45.48080471717777 88.8808430773796 0.0
46.366106168763224 196.62218405203038 0.0
160.52599356278836 183.32758196095813 0.0
142.91309497333924 151.7037789446503 0.0
25.772845333368455 100.5258042053204 0.0
126.14304766856668 138.68323831280486 0.0
191.36173802262394 35.09462829717309 0.0
126.77796576850287 183.23393922805005 0.0
58.37843594370351 60.06668672038802 0.0
90.93847695765204 101.12831568022773 0.0
78.99305399832389 84.77024091259989 0.0
23.441265698765037 73.35141172161275 0.0
121.61007302437493 167.0914968039428 0.0
54.39914162701951 122.7779162484305 0.0
102.62238312761743 125.50901014627559 0.0
198.39253706601616 93.76149928507004 0.0
79.52644588485256 78.51857169060028 0.0
9.270351322814928 83.83693071972213 0.0
24.569737167471395 2.5435101515259406 0.0
98.67700105975936 105.83698131062049 0.0
53.76564815466056 44.152044158228044 0.0
82.6917132128395 69.07763741163015 0.0
173.02511699519204 148.37963745123156 0.0
148.5050566345244 159.86680658251046 0.0
21.31835408916196 172.18115553293737 0.0
91.84689791819184 174.44314706908906 0.0
40.19399684744005 40.51393479514016 0.0
165.91886417085144 111.55333133386863 0.0
179.64719797132875 72.27964030548878 0.0
3.8736445709615985 167.22749939294974 0.0
62.24213330829049 154.32914763003146 0.0
29.422339182350132 190.91433360658678 0.0
70.55854794781662 173.96149262732425 0.0
153.94028294929342 59.98865766429318 0.0
97.44592055950831 33.824231436275845 0.0
173.48075094617909 108.74606258718924 0.0
104.23302135479847 67.8493184111343 0.0
125.39499476178564 108.35066647048409 0.0
168.95458269660978 152.83509747472834 0.0
141.7962259874771 135.8035674355284 0.0
174.82091946083025 67.51151326871604 0.0
45.89409352265861 192.85123828395686 0.0
88.57042313376462 89.40232562831278 0.0
77.26536768636916 39.854577690293546 0.0
109.00884374558527 39.52456984881061 0.0
103.415549560005 194.9909698246761 0.0
27.95339358890263 185.94210953049497 0.0
77.52523382354934 15.763166357125735 0.0
138.96377147950977 199.41672053500417 0.0
136.0640142665834 27.64050313109645 0.0
153.65621906335696 117.87664627372286 0.0
194.99397721037897 193.75941262902944 0.0
41.06082143079783 21.149172872782486 0.0
199.57361632906722 29.96180097812522 0.0
92.39635471845298 43.38029400456127 0.0
110.31236588752895 161.05141902451155 0.0
31.80094723160325 57.791189879422134 0.0
66.41474083184242 86.99990074074478 0.0
42.971003612794156 56.89764860383797 0.0
158.09238223985952 181.93578515419705 0.0
162.3248324432533 121.0452889970859 0.0
60.41108334277601 84.10124034587581 0.0
1.2214488509123322 119.0898940509675 0.0
33.879268013294435 51.56293313448759 0.0
2.9292263424990805 117.2787686294382 0.0
80.7731705055391 156.31497554543486 0.0
14.45294251807856 85.86559108181426 0.0
161.23315348662211 168.5134241119151 0.0
58.991975097056894 87.71782261110252 0.0
119.45469736043499 42.93341344560584 0.0
31.716430283916264 109.15220360496525 0.0
147.8365737089876 61.341575980137655 0.0
9.711976921663211 50.46055138805716 0.0
25.737802882858894 107.32786380610568 0.0
166.35833765833542 132.06458858053446 0.0
9.534124794949083 54.24262457124214 0.0
111.07035015556805 91.96500359842096 0.0
121.95364439215204 32.23615076363691 0.0
37.24465356906186 51.12671753393114 0.0
91.21050507333408 6.999653466682321 0.0
154.4190324218764 5.668617926486075 0.0
124.24444149380902 50.658043279939925 0.0
105.0656102599707 168.2028688197587 0.0
63.41313596724021 114.36656898218729 0.0
22.10306553699226 25.395233192120404 0.0
72.27331891536288 22.51483355759294 0.0
170.12715494636228 4.79454241699937 0.0
23.625745982215186 0.04335888301392199 0.0
131.52284244510298 51.20597247340339 0.0
21.788096547164315 117.22933513501721 0.0
48.035498815344766 1.359334880535501 0.0
181.0989979410196 190.39988009144028 0.0
109.0425157116625 15.350188596127733 0.0
103.94538734081861 112.38253437418389 0.0
89.68097904059742 74.30806348306476 0.0
54.144556253051924 103.10445417600842 0.0
85.15087216301728 85.97279317930757 0.0
5.3011677677738955 168.60316556236396 0.0
61.92750598863264 53.33633097886143 0.0
158.7987503527617 135.81345478965247 0.0
52.28088661717856 56.23415806044214 0.0
172.3740905937406 190.84640608851487 0.0
155.4137731713031 71.74683641471782 0.0
17.762122316653574 90.07822694098202 0.0
176.69422800044615 116.49888297746911 0.0
94.68786113362889 136.21805281272842 0.0
135.87261388038064 32.418663652653024 0.0
168.52113251238143 15.62550885481102 0.0
5.836938245468315 57.24964664336261 0.0
70.19878133979434 78.50028221201775 0.0
105.37459414210187 122.07976213264051 0.0
99.55817866920096 10.167653092834804 0.0
162.57256769625565 0.38240379787217726 0.0
107.01487378536181 89.53537479237808 0.0
189.90223635832075 196.5389215753986 0.0
93.55632888314966 159.89889666670004 0.0
167.6990038070103 6.539209447350358 0.0
65.31272118785658 47.62357042539173 0.0
119.66100648552987 109.53347750523739 0.0
6.504859871229662 55.83386803589345 0.0
82.15522768645735 156.13484496031407 0.0
193.3583128355069 133.09135612315794 0.0
118.53341888525561 107.84897329708443 0.0
61.61195777459527 171.14468950117057 0.0
110.32427550767461 151.73357044305536 0.0
61.53814830038817 21.18638718248871 0.0
169.08241106859896 65.36703797942391 0.0
186.930811405819 34.652822652815374 0.0
155.8386348647588 139.43223021701058 0.0
148.30686148856665 32.455335761570694 0.0
169.51030521552346 178.697766592033 0.0
75.6053017582781 185.63196919085243 0.0
171.29431882365432 96.90593598442344 0.0
181.9575632573488 150.7609080531694 0.0
148.97960554921025 197.0527952750246 0.0
197.64157280703216 145.07824779219197 0.0
193.27992374440433 185.77260963830759 0.0
192.12121482362602 69.0942540821182 0.0
157.701827746676 109.01535937819598 0.0
42.1117812965484 88.6039101679978 0.0
4.126822725067125 115.93261477359277 0.0
74.90126446609185 73.33902768244589 0.0
98.20064969910867 58.86358190148966 0.0
118.69615706268553 156.1108333775357 0.0
11.786846938157192 19.539760345575917 0.0
125.54974798661176 24.143408598735917 0.0
14.155670700200629 115.10320753987551 0.0
97.46972671858947 183.40007389353414 0.0
189.24363502206 182.25986231919367 0.0
42.591179310839266 147.05621164673693 0.0
3.232914893973149 163.8661056393826 0.0
115.83992910945878 90.87367131148272 0.0
164.8639178616619 29.47317804767686 0.0
157.30043616370585 191.08346789350733 0.0
170.30847483884904 49.83068730213256 0.0
131.5413278443379 14.485003589177792 0.0
5.09502769911967 15.076954358399309 0.0
92.44088822372424 165.8216311043195 0.0
87.49142058865442 137.32060614070244 0.0
50.5937223255857 114.0939398234693 0.0
80.91479907123214 110.54427742461127 0.0
104.16903676672649 117.32370649975587 0.0
77.35230011184886 114.23788642955259 0.0
9.12988493591913 44.383004533666906 0.0
59.44021160909894 41.895565238650256 0.0
11.011923633787934 52.85454298707337 0.0
85.76342946535449 111.48678109862216 0.0
37.99918557054451 123.49084863239183 0.0
112.10094070641239 72.2388743740422 0.0
63.82351147873433 174.69151885404258 0.0
160.75730599486403 60.5446359371627 0.0
189.05330584230194 84.51923360275163 0.0
80.78410201707501 177.5353335398789 0.0
160.62633932358224 33.126914243403064 0.0
3.8092610216121647 61.8359208918811 0.0
52.020398024651016 145.06982555274047 0.0
193.3564705274295 113.24590094685938 0.0
60.24468666974832 58.828163143237646 0.0
109.95074042178604 186.56578976408048 0.0
40.87381804473351 179.9670011953938 0.0
169.97033946438788 119.51572967617481 0.0
98.63548015792088 184.71229460268478 0.0
63.1193727719269 184.66932769975492 0.0
78.60175331867045 32.322957955251795 0.0
11.559357899275845 62.55238724445584 0.0
161.82320135640248 117.49076633910431 0.0
3.152119589183622 21.532771781404314 0.0
159.2839835198059 48.10134068047276 0.0
11.930552541813743 59.854146500737414 0.0
119.34506096325556 69.0409602129808 0.0
130.82770757290467 16.142975874234168 0.0
116.38202503659727 169.33567567103543 0.0
184.85878168696684 86.94466408411736 0.0
172.11266670962218 7.760588930279333 0.0
167.3646895304938 3.3213320198165475 0.0
176.14890168121292 171.15882301225494 0.0
147.58988790384785 113.27022930539256 0.0
18.59644279896806 140.06126705726035 0.0
134.78124895739728 192.69841803976118 0.0
125.06477601425954 77.79970365138047 0.0
152.15878699859095 164.91585646798228 0.0
193.23907734345477 182.15749421735308 0.0
73.5231351872831 47.08561195467931 0.0
170.2047330205319 42.703612044279595 0.0
5.928755370032102 161.79649438850524 0.0
181.00418857696494 32.307293124280555 0.0
163.76586643402158 152.89994139087258 0.0
21.444937090162377 27.932238189642632 0.0
72.7581667011599 26.9795739782559 0.0
161.96651163795755 103.66074287045535 0.0
166.7975325072315 105.29839516898521 0.0
174.4134048662313 67.99979779456314 0.0
196.2008760301788 15.795154234901808 0.0
89.8498637569044 27.872711219600042 0.0
152.88839561776234 80.67797567786405 0.0
23.091681968440202 153.3013899185792 0.0
36.146616883090154 62.38991581785322 0.0
58.41904808045324 89.63595628715409 0.0
132.05355996011554 19.197676014497556 0.0
80.97361399984544 18.28994060689686 0.0
160.30751861454922 191.38123722465312 0.0
159.63208658740302 2.2909117882335517 0.0
54.11496362247161 189.97875735082582 0.0
39.68753709915709 169.55787719185426 0.0
81.95712006971685 92.26766085636757 0.0
87.4589140164306 84.6683873314664 0.0
94.46893519912042 161.63941067051312 0.0
43.98805609385852 138.97989922392802 0.0
85.32804184816038 4.251907993402315 0.0
191.27282342287467 149.32139810069015 0.0
191.96556716584476 50.820227510306616 0.0
12.023742967232586 197.07296537936676 0.0
130.0745964249745 109.13276934123503 0.0
132.72094280601166 62.302434378988345 0.0
55.306146902938444 171.35656831942106 0.0
79.78691922420116 11.729887637727575 0.0
176.20663997120795 79.92207934132125 0.0
149.97993954681402 184.6423807867048 0.0
104.36491083745449 56.75420389774173 0.0
98.65185933941231 187.48265356651606 0.0
120.90078866657447 82.84306365376031 0.0
183.3032395482062 155.68736141524093 0.0
62.84138494110603 78.62440942336791 0.0
164.90760718468854 70.45180095098016 0.0
188.59538530292053 180.36624863546976 0.0
165.76599507071188 128.44969241606915 0.0
168.64948317810033 133.73477477158087 0.0
10.191645761721823 54.13810716729044 0.0
65.77539708595621 132.93924159196428 0.0
33.114083685159244 17.12932104477982 0.0
18.449756779430547 122.33201643400287 0.0
131.7307387969999 71.21276107496406 0.0
121.85347099129797 47.06660489915782 0.0
56.623302299879974 166.96187460506567 0.0
112.73088398151934 190.3929668231799 0.0
191.29513535101714 6.462364763383688 0.0
107.5534900049861 167.39606869829274 0.0
152.87512958115283 106.54961633607553 0.0
17.846755852835994 158.46008438588385 0.0
61.77238000283207 16.044943359082197 0.0
172.20275378651328 160.46736039471034 0.0
74.3552073132816 92.8315941106974 0.0
111.41539834810901 9.717649879553548 0.0
150.2670434416636 188.2132580745793 0.0
91.33914347580476 87.77985841066354 0.0
34.7808231199753 8.849176170190564 0.0
127.48593273179567 159.9649490218028 0.0
76.63253108996844 30.66164391880899 0.0
46.039488059501736 115.83535885369957 0.0
173.06365983236188 24.46324337145027 0.0
167.8798517633336 82.14269180403429 0.0
36.3413367437565 119.6526240365566 0.0
145.37532065463498 60.81218788278706 0.0
109.8140596526321 80.1793171089426 0.0
96.11288382129308 108.06886884130691 0.0
26.599858621451066 96.07958617193684 0.0
133.40238070583925 115.52691416104454 0.0
100.29299836318745 104.23682533236773 0.0
80.30365828396269 80.0403770058821 0.0
164.61413139600572 43.621718089035724 0.0
172.09002512222153 156.3398867266642 0.0
137.71812352853345 123.11876645058044 0.0
101.47543689290546 174.95656256253272 0.0
176.91268249866826 134.14748893486396 0.0
41.59683729480814 77.66090482495234 0.0
10.829999785727583 75.63807934106978 0.0
93.6571706106187 73.62104832571046 0.0
188.6327664313232 75.522919571344 0.0
149.2986879177674 51.71121970110626 0.0
169.6248689770237 190.75687643751462 0.0
32.190115406396046 97.87797964561071 0.0
191.67621964847407 146.98087968764654 0.0
188.97547545957173 61.198128703049015 0.0
103.16018295946382 39.29486450599464 0.0
136.64625903094344 188.23903339148876 0.0
20.641197196377693 57.207674091108316 0.0
141.56281361834067 102.55840788754158 0.0
183.33911998751034 19.683159256205208 0.0
4.764838407448435 44.65735901193702 0.0
115.43605900236562 110.30316939909217 0.0
158.87491297903892 107.4268866922619 0.0
178.58035889474786 87.91977816512042 0.0
143.81313562466093 3.1047883898964956 0.0
199.48159398617506 14.770677336421079 0.0
121.70488099340315 79.98630804905729 0.0
91.27936816434709 191.88302212980122 0.0
15.777878353284013 70.60848506222885 0.0
52.40791396131777 120.69293377759858 0.0
113.70876349619314 197.85483561558866 0.0
22.967423019558765 120.15904075760575 0.0
162.7934282008853 191.40332630825398 0.0
6.152195067496136 120.25030182159617 0.0
102.47946396179096 74.16739471394071 0.0
21.074674679155827 125.53977551922134 0.0
29.213063455117826 66.85624381137625 0.0
43.36358827128226 96.73753356807168 0.0
169.21691586880752 28.507087954010714 0.0
111.2034089131696 133.3476038849818 0.0
146.72953227987955 101.81883278948216 0.0
27.02143942316635 57.235312760114645 0.0
78.40064288660366 64.34299580988782 0.0
168.8178642374379 194.74287121930857 0.0
198.95123794849795 100.06437930230949 0.0
40.17322534480874 134.09286676878304 0.0
28.871047978715048 100.6305450125069 0.0
134.2567781747492 95.17056351828217 0.0
131.84016810357525 181.46563202274862 0.0
64.69830024100263 90.37778812814115 0.0
77.72563915277735 55.230744595976255 0.0
124.97494102401771 78.10243144481983 0.0
126.41796092001864 43.56955609712732 0.0
78.0038007956526 14.44947777570016 0.0
178.43640927230356 27.80450077306933 0.0
48.91999262049875 94.2307487110086 0.0
100.14622165100822 140.22529852389115 0.0
96.5589249456822 138.81230997383668 0.0
24.594713260476333 79.83830600693113 0.0
172.95075195929218 36.26997800916685 0.0
53.3874660421491 199.9216250274734 0.0
145.17383583462765 168.40486401186524 0.0
140.68980199677873 159.45749110274824 0.0
150.20327791224005 69.52261843826639 0.0
27.352823465069708 156.4900861689726 0.0
180.9294700148241 153.4814195218871 0.0
111.32730110232991 168.6833580381744 0.0
60.31092855872486 18.36543759183087 0.0
89.94286284466845 14.83015627915405 0.0
50.664413483090456 192.2420172947252 0.0
90.29388779206462 20.79038384637699 0.0
66.3847022970931 18.812387585916234 0.0
15.887678701618446 24.312583583884194 0.0
10.92523339729594 98.36727795871825 0.0
180.87441077625556 185.41979687921906 0.0
142.66004928105602 97.31040074270909 0.0
177.59259591398416 182.51722938018477 0.0
189.28638584534707 18.61426401640629 0.0
128.8276870180077 69.10572321502246 0.0
176.7164676402312 185.92439848101876 0.0
13.095649891069773 141.96161824173853 0.0
15.946008537823552 35.62963571641067 0.0
19.427263542591632 28.870211989008055 0.0
0.17606855882816852 134.06762717281248 0.0
87.54314860928847 42.47646370098794 0.0
104.50387823822693 41.13631920031398 0.0
119.97334383257368 66.54332698004477 0.0
151.7874440431515 126.93375137461764 0.0
14.589573040952297 41.884422679097646 0.0
110.82768832010998 14.650001476836682 0.0
59.18218637611976 101.46461174168826 0.0
26.800984199021173 170.78677795980497 0.0
154.1279957659021 167.63830585801895 0.0
148.91402014236616 92.8816036078908 0.0
184.8591555309212 169.22213498265 0.0
116.54199126082918 155.26518344604793 0.0
52.75736221372818 162.07503451882982 0.0
192.6501382999733 64.98209285240651 0.0
191.26175164262892 144.0853981527034 0.0
92.08777146600282 52.85644172361008 0.0
43.3928128363847 43.941548688847256 0.0
142.38294022810317 178.78579856355756 0.0
157.55881995175332 32.788307468820044 0.0
135.9549909218324 65.69819185842152 0.0
70.42532062349103 158.84895861180144 0.0
85.20129601513568 193.20851956959143 0.0
188.79218327153066 137.3185653532318 0.0
175.70354063342754 179.86236685523332 0.0
56.83692209790336 141.31113395275577 0.0
127.83798522285154 61.95667873097332 0.0
100.74698290733177 34.36956281880663 0.0
123.36315064615945 37.27840831587032 0.0
179.67772232653388 61.02406894566186 0.0
31.09754554549604 83.70373044766299 0.0
40.13697429022891 169.1112007891236 0.0
74.58898804054104 85.45197579472261 0.0
70.31101019852954 76.0421687214016 0.0
124.71622073447881 3.890155785388827 0.0
181.51097387844717 110.9357710624668 0.0
71.4525517485917 15.135235553359806 0.0
5.8326540749750855 165.50778161316032 0.0
31.560318150053646 3.3031869197442054 0.0
92.28680363709547 168.83518632632476 0.0
82.77403187441375 146.10512112513197 0.0
8.07108276979369 164.59021655429882 0.0
180.0691618766268 158.59260897801545 0.0
7.31885365398115 114.06581361125272 0.0
105.90245393860734 71.20571148640227 0.0
16.57407710030636 174.29045264639464 0.0
133.8489562333865 9.878824190934887 0.0
104.40566433620037 7.7571633377814475 0.0
143.84978019959945 118.81106709121028 0.0
151.98864567468488 68.76783812714913 0.0
17.32375902794756 120.60945043834525 0.0
122.14364725519151 181.1206659934884 0.0
61.685331684881795 43.864650194502005 0.0
136.24017588208866 72.8450290291982 0.0
166.34983319110316 164.82072403758815 0.0
111.53326710878994 65.91478114333394 0.0
176.09665987186472 7.651757637576773 0.0
185.91719782771395 32.34735896127867 0.0
182.69963723513925 126.95991776384206 0.0
162.74390668598335 22.82274680630072 0.0
82.0231884379751 156.46100460403542 0.0
145.2679298268028 49.93296927894262 0.0
21.321697841829888 49.42506034249941 0.0
198.44367322791294 165.399137905517 0.0
70.26887173887897 159.2913158320866 0.0
75.2149089271706 9.069907467548699 0.0
189.28258478943278 12.978166912692824 0.0
175.10042618534825 27.24152543362417 0.0
140.00009059667647 114.76050600486316 0.0
164.79393318882825 158.81640528554973 0.0
185.29730156026184 85.18828905380123 0.0
83.66019088886564 170.0435167992789 0.0
60.0350573889237 87.37180000636042 0.0
81.42357895712134 182.06070393323014 0.0
158.75427756548493 22.06056854207197 0.0
191.00930518718314 80.18534531691184 0.0
182.83098231276824 183.29453122684168 0.0
126.41150048645422 19.87653199666788 0.0
17.141249996749373 158.00758703791286 0.0
13.626512743714002 151.5183563608584 0.0
165.07522066098826 125.81519724196826 0.0
12.103851146942812 174.6505959814941 0.0
60.778279355812614 169.31927186691155 0.0
164.83119358459925 1.999538774474896 0.0
198.78671705921508 140.61523472913768 0.0
127.08396651583857 64.63828306354085 0.0
73.76412259678693 46.28754131666027 0.0
67.03411695163462 21.832459486167476 0.0
6.833896465671829 11.031667613313378 0.0
5.826661997112836 52.6038270924728 0.0
50.042269026936715 59.14203454906137 0.0
170.39681019580513 100.77075439329595 0.0
106.775370036772 13.456926230835876 0.0
169.21429868208878 21.201225392344767 0.0
183.4928256477342 152.9530871984506 0.0
169.3059093933328 132.24048429204797 0.0
96.92958032793646 93.03407644011845 0.0
152.32095072300083 17.752081399258923 0.0
0.956537710602734 56.65826944300676 0.0
158.0687090995888 141.93757894970307 0.0
168.57977628471477 89.80370133342012 0.0
185.8708860468975 141.07673071552088 0.0
167.09720418474308 41.36869679361701 0.0
117.23610853965383 138.55664680494397 0.0
98.22040524066615 75.45871173150216 0.0
47.77759980445164 93.0347734664044 0.0
140.00870387601424 113.11137227313756 0.0
171.95931023167728 34.3073570013567 0.0
23.751343669524584 110.86329980315475 0.0
51.169667515390586 67.4313809697371 0.0
