189.968880906491 2.888756336521503 0.0
169.5084497341272 54.3597576010219 0.0
42.289493468854154 196.1361881894951 0.0
132.48016339619363 68.42925908986635 0.0
192.31074762190127 160.68753107330102 0.0
12.008279485692208 11.920918401503599 0.0
167.30007891321162 126.06793343381891 0.0
0.8008086702375738 180.48974637575267 0.0
130.2320286076532 137.0812192736307 0.0
74.48648582215098 3.108652992553629 0.0
145.26672406429523 41.50638960065371 0.0
190.25184576321726 97.40304323889579 0.0
31.95310688781867 29.142402326976867 0.0
28.710460882755704 38.67808353893138 0.0
10.384611810376132 59.24350247752748 0.0
96.56416455770052 39.54415125269222 0.0
90.51171310268235 65.92640319424754 0.0
124.2175933018151 80.2100259303104 0.0
91.04220922381343 14.919661641803827 0.0
90.35903941939476 103.92752712103803 0.0
86.836703788417 100.0646614761916 0.0
84.62208085083473 97.73521877388949 0.0
178.43336937058376 14.266743770935818 0.0
179.79405581740733 15.563015110729506 0.0
153.3125326185521 107.13395894651143 0.0
126.63902778889052 168.92350682176604 0.0
65.73826715273916 150.33012015425084 0.0
7.254414388232044 109.82984774857512 0.0
0.49072971832613277 171.7077902648142 0.0
186.982042380809 161.24423499144086 0.0
105.52945784532251 190.57594435554645 0.0
190.2459266232293 12.274956412957705 0.0
179.6045827185472 88.99612366563704 0.0
92.29066999707607 188.5040592189362 0.0
83.05924938666263 87.78992049177808 0.0
66.64590683583162 132.24186399696498 0.0
3.543300387381998 160.9797554415878 0.0
57.24381318005549 83.16844371394154 0.0
153.08470837601612 18.673854666072586 0.0
154.46821945394518 136.73637892108533 0.0
198.94188677936845 15.945584973223092 0.0
146.0154696200897 175.87313281285512 0.0
37.88649232759455 104.04617362907184 0.0
86.29873844784395 20.93537012316833 0.0
12.04300226972328 130.32899773242838 0.0
182.22899158012856 123.5317820625175 0.0
134.13778492157644 14.55273555858212 0.0
28.557485389607074 41.74482889260127 0.0
140.98704090335684 181.76960701599927 0.0
42.56612767700152 177.4460501415491 0.0
26.27956107381344 115.79411554141679 0.0
45.743650800331956 30.813546350233167 0.0
117.18667211445894 12.286677436755756 0.0
119.18711463297139 132.82436754452795 0.0
154.05850475842985 56.77565935497033 0.0
119.8197876329159 53.40855134623679 0.0
8.442125419901192 30.48036618994758 0.0
186.11803669231784 51.11565830394467 0.0
31.88370060678045 155.586543266707 0.0
184.89141879954127 29.558668869878744 0.0
166.45342590918364 131.66514535541754 0.0
154.76173074740174 96.56424706644793 0.0
67.65847437102985 186.2140604334127 0.0
187.3383043782899 183.8723362928073 0.0
191.38586062428726 64.84157254571936 0.0
53.68847424046812 78.39220842680908 0.0
78.74356735081163 20.399471456173025 0.0
31.55359997720877 40.436056911337516 0.0
136.14493878645726 25.412694184502847 0.0
17.862702593200197 140.01541318785974 0.0
52.7078961915924 28.441524933985242 0.0
121.44721596524562 129.19959383667327 0.0
23.01702314526559 102.55133962244585 0.0
122.4620334634174 86.6995090783222 0.0
150.5231919316758 192.8540734888179 0.0
57.86953305245477 20.25428518866088 0.0
195.33199226452592 60.12453226051735 0.0
146.4447864664014 93.0620861264378 0.0
199.8586907303175 138.7838508718907 0.0
102.11183310272358 152.41067155886554 0.0
76.80409164889998 180.08128929889654 0.0
1.0223307945393723 181.8273104149129 0.0
176.13221634748538 135.09484307456913 0.0
65.63959321083917 172.48164235497947 0.0
161.20725156938144 147.21002883075093 0.0
8.192435961723454 115.23921234009448 0.0
18.973825317620395 170.0253384251555 0.0
136.2149706347073 151.67746037547397 0.0
105.04116211183148 4.171902092798652 0.0
64.48992681375707 190.53995333403023 0.0
181.7583355164225 55.32402850021072 0.0
0.5646906895365955 95.51881609220834 0.0
45.84428942943637 55.71619657616789 0.0
175.11086422480682 80.91925270197677 0.0
161.86291949382985 162.7713416892357 0.0
73.74958025818043 13.674206914914034 0.0
118.81011329244828 50.984159101917136 0.0
93.56651834847986 113.34126724157233 0.0
109.30605794024189 46.992293324495705 0.0
95.39202905990796 66.12788083211916 0.0
194.3628757143245 22.807427778096677 0.0
52.02336627437836 24.655172351462994 0.0
61.42408979345071 58.467077428184155 0.0
2.9176138812158303 152.08459350883098 0.0
109.34899706798787 12.907357867721903 0.0
17.485391389523674 87.39568812176677 0.0
1.2416290213575376 100.64565567650308 0.0
41.96710085572634 158.01746144890927 0.0
114.5005165265494 161.9014766781385 0.0
158.97488798329567 146.67974994033284 0.0
187.19203839433882 135.07264760901063 0.0
124.13516381479643 131.26507536582986 0.0
110.82671473233188 93.02327352499584 0.0
60.86809458887954 159.60568184612114 0.0
51.844297337564086 88.42865102294304 0.0
92.19194885926387 95.58423236569237 0.0
97.59022933493564 168.46170144234 0.0
67.54182532719454 78.56103789098925 0.0
17.292413943995033 65.39437257678343 0.0
2.94384254546487 75.06445853675324 0.0
104.52390921903638 47.226481953101285 0.0
194.48739145385895 169.8453669231992 0.0
24.863755491271 21.24374969684886 0.0
187.88964685163953 142.8105896522537 0.0
130.94458842255386 23.445567219746266 0.0
91.04809115364208 109.01419271380158 0.0
26.802389428681337 98.07231119083393 0.0
101.82838867775645 160.79972016162338 0.0
64.42014030482275 74.0009894701681 0.0
189.93643610331958 44.350418645609516 0.0
137.5838643117266 78.56705451962935 0.0
19.57507582335016 127.31862575417243 0.0
1.6459795543586786 194.40933727964392 0.0
28.68744798167984 69.86944441557188 0.0
192.51751519988824 61.22407372030918 0.0
90.94057206210593 98.38810527091906 0.0
44.187278718536206 51.85308711381707 0.0
178.20422772026782 199.2642024801421 0.0
111.29264699918666 110.92019954032786 0.0
114.13191666883056 99.58031595622754 0.0
91.74316966278344 34.269099748990506 0.0
63.552057657924735 182.19639126363882 0.0
114.12482182617893 88.74487236477539 0.0
37.72929529021523 94.63544798712317 0.0
5.589171309635876 24.40046378108938 0.0
12.15728856654177 154.3401679934917 0.0
88.1584742348732 114.99853780893842 0.0
51.395899598177095 127.28399257600971 0.0
164.8540648914226 77.71799434946315 0.0
114.56728512213097 162.5844992062138 0.0
51.78215041866896 169.2638049295247 0.0
175.4769884154304 2.6807573596765 0.0
88.28754300354605 33.117579717698064 0.0
132.9276087729422 56.80049586298714 0.0
114.51256095612949 181.45556602971558 0.0
109.64430579568769 124.85703685228124 0.0
44.17475683458076 135.29969128819067 0.0
142.332787574651 89.57988492510354 0.0
180.10376556443734 17.756423809648815 0.0
150.7422209022054 156.59702461996974 0.0
21.0541608758422 197.73725118276968 0.0
40.206835553069276 15.350987541513938 0.0
90.53767793922304 15.34359056482517 0.0
39.99172281533312 18.144843662380694 0.0
81.89478991746373 85.13812975274946 0.0
108.8698160301065 130.27832738652288 0.0
158.55218977310847 169.81352620788678 0.0
49.708603820342326 191.14834275345737 0.0
174.38924991445947 144.3085342059272 0.0
66.446708330982 144.35221396790712 0.0
86.3631273636289 129.21064819938243 0.0
69.6920462625798 144.24601883553683 0.0
120.01871995246862 62.32350855984343 0.0
91.27477545086802 27.07452726150683 0.0
118.23630563020455 198.5661998589174 0.0
103.43987946599682 146.70319980809415 0.0
154.54613215771676 80.91082846055981 0.0
154.9657531937244 18.146897990840884 0.0
124.56594510488996 8.853698059153569 0.0
34.34673223291212 186.5038373742983 0.0
42.59386701402583 145.95451852685395 0.0
49.27904793069262 44.56763656766445 0.0
165.11568542413315 154.26711382928346 0.0
172.0413369902465 159.3040845198936 0.0
38.9621443424532 21.024241486414773 0.0
141.9622292181387 35.54355881842086 0.0
129.07840873220897 151.72802954662515 0.0
139.01929007624156 144.65394917303385 0.0
19.344383331397985 43.836826997073544 0.0
146.71505359654486 76.62302723983527 0.0
99.61121530203539 126.52809164585115 0.0
107.72740949395963 35.89329249689901 0.0
153.09580276983868 54.55619090976966 0.0
42.43328941906217 194.45641402313063 0.0
140.5017156102049 78.01293844950523 0.0
48.256049759873186 40.12833372361917 0.0
140.71149761863722 74.83782792966815 0.0
126.88855965941428 13.59029117906827 0.0
52.62191709694699 29.21389075688172 0.0
96.79556434767298 14.69503577957969 0.0
88.670204958045 166.52427893385564 0.0
40.00046211715207 176.70151377015878 0.0
97.82597862633014 14.333654830378716 0.0
5.013157636430088 56.515502318194486 0.0
144.30008038296415 148.8976113607681 0.0
41.85725698563869 69.6775328746838 0.0
137.9480497826588 107.99226134140638 0.0
80.50643160218185 10.753744018943312 0.0
63.32267851259103 103.39539290593203 0.0
80.64130520484301 42.94913558131259 0.0
86.55645162709662 150.13951524693675 0.0
78.48981700801285 15.176955199573229 0.0
132.7314124923949 44.696198429287605 0.0
35.61556395559824 170.48186370233572 0.0
21.12046522430251 70.54022337214245 0.0
154.87017794042367 46.62866307060867 0.0
121.6607144672647 187.08106921391536 0.0
170.32736295053894 37.83242026300857 0.0
153.24597413229895 166.73838377312825 0.0
40.867810739497166 86.01989216918572 0.0
182.9022151171454 84.97704941805344 0.0
81.18570082314773 100.6761887951564 0.0
104.63618991245558 139.40665580926702 0.0
49.33912766077073 168.24468096938168 0.0
77.7241001590027 176.58912200267886 0.0
76.56835232535026 5.212277310546609 0.0
186.4337262243171 138.98733523227864 0.0
172.95723588551192 33.426154300816194 0.0
146.64995147562527 109.52677477478517 0.0
171.6149883821872 111.85220453159866 0.0
29.60027887436505 127.53105934424873 0.0
184.40665900393833 145.89940363607593 0.0
98.85333657334745 77.33146071410025 0.0
133.86259524365283 113.59852551599656 0.0
163.99015801193235 109.63956040904061 0.0
98.74851142585865 97.33744593396503 0.0
142.82433631002846 45.811140010010035 0.0
64.87942905489994 90.51968263589605 0.0
193.773904509387 36.418616373375556 0.0
8.112299827586655 60.42649074739088 0.0
30.964305887809562 198.08825291305038 0.0
53.05372502967567 191.7272672895814 0.0
66.86825609131282 36.34756029540236 0.0
148.87063675763056 9.496775852075245 0.0
40.76512610721019 177.26729145622298 0.0
82.69350930689639 186.26198575684586 0.0
186.0287205817773 76.97149902714683 0.0
111.45313438732498 74.51522941710596 0.0
165.22915792069833 155.6282520952727 0.0
34.59360601535624 174.2945607695498 0.0
159.26098160128026 11.32256231552784 0.0
152.9556815725217 44.84616979968759 0.0
35.18617069334107 9.252243121426606 0.0
63.22627554332878 0.047824955727038265 0.0
37.207425374911 12.97640290378741 0.0
22.701412445641477 89.1863620798675 0.0
146.16349744180596 126.98542309748734 0.0
85.71153928515298 157.84627796182968 0.0
135.1649946117984 53.650189821867514 0.0
160.90955331292574 8.080614105388673 0.0
12.465668087809355 32.64762016670324 0.0
167.7236372923762 32.69929039579156 0.0
187.39064470633662 127.24836462141305 0.0
180.62844266514549 185.42418794907877 0.0
121.1197635664695 49.39179209403084 0.0
41.48969049282234 166.8242874902612 0.0
31.35064547417381 174.26238933288815 0.0
193.08897515159921 55.35828852508131 0.0
8.342722454151485 85.12063963630891 0.0
41.03694088946812 93.51611201996239 0.0
69.56999622286584 110.43077825222775 0.0
186.63468832973533 150.9648680134348 0.0
31.18690703125433 67.86657631432722 0.0
189.84477700306286 129.76881443591392 0.0
6.73817203820839 13.565602101376072 0.0
119.38476539197237 51.166985487564375 0.0
57.020108290463334 10.041347811799461 0.0
26.057773429110554 169.05616660801462 0.0
9.727458655336708 172.45174325908826 0.0
35.78618609309765 192.2410095680241 0.0
143.49629531580214 130.4615234457334 0.0
0.41603074930418593 165.67708902419665 0.0
88.18017575199293 151.72519342435996 0.0
167.21131845132757 160.3468424022925 0.0
131.6733138749815 113.05610971983992 0.0
132.05904019768295 52.07227442660769 0.0
143.32094917550236 76.63656363038436 0.0
26.757137252809947 131.48250792825655 0.0
124.93385604165599 31.162542678145023 0.0
57.3593548512537 80.51825286732193 0.0
182.6503572728327 191.60612032314228 0.0
158.40237236346454 175.26928123107115 0.0
76.36582373370007 116.31733440242012 0.0
56.942266413373254 30.605176693691803 0.0
48.17617591027097 196.47657851728664 0.0
50.678810130845676 188.97362297487382 0.0
157.25850484166187 0.44755139444083714 0.0
96.04779171137487 173.90449146968615 0.0
55.83846539570507 114.36986590564682 0.0
175.01300170609056 78.172216418448 0.0
29.37065056083523 110.36947618261146 0.0
163.39117244708368 137.23284435901667 0.0
193.7847462417871 95.0541947332582 0.0
158.89464776223713 50.46629500039255 0.0
193.6268025656512 143.5005956212944 0.0
43.678190831588196 55.9184242886043 0.0
177.15153529517121 7.727594217481992 0.0
154.02786724537532 138.65152671045215 0.0
37.89811212178951 3.691259771801314 0.0
108.93147931093914 58.4759706792467 0.0
107.00848469975483 127.12420307221754 0.0
109.6216539075863 119.74974605057866 0.0
56.52384331251912 26.082201026985285 0.0
163.784161286813 174.09675682074712 0.0
131.12134902551668 66.84958965671315 0.0
110.97572378778553 46.30872976692033 0.0
164.22988145082186 169.89417541200373 0.0
29.8969816673019 4.359738484765963 0.0
154.190063264015 163.85130542966255 0.0
193.5180231167527 56.37629374526376 0.0
77.10043438346081 108.05599767957776 0.0
4.655262661751469 150.57016044161065 0.0
95.2181614924884 167.93093177851205 0.0
92.4501698479227 178.55496238542236 0.0
183.25924626843067 192.57720680034456 0.0
179.3018540856211 38.131848727127874 0.0
39.6698114570418 140.20392574244556 0.0
38.15701335360193 98.54344165349612 0.0
175.91649514067495 124.57158131256334 0.0
51.662427000333096 29.359435132313962 0.0
84.07066656465365 114.41340697979952 0.0
157.5366525434087 103.57117543970263 0.0
171.43767149576493 7.8378201079263965 0.0
118.61922183955637 166.1367849751754 0.0
120.70884182692558 125.00425855359958 0.0
91.4070716126286 71.13220300965948 0.0
85.09070606397337 114.90360066715495 0.0
183.48966690211702 133.8278731373387 0.0
60.09222269589096 55.86368835631996 0.0
88.14571728600652 18.424589726237084 0.0
87.12754714689022 144.4392126029578 0.0
163.4659679321684 87.84632429064504 0.0
38.818379062133104 13.634565633028695 0.0
83.71821103733619 178.90168012230075 0.0
11.856448238431994 198.94714988738664 0.0
32.27201463135509 34.289926371222855 0.0
10.513321667735553 179.50776734087017 0.0
128.25250077885994 22.341402288093228 0.0
42.36125719947652 161.63377170431443 0.0
183.1938136020804 106.04631385476341 0.0
167.49535979327038 143.39973704533998 0.0
169.3146410304911 84.83990394601555 0.0
43.52391853414175 1.3693661302391469 0.0
147.63969968929658 125.77609263758977 0.0
90.82030492192746 174.42161179070857 0.0
52.04250755298754 125.1357387457443 0.0
166.00643384334094 184.64283834284805 0.0
54.38660525538423 97.1796790731666 0.0
176.36427774987425 131.54605855028802 0.0
46.2936488661343 173.67089656348818 0.0
193.84857097978772 23.41728454485512 0.0
64.66858720147648 115.95405195295095 0.0
134.60034387443994 168.37811161890565 0.0
60.963582126179716 90.79486206565117 0.0
158.337508865554 37.792677772895104 0.0
68.26390766107176 41.84570637250899 0.0
11.725278742580825 35.936294114309206 0.0
155.63071045160882 100.51802661314402 0.0
190.80575767018635 62.38196105165726 0.0
175.7368875507998 123.20606340609534 0.0
29.79264695808508 37.35022107255277 0.0
9.684176622079121 16.220627335798234 0.0
37.013489156420064 75.30672488921084 0.0
191.99080655244342 15.455542574233183 0.0
193.50850994101955 138.38096581397173 0.0
59.09087941343489 124.72355782463387 0.0
105.77165116416687 178.71882268823373 0.0
106.28807318142901 84.86260318155597 0.0
61.34595150822495 187.6704213374663 0.0
60.95785871514754 145.12718403830021 0.0
174.46199656946695 9.754060835960999 0.0
83.89396086762946 139.04396597979763 0.0
128.6347189770841 50.62591308772855 0.0
96.04641427389795 128.82451434178876 0.0
124.11038727803681 110.82429469582323 0.0
94.50008154962913 175.59226907912745 0.0
120.28221555497018 110.84634998742804 0.0
69.39405245093921 17.094933269659982 0.0
126.66953786277388 38.15415220020992 0.0
162.58394188212623 190.23742469701324 0.0
140.78208350207066 42.9960821621409 0.0
19.20065712939405 22.68473021270987 0.0
157.16748340892735 37.46864325163837 0.0
74.86074908727348 135.94791427653166 0.0
79.16661830034192 11.032777582010977 0.0
194.13503727365418 51.780729477864874 0.0
153.37804793500544 165.73785726025326 0.0
29.98377727696202 174.3782751522639 0.0
116.55932335174822 95.69557694501091 0.0
109.21814743925569 32.783194805703374 0.0
195.66949215488359 187.88510090225316 0.0
165.64950150998476 11.069029706741219 0.0
33.98375752168883 5.159727267083447 0.0
40.43921569178466 68.28434012736618 0.0
129.68767804394508 27.364623292873127 0.0
148.26377613841328 155.80531168569405 0.0
68.08503422459916 172.76396989530758 0.0
68.26102009889001 176.65863007606623 0.0
104.5299125834413 199.51522254399003 0.0
60.32529301933045 199.54041528309565 0.0
112.42013181820968 195.71693854366669 0.0
30.170600408022686 39.671152861129386 0.0
149.06581261625098 106.59600457961848 0.0
70.6825827352082 49.2905469962279 0.0
111.97330098775953 18.688829656518013 0.0
192.43160584084256 22.51032203546519 0.0
159.06134275741337 123.41049132181621 0.0
22.820798869420923 112.40704013443059 0.0
148.55286150698228 116.19452768365055 0.0
101.19456710702825 182.65112270917453 0.0
117.7623697827306 52.42538935340124 0.0
126.33451420751307 71.63221214398239 0.0
164.72552951589782 177.6745354888822 0.0
123.12133082133454 33.95519599309624 0.0
22.593901830091422 177.29019381825893 0.0
186.7428508670978 142.34520956939326 0.0
123.94465263884665 49.17989396619908 0.0
35.67987737140679 82.41397871511565 0.0
40.63132454437313 193.66398187900808 0.0
58.80309425085131 153.40401932344062 0.0
54.5285283554706 135.56732634644663 0.0
77.2658364161194 199.94115494013369 0.0
65.4998635953347 146.25551833873985 0.0
58.479129216756974 42.9899419123966 0.0
75.14502946611697 117.11092984937478 0.0
117.30689572997368 152.62068253011972 0.0
98.35849480227496 150.98305009834107 0.0
118.72088859319877 10.86070975912794 0.0
149.45888938818732 84.43659204951773 0.0
56.50635349832902 49.81664978503064 0.0
125.62459835009356 131.15992248692808 0.0
124.21109729876194 18.418616305972655 0.0
167.59778916852216 45.6854143775758 0.0
17.382115577247003 130.55114344463243 0.0
16.095573860180924 46.61238966655452 0.0
110.23556030886934 177.99978390577863 0.0
2.09356169543935 9.812419963559815 0.0
135.25732970819396 153.5565127321094 0.0
10.12369342926509 144.63574171790603 0.0
60.833204713420905 22.790881048712762 0.0
35.95473695190394 99.92670158349499 0.0
9.858917968246338 107.40814068403964 0.0
23.500407909525165 11.695092295939634 0.0
91.38219116279049 98.77954955355935 0.0
110.52669163938356 0.5794046351186077 0.0
127.68030822452103 7.1440493330932275 0.0
38.70639397391273 54.777052280192585 0.0
50.778303456231555 170.14475839380128 0.0
90.79564340514379 92.90563980960759 0.0
15.264540936856141 193.77757068743736 0.0
106.18354680917783 91.2985006883835 0.0
28.36184663342658 179.49336713894465 0.0
95.79273959149302 81.52669505279584 0.0
133.5640565478128 3.1093459982120875 0.0
128.2852402532114 176.4787781158114 0.0
100.7493621610122 154.34908140870942 0.0
91.75448521007945 167.11874132069758 0.0
173.53336811623 120.244871848015 0.0
48.56100408490474 47.081464795343074 0.0
103.72637418353747 101.3001771978624 0.0
195.69580029288485 68.55428102339131 0.0
63.110940824679915 186.22386896280466 0.0
119.03198647673727 10.432070030610108 0.0
64.35739347430047 179.21210047339275 0.0
87.051890228257 48.52261561846682 0.0
45.74641000136603 73.16773549352791 0.0
168.11331406539048 157.617823409413 0.0
178.46948693283656 92.9112816489037 0.0
175.04522370397348 146.5355559161155 0.0
40.62954720366285 94.35128765419097 0.0
41.839751923269986 29.775887099372866 0.0
68.66563181392257 98.7463979977908 0.0
19.433877861601403 73.22464112625424 0.0
144.777053849775 65.60507777488604 0.0
41.05078631704586 116.3761364194603 0.0
108.02407163778724 63.433323772300064 0.0
152.2974454463653 69.83611256150479 0.0
187.13357555443707 184.45455077102199 0.0
27.19144163901086 14.40488312373882 0.0
44.639998764636225 67.59002046154612 0.0
98.51682167131611 86.82988269444438 0.0
94.8430807301257 143.40222030879372 0.0
119.3850721165397 127.35567517990722 0.0
12.165746310511839 95.36759950500323 0.0
42.60407899105958 85.48877677538837 0.0
81.8469444556405 143.75921954545464 0.0
155.43438753138432 32.933507245842854 0.0
61.50577713469254 1.58387694977431 0.0
39.53867448814628 116.44426535737907 0.0
119.96490352526732 126.43236451105973 0.0
139.40692226165058 98.37865460288471 0.0
198.82268982855493 197.765549550139 0.0
117.26627406330368 79.02493662243477 0.0
2.6151894077099946 186.07305669803614 0.0
148.46125903225516 172.31636789151062 0.0
165.01054582738155 148.50537587267885 0.0
68.51642770180028 115.3340088121201 0.0
161.330075063461 184.99427766419146 0.0
21.57022115705629 32.03872634476597 0.0
41.79169138143659 19.540520217686574 0.0
179.59530997166397 42.96206460126621 0.0
45.22306933410809 33.26184277309103 0.0
2.797250781141991 115.12484067149865 0.0
19.593382978141662 68.95832520098486 0.0
193.80985390336048 80.24129430685679 0.0
123.56403806561424 151.36627267565888 0.0
161.78229866517782 114.30571073533847 0.0
112.36046296736349 22.93580938766009 0.0
57.1794342921254 167.94752066799177 0.0
21.61846630755866 81.88146008774673 0.0
64.09343854995014 64.47993365182387 0.0
54.460294143865575 127.41906790498547 0.0
44.091450924297334 41.356183310468 0.0
149.90713329979556 66.51639360997798 0.0
14.100422864529595 0.7865808606592584 0.0
64.83623133137458 17.148903718477793 0.0
110.55695733803279 56.55861672664963 0.0
37.04248462397606 54.966227903319734 0.0
43.02648669350664 116.64139956237062 0.0
13.565905777538045 193.43887494894255 0.0
172.72268412963444 24.94480137428363 0.0
26.297843591287485 61.96887703007113 0.0
64.83461229637548 0.642703269942424 0.0
175.9805154676064 152.11202481969116 0.0
58.29561284668616 159.758896392959 0.0
46.06586098279672 38.97347540801772 0.0
72.6045238416149 181.2530934536584 0.0
9.501407596928013 53.00259137049339 0.0
128.5364390484133 88.63375291337489 0.0
14.362299020152047 76.82685785546559 0.0
98.05665594098143 58.16332785589735 0.0
38.35021336531559 72.4288696501337 0.0
18.47812974829417 136.01069708660663 0.0
87.53155315337857 5.884383803395954 0.0
106.87932243319544 149.2445802721187 0.0
181.28873937698685 30.04353097471517 0.0
193.0257692780769 129.35080416027625 0.0
13.310023934799077 109.95132122744661 0.0
52.51539903799334 31.99531051724116 0.0
107.54491306203975 131.46764199903677 0.0
66.59410293413646 33.04393931777207 0.0
98.40366060942848 120.46104832073603 0.0
161.06468821519772 8.389011725391061 0.0
56.081023656068865 118.1146121922665 0.0
83.93883386452717 163.92180001846847 0.0
150.73594515306692 107.29631379221007 0.0
169.95828432012735 172.02911181675242 0.0
3.3604533358709165 165.61032587628037 0.0
9.838075107083855 192.28118936149096 0.0
6.5225087483363975 132.65982126210795 0.0
93.0611357022047 6.517217303341094 0.0
114.76926670771573 122.21575149288324 0.0
125.2801329363338 182.32383716736427 0.0
102.3286509200029 184.40038608980825 0.0
134.8591173677344 93.9410284214988 0.0
64.84874744788665 128.6581933611985 0.0
77.81388484877299 175.91893422509546 0.0
2.2660531576085274 155.20089285274793 0.0
26.386782541504992 162.3880854507235 0.0
61.49529648556633 110.77751882457716 0.0
183.71799837972617 73.5946949089132 0.0
40.48487529036904 84.03432416341772 0.0
105.55212015923135 151.39168265721256 0.0
59.28382374113894 86.39356926168117 0.0
29.6452585516934 16.66515980581551 0.0
89.11750409061972 126.29411735533265 0.0
114.51451493769682 24.21515293510248 0.0
97.07094201174071 77.8010059047053 0.0
71.39826653867888 124.3985043843153 0.0
111.83025710970571 169.00507055114906 0.0
136.7722027819421 105.88075676576906 0.0
145.03417697351642 71.29785705392055 0.0
177.49266856792894 90.13312047983138 0.0
13.139190523194655 57.52108295603373 0.0
146.6154017850818 175.84949032688152 0.0
96.30348550113608 115.15398931929697 0.0
115.16430430344467 190.2476725521222 0.0
143.6463512422105 50.11594939933961 0.0
93.60149353648308 194.25797931634852 0.0
188.34129776414565 97.42580375106051 0.0
26.476411380954 109.8914178419514 0.0
71.35269210322373 166.87346565548788 0.0
94.70833813633904 190.6187897141266 0.0
189.22734102803565 195.02332435564455 0.0
192.1831904020908 39.38105347714347 0.0
79.20386969369144 149.28312268163967 0.0
156.82212892480973 93.89035333946853 0.0
134.00450681320086 35.43602009202604 0.0
31.005963915012646 145.17027385697355 0.0
99.02523154273356 196.94758520829575 0.0
102.21595228015052 132.8227515097302 0.0
46.241999968165274 62.52355913734604 0.0
131.97819643630234 169.29837736097258 0.0
42.002186902264626 97.80828199424012 0.0
19.67529309111089 85.48566343679025 0.0
129.9720149189687 47.7777396592558 0.0
167.51558370941072 161.22408931981406 0.0
135.86227529834764 18.29525400813319 0.0
13.926792819054889 106.88466753290504 0.0
167.15621788422396 138.4618718798112 0.0
184.86751848762077 195.95092092285395 0.0
128.91508982528708 69.80762212084161 0.0
76.02648436380939 113.57218885100811 0.0
105.83824008460596 84.03384821777581 0.0
23.60613954667512 182.35025037150012 0.0
71.10643045698801 17.930842922552493 0.0
147.36370485044623 154.1593061632504 0.0
74.13846520663006 132.2591718238065 0.0
56.80923694237548 115.58843850240137 0.0
32.24278921380195 150.79703527260398 0.0
99.93705509226858 44.6347074324422 0.0
105.24735936284841 136.42014006224738 0.0
103.59322766887703 177.56416667974952 0.0
167.54256779136082 172.99462219200262 0.0
5.558501048962694 197.3970086703093 0.0
108.57358657518652 65.02751732899901 0.0
10.65253582774739 139.2623166312645 0.0
190.670151841361 41.43355431528235 0.0
116.6420054066952 22.906723447108025 0.0
72.20314163227104 155.44084458535616 0.0
50.46149758619707 168.93056959634333 0.0
164.40918737650273 109.57232821923613 0.0
31.23286655550368 132.86406675407324 0.0
131.8257835806068 2.8037483094877524 0.0
133.79518016884816 199.98502508943346 0.0
169.13122372268188 196.4130822364532 0.0
164.9340055692645 23.81894753846936 0.0
191.28500021033793 125.70038581463979 0.0
84.2252575131896 62.551074761639924 0.0
59.216064020291185 46.67101436363153 0.0
102.38552300484986 170.1193023202801 0.0
29.907764443708462 199.93937920492118 0.0
72.24723497553775 32.54577056886583 0.0
167.57997130645035 98.5243407976044 0.0
50.953675228674065 105.10405417484886 0.0
81.77030851661013 1.871406210192439 0.0
156.695313239147 102.20796296263089 0.0
68.46810545269327 125.35110974450933 0.0
69.28562934014428 119.44697018991171 0.0
122.05620517353822 152.64674801685305 0.0
131.1010333095608 125.98242297989368 0.0
158.6672898160994 167.85904880190253 0.0
193.3861329891711 55.55764356680617 0.0
145.66296835529806 4.819035351736689 0.0
122.65208364593092 45.66423735906715 0.0
67.29549926967519 23.01475608889887 0.0
32.872450706672666 126.94583920162653 0.0
173.21343726780972 62.701402038827304 0.0
41.407400882582856 48.70969502890139 0.0
154.32423850543012 6.178420874720825 0.0
60.0637611597572 141.45549299110255 0.0
169.62822336657803 177.88139308424988 0.0
27.424919857580953 163.6199317456817 0.0
7.990069655618215 152.8504032522467 0.0
64.56125519180827 157.27456644606917 0.0
110.41538430739588 11.300739651700686 0.0
93.45812377408078 46.30357059692534 0.0
101.25156392383504 76.43584221566353 0.0
95.97524975856335 50.6270423869555 0.0
80.83371317632475 103.30638523667388 0.0
10.877721899016034 161.32463855806992 0.0
17.447913919698177 148.43361125800232 0.0
67.4554756640238 124.05330055706378 0.0
143.08574297452702 143.0789096743203 0.0
136.4746637394362 11.941962547666417 0.0
105.31544413589877 117.4558281005643 0.0
42.68087953926012 134.18512167516397 0.0
156.69681145762675 78.84468909569546 0.0
127.80076494697788 122.84632665768558 0.0
73.51829053402297 133.48415571362887 0.0
78.96511733946106 167.921557273058 0.0
187.2364368069015 160.2779488980455 0.0
144.70314345997352 129.50164913874718 0.0
84.8494851878143 193.76923386078704 0.0
149.1340514900835 45.91194513207819 0.0
188.53817190816338 54.4990463537715 0.0
184.70881116913787 177.99638184072683 0.0
160.25871546016012 76.77934272572347 0.0
114.83142448710343 182.25230319382533 0.0
93.57429947434139 27.075174196392403 0.0
49.91555256111053 89.31144284261362 0.0
152.8629742909634 80.6047138497137 0.0
173.90906727582504 79.30134748644026 0.0
99.14153429750677 29.42976369361805 0.0
93.0454579775365 191.91089838311854 0.0
2.096378522763498 132.2235914287756 0.0
54.5577749801125 86.5223624713663 0.0
179.51400992973453 184.066827719684 0.0
140.31723549338287 176.56162286952048 0.0
28.155391212777126 84.03641598537364 0.0
78.83517701406326 102.25726322921138 0.0
114.21981591632333 9.016494024854161 0.0
38.79370928530892 177.2882469535651 0.0
76.89572932857105 64.07427369675105 0.0
68.24684590669644 147.3389750716553 0.0
165.09729582554087 172.90797070435832 0.0
125.8605823001873 132.3695941396971 0.0
175.33714956267045 196.28794912211737 0.0
114.03684521180462 189.4484744683597 0.0
187.7874064710882 22.07623727803869 0.0
168.49285172308467 129.282860780145 0.0
7.932398133662977 57.32377676483029 0.0
84.84402490853616 47.122698832211896 0.0
12.818350061566107 171.10862142658553 0.0
169.96503701118598 87.50181889829305 0.0
173.75660522595342 86.19257109727114 0.0
194.38028701659803 52.319587095474105 0.0
181.43873645976961 98.23762781132592 0.0
91.6615329970482 183.0552773233499 0.0
34.773286256090906 13.237852836294639 0.0
1.7870627764206448 0.44649885330465544 0.0
171.35554242038978 136.98615369147197 0.0
187.64328806080374 68.75200160159449 0.0
15.333303633513484 24.809664507996978 0.0
67.32626435131033 166.75826953687383 0.0
97.53309369651046 105.47143839428239 0.0
99.62710646365363 193.97845482707837 0.0
63.06295269374842 30.050185639102644 0.0
136.06197773390463 18.031124060567173 0.0
123.20934731429286 64.7739305258766 0.0
110.03375845099302 177.97548684137587 0.0
31.297479278313013 46.1974242224366 0.0
172.1891016994274 98.41874365840188 0.0
66.28568649518914 147.7773499426966 0.0
0.7612344704135632 40.500308613286926 0.0
193.21625075388297 168.81322310598844 0.0
16.665230780497776 18.396700903568643 0.0
136.24653383728509 49.88620138704645 0.0
15.339310721646315 143.77995524400563 0.0
147.83582983044465 43.34182666059667 0.0
90.80198859610587 125.70151441285668 0.0
186.76496096244207 23.02697061310459 0.0
72.12172811101966 149.66251331389927 0.0
28.017207243668828 4.405262767037121 0.0
18.4721139798572 87.1706082653324 0.0
119.15061365188342 64.33925543649023 0.0
26.172227823418325 145.8723443286164 0.0
170.64347395366076 99.24181378974988 0.0
89.5884898488221 60.3893635620361 0.0
121.79615898910163 40.96310574714723 0.0
27.500654687233727 145.27555762892752 0.0
59.124121870099074 61.69377048322762 0.0
137.51141576797588 184.0515844089701 0.0
80.77851541820303 142.32879362618723 0.0
73.30543860051833 12.062007735384173 0.0
198.3822582262663 153.15077677097096 0.0
53.040345444003776 165.93957320072326 0.0
146.7711363115594 101.35527419541116 0.0
101.87866370371712 118.75002925906439 0.0
32.4809866869769 36.85497871454266 0.0
7.6463379493934225 197.43009129340587 0.0
93.42354387988973 75.9635896325891 0.0
25.82997149219608 87.92016199774922 0.0
65.04520902046697 101.97424239925952 0.0
108.60149904488419 73.43243421691028 0.0
152.36443021224207 132.31146953063697 0.0
152.2855954707921 22.584170245881108 0.0
192.63506912681333 103.84969428718833 0.0
58.66164202968724 46.66491986691308 0.0
59.984544630739364 121.1553666227249 0.0
87.71869456744945 79.0955359219591 0.0
111.2273156046873 36.82382939247548 0.0
42.95838935324934 195.1759577318737 0.0
101.15557536908364 188.74618850203663 0.0
75.06732910176719 86.50769228881863 0.0
105.96082104028879 6.055403576774054 0.0
115.75705617668245 132.0160527297409 0.0
185.0413684393196 13.664956907634096 0.0
160.7962658970321 166.28631347101773 0.0
184.30252078922078 114.7274581378093 0.0
9.7364581414787 135.96688041718448 0.0
38.15765146271674 111.00468649758473 0.0
39.558871394942805 156.28179392444304 0.0
162.78999602410454 33.05457824990572 0.0
140.44695324119365 32.23378565594677 0.0
49.836544234511 195.30467742790313 0.0
74.11537323891513 92.86829415711789 0.0
167.50698020997314 165.4958004847423 0.0
28.60296585196227 2.0078847124987753 0.0
155.2521206559116 43.643509188115814 0.0
38.16370299157461 55.15548834644228 0.0
58.44801825059207 182.57926650081 0.0
12.8662298018406 149.80406774129986 0.0
191.1632278071928 150.29698514629771 0.0
179.73919300174558 125.17933799778294 0.0
137.92854703693126 133.74499193623888 0.0
175.7760030051856 107.48110695981876 0.0
9.529878949340587 114.3672481991632 0.0
52.83937733944604 67.97812712742282 0.0
153.19661919035735 7.611926569623262 0.0
55.482489051950566 3.8501421336416763 0.0
84.15938599493786 151.78936317365986 0.0
14.930120640365363 185.46000413863433 0.0
53.40254618235056 56.075586866660856 0.0
165.93977937286897 178.7778425571405 0.0
195.53857058750071 173.12156402390707 0.0
137.98936799170178 47.968228620982714 0.0
11.082710935521444 48.64250403246038 0.0
198.21443961169558 70.69037260676292 0.0
29.008229760762184 118.52546892050697 0.0
130.74472628979152 57.45050682242254 0.0
68.31376499297133 73.40774931582328 0.0
25.56615962372213 156.38456585066257 0.0
171.43615508398037 91.34245382548994 0.0
119.76115679036153 46.13849630512059 0.0
17.693515495067324 151.08175733361256 0.0
84.95654751836837 72.05239455859547 0.0
41.544921497902855 81.67251298189593 0.0
187.03499375218598 164.6438799258454 0.0
178.30469767916702 178.4727285330241 0.0
157.64244395169914 94.42514704638134 0.0
139.05072835618714 121.36175965835108 0.0
11.750585286255767 163.37714180592087 0.0
176.8179336710151 167.8308479511507 0.0
21.509945865144587 10.943428011062672 0.0
47.76950440656027 161.80491792938267 0.0
13.85577280135748 21.19539029728803 0.0
93.890065832766 198.46054923558964 0.0
97.8054011373329 57.85933617653116 0.0
77.84657263756264 15.968963302179763 0.0
47.112450023874274 125.18540680327146 0.0
186.01418778809708 147.00715198256773 0.0
64.91961549937702 55.176944836567344 0.0
82.26608523504326 156.04421379671115 0.0
139.27851186002104 55.48822224722745 0.0
42.977556919018234 112.82397469646457 0.0
61.88155553226642 117.33751263075301 0.0
32.796484341115814 8.129155949778056 0.0
27.077352121939757 79.07140451801908 0.0
91.08368314263546 104.82636318591652 0.0
154.217757804267 168.5554801047444 0.0
190.52828081612972 35.355153867952936 0.0
83.61123379691185 106.35540189886197 0.0
2.294823956074632 6.238702427711518 0.0
184.83371157570286 141.7116600188564 0.0
156.1603307004432 150.8573660331164 0.0
85.87477581773307 114.60011835790571 0.0
19.451137344455272 83.64080552005777 0.0
182.57347728308687 189.70976785352883 0.0
135.19091498759786 51.998135704717875 0.0
120.0247384524761 91.95796884954714 0.0
57.72274787209468 156.71982971282284 0.0
151.1137530956778 88.2026095785421 0.0
3.1698635004423714 117.24902614051163 0.0
172.06245706993047 6.099735046103749 0.0
92.45097010125154 195.13402819970713 0.0
110.84868602910183 58.59411336768794 0.0
6.167940564954 157.13782757465412 0.0
1.585090007668155 151.31939067268917 0.0
193.534940188241 158.89455471517414 0.0
116.42165033992804 90.22352679611157 0.0
181.61979138783434 160.66675932897886 0.0
146.26197218449568 78.0241855724804 0.0
16.519910232043355 148.67161322982392 0.0
22.560249452701655 90.637970672379 0.0
34.69664746111778 28.60807329692896 0.0
154.69232512085986 158.51625453276685 0.0
10.543472616515448 182.43112955389665 0.0
20.870774574136973 42.85963378958255 0.0
55.36508840975376 135.0834028753696 0.0
195.30056583513598 92.97194016119039 0.0
53.29589590563706 164.808283336193 0.0
20.248410518644235 198.55383402020973 0.0
111.28808393737492 8.83302037039262 0.0
38.92543696715936 109.52517183848884 0.0
73.15091552882365 65.62407279774926 0.0
193.5594055086156 186.00421960827506 0.0
1.7245581519158115 75.58127393664557 0.0
62.75927659285123 62.36104980401691 0.0
68.62317422678272 173.9512134346514 0.0
63.25144629981203 161.80134055378866 0.0
107.58376102105527 52.90451757802606 0.0
173.2935860063068 81.72597193000834 0.0
185.30855863739743 144.13560710431906 0.0
148.54853139119882 185.15085649248084 0.0
122.79065198624404 39.007675629170976 0.0
195.92725416633127 79.76046863213114 0.0
160.4637059682688 0.17961269418558246 0.0
46.88655535736488 43.707621396668664 0.0
102.11858197540718 186.81577163685867 0.0
128.89357175181817 66.06110880427303 0.0
95.38092564528449 114.89338905977651 0.0
72.24586875066743 9.841892128674612 0.0
110.64552503668182 104.78667183923048 0.0
109.16237713167824 76.8775781501163 0.0
165.7147726309422 30.22056080262172 0.0
23.03704598274694 56.24392650465768 0.0
9.99004599550062 175.8512226602217 0.0
187.97355213033185 171.85134197327125 0.0
129.91652773260853 35.144443302333215 0.0
102.19615394475984 109.77319256829223 0.0
166.48336711609014 35.887114373494896 0.0
63.658086214835464 2.201995288642755 0.0
145.93285884734425 67.58108204363178 0.0
62.14571950330339 172.45848304436166 0.0
116.43366801562993 103.13268462593643 0.0
169.40302682243527 104.26766612320047 0.0
56.32486034894855 156.6653739450931 0.0
97.27768118079958 188.5551223990315 0.0
73.63894753947133 99.94689413722884 0.0
163.61648826101862 122.30563298335527 0.0
151.96378181675567 71.8364825170295 0.0
56.614551469518744 186.5655977297719 0.0
14.304672742745028 158.3217553207858 0.0
120.54904137160447 14.459476163512663 0.0
74.45965672288202 95.12883392678675 0.0
199.3050706176612 75.12977557971992 0.0
124.52244086874356 150.5534625338393 0.0
168.8276876777826 145.79897304683806 0.0
167.47907224199935 83.0749192099177 0.0
165.6105738663295 121.69102546863917 0.0
45.46594950486613 136.47844658743728 0.0
175.5586671955525 22.33899001757884 0.0
37.10839361834404 34.62619715609274 0.0
86.03831870313876 192.84447034979524 0.0
1.4604933559311029 68.68061563518579 0.0
123.65539452555507 69.94363925050757 0.0
131.41859335695568 31.49824711228646 0.0
1.2780581862907647 85.27359090758948 0.0
146.08223662204335 147.07607212672045 0.0
80.04772024708406 112.02193064508835 0.0
199.3880418872213 67.34655116871957 0.0
15.598069651956227 126.18149182212073 0.0
111.44352859465457 64.28148300812173 0.0
102.42877796319915 49.92118269958308 0.0
139.3394174163 132.1790713613727 0.0
56.35690548728158 72.12302562307815 0.0
195.82053380974494 33.172409246535864 0.0
82.19572577503706 99.92444494444155 0.0
197.04706330829745 168.4118806571455 0.0
162.28714233709002 185.14405692716184 0.0
74.77932367235887 138.03782699551317 0.0
171.2405337561658 190.75814059589496 0.0
123.67095815734604 164.97411319325755 0.0
73.20731048997406 15.134093973872309 0.0
170.95683351175765 0.7370734626350073 0.0
90.24714855681997 175.51627294618078 0.0
153.67366116313042 105.86851786893858 0.0
143.81833494614617 67.2985717439814 0.0
67.6528036692156 3.2655257918636993 0.0
66.1512597245522 161.9073192146994 0.0
112.87634880318262 139.59376304183135 0.0
54.24067736332485 183.65696738192668 0.0
1.3890355620324923 158.13516406579967 0.0
196.41887221126862 114.73018666896913 0.0
16.810303920370686 185.83486732423742 0.0
39.948446308030384 117.47310522213125 0.0
118.59213646008567 167.97637591411268 0.0
87.80003631305347 134.4853651704926 0.0
169.52005815652277 45.827917642674485 0.0
13.756761866114498 29.523803828284876 0.0
31.556130112094017 65.76716426414345 0.0
67.21388437845424 66.02764648405301 0.0
22.974440072134918 132.80535269832833 0.0
2.518554123047334 85.11213740896947 0.0
58.84101606083374 77.09608442750458 0.0
112.42127635780088 141.16654301543733 0.0
107.24178203716848 188.92806686918254 0.0
171.1871009392962 180.73163240178658 0.0
185.26366521529144 195.86507950925787 0.0
100.14128548561645 9.120736082969106 0.0
191.58553376253644 5.110602260596742 0.0
156.90055456677618 79.28752704810611 0.0
26.63724329747086 14.838547784076738 0.0
19.267809777416 158.7327921860927 0.0
86.63655790902702 10.145613909659247 0.0
85.74465077299884 82.7814639244259 0.0
134.41540519057517 2.4448274172488738 0.0
46.84249443935107 186.3503358153608 0.0
147.79830050896734 45.53393992507735 0.0
94.8499409159818 21.36576858443553 0.0
25.397539723132347 67.23636809993437 0.0
34.440258322577066 13.280029025775208 0.0
190.0411518705103 92.42646305804752 0.0
32.479700403410526 187.67364404463856 0.0
171.65129450474046 101.41487779454674 0.0
2.6237093585813387 6.7205329067878905 0.0
174.24221305158974 167.08405823296596 0.0
58.7648435483026 95.33146556006528 0.0
35.808614154400466 44.82762028235685 0.0
91.122594585853 8.080698352900505 0.0
75.22668373564684 51.261840845627816 0.0
119.7420384878001 190.55946817002715 0.0
86.89162435512586 60.84116810046385 0.0
62.394651660518896 122.58931475012909 0.0
191.6672430583654 173.92399098626598 0.0
117.35130896397379 95.76706659474128 0.0
181.82447437639104 65.49886255615573 0.0
106.22401193167548 174.10255818402786 0.0
7.99749467625499 10.695393727051705 0.0
48.04935686639966 14.049041848247557 0.0
147.78750477077844 101.36820642964936 0.0
143.01350856299555 179.01548417581657 0.0
168.4958848792235 17.45632443780869 0.0
32.694840181327244 173.4888624606532 0.0
50.569973585791715 97.48442168172235 0.0
73.42701444936561 43.183746785439595 0.0
173.69627679668616 164.4864922852523 0.0
10.361898361728873 40.17539404663659 0.0
84.07751259198393 6.796494634775274 0.0
72.0381798014105 135.76182799334126 0.0
59.28139131390893 187.5646217056735 0.0
118.73815529270118 78.83921295918135 0.0
66.15066160730878 162.52188580953964 0.0
72.64175524142142 43.86405903756536 0.0
167.61546613125512 122.42983881278013 0.0
33.763392028728 90.0148328997685 0.0
175.85066284965686 144.81617175167375 0.0
42.88374064344194 61.95455221507351 0.0
172.07227652780733 139.0111602497879 0.0
191.16525805807464 2.635031911791774 0.0
17.36882018411745 99.16389586824192 0.0
95.8666513592726 19.872517048870563 0.0
164.31484989052458 141.83127545155176 0.0
62.548170057455785 50.96356627668197 0.0
145.71559178588262 97.89687921704207 0.0
136.38614355326462 103.39894670949651 0.0
64.68306972446996 52.99087959269515 0.0
108.69169089632462 114.77252877496291 0.0
39.34578516032767 186.24615651006783 0.0
189.45520237081251 171.27116498375068 0.0
65.84545203143786 144.1398718671653 0.0
82.7146227905442 51.67055885557108 0.0
154.87597982781685 4.333929835101724 0.0
8.772216619802364 122.55130759605859 0.0
69.87132404518617 33.84157057692787 0.0
5.761082032814824 100.48820240879583 0.0
149.0505183025622 126.51168002475175 0.0
12.789109417255307 118.25510151547707 0.0
128.8796628786284 16.736267125809377 0.0
187.86481155135996 84.62663911698591 0.0
3.1122636887746413 109.4506955565927 0.0
46.03586785193197 111.1471188717605 0.0
149.42085238339794 40.91034639212321 0.0
116.647925708555 194.27605272663712 0.0
34.734409389137966 90.39134517824017 0.0
113.35760982269932 187.6088020582581 0.0
170.74760236609373 99.87722554062977 0.0
86.51041660669082 176.4098666863549 0.0
32.66956160058745 26.957242382309232 0.0
84.72056239586401 75.48547389796829 0.0
177.13125418894913 55.57634023758271 0.0
90.9666118422084 11.461098142565529 0.0
199.2723517802174 119.94063835589847 0.0
18.243073449996338 21.818642861564964 0.0
54.37977203352975 158.79648546370834 0.0
150.78486678199656 5.587137674087783 0.0
36.05186085105936 10.465222821990183 0.0
199.1080354217975 94.36975015849657 0.0
150.71363938485362 183.42967283364467 0.0
100.58671557575994 77.42908705803356 0.0
157.41005123579552 192.932664927059 0.0
42.012850372114215 10.841726804501484 0.0
152.1559048802427 140.9618399288934 0.0
106.56176248793321 68.27205334523265 0.0
67.72248401780014 135.15902739867977 0.0
54.813274952519244 49.70452387791735 0.0
32.592646254131274 191.60662868710793 0.0
37.95453031256781 154.51250024521133 0.0
186.91759033326343 47.10744126172357 0.0
111.01736240841178 46.530908072206564 0.0
88.66010397372143 18.48845063559721 0.0
64.97953404362245 91.33902678671362 0.0
59.71072810019087 89.62316986658467 0.0
128.78573440081254 129.74875281230055 0.0
119.61470114264597 181.28114690895157 0.0
105.82084275768283 66.53276813111111 0.0
133.64924401420083 64.57739736396238 0.0
104.09446087756822 99.71610065090736 0.0
62.34223255996778 15.708447427625538 0.0
195.372339767014 193.29364694365805 0.0
141.12485387329986 77.82593147440193 0.0
95.7168031278816 5.025207840876678 0.0
41.66249464597309 95.31250588494508 0.0
98.37497231217647 120.99878493887897 0.0
170.50954477028088 116.38913929584153 0.0
9.680010334031586 119.94184232941723 0.0
46.08551842268109 121.8967462118131 0.0
139.60723214454768 92.79928363353656 0.0
161.57125410039563 131.25925682353653 0.0
80.85352757221098 176.88612206618342 0.0
89.17575921691432 161.04927481483838 0.0
73.78506141043334 28.96162282870538 0.0
10.325595978171464 67.24147884245997 0.0
199.32473554088926 157.86105907278193 0.0
166.6804365662909 189.15312554960067 0.0
67.82756078767609 64.85995887008951 0.0
118.479879580211 131.23489387062824 0.0
79.21858443897622 198.73513639884976 0.0
169.57825729657696 168.28953361024833 0.0
