180.58863911329797 125.545560537587 0.0
198.79704657756474 126.06747282282609 0.0
139.53780482706176 185.31246310315794 0.0
144.91770334852524 63.93961595949791 0.0
142.10137553420242 7.9920706269583475 0.0
97.97684960869574 138.44328212727456 0.0
75.10842810314402 65.2334859934429 0.0
97.96151646070588 169.7912134435809 0.0
175.4361605433395 44.02641910367737 0.0
64.03113237374922 3.4792376675453873 0.0
99.57992847497043 138.37553058977088 0.0
94.18064745669822 0.0659264466559506 0.0
174.03480359976277 3.623759570121843 0.0
124.39258066808378 162.7874433523796 0.0
76.27498714660877 54.11917816019653 0.0
198.3337690768431 167.00281521621548 0.0
93.96906266333546 159.3340570956048 0.0
12.12944642728322 70.50415582075078 0.0
89.17054892809826 99.20880315652634 0.0
193.47352672264643 30.01524642377804 0.0
154.57484596628316 176.40756495038792 0.0
150.31081537735523 126.74108093569923 0.0
90.53519292103663 151.3363188712639 0.0
81.5532517555529 12.619942626696524 0.0
54.381809948056436 165.1883473457968 0.0
80.76886124426208 128.96874402556318 0.0
37.69002805202162 146.94605480466535 0.0
183.50880577894816 120.50129111228391 0.0
12.494628790251582 162.18212855319592 0.0
109.91428913010562 170.23831277929332 0.0
54.049386282992806 54.667135894158434 0.0
136.47174398207892 114.61714835232415 0.0
95.58215212875061 156.204710776619 0.0
194.2613114792617 163.14795144413802 0.0
199.59754534932415 195.77950502555476 0.0
135.77008173707216 43.252427705041384 0.0
140.6307725734277 26.01720091867794 0.0
138.31827430516896 18.460158248075096 0.0
85.95773448320291 3.119906824244345 0.0
19.372916602735923 86.92663953737019 0.0
33.61811977480358 5.854316926751979 0.0
27.500326274898313 157.27614830400108 0.0
21.20967732488779 159.83408590451106 0.0
42.435143732722324 120.06174144005708 0.0
154.26352336740086 145.2519855468741 0.0
68.72025577278842 85.67365494189832 0.0
19.611915048568363 109.38136111296606 0.0
39.598530252781636 43.31644833692687 0.0
47.01128255302687 79.58054538568382 0.0
61.313827445513525 10.71436222771971 0.0
61.38518327692894 178.19797348550046 0.0
122.70534339131991 190.49332290794104 0.0
28.40315038106698 77.68971793403132 0.0
170.95583722718345 126.72719707394786 0.0
37.713051538468 2.4253083589939717 0.0
111.58091266692978 163.9248572221422 0.0
90.99623291167174 183.0716917450409 0.0
129.2231383706884 50.77376373602529 0.0
66.1161062922563 0.1093461438134824 0.0
145.54118233630874 102.24481086581616 0.0
113.9825310148699 114.94849285103092 0.0
31.46089473679108 136.20215953042637 0.0
111.35591756662421 80.27754203611777 0.0
173.28169848122707 34.451059675332374 0.0
40.6663771455555 45.689922537105666 0.0
155.60828853520502 43.19541135519944 0.0
97.0250508649514 30.299404239383975 0.0
68.80414803272075 24.166198008252927 0.0
132.95607084330294 20.96833539359617 0.0
74.63998794299333 195.22077333886608 0.0
142.97935395423627 72.93698736544916 0.0
171.03677043153354 58.0021143895 0.0
63.025892281268185 39.05646276924324 0.0
185.27953771953366 0.2862131153571479 0.0
13.76877869950308 134.49162571877886 0.0
94.80483223867355 81.93488032371974 0.0
52.30479910324628 55.67455007695117 0.0
25.641018476518962 165.91020635146663 0.0
113.22298395100026 15.453070980192063 0.0
110.80749582592138 39.59608419378136 0.0
117.9480112051174 30.793083109463424 0.0
4.4551541135166906 86.71119831694183 0.0
10.347999018758248 105.05731578038701 0.0
42.25724712818071 16.386960467362186 0.0
136.94776634800985 183.79729582086648 0.0
14.53614006186703 133.52294898123833 0.0
131.69013264669957 131.1593913591348 0.0
75.83819719623163 43.32148934492521 0.0
88.03950341347615 73.41977794464039 0.0
53.145459764293165 122.94197886602691 0.0
105.32345321446839 86.82732990340219 0.0
134.63945680444814 164.5047827983688 0.0
81.55966231069547 168.84739129543993 0.0
21.90891285917216 96.21342005433242 0.0
91.6170295495211 125.06358721085161 0.0
110.71987650029811 22.15295150516492 0.0
37.4114422826171 28.408734149170336 0.0
128.94310908579487 186.3614851150426 0.0
85.93821188404587 63.0601326632561 0.0
104.96038264262579 63.06074031505899 0.0
121.29468824954878 52.24843854446364 0.0
165.84770949409193 2.4708181105322913 0.0
28.448224295638468 187.3935036463941 0.0
71.86016754286466 120.42315208612216 0.0
99.35619776327256 25.394529469306605 0.0
182.21961086062538 10.024965778115003 0.0
6.146248328522774 101.56603587130996 0.0
116.93294190443856 174.91733709641576 0.0
21.416688245649596 117.62510842418487 0.0
130.3453802262971 36.2082464641118 0.0
82.31831830807536 7.299559282924317 0.0
144.3595836704211 148.95097531863973 0.0
92.93068877259059 56.540591815610156 0.0
102.72813098722568 79.07721764834716 0.0
138.5472542390417 60.987739718442 0.0
2.553351241575963 37.98344813553434 0.0
45.83554094305637 40.247762201046555 0.0
35.10515490482271 49.5080658314611 0.0
164.43986488335293 96.71341113583762 0.0
125.29396388240998 132.82595078748446 0.0
168.4458908131392 6.061900092006378 0.0
197.6125089171012 124.8260764094799 0.0
80.2276990619945 57.237071124286445 0.0
116.08675453026423 136.8269181260183 0.0
4.549759577341139 121.63324092528586 0.0
46.752813002718696 43.023511778382904 0.0
27.39757330648771 124.36283236275607 0.0
173.40320825588768 31.84891943499826 0.0
181.86257944744887 14.903951893421796 0.0
60.82255185710268 116.47213128903013 0.0
112.50814645385421 190.0880399915297 0.0
104.45905433761618 196.94332187750504 0.0
79.99537926866871 109.30197904258365 0.0
31.45506957693587 194.03654867485312 0.0
39.348758879812195 159.94286693438607 0.0
125.1862445691107 133.62896028660057 0.0
98.0933498612287 80.57793995747255 0.0
133.93555756292966 50.49474848952511 0.0
114.59682335535166 29.926068824000353 0.0
94.0550051342868 1.6810368620481242 0.0
132.30110326721427 101.69131856412668 0.0
148.94425314936922 132.17198846945163 0.0
162.13000459294648 128.4432060979433 0.0
77.40224549555757 19.336561506864403 0.0
123.21083949956642 192.15224912891296 0.0
58.38411489768811 37.694282698426875 0.0
131.1494252937195 164.6535342893517 0.0
193.922569743551 31.82251911288052 0.0
183.4496500363906 38.22509085030808 0.0
87.94921441429766 162.76783703056097 0.0
33.27014023216606 174.63184772790623 0.0
135.97810679919806 2.113046216978942 0.0
65.56225659412418 100.40011439442003 0.0
119.09011808050923 187.89055863313368 0.0
93.73518622521004 106.75152386878939 0.0
15.383501773900488 27.821873372641615 0.0
180.34539803143255 74.53944663655628 0.0
43.0324702425688 137.90193808978964 0.0
51.90938544720511 37.694980449569336 0.0
31.322164179268984 138.13624860325086 0.0
25.7901236842474 23.10362029176394 0.0
79.50505571999014 192.27762411117445 0.0
196.20919652660933 60.497856767676026 0.0
108.05020916945615 174.69864447537805 0.0
136.78825515764893 142.86493579140898 0.0
132.83361129473462 75.07479706844752 0.0
168.62483409931392 136.03312084760228 0.0
100.04415919536874 110.3424328660629 0.0
115.75926742442452 185.5138762904754 0.0
108.05654930048279 103.4347314322287 0.0
23.99096168516708 49.34136163643195 0.0
12.248828842738346 9.587861254757124 0.0
154.3537961217097 197.5648442574122 0.0
159.71898069371912 23.5487084667106 0.0
79.16211150744816 62.21352611135686 0.0
133.0814676839159 84.80447438079999 0.0
106.39009491123352 95.96747692248651 0.0
96.00113367064998 12.993566443481663 0.0
137.24921211775515 103.43236788836494 0.0
27.848588385717154 151.9463404290734 0.0
22.179624462600312 45.829762842870856 0.0
10.837568622720916 78.34312870094655 0.0
122.07332827222899 188.0788061210001 0.0
190.2315653339978 39.766265817839574 0.0
104.39807457338797 56.6592213307713 0.0
66.68329294533409 126.96174764005612 0.0
7.992983490764494 7.3095044917444785 0.0
199.49739376438185 156.41524003223532 0.0
95.65801439654007 63.52842213712122 0.0
0.583163081486826 41.886263096763024 0.0
180.26126064221538 80.01185269364579 0.0
81.09074979411884 67.33341825706374 0.0
157.93949464057323 9.571049022618183 0.0
176.2007294689964 138.70254612668944 0.0
11.068921347140037 107.74268851694664 0.0
18.263680249732396 188.33884301922262 0.0
154.0347713811037 96.21478609874514 0.0
54.46277915269731 33.32295197439692 0.0
86.4298125567857 24.35693846799012 0.0
12.399117819731975 147.8201634195778 0.0
91.16346789863354 17.557261862992178 0.0
5.475915014558863 199.57088753541618 0.0
169.0648353725286 81.73242413807588 0.0
139.68450423345112 21.939623200078763 0.0
136.91437547353885 45.29134918242901 0.0
34.37129376277468 145.47876194912936 0.0
32.44066846854514 162.99715381057158 0.0
101.79177212957977 96.75253897302183 0.0
67.67018422122663 80.5859652527615 0.0
43.733872063584656 187.20557480449577 0.0
151.11953757320973 164.66528542919326 0.0
18.21988635906786 61.14953240767713 0.0
59.671349368751095 39.32875174340915 0.0
105.27236789350023 49.48035844264851 0.0
82.57626956559332 139.08802528146347 0.0
57.956298203980026 184.52779581571411 0.0
182.87540342736511 187.13678064585247 0.0
63.38619261837739 171.47778695288176 0.0
25.63888538965564 138.62571557548557 0.0
158.11341937966287 83.0975580730932 0.0
7.767888369859688 90.54159003986553 0.0
43.28560409037618 47.03211619199272 0.0
90.7089748128535 152.94740059601736 0.0
127.19650059424323 128.73010035531664 0.0
185.28122273751524 100.7547981128946 0.0
86.32133477913484 178.09580765663225 0.0
66.91810574164201 180.86402179997015 0.0
80.65909156827648 4.253507995215222 0.0
109.97772993958166 136.4205087501149 0.0
185.17994373808102 70.34897520665457 0.0
121.37651857117176 128.10161349370287 0.0
6.402346589157659 159.10242896401004 0.0
26.65306071372462 181.76078832286507 0.0
41.601150892557115 149.86601491970092 0.0
115.67035679154243 72.42065094235379 0.0
107.87441657810781 169.22808041912197 0.0
190.51629114465115 166.52050596914555 0.0
119.27335029661745 129.74555856512313 0.0
74.76368879826461 87.48786443905037 0.0
22.42620813562517 55.174766368887454 0.0
141.10292473900415 144.1176486107588 0.0
14.56366962365121 5.610112467598505 0.0
193.46154977754819 66.90671737783968 0.0
62.57973415193663 62.22914938777 0.0
0.07704568106736698 134.40554456180953 0.0
17.73868462083805 108.88152969912261 0.0
15.590280965811054 39.81285738783191 0.0
77.8653140965972 56.548511120018844 0.0
153.07890690166766 47.4531025027936 0.0
187.3321364210803 96.73862521566672 0.0
71.05140260460708 119.4407490032115 0.0
184.88385304412137 141.17429963966117 0.0
125.77414197028716 154.74937301512438 0.0
110.31588412205701 7.663196616128243 0.0
105.9052695781606 76.0677119899902 0.0
63.2504918224646 145.83715221117956 0.0
114.26092467590682 24.238683991588637 0.0
170.73029002431574 161.480627519526 0.0
90.64075946575198 175.7417183454201 0.0
165.0758558511231 94.45966618678676 0.0
79.99127573740783 85.59259006235497 0.0
199.43037573629087 132.8013973328296 0.0
41.78725242695365 176.19907821362523 0.0
35.6411220399798 4.263206422429899 0.0
169.3627555724329 42.12489480260795 0.0
27.603900344566302 76.76972953967125 0.0
142.02515116184543 21.378318559537778 0.0
192.9232251929805 20.384937011816984 0.0
68.13684538354592 195.75598735154674 0.0
116.71770630785039 136.02558158292334 0.0
93.95115417060909 25.93654726735477 0.0
63.62637113370404 139.91137317117855 0.0
150.84024207954783 1.432714955918657 0.0
87.548527486349 107.78631426963503 0.0
92.65462145171371 191.17446196433775 0.0
123.37617650679402 29.234681307192822 0.0
135.305290314632 17.410132905606446 0.0
20.954490226063992 199.95419161724675 0.0
52.26115198577641 143.77630368675148 0.0
38.73264568568355 88.63797988741928 0.0
2.505838257998172 67.80126247735603 0.0
53.04361068817831 155.15603863876285 0.0
171.5997732390713 38.77105624979593 0.0
58.67824662605188 168.0158914974112 0.0
191.8447478271889 83.80119388381544 0.0
37.39552977386915 71.62126610033057 0.0
174.14986054365477 18.12099623311576 0.0
153.2373303681153 187.63662999629028 0.0
132.0493296064903 139.99176468175213 0.0
96.99268899692987 99.80454355530486 0.0
7.424107611925246 66.34402408384392 0.0
46.88315155684237 167.8517792776387 0.0
17.830916792383512 52.13302099651611 0.0
138.51724974930275 43.65930733650638 0.0
36.94378972222459 154.57588273887998 0.0
144.3887480942416 21.66015036550373 0.0
192.46485583796945 152.84777695323538 0.0
51.66997570318086 145.46845484620962 0.0
19.962558876911494 14.478570588721462 0.0
196.7778851387467 114.03182715877035 0.0
146.44718029241724 111.60547222123066 0.0
166.167337581414 183.13837457266493 0.0
194.09501693986294 133.40123846883174 0.0
5.032388621073425 41.898753281026856 0.0
192.38415163004373 115.41161474992943 0.0
189.07311815440477 58.86262591978899 0.0
66.00633436704058 12.199700177044704 0.0
109.21204517936684 138.71807614742298 0.0
126.27100062029955 176.60900115218553 0.0
95.1206768574508 108.06147937358827 0.0
135.31913520510338 177.12098478378846 0.0
60.64336835103879 57.51445914461397 0.0
35.316054523385134 184.19706886851 0.0
92.6822517244982 7.50360874020819 0.0
38.893956204839576 87.15898125747418 0.0
124.83344815724962 36.30769277423178 0.0
62.466531508708535 165.07548465126806 0.0
38.041462502611 11.51615939021735 0.0
50.63944260986959 128.28759324101978 0.0
112.76516156569234 99.83177542284143 0.0
187.7922456954365 71.61836969594806 0.0
120.62526896348444 95.18940526786575 0.0
122.00860783890323 135.97756030009833 0.0
88.22996841821377 101.45176629661722 0.0
136.88348782107357 61.98529725099533 0.0
91.85166301524681 33.482360160957334 0.0
98.33737773653132 137.40321595758587 0.0
148.85456285835022 159.1846214168325 0.0
176.41927278325673 89.57537511646589 0.0
160.24934714076224 95.1354412511345 0.0
196.1816586939838 54.745444633042425 0.0
128.47762719705406 89.73033160567445 0.0
7.062298036854142 68.03064870077311 0.0
125.50562859184751 80.29655491056356 0.0
76.80920544913099 160.99708246972693 0.0
118.53292099878576 94.4194943823238 0.0
13.836775779349718 128.19504018823432 0.0
174.09875653364062 80.766805582831 0.0
101.00250551541863 129.67700181623854 0.0
156.09495977682855 0.9837057540359906 0.0
184.14545161416362 133.435153364006 0.0
9.17103438654674 191.77207701463357 0.0
0.3289724402901095 169.8591496772585 0.0
76.24358611545729 15.054902332047426 0.0
53.58200987779264 69.72910749505048 0.0
37.29886154430946 54.16674479060091 0.0
50.03463653058038 187.9227456278144 0.0
176.40358478980724 185.30000548437323 0.0
89.69515596867974 176.92968063989085 0.0
184.8160233045878 155.97576198725326 0.0
78.71768037973193 167.42997656076676 0.0
190.31566109235118 36.09702924775782 0.0
173.8605952352058 137.60807330729247 0.0
166.3464293841866 72.1813903094779 0.0
99.93793481862659 8.537329686946272 0.0
119.29505761646837 71.65896347771013 0.0
91.41718832989983 89.88441637443592 0.0
78.20261240474007 71.66078723308816 0.0
0.9187288184840048 118.346893707061 0.0
118.43394244149927 105.51166697457437 0.0
190.22350407737713 80.65139825971217 0.0
39.30615244832589 170.18074684882305 0.0
173.49724026005867 93.60384259049208 0.0
85.40397659010392 19.23197626632365 0.0
17.79103337182446 25.597193375234163 0.0
52.28636440078276 158.35579450053845 0.0
22.479620398180522 87.14637078533589 0.0
49.515162409879274 4.3523825052010245 0.0
197.15032538467634 92.43394615478925 0.0
107.41342759325441 183.47593440306366 0.0
136.5571804969029 99.51430472562441 0.0
108.68732859598947 191.33839424204393 0.0
51.606257444237855 73.7380835794105 0.0
2.0222750882237905 114.11024884235852 0.0
156.93986131023837 87.12266989089431 0.0
111.9904473840796 19.54494896622949 0.0
138.53876096265913 165.80869410501367 0.0
198.08340274905024 166.39266155448985 0.0
28.863218749449327 28.406442754385242 0.0
135.41006363430517 152.0580701512313 0.0
102.40514473655847 19.950217602071785 0.0
90.57695567240852 120.8960445145531 0.0
171.12520452640356 139.3427415430633 0.0
48.49404772702488 189.3280119943192 0.0
107.10039015076443 182.58570358328365 0.0
109.32624169183048 109.00097924194101 0.0
148.80898554477375 79.75671047772452 0.0
119.53696838226604 85.50017650724335 0.0
157.8315611015894 90.6068748786274 0.0
126.94701612070236 197.66537718506038 0.0
84.34804655592032 41.81735588672275 0.0
56.95829881362706 21.350019814460985 0.0
72.66265101504055 38.3672972471232 0.0
95.5686799923382 51.50125092038855 0.0
92.0898213413534 62.12955458890583 0.0
134.5307359374484 137.7282278453982 0.0
113.88607981183931 182.7248011876127 0.0
84.98374937652767 1.064848179550859 0.0
71.51412823105095 148.82851529104633 0.0
98.11485051826494 183.42238572788548 0.0
139.37710806035764 102.53953839426629 0.0
144.8817812435456 96.26640616664099 0.0
44.26260604569776 65.08292680639573 0.0
1.556334560325956 181.34140169775048 0.0
184.08738563969126 79.03379676738302 0.0
63.82401361724239 173.8058171556191 0.0
70.1354843866502 60.41306340883583 0.0
169.40212790118926 66.92893218344823 0.0
31.833948347578065 113.41992513275719 0.0
147.61499638528522 17.54039577478419 0.0
27.211829227395512 91.23005281704934 0.0
134.0915904793954 102.71207633129255 0.0
187.53986040387142 148.20254373423936 0.0
189.7274153738729 140.69103747803985 0.0
191.24962902274908 122.00261735631928 0.0
45.2790692874532 122.89154639703426 0.0
110.08273432789089 8.561342478934275 0.0
56.436429268362055 168.79297798145942 0.0
199.52187868083527 148.45746548017277 0.0
98.94403095249231 111.87962846294906 0.0
15.907488563016825 30.220686213031378 0.0
159.31969367492093 52.29749233870107 0.0
34.2449834007285 34.21968145238132 0.0
183.94507170291 70.69210861374253 0.0
13.559411904194118 190.21227983387763 0.0
137.77937849360347 187.7306525366964 0.0
110.75563823068354 102.29924715816634 0.0
193.67399503487738 175.10048946124815 0.0
179.29398003833043 6.937167650585518 0.0
124.24239611132775 176.31551953806547 0.0
5.592578365521539 72.83005129570246 0.0
100.46624350505886 79.45067066110877 0.0
33.91953944685435 125.93327658541789 0.0
14.695115292712213 198.96392888481685 0.0
9.63927706194676 188.46756611036673 0.0
140.42395691979644 70.05443470269594 0.0
131.02914155776116 157.75479699975236 0.0
17.208779767370608 36.5441757543288 0.0
141.48399066070874 18.85146198620784 0.0
106.30783754886772 22.05988032301822 0.0
116.7778227004624 184.36962414791216 0.0
1.1119227828962241 14.330807756001619 0.0
106.15331551123575 85.53943393439887 0.0
196.1541438079015 163.70714631598904 0.0
71.36150695252248 0.4810929479048154 0.0
19.465974270394003 199.54282986946112 0.0
134.37552962778423 98.8184581390834 0.0
115.27300644860519 101.87564110349557 0.0
192.35384680310804 6.1803289101358905 0.0
27.50037126330156 30.876507460961356 0.0
87.52996582911685 47.799733228869165 0.0
179.2843693293777 12.82899417976855 0.0
130.0572070344395 117.33535403582349 0.0
69.66337566693748 8.93904942712538 0.0
63.43867875994058 35.20356466751397 0.0
15.847750295578788 152.06405655420377 0.0
135.02407843386413 110.12331373954835 0.0
57.94486382591879 126.48945724045146 0.0
188.15665701646626 198.24046630356807 0.0
112.74212871237643 87.1701052093739 0.0
27.905113326795593 66.11198893963923 0.0
114.12732923978861 167.39269230562144 0.0
128.9167876400243 106.99466147659528 0.0
109.95215070909514 107.60459509065909 0.0
51.78012467743469 34.29687741444163 0.0
98.62139714666675 53.19353829812221 0.0
113.38588827609122 81.71630391333666 0.0
183.416951227406 115.291638976209 0.0
117.12819455391761 76.50010542571752 0.0
198.54201334911005 66.21627662154562 0.0
90.38800085161675 120.42862912364572 0.0
118.09782714564896 149.94950062913568 0.0
199.59322923445743 112.53738963223118 0.0
97.68162537350452 28.096559105658958 0.0
117.25125461742539 178.25631629642336 0.0
118.02099053617039 153.05335161610802 0.0
100.70115294472492 31.55932966627788 0.0
101.03660625402728 162.6515916112628 0.0
108.93446409637588 189.8812520338722 0.0
50.951685501798494 24.33949523786021 0.0
31.68502534897051 185.973255866559 0.0
36.543118333094895 21.99499627265087 0.0
134.0898010764912 76.53202211789795 0.0
75.35587827683004 74.75739885286856 0.0
130.5743090578039 34.351896148883654 0.0
6.67871058270304 104.80254800007525 0.0
93.21774940310988 28.91333903825528 0.0
47.30584427178612 29.775673964715832 0.0
72.7045499233916 149.73511482030574 0.0
112.58590495310304 45.63499651083966 0.0
64.07056100986541 7.481634618717292 0.0
154.9857976723174 186.9483706863714 0.0
184.80371575649826 59.7309679466673 0.0
123.37398031660184 104.22431405268699 0.0
49.460545622182785 51.47313722957571 0.0
78.45390664302583 181.6476976397004 0.0
122.81146666694522 34.822308707647885 0.0
113.25525272629757 133.62956965729114 0.0
112.62936637949892 38.09058990706109 0.0
22.316865078557925 64.86959499819045 0.0
