2 566
3 753
5 176
6 308
7 622
11 731
13 696
14 163
15 945
19 582
21 536
22 368
28 388
31 679
32 962
33 401
38 914
36 244
42 430
40 264
47 109
49 270
53 236
52 476
58 589
56 540
63 831
61 994
60 652
69 792
71 974
64 528
65 203
66 387
78 164
73 738
75 629
85 739
84 930
86 702
81 510
94 581
91 998
103 617
100 447
98 246
99 307
96 148
97 937
111 147
108 220
109 618
107 51
104 976
105 925
117 40
116 82
114 349
127 657
126 543
124 147
121 453
120 386
137 734
139 56
140 256
143 512
129 807
131 173
130 833
133 249
132 564
152 735
153 825
158 905
144 291
145 464
146 866
147 526
149 453
150 217
151 648
171 131
170 476
169 156
175 49
173 375
163 554
160 268
167 126
186 793
184 806
190 827
189 129
176 203
183 50
180 632
197 622
196 296
198 328
