173.1293817555667 134.4600907920531 0.0
74.13554086683152 13.828237774134756 0.0
11.292802559094062 78.90758634876607 0.0
106.32374359794319 81.68633669623031 0.0
143.17349290298858 41.3679581006632 0.0
4.172834408175841 31.162020677661275 0.0
139.11453653513018 172.56411037607066 0.0
36.4043822843366 152.4230614787437 0.0
66.30662764648996 65.48178425689977 0.0
154.91835536283787 143.13211559921754 0.0
162.35469679661796 97.88418138515263 0.0
183.8089460860046 123.18021159835686 0.0
87.39465571286105 10.971077933995744 0.0
133.33253607771925 46.83473454002487 0.0
86.08965713329617 116.8886225460803 0.0
1.1142061689909166 5.496661315086948 0.0
23.061739145572368 11.585310471988741 0.0
120.73060998310585 88.67553692405752 0.0
68.79135703667794 184.54844186739837 0.0
96.90887246072106 176.4550217234784 0.0
7.743819370255789 63.24460227867781 0.0
26.932431408404646 73.6356983457747 0.0
116.458208721721 7.626742776025486 0.0
49.446569900050896 163.90598829528608 0.0
116.56098718754969 178.85938730881767 0.0
84.70771726569413 61.80608679124453 0.0
46.14296276815264 46.452737129284685 0.0
134.42237716060265 170.9138607379326 0.0
12.664928987404899 169.2853477289727 0.0
94.67291749249418 18.59571643682425 0.0
91.53380651434522 188.53416207971355 0.0
102.0291351113233 130.82953975588478 0.0
116.71771474958 104.31985797632966 0.0
180.79602917858057 35.02080782692851 0.0
173.24491941774863 72.91429268976779 0.0
188.44978964767134 134.39716895646785 0.0
46.15820606104124 157.64617220436313 0.0
166.66554785720535 84.48062304493386 0.0
106.47276994558861 94.17987108857477 0.0
196.94203725212847 120.30076970063001 0.0
121.91229458069976 189.63162263585903 0.0
132.6798366128771 132.42640318863494 0.0
68.6743796999536 165.02614555796652 0.0
133.671476822681 170.55701180820236 0.0
190.20323279092355 71.8860583458416 0.0
164.31316162035924 65.32960209627451 0.0
99.92379314737892 166.28527626495594 0.0
133.44957636110252 2.1604843094435777 0.0
57.11835240287593 7.486811366418755 0.0
151.61462559320822 155.35568552003477 0.0
58.603042732044216 63.32440086566551 0.0
60.53265954979881 96.38760170183419 0.0
83.58830559524797 150.77640026458175 0.0
150.0962641477866 27.149771649397625 0.0
105.08383433164836 117.71955560311105 0.0
19.63817461544741 157.16549351263208 0.0
138.43524515284162 80.63922381230344 0.0
63.16656785351225 143.14029128417877 0.0
36.05617876008378 73.11172277210869 0.0
62.3344907413274 39.91205881975431 0.0
157.1460235502756 131.1635517575185 0.0
56.26564580144622 73.76701955556564 0.0
42.160279212593906 44.15128213009398 0.0
23.960530620171472 142.25348435766438 0.0
4.0267838339023365 33.59497143801473 0.0
162.8582979323287 69.0396262025245 0.0
111.57789290695501 87.43705219050182 0.0
76.2313488088695 98.02542723234001 0.0
185.39513410591758 173.48762555902482 0.0
192.44126112999805 97.83307991063066 0.0
152.23936803788882 83.35626603272253 0.0
30.68609411695784 65.96417428304535 0.0
11.466181606203186 16.95942520852165 0.0
100.7208709893278 171.32608501312455 0.0
155.3027069185826 7.731606470521135 0.0
78.1344165163914 154.49395378300886 0.0
54.588640547626085 109.95754213856858 0.0
32.117358071017456 16.988863709506408 0.0
172.56082811431648 122.18168544607056 0.0
99.25773445279114 174.016713006847 0.0
1.4873060916116732 104.44038077800433 0.0
94.75207270643557 19.526487433446494 0.0
130.43329648568792 62.1011088827635 0.0
131.5214901008896 158.11058653066624 0.0
47.16813097145618 115.38232953446597 0.0
178.0738616351997 195.18403029218783 0.0
153.1987908039812 51.166441828495365 0.0
27.554693705425358 145.0432987572269 0.0
28.14212711473887 162.50748738068137 0.0
173.28086222648525 15.819791422586116 0.0
118.12454060326884 121.27428515804132 0.0
190.15303505193774 161.0067627850036 0.0
142.62438688682695 100.65867571384717 0.0
6.693971839418844 149.15283087375767 0.0
15.148958718424987 66.81775929470997 0.0
119.06175145000321 196.47910868271316 0.0
155.36444183648604 92.70791807197864 0.0
146.2381761171611 31.591064371363785 0.0
133.7738039916503 112.20758386815466 0.0
154.6945258030167 17.120413718957938 0.0
34.76421631268578 128.91471408732505 0.0
91.18809062758272 40.04618690547632 0.0
149.8220037391407 121.54406217957082 0.0
53.94469802437474 100.6083959207609 0.0
19.939848967910123 146.6382917508526 0.0
5.333889214326071 79.141657086008 0.0
34.717483871544005 29.34617876266894 0.0
83.2449873782414 40.820237712396754 0.0
165.38357246183637 154.31009731266332 0.0
103.72389747523314 50.220004757071514 0.0
159.94322417668835 21.244081658749202 0.0
164.0320015541738 10.766921707700906 0.0
60.88197951498879 13.572845473151695 0.0
53.14009178715862 118.55568338343814 0.0
19.33376595882077 43.54119196693797 0.0
55.771812010174116 125.68621113458937 0.0
74.34687009657965 183.4922625298961 0.0
96.46275696217424 145.17977291382732 0.0
41.85846255852961 70.55220483733136 0.0
11.702753674271715 197.7005839492821 0.0
115.2149438211498 180.74787046706163 0.0
61.08057722685376 99.72271738129525 0.0
17.55168653654362 8.623193175668042 0.0
192.45183433744705 23.446367857903837 0.0
166.07259939344758 159.7090087273048 0.0
61.50234059395559 120.68139549487285 0.0
109.24626169384027 165.74010951971454 0.0
172.6808566937043 196.08030036633605 0.0
80.16207090348686 66.3023716174982 0.0
156.32660731411377 139.51674573562434 0.0
72.76638586532005 65.63192268795936 0.0
125.91863686998795 83.06980428936161 0.0
192.42517026180425 69.57728342024015 0.0
69.72549714488065 34.98823974092886 0.0
158.23625454495058 35.27460568464511 0.0
122.73546263488606 61.173162606840826 0.0
141.74087302743638 24.875002573512806 0.0
137.59890589159684 134.13137631632364 0.0
15.160670651147012 44.70228447742435 0.0
27.41611999451907 150.01595015318517 0.0
152.0130035075921 172.5082367573177 0.0
88.5553849335857 126.28451519068571 0.0
173.93385496064042 128.0317507206237 0.0
128.2876715976913 35.669827051713774 0.0
69.764266812354 125.85722432464613 0.0
119.87590925352971 106.57128692908393 0.0
126.43277381203997 164.60658992587315 0.0
86.8583111883563 125.64009459352594 0.0
105.89287927303519 52.788505801084185 0.0
178.61684367944747 115.24480722199442 0.0
78.35113751257907 49.16721905016806 0.0
40.92346113619627 126.66814976491348 0.0
79.24804639764204 4.302748340990692 0.0
8.008271762368246 189.29994835648887 0.0
95.93041138122543 129.95302688859266 0.0
146.79543579324937 86.75514524563059 0.0
9.680532321487956 194.31778411745086 0.0
169.30403127179343 192.75994228168892 0.0
19.74401223315494 43.64290677142386 0.0
95.81287794052125 92.81309390005728 0.0
158.2245952583834 84.49319424150501 0.0
99.23961924192545 142.04355466305023 0.0
168.19103074865302 126.04041220574729 0.0
190.28622401728953 65.34964858765203 0.0
62.06749565754419 178.00260961866869 0.0
113.25429117924432 192.81904622324092 0.0
103.35562123900495 27.409793668865625 0.0
14.035472452261978 141.59285144902586 0.0
161.9628709431521 76.16002904580444 0.0
114.63354269638621 104.75124272056536 0.0
181.88838882162594 11.369166565141043 0.0
182.67647651662676 188.4620522015955 0.0
69.74419695275577 1.8064108929804812 0.0
19.728281791626866 50.54788068886518 0.0
63.56600641407568 66.24705216227443 0.0
108.8120106861822 36.79126426917332 0.0
173.59461057993636 43.362726914668 0.0
159.40686662787942 85.71155177996464 0.0
0.1852947016605544 7.808560890172367 0.0
167.2838930273441 78.21123129514172 0.0
128.7293092670765 23.45581053083381 0.0
166.89635428341202 45.403432204102415 0.0
177.44801387954544 2.2574195852700374 0.0
95.64238428201253 116.09643263043436 0.0
31.146821225168008 146.02319259262867 0.0
112.16912787761464 84.82511563906809 0.0
32.492667379303384 188.42019103961465 0.0
114.98911487365785 11.983254152372691 0.0
122.10533967475412 25.803175016841884 0.0
93.03118048879477 129.52472567267256 0.0
119.72945462211688 128.0187935602623 0.0
106.34981266367116 118.86563496196585 0.0
120.98047011923842 154.11644706253068 0.0
143.06834396673733 152.03361869869022 0.0
147.6348026486606 62.937727012821966 0.0
27.73305138790123 142.77439098374904 0.0
134.1604811266443 104.84541267760876 0.0
166.60663227853155 41.23990846519852 0.0
59.161507869635145 8.3921026238857 0.0
7.03128813207452 124.04646194077537 0.0
137.6354955479074 34.517550080080284 0.0
60.84302176307097 80.90502037744068 0.0
78.42092523756259 160.9028845062959 0.0
195.92044404869108 79.69038852708013 0.0
80.93670221697286 80.39901521507014 0.0
35.302896047258045 103.72960361168433 0.0
96.2933746646119 149.98541783024638 0.0
119.91425942118961 98.2542021752399 0.0
110.08198482764429 110.50475809827358 0.0
188.7803871022362 37.37498679046076 0.0
17.622962078370175 112.45767991637425 0.0
109.72968472855584 128.60199996867456 0.0
57.18409124582329 129.43136815732396 0.0
53.91787148511922 8.846453121593179 0.0
142.65320398739732 18.274318743027052 0.0
49.11956712837302 154.00549289455913 0.0
194.37768183755867 93.9189667555333 0.0
69.58089943814052 23.644599727552507 0.0
105.35956503162878 126.79289875258424 0.0
124.32886569928259 92.95672101083892 0.0
99.72146798839461 142.0482959542801 0.0
191.18477267732504 86.09098107162787 0.0
141.33523927493567 102.37847954377872 0.0
110.33064144980933 18.108210312170115 0.0
132.73168849735353 89.97937385256168 0.0
99.12901128970286 77.23433249988807 0.0
107.88641137477688 168.25284153665302 0.0
178.99810758858243 134.74683788396916 0.0
67.20320803673343 100.13785512917426 0.0
115.49602540894752 156.74364086064688 0.0
128.99321960777547 127.49457211394679 0.0
64.36893986930745 10.207616054399772 0.0
78.97443022675839 74.75541199174087 0.0
189.17015311230392 105.19422560007389 0.0
187.79272692161234 130.09630993427282 0.0
70.15812803517227 195.63368150499042 0.0
136.29234974939754 178.67038293652652 0.0
159.53338467903686 73.1531792520503 0.0
39.240057917075546 114.98533856913642 0.0
54.675629270802894 31.488737302614254 0.0
90.4338958172558 145.29491064594643 0.0
158.89399872825842 53.47035605288508 0.0
65.60407498588394 105.9138375899688 0.0
178.30503167076233 78.22814589667352 0.0
14.239940595683809 69.65481493758956 0.0
63.8043215978886 43.18119054376599 0.0
147.4537231959176 190.12497480664769 0.0
48.699528865843455 63.535020881999756 0.0
186.2180936015718 42.40852490967604 0.0
155.42395916224507 111.42755724330257 0.0
72.79138287680209 58.701179076115096 0.0
148.8514063655689 87.52745447655145 0.0
167.87063630546518 28.751201457829257 0.0
199.08463049363007 39.80296368384795 0.0
56.98942059224079 37.50074012966236 0.0
83.19131244594222 77.34323000453662 0.0
71.90377607499516 46.11041752144895 0.0
3.212942134597463 51.52833706778917 0.0
196.18623423867464 187.58905844621464 0.0
26.873608018178864 132.50818762648012 0.0
168.97452749266296 144.53954064561086 0.0
167.7673232833512 195.86455229622905 0.0
126.79799338747586 104.07080337889467 0.0
13.403929726662621 52.494570255121566 0.0
30.63140763655088 143.7151718057342 0.0
182.3453459200171 4.168118088441752 0.0
13.80238998176524 92.22913119884343 0.0
145.76535458917107 187.8755283294766 0.0
56.1052578273475 130.44479551175598 0.0
84.11775001401907 83.99610784976397 0.0
40.45057517308528 49.87836878507397 0.0
66.19930191773193 6.48209399466988 0.0
80.60639482153785 170.59096980707827 0.0
135.74532482461188 167.66668495107916 0.0
22.06358697820574 34.83623862841358 0.0
69.79750867908983 15.968807830221055 0.0
12.784360740777444 139.31822459007336 0.0
33.43498580631126 181.68145361881983 0.0
16.56950265582262 146.4220383288914 0.0
97.06126320697706 134.1943399668304 0.0
99.00654475275982 23.56901326469034 0.0
5.291265186498673 153.41586737947165 0.0
54.43755640843433 199.88689048776175 0.0
90.58417233040741 48.823254461674814 0.0
62.11185191628024 100.67489359852786 0.0
10.119435027536028 21.48393370808581 0.0
160.66547568066528 122.6824150787592 0.0
51.01474666796617 157.55523344028688 0.0
12.295792043584886 47.009203818762856 0.0
96.8365627970539 66.18351984047261 0.0
91.47630795175898 51.47399831430495 0.0
177.45497931453536 130.38800673257515 0.0
77.78308501655499 80.58751562254444 0.0
34.646725709329495 126.42846412591182 0.0
58.38096000107302 158.8049638976599 0.0
127.45123694309859 185.3202096337432 0.0
152.94417776155592 91.52206605724949 0.0
174.1366197864248 19.57372784459568 0.0
162.2626842913944 88.31786090987997 0.0
81.73367282073482 18.900410047316797 0.0
11.51183041426207 164.23646931871855 0.0
149.447842056065 30.539894684652367 0.0
110.13985216808133 127.43913398943366 0.0
148.86043754807804 183.0286274788174 0.0
82.5540491601141 145.34691191298498 0.0
81.68208630527619 186.64323641168784 0.0
37.26311887874749 96.43341240507883 0.0
94.92291043239764 149.41649722043965 0.0
36.85963504042826 161.11610689764183 0.0
193.69548461316265 84.53756400884328 0.0
107.20338120625577 182.73370305136874 0.0
33.468225813459625 153.11239772492291 0.0
181.39255319412462 38.38626876288798 0.0
196.43837233474605 85.67418265808612 0.0
12.586672952872924 199.45369267494547 0.0
160.7953336436014 156.49777646536126 0.0
109.47142013729993 32.89730569224374 0.0
56.99670428889794 146.68614152852555 0.0
149.1322783689459 196.98841008832028 0.0
71.78083734874157 125.16088648089729 0.0
104.33033888258636 118.89656377866716 0.0
8.491392371707551 1.1030416081738048 0.0
85.65033244358986 6.609583319401002 0.0
41.39088254442815 57.0542538416633 0.0
43.717315425528255 143.94626778199736 0.0
111.99178489773598 58.80269834318879 0.0
2.655159838542076 144.96179791220308 0.0
107.03531132144049 56.34204799977927 0.0
3.1865385539827873 2.8350332365911335 0.0
130.5995742817755 39.60582546347187 0.0
22.25053346582062 158.36581963921006 0.0
36.92036312562848 193.34368271035257 0.0
5.740755017660271 34.499563202640715 0.0
125.8593578339138 7.420059110397603 0.0
1.9432192292833328 135.83532642161938 0.0
119.55616525871149 141.97982097940462 0.0
15.479987741139078 95.86290596015495 0.0
36.652106988083546 121.33954377984608 0.0
15.040944717358329 169.71319665110232 0.0
159.57525081135236 36.127098311624195 0.0
122.91283954828434 16.49543015245929 0.0
150.72779506887045 70.10634704225033 0.0
190.29111217344237 192.83374623080897 0.0
115.01835748604185 36.287774967775846 0.0
119.58668819593355 188.00482066250729 0.0
29.033440406877165 6.339911141784493 0.0
33.416493369017644 71.11706301936411 0.0
61.2437704530832 147.9805763703666 0.0
109.69291534699809 92.06132474454836 0.0
92.99281937776398 46.9408516497724 0.0
3.2041179275069887 80.5017073159467 0.0
16.616449286167057 83.25899048192822 0.0
56.30354531630224 20.96450252061286 0.0
134.89405104096727 56.075300843629684 0.0
164.8036657396079 147.1220716114618 0.0
15.13319467024552 6.7632470218468965 0.0
9.895425788494938 94.65772775563659 0.0
61.54139587006835 77.14608065444509 0.0
192.89155266638355 79.63660118867293 0.0
61.14007257645406 57.71222797458893 0.0
16.81831293031111 128.0966915305693 0.0
31.327418096748303 30.156943087649047 0.0
47.357021660967156 72.61315240502644 0.0
51.29841865201546 189.24158342908567 0.0
155.36300650756334 152.8781770790317 0.0
194.88184670972203 140.87610484534667 0.0
94.16642701504199 9.877703652080472 0.0
198.95559134604235 116.4942887910811 0.0
197.08584825530792 47.03530923303312 0.0
99.45330102186387 18.205384090220967 0.0
94.06199852897939 146.73274499910232 0.0
146.07677714766317 14.869886115767471 0.0
41.0458289493469 176.90558399621725 0.0
67.18023521842741 146.16112882668028 0.0
131.75135228795088 199.9515034002181 0.0
197.89406563121986 59.83867093448547 0.0
118.61054143158734 4.977883180264819 0.0
107.40722756643697 6.873207586252694 0.0
8.243926064420837 124.45430712093682 0.0
165.4290932146142 149.72707477339574 0.0
16.4872056659104 67.6247662118749 0.0
173.20299701035958 101.00833384928836 0.0
68.99069692641844 105.57334312098021 0.0
151.0454241517182 2.880473445459497 0.0
15.635076092761269 176.6262276546767 0.0
22.236256442857428 182.02395167660453 0.0
90.48331585862812 145.81202313238975 0.0
62.1870138585265 70.60970856653756 0.0
93.71542308644113 148.3912557668611 0.0
192.16579878677484 70.65894057208946 0.0
97.96900058442017 75.00525240297723 0.0
88.45891862361668 157.32752108450794 0.0
188.73537047110702 14.783361267373895 0.0
50.70095646959838 66.06735959931956 0.0
36.937394411549974 62.786806413277404 0.0
27.206559549692912 89.28122748557792 0.0
171.54184199422062 119.45635649716397 0.0
130.48869482597672 20.00155582843066 0.0
71.03562947163593 162.27009016555988 0.0
192.74978673316573 23.287767431233576 0.0
24.821819737298267 153.60667484773373 0.0
8.98368415544808 190.45079902176985 0.0
129.067887112763 63.84853452689032 0.0
94.42794275006581 36.87750266383467 0.0
176.2652463388572 35.04841378593739 0.0
43.457472390162245 41.14174528282668 0.0
173.73567444381237 88.02187591259198 0.0
118.61223255000637 91.25293020696826 0.0
183.54674569720387 184.51737495599733 0.0
121.30308670846739 3.306976513588733 0.0
114.77505465556786 96.15453653919477 0.0
99.84163309916202 108.46858092009262 0.0
18.782441873895795 3.1103964463924383 0.0
35.79130078809059 66.12785432982771 0.0
139.14712909335384 48.072418588448244 0.0
116.2385738780573 154.23839011322264 0.0
50.11813878237299 4.766141924112799 0.0
147.43481705862754 112.25791292771888 0.0
80.93796847312025 185.4043161004403 0.0
94.36066776873177 167.77671144340803 0.0
68.10508524829488 107.6936759966048 0.0
41.116593196489724 164.83311150768665 0.0
103.62428376514852 69.5741819414764 0.0
58.64471002603035 130.0793308342133 0.0
154.51960739758772 38.65504265796509 0.0
139.13858457376648 162.37511859481515 0.0
17.36105350880375 153.35055946300525 0.0
110.5992263577015 12.050611406815959 0.0
41.282804646532135 54.008082302392644 0.0
80.34715127565968 127.99393247043909 0.0
3.947387651694223 14.85937596411051 0.0
72.90180121909731 93.88313063427951 0.0
57.136622542334734 31.41574737482418 0.0
125.49137308574214 49.29606518855003 0.0
172.1268580877085 32.9663554197906 0.0
183.55743605471943 97.09598392098573 0.0
9.732518100022624 36.128201315594154 0.0
98.97052552404617 35.404521375943986 0.0
15.878553635549464 132.9353355043967 0.0
75.2742058453079 20.638010020538356 0.0
0.7889668091118462 115.74389679405192 0.0
27.12695884711693 167.49688720659603 0.0
98.35510304328045 81.2686822974585 0.0
125.21243836074281 22.46228087724362 0.0
21.974058248326767 127.35591937809296 0.0
83.2406465060819 109.26769071373047 0.0
134.12392823085173 58.63612197393795 0.0
110.26368000710735 137.97791907950094 0.0
29.169466734724715 50.98982392697533 0.0
99.38164944221994 193.7213443597239 0.0
92.36795794507668 89.79815455393472 0.0
153.01570098038903 76.78573303170472 0.0
42.77198881120648 93.23923048286902 0.0
155.2767105620172 152.7019308650895 0.0
193.70208341053578 159.43039434585762 0.0
193.55979318435374 189.1036778986943 0.0
71.68895635050865 135.00544718164397 0.0
4.346304747346785 105.56600761611345 0.0
123.26156379913652 92.75500364820128 0.0
72.29658829309635 143.28860709737876 0.0
108.68372453023882 127.24728116010068 0.0
147.0683006282316 73.40476366808102 0.0
32.71867949308347 129.88551815034353 0.0
158.89665686638287 105.8603775238703 0.0
94.72751216461155 88.6474554818768 0.0
11.824569904640159 135.2217329758702 0.0
153.8838335134071 172.79130957365624 0.0
112.57217103258384 65.43472411692075 0.0
0.013860702671242286 9.101666399363273 0.0
153.38675259883814 192.47230995199885 0.0
96.54739163822465 133.78791097765597 0.0
8.8158216118571 191.97101313959473 0.0
19.29190742227316 12.93673920699927 0.0
29.197393325340727 158.37136188098683 0.0
153.2184749939264 64.45949348585384 0.0
117.76329156588857 172.7412286852132 0.0
129.17477638251196 185.76398107827214 0.0
163.60280150125163 38.375117234893466 0.0
183.41702991613178 193.91967962289655 0.0
69.33549899859104 116.42638374588734 0.0
105.07933481793295 118.87405652145718 0.0
160.1937596869506 18.243664652027114 0.0
100.17528306536407 55.31704907288288 0.0
190.3168832818637 66.74661051189655 0.0
145.45348293664878 75.07962242722235 0.0
72.4104463909603 126.09024013357148 0.0
31.40499451113916 129.49145797545427 0.0
48.52598180348306 17.031232998939338 0.0
100.94738722835359 129.91194850535302 0.0
92.56771392023191 84.82357016489928 0.0
78.78665402232008 84.6875380003575 0.0
89.23452769785997 167.1349649128024 0.0
156.18471348564842 92.07782415871498 0.0
169.45708015909972 21.38957795642078 0.0
46.83689767686583 141.23153953044442 0.0
98.99134138870811 14.106635686255897 0.0
61.79028007548286 57.082925437646146 0.0
14.681591249421011 149.21859683110026 0.0
164.8103898666065 140.0778181385821 0.0
82.00726865610031 118.0165145820313 0.0
64.33026664028102 97.92798037579902 0.0
7.879867861552348 190.2844471273189 0.0
74.09247612237931 144.13121362505714 0.0
184.25737100173225 34.34865516819847 0.0
131.82129892777664 46.78389293957841 0.0
160.99553822227782 153.1815638575854 0.0
3.7387281555193885 51.251529903863855 0.0
150.45668808009594 154.36437625339835 0.0
122.46460900411864 171.55217134277763 0.0
151.74836909922428 133.62641675283146 0.0
106.81777445789147 147.84640523759552 0.0
49.06576157810463 44.843219631862105 0.0
194.26154833590482 1.2168135079769105 0.0
86.46325469451219 53.78955149382454 0.0
180.21360193144912 181.9588302831605 0.0
50.48220603820106 128.60757672159386 0.0
3.166717070697578 3.8939760547975766 0.0
102.41342382100827 106.86438498095863 0.0
40.54352668429606 184.75551255095877 0.0
93.57455624062614 197.23726931135243 0.0
87.43490802552516 71.48563771110467 0.0
169.83399998195503 123.27911175616121 0.0
78.84820870898352 119.3223909333406 0.0
125.71465428813771 97.38032269340864 0.0
85.8181749065225 14.84351349179347 0.0
103.7622702569951 124.9579065822423 0.0
166.7098236433992 85.67353019742153 0.0
51.46482836059856 182.06616126341697 0.0
87.26924860118861 123.34947673485286 0.0
45.860834868267794 184.0377042975004 0.0
136.454767820098 60.879626082385286 0.0
175.07608902982048 168.4275229789071 0.0
59.80752314956366 92.81874086899242 0.0
126.37992627437143 152.4467821840473 0.0
108.09702619570744 3.2224090108774917 0.0
171.9536293747538 93.23729146529548 0.0
156.20391719218952 75.6320326705519 0.0
66.41513970132553 78.75142149731826 0.0
185.67856297498057 199.28117258427363 0.0
74.24585031706141 107.66653769057417 0.0
144.14083697150522 57.003016334560684 0.0
130.61681180426262 178.67687786557732 0.0
95.66291071472878 182.8576686778243 0.0
5.713172085192397 102.66999830978291 0.0
58.50345280722511 11.287252271730663 0.0
90.50734450328054 75.70892677607188 0.0
190.03822980535665 4.645644479293143 0.0
51.03288451943256 6.405227466126195 0.0
23.458606019435102 142.23887396032703 0.0
108.56263469126199 78.18221534676195 0.0
86.78609607161773 81.55125285627747 0.0
94.69627477430565 45.0917132248335 0.0
41.977550769373885 161.12128315597838 0.0
103.21396199138971 109.26167914969844 0.0
70.3722690188036 104.57059500455017 0.0
114.65430450231189 108.71618499581201 0.0
0.4587896771056421 6.578098942434818 0.0
4.92650867320823 156.22328955764587 0.0
24.915679094475585 134.13064613412206 0.0
65.86805272363578 12.99033904619713 0.0
186.1072807017415 60.17061175250311 0.0
163.5108087706645 155.44036206781772 0.0
122.6918611599778 61.79977993199572 0.0
138.92020391639034 98.96728147453919 0.0
64.72619218702904 161.4880001939099 0.0
16.82333776388163 79.48166574234601 0.0
140.62716343892384 67.27423345539361 0.0
28.843840745397408 61.72289637622297 0.0
116.5775744550511 176.73652157618625 0.0
181.01252645705236 42.72761935364975 0.0
127.4398712200447 149.5466223961867 0.0
99.3247181460589 149.50841622011612 0.0
177.96805183516278 124.71398612738915 0.0
172.46643574618085 91.91078904234973 0.0
194.08460289379695 61.16291244530001 0.0
177.43340186095625 124.78042451778504 0.0
186.21592884288202 114.07573026710156 0.0
21.618326735227676 197.98697754624234 0.0
50.156145912324405 24.473955207704545 0.0
164.0433572486501 28.51454545353238 0.0
75.65586654992717 195.79833484953292 0.0
88.76640610775368 15.743085535309786 0.0
158.90902319694743 58.78795118340481 0.0
95.09137295243326 39.20910569089149 0.0
22.337393220014135 84.74735291699467 0.0
42.06398568296616 27.548078324646184 0.0
33.549048479856246 197.33001234002506 0.0
138.83653190837936 167.98494404767735 0.0
85.0735289312446 154.25527350606228 0.0
7.836274968501988 137.65326979271606 0.0
47.45306722686675 122.91510781624828 0.0
64.27392205546052 181.18768554766757 0.0
140.49576888818837 157.61603820076266 0.0
153.380115674309 33.44812713672183 0.0
180.97322954476638 1.2406591590269134 0.0
165.85941396601788 191.89871663577475 0.0
59.771635109033674 180.40224905824803 0.0
12.402854648218288 80.07794985352821 0.0
177.48191274395415 140.70498369720084 0.0
79.7017171308682 11.761087167699502 0.0
124.64110228566952 177.51142483442942 0.0
113.25665078652356 164.829583364553 0.0
31.31367721280556 157.65788672711204 0.0
176.37796910163956 4.526589371971235 0.0
130.428100051493 98.8474933088635 0.0
120.12439300865094 157.69144169691756 0.0
180.26041946806578 175.98963538552218 0.0
65.5291034972911 32.730318371519914 0.0
73.6833870239931 57.543791699746926 0.0
147.31359488469272 104.49412927936889 0.0
25.275988318528864 39.96453888950047 0.0
197.3912793896157 138.89889144699612 0.0
172.11499438655565 44.63381810260807 0.0
156.8144146926822 119.0378483484154 0.0
50.04655168594398 169.20544103427818 0.0
196.419551019455 52.698620198170154 0.0
14.46254480735334 144.0759984929701 0.0
199.2780547356744 190.6128775528404 0.0
63.08290402448444 134.73530641536937 0.0
12.1601154927224 65.42986195945875 0.0
87.97164594988196 52.03867199343979 0.0
108.57189284141802 173.31939318865378 0.0
134.99102423446237 84.98220775607035 0.0
22.527324858543697 63.27384313579471 0.0
181.12465096196172 154.3516379216506 0.0
110.06744937295497 73.59281285440159 0.0
53.5770904029019 0.6539479607018839 0.0
74.64173912385061 160.6981316410557 0.0
9.283986687880684 66.03041218521759 0.0
52.81758290606877 2.341000014119343 0.0
169.4432210335188 7.388533377622952 0.0
98.38545578056828 25.427094318635056 0.0
60.9043822236345 186.7794903465334 0.0
25.779034293195057 8.09951074796469 0.0
154.73018337138993 25.086801927838188 0.0
177.83097898868695 36.3835150362547 0.0
111.97014044541088 76.38089158343293 0.0
168.23668097727696 57.61113624119687 0.0
47.6633429552088 82.83341811287916 0.0
15.699895283797915 66.00764823984231 0.0
106.31377172022778 103.87417209007896 0.0
134.58565852808172 80.236078753731 0.0
5.558057749507883 78.31250130487837 0.0
176.00753401576478 128.36001031844273 0.0
149.47226802944098 74.4342253574642 0.0
123.62768891271946 42.598867099438294 0.0
38.94082228218221 10.624127644723004 0.0
140.04997922488977 184.41405988534797 0.0
13.737153429746707 187.85306532846226 0.0
32.537759061835246 69.87838365009189 0.0
49.442366629811005 165.40796748085862 0.0
60.88955304771837 45.94509167915757 0.0
2.054682959710963 132.53186069299144 0.0
145.65753543681546 80.14720277044411 0.0
144.11898140344147 181.18030016474574 0.0
151.4951179873316 169.42158310680475 0.0
68.43238403097996 168.88950125484232 0.0
18.271608985647347 48.16648305923283 0.0
48.85832573139521 175.79065174426276 0.0
91.69342393851414 181.30520041308677 0.0
142.50817085117146 106.0938647979531 0.0
65.52296066312111 65.04267737759604 0.0
93.5259372376976 161.90431674256695 0.0
89.08771170208085 26.165794395817766 0.0
55.93832873561433 126.02216522146388 0.0
16.623820879167873 10.15233135189808 0.0
91.50874422605779 30.417008073591447 0.0
79.09986891420692 79.01752559591775 0.0
118.26059736481929 58.35647437541165 0.0
44.518153608598055 101.74117323768618 0.0
86.31176479532895 30.70789479157414 0.0
199.29236651632237 13.282495075155488 0.0
39.88857384892659 160.72079985651305 0.0
31.15210690915513 42.60376434166451 0.0
187.86431246788644 126.63724639382107 0.0
123.12623443851231 65.78801624051013 0.0
149.89375555309687 107.7658961325159 0.0
78.5085965061558 127.25000974595201 0.0
171.1918975272009 57.19497466653998 0.0
88.31131505279706 190.2038546540382 0.0
106.23139735149083 143.10809439701833 0.0
25.562279254013177 126.96466889140903 0.0
160.11012129430318 180.70629924352704 0.0
104.90506648027846 40.325659204061125 0.0
146.06646303066904 198.02836279590778 0.0
181.3112276741773 19.166259641614424 0.0
168.59678681208828 31.500805515799925 0.0
78.31612897655233 174.61080577831595 0.0
173.85597813039217 30.837892858131145 0.0
134.04148638386752 77.4714551511429 0.0
122.49846803285888 167.95108678929026 0.0
32.36893691018645 123.37298559336088 0.0
34.84389257929919 90.81641930159996 0.0
146.98079628315733 88.87134778821506 0.0
34.227825053048974 140.7873302257715 0.0
67.58562383133457 10.04167438425938 0.0
171.62488707331377 60.62957947775514 0.0
100.49773735024334 114.42575245105895 0.0
53.10787321785704 60.59396842867773 0.0
139.84146887261514 67.89283994080886 0.0
111.43319430135395 81.13147641222712 0.0
191.00250289676936 59.88185945306339 0.0
164.0194891693813 93.39476962003465 0.0
194.55008280549353 43.6570763484015 0.0
81.81281085166586 112.45879491848396 0.0
46.70563212895964 172.62338994455195 0.0
157.00836613133472 63.23250168120309 0.0
41.53469971346946 129.41140768084242 0.0
102.32530948415635 135.32261835062567 0.0
170.39086171236747 31.356640042179595 0.0
140.50773577660317 190.64951469145018 0.0
5.741678727993205 114.16107318285009 0.0
149.95148604101408 146.40431782395882 0.0
69.35838891332288 44.93955620296855 0.0
120.83301383642737 45.97542641088042 0.0
38.95261010061859 96.51746665410728 0.0
45.84309687459267 151.76163613753616 0.0
82.69483963522022 126.76011625527622 0.0
20.60469722828586 46.32821212837459 0.0
27.65115836952221 149.8785495231675 0.0
161.08096129798173 12.151280112766694 0.0
166.02607448030426 61.070303164975215 0.0
158.75572499555537 75.2348937518809 0.0
82.20096089797538 181.51791777366594 0.0
89.0956536448003 44.1743298467951 0.0
143.9092289731085 127.68187591368105 0.0
64.77955782033587 53.778139992519854 0.0
42.490802459748764 76.9888615826499 0.0
82.40704305236129 131.15055954768732 0.0
190.02010766515838 1.4302171167264621 0.0
149.8752524775106 142.17496208903418 0.0
85.20333497520456 71.24955163987698 0.0
101.3389308867158 147.62808126813292 0.0
145.29227610302956 192.8124990106212 0.0
7.6457219164342005 100.69381543392875 0.0
167.86358840503027 137.91573422126447 0.0
172.3650334929125 151.4344613389974 0.0
134.16402551367042 146.20639230340004 0.0
167.0055005516875 188.816319860039 0.0
94.82348081060765 38.04705855452526 0.0
3.742564659329628 47.1756120409589 0.0
189.08954971872976 162.0756355135193 0.0
169.95422184056903 31.549850834343296 0.0
40.33865852459011 119.87339023796659 0.0
56.089675910227974 75.08865450916149 0.0
43.47047485912911 159.56862223548018 0.0
96.87205471307192 131.79728137298326 0.0
13.893846128475662 10.867295345248884 0.0
115.56297772294317 129.15506882016484 0.0
103.16408591196868 145.91633736888318 0.0
111.99337894770649 157.69007775047618 0.0
2.9329850266845314 193.5689610602295 0.0
67.29141021467893 158.38032576600662 0.0
56.72446359669567 109.03586084385361 0.0
51.714947549032786 183.79102732696657 0.0
178.15041332961843 106.56982241130721 0.0
16.722729608687015 155.14629391291535 0.0
34.53274899275449 99.74564619990454 0.0
128.39471340225148 115.07288650312042 0.0
196.49932262184316 62.06111177556088 0.0
156.5388119695702 84.54262091983826 0.0
76.97286420458866 119.99893411220785 0.0
72.29771280198096 172.57908556547756 0.0
87.07375475868413 121.35363797500061 0.0
26.796095651790264 158.58340208583158 0.0
121.80886020261393 83.5414083845607 0.0
84.34508925325326 169.67286932894885 0.0
55.020390658654314 119.77494457999956 0.0
65.94732967844654 109.21531274973641 0.0
170.92017696266518 165.39948877568773 0.0
22.322657592437565 157.78105355264168 0.0
188.63635400186845 82.35022427768277 0.0
0.4009420438268352 164.02354582339345 0.0
146.55108090985226 106.60536668805129 0.0
93.2051380197234 70.53864937582948 0.0
104.8093250152306 121.67313743022451 0.0
70.27425327132426 78.54171469054205 0.0
197.23050369456624 90.56519149685438 0.0
174.25240197634372 45.2406177066361 0.0
17.95616490280747 159.37281482328282 0.0
138.99678812546153 29.072004638129044 0.0
63.518536875758194 57.47648523620232 0.0
135.53391161223408 150.50701624106298 0.0
167.61635057252244 62.58334025101882 0.0
184.4199301811256 19.921874613203872 0.0
163.73583783167115 173.20119789045677 0.0
186.53765454417314 99.06775783156274 0.0
189.85642766816363 36.821884159452644 0.0
119.08917959933432 108.96344495062915 0.0
109.83219998303069 19.000533161811674 0.0
119.51978694253869 174.5732682147616 0.0
67.641735364241 166.6818093265777 0.0
137.33524540159362 5.421972702563904 0.0
13.550529237829512 118.53785116388048 0.0
172.25124939382184 51.337245426255905 0.0
145.33172269139513 45.74694215272652 0.0
36.84026090437309 43.79949806088399 0.0
193.04249613398963 68.5559075524267 0.0
82.81762371133034 35.91783424406017 0.0
142.45497424932557 87.13331116810066 0.0
12.335328273783785 187.8400351912906 0.0
140.09206833613385 189.6346267645506 0.0
159.12843106622947 109.44339265665745 0.0
151.92031722900543 156.06454782107414 0.0
69.08564658931596 168.44252955107123 0.0
58.10321829472422 63.43572401175985 0.0
35.79218580495209 199.5891473059521 0.0
57.82021849823364 15.887255624531127 0.0
53.819535174965026 109.42780152730245 0.0
131.00805393716698 172.840354326728 0.0
41.0133889338488 161.1110087783917 0.0
57.98268422986688 128.9325620953565 0.0
150.75749184766204 45.06572975989835 0.0
133.2516061043804 111.38613460160724 0.0
146.16778010745796 193.84272001491925 0.0
26.427982585491215 3.630095489347629 0.0
140.39766787679454 183.26896104151936 0.0
41.00948334952235 78.40966178340192 0.0
120.71202763091813 77.06266682755253 0.0
100.88635872050811 129.28068272305202 0.0
168.71385609136695 18.35936886630598 0.0
154.79476639317295 26.300916377637872 0.0
165.084176803019 49.136549125224825 0.0
130.53307603444006 189.89396131096728 0.0
24.42243204311476 47.31351920724687 0.0
93.61022619179886 76.27568783687873 0.0
144.25102567960064 11.342177761690419 0.0
69.09696932370775 98.49720319972452 0.0
171.97428654759295 93.39337304472564 0.0
70.80227516669781 69.0723141277758 0.0
194.55876795530617 184.78268650521358 0.0
48.4987886263875 43.32156269920058 0.0
37.92818504120474 91.06850955803026 0.0
111.77278174384962 166.97902851539646 0.0
126.54308545444324 199.29431824459883 0.0
118.17558349119398 187.27203298113585 0.0
98.36167403257772 36.13611291341445 0.0
123.70506685478868 73.59807919864669 0.0
96.35496883419864 43.25513602604274 0.0
85.24734536543639 112.0873218550864 0.0
164.97587620893762 54.94491566341155 0.0
177.4602945053111 87.752946127971 0.0
68.45849816479262 153.2008344266421 0.0
140.6822397905793 148.59595662426136 0.0
117.55034364971912 196.62945941016372 0.0
11.800546749925168 57.94484895135263 0.0
42.2568813613275 172.15394374451006 0.0
6.616564143769876 184.4747765770104 0.0
180.40428835632162 2.2608165736349495 0.0
20.094787728277264 153.76483316689328 0.0
65.30290911622723 155.5726606258639 0.0
189.98578496570457 190.91616911011133 0.0
90.52039978338529 154.82007580294248 0.0
29.66398474972094 20.667692502988878 0.0
105.75019732271203 53.82555737590058 0.0
177.62283382656435 159.6102125099716 0.0
154.9874985450372 163.90084066991898 0.0
33.92167303864711 134.51390284567165 0.0
106.70135030623082 150.09841996510133 0.0
57.97993977446956 191.4480262535972 0.0
45.41831793786943 89.04696818721824 0.0
87.46612930873101 22.285952394005058 0.0
195.10937264092826 182.63945356673602 0.0
104.63027417573123 128.35255891066768 0.0
26.998598379106298 155.63182510228347 0.0
24.280507833939758 65.38515246601868 0.0
67.88853886399122 130.24914885057632 0.0
106.70559509426658 169.64307129520392 0.0
169.82380279299915 167.1852840391417 0.0
109.19709375364238 51.91533002734674 0.0
27.89100565158367 89.92098975405955 0.0
81.42619235142948 164.33954345805094 0.0
140.1796752968095 68.07474190969232 0.0
182.78199300699632 94.35956236097971 0.0
192.40538321979582 125.53930042626065 0.0
53.879387468849146 120.81330042156517 0.0
19.42287820372901 60.446363294943886 0.0
109.79647472871265 179.05621040902886 0.0
46.83352220211023 16.54050594322978 0.0
39.202768936122446 125.19005693552275 0.0
48.11801761094783 129.33286847076965 0.0
191.39121844614888 63.88056170664142 0.0
166.20179684180354 85.4439569685569 0.0
12.328516843732263 109.91167466552174 0.0
43.08722255476221 79.8340374861977 0.0
51.189737044127746 90.53823662095391 0.0
177.16307667579332 133.15870173619797 0.0
100.44498391199295 163.8628276225465 0.0
85.02859843174626 40.27622761706438 0.0
155.41718164383124 127.8767209692854 0.0
83.14571374194917 160.97233317768195 0.0
83.33180798024091 125.46890351763793 0.0
124.35977480217453 35.25717246059487 0.0
177.2308366150718 112.62115339748445 0.0
125.30570321370602 8.128248377133552 0.0
136.72482580508316 50.17129363697035 0.0
2.942795259030828 82.48223929433345 0.0
65.40851533863743 103.94072016181848 0.0
1.9383698259728854 83.8975152314567 0.0
3.867017038322662 193.68643915441416 0.0
39.34659183053164 117.29847405974851 0.0
127.55109788278753 18.251867651705787 0.0
119.0057275653628 23.051637305513516 0.0
30.40172290139902 2.454749223981456 0.0
175.30334673379593 98.83265082707007 0.0
87.95551210768 60.664543735648024 0.0
194.43584561722676 143.64242815092123 0.0
147.76440866009852 52.68576920004744 0.0
131.01491093189986 101.63954036274352 0.0
130.31433826704514 119.47780194730082 0.0
188.8504261570468 35.99529054865034 0.0
140.22922782741736 129.4057426399503 0.0
66.96559274276117 46.76672641476662 0.0
185.39836693309292 40.130936380673 0.0
185.37684800251634 61.82208959230431 0.0
180.76657226171318 86.9139081839596 0.0
99.89752916545913 176.14214708439002 0.0
173.8782530610664 145.01645597941834 0.0
91.20093982839148 192.35994338447082 0.0
70.86796592580862 182.05370923988738 0.0
70.60493082069277 24.19064966631328 0.0
164.44166903511808 15.561112282809763 0.0
83.51673547032578 64.44210089151497 0.0
69.49446114220802 21.705196472569675 0.0
11.203381878545194 90.5858063613148 0.0
57.362029476463846 2.981246099992352 0.0
172.52942882617177 183.40723221932063 0.0
46.304816133936846 115.90488000164811 0.0
9.530541004553083 68.04320920798908 0.0
53.67518618514284 184.11871038847275 0.0
104.16781515363296 51.75335300941468 0.0
144.3197363658027 77.99928299567289 0.0
18.33438744434581 129.0615616729881 0.0
20.120241992260656 128.7635856346094 0.0
75.16246160472375 52.44257261741332 0.0
187.1783586378074 163.23840737235645 0.0
6.905359767969621 25.517721171446684 0.0
110.00081781905043 94.86999418589308 0.0
183.1458535627853 165.76305019588224 0.0
116.14331856003804 87.21541842729627 0.0
102.80855374590328 5.0220412494273114 0.0
50.1229500318358 118.07120450080791 0.0
184.43071342891534 48.65425446623419 0.0
192.01055502879188 115.55876357134427 0.0
21.372301545906346 197.94019601227066 0.0
153.9658942747016 111.90031239455315 0.0
182.12288594505583 55.401915772104445 0.0
147.08019978384422 66.28296494371541 0.0
130.58931809421628 178.98775357430023 0.0
171.2421127067362 145.12274538071227 0.0
117.22483619886847 28.608815372659315 0.0
122.34469821603311 116.2043860176325 0.0
149.08671741872547 57.30377499108372 0.0
134.00265079019385 112.58680417145943 0.0
185.3862274133314 139.34770669096272 0.0
75.05051695565055 152.8281598115352 0.0
124.82113101125469 98.90963839447313 0.0
9.444190987253599 65.99857237300898 0.0
151.95763211676802 105.40264907642303 0.0
191.78959484162738 63.11257137206958 0.0
192.1551371492385 135.45939608406565 0.0
19.57398802160717 121.02734734413741 0.0
188.00377674101614 166.50492511680696 0.0
92.27685852933018 0.5171342959507941 0.0
54.97132709125401 63.187856844726184 0.0
137.8890192561522 107.14788600157976 0.0
99.93247308122785 45.469868252442836 0.0
58.9700055305576 121.74060776331498 0.0
193.48020963612862 185.96270869439434 0.0
123.2254728866363 176.62576606162622 0.0
75.39553384699632 174.1408149414672 0.0
177.68782974995426 134.5551893793051 0.0
42.378198003671244 6.346851980074897 0.0
100.9349566763605 39.05200898022525 0.0
118.11792855631214 113.04641425142144 0.0
124.38333552479739 48.1431794703383 0.0
38.01195950291702 118.57727441751196 0.0
151.54358718469064 137.83329637335666 0.0
194.31138610496242 143.6776000231361 0.0
183.2278720190069 167.3423059382004 0.0
82.20535257442059 107.36664544302654 0.0
17.05024535693709 135.044002175904 0.0
163.3287136739199 62.290412288609566 0.0
131.16257421146915 22.206009788762948 0.0
20.40522720213922 6.433959982900994 0.0
85.02023740450633 121.0462754632417 0.0
15.21513814511517 54.14096861847035 0.0
74.07331997778353 174.2849117309068 0.0
181.80230583086072 120.67038069658483 0.0
60.63063641207134 15.284472189687515 0.0
187.81281302826991 177.05879741270397 0.0
169.7454820549409 91.03573463047448 0.0
79.08341333413658 65.84662817061403 0.0
186.82350038729695 74.66010967327632 0.0
186.07481942092525 33.26480847825939 0.0
22.75471866071481 129.76389774448594 0.0
15.471322342507188 129.76811729335068 0.0
122.72328242300301 75.89366741297884 0.0
176.24490384212342 58.34015314035143 0.0
186.45003834390616 122.50606795125366 0.0
196.70842734268325 108.78406560779715 0.0
40.47463017741648 188.27946618234995 0.0
77.5591756636323 106.25219409677757 0.0
57.185402208731986 103.25889433244365 0.0
195.64051832781865 23.556904492925934 0.0
150.65685308949332 3.2398074246993147 0.0
124.12601740998403 59.34385663357489 0.0
95.95612144124127 168.9601889709773 0.0
67.05691956360289 167.9981459550902 0.0
116.43130668902515 37.084740494335634 0.0
119.64048876574584 42.192627604935915 0.0
162.59627900837702 115.62878479116901 0.0
60.44320315554745 195.2770463107683 0.0
66.57791430398248 73.38363231839683 0.0
57.589440308390905 68.24540674048312 0.0
197.69344388838124 141.06936459743173 0.0
128.3027623537042 194.8082448741816 0.0
167.57713065910664 161.35476248255324 0.0
29.603592473214114 198.13550797525946 0.0
137.3769201142059 155.54846084550894 0.0
77.70347961216358 164.1246757176716 0.0
164.89354233622763 136.67928669821842 0.0
194.6128687843499 138.58804367774133 0.0
196.13576769618905 91.84788006942834 0.0
62.70574900759704 129.54194998988498 0.0
153.6173902188105 181.14573652025797 0.0
31.461156901950325 60.81989857414762 0.0
102.82287197832997 56.10186325684512 0.0
165.3280805836109 19.520544112555484 0.0
88.62023124294973 187.5313461187665 0.0
147.63683271318072 67.34062906236372 0.0
125.00130296476972 10.824142218655176 0.0
62.70657751761433 44.63194216709976 0.0
194.38105288951996 146.12645593028986 0.0
166.77522846767147 186.0604753422445 0.0
166.78920093767695 131.53122857751924 0.0
28.10447642406593 188.03506332146736 0.0
84.63899366470957 19.30819309498004 0.0
67.58933697171537 20.61173711899631 0.0
75.35944033395778 28.36809989152742 0.0
163.42807298324 60.36919264391945 0.0
52.029023236780844 20.56976642190975 0.0
196.88499989707543 35.789797163950034 0.0
141.25033651419574 74.14262102776084 0.0
10.90520979833185 22.969625454771258 0.0
37.856742926863674 64.4115534372934 0.0
29.316784301840816 107.02002113768292 0.0
27.643654841821075 130.17486977232815 0.0
141.58265016015935 133.31238214357174 0.0
42.16863786988474 3.5002531828479677 0.0
196.54086247442098 12.756771766202135 0.0
13.766113690226067 11.367688400356823 0.0
168.29850121123516 116.59412164636855 0.0
184.27393409285852 119.50236427542646 0.0
158.42111260916144 198.72082686990828 0.0
87.5707167917474 81.90464360356138 0.0
80.78604148090538 17.35358517855832 0.0
73.87442013884855 183.99821570155896 0.0
138.9446764485168 192.88139910291648 0.0
72.85409015495463 22.98169414712705 0.0
50.565087971122225 35.040771433659934 0.0
2.958408835566595 55.88283220977461 0.0
199.50323163339897 100.08905733326657 0.0
25.96612469149577 63.978806768059826 0.0
103.27726521512778 97.4401644126977 0.0
118.61509005844202 31.65985134352729 0.0
172.19629387279124 55.2657549721804 0.0
187.26813107137698 18.477761572212327 0.0
106.12132191942922 175.85414803930735 0.0
186.92556780630213 15.034769507249912 0.0
25.812656172518288 164.05826965324576 0.0
22.495794536882464 116.53236807062729 0.0
168.0448382398322 195.95298087931542 0.0
8.086804127289238 22.21373261824382 0.0
87.14637709180944 109.8612282772469 0.0
139.18318834807576 74.597424009491 0.0
0.34850655481664106 48.197490451879155 0.0
192.92471105909186 189.31417406890245 0.0
190.30343271812706 56.116059076424165 0.0
113.30400693021834 94.52256809888115 0.0
35.35926173179629 51.740793395712046 0.0
60.95266229494685 98.2934902200014 0.0
76.65538919460029 122.79201640167608 0.0
111.28640107568486 133.0173602847178 0.0
150.82851676523518 75.71525015131431 0.0
70.13167020983873 87.80206061990272 0.0
18.096271585297252 165.95564819869278 0.0
42.55756882012982 32.99378090223619 0.0
97.71173656879573 171.81094105122366 0.0
38.48845972521768 65.3667897593605 0.0
86.25890693652127 39.33484144572177 0.0
27.77438152747329 158.19243020132697 0.0
178.985622191769 22.051882910018428 0.0
67.74770699840427 187.31153865153627 0.0
140.34699629551866 166.78376336488984 0.0
17.896292680775836 22.498671736126408 0.0
177.159121850684 155.6762625752759 0.0
129.13469378651197 22.82052618936341 0.0
56.23914735118443 104.55495139895629 0.0
49.25680146298941 55.35494895513766 0.0
