98.72948330366182 170.0747758698283 0.0
118.03830179357624 165.76664718974038 0.0
105.13679947004096 130.19604332449495 0.0
188.76693879622533 126.34236001764118 0.0
76.90696461109341 37.41368239059006 0.0
106.38829143270713 65.79198875992715 0.0
73.69574301145832 104.33253428353595 0.0
58.334991436114095 18.023624593608623 0.0
25.444834418545526 31.808012992789813 0.0
117.87993822122948 76.1235301768917 0.0
138.7377367781192 84.6960912671362 0.0
155.32081164009472 36.696015985143205 0.0
100.0093533647392 183.05603056593696 0.0
130.7871686030782 68.17958436454138 0.0
175.664415129933 55.198731872491024 0.0
5.541330375783016 65.25494990561039 0.0
146.854884164985 156.98125703525542 0.0
99.46477207838056 87.59308512093259 0.0
10.611924560219421 126.00609595040366 0.0
169.49199714763355 123.57453185699588 0.0
129.2233077223869 9.891284058853579 0.0
187.07409310668572 168.2437735945958 0.0
16.19240641762818 184.53558912679634 0.0
152.32467557127444 59.64547123257995 0.0
9.810335708065177 161.31052084008567 0.0
98.32097206391914 78.82210090955736 0.0
104.31796191750131 171.369012798557 0.0
111.10340408997408 186.13530386142338 0.0
183.82997711918756 110.76808897330885 0.0
119.23710428620578 140.20613974497113 0.0
35.63841245829238 131.86105629734462 0.0
191.36921657088698 25.65225640624331 0.0
7.208384286099312 74.42216737349806 0.0
121.03615983223384 101.93269411220405 0.0
15.12407363628201 44.224816063545425 0.0
175.04529276958937 177.99399438411575 0.0
14.43837011001181 167.3019986980397 0.0
35.07578084323812 116.04396421028294 0.0
193.3247978596755 74.87559086413276 0.0
171.71371535693737 172.66243671985467 0.0
70.62578474963827 6.94883497919232 0.0
155.95689002935828 96.5908855670872 0.0
142.83651438613484 161.81427435881506 0.0
135.29502452060532 19.925978439284407 0.0
152.25905694928053 64.23705026681202 0.0
79.79133924460007 3.0744889163830225 0.0
29.506594700520438 76.83151507207056 0.0
38.16189898940028 23.710285040746083 0.0
101.23313740058752 137.15666670739267 0.0
134.6693659518254 36.1064819744706 0.0
47.90916327841872 167.31393974347935 0.0
184.71810829911067 69.59899270147393 0.0
146.65907333456786 173.338585934012 0.0
10.35794763476039 183.57034443224245 0.0
140.62173976675896 28.433680149408968 0.0
196.4741173020498 51.225488287994914 0.0
38.990477068050524 117.10371705893667 0.0
144.26138635788058 5.564144777005953 0.0
70.83438776139236 6.502426352773938 0.0
50.65046836754228 148.33706607428485 0.0
90.99813409245353 106.81731549521953 0.0
70.67534019103195 196.4063270465002 0.0
167.8225848495829 84.27132843031235 0.0
4.340252240056519 119.81269325136306 0.0
70.12404472149345 198.32969260660371 0.0
190.3655696246544 111.9857759672402 0.0
114.81519026295877 148.95789959864234 0.0
86.26195542488813 24.915658780316786 0.0
136.74603610721857 40.28465660566629 0.0
67.50263804420797 100.73734152439388 0.0
198.78861603039766 93.781253219354 0.0
88.13383860590555 36.062294459069946 0.0
72.88436232063648 177.07685811056126 0.0
10.983815018158861 126.52410608334993 0.0
91.71855264442061 53.78685789683855 0.0
37.70115929723599 56.38810981011293 0.0
95.88135331039702 105.23928902158572 0.0
147.17344083963488 21.70765110610453 0.0
82.82046092881184 126.74215059969059 0.0
185.44749903164774 105.39248346590844 0.0
1.585540866614088 59.04226160988926 0.0
41.09301150692062 158.68754846809654 0.0
131.31006936233044 179.88412198392777 0.0
187.02139056833386 85.943280971396 0.0
31.571371577119024 151.08498981968012 0.0
173.09217552767643 178.19134682966373 0.0
159.21514368052829 193.3002838843214 0.0
13.409569497845819 195.92252826926537 0.0
108.92583804568173 143.66117567217057 0.0
28.03200753029578 62.596300419492025 0.0
53.76980228320987 40.72411080034013 0.0
170.88799059258625 97.79448247521512 0.0
137.1332590588973 176.67970340110517 0.0
4.011665130666553 92.56407641155893 0.0
98.92256231316243 58.52635789242014 0.0
62.78201225676352 9.37732010594965 0.0
106.58944907419163 27.92179503428254 0.0
197.66981638949252 75.26971060468549 0.0
5.489421226130919 3.68334880518002 0.0
175.0668372701525 129.09964578633247 0.0
3.276512185991942 131.41584478985575 0.0
173.09197858111145 82.5060311949204 0.0
159.483231733355 51.503643283874 0.0
17.839569966198 59.02316825831826 0.0
164.12957991866963 29.711168282647947 0.0
71.35508855374013 186.94486058300575 0.0
158.15055125700565 133.894203232676 0.0
4.694119599835789 138.91271244541153 0.0
173.62663114575423 185.831909241243 0.0
67.74051841777369 134.83616285308392 0.0
153.24729977576024 168.94737926423716 0.0
102.03014762291032 54.634835419119774 0.0
46.13275073692862 130.69241870724173 0.0
33.64681064846875 143.42644239454688 0.0
171.08440571073766 182.62993622688924 0.0
130.32738249988049 134.16633274032222 0.0
88.5300322875295 171.75525852036012 0.0
110.2333567704511 61.377658160734995 0.0
28.874760317987125 173.35539654556908 0.0
49.41648041018256 194.49383298656477 0.0
87.66434593149641 138.7131723729669 0.0
150.82628625979692 180.46783535674876 0.0
116.91264682670742 20.220921352952747 0.0
9.777774841451038 52.685765448086094 0.0
117.14027046980935 91.9762134906392 0.0
39.11782112356646 36.8546941843769 0.0
166.1169722399706 185.6900037765259 0.0
1.899032325205674 64.4179509576492 0.0
107.9954272066348 169.74528132525083 0.0
140.1903255396365 190.18349084744952 0.0
170.46951125049432 13.502186907498736 0.0
185.72360351280554 103.23404272245527 0.0
177.78543574906632 199.4533740363452 0.0
191.3963343289165 18.820385975271204 0.0
83.87940227138608 72.59112701089161 0.0
32.220130056645566 43.822068613330266 0.0
162.61078727720846 149.35573315138515 0.0
190.12573748873086 19.492507355236356 0.0
161.00518103032536 47.79215638817098 0.0
59.10508473568701 62.58838969631153 0.0
46.61684808990867 146.05017674981931 0.0
85.4915014169996 149.6160355433274 0.0
61.56559023699102 128.12068880350384 0.0
192.7493872466848 118.81018490079423 0.0
33.49825466021623 33.70887057724676 0.0
130.9650161391493 0.5934956348745635 0.0
87.67038967743855 93.40265913791272 0.0
38.30038055078313 29.64788836807335 0.0
54.53898602156215 100.80274551776853 0.0
4.992453637734751 40.36159121485892 0.0
173.70244249813837 150.03824630508447 0.0
190.05034314161702 2.2986938447897565 0.0
157.71926594026226 50.09985404417541 0.0
56.623317493785954 13.470693734679928 0.0
98.28231246419192 16.680194772752465 0.0
164.0828772588876 136.57240812385228 0.0
72.42067457265333 137.7189292083569 0.0
83.1824303590628 36.97740231082334 0.0
37.84666732594655 10.60787792516129 0.0
185.2283558641298 61.17095416185918 0.0
94.26063547350934 57.01932405263961 0.0
97.01666612810156 180.4312916626988 0.0
31.371659003532713 135.57845288320385 0.0
110.35970432764644 116.9527358401336 0.0
84.58751311278412 193.10865609920066 0.0
188.34761223447444 168.23717526823248 0.0
175.7725801938928 21.936308132268834 0.0
20.059763718320877 150.46307112108067 0.0
29.16765515044901 123.7493720511679 0.0
41.26142870701184 92.67406850970876 0.0
21.51106496737336 19.76205075637658 0.0
60.691501214469824 31.012038187315525 0.0
50.59555353171093 92.44548136662955 0.0
109.86721607027805 75.8522072006534 0.0
87.94104206136603 195.84230764433045 0.0
168.902283235009 54.58091598329575 0.0
18.958382656457218 29.49073195369458 0.0
111.65501716401897 68.88922430986528 0.0
67.9247039677209 35.24155915425613 0.0
160.59347233874547 47.838490731218045 0.0
155.28623024624432 146.75942747399415 0.0
145.08483500133022 26.586877526291453 0.0
141.24974671501752 98.25731089469383 0.0
116.38665736838503 35.54845305427952 0.0
72.31918230512858 182.02122357775815 0.0
188.437840914096 145.88948263491804 0.0
66.3791508929976 133.53976101385567 0.0
45.61763334580458 184.64920943312805 0.0
147.12255842614667 18.561041463097293 0.0
186.9610224851126 106.40535445028749 0.0
170.06469176501938 198.1573208092768 0.0
60.8895523538866 188.28725067221558 0.0
170.08156165775657 55.88545545413312 0.0
185.33655429392363 101.2724594516471 0.0
4.355513090830643 185.3891535000532 0.0
145.21634552018912 103.08542047338776 0.0
64.80654232449858 157.29673024351035 0.0
12.507127564735686 96.64959229715173 0.0
90.53292717354675 11.026024898901987 0.0
43.78772855927067 102.92728788818523 0.0
123.48019813071558 50.115776577082414 0.0
75.88848151030629 8.114252048920045 0.0
19.5027802234786 158.960709802391 0.0
62.387089174388066 62.538866908410085 0.0
52.17787566892185 104.3353217257102 0.0
72.00038587121811 132.24854965787617 0.0
28.176550023045245 136.8491897220452 0.0
4.493403372497307 134.14898382398002 0.0
170.69228225061448 65.48445772372087 0.0
70.54734873686957 21.69430316866643 0.0
21.372471772049128 42.62390216595373 0.0
129.0985043252489 130.50947451286305 0.0
161.39385811773528 167.48589799163673 0.0
78.98025891446063 41.95867752555795 0.0
58.76795297486368 92.64029646509488 0.0
61.27093576652729 177.55651080199962 0.0
11.658030035726185 101.28714853608938 0.0
44.57024736311701 98.25150010763382 0.0
176.43447341103123 12.237936982493158 0.0
37.49764054353568 149.9942782971392 0.0
44.39059185603793 165.04685430907088 0.0
101.02601719256646 70.63563122593376 0.0
62.48630406651121 39.49741615000632 0.0
117.83471482185965 53.082303330383354 0.0
181.18252394611807 171.6575790735013 0.0
116.68584776735607 145.7715132602746 0.0
156.3741859327799 142.9742928388827 0.0
46.898506873717174 163.90758734836814 0.0
32.62540319742253 139.38623912412993 0.0
51.315586491017726 83.53726425735391 0.0
191.35531894229894 104.19135874202145 0.0
95.7283043608738 195.42288662301354 0.0
60.3187587228448 41.413498384580414 0.0
78.54384424198318 106.80543519752352 0.0
49.67087198301192 165.6704497641929 0.0
66.55183092690149 196.53237458392724 0.0
105.10052644422218 140.0533079766547 0.0
80.96562905950148 152.65785188613185 0.0
49.96222567958646 195.28504400339006 0.0
92.48484816432443 151.5058741526622 0.0
26.031938309804193 81.433881391429 0.0
174.94569514612155 73.31960256229348 0.0
36.45728554393188 167.7149273945616 0.0
114.19608526144613 92.00298231453392 0.0
44.66803659524563 176.4213554134813 0.0
172.1528730774306 25.093575789707945 0.0
89.45802204841317 13.784149227388752 0.0
165.56872831940842 184.9882996401712 0.0
39.14505813092577 143.56736087255874 0.0
134.85656440829595 133.5767065799332 0.0
126.66054691208505 138.46353221807786 0.0
50.389773600662615 109.8190199372812 0.0
82.61602643065223 39.8617876466951 0.0
32.016724680829924 173.4392324947241 0.0
114.83896708998577 158.31897871834136 0.0
42.0984454069655 87.78613595816907 0.0
170.56567586514518 155.0719456393449 0.0
153.19854633553092 51.04815791097646 0.0
61.42424677966005 59.18685711304834 0.0
88.62494559517732 177.3905208138424 0.0
131.53605032570889 95.44944340744712 0.0
187.34308953489858 128.2162356454672 0.0
5.509332345995888 24.85762207286615 0.0
54.35079354350252 98.63508886617602 0.0
165.79399737903404 132.58594592985006 0.0
123.4251245550408 75.35767455374457 0.0
77.811825612841 37.54906149185145 0.0
181.22198334331608 99.6143657844251 0.0
106.4717975405256 143.1991615052167 0.0
180.0294501458471 192.33183312652676 0.0
149.12539038702616 0.9503044048019271 0.0
1.0462423611897975 28.68263428465894 0.0
147.71217499907337 115.63019393686776 0.0
20.876884460020918 185.25615091133022 0.0
36.79119405453828 186.61787095561883 0.0
181.00560751544813 25.48196288666198 0.0
34.34900839681492 48.83361744426256 0.0
163.3312302044488 37.569585233266814 0.0
88.72064511039295 54.5050551736834 0.0
34.41559000082357 94.11132742024178 0.0
157.65485835670526 119.6414596324068 0.0
136.91846574849473 63.627749908434495 0.0
14.500592861381921 148.4058307324147 0.0
78.76217311774714 71.71813708583838 0.0
51.686694436436056 44.08236800250096 0.0
198.889361024686 83.11109345929867 0.0
83.11235596149015 17.09457491735995 0.0
73.04787370670851 155.79331966707915 0.0
34.76100227651202 8.537182588021142 0.0
63.85680720928142 104.52726137142419 0.0
56.79572068718382 161.94282929019073 0.0
16.47818187967949 3.4513179333080846 0.0
190.58952994138926 196.512212551288 0.0
154.5391290536459 156.08898437130367 0.0
80.5892532606216 61.794372904447755 0.0
40.519515671719255 65.97616524077907 0.0
133.60693319763791 186.81140505204482 0.0
130.6405719963748 152.2487013396357 0.0
197.07810140066243 175.8798399704515 0.0
176.36007235998085 71.91494915717476 0.0
53.02155935652368 148.88872657484222 0.0
102.90026123929803 134.17113516016005 0.0
5.880559374263261 75.55215037464129 0.0
29.804714563353407 21.999862410578565 0.0
180.12064283601597 11.161949497098878 0.0
189.34088005160365 72.42516869920269 0.0
37.404695407778576 105.62395663855378 0.0
45.63522071589523 109.18014849744581 0.0
73.3611177969468 28.06910597010688 0.0
120.74826762766352 70.17614533872283 0.0
60.406203972046455 26.088442777929032 0.0
93.46710210228555 27.045130819888506 0.0
165.77735528099853 21.648898752399305 0.0
52.41327167965153 55.15994870859446 0.0
192.87878925135274 135.00462649309065 0.0
157.1342460129924 179.91963119670345 0.0
69.23701381396722 23.426246131129467 0.0
189.16701883763395 98.72006799730175 0.0
135.80833916770658 23.328492700507496 0.0
159.63265128237745 157.91297108880698 0.0
180.0763213327929 92.38427888308578 0.0
80.74091568648092 150.18887682691053 0.0
99.32208749204202 162.47117391167703 0.0
5.654502356390334 90.2028718143187 0.0
180.64596398875807 134.8040334662171 0.0
94.4825926861104 24.894411047649577 0.0
40.76407258761048 175.36540265122514 0.0
173.74381388040246 139.83543964337628 0.0
81.29889521499767 1.753002931099945 0.0
22.459069531742593 134.07391367109904 0.0
84.22810074799219 91.82156317907166 0.0
40.104890463716856 53.322529696183075 0.0
97.35127488339246 190.00394918564731 0.0
29.978361651257156 94.97532351884281 0.0
41.07947052092686 138.95449469286655 0.0
166.0949274886193 128.31769986634382 0.0
105.54782064655035 122.16506806703262 0.0
2.560801925982803 9.428030939879338 0.0
0.9967568774750246 67.4623926470554 0.0
31.431859039708556 12.652088926125327 0.0
74.56277085913516 31.80287658145804 0.0
198.3913226639853 49.164111446317584 0.0
13.064799859001397 64.53896781536005 0.0
145.1488667382215 198.01131231652468 0.0
114.06779332831137 129.33900466282387 0.0
163.28394359997768 36.17129654565976 0.0
126.45027851787832 154.20017844059427 0.0
116.32667194836883 121.53480961656118 0.0
36.897978192803116 174.50217587430942 0.0
115.18970052010526 156.3589447732622 0.0
110.19100733381997 35.806774074754614 0.0
116.6349372235458 38.61876550688126 0.0
178.84727749254296 31.116584735896314 0.0
55.27930945956208 194.8182289899078 0.0
21.630286747913384 161.5638457539009 0.0
16.713969494891256 80.20387877966746 0.0
70.62455804061425 30.008004275676093 0.0
112.63176679861952 130.9578402009848 0.0
43.02748820962468 103.7787447904042 0.0
128.42804043924662 157.82928449422366 0.0
6.501554163540901 15.808752511819147 0.0
79.56015785328265 181.7964075709281 0.0
55.876191967801006 112.65848287069038 0.0
135.02150907840743 29.733806972679822 0.0
4.1839837791763035 3.442897656646804 0.0
144.6059413413807 31.692903596978983 0.0
72.46106545152793 15.427992132334012 0.0
41.20905161590689 91.2858502253046 0.0
100.43702348116115 20.07283223979872 0.0
80.23290930461621 36.796316072306354 0.0
94.1847900410491 57.55038026037291 0.0
25.231205914964526 103.02312585161073 0.0
176.99647017419616 158.28857359019673 0.0
192.2521271202835 42.49578278685544 0.0
16.1962315251891 136.83053692495633 0.0
124.90649241047305 119.58351457592869 0.0
161.29676555758917 116.32096110693189 0.0
188.00909043608317 102.1524631453863 0.0
47.85114565420889 131.1832549124027 0.0
139.71140677550747 132.80828679560784 0.0
96.5471737484194 151.06002878262169 0.0
170.36429786349936 35.39442162722275 0.0
168.53665133743743 70.84718203864573 0.0
180.91942245559088 192.29892614645618 0.0
25.687358377236723 19.659811326215216 0.0
14.498573120713608 14.255718291019281 0.0
188.3907167010097 155.8257895488857 0.0
151.83041014991073 16.708827657177693 0.0
83.7536002738065 135.5108399970515 0.0
34.574328009941915 15.4410214822021 0.0
33.44790694633155 69.33666862207669 0.0
90.12157509981694 159.05111598753416 0.0
43.186912506630094 14.36151944192332 0.0
97.2840209440146 26.996927515579184 0.0
124.74269733913059 88.050368996273 0.0
154.35125518880167 39.30379720746253 0.0
6.614298364100812 136.36974446496419 0.0
189.31709330416845 147.67128311926535 0.0
170.90148255053987 139.9000391794011 0.0
86.64678651253767 7.593559647331638 0.0
191.63439861021217 199.8658839471174 0.0
95.77660407120018 167.24175352694664 0.0
143.75466763646017 10.243107593454726 0.0
33.60773322957515 51.23940896436336 0.0
2.1387929741877088 192.60847147349517 0.0
96.57680775904771 66.09486792963611 0.0
56.50000912955091 147.15628646842063 0.0
57.45563023674445 8.937439544357018 0.0
30.700188795904214 156.31381482200644 0.0
37.852966128406116 122.33679560475872 0.0
13.948449969063926 166.64510356126237 0.0
119.46165915950351 5.367961656412601 0.0
86.55875731612946 170.2407908558702 0.0
185.41459549607694 164.71713658778177 0.0
54.38377320506238 8.549239045921464 0.0
167.68330636349705 69.50622240479882 0.0
193.73786990495557 129.6120394635099 0.0
117.27342968684495 159.64693103039548 0.0
152.56722432492413 143.92493374442344 0.0
11.04142198745015 149.91802185204784 0.0
153.82046044477852 144.65286332158118 0.0
162.2773496174132 170.59213981802327 0.0
3.418443529948889 84.68568197005561 0.0
111.76881960074634 190.3214131835908 0.0
117.91730341410774 36.02903371358261 0.0
141.88148058303597 178.12391532960638 0.0
55.903898043103275 96.2824498207301 0.0
78.26173564803346 178.6958046792936 0.0
62.35842941820824 52.464786828060525 0.0
22.087802113696053 98.90681507466235 0.0
116.66407679956956 64.20475885336833 0.0
90.36535235920007 133.2196210697681 0.0
112.63892449949165 186.3222331205992 0.0
132.5844371977951 191.9062636795182 0.0
92.91072849821502 115.08374931755154 0.0
139.12466603416254 38.31787631548911 0.0
110.15039606841903 112.92344777233028 0.0
60.11588080358461 90.09650685479953 0.0
94.12535321158337 43.178594171710905 0.0
13.031932693012482 194.1008377383345 0.0
66.22930559423298 29.396478240197553 0.0
173.1154671166414 145.95031364224508 0.0
162.09019724008706 43.02744809556005 0.0
12.801926807364383 92.47504860695928 0.0
198.05347324802304 118.82655928345298 0.0
184.63127432885364 28.991651201418954 0.0
148.78307316671075 99.04418500287039 0.0
26.70632407960756 183.20798298293727 0.0
90.9179591077906 15.49370440639466 0.0
10.576755966408658 163.69260780589875 0.0
111.66712515780226 32.842205125838845 0.0
48.49837693067718 143.2275477750162 0.0
181.421588865114 96.97801029542212 0.0
30.337296102132782 45.995786819396066 0.0
45.90691660055768 59.06653388271077 0.0
69.95918919269985 112.43769835784012 0.0
6.095389737841472 78.91388640378749 0.0
106.76400277164797 126.7434815940586 0.0
23.042027178002588 150.51546230746885 0.0
130.09681976188952 9.331440817013071 0.0
110.00415535458019 38.17442854294419 0.0
172.58594140904412 0.2947750852553499 0.0
55.649406831973415 163.33302426894062 0.0
153.02947253421704 89.68239031931012 0.0
159.85241276598953 40.26725741234847 0.0
40.27210026979014 86.61193820008796 0.0
57.52575567128753 123.05346638081967 0.0
56.5840157902747 161.59628234954806 0.0
56.126026739924995 196.72300069348017 0.0
142.37426134437592 45.09726918381314 0.0
118.92117876572219 122.27907586541123 0.0
63.641068980349004 120.20350349490914 0.0
88.80070406462704 28.257729209125593 0.0
159.3821328054022 8.461716768980821 0.0
166.35535657078486 130.77252376271292 0.0
198.25796117088413 115.27405192927553 0.0
31.148649408279194 59.49054514519769 0.0
142.12191202126124 174.90644876298276 0.0
126.5474694930819 68.74501275171934 0.0
198.60071118649844 115.03608219521875 0.0
116.17460118645882 20.997610484395256 0.0
185.72956216343607 146.89868346684165 0.0
163.99118439649365 144.12150469473502 0.0
128.71640672442595 79.47930883563492 0.0
90.21251835731425 84.48383898095028 0.0
162.23003253532193 54.82300371546482 0.0
11.705853642111919 104.56420243264294 0.0
21.177119064500417 6.424553112772702 0.0
188.21416894773387 6.853538335648679 0.0
68.75370415948132 153.7894098374312 0.0
64.6952836359798 105.03562203667383 0.0
132.62665465563168 163.6406075288644 0.0
125.26084801697297 108.96118566723865 0.0
198.4212892611207 31.87935665650976 0.0
155.6452398688671 141.68244047543675 0.0
44.26141282222671 70.28976646110041 0.0
48.82950715344274 64.82368403417283 0.0
190.92843191202888 18.111035303326474 0.0
182.39099624828927 52.82141764985315 0.0
89.27655103372456 40.98316931295138 0.0
46.344503839617616 127.07523988943082 0.0
69.86125784427517 28.40514346926213 0.0
6.686126999442021 137.80858520533502 0.0
39.30874933244013 155.72729108353286 0.0
52.5462930139003 64.44620475201985 0.0
23.774154970577843 137.8323735785591 0.0
93.80384148467836 94.57303534652041 0.0
31.906791754162732 169.04278487154565 0.0
51.208190188246874 137.0470761121969 0.0
138.0609804665768 17.4239385066417 0.0
12.502079589710213 26.596449909842935 0.0
171.0612369651949 121.53694118002916 0.0
115.73260444631303 85.23892187785526 0.0
134.651010224592 23.82626150261633 0.0
164.8836248127938 120.11973123145442 0.0
82.82442426248409 67.21100281113141 0.0
83.15786919080766 157.8715112959705 0.0
26.560813123056025 180.0812378608063 0.0
165.68248697775147 42.357918279145125 0.0
158.05206778902243 179.78359276655252 0.0
106.1069750874996 55.67030191760687 0.0
44.33334356946077 135.8131577463853 0.0
140.50781319720556 161.5046318666069 0.0
64.29765083849719 151.31152821553636 0.0
177.2094567542015 115.55368623978555 0.0
41.39551075692911 45.10368132868683 0.0
62.57655069467065 139.30735311808968 0.0
158.89093717635984 46.38919896991223 0.0
170.5276795276481 111.66161332004454 0.0
35.36541229400632 150.3360107615498 0.0
97.4661514043182 96.99473578842917 0.0
85.23181572164464 25.207883365841944 0.0
194.5187465641538 98.8768831987469 0.0
192.34057856463355 110.28954734626555 0.0
175.41852854601476 5.337216373360532 0.0
84.33068375799613 198.7561010156194 0.0
101.0633188005676 174.62040078832194 0.0
11.198357363369627 160.76634381937578 0.0
60.726535722938536 199.62218669008996 0.0
3.6267146583382814 129.44235595766867 0.0
45.09259038315139 84.70158126625027 0.0
114.93983731688722 46.030456816603895 0.0
37.734230893439346 170.3249556101348 0.0
35.11518101897442 140.4215440116734 0.0
39.34461523335124 49.00518021993283 0.0
106.10840238390715 109.34162717434273 0.0
182.98213168945384 30.2567690947531 0.0
64.81510617186046 46.90612603735986 0.0
98.78133613656598 32.79580763548069 0.0
193.31428465215805 180.86437076823916 0.0
43.02876168604391 108.9711375667155 0.0
165.6085118283886 172.7435033265231 0.0
19.197462849049685 139.42136768612625 0.0
145.8963254436986 151.23386731716377 0.0
187.47972836704068 175.20969059490733 0.0
15.482485649592071 165.54069831693425 0.0
84.5525073956847 50.1966819221771 0.0
183.75216442569368 169.05980584802774 0.0
156.75551765242147 38.168845178417364 0.0
73.2053469269204 173.61769490133312 0.0
47.55723481247185 87.24850950600695 0.0
59.36817253622666 50.64947143172294 0.0
174.1293843132004 128.36855380020125 0.0
193.46811479698712 198.0705847335103 0.0
178.045731708229 125.10326828760417 0.0
39.0803141495677 140.23133172342796 0.0
41.56642926214496 108.90429783756959 0.0
13.52260634827067 83.22588423549617 0.0
23.66436133015768 26.7986897356824 0.0
140.597222998042 108.96034086232976 0.0
88.89527731877018 17.863662535046632 0.0
93.3472990077129 58.76718211890668 0.0
177.4089162862461 130.3006176425579 0.0
33.81674731037603 30.986271418068533 0.0
95.84345686773506 92.68873512277183 0.0
41.372351620421476 196.8154120890047 0.0
196.54110200860075 161.00626557418477 0.0
61.96719056913593 124.86623084419446 0.0
156.46783689456439 77.26549390286847 0.0
107.79489327844647 197.243977599753 0.0
67.41569936357851 196.11511467134642 0.0
90.10450185702126 198.60271037884664 0.0
105.5113226556008 62.521565487518686 0.0
177.51594599963113 164.51000693713985 0.0
60.749627409662075 156.6487801844397 0.0
137.9966973289237 86.58834818491728 0.0
176.2170864899558 161.31347479780132 0.0
144.73011862471364 89.28294612754402 0.0
71.8641191083837 152.90102387750122 0.0
4.42671164521784 16.738699535614778 0.0
9.131530560016188 168.38474265529038 0.0
101.19944846449212 198.15180222109078 0.0
190.43131890609175 59.099191510081006 0.0
139.9449802747035 96.09421818943053 0.0
181.42730422187407 6.175992828373755 0.0
20.24254147627529 184.69221017409492 0.0
94.25653138314168 143.05834342969575 0.0
75.10295895324668 153.17275517146848 0.0
76.27758622328255 7.268398033315271 0.0
68.47026978225766 185.17464631135556 0.0
111.62732707029383 26.609296388705907 0.0
161.19886481526174 25.353771654561342 0.0
161.81285757295717 134.24164612352988 0.0
127.29937549448498 12.194972023210804 0.0
46.760825525983286 102.58185206893013 0.0
30.566861875359265 29.575564706551848 0.0
199.19149597823048 87.72772765488858 0.0
156.2750653154634 9.508626207769622 0.0
112.88036922482449 184.12443787842113 0.0
33.440964946489046 4.626707067511693 0.0
149.3153357384942 103.44176331342585 0.0
80.23401193430306 141.3496635242735 0.0
167.45282341439716 12.141439974065161 0.0
158.42489510271557 163.31298929246356 0.0
197.72152846178403 88.97113216013098 0.0
132.33888692058537 179.51588097208315 0.0
94.1177944668303 96.62945258431317 0.0
193.59914438167846 42.78109075535252 0.0
167.18191554716654 1.1041623925633903 0.0
35.01576215968949 101.50137440250681 0.0
25.839979530489465 17.693689313034987 0.0
135.2964992261519 91.28026933994882 0.0
37.54118372529125 14.479599384374131 0.0
50.82558350792223 62.95762591693364 0.0
153.81589977514864 162.02585649472636 0.0
101.57725204755018 79.6432203175061 0.0
142.32499522825714 82.33814995537598 0.0
185.30093301178127 157.764515912553 0.0
116.66630305164159 120.62467318729999 0.0
57.43540256485655 175.767517916495 0.0
61.649448817774854 140.15732210359295 0.0
73.77946069351363 28.992436725045522 0.0
14.445453986703516 23.540312540715824 0.0
108.76705296984908 170.3787111080815 0.0
80.9630289701042 52.95079507693885 0.0
134.26505472580388 44.03673622663724 0.0
141.99855114039806 137.4240549259262 0.0
172.13222853664328 192.35645283999986 0.0
135.15230258920013 57.013615011877164 0.0
18.348171230889164 197.20581585039838 0.0
186.19855332183397 101.66432176414719 0.0
77.34146332699123 101.90486388259146 0.0
7.542685949435501 96.89442866497058 0.0
42.216432760070674 153.04407712650774 0.0
81.59365022021716 28.89040577290498 0.0
9.89830363320372 199.84836001793127 0.0
3.3254384213220467 108.37602215246595 0.0
129.786861554622 93.67096222520959 0.0
168.99662517427302 145.62514852525575 0.0
50.32901367583775 141.33426145498706 0.0
166.94219525078523 148.2454085162616 0.0
49.99091475859334 83.41740031135755 0.0
151.54737056905796 98.86775139852548 0.0
17.430771798583322 192.22333422557836 0.0
162.9582749215683 121.63471464012538 0.0
180.24359082696364 114.04081728842137 0.0
192.7797753709884 104.38804680489004 0.0
72.4695448199441 16.449622677215856 0.0
189.95597651377327 107.71412772578786 0.0
78.12791884090313 43.80005798975404 0.0
151.22427956277832 162.51342323072248 0.0
191.35892729402943 32.63074218909752 0.0
146.97919050496608 134.51812056034024 0.0
193.32596139279994 93.6713649839501 0.0
196.0773254199248 17.189696704357395 0.0
61.851191454581354 28.20991225118783 0.0
122.06049521348545 103.68626793862576 0.0
101.82770980803785 13.986791364298746 0.0
98.46891545381489 184.09712370931558 0.0
12.771788400953854 169.41097800881099 0.0
122.36202805771181 15.89981535752596 0.0
94.449024717921 84.776157416492 0.0
142.85962468226657 23.60289435623788 0.0
32.328574612375014 195.287684021407 0.0
15.461391747787644 97.7953257568745 0.0
1.6899217745785178 163.09392108401082 0.0
53.098201056654545 84.33123973581121 0.0
182.52695219514447 34.14841704544263 0.0
101.31382050855173 81.13664440005537 0.0
186.9644344983986 40.61212427941365 0.0
177.67110319655026 193.13251163744488 0.0
166.72228188571586 130.637695001172 0.0
184.42185899959858 135.0263601475219 0.0
90.2333316970839 24.760735787118392 0.0
28.675149494161833 17.23241772981212 0.0
57.34067525793019 21.75565320590913 0.0
65.74381628412804 1.9381268959310693 0.0
154.07085439165195 106.69659005880521 0.0
119.04458452613605 74.34268545139646 0.0
40.79957135094945 150.09674691897803 0.0
23.872243042148366 138.35099810415628 0.0
14.196885289039285 129.38217559180572 0.0
92.56378302860759 16.51439582168606 0.0
86.65920565627256 152.58897343506783 0.0
105.01368096865261 110.76707410387887 0.0
86.50559205699555 19.05558693054743 0.0
191.19683627829684 63.51526191127199 0.0
98.03633644724754 113.01480147871959 0.0
91.30092212151848 147.89370303287345 0.0
132.62198575313207 193.37275540061964 0.0
154.2653171314635 111.51206188905527 0.0
150.31138556329427 116.59510368609112 0.0
66.9690316301005 199.77147995439063 0.0
36.01751165973324 109.50338735447068 0.0
94.00538362689868 92.8395088353987 0.0
75.16031839911616 94.91732910055941 0.0
151.92642368332815 104.62928649086831 0.0
70.71599913725457 165.46169970632923 0.0
142.03559042045245 12.63678959117076 0.0
96.94247236517973 199.4891593142423 0.0
22.252159271660243 114.24765576851033 0.0
194.62117566496624 17.95329659874041 0.0
111.26655156600198 138.13304142047198 0.0
78.47557363312099 192.19891051397263 0.0
87.15080179530914 78.61165582713147 0.0
149.49703740899517 30.01939767771502 0.0
67.78375983536466 66.36299726687518 0.0
183.2292393492092 190.96389973183324 0.0
41.89602434505897 40.63461354471152 0.0
199.63226211471553 11.759688803192825 0.0
157.23479400891193 46.09404006876383 0.0
10.968170856855997 158.84808971284997 0.0
166.29424069309792 41.73383795838521 0.0
191.21999093641097 67.41503696425694 0.0
80.25220293811086 179.7459788699861 0.0
113.87630977932623 174.93018450635097 0.0
188.19950297402139 189.03970526444718 0.0
64.48418735290022 12.091299992664851 0.0
61.44323075652418 181.08468735362933 0.0
50.1931818751485 175.20348572324136 0.0
181.61093064284506 85.01923308665972 0.0
0.5837969640375196 71.40553691912612 0.0
6.477733135256614 14.470981610125477 0.0
182.39374373074853 101.78872179883707 0.0
18.88389133844268 170.29550480532635 0.0
35.32602807548801 27.335782510667308 0.0
191.80546237042293 191.44586435644675 0.0
76.94287226618523 48.74113487153249 0.0
146.58620270959673 180.4441177300189 0.0
21.71995749518032 23.55571716548779 0.0
81.53401010386503 150.43350496702192 0.0
12.655870233041021 42.73303016636514 0.0
104.5306309663723 167.54793991249866 0.0
73.40167863082424 93.53546573910482 0.0
115.99862867806104 195.34309892441007 0.0
154.6961559925522 146.89309782572624 0.0
57.514867297151895 187.2914194181775 0.0
70.96233787292667 124.68970001599908 0.0
166.5552184363371 118.85090899513588 0.0
1.2413930338579737 26.083683764074127 0.0
59.30031602857002 2.375681678826891 0.0
63.21021823816571 21.85442890228679 0.0
1.1277034594414648 86.14376435905872 0.0
159.84934821985945 161.89732395924753 0.0
18.36086225763982 3.035704938481043 0.0
45.39816410349129 83.3735839984046 0.0
155.04102493506272 4.905196318041649 0.0
160.5547059083607 155.65377389153218 0.0
184.93293942226632 195.4407751425708 0.0
46.44759392266362 53.07677419652039 0.0
51.6710744891318 57.325527045427414 0.0
62.72807776215157 7.678738764601278 0.0
28.89810477257302 158.75947302933182 0.0
107.20032173990799 161.4293631552558 0.0
67.44273558072837 119.91711533406175 0.0
62.72849351023295 111.14564797819175 0.0
28.029376154011242 121.67052143339426 0.0
181.72950442785455 119.13617326097597 0.0
85.70732697722568 46.91604451193292 0.0
159.38054541861862 148.76160349071532 0.0
136.132608100137 159.10062784142283 0.0
43.740865428984236 76.48007870670928 0.0
134.03072220973834 43.05146989421231 0.0
184.30756859046227 130.57888577480094 0.0
150.61412637335332 159.9706338184385 0.0
130.09555514111693 11.676658677617802 0.0
149.4233123656372 1.4639094506491812 0.0
154.15195385802176 61.21312763245865 0.0
49.00587063929716 66.73125684641793 0.0
103.48580021627907 61.5262641711644 0.0
166.04314125249215 132.55369654722068 0.0
151.713958994932 174.7495321222804 0.0
13.979328488161634 137.469585692074 0.0
166.29465870011921 157.64466497054917 0.0
69.90344436520016 59.5408501287835 0.0
193.04023273047147 125.61829999966439 0.0
116.379476215962 31.367646137852432 0.0
7.6711062968988 181.55357814549643 0.0
115.11581787264733 6.517672098712013 0.0
187.49324891117288 173.72056096609208 0.0
75.80998722729446 168.2942771692015 0.0
115.85168575060783 101.9123056937265 0.0
46.20027140740361 154.77517974077327 0.0
147.83300983272622 52.08602032204384 0.0
168.30096966619573 63.311531634138404 0.0
37.76002062315471 7.17173650359344 0.0
120.99346091025716 93.18480959909365 0.0
57.34215201253168 55.34362277016347 0.0
0.59046880467859 186.87690256292916 0.0
17.915370325883483 196.93194770180335 0.0
