2 493
4 955
7 849
8 816
11 200
12 130
13 194
15 981
17 14
16 52
18 722
21 140
23 341
25 561
24 5
26 961
29 13
34 125
32 871
36 961
43 474
40 200
41 422
46 757
44 616
45 317
48 955
54 320
57 577
56 605
63 562
61 382
60 130
71 87
76 481
77 523
78 627
79 207
72 654
74 644
86 877
81 152
80 977
83 6
89 71
88 271
91 224
103 578
100 49
99 78
97 256
109 42
107 881
104 201
115 625
114 83
126 171
123 40
121 707
120 846
137 579
139 538
140 837
142 868
129 318
128 138
130 532
133 742
135 558
134 153
154 968
156 951
157 357
158 48
144 666
145 734
147 81
149 255
150 306
151 931
170 398
175 431
161 534
167 997
164 921
186 105
184 756
185 654
190 368
178 513
176 320
182 53
180 607
181 602
205 249
204 349
201 589
200 663
196 381
199 766
198 981
193 419
195 725
220 216
223 968
216 166
218 916
219 992
213 504
208 317
211 913
238 649
232 960
230 445
227 395
226 808
224 607
255 915
252 732
248 731
249 51
245 379
242 254
243 222
240 793
241 955
273 74
272 124
283 259
282 26
281 64
280 623
284 59
259 419
262 609
263 573
260 868
261 272
270 888
271 551
268 200
305 133
307 959
311 414
310 443
313 187
312 509
315 836
314 166
317 277
316 133
319 309
290 104
292 906
297 546
300 80
302 7
303 991
343 222
340 573
351 756
350 296
349 818
347 989
345 308
326 307
324 592
325 225
334 939
332 386
331 572
329 680
374 996
369 203
371 241
381 376
383 99
382 861
377 487
376 312
378 539
357 857
358 826
352 135
353 667
354 699
355 815
365 861
360 907
362 315
415 439
413 789
402 980
400 285
401 462
407 91
404 573
395 785
393 517
399 560
398 299
396 607
389 467
441 526
442 720
446 875
447 202
433 802
437 444
424 728
429 958
428 230
431 121
417 269
419 25
418 328
421 792
420 913
423 889
478 682
477 409
474 804
469 99
467 550
464 727
465 811
460 968
459 950
458 514
457 639
454 365
453 606
452 798
450 963
448 489
500 639
496 313
492 208
495 432
494 768
489 858
488 216
491 157
490 858
484 101
487 923
486 692
481 169
480 731
482 832
