1100 151
1096 366
4 549
5 649
1098 621
6 848
7 859
8 485
9 873
10 720
1094 192
1088 538
1089 878
13 40
1090 280
14 919
21 498
22 788
25 23
24 384
28 596
30 161
34 832
35 206
43 526
40 513
41 778
47 970
44 877
45 48
51 635
48 283
55 509
53 559
52 461
58 377
56 778
61 387
1033 773
70 637
1034 969
71 416
1035 138
1037 991
65 596
1038 319
67 498
1039 131
1024 541
77 881
1026 288
1028 826
72 202
73 615
75 866
85 8
1050 326
86 144
1053 919
81 335
80 233
1054 462
93 358
92 128
95 525
1042 573
91 185
90 449
1064 217
100 121
101 8
1069 967
97 675
1056 123
108 978
1057 169
106 14
107 775
105 903
119 350
118 668
1081 133
117 849
115 229
114 628
1086 682
113 80
127 639
1075 700
125 979
1072 812
124 35
1078 562
122 430
1076 221
120 430
137 388
139 429
141 519
133 764
153 448
156 367
157 626
158 664
159 893
145 308
147 29
149 947
150 856
151 548
171 170
170 492
174 115
163 357
160 837
167 381
165 999
164 320
186 438
185 286
177 603
182 71
180 974
205 937
204 181
207 853
200 358
203 81
202 204
199 449
192 410
195 119
194 800
220 769
221 765
222 786
216 954
217 599
219 654
212 922
213 925
214 66
215 424
208 154
209 654
211 268
237 224
235 504
233 599
229 611
227 535
225 922
254 598
250 215
251 375
249 790
247 133
244 767
245 187
242 341
240 131
241 448
275 887
273 518
277 528
287 274
259 350
256 899
257 653
262 73
260 514
261 34
264 826
265 445
271 909
269 738
305 545
308 910
311 119
313 40
312 295
315 265
314 529
317 141
316 859
318 415
292 973
297 901
301 551
303 736
343 153
342 639
337 604
336 539
351 248
350 612
349 474
348 448
345 328
326 526
324 604
322 693
323 107
330 454
329 490
372 985
375 357
369 210
368 432
371 216
370 660
380 897
382 340
376 428
378 14
356 332
359 381
352 876
354 684
364 772
365 158
367 548
362 235
363 850
410 242
411 728
408 291
415 430
413 810
403 646
400 313
401 71
404 194
405 911
399 879
398 483
396 393
387 682
386 859
384 885
390 247
389 526
440 29
444 369
447 961
432 393
433 882
435 572
436 903
437 769
438 110
439 980
425 303
424 246
426 398
431 585
430 619
416 587
423 796
422 528
476 941
474 7
475 91
473 618
470 442
471 828
468 265
467 5
464 340
465 75
463 13
462 383
460 706
459 74
458 814
456 314
454 978
452 324
451 427
450 312
449 639
508 251
509 737
511 860
507 246
503 356
496 479
498 442
492 289
494 999
488 45
484 317
481 470
551 425
549 851
546 252
547 594
544 680
545 358
559 471
554 415
555 410
553 101
567 28
566 573
565 202
564 434
563 320
562 45
561 929
560 827
575 148
573 112
572 885
570 744
569 830
513 342
515 384
524 712
525 425
527 42
520 536
521 852
522 746
532 690
535 622
528 149
531 87
541 69
537 605
536 809
538 110
611 317
608 889
614 792
619 704
617 404
623 122
620 388
627 313
626 667
624 452
630 367
629 380
635 398
638 315
637 936
576 223
577 171
578 928
579 277
580 328
581 353
582 827
583 668
586 579
588 245
591 971
593 884
595 937
597 743
596 450
601 350
600 54
602 515
607 726
687 449
686 807
684 116
675 405
674 987
702 302
700 27
701 960
698 499
695 484
692 181
693 66
691 827
653 418
654 338
649 942
648 500
651 484
650 57
645 979
644 73
647 787
646 738
641 957
643 965
668 445
666 940
667 768
656 497
658 762
747 76
744 563
751 382
748 118
739 87
736 143
743 472
764 238
765 294
754 899
752 803
753 545
759 209
713 926
717 663
716 821
705 567
704 487
711 287
728 282
729 48
730 460
731 664
733 839
734 93
721 966
722 445
724 927
725 160
727 885
821 447
820 71
822 613
817 173
828 761
827 192
826 274
807 365
801 521
802 587
803 211
812 343
813 163
814 302
815 621
808 881
809 887
810 385
789 933
786 175
797 171
795 989
792 73
775 979
772 132
773 506
770 339
768 771
769 413
783 259
781 351
778 28
777 762
881 649
880 666
884 528
886 55
888 544
891 673
895 474
864 81
867 426
868 572
871 170
872 542
873 990
875 863
877 753
878 784
879 341
851 872
859 330
858 828
857 649
863 392
861 523
835 265
843 570
841 608
845 944
956 60
959 62
949 789
946 458
947 241
941 555
942 493
937 848
938 91
933 708
935 385
934 298
927 396
920 503
921 861
918 166
919 905
917 967
915 634
911 434
907 333
906 627
904 141
903 668
902 958
901 338
900 281
899 753
898 452
897 929
896 207
1016 16
1017 909
1022 578
1023 982
1009 210
1011 157
1012 786
1000 253
1005 321
1004 155
1007 504
993 676
992 978
995 855
997 917
996 443
989 928
978 808
979 308
977 18
980 247
981 586
969 712
968 144
975 689
973 700
972 844
962 704
961 88
967 439
966 19
965 797
964 209
