164.93192051615463 71.96017967576427 0.0
179.16016982280365 117.63877033763539 0.0
137.81265632145227 111.13511987550946 0.0
115.94569641962948 152.29423967612144 0.0
102.13907901010937 45.20268012418909 0.0
110.42670171313284 0.65938404826551 0.0
44.439484912825456 3.2737656191082376 0.0
161.77933965047743 113.0102565911733 0.0
107.07820868440159 131.16179836722307 0.0
116.90150563303554 150.49987430437392 0.0
23.82610505100653 124.22362767260124 0.0
128.97918029162182 1.9485210451150703 0.0
103.51166679920931 195.09291953010086 0.0
104.46848843153988 128.52273264045382 0.0
37.00301922320699 18.206647420444423 0.0
103.68510998195816 72.05122467288176 0.0
196.71636222469724 57.28313297402883 0.0
107.26305532593699 5.108948048880424 0.0
48.04170607911704 152.41785850951317 0.0
64.06501011061583 149.6330807296076 0.0
198.52209667270603 120.2212210561191 0.0
95.69691157646889 145.71777442351464 0.0
73.31782262707249 3.4299767333897835 0.0
148.59958229672395 13.36713351449259 0.0
24.432411687213328 95.6822114771684 0.0
56.76068720736811 17.368835874911824 0.0
56.37253023317781 162.65321704378812 0.0
106.41055486026569 119.0835137918737 0.0
82.35922758708998 182.50771989929288 0.0
178.63561527468298 178.8278854473202 0.0
112.9032503609476 36.631482787269 0.0
186.66369732265971 58.6624635627941 0.0
22.50249573462415 95.8633221814169 0.0
21.645593274043517 67.77738450110012 0.0
140.41499580154584 167.9562458639276 0.0
174.077694251039 191.30283209590186 0.0
67.90608028787872 198.75427679194232 0.0
7.580773252183559 48.25323766225764 0.0
37.06368615019711 52.57939254630881 0.0
127.57030005405284 135.44732037737194 0.0
195.22123237138624 36.580742869280925 0.0
9.424035547347698 31.628852092840344 0.0
24.22252622362382 179.30617335118188 0.0
29.07290501931692 59.64571016135343 0.0
85.2087789459314 25.51384876224727 0.0
73.51149619274713 34.42784257284337 0.0
17.30283978280649 67.24965538206729 0.0
199.54483734278915 160.63731454750086 0.0
12.51134013809323 95.47377291227166 0.0
156.15838949714816 86.24658542004431 0.0
39.36050133091433 127.0277663613157 0.0
189.21859849542156 166.93395630254892 0.0
94.22684483179273 138.49113677513427 0.0
6.781492228034192 151.06786674249338 0.0
122.01930023617402 21.484360062071083 0.0
99.10732538492763 156.1846348565674 0.0
166.8145137412547 163.2329714819603 0.0
179.54941452014853 175.2469368285535 0.0
188.24242912335637 51.715367026942616 0.0
140.8057079504539 24.603237364687836 0.0
10.864664704248383 106.47445213893236 0.0
5.591952247064014 25.451137193062866 0.0
61.48335478772666 144.18144687267315 0.0
91.61557965207278 196.74042347249974 0.0
93.26351686559575 102.29769275789873 0.0
7.79977978498807 129.83441953509524 0.0
195.74737831407901 64.68824928099626 0.0
152.02753019229135 13.881064507882401 0.0
46.284248652032865 59.798859792326795 0.0
90.2457121791195 85.72795739856089 0.0
171.09503089599224 135.0156567616019 0.0
162.58965511348086 89.34837120781825 0.0
153.13558902642484 50.0848153143935 0.0
84.2588350132748 147.12813253822077 0.0
49.11866419199165 177.97716844146726 0.0
187.19481097993133 168.99602662796042 0.0
159.49920139276801 53.34057015940432 0.0
83.18265499717921 155.26313999572446 0.0
132.9234100259598 66.69072197055034 0.0
119.81756678435754 85.16956712197774 0.0
180.58703682196824 66.74878340530628 0.0
47.848645568061386 125.51942981325077 0.0
126.14378035163061 103.84218879402529 0.0
21.73208468699448 42.41824310183064 0.0
123.25000090644731 24.042569141977065 0.0
14.796342011063523 154.00929942481966 0.0
135.52719106698612 106.72280858861821 0.0
146.24225632767573 123.23861289681399 0.0
92.66911240368249 27.47284540793984 0.0
89.27126055732579 157.06081739995136 0.0
11.615580760609934 123.82176682078419 0.0
57.9552518231095 152.13112973472667 0.0
103.16045774359624 42.971496679998154 0.0
55.03193156482371 6.911388109392402 0.0
172.0564869519716 158.75523635858067 0.0
103.62980619963085 106.25097069265593 0.0
62.625132970945785 59.291568402163804 0.0
82.99723630419831 76.88614841839816 0.0
102.07470173386375 127.31305878277152 0.0
141.63043464631528 110.93434528899392 0.0
50.17548762844295 161.9057902713459 0.0
70.76533596454205 59.34249852671045 0.0
176.63588279001118 123.40439079936532 0.0
87.01889388815138 108.38155789614892 0.0
156.46885172094065 22.444606533038346 0.0
195.03542263451527 169.66201021478383 0.0
98.83325212688673 119.68349288923825 0.0
79.31405275195151 137.77803929382654 0.0
6.280076657693878 154.4550621585387 0.0
108.9635883243366 99.57089391599412 0.0
99.02874508170807 78.6369602650716 0.0
129.95151157644017 15.134623032459738 0.0
132.84406684268336 136.2616948447294 0.0
66.48397174856477 133.07040347494905 0.0
89.27974939623051 99.91361350438852 0.0
156.47415589094084 51.128316199334044 0.0
23.499568735016485 51.71074445505066 0.0
105.62653406951175 88.2582959366416 0.0
17.582777546801175 79.67834743880498 0.0
160.48492887980393 95.22481790524412 0.0
106.16550878833478 49.57891775954779 0.0
72.86263375201705 198.32267307250194 0.0
116.46528215574638 7.771118415375766 0.0
156.3930363692041 44.363982930164525 0.0
196.18110089764312 172.42795601762884 0.0
120.50969957535914 94.98944566772624 0.0
190.45683101468776 78.45238788166039 0.0
107.98490610635143 4.489580703318685 0.0
173.04093876656754 55.68622985037004 0.0
159.22625390942085 107.70464445792598 0.0
136.9709692640327 40.516212841202744 0.0
179.8510420520549 143.2045068229932 0.0
106.55640260193367 147.73866706053397 0.0
197.62846758171054 141.83286493307605 0.0
145.12895098656327 62.552293680468175 0.0
60.70014761074813 121.83272725602441 0.0
101.97454041437628 151.80619761400249 0.0
151.0595863592073 49.15305648575976 0.0
67.05662156577023 39.13816544358433 0.0
165.59166596949473 45.16925100310279 0.0
183.58575780222037 40.396043792531124 0.0
151.54344762453485 53.93292971064434 0.0
106.18569416161681 113.7428445460446 0.0
174.1180295136976 117.19929663088173 0.0
186.35151077001495 43.104014399553 0.0
40.953285709401534 47.86323256532008 0.0
17.090676322404306 44.12313339499858 0.0
11.567896131132072 41.067967828545314 0.0
75.08325648280541 58.550123578358516 0.0
179.42715920375144 17.133134926765912 0.0
61.392682634844675 85.99384573345623 0.0
30.101552613317594 51.581670445046754 0.0
160.70395634530615 191.22876614006836 0.0
151.0611972134485 114.92798268438764 0.0
14.261387940895421 120.75323415218415 0.0
196.96980617921582 118.52250420828636 0.0
133.12329839020788 164.0546731031787 0.0
198.91191294831972 142.63065047307853 0.0
166.04640023682916 3.044809570931184 0.0
146.8075607215468 109.05691373650414 0.0
80.2579944595422 7.385934476392264 0.0
71.33888145115912 53.00777653899043 0.0
113.56924966856508 153.9368713856647 0.0
5.033373468737512 147.51979479025323 0.0
112.728317673222 75.30532341732732 0.0
11.71895981406157 138.66210139088452 0.0
185.60727124861842 75.50091871194509 0.0
139.3861961133748 60.855383588596744 0.0
63.76213881113233 89.94115962498587 0.0
73.5633839455901 19.032165417543425 0.0
197.10067456624256 112.57029867402291 0.0
46.63058566936373 47.996087884991056 0.0
183.83779250577948 164.6089773910118 0.0
193.0689008636371 189.22062735724913 0.0
76.61394251555332 37.4602159761863 0.0
31.46162040110272 161.46058613638226 0.0
199.5968992515385 6.555252558897862 0.0
101.134272067599 143.93243644806682 0.0
161.58293724982903 83.43046119605957 0.0
184.6407718142052 39.45241455573942 0.0
156.5584905187841 150.08441954350118 0.0
6.8733322966985755 139.80414249668058 0.0
5.87885389665932 102.67204909160579 0.0
17.393978481891992 176.740271524004 0.0
115.16565983649284 120.85044905130347 0.0
34.65589899493941 109.40553348115381 0.0
194.22035106830486 174.5990394249153 0.0
159.1031861076293 72.60133514760045 0.0
19.69595749149926 82.09421616365952 0.0
46.70774808196527 90.19491323756625 0.0
107.9650478757723 40.22677182766849 0.0
175.32259810802083 44.1087951252821 0.0
109.56681280275491 163.6079249531222 0.0
133.3009349590314 181.70922523717837 0.0
36.81169412922538 188.41779168170294 0.0
13.150854922928268 143.04490216103713 0.0
92.56724781237217 124.20783866659639 0.0
102.56568678017351 94.27031861279715 0.0
80.94421088381701 69.77669108899278 0.0
30.990465312983815 64.7207196955514 0.0
149.54709035588033 48.49654737273994 0.0
151.95513746720087 2.4885251880912396 0.0
138.14889758274987 163.9751284934251 0.0
19.725652717172593 186.98389460399883 0.0
90.0949488633591 28.69605638003463 0.0
153.39413596894738 66.84490774352273 0.0
120.43599848630284 76.2882704001912 0.0
72.34993844053146 127.69565696462924 0.0
28.736226889335104 32.33289901073866 0.0
34.14338583236223 36.633340822062536 0.0
194.6969708322299 89.12391726506084 0.0
9.07465305684969 58.9582984906994 0.0
1.1823994899712975 6.556576408653703 0.0
185.41018085854475 197.54369639150653 0.0
91.92858334127581 44.325555509241624 0.0
114.94969928653344 66.37439784474581 0.0
190.16280113322793 119.87252349556941 0.0
80.73694871770527 177.16741338573158 0.0
179.55519496379577 82.03057240011766 0.0
197.02771154091965 91.61903497716433 0.0
80.3701964343578 92.07090524443436 0.0
136.19890454905945 171.7066802283419 0.0
41.38044529923608 11.864901085543123 0.0
18.102978606569042 46.60623737612111 0.0
112.05135807044 13.132440894000608 0.0
94.44201002836094 7.16846316744546 0.0
159.69954416180522 142.25536083419175 0.0
14.056297012565855 137.53092868296633 0.0
52.773930616895456 101.89252003985554 0.0
64.59253843896333 98.3246616790743 0.0
144.10347070024707 43.64089569464444 0.0
51.83701575610888 87.06759424796873 0.0
156.9007882684111 105.24490806436764 0.0
0.06944569946489842 18.71961929764052 0.0
1.5063604421292398 171.3639959972256 0.0
35.11358447068558 193.00695345205222 0.0
32.30319051919031 88.66621692360953 0.0
46.33086129487205 45.006260700129005 0.0
191.92721334673945 124.02356700603134 0.0
14.623762894101366 11.611860819933018 0.0
183.8439422748399 18.842437263668543 0.0
40.585855850967455 88.89207297160577 0.0
64.55731001548037 163.07044122830916 0.0
110.2558022305397 103.9736944579002 0.0
53.161807336515295 189.17876897916895 0.0
95.50285443311535 79.97622721071687 0.0
118.64447659443553 69.42683594153485 0.0
1.8918531214730416 133.65050003523743 0.0
24.28849050811086 188.97402383467434 0.0
48.94582697721583 112.75901220915713 0.0
183.72553336393332 62.910983737785365 0.0
196.0448020411232 53.86809370823311 0.0
114.62933146887202 167.04080000889135 0.0
11.769596621834388 121.10496428063502 0.0
63.73811076314906 160.24819443238562 0.0
125.31982510396237 172.56542051798215 0.0
120.83905993488742 190.55270665269163 0.0
95.70546738467615 93.44076811576456 0.0
39.54311569050735 197.4495716660793 0.0
187.73190729355272 133.56540891382988 0.0
39.12379548497293 149.89992623772426 0.0
53.368421055347895 91.96933807038492 0.0
74.3890839819896 192.33967682037292 0.0
82.91056394615177 102.15254789820436 0.0
29.500586440109156 110.33427804769443 0.0
12.417175644660139 189.18123970035776 0.0
16.849718299385998 173.0143650654191 0.0
52.223005047800775 93.33846171735709 0.0
43.545702464382764 61.185131683841036 0.0
135.89830310834878 84.94470746838192 0.0
145.76576239397775 48.010039966488534 0.0
79.84703431261993 31.096707103643094 0.0
85.16294696438716 63.427326486108896 0.0
90.80567633372671 17.455559996907375 0.0
51.72255717128906 143.96558276083525 0.0
161.82487442719548 176.84809630606676 0.0
123.90326504979359 46.38242338980647 0.0
56.886522083298544 31.3282076979273 0.0
99.59449061715502 86.5582161420495 0.0
0.12922682005997999 15.477709819962993 0.0
130.36682223496504 154.3344853523796 0.0
57.725285808856476 116.10901988105881 0.0
166.6875633311074 150.49454823289042 0.0
128.77277671266032 137.16492738451436 0.0
153.21890266001384 193.84168455788614 0.0
46.136565658580864 178.49331322591706 0.0
1.011387525569063 54.33801039009276 0.0
128.99238475558926 103.30770523396684 0.0
7.350806481523331 182.52493700415033 0.0
25.89843334937192 61.52721530914822 0.0
194.21180994441968 25.95402839945542 0.0
40.5392967058809 134.8223044916072 0.0
192.71699537355528 50.1148373482079 0.0
141.8572636263697 74.07560397736479 0.0
13.695412484431401 14.354049807622893 0.0
126.10646194741805 111.09980151037655 0.0
113.37980138972969 192.538176571407 0.0
120.43546001734629 143.83747311389686 0.0
188.47720167254226 173.71980718200254 0.0
195.92443089105026 17.90054779627994 0.0
116.29286319037955 29.825215501996126 0.0
92.57320605450789 157.18982873305472 0.0
193.28265286561478 195.38897431789957 0.0
149.55683115938783 32.46790286788672 0.0
119.35460935591675 168.61903400946716 0.0
81.13561029988136 99.14153002480984 0.0
25.435412875067563 113.58350428722919 0.0
41.926917924844595 84.14242407935804 0.0
48.26301090493905 20.068195963710032 0.0
84.81637583693875 56.6781807737057 0.0
119.06190287894857 60.661891284506964 0.0
30.606247479726267 178.75782036901919 0.0
151.70282588066723 173.88392013314478 0.0
140.56933723266047 198.77942468014422 0.0
91.1440523081489 97.67663473366355 0.0
11.396845727299842 25.099879292887373 0.0
114.39664306086121 79.34309397243497 0.0
196.5990686483807 96.3898379247108 0.0
63.951451762925046 96.0180716154631 0.0
199.23807117436826 151.70962215110802 0.0
137.55093424375863 34.018327924529416 0.0
77.94181222629975 195.62467862636814 0.0
158.38410945282837 95.9259493563871 0.0
161.46945619743528 152.3119964044907 0.0
6.228375971585676 131.0162873498556 0.0
76.66802132709047 107.49176849156801 0.0
2.7571543505070073 17.649888847485173 0.0
60.48071871240399 148.15123948969185 0.0
13.177693357550634 65.50561742658549 0.0
148.7377006902584 27.410711170815063 0.0
151.55863329957546 51.04000711604273 0.0
112.78026527279688 5.514269423834772 0.0
58.65226154589595 151.31561319817843 0.0
149.53983958279804 47.81075987263501 0.0
158.7117318559719 99.34902356215294 0.0
121.51337921655707 96.72331528326905 0.0
95.74874876335804 148.38700524641771 0.0
190.14719302349556 177.0885074590422 0.0
99.87264805938534 103.02697772201151 0.0
189.46138359397995 42.879028208318395 0.0
140.79700817940417 151.8559848539399 0.0
46.317619231569076 128.20671306257555 0.0
188.2953252345347 119.28991972292471 0.0
169.5529888881124 126.63532029138935 0.0
118.332507003944 43.55283168389234 0.0
2.2732775608282685 190.21551444491956 0.0
178.79436391596496 83.24373864475201 0.0
59.91911675028483 113.28720627296146 0.0
60.182495569536854 56.69629615292475 0.0
161.2888727163036 145.97718963545182 0.0
104.33730856533003 26.34445866033561 0.0
0.5224201929259431 68.45288795225008 0.0
28.197245059927468 54.565074193175775 0.0
105.12026590580341 49.37584372960342 0.0
139.79758596145956 177.9761756202184 0.0
178.39278103151284 10.631301102766265 0.0
180.15749851740264 173.92754297073782 0.0
34.304655114626705 125.29317991502518 0.0
37.39933712577936 25.92792670129993 0.0
198.49997074513544 86.91642887455804 0.0
48.38948912277563 134.01109376614548 0.0
171.36357214020023 105.63164864906025 0.0
28.385403272105634 61.550765622511804 0.0
127.29481664228892 10.149602963473537 0.0
150.61870167292898 161.7922141930927 0.0
58.939986491718635 164.66617726888293 0.0
135.4396703904787 185.3762034268276 0.0
65.95004907055993 145.7909966914505 0.0
102.59363737240736 134.38866639173736 0.0
34.900726538653146 67.00581717117169 0.0
90.39511789067618 198.9774020716297 0.0
160.33211344229213 86.79168177990026 0.0
52.01091730641605 189.33492380361145 0.0
16.435485661465886 191.44644974791555 0.0
101.75870587961352 58.854216751755 0.0
4.735169008496443 4.747359082875824 0.0
103.27281334836232 103.5222146546108 0.0
175.18366402153066 143.99588672510572 0.0
166.58443308722633 18.12346674666172 0.0
46.40859242576158 115.61510973011752 0.0
52.60861488498554 191.58430048041274 0.0
135.4202824111584 123.35257314613676 0.0
71.22579985282296 31.795621613121973 0.0
47.90913205250924 48.27438274491056 0.0
3.090990147671291 124.51034825160805 0.0
177.33224115247043 52.11918245306975 0.0
75.4988785463989 51.41914393408356 0.0
114.30905933155502 154.21344488744245 0.0
79.0786268533565 119.26610638928186 0.0
177.41615603566882 137.03225081282065 0.0
124.78732567468171 84.87376932242105 0.0
42.291512369151654 46.6226175670712 0.0
109.61637501861472 0.20459868706690365 0.0
68.02902191370568 171.48926978152886 0.0
84.62049185279852 147.0939902221938 0.0
198.1642841901603 107.17545057827003 0.0
0.3241781404446531 83.04764924841564 0.0
48.12295233517776 143.65431739894373 0.0
142.25597432214727 77.5038975462607 0.0
181.82335359753802 148.77916495424026 0.0
163.3060141172343 82.21944202430184 0.0
27.195286065583325 163.42360061248408 0.0
169.797757764551 49.94477335273921 0.0
183.69733213963397 72.57557876795133 0.0
24.610103791218307 92.31339080719513 0.0
34.48521798168465 171.53206213849887 0.0
93.38131342525067 50.876569227649426 0.0
191.70414746522312 7.4737691984450905 0.0
78.77165467950039 144.4735515787256 0.0
175.44832118503487 144.08242615049974 0.0
162.9567829233058 51.634539896592614 0.0
55.25116786220885 70.49570406367292 0.0
9.969351581358211 88.47184561630095 0.0
167.5401073886001 155.77775692573945 0.0
67.20159441021723 50.52237385894527 0.0
63.31003312562784 136.2161691533928 0.0
49.32688696087742 1.262320785745552 0.0
137.33994324870324 115.13897487536443 0.0
88.09371941172701 10.52291920406474 0.0
143.59747254680897 53.578097903524544 0.0
187.8907323618188 172.79371793510717 0.0
11.046533771213696 34.988438362186216 0.0
139.67680625490155 168.40788663612273 0.0
39.893275331540636 198.36471766234158 0.0
114.8154869671328 169.8616040893716 0.0
80.37625619153879 151.48087032841113 0.0
185.5484684509107 41.027712803681226 0.0
74.5267583140917 99.60964740210363 0.0
0.28791366294236287 128.7812752862382 0.0
175.8955629079213 54.96296016467392 0.0
179.6029833071172 104.56284526122175 0.0
153.0629484290037 128.22622552594152 0.0
92.72106577463349 77.6627399265281 0.0
129.8187115356253 45.942775301451945 0.0
124.5595942022721 172.51771411512894 0.0
118.21967728600424 86.13735014509507 0.0
149.74964314708072 139.06898994972653 0.0
60.30208685511438 179.45029358269582 0.0
92.80776567574493 148.2386174086686 0.0
10.046934950061704 184.18705236178585 0.0
172.557904740725 113.8388125937025 0.0
59.266350370062206 111.070329483552 0.0
104.10051472912691 77.73678678857745 0.0
39.39963109809894 147.11503575899414 0.0
163.07127790564712 196.85542306479726 0.0
115.77768373841629 107.92904155237555 0.0
4.627198783574693 78.5978858397787 0.0
131.73511512473453 33.875484588808625 0.0
73.54309730359859 25.542145545350238 0.0
157.01934242084474 37.91530754995351 0.0
141.99691796390323 170.7591703779375 0.0
148.2665988982211 11.581342568179176 0.0
168.06750188142448 111.86636177009326 0.0
138.884808161529 0.4182485434527594 0.0
80.66380337431931 84.93559437880924 0.0
141.50383522906515 171.3553275208387 0.0
65.54992137572373 158.63307529788779 0.0
168.22376409621302 111.86204388674909 0.0
52.325472716441304 174.47606550212043 0.0
52.2122270449366 124.36894486898524 0.0
183.6663193329808 10.8492019317588 0.0
88.77216769142645 9.319445004521665 0.0
85.8258638197364 6.431153260444922 0.0
104.82163241750114 166.35074882221275 0.0
153.34243786049868 42.939965706138494 0.0
12.79762295805076 85.48507775770513 0.0
11.093728925137004 57.61344932046666 0.0
8.316170074886475 48.84504125159206 0.0
23.284325831308863 32.59857794949923 0.0
130.49137631697795 118.28992193617427 0.0
181.64799582161882 191.4318785167433 0.0
119.63617580647406 45.50239567718957 0.0
124.09137936711119 22.050455161650696 0.0
179.1381181885207 8.438091928924397 0.0
10.201312949173303 41.281155595014 0.0
176.62366952802356 51.68307267728727 0.0
111.48316589160554 117.5132530516608 0.0
4.09486848972449 188.1472847658799 0.0
61.89295327551867 76.26769669597786 0.0
57.542490864402836 105.65474842026231 0.0
158.17125610792039 27.63395906463004 0.0
93.6101951664656 114.37405981472995 0.0
99.68237170823993 175.05319102739963 0.0
74.20440788363389 169.66569564307946 0.0
113.90731284075875 191.68425964851832 0.0
19.515033513672563 109.80524629146615 0.0
126.43467876655336 183.597089581405 0.0
155.73242687498515 59.17471509771719 0.0
103.2387311324233 198.29546780262098 0.0
165.81629729602682 64.89668608138825 0.0
118.22922841683845 182.57930426167275 0.0
129.99257353215 58.51903278540236 0.0
80.50302637927787 45.51427037226081 0.0
177.22461945793725 164.24064826238828 0.0
193.42262302926738 40.28428934076771 0.0
159.72536300342895 11.301489312180536 0.0
111.59224254606472 42.96050165513847 0.0
9.647391083402713 50.5430408708923 0.0
11.997337830023769 76.72782096406333 0.0
40.40822767983929 123.77813684791737 0.0
2.0186353591636452 6.8682400368106356 0.0
114.67839318118995 89.4917816342446 0.0
49.72728121748593 114.80771963618763 0.0
116.88017233713362 169.52765495887644 0.0
140.8128652633096 48.79141782946166 0.0
140.11525999139843 48.79750536397749 0.0
41.691447123266336 44.25970176633931 0.0
25.759861427658358 33.68370824654949 0.0
79.78599527598939 108.75529616573398 0.0
178.53602815570414 154.6879026785258 0.0
139.66701899985017 74.19971100665165 0.0
120.6884364502397 185.01154232394396 0.0
17.686440607184185 33.63490124446773 0.0
45.96601491770285 139.13691394342962 0.0
177.93305032328635 100.03387522681642 0.0
87.42826074344711 114.11009454396304 0.0
8.783262036224993 51.54186169696575 0.0
122.66626926483113 141.11003584468108 0.0
92.01611844557642 60.517429428332136 0.0
105.84890602169983 26.02082213376844 0.0
165.40692458145435 143.00071505842828 0.0
138.07487047072487 175.10699279546463 0.0
184.90905135324113 10.743796635188719 0.0
165.83157650944997 125.52451669918044 0.0
173.97886428063006 59.69605307771595 0.0
131.9323075186806 130.28301122043766 0.0
185.29408989403905 86.84508510796644 0.0
194.1232209179147 83.40737182799771 0.0
94.06103677182696 191.5717243518132 0.0
73.62217363194372 113.42999809163253 0.0
92.30169380679396 188.1852877954764 0.0
99.17166372015768 121.97752656269303 0.0
59.95676814103208 133.06329861526166 0.0
71.75846154555367 199.09876192234682 0.0
51.336221495970705 52.82737829592785 0.0
90.97286142772893 8.113364882411345 0.0
154.39410407793045 49.245149751734644 0.0
156.05068331465714 100.14366550995426 0.0
155.49977086211015 52.05560265279408 0.0
82.96168237988879 92.1247656525208 0.0
173.8229465136382 192.67324711908142 0.0
63.4780660213482 121.97085608458313 0.0
117.14539771871868 79.7341865893366 0.0
32.97736492245669 180.70863235547475 0.0
54.85719315339011 171.7050852707017 0.0
110.8040874080825 13.77135039588624 0.0
4.091015497999528 162.28373515521736 0.0
130.3349228472082 82.27990749204814 0.0
181.39314672619633 21.077869976785337 0.0
85.46260130960745 180.02028281750603 0.0
85.02514360218953 65.05652799788155 0.0
186.03379452989265 112.95928026730103 0.0
41.93547343946873 175.5262490672473 0.0
136.84677965855292 165.52345244042746 0.0
78.63582151393406 20.892015544346943 0.0
33.134898839549834 101.49892805089895 0.0
156.6618746426189 97.2208743830131 0.0
100.03213434766964 177.29252044819006 0.0
150.99393201838524 156.63374463805624 0.0
194.33744939149503 81.42750171625947 0.0
43.757842084712095 157.8089894801696 0.0
133.9648919174592 56.53008166200235 0.0
55.72214485221218 43.38891907864855 0.0
123.78668276606976 108.69555080689086 0.0
44.55263245797247 25.838327883521096 0.0
6.146932198118926 164.0057991260732 0.0
61.480758404879076 46.31195622964108 0.0
180.14382991378605 93.10273125472665 0.0
76.9877854186245 60.34556272766418 0.0
5.848565364661185 92.10497016246731 0.0
161.30170294144352 199.69313636340033 0.0
137.94949679977452 181.78798712847424 0.0
36.949417634413486 61.39054340828976 0.0
117.88038386610525 166.83064869080562 0.0
108.30192485770291 183.13375806245793 0.0
94.31183268199557 83.0639642001618 0.0
16.995511252045482 178.31762117658707 0.0
138.95546517771638 153.04065498921514 0.0
72.30740202589601 24.588900816899397 0.0
77.95054627787997 168.8769228038241 0.0
162.00948446818649 26.525211382606283 0.0
68.67314246568155 26.200697529629103 0.0
161.91910361910286 6.059167903744944 0.0
117.62824209117339 44.17337350184114 0.0
31.311296869931127 113.52498817777044 0.0
157.1555848405255 123.93486504815188 0.0
106.55201781267995 97.71255986188285 0.0
177.00011480190966 121.45472836484308 0.0
186.75730421269168 125.07178934693582 0.0
41.36852200782939 40.65471497370585 0.0
42.97865164795769 96.21781737580403 0.0
12.913427797686982 188.80115710802596 0.0
176.36013169269444 72.14565837262974 0.0
52.15723727338324 78.54822084602291 0.0
0.908119005955732 93.07039729274314 0.0
64.1878957055593 9.645954300836102 0.0
132.9598355163307 149.56712673383893 0.0
24.02916520144993 118.20987786188762 0.0
132.13215988158254 148.6924131358942 0.0
127.90830312540092 42.58164414577037 0.0
57.47756668925354 7.027069664662333 0.0
189.71434752337458 22.193117421985864 0.0
177.76926800083618 98.08770830865461 0.0
30.260573301372084 19.479053047328797 0.0
106.28301129781508 183.31236801530315 0.0
191.53492117255988 134.7663521690079 0.0
118.13826252089139 63.83340974384273 0.0
148.94254293642206 170.20064948255617 0.0
52.206849517942366 104.50860066223795 0.0
91.61497995989227 91.15390818760369 0.0
199.79243764222267 102.18911082133341 0.0
94.18068519866318 132.1893560622351 0.0
138.72948229207253 96.96106716526288 0.0
112.96200611738176 199.54304515743425 0.0
184.24568696740963 58.10499107492151 0.0
105.384056496062 33.21408412033533 0.0
196.87727834005787 115.77533382581582 0.0
93.45111636655183 109.13833454096165 0.0
112.92169322240662 154.9101302903341 0.0
170.46668373630732 85.55330151902622 0.0
144.35760385570651 139.63858943323015 0.0
84.74341559689043 127.54467557337593 0.0
132.85757570457451 94.46223361811874 0.0
124.86967807911378 79.89779012954159 0.0
36.463841361269985 32.74306494807932 0.0
178.16966257776315 0.760158041540504 0.0
177.69313226685645 93.54002083297965 0.0
37.31428444724012 17.253923047713627 0.0
88.28169732444653 124.5927363540428 0.0
89.61054525944793 19.06004118854159 0.0
148.4770220087955 132.25957235921143 0.0
39.317157273829565 167.1286612178321 0.0
137.72805418404238 8.474572378033084 0.0
85.40474475471873 162.05309796385848 0.0
88.8210567762151 140.2958270792735 0.0
5.499064301770318 90.27755631027858 0.0
68.95353078829405 109.37562528616867 0.0
81.31612280953944 46.19157458423035 0.0
98.93390442689223 96.69050219341327 0.0
141.71834318535474 14.296984858565786 0.0
165.64011865070253 22.12711171639161 0.0
196.5912252653419 88.01600419442413 0.0
183.06541815764393 69.0277150839997 0.0
188.06027545703213 0.3418513273994339 0.0
13.725062497730356 70.55684285007528 0.0
95.13834542436521 146.41613800402376 0.0
74.89290826120256 67.75850443678549 0.0
193.71367429732732 189.25005813308312 0.0
23.082258635897457 188.43118217585953 0.0
95.85947244086479 157.18925206095506 0.0
135.38048269144892 41.45554696403726 0.0
70.76595646896446 65.35496389660611 0.0
87.69243945040648 72.9678111719045 0.0
84.16626881188887 123.17704386403443 0.0
67.64286370246207 188.7792714520998 0.0
183.94787415386273 126.26703407341896 0.0
153.8333564680727 11.700542254561297 0.0
106.7114035805464 73.26242316885573 0.0
43.34477266728476 12.93669479054027 0.0
83.3592560301977 196.9060557419648 0.0
115.82124668796645 33.4774339876768 0.0
181.3664762225479 53.507370956168046 0.0
85.16728289128166 194.41412955137426 0.0
137.2069109764527 76.06501787695909 0.0
108.83481696428503 84.37345833134317 0.0
104.47774309000157 63.71321711065803 0.0
199.87225189749958 7.765116087725676 0.0
71.58602436814523 53.78702441913781 0.0
118.35299091172679 179.29897045396174 0.0
87.4309663198654 102.68448544731632 0.0
6.496180844842669 58.234748091932346 0.0
74.33622866635856 87.83643534478132 0.0
75.73768739055507 130.08522641608283 0.0
104.5565598281343 135.47761938039812 0.0
54.20473623610951 164.00168050745563 0.0
170.0036588922539 77.54547340663227 0.0
59.492852689882895 100.82818583884622 0.0
84.40631802449221 45.91583670993771 0.0
74.33911617381573 59.81908559215394 0.0
22.940200018667547 123.31762138961741 0.0
71.73102887741132 91.27191490094211 0.0
126.4330225679144 87.6513150621176 0.0
61.18560807955831 47.83574022903421 0.0
175.57118471890425 110.06894175474626 0.0
109.3786759638037 99.01272097867164 0.0
175.10406825668565 197.05601457298152 0.0
125.9995126842645 171.3785862779628 0.0
178.86282747998544 2.8886926884291286 0.0
99.65152885981301 161.30539834802093 0.0
33.48046148784858 181.22235276283638 0.0
118.81472309055266 137.47794259410202 0.0
122.02058348500566 93.20038584163252 0.0
119.33120826446006 127.25273861506916 0.0
48.29238155337974 44.35501285885848 0.0
62.570206730238034 63.91663451063134 0.0
118.44972870266928 83.70462848367568 0.0
167.37437689319333 61.159600357025504 0.0
48.54260009357893 165.83507220104318 0.0
94.08460004205645 176.5843162690674 0.0
155.00939876249228 150.38490876613116 0.0
10.38561697096021 27.832794458228438 0.0
169.6689445046212 93.23779308377355 0.0
56.41025458972213 32.91822686276766 0.0
161.59133089967733 169.85764446989216 0.0
70.48538149388138 60.60799766701494 0.0
45.2971199922662 163.58524627687098 0.0
137.09785354830913 97.21158772170672 0.0
8.054568899888292 150.34772396632616 0.0
175.10419369434214 162.88498811069644 0.0
98.61511034134548 16.11506338480211 0.0
196.90299539360177 143.57096168026433 0.0
185.54735297619123 154.57077482895957 0.0
38.23434141494788 43.95240486373622 0.0
115.4004080180292 109.8465285210415 0.0
83.46586819275146 12.303756324139957 0.0
179.2475096426839 52.80341117835441 0.0
192.6703883476534 139.8833357371777 0.0
130.73131304600207 9.225321847541368 0.0
74.49535023612461 95.51718966801704 0.0
189.55249348162343 94.42275033091778 0.0
142.76966092666183 120.28294879546382 0.0
111.41359746715003 51.128091183636634 0.0
44.98874236506549 177.7099027502077 0.0
108.75044802263842 136.1963768186163 0.0
157.26403134128753 131.66941067393557 0.0
166.15370479242978 56.50815380352443 0.0
3.0183857790722746 107.13749984299841 0.0
110.20341229886097 15.604084583470247 0.0
171.6542135719064 78.26936829791113 0.0
65.50983340758683 199.96355976094208 0.0
88.61645561372877 23.733279841081266 0.0
57.07402986775214 7.4725769039165835 0.0
119.71783182042796 91.00922366558841 0.0
103.65205992834912 0.5087667061193013 0.0
180.28911403743274 119.3653903529596 0.0
187.62693603528817 152.2044295249414 0.0
63.66248568899269 185.48348574625317 0.0
183.9628082563943 46.83117094467282 0.0
103.69132060884365 156.21163080480977 0.0
184.1361338776816 93.88251592058022 0.0
142.45512363239317 159.6813680612745 0.0
60.50892314873022 120.3137730157261 0.0
86.99355367854828 19.033229959003386 0.0
182.4295273487233 116.53118972987401 0.0
7.858908804787834 32.25300093598877 0.0
117.41653335238081 29.105188266251435 0.0
157.47164371931976 27.128751141081374 0.0
129.10196826052035 116.81545160708599 0.0
67.70886051399896 172.09639271728295 0.0
118.18002719201009 116.51825834717506 0.0
23.851033463228877 181.74945504773325 0.0
143.42798393559846 101.45935827436334 0.0
105.95751351849252 120.04647765253995 0.0
6.936350994350704 57.03856798555862 0.0
38.936661259634974 174.7573226034048 0.0
191.00543055943578 47.664899527533365 0.0
99.02185304835787 153.44743985905342 0.0
93.73590704346965 3.2240380217779974 0.0
87.05975123987683 34.307006643325934 0.0
26.16141933544698 14.812641216353505 0.0
97.96277225573276 94.38960488597475 0.0
5.841239098996098 196.77688267473644 0.0
90.87273501489736 133.3329730051117 0.0
10.151648712775252 45.725337598162305 0.0
96.028272723089 112.39212853103511 0.0
37.084843266104905 7.0692197432060455 0.0
82.02358700150583 136.62303871196644 0.0
62.1844674371697 45.775791714741906 0.0
51.09173371097848 122.31272226004096 0.0
177.31730268019325 10.403480145302613 0.0
30.240772771537806 112.25961402324396 0.0
50.3008687505309 78.12019550354508 0.0
82.51639477773259 28.265697045450167 0.0
153.97698097703207 173.28899342104015 0.0
75.36013871321636 83.20985454527803 0.0
179.1417360190539 163.3382208425168 0.0
111.9773938439925 114.32956050167866 0.0
67.81257582934184 53.015894109852944 0.0
56.8248991856068 144.84599888579706 0.0
181.63350286264819 121.76108280885047 0.0
67.77257835025281 132.82538505845187 0.0
54.78974218860016 178.80766453327092 0.0
85.19005094558499 124.17712039657907 0.0
171.62353763475147 46.76885678172198 0.0
22.153301940193714 90.94726996670153 0.0
56.213037339199204 26.833525949861816 0.0
150.16241126134656 6.573561037080733 0.0
64.49649430137066 47.33827215945736 0.0
81.20653309646102 186.52606272425834 0.0
29.094470419449927 52.36195337949005 0.0
9.707569258741966 5.765298255437878 0.0
122.80284271091963 148.12224792990017 0.0
96.81943898783733 193.70766122572468 0.0
178.79987722411263 92.33654543551617 0.0
54.7549513848129 2.8954697062036683 0.0
33.93089331937655 85.3424152161762 0.0
120.25778734574051 49.327108417377616 0.0
46.00435078888694 101.65552297186997 0.0
94.03232480748585 130.4103409738934 0.0
176.85349210942752 186.77589650696987 0.0
