2 409
3 830
9 908
11 467
12 405
14 41
15 997
16 407
21 595
25 969
26 733
28 158
31 995
30 323
34 195
32 229
33 207
38 823
36 780
37 858
42 807
41 475
46 679
45 457
50 194
49 688
55 496
53 499
59 51
56 258
60 63
69 989
64 719
65 894
66 580
76 485
72 873
75 459
87 210
80 687
93 568
95 915
94 693
91 165
90 471
102 875
103 569
101 421
98 590
99 798
96 864
110 52
109 834
107 496
104 200
117 328
114 222
112 182
126 167
124 740
137 771
139 971
138 211
140 252
143 4
129 244
128 370
131 432
130 95
132 637
135 899
134 342
152 96
153 445
156 368
158 72
147 592
148 132
149 281
151 532
171 277
170 830
169 181
174 970
173 439
172 175
160 167
164 520
184 871
185 933
190 763
178 945
182 619
181 309
205 84
200 173
202 442
199 590
192 443
195 378
194 993
220 626
223 478
216 96
217 679
212 59
213 642
214 186
215 460
238 250
237 134
235 287
232 8
230 610
227 879
226 456
225 771
224 356
255 881
251 69
248 81
247 515
244 817
245 713
243 951
275 559
273 188
272 988
279 663
278 743
276 10
283 206
282 699
280 111
287 565
286 224
285 90
258 25
259 960
262 671
263 860
266 320
267 174
264 386
265 988
270 424
271 689
304 19
307 569
306 274
310 563
316 986
288 440
291 179
292 548
294 917
296 522
297 27
301 88
302 908
343 542
342 691
340 244
351 400
350 811
349 615
348 373
346 164
345 723
324 84
325 742
323 403
332 655
333 475
375 180
374 433
368 683
371 203
381 863
377 334
376 918
356 325
352 759
355 653
366 553
362 225
363 704
410 259
411 849
414 78
412 860
402 506
407 467
404 982
394 924
393 133
392 803
397 271
387 586
386 862
385 304
384 510
390 574
389 419
388 911
441 711
444 715
446 583
432 187
433 991
434 54
437 613
424 790
426 306
431 162
416 288
419 399
421 216
420 570
423 829
422 680
478 35
476 884
477 506
474 242
473 484
469 774
467 368
464 855
465 411
463 337
461 51
460 492
459 308
458 782
457 538
456 65
453 918
452 593
451 402
497 479
493 864
489 497
484 437
487 837
486 909
481 248
480 128
483 190
482 70
