107.74270783365148 95.79686049530991 0.0
108.96767113732517 6.5115642511690774 0.0
121.28012891885234 54.37238683599366 0.0
41.41312070003145 8.284332284725537 0.0
115.5655905012739 141.69178187262207 0.0
104.9197797231825 39.16306564955035 0.0
20.64751857837368 34.637999489137215 0.0
134.44392827242092 174.0014163122777 0.0
111.61600096783597 130.1232075767325 0.0
161.15111630227926 13.145422903719584 0.0
12.91085850742908 13.576124865381644 0.0
18.677860773751377 157.26976279991644 0.0
24.391219174595633 21.860858927818438 0.0
9.329250967647052 11.524025301090557 0.0
58.65024292812975 174.5347060423735 0.0
193.6219328872045 5.103505005903597 0.0
84.72272422459604 42.07895435790463 0.0
112.87096360818845 72.71063029954907 0.0
110.24729644919216 195.71328508687705 0.0
32.05807927513939 85.97459760098754 0.0
2.309134224522702 140.63091312307347 0.0
99.00798231670763 45.74842633423026 0.0
46.6029457061667 72.9682260244914 0.0
155.9383064797085 50.304196398702786 0.0
75.2203410734737 20.54914818251945 0.0
110.73804292694514 139.79875968064118 0.0
55.27946438827102 128.42114476428267 0.0
177.86817146961232 83.98381927816013 0.0
23.779073260213224 32.426201888247896 0.0
132.56739563909187 27.985795595469764 0.0
178.473123433592 27.52682085628615 0.0
187.0849009196277 40.082529090874885 0.0
190.22614729762765 82.33349675566888 0.0
193.9510970348032 15.755307215441894 0.0
189.22362394740148 77.25683392233537 0.0
8.836418370886335 83.89641883125864 0.0
195.57569599025126 150.93391472575055 0.0
4.33730135803938 33.90388478730917 0.0
14.266634194536243 128.0551594050381 0.0
116.06746371843575 136.49661155011617 0.0
195.0665253851034 71.44447569886705 0.0
23.721801445902813 66.43481980409018 0.0
169.93560673047182 52.22200372825894 0.0
122.31910942696294 51.93207466228231 0.0
123.61597651855574 64.10538984576624 0.0
22.61907639916476 73.39689254565474 0.0
127.5191776505309 21.38209414241894 0.0
34.747904114812435 113.24343281553449 0.0
172.68244529958733 174.81166953917312 0.0
35.35608892607214 118.86229226679961 0.0
174.4803821363844 55.69371675901715 0.0
96.17088979264989 82.44410132365698 0.0
189.94284276483066 15.56360670389305 0.0
60.59509391947526 64.20000432915016 0.0
187.9439569868477 167.45469867617487 0.0
95.04276064980661 89.62492284067689 0.0
143.19126080447572 54.39235954345922 0.0
112.99168778982201 36.80077878109469 0.0
186.85790619760098 71.76162322925936 0.0
72.27138136244946 96.33862480879955 0.0
39.865073440370026 152.41687546503417 0.0
79.8943854460332 134.41010855940172 0.0
179.2356881936882 86.87854430384488 0.0
3.77794920788872 118.42027588671465 0.0
143.60471640364105 95.68838969026143 0.0
86.9919231543663 75.22526476150166 0.0
70.88519034860983 96.97136506543053 0.0
87.70803733067855 43.400042499523764 0.0
179.2534332077072 119.47882323132468 0.0
126.81458161786297 153.91282461266357 0.0
52.030764457245084 99.86424688095256 0.0
115.19974235006096 127.6644997128828 0.0
67.7031991715649 72.66923776352434 0.0
153.99575879892564 113.70280663227402 0.0
128.23462141675435 112.47421229639399 0.0
53.61525561079495 108.52269177436516 0.0
181.99307433631563 119.89462786026104 0.0
101.20006149564512 194.71574282520382 0.0
112.02372318212977 56.580228869375546 0.0
21.14200825123178 116.33325165893558 0.0
166.0662757059741 129.10137352462553 0.0
119.6241109217532 68.67890224025027 0.0
41.628564127860535 97.58301073672071 0.0
81.66974366334881 21.848800293515126 0.0
7.592170581690039 142.17346212013052 0.0
197.9764013362804 20.18792866641499 0.0
43.23995753063896 158.91178150251048 0.0
138.8496958308091 103.93388264346237 0.0
106.25946204891494 176.28386372954492 0.0
163.84237568035377 184.67012320028206 0.0
103.19017907143886 184.73429940161478 0.0
58.242133242443536 172.81267474699655 0.0
128.94682054071055 53.62723311935929 0.0
121.34102895500885 103.20566872792773 0.0
66.46466204804642 173.62631530852556 0.0
196.45856756662877 134.0027591135231 0.0
93.17721912568521 7.190201639436977 0.0
28.97924949105071 104.36297788079428 0.0
27.950499338827385 55.85675411566644 0.0
166.20481674849964 28.091141477126236 0.0
170.2621772699231 60.215543994089174 0.0
171.61016861170225 73.20448684093328 0.0
132.8280436663587 136.94491671087323 0.0
116.13119638349549 31.50883761362784 0.0
149.5422407568497 27.016407218205728 0.0
130.4017690722107 17.619063144005786 0.0
52.51177030462475 80.1458246950991 0.0
54.39609906463703 153.46022854445093 0.0
155.12985334056737 32.79692106735099 0.0
104.72198850447911 92.13738114788332 0.0
52.54677573479329 50.520122789212586 0.0
194.8491983041296 14.163460681622997 0.0
56.5609642078809 100.1353756653406 0.0
89.84659656310032 189.38641096349528 0.0
18.867021258974614 93.24464467966386 0.0
154.74052629587692 139.5581175493638 0.0
64.76155513675322 199.7862781676275 0.0
64.39604474795748 59.33934024309582 0.0
58.82170252755954 68.81996039434087 0.0
82.86170235263646 57.63643516624444 0.0
54.7353405293286 13.457475774129367 0.0
191.40759889220644 166.51714167782134 0.0
143.3759001831398 117.8311912624402 0.0
47.0255061501041 131.55431603556875 0.0
6.378971728758653 106.21864641901296 0.0
86.94895180068853 145.29807728750552 0.0
106.89179869929053 77.91821832469562 0.0
59.79011284479427 114.67834677273811 0.0
4.830845316008281 56.19738470420283 0.0
60.179615596776074 163.49132702264853 0.0
170.8967463363922 125.61169988789112 0.0
171.3341797276549 62.72512051085077 0.0
91.75993173249573 139.21912926983342 0.0
78.76629573304746 154.3310551132495 0.0
8.24435537592021 165.69098683709836 0.0
108.3890821087742 88.1491063661997 0.0
109.00074627648597 16.047199401546997 0.0
63.55852983251668 127.04711807567641 0.0
14.07493492688947 140.7203171268953 0.0
188.13451342709186 91.93527620783645 0.0
125.94078494177563 119.87914981495382 0.0
166.43082460825303 16.16870844077205 0.0
99.98146887692722 83.41944810046232 0.0
85.96373684965984 57.95278614716206 0.0
92.06664102390441 91.75576655145343 0.0
135.197554656606 179.71712470332622 0.0
177.78744171247385 184.5250141804982 0.0
86.02468100262274 145.02594236322145 0.0
6.075051946741317 61.53888163329444 0.0
119.50685488175483 106.44397794738968 0.0
149.34271434977256 198.79888928025775 0.0
93.4431924304372 61.87868460466947 0.0
142.95518909222855 22.114289178937028 0.0
121.61978375784336 142.27104501906902 0.0
68.7436916063866 161.8397267397113 0.0
137.13465977724232 60.108875098613936 0.0
130.4483074657965 194.4760136422852 0.0
145.980960874213 96.08804144837595 0.0
193.3841160752395 40.35401126942553 0.0
142.1102611921394 130.34861875672257 0.0
116.2911648377806 131.34816966348552 0.0
151.48699620312948 35.0645374028147 0.0
90.24261231174357 188.54279421704916 0.0
0.18409912612504797 36.766856215200264 0.0
117.64932570323741 157.00068654660095 0.0
160.3588892035427 29.632315206255 0.0
13.813347388450792 133.2604421686545 0.0
17.98745167069398 75.07050477285489 0.0
94.14669860572975 190.91510257918623 0.0
127.52470178922992 58.29435147263942 0.0
22.0859838818553 60.60158361086354 0.0
71.1964269575979 89.16039025397455 0.0
135.89747730177447 52.95673350151171 0.0
24.418732448693458 132.41672387818835 0.0
146.98119746846612 26.572528531713502 0.0
43.87920953664069 131.59817780500907 0.0
7.946808979549114 197.70942183057795 0.0
41.10343445040261 151.15969565710935 0.0
185.6480201313984 164.50342764257658 0.0
181.86921952366782 3.0406474697906027 0.0
142.52637043936332 75.6291430344621 0.0
60.62035459458271 46.70418098692597 0.0
129.02925582262745 11.857373083399093 0.0
39.070386846674985 155.79744059589999 0.0
20.531170979143276 168.67269761388005 0.0
9.476304152702308 29.929884581568377 0.0
94.10118934901881 129.09276242787178 0.0
145.60080326766493 96.66864824888751 0.0
133.62374650115777 198.05777551731796 0.0
138.17106974830025 196.70135293101157 0.0
76.19388450111046 33.23510549905366 0.0
176.6810007017779 74.21838705846424 0.0
168.37211871753027 51.810581713482364 0.0
135.67281472554268 4.918190272467782 0.0
87.79829368287666 118.81454961846218 0.0
51.1731229816722 85.64070238093426 0.0
103.82761691554028 29.757343620092946 0.0
31.747563695770165 182.48566034064245 0.0
100.26641694692076 88.82541753809316 0.0
38.677199355545724 88.37396953395785 0.0
163.94894063060698 53.615899643579866 0.0
91.04887461482598 76.36198509658843 0.0
54.81080570901633 68.36392191967411 0.0
4.090842001071082 151.6201046757095 0.0
16.27864860480952 139.84363141418152 0.0
152.87405680875435 102.83852720999676 0.0
59.20961179354123 23.600367001891986 0.0
168.53851176864183 132.92480227812118 0.0
58.278355521288546 82.89800602622954 0.0
120.49312423727858 9.209124281092084 0.0
136.62344877151696 158.74209817744656 0.0
15.57672062980271 114.97506457267423 0.0
82.7288293429647 146.56595659544632 0.0
153.95674853533293 106.98487929614396 0.0
142.93035415965008 13.643386441032511 0.0
21.581328455305982 87.7702414085468 0.0
63.6013258802147 11.018365952926157 0.0
170.28948307844402 86.81055460335611 0.0
118.9850225845392 34.71855164346906 0.0
139.2232236225126 11.322898055644437 0.0
53.806337024663485 73.24589817890173 0.0
104.97447045817168 75.2389111560487 0.0
194.2086327531157 41.81456664737655 0.0
12.938641934128015 44.045683198720994 0.0
36.226043080133486 48.532417463993774 0.0
38.63593292561151 43.51920438488819 0.0
7.915487507313546 63.69938820509014 0.0
155.30035821369518 171.98048336267894 0.0
19.436697781973187 70.6222702934841 0.0
142.82562689673045 128.55606966760325 0.0
64.78271082788174 64.82221642107487 0.0
163.1960184708791 124.02613883326819 0.0
119.52720812360059 138.2376510707996 0.0
48.81958342927917 76.1950996550248 0.0
90.86928216009609 136.00204037824116 0.0
102.7198216699922 108.3209223766545 0.0
19.420165893689223 5.60233164609627 0.0
93.33134705749127 66.99130618875309 0.0
106.59060573268371 171.70061069566404 0.0
41.68386220816169 154.93605433195944 0.0
47.101546849233046 64.6279644353186 0.0
145.0479618786235 34.61676161870957 0.0
183.05492653515586 106.53615338373774 0.0
158.65533468600762 100.03650455407566 0.0
164.16537764128537 16.419261947363893 0.0
165.89494558975292 37.0636077855282 0.0
98.16778913474602 33.694050700888 0.0
107.42587184409828 96.6653443500465 0.0
6.079578968027133 179.75425495414683 0.0
110.93656146364594 90.79880645219755 0.0
158.9108346068718 177.89074824357692 0.0
165.81926940211494 187.30787355433918 0.0
165.57924483882502 134.19589784852397 0.0
20.817555946425937 128.02671067143274 0.0
106.20113325043347 145.5471363254648 0.0
147.74380161876766 123.39175757409502 0.0
160.59363347915968 45.491272598703844 0.0
10.652649514112177 187.215847264465 0.0
68.73739157523553 124.82763358502488 0.0
107.39549306810325 66.87949640723323 0.0
178.113083566485 70.9146702749164 0.0
109.27007215039444 197.04611655759828 0.0
182.23913437529575 158.20129389316583 0.0
114.51842677060884 59.109393409266396 0.0
135.40211791585352 92.21070469941921 0.0
152.71530442284643 163.9326073272417 0.0
140.48530319334088 60.18105870191326 0.0
29.62850036835185 192.04132345996257 0.0
49.96500940013029 73.79385491478759 0.0
185.92134085191626 23.282362739868834 0.0
194.55834367804715 2.8975697830201375 0.0
58.10678945871472 67.06354132140187 0.0
159.67003099049418 193.86052992680538 0.0
76.45171850628311 64.64029374749754 0.0
166.7001560840989 42.163624264422815 0.0
112.06876735330746 176.51674788217596 0.0
84.43860658752091 146.0700330453939 0.0
94.22254258230052 90.8804937687537 0.0
95.18609019510068 106.68566456167035 0.0
58.915693858577 93.09174001589686 0.0
170.90573503027508 59.450604216514314 0.0
61.10974743076636 121.59923605273207 0.0
176.62325610140383 23.078440246540467 0.0
185.47435230923887 2.2567857528418944 0.0
11.457777293834503 134.1868088900048 0.0
124.34790376489404 100.86583752026004 0.0
122.07942897043063 199.3391971970667 0.0
56.63142509930823 162.87109072603602 0.0
179.05397777255865 140.9445218517449 0.0
57.62671663541062 119.48774945593127 0.0
93.44871344331203 39.437532561306284 0.0
197.36876293777794 131.14051100164338 0.0
69.23791843800117 181.389779035457 0.0
43.79160388280938 111.94599179029005 0.0
36.460351593667426 11.677269388957257 0.0
77.10575015686965 33.07182312067325 0.0
190.7451560693723 157.55769656870524 0.0
143.0544564393158 38.15728389495283 0.0
76.73676110618773 143.48650883466354 0.0
125.25507941443435 20.581761596168533 0.0
96.11330542044459 47.727764341072756 0.0
100.62095379931712 10.219079527130814 0.0
95.30723082421737 165.29221825746535 0.0
156.89814258877635 96.41710936090777 0.0
193.70082299115586 136.4617178194258 0.0
197.6406090465042 74.29377092948887 0.0
49.983343932719684 176.1354579859371 0.0
37.486302033645735 143.04206184060155 0.0
132.5207199951324 196.46027006627145 0.0
99.3858169186958 7.788265251456905 0.0
59.002539534543594 153.68366616823062 0.0
65.47428028411142 40.64912779587306 0.0
101.2954666419665 69.8949389785563 0.0
104.56617317590921 141.98527727408262 0.0
113.34594398113734 81.29610596668262 0.0
1.791957713033776 9.449818900441652 0.0
33.139362519071234 146.87120848954513 0.0
49.684280638119894 70.28248349001333 0.0
134.1367947987756 114.79880659935296 0.0
125.06076705501745 161.40137778775417 0.0
157.27453833439918 88.6793198458879 0.0
172.3393146286209 152.19586810965131 0.0
141.52566456736844 61.625235108486784 0.0
141.46098770860795 96.52576822127679 0.0
189.18698152402072 193.48887358798538 0.0
87.38459150163168 173.2834581991333 0.0
151.46876437955055 94.97892456002349 0.0
28.15614214465809 28.977244175917516 0.0
100.62869287132033 52.14354281611031 0.0
79.84539659879016 171.1457382880444 0.0
66.80555658886094 75.67433578728009 0.0
139.18082266360165 178.01465145033427 0.0
60.872287665652266 191.71215436631616 0.0
168.5033108428285 87.6589491030976 0.0
79.04192816250581 104.31218583351284 0.0
152.698086754567 9.034812870269548 0.0
190.6243258710324 54.452335660578434 0.0
44.053290822951084 157.59758311743008 0.0
147.24520352134618 176.44551275590416 0.0
88.53277761127512 159.82316411371175 0.0
20.003555192604395 109.84301812787129 0.0
35.73975499125943 193.8022472990777 0.0
170.45718112737768 63.392675673007574 0.0
74.88693636986012 137.17793608372767 0.0
191.99034108064518 147.3420649960818 0.0
110.3779233741627 179.0492281000202 0.0
120.03154273680201 191.3536446548172 0.0
193.14363729158305 119.06413579638509 0.0
2.7535554766985326 47.52521451368483 0.0
157.6666619280021 24.77793950017151 0.0
48.30177636558983 141.48567651948153 0.0
179.6654020247644 47.45354273345546 0.0
20.2611551282337 179.2626198121261 0.0
65.69907447247918 6.832525072714168 0.0
139.98595443505383 43.5948011712862 0.0
13.493537579950932 47.006986038360935 0.0
72.58067806305162 20.58926140445474 0.0
140.57711568285865 38.3739006833973 0.0
22.734548377467224 186.09920113288 0.0
68.854561603223 54.75520146144237 0.0
147.27597696668568 50.925449456160244 0.0
74.03642784140023 190.11843875473932 0.0
3.227589876807735 14.920883574395095 0.0
161.38006107177395 195.93439783244523 0.0
193.30633311740095 12.30365457085174 0.0
112.9877150621253 118.0595523955482 0.0
145.22736151477866 143.96177070580322 0.0
66.94610180306817 91.13294074477704 0.0
66.83432475633597 87.25796320288926 0.0
134.88086215972132 108.82846228308749 0.0
155.99294338846397 49.82054674039731 0.0
142.03860493716695 129.90526087769183 0.0
112.34858907704162 191.0323502460048 0.0
182.79802097960663 102.85035840470115 0.0
97.46280592035006 173.40646329166353 0.0
124.55078841201934 196.00932162526473 0.0
120.50778763696854 25.764087261764868 0.0
64.18201590122187 105.4522261351802 0.0
188.6117024113812 1.1063594550454248 0.0
43.91900167445579 179.42387117748612 0.0
54.112049975724894 194.29847144633177 0.0
67.10619149379107 46.078583029354704 0.0
15.388169276954411 148.16118039325235 0.0
19.50321704957123 60.301725805487024 0.0
183.6080458002304 121.29114164531076 0.0
97.9920644674309 195.77137345445303 0.0
114.63879661943778 116.90819852254978 0.0
176.11836146997186 0.01534972936079182 0.0
123.53403949774304 179.25428721454668 0.0
194.68093419129016 103.07028383298868 0.0
148.4256202904855 52.54519578670933 0.0
155.6227981811718 124.450947028154 0.0
111.31113545141335 67.20290427794764 0.0
18.765788589623966 58.48969730851032 0.0
135.14276382406283 69.07291393406854 0.0
153.47019129844594 134.70735928269787 0.0
119.78695318040116 139.55743051217343 0.0
181.08967607876139 147.72857593694957 0.0
53.83869182426657 168.07191952566905 0.0
59.13098683550313 130.3559948416661 0.0
44.937978032112525 32.958980064492 0.0
104.31686098436224 3.7695026269473297 0.0
188.15029110570634 22.9702427439878 0.0
129.28976841225975 80.41802528700161 0.0
60.136908404978854 188.6533800935392 0.0
176.48297631528877 18.023121758061002 0.0
26.254963846713373 151.45795312150682 0.0
72.72477043591019 27.215150985020585 0.0
78.39113049039427 118.10038402124489 0.0
199.43040937710157 20.674253913600893 0.0
183.2470816734762 48.70496420341108 0.0
75.77573394688422 158.25011914527119 0.0
113.9586638639751 109.46416016764893 0.0
186.03521605789192 90.38589832502436 0.0
62.345013247577754 104.03835096306535 0.0
147.30641623609375 131.27329776357257 0.0
184.74781471300227 122.64140552489616 0.0
10.131788838646937 3.517429757074142 0.0
21.334917812839272 173.73530658167087 0.0
12.067964757033556 87.69152016374969 0.0
46.90672654824992 70.48332788339712 0.0
63.04151028586708 83.01317809861577 0.0
60.657655854745144 132.58816993224804 0.0
31.369438126931936 39.47547818251478 0.0
103.00917694576992 133.86768066355447 0.0
120.61166327223158 57.11766907615401 0.0
99.54498697661269 176.89759524504956 0.0
79.96168027016721 164.72188616259282 0.0
75.2427669534685 8.277184563125273 0.0
74.67087587663109 188.07379631136968 0.0
156.61135101148386 101.55024612071881 0.0
158.0408498696562 197.0267012491216 0.0
85.00582339583826 29.54053974512845 0.0
32.807275351815754 180.9601331041996 0.0
1.3074605884321189 23.837182225844966 0.0
167.27780670908172 143.82559980268204 0.0
30.319251608764564 176.39225687812342 0.0
140.3756753045774 32.823655652916784 0.0
92.64194901819683 76.66923590061118 0.0
129.77964068038818 18.85802373619594 0.0
2.4595589999903966 197.50762549271016 0.0
128.64001667031368 32.26414122703003 0.0
71.57734493020635 43.8455932067872 0.0
178.88958229231525 123.91096529660808 0.0
133.21934210145466 160.66900475270913 0.0
42.95728082864842 169.62646383062832 0.0
123.50662199625033 160.0318751556464 0.0
100.7315223398698 64.99884433172522 0.0
114.20143515734603 171.71971785196865 0.0
54.90921018089765 67.95704938187303 0.0
177.21654003856554 148.1039202330133 0.0
55.405431724570775 138.13562719161902 0.0
79.55303228559742 60.961799210251066 0.0
112.28798450059732 194.88074721893383 0.0
156.74407503142845 16.513541609280267 0.0
156.7399016347862 169.85549213113396 0.0
193.54598572701101 84.65383842624243 0.0
30.842177947069494 165.5543635667942 0.0
152.53217068529582 189.3325152858958 0.0
39.508060803326295 147.63828722045466 0.0
134.4095430459073 139.26515078962748 0.0
81.68920018753991 196.85309738394514 0.0
28.29101226503843 191.63102935279485 0.0
193.01312730451465 25.39601559481639 0.0
115.82177795055195 36.14258834573203 0.0
178.30051820557682 22.946134654205895 0.0
29.97118199118003 162.84686699955228 0.0
89.94982925616051 139.1766134218226 0.0
137.46596716644174 34.24615723968161 0.0
16.965857771015934 32.41767581536057 0.0
13.254823659996351 120.80156388554141 0.0
189.44797424039493 118.24125690756892 0.0
6.058154619657574 78.60975682369488 0.0
174.64267369856094 37.08957639392789 0.0
155.97115347964453 149.0197722787443 0.0
143.20436157565888 26.67145924969001 0.0
118.25215983371429 42.18325244805976 0.0
18.097104261501286 132.70195749413963 0.0
71.84254459595773 130.00811280163097 0.0
183.6093723881031 120.66218342771529 0.0
46.828264346535335 118.71215420604358 0.0
128.24271527901442 161.60793789823774 0.0
91.96738670450881 97.14974172340509 0.0
122.77440032224831 56.657283892913824 0.0
21.571873284116492 164.31115378642068 0.0
193.5832030498943 137.63875948954822 0.0
130.4460719022152 127.87089824575722 0.0
41.366414625798775 35.4834270520932 0.0
46.24832480274617 35.38771868817867 0.0
176.66539592384424 43.29563507925922 0.0
0.5562381396315486 150.73566419177016 0.0
196.15592722693452 17.63884682089929 0.0
43.080169868320326 20.57209876909891 0.0
7.448725173291759 59.42444878732973 0.0
97.88361397662177 89.12519607477027 0.0
125.18456166165923 194.89310451259175 0.0
66.13314127821953 114.30985348568935 0.0
107.49746174349619 137.52963954857339 0.0
16.81468689964001 14.15769920967187 0.0
179.4585148410392 153.35414824308103 0.0
75.01704349720264 129.77330098976483 0.0
98.90196255959683 74.88348879142646 0.0
116.79739138181675 29.50534870931161 0.0
160.07414974904526 13.158899232730459 0.0
10.307867149403528 98.74801979089514 0.0
101.83517379453997 102.58708176568369 0.0
104.77617454464614 60.7644553405273 0.0
189.68195194630437 79.94362293280652 0.0
162.09731950475003 56.15069537153865 0.0
74.65061540502333 46.73915909636279 0.0
150.20758940887097 172.03507661212885 0.0
197.19512522337627 193.25034662975096 0.0
73.07604350945329 156.8345959460424 0.0
100.42813457253136 172.86914443125843 0.0
99.06269759743978 82.36638150032887 0.0
44.64908461083519 7.025562083648795 0.0
67.55680163550508 122.33887289277891 0.0
173.8736925897353 73.79057220992746 0.0
3.2225730391634233 4.723976634361526 0.0
175.11802821245686 87.36743164069838 0.0
147.84383600407077 65.2379626000196 0.0
92.47932828806758 11.031188010620795 0.0
31.673100619094498 180.13543529263129 0.0
110.59494590657113 162.6778302533729 0.0
49.35466466643796 188.74733442864732 0.0
105.84971602870507 169.9959320918587 0.0
79.90534195274796 129.67033985013265 0.0
178.7412180696736 111.37537181262189 0.0
95.900580631705 109.24184812126256 0.0
27.10140323824215 139.0191217985325 0.0
43.92770246332087 96.91099409086394 0.0
97.41210723306031 122.32577755777656 0.0
146.53208819289526 199.34294300904446 0.0
160.24111123861667 172.46201215679062 0.0
175.2962181326296 3.5701622195754235 0.0
95.86438076319806 113.1457036760683 0.0
175.3555297296364 199.23093575696572 0.0
47.42924246709941 48.012033936315326 0.0
183.56908732644592 90.91199545692363 0.0
101.55229744113635 141.53644695218537 0.0
75.7271539303677 193.83865346907106 0.0
90.03491674114873 178.33993171761475 0.0
2.591824179478608 69.63243301691438 0.0
171.41825116597008 194.8035904454815 0.0
130.2308801023311 103.58268932523178 0.0
147.38875565986282 87.27107293073067 0.0
187.01920215404965 50.855359050111915 0.0
196.58425548382726 192.71901252560835 0.0
37.845993121031384 86.28847329841432 0.0
67.13967372183862 10.627151893102948 0.0
155.4802733606284 180.90067569162676 0.0
159.35059942029352 88.88138233894722 0.0
39.71104603916291 97.9654704558499 0.0
151.12192058314358 31.894567263571272 0.0
146.79269334903356 152.4806527735139 0.0
71.4078449067027 5.731459238367886 0.0
134.89017659448254 110.08869790302744 0.0
10.63862260439674 12.87571035130064 0.0
5.632632488118072 14.98071583070999 0.0
172.1684739264638 188.37843398763027 0.0
27.548157849992982 131.0428713837799 0.0
115.06809344263888 29.479402463475402 0.0
164.0664753305405 156.48098080607699 0.0
16.124413786381876 12.393526454945114 0.0
96.9403459925492 29.385368125038227 0.0
187.69912160385343 72.80675002298747 0.0
35.35062037287655 180.17473433658415 0.0
128.13668456415 130.72716850409253 0.0
131.62384999360034 6.584309488942752 0.0
52.70154792518509 25.688660110311368 0.0
86.40555925593223 47.84015461515023 0.0
155.56341650847983 94.90590484122802 0.0
19.296129371547323 16.88798727378895 0.0
187.13831855097612 174.8312538683536 0.0
105.37056420679012 113.02152386424258 0.0
96.1325306168796 35.66539864030367 0.0
33.66727472397055 81.98188209220065 0.0
81.92528613853247 168.72547257853282 0.0
30.645146376172594 116.57610671634895 0.0
30.4652601320891 38.17566427442074 0.0
9.77225624536291 98.08951703951796 0.0
165.64506257691204 181.47704679165318 0.0
157.8236123825373 67.2430602763598 0.0
38.156807672297234 97.01487970337126 0.0
149.12934870502235 183.1734531953208 0.0
95.12106333431383 92.71317249565925 0.0
190.92893983101746 179.89052780923555 0.0
26.320421534395997 186.0479500185166 0.0
46.150980847836244 61.89257033329596 0.0
66.65810483188825 143.72206023348625 0.0
54.35218437968141 94.0972415948609 0.0
49.50102346273899 28.366128501660448 0.0
177.21330262923072 35.97200643759355 0.0
51.855720291521564 179.98165793972717 0.0
31.90374193923575 45.724794344041484 0.0
149.86481298369034 1.4439188531291558 0.0
143.79068993481096 137.64189493053254 0.0
111.90050628158271 40.23381026687729 0.0
49.382665167601544 114.13695091114478 0.0
196.57089566181284 62.66949491025857 0.0
11.06142506166905 113.80123595689848 0.0
194.2437056413206 102.26002552977636 0.0
167.07027588910165 117.72212244443723 0.0
53.231385709955404 30.40493452719042 0.0
133.39083072641424 138.5630957639889 0.0
65.57030771546228 45.51518605469804 0.0
198.55438137816483 180.37534341718137 0.0
52.36607650268841 5.732466684274717 0.0
108.0980943867861 1.83739452672822 0.0
84.96588499074416 140.77543415646804 0.0
22.29026610182787 41.59596755786015 0.0
5.758002765476622 170.0430091264711 0.0
148.91302636923413 171.60759139594822 0.0
171.18745749674008 26.956416048100216 0.0
2.3047921929145954 32.85734414643788 0.0
29.616153391928023 43.62323583218106 0.0
20.52902882246044 177.557388538357 0.0
167.94459065167348 185.2582455464346 0.0
184.44976981736033 92.90469814560613 0.0
113.4515379621018 140.39747098341377 0.0
125.65848173640546 13.703859803840391 0.0
61.096998544067475 170.793338585828 0.0
184.61094411860654 44.637483084503856 0.0
11.572888265956326 3.980522078846982 0.0
185.99682751702161 107.69312131827012 0.0
151.67491644544904 111.85340738769072 0.0
135.27874947172026 6.23248231792457 0.0
86.10824111828772 60.19792618450395 0.0
8.50162145107638 54.41488854270198 0.0
138.62846239089697 36.971897918256104 0.0
106.88718220051214 59.163869463971544 0.0
180.45867035819413 171.2296191455958 0.0
78.39272077285213 161.59209521166704 0.0
115.21226503369448 39.93805070389838 0.0
70.32692311879785 145.77647235073476 0.0
52.09035322465625 26.533452580418214 0.0
170.2799824849971 105.00189931992922 0.0
132.9115761207606 142.91889992882426 0.0
117.039101282212 19.068533231337593 0.0
143.57130307626213 155.7047249420445 0.0
18.824590491330607 40.984247100064366 0.0
36.81616118639808 167.84540131526734 0.0
103.09581988090667 117.34019320664916 0.0
120.75896407747899 198.4280158681368 0.0
140.34036580257893 173.89432165034998 0.0
126.34816743952241 176.21901414182278 0.0
133.67375966362107 86.36391761908895 0.0
57.044947665436815 116.67750947612731 0.0
146.7412414676069 26.155051625669135 0.0
45.25027287272303 87.4948876669164 0.0
154.32712238448627 121.7331991352957 0.0
192.56312579113563 84.32217182001342 0.0
143.24121277775316 108.56601410149852 0.0
154.74033195959797 136.19801754618103 0.0
165.46611194387808 154.04567630493307 0.0
47.267383100782645 39.29190409102521 0.0
51.21292204509298 138.52487275101308 0.0
93.73874597279115 77.9285150601535 0.0
26.447249987352418 149.57700282328818 0.0
116.78521175873338 133.4610114464353 0.0
147.6112615179262 3.817734619209334 0.0
80.07488504788307 104.41230854746519 0.0
65.68174598571818 49.10170214248277 0.0
29.953482370180893 165.40519398538848 0.0
162.3680836988566 119.6345472625704 0.0
156.57871700987315 77.75350777679104 0.0
163.16818428761167 117.51721003861908 0.0
96.94253149170002 131.18834164149226 0.0
125.16443094096661 76.46586440387806 0.0
35.963998399611754 144.04465379518194 0.0
21.855806282155243 126.92742173606626 0.0
26.874948361622607 78.33532610000074 0.0
2.986395939195252 126.53722555033318 0.0
48.40914546401671 36.49117290289625 0.0
194.24454734505304 45.84194172586131 0.0
43.84518494707341 98.14712664362946 0.0
19.870966877894915 106.43736298564824 0.0
145.74216587940646 28.20618725689812 0.0
80.62822144464714 157.1473186067596 0.0
80.24631382511393 141.51445472262697 0.0
0.24802994643537968 43.59649797555083 0.0
166.13582410608103 144.83203204557657 0.0
165.38693410513258 177.50649139811497 0.0
176.31017869422936 193.38617690023844 0.0
127.28483679023117 144.27101261305197 0.0
13.219330246399675 97.14466004905967 0.0
7.7351508761256405 0.8427192223121605 0.0
64.76715921559408 191.04877994534093 0.0
157.6391617631249 110.69069804815645 0.0
53.51272679460273 43.79719859105826 0.0
153.33149157497067 138.56422229604718 0.0
169.53179945069905 121.37309874723137 0.0
184.02737459211608 185.02486701848608 0.0
86.09034808724483 144.3589484750911 0.0
183.15668788179323 179.1858195392235 0.0
97.32060951162713 182.18460297841102 0.0
87.01374421745109 167.8235358958408 0.0
88.3795044907459 112.80600497440649 0.0
166.06575816240672 40.003738586695945 0.0
151.10819879347713 142.91345870999922 0.0
67.42715322546447 108.58999247737475 0.0
192.00064543552074 31.619812820194284 0.0
31.420823688035917 33.479977388945194 0.0
44.32806679649961 89.68063259341422 0.0
100.81152224590966 16.14092046374229 0.0
192.55532469654784 136.64987847077083 0.0
28.210714004279723 20.99229334913495 0.0
44.724268021973735 189.97625630306905 0.0
5.316158003840243 186.4104162243996 0.0
147.2681370932193 132.8968845511052 0.0
87.06363511654855 176.6062483564666 0.0
26.760200953466317 162.08656206708872 0.0
64.43230800650237 195.35406432206898 0.0
64.38890679496481 51.3724669982724 0.0
151.55915404264329 133.52543185688327 0.0
161.49076293947627 184.42558462905467 0.0
195.98215492680896 54.60937312388088 0.0
138.26140518396846 107.19191619347914 0.0
195.24576296889813 135.87616366116774 0.0
22.804179103634414 29.927885333485825 0.0
108.766487470257 77.5688248880518 0.0
33.96480842601406 69.0560164226484 0.0
90.77023930765166 68.4829163506596 0.0
138.93964726068165 60.65858755537808 0.0
138.27734486185105 53.521747776297076 0.0
175.43413842810614 100.2783072979496 0.0
147.5250961849065 87.29074854982346 0.0
68.18716209869208 167.7969359531444 0.0
102.88180170443717 177.52130441397233 0.0
40.96599717168312 81.51400681423526 0.0
184.22032922512926 23.090880147416737 0.0
127.67569785866691 192.1496374728384 0.0
171.88325740023575 33.632817859187924 0.0
120.01577402507655 75.34683049893867 0.0
52.78574075100646 181.205830375591 0.0
154.15602783534683 10.35023979637093 0.0
186.86635069337737 179.2196983104509 0.0
35.192628573451714 42.890007424154476 0.0
180.01007259708135 9.790224496701772 0.0
125.68439718327203 121.90079175055818 0.0
127.73188289674017 127.92321674605371 0.0
183.35845092162603 172.55764856330222 0.0
143.32321822427514 159.4035693077551 0.0
123.11336460484034 22.212048820290576 0.0
64.8278658905439 178.99237839395067 0.0
99.73710945858085 31.162829355855948 0.0
147.12772894294014 106.51129543724458 0.0
160.29600705265057 96.79845785184871 0.0
188.58307398565157 190.62014669568995 0.0
198.94016866755337 197.49855239335236 0.0
116.08591920411853 163.5702221030442 0.0
61.90971808626327 21.78417067861038 0.0
158.0492321303108 44.94225427186511 0.0
196.81538846064043 88.55788205470326 0.0
171.76875149398452 148.35477657878144 0.0
17.805956438322657 105.87635204761328 0.0
59.75818826084671 2.3548709241631105 0.0
167.02421295377562 138.54948405925015 0.0
109.07281324172324 35.18018215188421 0.0
92.79205771099859 58.96202412863714 0.0
118.30025144887153 192.80736369135676 0.0
36.25451098717818 140.86482153245151 0.0
138.81160948919188 160.67885592364297 0.0
20.751449366414953 122.48468169183101 0.0
150.02997659029657 141.72640856350583 0.0
171.97483740189716 13.153268864846668 0.0
12.88740475646275 6.786282388545928 0.0
62.00851455235809 146.7569664291496 0.0
1.3056562648661174 78.22770228275999 0.0
166.63641628278825 95.66139346907072 0.0
98.44989298588902 33.59262649497048 0.0
152.8443063461325 50.365591292256305 0.0
62.66872451557728 23.271520423982285 0.0
172.2291703128425 142.99262648242976 0.0
17.447936449374346 84.71630295065647 0.0
26.069392230527978 146.82484355529283 0.0
0.36938533076900093 105.41835081207702 0.0
189.0979721172312 19.443603812248455 0.0
117.98060928811938 137.85576398492873 0.0
31.560100420223414 73.63483810366296 0.0
96.64465418696741 1.840924465163063 0.0
162.92540746931465 158.07342092324163 0.0
93.85383276312587 23.175768524693986 0.0
35.66437483690137 108.90081240432717 0.0
40.15510308352839 52.24878818385732 0.0
193.78730223290165 93.66205445191562 0.0
118.74878871189975 182.18439648629584 0.0
28.383508861282248 110.66974045700097 0.0
57.98654958122924 43.381775248480125 0.0
11.187232877549746 29.714168715276568 0.0
111.40842958207222 189.75698024316935 0.0
117.23602873534587 164.14040966025712 0.0
130.6229489834116 111.7285168543314 0.0
118.97631565456027 49.66460341221952 0.0
198.24829984958657 11.963304888230141 0.0
36.70992074702686 71.90337051225927 0.0
81.29667801776317 62.126370118358906 0.0
64.06447489894893 32.441776976152426 0.0
89.79790523578288 22.354286603842798 0.0
152.20953118518025 72.36685092606348 0.0
181.1225779358175 49.898879955392886 0.0
132.82949597585886 182.54521992084213 0.0
137.37893542811247 49.36430939494934 0.0
187.40330190466545 21.524986964686054 0.0
161.4218932341947 24.187131285759644 0.0
29.130046945419252 134.79355757465592 0.0
86.42650668335557 177.48563364411098 0.0
153.87866601899617 123.22460631713787 0.0
174.64241580013407 180.1311789079055 0.0
137.82897893486503 43.8991163120499 0.0
192.85974938958407 74.87092710394182 0.0
12.010306793540359 143.0867360165733 0.0
95.28106456265706 117.55782656122476 0.0
27.73312058435944 119.02547416759406 0.0
18.907977001200926 70.02034221650028 0.0
41.94805210265316 91.23921824324941 0.0
2.215179159472691 53.83100956794884 0.0
97.8558303617348 113.48413739196599 0.0
74.7986228424983 50.20928425243236 0.0
153.6306417963974 9.016565480308802 0.0
133.84870554689988 88.52102724731611 0.0
120.90854744456779 129.72665042415792 0.0
122.71329295277494 104.31314663793707 0.0
14.731629909422406 144.783359888927 0.0
57.47963699953771 167.5488571391376 0.0
87.92760049445585 149.78836405269672 0.0
9.41810209694589 82.68527866175357 0.0
125.44366650823568 54.03744589001131 0.0
44.2948511740551 44.46184044334554 0.0
7.942522472491764 151.3401051651281 0.0
143.97459492108513 96.7444485191951 0.0
19.007398757697036 8.949150783534755 0.0
91.39864260883732 186.49694836089864 0.0
166.59211740975812 119.50401309169985 0.0
186.93747749136244 30.927981948810878 0.0
16.89126431517567 152.49278984327202 0.0
82.28122693442843 23.08789043042403 0.0
197.5945257917221 114.5897755116829 0.0
167.44540904175142 189.66689753322925 0.0
17.52840322215421 82.32671604999551 0.0
27.13338950663624 184.47234160119592 0.0
170.97754788139807 5.907551280006795 0.0
94.61111344164064 52.039294915685645 0.0
47.516956931372874 199.57813960846 0.0
174.41362179246468 28.055508903694903 0.0
151.97548207097057 131.8137609885835 0.0
179.61707958023413 156.7581396799705 0.0
154.1899851096454 7.689005723439601 0.0
35.07392865155295 0.18627422521328985 0.0
134.4986913931459 196.1460788135967 0.0
34.923031202719265 190.14986356795717 0.0
68.46126140385947 196.47912448770788 0.0
10.850550005505987 31.002227929065974 0.0
103.08219253482784 161.20381093347834 0.0
66.99150543054537 199.7798537469882 0.0
116.85323096435766 196.58286966943064 0.0
168.02594246045334 9.999753828949531 0.0
27.21951177682398 147.42994787525018 0.0
128.93773391183657 106.38123341000185 0.0
111.61329107543123 139.41563876174575 0.0
148.06811983395644 39.98549962851921 0.0
41.98800832486296 199.95110438615816 0.0
149.51007493719894 136.74305659450977 0.0
197.8247477225807 7.8263538290975765 0.0
56.55375924636334 17.065415689468 0.0
118.87197055038983 32.13165057955458 0.0
104.80729030472502 50.214261388778866 0.0
86.41862881778522 12.592268528789209 0.0
21.78119109923955 134.32766494573903 0.0
180.68974074071613 106.29822560021458 0.0
149.1388660956244 81.47960424910805 0.0
151.9926338967444 79.91226994523713 0.0
164.47961850621354 156.87560917889732 0.0
64.53104423688998 61.79093308769279 0.0
171.43466071347015 172.26377207505755 0.0
124.34344422270239 185.0550076706173 0.0
170.02076049478777 165.86716404147916 0.0
186.61086349548097 150.4974320346493 0.0
93.61011958162547 114.62000652522985 0.0
152.61870738348853 117.31801939787701 0.0
104.53919450899588 119.21673549392563 0.0
12.94604040322611 190.02618506584733 0.0
77.29328769777553 78.45945063150566 0.0
70.99484134022995 111.4541809894536 0.0
166.36762382389577 26.616019611106246 0.0
89.76090416736426 194.6751447899768 0.0
55.31992351512254 45.977443415856655 0.0
144.7870122475059 30.72165177779056 0.0
114.19336179305597 186.5298709734582 0.0
37.528136422811166 94.35206127385287 0.0
54.402908096266025 125.63303962286415 0.0
25.89747123653414 36.71363561041117 0.0
163.34223618828375 182.82355587141754 0.0
162.55114554702888 1.6027225835811398 0.0
25.382197875029533 168.33803540636168 0.0
96.50853146546939 131.12416862877558 0.0
191.59620108240404 188.67757914689162 0.0
189.99418715571542 136.9033576358386 0.0
147.4616505728229 158.5116921467121 0.0
29.926404901075077 4.606178297759689 0.0
145.95087890584657 175.446363647545 0.0
72.26652214167844 172.37343432770825 0.0
22.838863826324605 102.65741390516285 0.0
47.48219056666121 77.87810067090335 0.0
191.7192888354125 74.11702625194505 0.0
76.66677323409594 4.065137322511925 0.0
28.134360543421664 188.11768841096332 0.0
0.3962292502008413 70.23527209606006 0.0
195.3880452407384 187.02451901052692 0.0
6.193826574825101 12.985730147873674 0.0
139.0263246191845 34.66346811153418 0.0
55.512088095312116 80.62233317276424 0.0
182.63220039044242 197.47933316682355 0.0
57.430485482561245 125.00910535496772 0.0
194.49717185498264 111.57429969125612 0.0
13.806424341689215 16.42296696419203 0.0
62.89507921846356 174.9640748370565 0.0
69.40610518233483 29.83273186553128 0.0
17.098161202634742 42.86539796067736 0.0
140.58098120685582 55.12313625934222 0.0
161.9392729019985 23.555147365435825 0.0
167.34449762753536 169.1362511015326 0.0
55.638344587743504 173.317968051359 0.0
36.24295772524422 74.00410761564264 0.0
153.77507795678588 71.22574929548486 0.0
55.2033396622978 154.09800701999626 0.0
66.70407980561896 17.96898820943533 0.0
126.58001894751875 33.02151787469154 0.0
33.37263551799325 147.68650791135678 0.0
60.91134235900246 122.42570651357983 0.0
1.4153496096442675 67.71671092950788 0.0
1.4361629841725065 146.02673660866884 0.0
21.56401727932198 148.41992301678826 0.0
88.20938944674981 195.05753255230684 0.0
113.82514277792552 73.69814687601486 0.0
80.69474258875448 125.48675485815248 0.0
143.54147848591396 132.56493643530882 0.0
79.00197568125067 42.68987821484382 0.0
157.36818349144772 183.0947729424174 0.0
136.47483839324678 35.85882828690108 0.0
72.35816468681115 52.30784213248627 0.0
40.125127740019664 22.287995672520445 0.0
185.76519179388833 149.02269462267333 0.0
50.447297882226216 140.776231774208 0.0
78.83754479661545 61.43578240836889 0.0
138.43707143808678 193.73583407272443 0.0
124.78897189712339 87.16354427847548 0.0
35.1766118863557 179.20119710819534 0.0
179.29770965060453 0.7091061556663059 0.0
18.137906824269102 176.78125160639402 0.0
131.2985692171063 101.79237378893112 0.0
198.3949501324209 155.70149063843374 0.0
22.49693824305361 107.70881228008768 0.0
144.22455942356655 58.43290997891033 0.0
5.947767572180185 153.85871438768288 0.0
179.11455892289538 180.0066891402104 0.0
107.2066544417408 48.81536768942376 0.0
25.987199150265017 10.965088723176365 0.0
175.9740854721174 193.77716201192825 0.0
34.484793308418205 141.00055859476734 0.0
171.81810633292915 20.97507377396022 0.0
24.45344433114387 130.68661581547613 0.0
14.474663629352813 31.583671399150106 0.0
6.300044940696026 50.305649272129685 0.0
47.38896400549248 120.91032293887255 0.0
97.68654981395095 57.63025783114528 0.0
112.57518622942719 67.1137876159134 0.0
46.0647560128264 140.61649542956707 0.0
115.53612173487855 29.42995934432522 0.0
87.84384146624564 186.31873182797588 0.0
170.89810739270118 52.85917259812647 0.0
27.521865411173852 53.937564304747696 0.0
162.58094954940856 108.4959289517329 0.0
3.9017137589475226 127.7636777240382 0.0
26.73645500445925 112.15851680632265 0.0
25.55083129219544 104.8822279776865 0.0
71.35321010414881 58.7025924743313 0.0
3.9532754158716488 132.85371312470713 0.0
183.339472914651 85.37925467012204 0.0
90.34158067869565 54.18904732181029 0.0
42.05993203845348 134.82485205784448 0.0
30.985116285781267 37.28797642080133 0.0
57.71627980707335 126.74618435624151 0.0
195.75055562088139 77.61158648394566 0.0
83.62549001508484 167.09138631324208 0.0
106.03923124440719 138.21128458297136 0.0
13.363902596789167 124.4733732813101 0.0
90.74514542193629 65.33800091995184 0.0
166.90910364085562 85.83922350352744 0.0
132.66651318820334 62.7072205771612 0.0
94.32582838291515 166.85548119629595 0.0
32.84275642987138 37.096663619404715 0.0
81.20602483820956 97.20591621411153 0.0
116.57795374529987 138.30535580243395 0.0
26.987392582438964 126.97483607020305 0.0
32.45075376107487 108.104071055938 0.0
85.43869292290991 107.51558158138499 0.0
154.39989969043074 25.658923966102364 0.0
106.01424412974634 88.68048251669427 0.0
87.01353390789895 91.0113218088537 0.0
95.44405692179447 44.015000373584655 0.0
195.4395021991808 23.549117524783945 0.0
30.840105529738437 186.495441133751 0.0
133.8729700462868 69.00531849552469 0.0
198.76335183634785 169.61611201425734 0.0
30.36671437890932 106.37230671504436 0.0
9.110114842819339 82.10843873316229 0.0
100.74849942659073 125.22105599565955 0.0
138.3405507377906 139.30105264881738 0.0
10.719032326224664 4.266434258635043 0.0
93.48596887975047 150.10639104331997 0.0
82.74307231184233 63.62117789939043 0.0
56.535792810481624 195.84609569624274 0.0
53.13523233035404 86.03278592820895 0.0
168.21915319453575 95.60380398479762 0.0
124.78124823790355 6.499037500384097 0.0
40.85995111480454 152.5206643381475 0.0
132.2243635472765 55.00946307421033 0.0
51.89848262368224 176.42545705857665 0.0
138.3856665103399 3.7616255699878476 0.0
62.836692340398834 60.417666608798996 0.0
115.97625621454361 118.05272898661583 0.0
32.778182825704064 52.49851557488772 0.0
131.69812455838013 39.14842987025604 0.0
151.39819679125455 108.07147900051031 0.0
47.61976747875287 137.78253880094582 0.0
3.0928274662975097 135.11038310846607 0.0
181.6515670567263 68.54265569709462 0.0
92.22082083807368 151.01973835089277 0.0
27.83504129687597 128.24846505535842 0.0
8.765315309455346 158.68852882504083 0.0
27.19917920244317 175.53094840729148 0.0
194.40698481835875 118.96525451535402 0.0
101.22602087468395 104.17229433557426 0.0
80.91416758727748 147.7585399700954 0.0
12.506879607109944 179.36792056079986 0.0
115.91944493999323 198.1942557453906 0.0
0.9594647714975313 143.9235264859539 0.0
65.56641484536487 1.7366118129773955 0.0
159.01541960250856 80.50168274657148 0.0
189.1743111449289 136.90723606269333 0.0
55.47670662462036 176.38403543219894 0.0
17.98225677900629 170.21283709610432 0.0
195.27838292991567 178.81670605528 0.0
138.19896799862875 71.11865380251707 0.0
11.18444091512265 51.85815140620509 0.0
177.99782237157302 141.38136274107953 0.0
23.482294101388224 149.75016907363258 0.0
128.76121138804825 118.78173124482396 0.0
175.03074641612622 107.18438040517009 0.0
192.79224216253758 116.27388165970945 0.0
151.55513089322622 13.438118853725944 0.0
142.87581620833257 39.79458215490952 0.0
130.87260739351666 85.20505494815613 0.0
103.48527501991292 91.45250208976239 0.0
69.7694328687251 182.04767770829875 0.0
119.09478970648397 109.54397228631743 0.0
133.54122317638812 118.75012749186122 0.0
61.9717653195212 22.818395248234946 0.0
0.7463177816783739 20.451504585931502 0.0
149.98758973716966 3.642875592759287 0.0
134.51125738866932 139.29139907868284 0.0
194.39914459368214 193.19239336206792 0.0
101.76661712925332 5.400809932270811 0.0
78.2174895832349 141.5181982570702 0.0
43.08041729701713 120.42337222708672 0.0
77.69428186393652 156.3238420115307 0.0
48.29538757140326 18.353158123303494 0.0
82.6204505524781 186.50476920892368 0.0
76.9654802937547 16.327060870499 0.0
145.5458654279564 79.98385649447401 0.0
177.62604077787748 157.11128634129958 0.0
95.692602046866 50.102006492239596 0.0
106.22110581587647 105.37290612159977 0.0
190.24863670653468 160.79937704375342 0.0
21.55039163336061 101.42924401490734 0.0
143.89276333143565 198.04937454528584 0.0
144.38762273458752 99.01915003974575 0.0
176.8156604109219 33.484159194977956 0.0
106.96077646471902 117.74202357949078 0.0
152.1660456043003 105.87695681778892 0.0
190.77410816465692 26.161832569677014 0.0
35.76492034396435 147.12297939794533 0.0
153.29061423657512 38.17501201116671 0.0
4.094999887444861 161.58739736885292 0.0
77.78293729724038 153.09273253679737 0.0
150.98648917030434 131.16533671018217 0.0
45.69952512628517 198.98945326214155 0.0
99.0843716914688 163.12540324966773 0.0
27.182097853709774 49.22143425846082 0.0
109.09650633480061 23.784860630492233 0.0
12.909413697211658 173.62021379790176 0.0
97.98586091873784 8.291113468869927 0.0
69.23151879960243 158.71784214666923 0.0
126.68424375686816 85.26070144058322 0.0
88.59759084823067 185.46206967606423 0.0
198.5690358749531 24.753590419530425 0.0
128.5696368807702 88.23131741103344 0.0
21.858429404901948 169.03713546441696 0.0
185.2533462287141 135.5607969366283 0.0
