1 137 64.0
1 59 44.0
1 67 4.0
1 73 72.0
1 87 54.0
1 96 51.0
1 115 43.0
1 140 43.0
1 141 73.0
1 155 27.0
1 195 15.0
2 3 60.0
2 27 53.0
2 33 72.0
2 68 37.0
2 106 82.0
2 164 68.0
3 2 53.0
3 27 51.0
3 33 9.0
3 57 53.0
3 68 85.0
3 106 67.0
3 142 33.0
3 164 35.0
4 79 55.0
4 102 32.0
4 110 86.0
4 111 58.0
4 130 23.0
4 173 46.0
4 13 57.0
4 19 70.0
4 32 11.0
4 51 21.0
4 54 23.0
4 60 88.0
4 80 40.0
4 113 60.0
4 138 83.0
4 153 25.0
4 162 33.0
5 9 8.0
5 22 61.0
5 23 60.0
5 25 86.0
5 28 28.0
5 29 80.0
5 30 84.0
5 41 37.0
5 45 36.0
5 95 41.0
5 97 30.0
5 105 86.0
5 114 22.0
5 148 9.0
5 151 8.0
5 157 39.0
5 165 77.0
5 169 27.0
5 188 19.0
6 172 73.0
6 14 71.0
6 51 78.0
6 60 28.0
6 98 49.0
6 123 72.0
6 147 4.0
6 161 59.0
6 193 55.0
6 198 85.0
7 21 37.0
7 35 79.0
7 56 37.0
7 59 8.0
7 65 70.0
7 74 23.0
7 87 21.0
7 96 83.0
7 116 49.0
7 124 23.0
7 132 13.0
7 143 12.0
7 144 27.0
7 159 12.0
7 168 17.0
7 187 98.0
7 189 54.0
7 194 61.0
7 199 28.0
8 24 59.0
8 48 34.0
8 134 40.0
8 176 34.0
8 185 2.0
8 16 14.0
8 31 88.0
8 36 1.0
8 55 43.0
8 88 74.0
8 91 27.0
8 117 1.0
8 128 71.0
8 131 76.0
8 152 6.0
9 5 31.0
9 13 40.0
9 14 68.0
9 28 83.0
9 32 75.0
9 47 89.0
9 48 29.0
9 54 83.0
9 60 22.0
9 69 74.0
9 95 3.0
9 97 57.0
9 113 70.0
9 148 46.0
9 162 11.0
9 169 82.0
10 12 66.0
10 63 79.0
10 76 83.0
10 83 75.0
10 92 58.0
10 151 84.0
10 193 6.0
11 15 39.0
11 17 50.0
11 34 84.0
11 42 27.0
11 66 92.0
11 84 42.0
11 101 24.0
11 122 46.0
11 125 83.0
11 139 62.0
11 179 87.0
11 197 38.0
12 10 41.0
12 29 89.0
12 30 26.0
12 76 82.0
12 83 52.0
12 92 34.0
12 109 93.0
12 114 53.0
12 151 36.0
12 156 66.0
12 163 13.0
12 188 20.0
13 4 3.0
13 9 54.0
13 19 34.0
13 24 31.0
13 28 83.0
13 32 12.0
13 47 33.0
13 48 5.0
13 54 59.0
13 60 3.0
13 69 76.0
13 95 33.0
13 97 94.0
13 105 43.0
13 113 45.0
13 134 24.0
13 148 31.0
13 162 28.0
13 185 15.0
14 39 25.0
14 6 1.0
14 9 94.0
14 32 67.0
14 51 60.0
14 60 75.0
14 98 46.0
14 113 84.0
14 123 81.0
14 147 31.0
14 153 6.0
14 161 1.0
14 162 88.0
15 11 32.0
15 17 42.0
15 42 43.0
15 101 80.0
15 122 84.0
15 125 30.0
15 139 39.0
15 191 30.0
15 197 14.0
16 24 2.0
16 134 21.0
16 8 23.0
16 31 22.0
16 36 33.0
16 55 7.0
16 58 95.0
16 81 40.0
16 88 93.0
16 117 17.0
16 128 16.0
16 131 48.0
16 152 77.0
16 190 6.0
16 200 80.0
17 11 65.0
17 15 6.0
17 42 14.0
17 66 95.0
17 70 73.0
17 84 42.0
17 101 47.0
17 122 81.0
17 125 19.0
17 139 70.0
17 191 18.0
17 197 78.0
18 44 51.0
18 177 5.0
18 180 9.0
18 192 75.0
18 56 66.0
18 73 60.0
18 89 54.0
18 119 84.0
18 133 56.0
18 166 93.0
18 168 40.0
18 184 60.0
18 195 57.0
19 37 37.0
19 110 87.0
19 111 47.0
19 173 44.0
19 4 84.0
19 13 4.0
19 32 41.0
19 47 22.0
19 54 60.0
19 60 26.0
19 69 19.0
19 80 90.0
19 113 89.0
19 134 32.0
19 138 39.0
19 162 28.0
19 71 19.0
20 49 36.0
20 55 35.0
20 62 15.0
20 66 88.0
20 77 29.0
20 81 31.0
20 84 17.0
20 90 30.0
20 131 93.0
20 154 88.0
20 179 44.0
21 7 77.0
21 56 55.0
21 65 58.0
21 74 71.0
21 107 12.0
21 116 20.0
21 143 37.0
21 144 52.0
21 168 35.0
21 189 68.0
21 194 59.0
21 199 86.0
22 5 33.0
22 23 96.0
22 29 32.0
22 30 91.0
22 41 47.0
22 45 8.0
22 63 17.0
22 114 52.0
22 148 90.0
22 151 58.0
22 157 66.0
22 169 7.0
22 188 32.0
23 5 52.0
23 22 28.0
23 29 69.0
23 30 81.0
23 63 95.0
23 83 42.0
23 92 82.0
23 114 44.0
23 151 86.0
23 157 26.0
23 169 38.0
23 188 47.0
23 193 25.0
24 13 41.0
24 28 83.0
24 47 74.0
24 48 50.0
24 69 24.0
24 95 21.0
24 97 21.0
24 134 15.0
24 176 37.0
24 185 69.0
24 8 55.0
24 16 56.0
24 31 51.0
24 36 47.0
24 117 18.0
24 128 61.0
24 152 64.0
24 200 14.0
25 5 40.0
25 30 9.0
25 41 12.0
25 45 16.0
25 127 19.0
25 157 52.0
25 163 61.0
25 165 43.0
25 169 29.0
26 50 60.0
26 104 75.0
26 158 24.0
26 182 58.0
26 90 80.0
26 94 40.0
26 103 73.0
26 112 39.0
26 149 70.0
26 154 87.0
26 171 5.0
26 190 21.0
27 2 80.0
27 3 42.0
27 33 31.0
27 52 65.0
27 57 70.0
27 68 55.0
27 106 82.0
27 142 90.0
27 164 92.0
27 183 94.0
28 5 69.0
28 9 58.0
28 13 46.0
28 24 42.0
28 32 57.0
28 47 18.0
28 48 6.0
28 54 74.0
28 69 7.0
28 95 30.0
28 97 87.0
28 105 97.0
28 134 75.0
28 148 98.0
28 162 6.0
28 169 37.0
28 176 78.0
28 185 59.0
28 128 68.0
29 5 73.0
29 12 65.0
29 22 76.0
29 23 35.0
29 30 75.0
29 41 53.0
29 45 50.0
29 63 61.0
29 76 29.0
29 83 31.0
29 109 11.0
29 114 62.0
29 151 13.0
29 156 59.0
29 157 79.0
29 163 91.0
29 165 16.0
29 188 35.0
30 5 83.0
30 12 87.0
30 22 48.0
30 23 39.0
30 25 26.0
30 29 84.0
30 41 89.0
30 45 18.0
30 63 18.0
30 83 51.0
30 109 1.0
30 114 2.0
30 151 75.0
30 156 79.0
30 157 13.0
30 163 29.0
30 165 52.0
30 169 17.0
30 188 28.0
31 24 59.0
31 47 28.0
31 48 89.0
31 69 9.0
31 134 74.0
31 176 78.0
31 185 46.0
31 8 10.0
31 16 63.0
31 36 76.0
31 91 38.0
31 117 11.0
31 128 3.0
31 131 41.0
31 152 84.0
32 111 36.0
32 4 76.0
32 9 13.0
32 13 19.0
32 14 14.0
32 19 72.0
32 28 64.0
32 51 27.0
32 54 14.0
32 60 39.0
32 69 83.0
32 80 34.0
32 95 99.0
32 97 94.0
32 113 37.0
32 123 36.0
32 138 11.0
32 147 28.0
32 153 15.0
32 162 17.0
33 2 25.0
33 3 36.0
33 27 92.0
33 57 25.0
33 68 83.0
33 106 13.0
33 142 64.0
33 178 58.0
34 11 64.0
34 66 8.0
34 112 47.0
34 122 32.0
34 125 55.0
34 139 45.0
34 154 69.0
34 171 72.0
35 7 70.0
35 43 3.0
35 65 95.0
35 72 48.0
35 74 60.0
35 99 52.0
35 116 11.0
35 124 80.0
35 132 86.0
35 143 41.0
35 144 63.0
35 145 79.0
35 187 49.0
35 189 21.0
35 194 3.0
35 199 94.0
36 24 99.0
36 48 38.0
36 134 80.0
36 8 40.0
36 16 29.0
36 31 77.0
36 58 81.0
36 81 41.0
36 88 64.0
36 91 14.0
36 117 25.0
36 128 25.0
36 131 88.0
36 152 5.0
36 200 51.0
37 67 40.0
37 82 8.0
37 146 86.0
37 167 25.0
37 196 6.0
37 19 29.0
37 134 70.0
37 71 9.0
37 120 38.0
37 200 81.0
38 43 46.0
38 50 59.0
38 53 38.0
38 61 90.0
38 64 37.0
38 72 60.0
38 75 66.0
38 82 61.0
38 85 85.0
38 141 60.0
38 155 80.0
38 158 63.0
38 182 74.0
38 187 97.0
38 103 55.0
39 78 79.0
39 79 30.0
39 100 25.0
39 110 63.0
39 111 12.0
39 130 14.0
39 135 1.0
39 172 46.0
39 173 44.0
39 14 10.0
39 51 91.0
39 60 63.0
39 80 49.0
39 98 13.0
39 138 76.0
39 147 73.0
39 153 95.0
40 99 47.0
40 126 22.0
40 145 61.0
40 160 47.0
40 175 93.0
41 5 63.0
41 22 98.0
41 25 86.0
41 29 75.0
41 30 13.0
41 45 90.0
41 114 66.0
41 151 9.0
41 156 50.0
41 157 36.0
41 163 1.0
41 165 86.0
41 169 16.0
41 188 15.0
42 11 39.0
42 15 26.0
42 17 87.0
42 70 89.0
42 84 30.0
42 101 85.0
42 122 49.0
42 125 80.0
42 139 46.0
42 191 33.0
42 197 4.0
43 35 94.0
43 38 94.0
43 61 10.0
43 64 20.0
43 72 34.0
43 75 58.0
43 99 31.0
43 124 46.0
43 145 40.0
43 158 66.0
43 160 26.0
43 187 95.0
44 18 8.0
44 121 53.0
44 177 32.0
44 180 1.0
44 192 99.0
45 5 16.0
45 22 14.0
45 25 94.0
45 29 10.0
45 30 5.0
45 41 99.0
45 105 76.0
45 148 13.0
45 157 20.0
45 165 3.0
45 169 87.0
45 188 60.0
46 79 20.0
46 102 99.0
46 108 44.0
46 110 83.0
46 129 90.0
46 130 35.0
46 135 12.0
46 136 80.0
46 170 76.0
47 9 40.0
47 13 74.0
47 19 99.0
47 24 96.0
47 28 38.0
47 48 65.0
47 54 18.0
47 69 65.0
47 95 26.0
47 97 21.0
47 105 78.0
47 134 9.0
47 148 61.0
47 162 22.0
47 176 48.0
47 185 60.0
47 31 48.0
47 117 17.0
47 128 92.0
48 9 80.0
48 13 95.0
48 24 71.0
48 28 18.0
48 47 61.0
48 69 88.0
48 95 12.0
48 97 39.0
48 105 45.0
48 134 80.0
48 148 98.0
48 162 93.0
48 176 84.0
48 185 22.0
48 8 57.0
48 31 54.0
48 36 97.0
48 91 76.0
48 117 39.0
48 128 41.0
49 20 93.0
49 55 19.0
49 66 96.0
49 81 85.0
49 84 83.0
49 88 37.0
49 90 83.0
49 131 51.0
49 149 1.0
49 154 3.0
49 179 54.0
50 38 64.0
50 53 19.0
50 61 37.0
50 64 15.0
50 72 80.0
50 75 72.0
50 104 12.0
50 158 4.0
50 182 58.0
50 26 11.0
50 94 21.0
50 103 99.0
51 39 84.0
51 100 29.0
51 172 62.0
51 173 64.0
51 4 80.0
51 6 50.0
51 14 77.0
51 32 73.0
51 60 42.0
51 80 23.0
51 98 16.0
51 113 68.0
51 123 99.0
51 138 6.0
51 147 70.0
51 153 79.0
52 27 18.0
52 57 20.0
52 78 6.0
52 100 72.0
52 118 62.0
52 135 36.0
52 142 59.0
52 178 67.0
53 38 11.0
53 50 34.0
53 61 61.0
53 64 39.0
53 67 32.0
53 82 88.0
53 85 13.0
53 140 50.0
53 141 66.0
53 146 90.0
53 155 38.0
53 158 86.0
53 167 12.0
53 182 67.0
53 103 84.0
53 120 68.0
53 190 65.0
54 110 97.0
54 111 65.0
54 4 83.0
54 9 80.0
54 13 81.0
54 19 2.0
54 28 36.0
54 32 23.0
54 47 78.0
54 60 29.0
54 69 61.0
54 80 86.0
54 97 5.0
54 113 5.0
54 134 39.0
54 138 49.0
54 162 82.0
55 8 83.0
55 16 41.0
55 20 74.0
55 49 15.0
55 58 8.0
55 81 24.0
55 84 51.0
55 88 64.0
55 90 50.0
55 117 7.0
55 131 18.0
55 149 86.0
55 152 1.0
55 154 2.0
55 179 91.0
56 18 20.0
56 180 39.0
56 7 84.0
56 21 6.0
56 59 53.0
56 65 97.0
56 73 39.0
56 89 27.0
56 119 12.0
56 133 14.0
56 159 2.0
56 166 3.0
56 168 76.0
56 184 86.0
56 189 37.0
56 194 88.0
56 195 17.0
56 199 82.0
57 3 24.0
57 27 66.0
57 33 69.0
57 52 70.0
57 78 86.0
57 118 84.0
57 142 80.0
57 178 74.0
58 16 7.0
58 36 11.0
58 55 79.0
58 81 78.0
58 88 78.0
58 90 26.0
58 94 71.0
58 103 48.0
58 149 16.0
58 152 33.0
58 190 23.0
58 200 85.0
59 137 2.0
59 1 20.0
59 7 53.0
59 56 41.0
59 65 82.0
59 73 55.0
59 85 7.0
59 87 93.0
59 96 37.0
59 115 72.0
59 116 32.0
59 132 36.0
59 133 19.0
59 140 39.0
59 155 10.0
59 159 37.0
59 184 67.0
59 187 92.0
59 189 38.0
59 194 43.0
59 195 95.0
59 199 79.0
60 39 1.0
60 111 21.0
60 173 19.0
60 4 5.0
60 6 50.0
60 9 79.0
60 13 56.0
60 14 88.0
60 19 97.0
60 32 26.0
60 51 43.0
60 54 86.0
60 80 83.0
60 98 19.0
60 113 42.0
60 123 15.0
60 138 13.0
60 147 7.0
60 153 78.0
60 162 13.0
61 38 76.0
61 43 51.0
61 50 20.0
61 53 66.0
61 64 37.0
61 72 84.0
61 75 56.0
61 85 66.0
61 124 68.0
61 155 49.0
61 158 55.0
61 182 43.0
61 187 49.0
62 20 20.0
62 70 58.0
62 77 30.0
62 84 49.0
62 93 52.0
62 150 81.0
62 179 78.0
63 10 65.0
63 22 92.0
63 23 7.0
63 29 96.0
63 30 9.0
63 76 8.0
63 83 30.0
63 92 43.0
63 114 51.0
63 151 41.0
63 161 75.0
63 188 43.0
63 193 34.0
63 198 33.0
64 38 52.0
64 43 94.0
64 50 75.0
64 53 40.0
64 61 34.0
64 72 59.0
64 75 28.0
64 85 75.0
64 124 27.0
64 132 33.0
64 141 63.0
64 155 12.0
64 158 79.0
64 182 32.0
64 187 45.0
65 7 5.0
65 21 42.0
65 35 25.0
65 56 88.0
65 59 93.0
65 74 97.0
65 116 23.0
65 124 60.0
65 132 54.0
65 143 1.0
65 144 93.0
65 145 21.0
65 159 23.0
65 168 67.0
65 189 85.0
65 194 29.0
65 199 83.0
66 11 71.0
66 17 90.0
66 20 84.0
66 34 3.0
66 49 18.0
66 84 19.0
66 90 7.0
66 112 51.0
66 122 7.0
66 125 1.0
66 139 34.0
66 154 59.0
66 179 69.0
67 37 49.0
67 1 21.0
67 53 12.0
67 82 79.0
67 85 33.0
67 115 34.0
67 140 8.0
67 141 37.0
67 146 75.0
67 155 22.0
67 167 64.0
67 182 26.0
67 196 23.0
67 71 91.0
67 120 79.0
67 200 83.0
68 2 48.0
68 3 62.0
68 27 29.0
68 33 85.0
68 106 18.0
68 164 95.0
69 9 94.0
69 13 34.0
69 19 41.0
69 24 66.0
69 28 32.0
69 32 75.0
69 47 45.0
69 48 51.0
69 54 61.0
69 95 96.0
69 97 40.0
69 105 6.0
69 113 13.0
69 134 52.0
69 148 76.0
69 162 13.0
69 176 47.0
69 185 58.0
69 31 76.0
69 128 78.0
70 17 92.0
70 42 35.0
70 62 40.0
70 77 60.0
70 93 65.0
70 101 37.0
70 150 49.0
70 191 64.0
70 197 65.0
71 37 95.0
71 67 37.0
71 82 70.0
71 146 42.0
71 167 22.0
71 196 42.0
71 19 11.0
71 134 2.0
71 120 52.0
71 200 74.0
72 35 63.0
72 38 84.0
72 43 22.0
72 50 20.0
72 61 53.0
72 64 76.0
72 75 99.0
72 99 7.0
72 124 57.0
72 158 50.0
72 160 11.0
72 187 43.0
73 18 93.0
73 137 60.0
73 1 79.0
73 56 69.0
73 59 30.0
73 87 99.0
73 89 41.0
73 96 62.0
73 115 80.0
73 133 30.0
73 159 74.0
73 166 30.0
73 168 85.0
73 184 74.0
73 195 53.0
74 7 71.0
74 21 64.0
74 35 4.0
74 65 71.0
74 107 83.0
74 116 76.0
74 143 22.0
74 144 24.0
74 145 16.0
74 181 27.0
74 194 86.0
74 199 24.0
75 38 97.0
75 43 18.0
75 50 93.0
75 61 4.0
75 64 9.0
75 72 10.0
75 104 97.0
75 124 25.0
75 158 54.0
76 10 12.0
76 12 45.0
76 29 53.0
76 63 91.0
76 83 75.0
76 92 7.0
76 109 57.0
76 114 48.0
76 151 47.0
76 156 48.0
76 188 86.0
77 20 30.0
77 62 92.0
77 70 96.0
77 93 81.0
77 150 62.0
77 179 65.0
77 186 77.0
78 39 57.0
78 52 52.0
78 57 27.0
78 100 54.0
78 118 99.0
78 135 2.0
78 142 87.0
78 172 29.0
78 178 61.0
79 39 59.0
79 46 75.0
79 102 12.0
79 110 64.0
79 111 63.0
79 129 53.0
79 130 96.0
79 135 46.0
79 136 62.0
79 170 68.0
79 173 40.0
79 4 62.0
79 80 92.0
79 138 20.0
79 153 4.0
80 39 38.0
80 79 31.0
80 102 38.0
80 110 36.0
80 111 79.0
80 130 26.0
80 135 16.0
80 173 70.0
80 4 33.0
80 19 65.0
80 32 30.0
80 51 49.0
80 54 4.0
80 60 40.0
80 113 46.0
80 138 52.0
80 153 15.0
80 162 4.0
81 16 93.0
81 20 79.0
81 36 57.0
81 49 46.0
81 55 96.0
81 58 6.0
81 88 94.0
81 90 49.0
81 149 87.0
81 152 94.0
81 154 44.0
81 190 9.0
82 37 93.0
82 38 39.0
82 53 79.0
82 67 75.0
82 85 84.0
82 140 71.0
82 141 56.0
82 146 71.0
82 167 94.0
82 182 68.0
82 196 22.0
82 71 29.0
82 120 60.0
82 190 68.0
82 200 81.0
83 10 14.0
83 12 35.0
83 23 89.0
83 29 13.0
83 30 58.0
83 63 98.0
83 76 61.0
83 92 97.0
83 109 93.0
83 114 54.0
83 151 24.0
83 156 1.0
83 163 20.0
83 188 52.0
84 11 18.0
84 17 57.0
84 20 15.0
84 42 61.0
84 49 12.0
84 55 68.0
84 62 52.0
84 66 44.0
84 125 85.0
84 139 78.0
84 154 57.0
84 179 36.0
85 38 51.0
85 53 89.0
85 59 23.0
85 61 86.0
85 64 14.0
85 67 22.0
85 82 47.0
85 87 57.0
85 96 13.0
85 115 55.0
85 132 70.0
85 140 58.0
85 141 47.0
85 155 2.0
85 158 36.0
85 182 13.0
85 187 76.0
86 108 31.0
86 121 9.0
86 129 83.0
86 164 47.0
86 177 54.0
86 183 52.0
87 137 37.0
87 1 65.0
87 7 90.0
87 59 72.0
87 73 71.0
87 85 44.0
87 96 89.0
87 115 16.0
87 132 61.0
87 133 84.0
87 140 48.0
87 141 11.0
87 155 37.0
87 159 12.0
87 184 72.0
87 187 41.0
87 189 93.0
87 195 75.0
88 8 59.0
88 16 51.0
88 36 99.0
88 49 22.0
88 55 20.0
88 58 60.0
88 81 65.0
88 90 50.0
88 149 86.0
88 152 12.0
88 190 30.0
88 200 28.0
89 18 9.0
89 180 56.0
89 192 86.0
89 56 83.0
89 73 40.0
89 119 18.0
89 133 2.0
89 166 74.0
89 168 37.0
89 184 76.0
89 195 20.0
90 20 37.0
90 26 37.0
90 49 51.0
90 55 48.0
90 58 41.0
90 66 71.0
90 81 67.0
90 88 58.0
90 94 81.0
90 103 44.0
90 112 47.0
90 149 57.0
90 152 59.0
90 154 84.0
90 171 56.0
90 179 58.0
90 190 25.0
91 48 98.0
91 176 12.0
91 185 33.0
91 8 64.0
91 31 63.0
91 36 63.0
91 117 88.0
91 128 61.0
91 131 15.0
91 186 21.0
92 10 14.0
92 12 73.0
92 23 25.0
92 63 28.0
92 76 57.0
92 83 7.0
92 114 31.0
92 151 35.0
92 193 34.0
93 62 99.0
93 70 4.0
93 77 80.0
93 150 66.0
93 186 72.0
94 50 43.0
94 158 29.0
94 182 52.0
94 26 37.0
94 58 68.0
94 90 81.0
94 103 81.0
94 112 9.0
94 149 42.0
94 154 21.0
94 171 2.0
94 190 93.0
95 5 93.0
95 9 28.0
95 13 18.0
95 24 14.0
95 28 42.0
95 32 68.0
95 47 21.0
95 48 37.0
95 69 92.0
95 97 97.0
95 105 4.0
95 134 81.0
95 148 67.0
95 162 43.0
95 169 77.0
95 176 86.0
95 185 87.0
95 128 51.0
96 137 34.0
96 1 40.0
96 7 40.0
96 59 5.0
96 73 91.0
96 85 81.0
96 87 76.0
96 115 57.0
96 132 60.0
96 133 15.0
96 140 81.0
96 141 56.0
96 155 24.0
96 159 83.0
96 184 11.0
96 187 81.0
96 189 61.0
96 194 97.0
96 195 28.0
97 5 28.0
97 9 80.0
97 13 13.0
97 24 15.0
97 28 56.0
97 32 89.0
97 47 22.0
97 48 5.0
97 54 27.0
97 69 52.0
97 95 19.0
97 105 82.0
97 113 36.0
97 134 98.0
97 148 69.0
97 162 32.0
97 169 66.0
97 185 93.0
98 39 32.0
98 100 59.0
98 172 89.0
98 173 93.0
98 6 52.0
98 14 40.0
98 51 37.0
98 60 95.0
98 113 55.0
98 123 82.0
98 147 99.0
98 153 48.0
99 35 63.0
99 40 32.0
99 43 4.0
99 72 35.0
99 124 81.0
99 126 31.0
99 143 53.0
99 145 92.0
99 160 68.0
99 175 4.0
100 39 26.0
100 52 70.0
100 78 61.0
100 118 24.0
100 135 56.0
100 172 71.0
100 173 96.0
100 51 15.0
100 98 49.0
100 147 40.0
100 153 37.0
101 11 58.0
101 15 9.0
101 17 3.0
101 42 51.0
101 70 89.0
101 191 4.0
101 197 84.0
102 46 32.0
102 79 75.0
102 110 5.0
102 111 10.0
102 129 33.0
102 130 65.0
102 135 11.0
102 136 74.0
102 170 60.0
102 173 96.0
102 4 68.0
102 80 99.0
102 138 75.0
103 38 27.0
103 50 94.0
103 53 44.0
103 158 88.0
103 182 79.0
103 26 19.0
103 58 4.0
103 90 7.0
103 94 96.0
103 112 26.0
103 149 51.0
103 171 66.0
103 190 65.0
104 50 41.0
104 75 13.0
104 158 5.0
104 26 70.0
104 112 65.0
104 171 1.0
105 5 14.0
105 13 29.0
105 28 95.0
105 45 70.0
105 47 4.0
105 48 17.0
105 69 84.0
105 95 24.0
105 97 36.0
105 148 62.0
105 157 97.0
105 169 99.0
105 176 66.0
105 185 77.0
106 2 67.0
106 3 89.0
106 27 75.0
106 33 34.0
106 68 49.0
106 164 89.0
107 21 39.0
107 74 33.0
107 143 22.0
107 144 87.0
107 145 58.0
107 181 12.0
108 46 2.0
108 86 55.0
108 121 40.0
108 129 33.0
108 130 74.0
108 136 17.0
108 164 77.0
108 170 50.0
108 177 90.0
108 183 50.0
109 12 71.0
109 29 99.0
109 30 2.0
109 76 59.0
109 83 14.0
109 114 73.0
109 151 56.0
109 156 1.0
109 163 23.0
109 188 49.0
110 39 37.0
110 46 39.0
110 79 4.0
110 102 98.0
110 111 54.0
110 129 88.0
110 130 32.0
110 135 91.0
110 136 57.0
110 170 73.0
110 173 84.0
110 4 90.0
110 19 15.0
110 54 99.0
110 80 16.0
110 138 11.0
110 153 22.0
111 39 88.0
111 79 94.0
111 102 39.0
111 110 8.0
111 130 6.0
111 135 82.0
111 173 30.0
111 4 39.0
111 19 45.0
111 32 5.0
111 54 1.0
111 60 12.0
111 80 68.0
111 113 85.0
111 138 8.0
111 153 72.0
111 162 90.0
112 104 1.0
112 26 44.0
112 34 11.0
112 66 70.0
112 90 85.0
112 94 33.0
112 103 10.0
112 149 52.0
112 154 43.0
112 171 87.0
113 111 55.0
113 173 4.0
113 4 40.0
113 9 6.0
113 13 59.0
113 14 22.0
113 19 85.0
113 32 27.0
113 51 61.0
113 54 89.0
113 60 12.0
113 69 20.0
113 80 49.0
113 97 93.0
113 98 24.0
113 123 90.0
113 138 39.0
113 147 98.0
113 153 88.0
113 162 98.0
114 5 46.0
114 12 73.0
114 22 97.0
114 23 60.0
114 29 79.0
114 30 87.0
114 41 50.0
114 63 30.0
114 76 7.0
114 83 57.0
114 92 74.0
114 109 53.0
114 151 19.0
114 156 93.0
114 157 15.0
114 163 12.0
114 165 45.0
114 188 46.0
115 137 90.0
115 1 55.0
115 59 89.0
115 67 33.0
115 73 63.0
115 85 9.0
115 87 63.0
115 96 60.0
115 132 23.0
115 140 42.0
115 141 5.0
115 155 2.0
115 159 23.0
115 184 76.0
115 187 94.0
115 195 47.0
116 7 18.0
116 21 37.0
116 35 38.0
116 59 79.0
116 65 42.0
116 74 99.0
116 124 42.0
116 132 15.0
116 143 7.0
116 144 88.0
116 145 17.0
116 159 71.0
116 187 12.0
116 189 57.0
116 194 17.0
116 199 29.0
117 24 69.0
117 47 67.0
117 48 4.0
117 134 58.0
117 176 1.0
117 185 8.0
117 8 23.0
117 16 52.0
117 31 45.0
117 36 12.0
117 55 66.0
117 91 25.0
117 128 13.0
117 131 58.0
117 152 7.0
118 52 19.0
118 57 88.0
118 78 76.0
118 100 49.0
118 135 85.0
118 142 80.0
118 172 66.0
118 178 14.0
119 18 72.0
119 180 19.0
119 56 61.0
119 89 91.0
119 133 38.0
119 159 60.0
119 166 71.0
119 168 91.0
119 184 3.0
119 195 24.0
119 199 32.0
120 37 64.0
120 53 14.0
120 67 91.0
120 82 75.0
120 141 26.0
120 146 66.0
120 167 6.0
120 182 40.0
120 196 15.0
120 71 90.0
120 152 26.0
120 190 9.0
120 200 30.0
121 44 86.0
121 86 72.0
121 108 24.0
121 164 46.0
121 177 2.0
121 183 54.0
122 11 47.0
122 15 95.0
122 17 46.0
122 34 35.0
122 42 47.0
122 66 65.0
122 125 54.0
122 139 75.0
123 6 78.0
123 14 81.0
123 32 23.0
123 51 46.0
123 60 87.0
123 98 77.0
123 113 33.0
123 147 89.0
123 153 18.0
123 161 15.0
123 193 56.0
123 198 92.0
124 7 3.0
124 35 19.0
124 43 63.0
124 61 7.0
124 64 41.0
124 65 6.0
124 72 12.0
124 75 35.0
124 99 31.0
124 116 42.0
124 132 48.0
124 143 8.0
124 145 68.0
124 187 19.0
124 189 96.0
124 194 43.0
125 11 92.0
125 15 4.0
125 17 13.0
125 34 97.0
125 42 14.0
125 66 45.0
125 84 55.0
125 122 93.0
125 139 14.0
125 154 27.0
126 40 23.0
126 99 36.0
126 145 12.0
126 160 69.0
126 174 18.0
126 175 4.0
126 181 89.0
127 25 17.0
127 186 42.0
128 24 35.0
128 28 51.0
128 47 29.0
128 48 10.0
128 69 25.0
128 95 31.0
128 134 73.0
128 176 67.0
128 185 57.0
128 8 94.0
128 16 97.0
128 31 33.0
128 36 36.0
128 91 4.0
128 117 15.0
128 152 47.0
128 200 64.0
129 46 71.0
129 79 60.0
129 86 74.0
129 102 86.0
129 108 31.0
129 110 15.0
129 130 68.0
129 135 83.0
129 136 55.0
129 170 44.0
129 173 4.0
129 183 92.0
130 39 5.0
130 46 16.0
130 79 76.0
130 102 8.0
130 108 70.0
130 110 31.0
130 111 75.0
130 129 89.0
130 135 56.0
130 136 57.0
130 170 49.0
130 173 33.0
130 4 99.0
130 80 62.0
130 138 37.0
130 153 76.0
131 176 66.0
131 8 64.0
131 16 58.0
131 20 8.0
131 31 68.0
131 36 16.0
131 49 2.0
131 55 31.0
131 91 15.0
131 117 47.0
131 186 75.0
132 7 51.0
132 35 40.0
132 59 15.0
132 64 61.0
132 65 56.0
132 85 97.0
132 87 24.0
132 96 8.0
132 115 45.0
132 116 48.0
132 124 92.0
132 140 24.0
132 155 7.0
132 159 67.0
132 187 83.0
132 189 76.0
132 194 35.0
133 18 44.0
133 137 31.0
133 180 13.0
133 192 94.0
133 56 82.0
133 59 20.0
133 73 68.0
133 87 73.0
133 89 36.0
133 96 41.0
133 119 63.0
133 159 68.0
133 166 50.0
133 168 24.0
133 184 23.0
133 195 96.0
134 37 52.0
134 13 60.0
134 19 95.0
134 24 36.0
134 28 13.0
134 47 12.0
134 48 35.0
134 54 29.0
134 69 57.0
134 95 74.0
134 97 58.0
134 162 51.0
134 185 13.0
134 8 23.0
134 16 99.0
134 31 31.0
134 36 96.0
134 71 92.0
134 117 63.0
134 128 1.0
134 200 33.0
135 39 22.0
135 46 4.0
135 52 64.0
135 78 44.0
135 79 45.0
135 100 66.0
135 102 50.0
135 110 95.0
135 111 72.0
135 118 54.0
135 129 24.0
135 130 96.0
135 170 65.0
135 173 59.0
135 80 46.0
135 138 67.0
135 153 87.0
136 46 10.0
136 79 53.0
136 102 23.0
136 108 79.0
136 110 69.0
136 129 74.0
136 130 12.0
136 170 69.0
137 1 33.0
137 59 65.0
137 73 61.0
137 87 33.0
137 96 92.0
137 115 28.0
137 133 71.0
137 140 74.0
137 159 93.0
137 184 16.0
137 195 40.0
138 39 94.0
138 79 13.0
138 102 34.0
138 110 83.0
138 111 91.0
138 130 86.0
138 135 5.0
138 173 47.0
138 4 45.0
138 19 64.0
138 32 31.0
138 51 56.0
138 54 8.0
138 60 48.0
138 80 15.0
138 113 79.0
138 153 37.0
138 162 51.0
139 11 19.0
139 15 66.0
139 17 97.0
139 34 76.0
139 42 2.0
139 66 46.0
139 84 65.0
139 122 31.0
139 125 2.0
139 154 39.0
140 137 67.0
140 1 1.0
140 53 84.0
140 59 16.0
140 67 8.0
140 82 26.0
140 85 7.0
140 87 40.0
140 96 31.0
140 115 42.0
140 132 31.0
140 141 18.0
140 155 6.0
140 167 21.0
140 187 46.0
141 1 75.0
141 38 5.0
141 53 73.0
141 64 15.0
141 67 52.0
141 82 10.0
141 85 48.0
141 87 56.0
141 96 87.0
141 115 55.0
141 140 67.0
141 146 81.0
141 155 49.0
141 167 4.0
141 182 85.0
141 196 32.0
141 120 3.0
142 3 18.0
142 27 77.0
142 33 75.0
142 52 3.0
142 57 76.0
142 78 13.0
142 118 37.0
142 164 32.0
142 178 88.0
143 7 13.0
143 21 96.0
143 35 65.0
143 65 15.0
143 74 2.0
143 99 58.0
143 107 76.0
143 116 48.0
143 124 86.0
143 144 95.0
143 145 58.0
143 181 31.0
143 189 23.0
143 194 43.0
143 199 64.0
144 7 71.0
144 21 48.0
144 35 21.0
144 65 65.0
144 74 48.0
144 107 15.0
144 116 28.0
144 143 18.0
144 145 40.0
144 181 43.0
144 189 81.0
144 194 91.0
144 199 16.0
145 35 42.0
145 40 44.0
145 43 37.0
145 65 36.0
145 74 44.0
145 99 90.0
145 107 11.0
145 116 11.0
145 124 29.0
145 126 80.0
145 143 45.0
145 144 20.0
145 175 51.0
145 181 95.0
145 189 45.0
146 37 62.0
146 53 52.0
146 67 14.0
146 82 39.0
146 141 99.0
146 167 68.0
146 182 19.0
146 196 31.0
146 71 5.0
146 120 33.0
146 190 42.0
146 200 25.0
147 39 38.0
147 100 88.0
147 172 59.0
147 173 70.0
147 6 32.0
147 14 52.0
147 32 1.0
147 51 40.0
147 60 70.0
147 98 43.0
147 113 31.0
147 123 91.0
147 153 27.0
147 161 87.0
148 5 23.0
148 9 2.0
148 13 26.0
148 22 15.0
148 28 35.0
148 45 39.0
148 47 81.0
148 48 46.0
148 69 82.0
148 95 20.0
148 97 73.0
148 105 5.0
148 157 98.0
148 162 77.0
148 169 24.0
148 176 33.0
148 185 38.0
149 26 57.0
149 49 26.0
149 55 3.0
149 58 21.0
149 81 99.0
149 88 22.0
149 90 84.0
149 94 52.0
149 103 55.0
149 112 86.0
149 152 19.0
149 154 14.0
149 171 34.0
149 190 46.0
150 62 65.0
150 70 74.0
150 77 31.0
150 93 26.0
150 186 50.0
151 5 24.0
151 10 26.0
151 12 86.0
151 22 92.0
151 23 89.0
151 29 12.0
151 30 1.0
151 41 10.0
151 63 71.0
151 76 26.0
151 83 65.0
151 92 37.0
151 109 80.0
151 114 86.0
151 156 71.0
151 157 31.0
151 169 53.0
151 188 96.0
151 193 95.0
152 24 42.0
152 8 68.0
152 16 72.0
152 31 81.0
152 36 36.0
152 55 87.0
152 58 53.0
152 81 79.0
152 88 17.0
152 90 7.0
152 117 31.0
152 120 87.0
152 128 20.0
152 149 90.0
152 190 64.0
152 200 34.0
153 39 25.0
153 79 53.0
153 100 80.0
153 110 70.0
153 111 84.0
153 130 26.0
153 135 91.0
153 172 91.0
153 173 76.0
153 4 56.0
153 14 83.0
153 32 65.0
153 51 51.0
153 60 69.0
153 80 62.0
153 98 22.0
153 113 65.0
153 123 17.0
153 138 25.0
153 147 74.0
154 20 7.0
154 26 60.0
154 34 77.0
154 49 69.0
154 55 46.0
154 66 5.0
154 81 94.0
154 84 70.0
154 90 66.0
154 94 45.0
154 112 6.0
154 125 98.0
154 139 23.0
154 149 61.0
154 171 30.0
154 179 95.0
155 1 77.0
155 38 43.0
155 53 26.0
155 59 81.0
155 61 86.0
155 64 14.0
155 67 11.0
155 85 12.0
155 87 78.0
155 96 71.0
155 115 18.0
155 132 99.0
155 140 47.0
155 141 58.0
155 187 91.0
156 12 59.0
156 29 95.0
156 30 19.0
156 41 96.0
156 76 17.0
156 83 28.0
156 109 21.0
156 114 7.0
156 151 32.0
156 163 34.0
156 188 59.0
157 5 58.0
157 22 53.0
157 23 23.0
157 25 82.0
157 29 16.0
157 30 72.0
157 41 5.0
157 45 33.0
157 105 78.0
157 114 72.0
157 148 37.0
157 151 29.0
157 165 38.0
157 169 53.0
157 188 94.0
158 38 51.0
158 43 75.0
158 50 57.0
158 53 59.0
158 61 74.0
158 64 12.0
158 72 82.0
158 75 58.0
158 85 88.0
158 104 38.0
158 182 36.0
158 26 42.0
158 94 56.0
158 103 79.0
159 137 56.0
159 7 6.0
159 56 74.0
159 59 62.0
159 65 85.0
159 73 72.0
159 87 97.0
159 96 75.0
159 115 69.0
159 116 99.0
159 119 3.0
159 132 78.0
159 133 25.0
159 166 83.0
159 168 1.0
159 184 78.0
159 187 9.0
159 189 98.0
159 194 10.0
159 195 33.0
159 199 72.0
160 40 14.0
160 43 14.0
160 72 36.0
160 99 36.0
160 126 98.0
160 175 5.0
161 6 63.0
161 14 31.0
161 63 34.0
161 123 62.0
161 147 95.0
161 193 17.0
161 198 70.0
162 111 37.0
162 4 99.0
162 9 26.0
162 13 92.0
162 14 64.0
162 19 89.0
162 28 36.0
162 32 86.0
162 47 41.0
162 48 52.0
162 54 14.0
162 60 37.0
162 69 69.0
162 80 56.0
162 95 45.0
162 97 93.0
162 113 1.0
162 134 86.0
162 138 20.0
162 148 41.0
163 12 66.0
163 25 95.0
163 29 90.0
163 30 59.0
163 41 15.0
163 83 97.0
163 109 1.0
163 114 11.0
163 156 74.0
163 165 92.0
163 188 48.0
164 2 15.0
164 3 51.0
164 27 22.0
164 68 13.0
164 86 75.0
164 106 6.0
164 108 64.0
164 121 49.0
164 142 75.0
164 183 36.0
165 5 58.0
165 25 42.0
165 29 74.0
165 30 53.0
165 41 98.0
165 45 70.0
165 114 81.0
165 157 4.0
165 163 80.0
165 169 44.0
165 188 98.0
166 18 60.0
166 180 99.0
166 192 40.0
166 56 25.0
166 73 7.0
166 89 72.0
166 119 65.0
166 133 46.0
166 159 63.0
166 168 65.0
166 184 61.0
166 195 43.0
167 37 68.0
167 53 6.0
167 67 69.0
167 82 2.0
167 140 13.0
167 141 40.0
167 146 66.0
167 196 87.0
167 71 13.0
167 120 47.0
167 200 86.0
168 18 55.0
168 180 20.0
168 7 45.0
168 21 55.0
168 56 98.0
168 65 15.0
168 73 71.0
168 89 55.0
168 119 5.0
168 133 88.0
168 159 54.0
168 166 80.0
168 184 63.0
168 194 58.0
168 195 5.0
168 199 22.0
169 5 25.0
169 9 18.0
169 22 85.0
169 23 70.0
169 25 13.0
169 28 89.0
169 30 34.0
169 41 22.0
169 45 90.0
169 95 89.0
169 97 27.0
169 105 17.0
169 148 99.0
169 151 98.0
169 157 50.0
169 165 58.0
170 46 77.0
170 79 79.0
170 102 92.0
170 108 71.0
170 110 68.0
170 129 74.0
170 130 20.0
170 135 50.0
170 136 92.0
170 173 55.0
170 183 10.0
171 104 5.0
171 26 81.0
171 34 18.0
171 90 94.0
171 94 20.0
171 103 4.0
171 112 47.0
171 149 64.0
171 154 49.0
172 39 4.0
172 78 2.0
172 100 2.0
172 118 27.0
172 6 63.0
172 51 10.0
172 98 58.0
172 147 19.0
172 153 23.0
173 39 10.0
173 79 92.0
173 100 95.0
173 102 54.0
173 110 98.0
173 111 58.0
173 129 65.0
173 130 76.0
173 135 5.0
173 170 14.0
173 4 62.0
173 19 96.0
173 51 48.0
173 60 33.0
173 80 34.0
173 98 16.0
173 113 99.0
173 138 48.0
173 147 64.0
173 153 99.0
174 126 13.0
174 175 24.0
174 181 14.0
175 40 12.0
175 99 33.0
175 126 48.0
175 145 37.0
175 160 41.0
175 174 3.0
175 181 83.0
176 24 8.0
176 28 93.0
176 47 68.0
176 48 27.0
176 69 79.0
176 95 11.0
176 105 46.0
176 148 69.0
176 185 50.0
176 8 80.0
176 31 87.0
176 91 5.0
176 117 31.0
176 128 55.0
176 131 42.0
177 18 2.0
177 44 63.0
177 86 37.0
177 108 19.0
177 121 31.0
177 192 48.0
178 33 4.0
178 52 79.0
178 57 99.0
178 78 30.0
178 118 61.0
178 142 38.0
179 11 9.0
179 20 79.0
179 49 62.0
179 55 64.0
179 62 65.0
179 66 8.0
179 77 1.0
179 84 42.0
179 90 96.0
179 154 75.0
180 18 13.0
180 44 57.0
180 192 79.0
180 56 25.0
180 89 34.0
180 119 53.0
180 133 82.0
180 166 1.0
180 168 45.0
180 184 16.0
180 195 29.0
181 74 40.0
181 107 87.0
181 126 34.0
181 143 38.0
181 144 2.0
181 145 20.0
181 174 2.0
181 175 72.0
182 38 41.0
182 50 51.0
182 53 6.0
182 61 96.0
182 64 67.0
182 67 32.0
182 82 96.0
182 85 24.0
182 141 12.0
182 146 32.0
182 158 3.0
182 26 23.0
182 94 98.0
182 103 17.0
182 120 28.0
182 190 7.0
183 27 17.0
183 86 46.0
183 108 5.0
183 121 63.0
183 129 40.0
183 164 37.0
183 170 5.0
184 18 4.0
184 137 61.0
184 180 42.0
184 192 30.0
184 56 95.0
184 59 70.0
184 73 27.0
184 87 22.0
184 89 15.0
184 96 26.0
184 115 18.0
184 119 90.0
184 133 13.0
184 159 39.0
184 166 85.0
184 168 62.0
184 195 89.0
185 13 2.0
185 24 46.0
185 28 24.0
185 47 19.0
185 48 2.0
185 69 48.0
185 95 30.0
185 97 99.0
185 105 53.0
185 134 53.0
185 148 62.0
185 176 12.0
185 8 91.0
185 31 82.0
185 91 75.0
185 117 67.0
185 128 98.0
186 127 94.0
186 77 20.0
186 91 83.0
186 93 20.0
186 131 69.0
186 150 4.0
187 7 73.0
187 35 82.0
187 38 26.0
187 43 71.0
187 59 69.0
187 61 10.0
187 64 85.0
187 72 79.0
187 85 87.0
187 87 80.0
187 96 72.0
187 115 85.0
187 116 21.0
187 124 96.0
187 132 97.0
187 140 57.0
187 155 26.0
187 159 53.0
187 189 30.0
187 194 35.0
188 5 79.0
188 12 43.0
188 22 13.0
188 23 20.0
188 29 8.0
188 30 51.0
188 41 64.0
188 45 65.0
188 63 86.0
188 76 65.0
188 83 67.0
188 109 85.0
188 114 66.0
188 151 32.0
188 156 89.0
188 157 33.0
188 163 50.0
188 165 62.0
189 7 45.0
189 21 22.0
189 35 47.0
189 56 35.0
189 59 31.0
189 65 24.0
189 87 53.0
189 96 87.0
189 116 51.0
189 124 89.0
189 132 89.0
189 143 47.0
189 144 13.0
189 145 13.0
189 159 76.0
189 187 22.0
189 194 78.0
189 199 83.0
190 53 80.0
190 82 19.0
190 146 35.0
190 182 37.0
190 16 68.0
190 26 21.0
190 58 58.0
190 81 61.0
190 88 18.0
190 90 47.0
190 94 10.0
190 103 77.0
190 120 91.0
190 149 51.0
190 152 66.0
190 200 65.0
191 15 37.0
191 17 28.0
191 42 82.0
191 70 84.0
191 101 19.0
191 197 44.0
192 18 37.0
192 44 84.0
192 177 70.0
192 180 18.0
192 89 58.0
192 133 90.0
192 166 64.0
192 184 22.0
192 195 5.0
193 6 10.0
193 10 53.0
193 23 2.0
193 63 12.0
193 92 83.0
193 123 69.0
193 151 81.0
193 161 58.0
193 198 84.0
194 7 5.0
194 21 17.0
194 35 41.0
194 56 54.0
194 59 82.0
194 65 44.0
194 74 14.0
194 96 43.0
194 116 20.0
194 124 4.0
194 132 99.0
194 143 22.0
194 144 4.0
194 159 87.0
194 168 7.0
194 187 97.0
194 189 85.0
194 199 76.0
195 18 20.0
195 137 11.0
195 180 72.0
195 192 45.0
195 1 68.0
195 56 17.0
195 59 82.0
195 73 26.0
195 87 11.0
195 89 38.0
195 96 33.0
195 115 25.0
195 119 52.0
195 133 96.0
195 159 33.0
195 166 20.0
195 168 86.0
195 184 17.0
196 37 4.0
196 67 73.0
196 82 9.0
196 141 32.0
196 146 41.0
196 167 33.0
196 71 66.0
196 120 4.0
196 200 19.0
197 11 8.0
197 15 31.0
197 17 24.0
197 42 85.0
197 70 48.0
197 101 52.0
197 191 36.0
198 6 41.0
198 63 79.0
198 123 13.0
198 161 95.0
198 193 2.0
199 7 96.0
199 21 64.0
199 35 42.0
199 56 53.0
199 59 39.0
199 65 5.0
199 74 86.0
199 116 48.0
199 119 35.0
199 143 10.0
199 144 10.0
199 159 74.0
199 168 28.0
199 189 48.0
199 194 65.0
200 37 31.0
200 67 71.0
200 82 1.0
200 146 58.0
200 167 60.0
200 196 5.0
200 24 29.0
200 134 63.0
200 16 63.0
200 36 95.0
200 58 39.0
200 71 45.0
200 88 91.0
200 120 88.0
200 128 76.0
200 152 29.0
200 190 51.0
