30.930495084413458 47.53719143763448 0.0
152.15338231030307 81.40776024311094 0.0
168.26036739600653 160.57286730635062 0.0
0.00443423382365804 158.88124618975874 0.0
191.01043991809075 101.84025937523205 0.0
45.270231554450916 42.27875456305157 0.0
41.69279387169065 6.409749125401865 0.0
132.96655283810577 50.538450050666995 0.0
82.95217107710735 120.2914650656644 0.0
191.84447180355167 133.3271222598216 0.0
167.24182840158682 24.157272028571654 0.0
90.9857231671519 35.225516304334704 0.0
28.252575882107568 129.12869570397356 0.0
152.0898225428789 78.34494532929814 0.0
191.70839612526856 84.67591004472777 0.0
37.82031175443568 142.58053022781996 0.0
187.71258185457376 18.555814213663723 0.0
24.272879857484963 130.71416578523798 0.0
87.64850015070616 114.84999038546775 0.0
109.57347765584767 119.83814814411689 0.0
85.70946225678415 128.5460652997753 0.0
10.809741573823416 121.07829793685718 0.0
198.45245175510732 33.7390248079724 0.0
57.94438732211689 96.3530697179338 0.0
165.34080537730014 107.41159180679674 0.0
106.05465036142112 13.913061064361498 0.0
99.06129604186913 161.885759035767 0.0
56.186972156944016 63.66313647075938 0.0
156.4712461871392 156.42034040375358 0.0
0.31167388480857205 98.77715731179353 0.0
79.35173619723533 42.06219132005262 0.0
187.30742852763507 121.8731520670093 0.0
88.71331305658975 23.741555897602495 0.0
144.60085609325708 192.02452466974898 0.0
107.22069930277026 59.73488051467007 0.0
184.0317739889073 93.1408186913281 0.0
31.373620778158884 161.0011506478499 0.0
170.70996453677637 74.75921685163793 0.0
178.40092284316663 101.5306978898102 0.0
40.07464607561096 153.04592530197365 0.0
92.39561506411276 105.72818563642645 0.0
111.06315305698 42.81424738662418 0.0
10.038712316078469 139.98433262672103 0.0
162.24062315236753 180.62412694606255 0.0
58.3301429774691 2.9737094326017344 0.0
112.93778544067771 94.53558698582152 0.0
85.06515818641327 82.84879015514417 0.0
182.88933563225535 177.84648817450713 0.0
107.36516026314524 29.383216938943768 0.0
191.5606008040027 132.1525963705837 0.0
104.39207733071608 75.25011429957607 0.0
2.2955591356917493 159.32610143021583 0.0
77.44570847709005 133.00397266799249 0.0
16.614586994339177 2.5161298130663035 0.0
153.96389419838923 92.96762156991922 0.0
80.43561601617087 163.03301454214855 0.0
21.51550715277415 152.1084351036773 0.0
176.68769658425828 52.98557220638818 0.0
143.69674322665838 115.12085025041215 0.0
47.73127235365904 82.79866345985758 0.0
31.911366918556162 26.315061169818364 0.0
16.194755353450073 128.24602554306082 0.0
125.3359973052152 14.544508152055236 0.0
154.28241362893843 73.39116208027923 0.0
165.94169280937786 63.28771096846519 0.0
189.30370528344093 183.83697765447096 0.0
146.26356194197643 154.13265297485938 0.0
127.11973237330088 128.94259910780696 0.0
154.6803179589762 74.29491839936632 0.0
125.39756325352182 142.17358415346615 0.0
146.28606691019937 127.43337871432199 0.0
55.008709516766594 85.5096714476695 0.0
27.006908603859102 41.910285076226785 0.0
50.60320319000648 66.84190686364109 0.0
54.43528161734872 131.77521374625093 0.0
170.33607057516537 148.54884132654743 0.0
30.925211877671654 33.135231858609295 0.0
59.91833838689686 180.94933355469053 0.0
92.81202753698652 112.20652339585058 0.0
47.61004459285465 96.08728852592319 0.0
84.1903858370828 121.2253400831611 0.0
184.46788178553174 105.31140752848475 0.0
144.50472767956438 64.5291568978611 0.0
188.10566211570867 158.3709626412719 0.0
36.27665488561369 129.50160472987363 0.0
48.420910429568465 142.2563350886011 0.0
92.61397522186697 135.7075674786722 0.0
10.186251728031358 24.770868171787885 0.0
73.716549408047 60.42774965067037 0.0
160.09961006831725 80.82843967110318 0.0
87.41427766226329 9.934667818944343 0.0
114.83253683091638 78.7289544089806 0.0
50.84299215334775 123.23495838846898 0.0
131.81127264281793 49.17175765361066 0.0
148.6842587837346 118.63569880149028 0.0
145.91044898234006 11.524777201505042 0.0
177.96543206420668 123.37515134250296 0.0
172.93474795965233 189.8750818733549 0.0
160.23658357031238 62.69130674772463 0.0
14.708980500355384 15.644219627941602 0.0
149.01134024520044 27.084206021416346 0.0
50.79252510489481 184.05969108463046 0.0
163.67881832343696 85.16113237940878 0.0
108.27929844791831 8.531523591509682 0.0
40.66429409965404 164.33621984747896 0.0
163.83969440146555 99.99096558809306 0.0
108.43651645584514 82.78913502120461 0.0
151.10639054664946 187.50584635273938 0.0
165.02985256849075 183.4701750005318 0.0
21.701062319837238 91.99523306055937 0.0
65.06976754147111 94.57187928484214 0.0
39.64447556887589 66.62364318791842 0.0
107.86055429939931 120.77021354348749 0.0
76.58768653663736 125.4629807427649 0.0
158.91440324142087 55.67108374633749 0.0
19.247423423281763 196.26809465968626 0.0
34.37124316971987 198.28075863835704 0.0
100.62399775285131 153.7198003654779 0.0
131.07923924553617 54.95166928787827 0.0
23.025445795718724 16.24683051376079 0.0
194.67593229197263 13.137772051014473 0.0
153.61687530394957 22.54621538247075 0.0
83.83045893275704 184.42651869896181 0.0
42.15933385294384 143.17919103991193 0.0
10.877573348087942 31.69734352053588 0.0
35.797835723062875 28.127707716914017 0.0
17.394480636896148 118.88923140200379 0.0
47.203427874913075 42.95432410476629 0.0
177.84183360278502 151.74293944422647 0.0
170.0696163529102 104.21616064492089 0.0
15.210531940207051 14.016125130136858 0.0
29.908623635605046 89.04130356026137 0.0
59.68626979389939 146.05246920126984 0.0
108.28842194607999 64.28397988851033 0.0
184.66417006334768 161.21873414974692 0.0
185.0966555322992 57.43254786382393 0.0
114.01602062161645 50.60648613530048 0.0
106.11303439298285 174.45215275508397 0.0
110.33303882934644 87.52800668163441 0.0
102.11688826759317 159.00182147163844 0.0
125.93739660359813 10.718751554290495 0.0
60.95211163160514 182.97344630092465 0.0
26.776025274250024 38.791539030198784 0.0
85.4168704951288 160.057989062604 0.0
83.88049646854043 148.37041469305893 0.0
157.54082670454932 182.0520773715011 0.0
167.89719727914377 34.46501778209632 0.0
173.7579373676081 191.8758662491059 0.0
179.2621916022462 64.02903550667882 0.0
15.67820430992921 127.78103016411274 0.0
199.91562420146278 132.2791613901682 0.0
77.60705430330697 99.98533832231686 0.0
62.02066881351138 36.2337673150827 0.0
184.65631922265112 93.97830499182716 0.0
94.97247827156181 191.0633935988511 0.0
104.23618443932074 34.00004151432208 0.0
134.05282972054223 32.227829309594846 0.0
78.91263793672671 185.7033469099343 0.0
52.40651128188154 70.00751469489255 0.0
190.06044212320612 28.766860281169436 0.0
112.58574149554961 92.9196768387737 0.0
99.4367796638578 88.23490063096658 0.0
124.72932072595677 52.64259260877062 0.0
9.746241895563767 177.61744419205604 0.0
145.5134566397475 105.4539562709251 0.0
135.46289906278452 77.29152399823167 0.0
55.33151332564905 133.8223741233112 0.0
181.6207455483621 48.5030530630487 0.0
10.73036821419564 26.673638939625555 0.0
90.97896534452055 166.27605859797185 0.0
84.9511041079271 57.986395001534376 0.0
38.91380330050045 43.79393243043319 0.0
181.49245545161656 70.75447312367945 0.0
130.58421016342527 116.32525550742542 0.0
133.93535582712553 46.9861176024303 0.0
86.36367230390334 54.52450863058089 0.0
189.83755190195583 24.293066611463043 0.0
189.22593400261704 84.94581750600112 0.0
17.32734473994093 5.755267346114379 0.0
111.71775769547574 9.865624952936747 0.0
170.09598656646767 102.12983863886001 0.0
140.34698071658042 139.01814366369223 0.0
199.80846795990868 44.10569808717937 0.0
171.6596370564689 172.6050678998819 0.0
114.52279424808796 7.188074774585695 0.0
66.97510421214297 107.94898547987724 0.0
47.52816796780663 2.9299562675773494 0.0
121.69356432075556 81.41766909506856 0.0
23.082751695560887 107.61033397291861 0.0
130.28546093475163 102.75426621396286 0.0
183.8520969553097 123.0918694375011 0.0
9.51778998948516 90.70618568038012 0.0
179.41949984407503 94.47351438332603 0.0
180.16754601854012 76.85335453740261 0.0
6.060018930083322 45.28634540687521 0.0
101.4178653814124 108.79424623323058 0.0
35.040016180454955 133.36371835852506 0.0
102.32769798864092 54.355986034018585 0.0
70.02463202650463 179.1496733432554 0.0
161.21123648393112 185.25258143563372 0.0
33.74562750020704 173.09228732546 0.0
146.45856587015462 101.62314006943664 0.0
99.9026313019409 129.90155927234653 0.0
51.27435324863485 48.139830997104106 0.0
158.34090010015544 124.83415441131707 0.0
130.00668892420504 167.8830491652852 0.0
29.869198933122632 120.8001560044988 0.0
175.18353880167606 141.93912073084633 0.0
31.65157830245713 74.96986015708377 0.0
62.06948302771265 170.683682671639 0.0
134.92723166172794 199.69132143350933 0.0
131.50089656680908 166.97170575564334 0.0
53.88288302175794 144.91236877996133 0.0
181.9528509725395 151.96287442277702 0.0
157.82249389383188 67.93336374097156 0.0
198.23646549871802 171.068934817661 0.0
108.34936362302045 61.20006458980749 0.0
56.92070921052308 180.5173899761365 0.0
189.0960077924533 19.978547685636027 0.0
117.51791483555975 94.2837169656379 0.0
17.60759839050834 149.1370704912673 0.0
33.66766471132885 126.6521552735964 0.0
107.30487621843345 131.89255345579883 0.0
99.99898111774303 117.42283647076188 0.0
182.02298602928977 113.26215939829207 0.0
188.0460465427879 84.79093785462362 0.0
36.44282452690497 87.09320845778095 0.0
18.537976134776144 15.18128381365682 0.0
82.80184752382257 17.927610599076527 0.0
167.57863163889456 69.82966520751252 0.0
127.5916943274886 77.58967904816726 0.0
10.677492551282498 164.6599203175742 0.0
181.52011504765454 131.26908073243928 0.0
171.28823211222667 63.01371162138665 0.0
21.83516776489549 69.00342619158984 0.0
159.45669398854548 110.047657661259 0.0
198.1798764226333 145.84791144913333 0.0
161.37544334282833 133.1203336548441 0.0
1.4658913530792628 167.65212248253835 0.0
172.08732972372633 34.249471340700374 0.0
199.8249639048082 139.2470164348019 0.0
51.27576937415039 8.727518528690492 0.0
86.51738371786035 77.97783898332978 0.0
26.024814589517177 138.24143974404913 0.0
181.7469049692506 87.90162532680266 0.0
64.62742037773914 127.35056711967256 0.0
183.65182922594116 88.60067398474662 0.0
1.965518706721281 178.9340936362418 0.0
73.31244622271724 197.4461806835761 0.0
109.68096742483056 37.22751940046327 0.0
44.4351314244221 75.2791842955399 0.0
173.30162104356756 66.32532583214218 0.0
150.44390106115642 162.8585478196078 0.0
63.6821835992115 77.53482893943058 0.0
40.030386383265395 59.05874199347379 0.0
71.56473848947704 70.72408475997945 0.0
86.78359031551165 121.68286793733023 0.0
111.75924625869165 112.81442559787922 0.0
9.341082809591272 107.88917575399282 0.0
97.3895279748954 40.82613000609929 0.0
125.57360415108047 113.6122814242406 0.0
134.8456011673421 147.39345531912414 0.0
87.63527694310494 19.992865882787726 0.0
96.5285999847798 83.42308993408494 0.0
104.28216191446296 109.7127280669414 0.0
191.16970651921136 95.57795982672299 0.0
72.68191052073922 77.26459703404433 0.0
170.4499484479346 5.5260473152006995 0.0
114.0077967032423 124.56915982885688 0.0
185.84295310532636 33.40172105123311 0.0
135.4306673413077 6.984407776109469 0.0
41.04812061084275 69.68496309867156 0.0
25.69260111929612 174.63532078926883 0.0
73.07692947085755 107.71154055340078 0.0
132.26647562349183 140.12464710904266 0.0
139.0004376764324 63.28513594654601 0.0
165.17584591750054 96.06841647937905 0.0
185.5613774880876 128.37018025326472 0.0
25.869993573428516 4.53255607194194 0.0
35.29947342514781 132.60193166573333 0.0
69.1191379752671 85.32989426826714 0.0
135.5340235833395 119.35823622319748 0.0
171.71530307439517 41.26955325207402 0.0
85.4930405040033 82.39511278229689 0.0
103.83445760688133 75.8335840187618 0.0
182.07354312665322 154.5562091072696 0.0
77.23605205731012 182.38854382381317 0.0
6.162976537608245 91.82394725629861 0.0
179.04621631610925 113.92244599806807 0.0
9.146949020611416 53.987963948806204 0.0
90.6912987767533 78.43042645907094 0.0
153.17391269161632 47.46434462588929 0.0
38.61871226394293 147.45518271374877 0.0
108.94258898141224 166.30687130072658 0.0
126.76234176459083 13.921128168033592 0.0
121.22334515479349 144.2093490806683 0.0
60.28012603506818 90.28398401164502 0.0
15.02006192010057 113.30592521854935 0.0
185.91170672952256 199.15035482293467 0.0
134.22419962073826 54.83410811290468 0.0
146.37434606307406 75.90461591273419 0.0
79.80828411065504 22.232949706603012 0.0
74.53564719032664 176.51332334868658 0.0
146.05118092324255 19.006728203029866 0.0
137.6719197799475 63.560103154000444 0.0
140.98292465575847 21.692315877194268 0.0
182.94131670007408 129.69676615111035 0.0
21.182147080158863 52.526098935091056 0.0
32.271266367912865 10.079339589954373 0.0
71.2545020317106 26.914279903158402 0.0
28.179890472933632 133.99037690903995 0.0
14.76572390383961 127.56808060729811 0.0
141.62155595763613 70.73174379954213 0.0
56.09836867389093 90.17327014622829 0.0
118.76693881210333 36.005028534176155 0.0
21.6464784091688 24.721197828113972 0.0
165.69833303632484 142.3793044858933 0.0
93.95785303248888 42.13633635965854 0.0
148.3211975301546 101.07898159879707 0.0
113.87882694411695 7.593173068260484 0.0
19.363299340556562 112.20725073282172 0.0
63.45178456979292 199.9230520946383 0.0
175.15310481555028 16.653305256724394 0.0
136.26099776395506 120.76947395152828 0.0
91.93937721073408 25.3145769665867 0.0
152.1176517572464 167.65804595602665 0.0
94.83424526627469 89.89779601287806 0.0
179.42022248394275 161.90519484371717 0.0
72.03237182445285 34.44566215717777 0.0
91.22169453948395 5.297513931704234 0.0
162.77903925189804 127.8686506394885 0.0
199.9804806019748 28.731453973176848 0.0
119.63047994554874 45.144292083784656 0.0
91.16708446600803 91.51085714863751 0.0
173.86986153838066 138.47912047977067 0.0
107.343999838207 191.75763409285452 0.0
17.512854827634648 19.611251183025136 0.0
22.031555052480712 56.398780888671276 0.0
156.15687518287615 40.564378105155384 0.0
86.61777836861762 93.45062258534533 0.0
183.99850918156545 152.54680621563858 0.0
33.76564004263856 9.829057331674363 0.0
85.66383764852756 21.321917444197492 0.0
177.2163659721955 124.6724043528264 0.0
79.06682694039999 182.2593063847456 0.0
60.58281507758032 141.17120292243627 0.0
179.331098091291 29.408651294030584 0.0
176.6721955006852 79.15717382418283 0.0
185.88087185398464 150.32111634313756 0.0
104.07279432075076 16.211357765557487 0.0
173.12704425889703 141.9760169016756 0.0
189.1846286748911 36.80925236598156 0.0
199.74478897870088 173.05319165931513 0.0
39.56921347037721 147.02856281043518 0.0
42.35928500920878 193.92433548245936 0.0
188.43909255308833 76.60305342552323 0.0
106.52656011019135 38.119511689623444 0.0
140.3029432571018 60.61372074047113 0.0
71.21675089216635 107.65760970298 0.0
14.227430442408483 69.86636828158285 0.0
82.57729746589773 89.51261535120992 0.0
163.87233787425527 142.01250338382863 0.0
28.574044996175086 11.62011973481678 0.0
72.40078250398668 54.728180458398825 0.0
198.1784186216117 114.21151285768102 0.0
95.56158048212954 177.7734036430143 0.0
57.08921309208228 85.89595869305384 0.0
57.68626436400084 142.5122861488694 0.0
156.5478616768984 193.79319358021004 0.0
93.03844960520374 175.48223499374674 0.0
132.6262488843233 123.15284869430556 0.0
68.89862636105626 156.85798085658035 0.0
150.43666428208343 134.27901948724923 0.0
26.96273263867419 85.16430784282663 0.0
1.0335317145872214 43.21139473959059 0.0
136.0782109158775 56.34901360670072 0.0
168.3471027545665 137.49721985525017 0.0
62.03651640592809 98.33549787861888 0.0
149.30948421537718 49.52113702825176 0.0
29.08641300550263 41.432138970828206 0.0
132.40367766424978 27.242742430875122 0.0
173.02763909783937 50.48354150210608 0.0
18.186705373343813 165.82453357629493 0.0
67.18992099480685 96.40641312152457 0.0
99.9081555268886 193.51572591093512 0.0
140.29753204541035 102.76072429829203 0.0
113.16576368175507 141.29022331453083 0.0
99.16497409998865 167.26460737498994 0.0
10.61000215898462 68.11984743042092 0.0
19.364686482806405 128.66924548185017 0.0
121.02999971929596 162.39675369395775 0.0
73.45287648394287 26.167845204481498 0.0
111.72331451501742 194.90175479056708 0.0
129.03505868892546 81.52052113434354 0.0
188.87249452235565 59.848067839472144 0.0
67.89805641221798 123.33486747536355 0.0
42.72165063562727 7.912892251610826 0.0
52.630581609324054 68.44965701284707 0.0
172.66652477578907 148.80194272992577 0.0
98.59987023634642 177.12704231520752 0.0
11.941925622305982 80.77491621114137 0.0
196.84706803443618 106.76634331648572 0.0
112.41069546198068 90.69271367875199 0.0
77.40944112336187 103.11044539367471 0.0
147.02861084455165 60.529987240959635 0.0
102.77279711554415 188.42344242385477 0.0
40.880063542617776 14.929448280972778 0.0
137.6027635907304 132.8762507052378 0.0
151.24955777700453 149.25716907601438 0.0
153.59895455549608 128.38446089307462 0.0
83.01444778334897 188.75088274906835 0.0
197.26131161144536 23.40066077192644 0.0
47.71462257775889 46.736198676593176 0.0
173.55323762713965 122.67125869383324 0.0
52.97518316143861 173.51832999711982 0.0
79.89146032466743 107.72562380973399 0.0
43.52838747339413 117.43986540791487 0.0
62.58786539192405 191.873131828872 0.0
5.901614804373101 55.727838123036236 0.0
161.8138711998085 187.74164277179173 0.0
195.90820721598408 195.13623812632767 0.0
61.353190532697745 135.8985930020616 0.0
51.398534765233215 191.02282801978623 0.0
165.8541819818791 119.85383589509735 0.0
12.29885134565376 88.38203931102078 0.0
90.98825897139993 75.75107142714342 0.0
185.78581038918884 149.48847535440038 0.0
170.8662093805272 194.31258495634285 0.0
166.51494221173647 100.18835287638925 0.0
62.25948239323365 108.10980428021777 0.0
150.1414895333169 0.5090850171738825 0.0
156.6189238742012 58.98997705722735 0.0
162.94254442271884 125.1399573533793 0.0
98.5787057730256 48.497136419706564 0.0
171.16960308189223 125.46968602693298 0.0
53.578435884303 188.3832703465562 0.0
30.830990939086057 137.24951428832165 0.0
67.43193188290877 88.81348448559476 0.0
91.92393362807519 196.58314118839442 0.0
117.11624225995256 148.62669827798848 0.0
180.706383435641 131.8278871563024 0.0
64.74993868343255 45.02127885922545 0.0
49.41897821472634 10.123959254345639 0.0
95.67502746252472 159.2928055578312 0.0
4.937862578222507 34.65181020676631 0.0
146.75202624526304 120.75900697511837 0.0
106.15937847562023 112.35014710204325 0.0
112.42320133535462 102.76458418814262 0.0
54.4879889838491 141.7101691273569 0.0
53.79417827740982 162.66674150154472 0.0
92.6190565006014 6.394234542260424 0.0
29.929469337889692 181.95966087407157 0.0
73.87845716908272 102.810144236127 0.0
120.75284659693561 33.204334995856314 0.0
167.70129847351646 178.4048554639808 0.0
117.38866034305082 77.18778780941815 0.0
26.402356595769483 112.32447957823983 0.0
18.4756629875948 176.7435080891092 0.0
54.21106165936778 31.220001541891996 0.0
89.9301034067326 102.92289555992295 0.0
91.61432877882179 20.361115226249392 0.0
20.830255489918812 104.71513946585087 0.0
156.37071251685256 63.853333699792714 0.0
39.539738375070414 115.27091982513511 0.0
67.12973174718628 127.6363940060162 0.0
141.88248400100676 175.5929921441908 0.0
16.41051174586765 85.07466308671789 0.0
27.127268129681205 170.91469805126943 0.0
56.76421297672696 77.33320362698495 0.0
137.73532140037167 95.49507554354693 0.0
17.26501977347288 99.365961426922 0.0
155.26957458940876 188.31717896834115 0.0
177.04478569488973 107.22515964063545 0.0
17.559619084178667 15.183989603897441 0.0
88.40671613615227 153.5341153185373 0.0
191.16164815425208 111.96413522574437 0.0
64.123808185762 175.34819467618217 0.0
158.34801739689567 149.24738040847208 0.0
21.84809417871618 82.26164278101544 0.0
59.30631082453522 130.42774289896815 0.0
13.12699526806471 122.50075027441676 0.0
167.92325623397073 93.23987890568648 0.0
55.343451511994246 140.87664772093063 0.0
173.47390966530884 149.03215396662327 0.0
31.96679153923194 84.85381904959533 0.0
90.73212991327952 64.56768049446052 0.0
29.821621258384834 163.62328873078087 0.0
27.463348765891936 167.90240019849972 0.0
141.65230559357389 19.9521392985099 0.0
0.9563311581432865 142.8970610728017 0.0
78.08094946402966 135.71398573630168 0.0
114.19556036862166 66.17784545091104 0.0
105.1271005350072 59.38769590932949 0.0
77.47145362163572 35.86807821087776 0.0
51.77768473052487 117.44456193077446 0.0
92.67082951032037 143.17143093273017 0.0
16.666032541767862 51.426872902718344 0.0
105.1853605420759 145.89466811184087 0.0
143.73910779667915 108.653697993804 0.0
172.32106838019874 17.2559676912758 0.0
