151.40649748355867 139.98500398033943 0.0
55.36845106384576 109.9839434097794 0.0
87.53616364730084 52.600147220912575 0.0
19.381098237640735 34.45448177762225 0.0
25.142947040667952 171.05907516215424 0.0
75.34498352702545 171.37740923242217 0.0
137.4129733812373 132.19950575754484 0.0
2.4376788394253834 23.838184541646367 0.0
51.20121414956327 32.792352482210106 0.0
106.13326066110335 126.2733869373646 0.0
117.19452311334602 151.48340902943247 0.0
30.246972413110296 81.02737175137997 0.0
70.83411500610464 44.71744860345266 0.0
32.15454519815339 155.29574782405572 0.0
124.18917646652103 127.3930277950925 0.0
65.38167921496193 119.61414862350723 0.0
176.04354077597824 91.37913805381545 0.0
163.95459108598672 79.55855745169164 0.0
130.7777413898649 63.65758726870197 0.0
129.34777782687982 129.08128444822663 0.0
76.19898671973648 60.737849419340215 0.0
183.56055804724488 136.91440945826488 0.0
86.2920068546521 57.12392476281036 0.0
70.79909903841607 66.73049359810139 0.0
86.93392150052523 52.995551288256834 0.0
65.43612966266197 127.25796490006687 0.0
150.9367352625931 99.89898364250129 0.0
75.36572669881927 150.30655374542349 0.0
173.35123313539634 123.12522826691786 0.0
117.5659621021228 102.66592565630044 0.0
118.78641147481952 165.586605687317 0.0
86.62739028816193 152.09842315005125 0.0
129.56902455894848 170.385230560276 0.0
137.2008327710151 28.15467118851589 0.0
136.88786832090221 17.899761184899443 0.0
157.76311006910174 145.2986894979761 0.0
26.637984829381402 38.09975453256036 0.0
125.79465622863815 88.83679465010789 0.0
77.50018635386967 29.92955352068696 0.0
3.408421990992916 3.4025702671067304 0.0
110.86155977187492 136.98665876468513 0.0
57.664624887456604 169.25787641406407 0.0
170.50302496344233 152.35218378121988 0.0
71.251289725937 3.4277181243720145 0.0
184.55026282831872 155.31390133625328 0.0
46.90580427261908 80.69463415665399 0.0
153.0046619140443 18.855174882491575 0.0
102.89810700441234 133.73603791958618 0.0
151.24126795191788 69.16584904228829 0.0
107.09130176973107 162.19575329257938 0.0
43.180980376194555 27.06407203333654 0.0
3.5409348829738896 157.23885371679611 0.0
57.414611904655 116.10070105918926 0.0
148.2893937745985 131.14666355914414 0.0
95.37668498818739 83.25089669355022 0.0
89.95726237272181 130.76661305704468 0.0
12.737211871126997 45.48025243806841 0.0
105.92873762351142 109.1394895490426 0.0
143.49995770445798 149.10556338615152 0.0
36.37353787904247 131.38436705548997 0.0
20.866000414763562 8.753306995191256 0.0
146.04303980673984 198.9293918154932 0.0
189.74182453673052 178.85154993452792 0.0
87.72372858888193 190.43432230529143 0.0
2.8413166347197594 102.9739217643115 0.0
141.42630535369457 38.258638108024726 0.0
145.65148119724674 84.98706475654507 0.0
159.8341358845461 86.08671064178293 0.0
145.10197922908793 30.835779169575737 0.0
63.23004138254136 6.329551327184424 0.0
82.59883235889586 20.932931750902426 0.0
96.06574031156447 95.18016098063472 0.0
154.15311028726325 190.50393315878304 0.0
182.5335560939984 8.707669286127317 0.0
198.65547317003384 118.86849154211407 0.0
199.9453146104253 55.13292508176959 0.0
49.91807740258027 158.52512859812674 0.0
26.41868596897059 16.436306080723064 0.0
158.92537220916137 71.0366993862608 0.0
13.316547047279848 136.70611314052772 0.0
179.80577641001443 179.09804596644804 0.0
83.08015652474343 185.14380992300443 0.0
116.3565575329383 192.79974979633067 0.0
159.5424508063266 178.4002567851758 0.0
185.5244539569443 122.98459763443894 0.0
100.5028214725388 29.92471170994273 0.0
170.0649472835307 55.726430541036635 0.0
121.29027932723189 83.26640455608654 0.0
104.67341887163958 29.34362925694025 0.0
73.23707056777482 181.77610537597295 0.0
68.20169058376126 28.99245411954119 0.0
72.43021291948469 28.913045093941815 0.0
39.14379236363745 193.76821365853283 0.0
61.803634604554205 101.37038724602945 0.0
12.395158695942765 117.37502748050584 0.0
133.57907080971222 91.49003778031263 0.0
72.35960280730569 15.807814744645988 0.0
39.25898992887249 175.94573865088216 0.0
70.79896856414338 134.12291851870793 0.0
70.82029160211312 134.43087735040655 0.0
167.39046305960622 69.25656991314213 0.0
9.4527324831019 75.09547753141757 0.0
156.77712954193106 96.98326968682956 0.0
107.13142587722177 62.734512454471655 0.0
27.967095830221524 108.4889223050016 0.0
91.50801199753336 91.23761710005552 0.0
180.25772373755203 185.66637404229434 0.0
166.05040924113425 193.5679418696354 0.0
154.4309107823877 174.12387670104104 0.0
115.05643657466725 40.545845202796585 0.0
28.78623611056488 49.02971026035565 0.0
117.11184017890017 143.97086943342782 0.0
176.64893017503465 11.299120834102073 0.0
120.7585695744744 150.12318049370464 0.0
85.30987769665998 100.2624534234287 0.0
42.584547415488274 86.44367567343913 0.0
195.92531291817673 63.83624271027604 0.0
10.641350070163401 7.199529496132184 0.0
39.724079189446314 88.35174172659286 0.0
195.04166368744947 73.1999261095992 0.0
117.94065911321367 157.578340842898 0.0
42.783631798365505 96.13447665841535 0.0
1.2124967658193375 84.11191441913995 0.0
165.29446529671074 179.86466675294906 0.0
8.750474590187363 36.181217759740726 0.0
114.88114654129913 99.00642866033363 0.0
168.4116701307895 69.05798771105036 0.0
30.22123160252712 69.39980575354627 0.0
155.87388363633806 162.6394581574901 0.0
31.22210027587058 185.56948829142868 0.0
164.43166721780372 165.4046301578722 0.0
100.02240617476667 27.037758705683835 0.0
166.50399177974842 49.82859547497771 0.0
197.60464991274412 168.3592432324708 0.0
193.76392257566525 195.47187296044663 0.0
134.4332228674724 167.00467891480707 0.0
84.87102705555365 33.34468465052905 0.0
38.72753601556338 48.728703500135715 0.0
28.107548743787824 108.7788032819101 0.0
147.425139630637 161.8144575848881 0.0
160.78962734583536 49.922438641304346 0.0
82.58511783324118 129.5956995460503 0.0
78.14533807770201 65.10649538992553 0.0
169.92728355226944 94.91479287890093 0.0
151.42137688870358 34.71325690080243 0.0
106.3980458023646 120.68293155690296 0.0
58.300738796898585 11.81145007831519 0.0
190.0991590516065 87.46655900475646 0.0
88.28399382035501 0.7043734278622038 0.0
188.61081338228382 112.03196853573169 0.0
1.50700036518443 43.67072714059006 0.0
140.68588977077277 0.037716164811363306 0.0
91.53832399967673 113.56033784439173 0.0
161.48749341538934 141.57238622096966 0.0
31.01984201109382 83.54012926639882 0.0
52.987211813072264 159.99302977421368 0.0
63.584419299544635 125.1681420517774 0.0
8.836815938527343 132.52738265649648 0.0
146.30475754214393 72.10656103863087 0.0
146.97149036533085 115.36084723677939 0.0
143.99793161030868 179.1671865516944 0.0
3.3979269107282217 26.437005334978704 0.0
130.0303266517546 105.01592289231243 0.0
77.06601758560814 65.95815449006321 0.0
57.838126071587936 51.74537662952867 0.0
28.418051838423896 187.58036896088285 0.0
133.19870696738235 5.657721827558904 0.0
3.154829521027125 72.55519488098845 0.0
139.35868368310662 140.98257675880228 0.0
177.95325028136835 4.578008186257176 0.0
145.44459508230173 71.88766784063907 0.0
6.31528056553039 194.86090089590547 0.0
63.15261618220367 168.02266127074878 0.0
180.4236297617005 64.9556624092795 0.0
7.533894894577675 184.96951982180093 0.0
18.824626633357198 159.11035723145088 0.0
164.76250655211444 3.355456702655202 0.0
39.954158865764235 128.45073980667863 0.0
73.09332636136492 119.0174185914765 0.0
87.96792559350655 6.035574042282499 0.0
82.78732503296746 81.4897915173758 0.0
140.03238994659634 174.84272937782117 0.0
76.60228302753609 139.21994847177334 0.0
43.17839140204038 20.00080822357253 0.0
104.51707125249767 117.2988785721766 0.0
104.01433403470917 52.08873217564911 0.0
14.678074579227097 27.127193377076253 0.0
86.04158647341387 90.08368921259178 0.0
47.12652066062519 87.3193548077923 0.0
157.00970150753054 100.54549226096852 0.0
97.68596559931282 121.28203925148011 0.0
72.69456935617686 103.88338865738349 0.0
156.45928863199825 89.28514840155866 0.0
183.67784500244417 179.05902851981728 0.0
78.70508866087378 11.476945623509716 0.0
108.15136586295695 24.83710980836924 0.0
155.4334621084431 143.17748742468862 0.0
126.46552126624495 168.7032523507609 0.0
116.88162952462156 174.91746939828587 0.0
122.08591201250623 153.82608680705366 0.0
24.100100062270503 47.07225153999393 0.0
18.81786356024817 79.94873941706932 0.0
182.20041771063984 92.5737860093356 0.0
145.60381458198032 125.85243678289564 0.0
143.38578559715606 51.06593756675315 0.0
197.89370962607438 139.0429108305214 0.0
58.70626507611265 34.00141803451599 0.0
58.53408805804492 42.568023640074195 0.0
84.55050861580244 162.56151048448544 0.0
91.31658593426502 79.38290372049919 0.0
53.2062378234609 148.91247749301016 0.0
26.772185472772225 191.43663621208185 0.0
176.39216170888105 146.1953406668733 0.0
22.492584117833747 113.66239102546676 0.0
166.48413453510088 153.7786512993744 0.0
99.20554896814726 52.31072460249175 0.0
32.22883133691256 131.68651828910313 0.0
129.0263900797739 112.57352168201918 0.0
134.05844059586482 151.74714817474424 0.0
83.75291859899272 142.20392139391018 0.0
68.69020421248744 192.8897769923056 0.0
138.76670614697466 165.84535280730523 0.0
193.51497348476877 174.15090056617157 0.0
72.04866545126755 99.04063475682763 0.0
98.34926052367332 111.3332864559257 0.0
198.01230440782513 151.39989885640995 0.0
85.44548184658672 81.89427116663867 0.0
32.303398016360376 55.163905867709076 0.0
128.2256051984483 187.52254745182117 0.0
196.40997991816513 188.40714103829393 0.0
45.02347093944523 114.99545476870941 0.0
139.87207958612692 1.382869822101629 0.0
146.19159842019437 13.29166542219613 0.0
83.07566724483546 100.02020988872695 0.0
191.24845627413688 28.566907000749996 0.0
165.06092796103437 92.34096923873214 0.0
127.31255463770333 168.48321678365886 0.0
118.46991899602932 61.57197252510376 0.0
170.8899672151982 3.5150040897246937 0.0
87.70432480534893 93.98623440839884 0.0
142.15231284076137 55.238012311717455 0.0
56.55906494199407 60.01431943796594 0.0
164.16244424492174 170.24016536171862 0.0
158.04299551091668 23.924890942338827 0.0
99.07536538837735 133.17591965393748 0.0
101.793219082846 40.381383834234086 0.0
9.16241871557395 33.61875736313422 0.0
73.43471223544799 85.43947317330873 0.0
102.57680494735375 68.74911340106888 0.0
135.43249946064753 65.05787364803288 0.0
52.0990874985495 137.54794425848866 0.0
190.42875564488162 45.95275641812411 0.0
59.67139454743899 162.04888347192764 0.0
155.7525639975162 61.633935498628325 0.0
180.34961920166947 157.33479891740976 0.0
141.73542527864174 60.71877427174614 0.0
16.372926433444214 64.34734192913298 0.0
126.66084950865645 185.12758318986374 0.0
145.37043996392126 58.21090342175135 0.0
77.62176999237084 192.5220656585401 0.0
156.2951881316087 49.65522603671153 0.0
79.25468124707716 70.35615622421363 0.0
132.4956641354935 8.253677409503046 0.0
1.2649043928740333 128.1665474508958 0.0
43.40575654489296 153.57707360167552 0.0
160.85252837017637 100.23784539619022 0.0
184.65405941343582 183.99569725908665 0.0
117.5940156646317 42.535140989557554 0.0
140.9638744194909 142.74500268325724 0.0
176.02965762157552 65.80474646787376 0.0
137.0356446855706 57.003263902223324 0.0
165.15246991598454 11.001436557145293 0.0
88.67364638851731 128.11235532062997 0.0
14.189423365481456 43.708516244203885 0.0
169.73932356403182 199.70544799629306 0.0
150.51111797399855 20.974737225818707 0.0
70.08382830667155 85.38848057616477 0.0
8.201471598932297 167.00000711418477 0.0
135.43263546978164 98.75486577402253 0.0
154.76417548344398 83.35954708349698 0.0
52.26546049287886 195.89582266773772 0.0
118.63807074723174 14.964021430866392 0.0
69.05504364075598 114.20147241595093 0.0
131.63884131388846 194.71095105783024 0.0
129.79855749994934 171.13070124584593 0.0
88.13983047665054 197.79055434567425 0.0
136.5958821581255 172.7605621885174 0.0
66.74994419371964 150.86698561500634 0.0
55.09913632069412 174.30886465242855 0.0
160.44209732562172 161.86366199960162 0.0
129.97827854531104 33.45627560426425 0.0
117.53085161055571 62.83934473457664 0.0
87.11785376406809 2.1772553712148035 0.0
8.593206432121491 91.44927451300431 0.0
65.080285792949 13.921828178973783 0.0
3.371917485813003 75.74361431469947 0.0
140.44143805323046 40.373040194289175 0.0
166.8959005102047 32.563187534060155 0.0
89.92444946736198 115.6377565718846 0.0
165.49768627161265 41.55032725492198 0.0
66.82821369129867 155.61133388388293 0.0
111.10314452721855 14.800484732407737 0.0
160.06711081095582 136.38937433206334 0.0
66.11409868535661 146.43805174240745 0.0
151.20898362284194 137.98273888953966 0.0
181.3995771992054 196.907617547446 0.0
188.21864616012473 8.224713665568228 0.0
46.35701656793505 143.52979157768394 0.0
154.18445895841256 156.64201218049092 0.0
192.6998381868316 111.87842289001524 0.0
25.125933158271675 49.19424528426022 0.0
12.573206282651018 91.79393937802817 0.0
83.05053456283207 142.1691054330269 0.0
26.795097045972337 137.35531851798666 0.0
78.7482425994108 67.15353801195727 0.0
70.46513837395938 151.89100636026356 0.0
123.38265888905964 58.883792775151164 0.0
150.8789050961152 167.11691357111326 0.0
28.757874692164908 103.91019044192245 0.0
76.63078611647384 39.74744851724075 0.0
13.210508441508084 80.39519938352927 0.0
56.98374841477687 109.4333171990366 0.0
143.39672218834704 57.99623357428438 0.0
127.02970467741659 188.63773689385738 0.0
191.81427634539588 131.66740192165295 0.0
66.8594663344638 88.07033955443504 0.0
155.72005383396575 74.34726371169108 0.0
51.906607795635054 120.55604393095014 0.0
105.17375411356251 110.88242156481058 0.0
196.82481977305488 71.72389043694956 0.0
106.25876168160353 39.16960735980793 0.0
36.70374009163808 177.6586503695476 0.0
100.10155036000567 154.38181487345588 0.0
27.123452750291488 107.6658160534725 0.0
9.131295686550889 168.2766626720194 0.0
138.49325446119497 14.558490877417007 0.0
189.09158233820068 157.96815494835957 0.0
170.3155150299761 185.38237040195872 0.0
48.63657829947701 127.17577729947402 0.0
117.46086435474363 102.25292649911646 0.0
17.91418256334436 17.847570876232854 0.0
183.236149007429 5.986655621659964 0.0
63.35910310651005 171.1868414585033 0.0
52.972011687589756 144.46611589788535 0.0
17.989038352969878 104.49471687536214 0.0
17.0521549754044 183.186217386129 0.0
124.81751171962436 43.873877100399184 0.0
63.7518008116337 157.18715842720368 0.0
175.56720372706332 132.7212989168079 0.0
149.9480125560413 51.58706262666908 0.0
67.68786637925245 22.070869050806508 0.0
101.70997058604543 12.185313945127763 0.0
99.7534327945666 41.229492977804696 0.0
196.97258882332756 108.11535271780073 0.0
78.63287521911624 145.78305790895413 0.0
38.942111764257014 95.28348582027786 0.0
121.400132181926 144.9314944616243 0.0
41.577712393769104 162.33805878393065 0.0
100.76832788833052 121.24502253036762 0.0
117.43841514573785 180.1713033350239 0.0
4.904105634648959 73.31637349811348 0.0
183.37989781614252 121.46372646055077 0.0
60.79801487205043 35.41669588736514 0.0
81.03119794305711 68.53897056323513 0.0
104.93739281787701 58.145602319039384 0.0
46.67646957348089 185.80472468600266 0.0
175.84829134816823 70.1986525617922 0.0
159.11242973770607 197.3131598136112 0.0
50.14346038355608 183.75840707071163 0.0
44.247314893874524 80.48213628794856 0.0
47.03367366027245 54.64788169975492 0.0
121.65254570831958 63.77624337583099 0.0
85.82994451219956 63.26826108418238 0.0
40.97356981753313 199.15459788535915 0.0
96.78458007054225 143.47528086479446 0.0
75.0517640344212 169.35004182275622 0.0
57.68924621019347 53.93172113932563 0.0
111.8044006614652 185.5522990242227 0.0
156.9685755605846 160.10615167448833 0.0
118.35520559014373 32.82538409604261 0.0
68.57819496191581 174.970880529729 0.0
138.6032076809635 128.59741081488335 0.0
64.83627257702187 192.5849430877339 0.0
29.362968756056908 73.818727663853 0.0
90.3880596658779 141.13069559899628 0.0
40.40448310470992 196.89218528165156 0.0
173.82324897995323 80.60545915270627 0.0
0.16655432110195267 17.23705500187105 0.0
63.036135865204955 175.25241038156167 0.0
81.6125266630501 188.35600612340727 0.0
136.23912466028537 81.94781433564957 0.0
91.6427441289319 119.53235280083865 0.0
62.61014796852826 113.14436433082014 0.0
152.67334168333534 120.79257100107772 0.0
164.87512679161688 56.60339645386061 0.0
126.436285227291 167.5268797210026 0.0
170.6967625268318 164.03138839616597 0.0
167.7509163619976 39.168556086168515 0.0
30.561331376271816 156.86904135687004 0.0
189.962577052047 50.59044714030703 0.0
126.92541698965465 139.86408784278834 0.0
173.93913431110082 65.3848848717008 0.0
102.70488869942469 61.691698750689206 0.0
158.96164336905215 156.95108709983919 0.0
96.75871679282504 16.769227506628724 0.0
16.54059498495681 166.32200115356522 0.0
189.84045164335123 43.5448603643535 0.0
127.13459991649162 94.92016947070748 0.0
136.5607050389067 141.9224776452144 0.0
54.9435776537361 165.94025179236857 0.0
187.22403847982474 6.117947897243736 0.0
47.39392480286983 89.81340066038801 0.0
187.97417566614735 49.12477630990772 0.0
73.62839227675842 177.21674191087996 0.0
188.50163700954383 81.09994833769353 0.0
160.2587113108542 57.348826977480186 0.0
83.63832393629716 96.36355298924018 0.0
182.83437925460012 79.69983817261097 0.0
168.4837384532436 22.338555186125262 0.0
27.926226553404042 4.303160233965309 0.0
96.27801391556312 188.6400739192195 0.0
153.418814823748 118.46260978094637 0.0
194.0570945523309 85.65602121683594 0.0
43.55095116205672 57.207636620760624 0.0
13.195821178501133 99.34414635969826 0.0
80.43892893864052 150.23642307749475 0.0
170.26491459590258 132.6030066436497 0.0
135.2624279241461 69.864707064153 0.0
168.19820938526547 153.45742584141473 0.0
119.98835647981885 112.50602259244364 0.0
178.586791361638 146.43168643808684 0.0
34.453107959871 10.46673582623352 0.0
112.98700343236601 85.86659795546541 0.0
93.81921224175156 141.3471996866472 0.0
114.44957417754192 198.56931572864724 0.0
127.86745232053087 179.09803684935636 0.0
60.047477594217646 138.0676771997036 0.0
6.281049444294551 13.7884725353139 0.0
181.00043785889312 153.87355726299327 0.0
163.02360127848456 156.4014350385557 0.0
79.06423178644515 106.54264826022408 0.0
168.108006960291 40.47787412267441 0.0
46.17341490120705 52.95077433197874 0.0
126.4987455105113 34.190656649969675 0.0
78.89619075950509 106.08975333718882 0.0
71.585278343403 184.43620494227164 0.0
120.08066501554168 159.8185946274247 0.0
64.60958744105167 128.78973746932215 0.0
57.1419157448654 61.38861066001864 0.0
11.62630768645958 31.677961811193978 0.0
59.75964656894299 113.1939201203825 0.0
66.01902247665996 27.880748478161998 0.0
149.32650822800812 190.0814633308577 0.0
97.29182006243882 89.48116389232726 0.0
58.30753107158442 69.6877107835269 0.0
75.80034942199052 71.64108580643986 0.0
59.74132070246942 190.65178685470286 0.0
148.28201558244632 138.08738717072643 0.0
125.43407444722835 177.18775747755456 0.0
60.490269448752464 18.951530791806583 0.0
105.9677853716211 98.38152022243389 0.0
20.93317340360745 11.613197185743719 0.0
16.464192351249384 166.71063920489624 0.0
93.6618860504077 99.45638803897366 0.0
159.116562241363 22.668138474324362 0.0
158.24986210090063 33.95428083420147 0.0
116.82146966412338 101.00426035466865 0.0
181.54898174532315 102.25690878963685 0.0
11.813238594275655 28.982856942242698 0.0
8.504096613164336 185.46349535845295 0.0
39.02390357868748 168.18201860091025 0.0
98.25280631289476 2.0192672631673902 0.0
155.96191390873742 78.75119552893601 0.0
6.9325890034737325 126.1840772200905 0.0
139.22310891895836 58.670075073949434 0.0
150.0626567957024 73.27834645240397 0.0
2.3178202571689566 190.43714702900712 0.0
65.06342579353874 51.419299008602025 0.0
10.31820017219507 113.74875511520753 0.0
38.42144381907742 93.71856676207958 0.0
23.90030479632872 35.11222702380845 0.0
162.2033802070802 5.419803674689616 0.0
58.67565486791617 83.9695199428464 0.0
41.06754979311668 87.21301248409985 0.0
155.27738249835073 29.79060614149649 0.0
83.6171220463785 128.96983420209455 0.0
121.48637725590545 185.728622475182 0.0
180.88421080142757 107.40212078964566 0.0
29.753115699990907 41.81164840806979 0.0
199.9295588689254 166.65368188495762 0.0
131.7912177430844 194.27879376195796 0.0
101.98764876548334 12.59315693987828 0.0
86.48908375306969 67.55102816842798 0.0
32.28259055988288 9.583522150726441 0.0
88.20620429418815 161.46012244423292 0.0
22.5852378429376 32.76175976672886 0.0
29.59118594253185 98.74171205037202 0.0
197.7774975562345 99.36994470436251 0.0
36.37870996368551 196.43146922262702 0.0
184.13493313889347 179.43675877380946 0.0
