4 438
6 79
7 672
9 497
10 225
12 199
15 848
19 987
18 85
21 936
22 644
24 999
29 376
34 498
35 708
32 794
37 374
42 724
43 485
41 231
48 133
54 580
53 839
59 877
58 997
56 3
62 532
60 260
69 954
70 469
71 158
64 553
65 599
66 238
67 491
77 897
79 617
73 312
74 543
87 67
86 237
95 793
88 247
102 69
100 511
107 329
104 885
117 712
115 256
112 538
127 173
126 408
124 971
123 912
122 251
139 203
143 188
129 776
131 846
130 348
133 277
135 396
134 165
152 303
156 703
159 260
146 933
147 212
148 729
149 553
151 644
170 505
168 920
175 58
173 533
172 383
163 644
162 266
161 352
167 279
166 666
165 697
164 797
186 277
187 179
190 438
188 77
179 50
177 280
180 446
207 13
201 320
200 712
203 150
202 712
197 311
193 384
192 213
194 512
222 125
223 614
216 45
219 25
213 913
209 83
239 152
235 658
234 760
232 178
231 990
228 89
227 433
224 104
254 325
255 241
249 107
247 906
244 370
242 419
243 910
240 934
241 923
274 326
273 455
272 439
278 807
277 308
276 397
282 224
286 165
285 59
258 888
257 748
262 305
264 356
265 905
271 616
268 493
269 347
305 348
304 14
307 876
308 116
310 379
312 215
314 889
317 358
316 908
319 699
318 871
288 183
289 619
290 440
291 306
293 596
296 994
297 269
298 426
299 971
301 860
341 914
338 911
337 343
351 409
349 302
348 456
347 31
326 187
323 556
320 582
321 548
334 672
332 836
330 853
331 356
329 0
373 897
375 691
374 456
371 542
370 52
381 129
380 454
382 292
376 684
379 23
356 956
357 55
358 839
352 387
354 818
364 353
365 594
366 385
367 690
362 941
410 929
411 431
414 423
415 221
413 84
402 367
403 527
400 975
404 783
405 320
395 815
399 54
398 556
397 38
387 305
386 869
391 534
390 733
389 324
440 46
442 756
446 957
432 993
435 569
437 689
438 23
439 813
425 32
430 124
416 830
419 736
418 503
423 545
422 569
479 984
477 329
473 627
469 333
466 402
463 389
461 980
460 415
457 239
456 623
455 266
452 486
450 879
448 235
500 256
497 359
499 661
492 365
491 238
481 362
