1100 943
2 761
3 285
1096 255
5 983
6 846
1093 506
10 513
1094 135
11 304
12 759
1088 149
13 544
1091 141
16 312
18 737
21 170
20 458
25 811
27 260
26 878
29 633
35 998
32 739
39 816
37 899
42 924
43 522
40 751
41 454
47 637
44 446
45 18
49 158
48 177
54 703
59 224
57 978
63 201
68 258
70 484
1034 814
71 211
76 676
1025 699
77 350
72 32
1028 188
73 612
74 938
1030 963
75 255
1031 236
1049 12
85 664
84 775
1048 754
87 174
1051 398
86 357
81 813
1053 529
1052 386
83 75
93 224
1041 929
92 490
1042 246
89 943
103 852
100 811
1064 73
1065 578
1070 633
1071 704
99 373
96 627
1068 909
97 719
1069 884
1058 252
1056 520
106 785
1063 845
1060 610
105 702
1061 198
118 409
117 368
1080 194
116 331
1087 396
1075 794
126 997
1074 266
125 663
1073 831
1072 484
124 459
123 691
1079 265
1078 392
1077 596
136 224
141 189
140 894
143 130
130 251
133 233
132 702
153 411
154 798
155 695
156 857
158 218
159 313
145 853
149 84
150 214
171 758
168 589
175 210
174 368
173 114
172 104
161 253
160 719
167 143
187 218
184 420
190 385
178 783
179 194
176 977
181 24
205 755
201 209
200 145
197 262
220 722
221 476
223 182
218 431
212 77
208 183
209 850
236 794
235 591
234 688
232 713
231 347
225 385
255 357
252 177
251 632
248 667
244 812
243 638
275 590
274 823
273 629
279 214
278 319
277 600
276 477
283 395
282 746
287 608
256 938
257 167
260 88
266 406
264 926
265 761
268 158
269 614
305 786
307 341
306 764
308 491
313 688
312 794
315 265
319 0
318 157
288 957
291 864
292 756
293 785
294 68
295 803
297 539
298 292
300 332
301 578
302 137
342 31
340 939
338 920
337 513
336 556
351 474
349 675
347 452
346 292
327 898
324 142
322 774
323 211
321 680
334 868
330 834
331 353
373 931
372 819
375 173
374 295
368 745
381 515
383 728
379 572
378 977
359 2
352 135
353 44
355 332
366 325
367 374
360 252
363 381
410 356
411 11
408 436
409 375
414 19
415 879
412 289
413 838
402 953
401 119
406 38
407 45
395 775
393 183
396 414
387 503
386 942
385 589
391 289
440 929
441 53
443 211
446 953
447 772
432 846
434 6
435 911
436 648
438 628
425 844
427 535
417 852
419 372
478 130
479 989
477 547
472 364
473 603
471 634
468 336
466 444
461 133
460 767
458 514
457 272
455 478
454 77
451 322
450 559
509 428
504 398
506 825
507 747
502 633
503 947
496 7
498 805
491 509
490 555
485 206
484 996
486 486
481 93
483 269
482 466
549 834
546 819
544 512
558 451
559 21
554 571
553 277
561 227
574 406
573 802
571 17
569 483
516 979
519 351
512 745
513 184
515 333
524 378
521 189
522 712
523 327
533 903
532 118
535 825
534 560
530 371
541 776
540 568
542 432
537 218
539 51
538 643
608 303
609 890
612 108
613 460
619 624
616 631
617 928
622 890
631 692
629 84
628 448
635 781
632 811
638 683
636 527
580 430
581 646
582 457
583 145
584 865
586 168
589 337
590 662
595 40
594 787
599 747
598 396
600 253
603 6
602 193
605 923
606 323
686 460
682 110
681 33
678 954
675 232
673 115
702 902
699 157
697 204
695 823
691 418
689 610
653 353
652 35
654 842
649 69
650 201
668 639
670 113
664 9
665 448
666 964
661 43
662 348
659 649
744 39
751 701
750 222
739 189
737 471
741 488
762 838
763 94
754 339
755 557
752 337
753 553
758 915
713 994
714 136
719 778
704 777
706 346
709 580
708 994
728 307
729 571
730 185
732 763
734 457
735 337
721 124
723 284
725 725
726 568
727 443
821 463
820 236
823 854
817 479
816 944
819 919
828 815
826 520
804 521
805 590
800 674
803 958
812 600
814 114
790 25
788 383
787 506
786 213
785 558
784 369
799 136
797 993
794 176
793 534
792 840
775 657
773 413
770 383
771 959
783 0
778 937
779 895
881 449
880 860
883 45
882 661
885 715
884 503
889 627
888 669
890 544
895 874
894 758
864 668
865 656
867 61
869 318
874 533
877 359
878 639
879 929
851 125
850 697
849 807
848 837
853 104
856 75
862 973
861 177
834 69
835 749
839 224
836 116
837 557
843 683
841 453
846 741
845 795
957 491
948 624
949 617
950 633
945 609
941 779
940 843
943 439
942 637
937 88
936 70
939 48
929 814
928 412
931 798
930 435
926 80
924 138
925 869
920 122
918 433
919 64
916 777
914 339
912 34
911 178
910 466
909 857
908 313
907 178
903 642
902 998
901 275
899 609
897 309
896 135
1017 894
1021 45
1022 647
1023 84
1015 892
1000 590
1004 821
1007 394
993 987
994 102
999 179
998 159
984 122
985 485
991 13
978 322
979 958
976 430
977 273
980 12
981 651
971 658
969 737
968 111
975 142
974 991
963 559
962 537
961 535
960 900
964 930
