1 21 66.0
1 197 4.0
1 39 59.0
1 45 63.0
1 50 70.0
1 80 75.0
1 89 23.0
1 130 45.0
1 132 25.0
1 160 20.0
1 163 55.0
1 169 6.0
1 172 78.0
2 5 21.0
2 21 74.0
2 38 81.0
2 43 16.0
2 57 6.0
2 63 8.0
2 95 1.0
2 109 14.0
2 134 88.0
2 150 87.0
2 191 85.0
2 131 68.0
3 28 7.0
3 42 80.0
3 80 40.0
3 82 70.0
3 89 6.0
3 104 36.0
3 188 48.0
3 196 97.0
4 18 46.0
4 52 74.0
4 69 17.0
4 97 64.0
4 102 80.0
4 114 59.0
4 120 99.0
4 129 33.0
4 141 6.0
4 155 67.0
4 166 20.0
4 173 64.0
4 189 83.0
5 2 30.0
5 21 12.0
5 38 28.0
5 43 28.0
5 54 77.0
5 57 29.0
5 63 30.0
5 95 65.0
5 109 87.0
5 190 10.0
5 131 54.0
6 25 22.0
6 31 42.0
6 46 17.0
6 68 41.0
6 76 27.0
6 115 75.0
6 117 83.0
6 146 15.0
6 20 81.0
6 33 47.0
6 98 19.0
6 128 16.0
6 171 48.0
6 174 83.0
6 192 2.0
6 193 44.0
7 34 67.0
7 51 20.0
7 58 25.0
7 59 38.0
7 140 63.0
7 177 75.0
7 182 62.0
7 186 74.0
8 14 4.0
8 17 85.0
8 19 5.0
8 197 40.0
8 35 8.0
8 60 60.0
8 39 42.0
8 147 85.0
8 160 95.0
8 163 56.0
8 172 78.0
8 32 27.0
8 119 96.0
8 143 32.0
9 27 24.0
9 64 71.0
9 88 62.0
9 105 78.0
9 116 72.0
9 118 25.0
9 122 9.0
9 157 85.0
9 175 11.0
9 184 81.0
10 30 44.0
10 42 85.0
10 48 54.0
10 49 93.0
10 84 76.0
10 88 95.0
10 154 59.0
10 183 33.0
10 196 33.0
11 23 13.0
11 47 9.0
11 85 33.0
11 87 8.0
11 100 95.0
12 26 97.0
12 62 91.0
12 70 24.0
13 70 78.0
13 73 6.0
13 79 79.0
13 91 95.0
13 101 12.0
13 133 96.0
13 153 73.0
13 185 2.0
13 200 40.0
14 17 89.0
14 19 73.0
14 71 89.0
14 112 29.0
14 145 21.0
14 181 15.0
14 190 99.0
14 195 75.0
14 197 65.0
14 8 28.0
15 27 34.0
15 93 1.0
15 149 74.0
15 167 3.0
15 72 95.0
15 75 47.0
15 106 76.0
15 108 52.0
15 151 93.0
15 158 23.0
15 194 14.0
16 24 76.0
16 53 34.0
16 76 54.0
16 90 92.0
16 111 92.0
16 117 27.0
16 168 33.0
16 170 2.0
16 20 42.0
16 125 90.0
16 174 77.0
17 14 64.0
17 19 2.0
17 71 76.0
17 145 19.0
17 197 22.0
17 35 48.0
17 60 17.0
17 86 70.0
17 165 91.0
17 8 49.0
17 39 83.0
17 143 34.0
18 55 65.0
18 112 23.0
18 195 32.0
18 4 53.0
18 97 36.0
18 102 37.0
18 114 54.0
18 129 45.0
18 141 78.0
18 155 74.0
19 14 49.0
19 17 20.0
19 71 60.0
19 112 71.0
19 145 23.0
19 181 91.0
19 190 25.0
19 195 97.0
19 197 44.0
19 8 48.0
20 6 73.0
20 16 11.0
20 25 94.0
20 76 99.0
20 117 89.0
20 146 39.0
20 29 26.0
20 33 87.0
20 61 26.0
20 96 7.0
20 98 70.0
20 125 92.0
20 127 53.0
20 128 23.0
20 171 48.0
20 174 66.0
20 176 71.0
20 192 81.0
20 193 79.0
21 2 4.0
21 5 87.0
21 43 28.0
21 57 68.0
21 145 20.0
21 190 2.0
21 1 23.0
21 131 67.0
22 41 53.0
22 61 70.0
22 96 69.0
22 101 66.0
22 125 69.0
22 127 7.0
22 153 86.0
22 171 20.0
22 176 74.0
22 185 7.0
23 11 39.0
23 47 52.0
23 85 68.0
23 87 29.0
23 100 48.0
23 110 33.0
24 16 87.0
24 31 17.0
24 53 92.0
24 58 43.0
24 59 9.0
24 76 12.0
24 90 28.0
24 111 38.0
24 115 54.0
24 117 20.0
24 140 90.0
24 168 85.0
24 170 66.0
25 6 51.0
25 31 82.0
25 46 51.0
25 60 67.0
25 68 23.0
25 86 35.0
25 115 42.0
25 123 6.0
25 146 10.0
25 20 55.0
25 33 9.0
25 98 57.0
25 128 99.0
25 174 64.0
25 193 88.0
26 12 84.0
26 62 59.0
26 70 6.0
27 9 10.0
27 92 18.0
27 93 17.0
27 105 85.0
27 118 68.0
27 157 37.0
27 175 43.0
27 184 76.0
27 15 67.0
27 108 81.0
28 3 41.0
28 42 60.0
28 45 19.0
28 66 6.0
28 80 79.0
28 82 55.0
28 89 49.0
28 104 7.0
28 132 31.0
28 169 77.0
28 188 59.0
28 198 70.0
29 20 66.0
29 33 52.0
29 41 61.0
29 61 37.0
29 73 7.0
29 79 82.0
29 91 96.0
29 96 82.0
29 101 30.0
29 113 99.0
29 125 84.0
29 127 71.0
29 153 43.0
29 171 37.0
29 174 6.0
29 176 5.0
29 185 43.0
29 192 26.0
29 193 95.0
30 10 33.0
30 42 34.0
30 48 31.0
30 49 77.0
30 84 22.0
30 88 14.0
30 122 85.0
30 154 21.0
30 183 34.0
30 196 18.0
31 6 72.0
31 24 45.0
31 25 59.0
31 46 93.0
31 53 32.0
31 58 98.0
31 68 82.0
31 76 67.0
31 81 33.0
31 115 29.0
31 117 42.0
31 120 90.0
31 123 74.0
31 140 49.0
31 142 57.0
31 168 85.0
32 35 16.0
32 60 73.0
32 8 64.0
32 39 52.0
32 147 41.0
32 160 90.0
32 172 74.0
32 78 51.0
32 98 73.0
32 113 46.0
32 119 61.0
32 143 77.0
32 161 54.0
32 187 38.0
32 192 91.0
33 6 16.0
33 25 98.0
33 76 38.0
33 146 6.0
33 20 73.0
33 29 88.0
33 61 75.0
33 96 54.0
33 98 42.0
33 125 67.0
33 127 79.0
33 128 62.0
33 171 34.0
33 174 51.0
33 176 93.0
33 192 57.0
33 193 32.0
34 7 93.0
34 51 53.0
34 65 74.0
34 67 52.0
34 81 34.0
34 120 27.0
34 139 76.0
34 140 92.0
34 142 37.0
34 148 95.0
34 156 80.0
34 173 66.0
34 177 98.0
34 182 35.0
34 186 19.0
34 189 24.0
35 17 74.0
35 60 81.0
35 86 61.0
35 146 94.0
35 165 7.0
35 8 10.0
35 39 61.0
35 32 48.0
35 98 19.0
35 119 54.0
35 143 76.0
36 144 29.0
36 52 17.0
36 129 19.0
36 166 1.0
36 199 93.0
37 40 48.0
37 44 51.0
37 55 55.0
37 83 87.0
37 99 83.0
37 112 84.0
37 136 26.0
37 138 12.0
37 144 82.0
37 152 20.0
37 180 24.0
37 195 37.0
37 114 53.0
38 2 88.0
38 5 87.0
38 43 98.0
38 57 15.0
38 63 38.0
38 95 1.0
38 109 36.0
38 134 44.0
38 150 48.0
38 191 25.0
38 131 30.0
39 17 87.0
39 197 76.0
39 35 88.0
39 1 75.0
39 8 26.0
39 126 77.0
39 130 70.0
39 147 45.0
39 160 82.0
39 163 73.0
39 172 47.0
39 32 96.0
39 119 71.0
39 143 66.0
40 37 56.0
40 54 42.0
40 77 35.0
40 83 97.0
40 107 21.0
40 110 28.0
40 135 27.0
40 136 21.0
40 138 73.0
40 152 58.0
40 162 21.0
40 180 31.0
40 181 56.0
41 22 66.0
41 29 24.0
41 61 39.0
41 91 79.0
41 96 50.0
41 101 67.0
41 125 3.0
41 127 35.0
41 153 88.0
41 171 36.0
41 176 39.0
41 185 31.0
42 3 7.0
42 10 73.0
42 28 31.0
42 30 10.0
42 49 79.0
42 64 47.0
42 66 48.0
42 80 5.0
42 88 52.0
42 89 63.0
42 104 78.0
42 116 12.0
42 169 5.0
42 183 91.0
42 196 21.0
42 198 42.0
43 2 18.0
43 5 91.0
43 21 20.0
43 38 70.0
43 57 62.0
43 63 68.0
43 95 49.0
43 109 90.0
43 134 2.0
43 150 78.0
43 191 79.0
43 131 73.0
44 37 2.0
44 83 65.0
44 99 78.0
44 107 77.0
44 135 33.0
44 136 46.0
44 137 75.0
44 138 40.0
44 144 83.0
44 179 19.0
45 1 45.0
45 28 6.0
45 50 22.0
45 66 82.0
45 80 95.0
45 82 95.0
45 89 29.0
45 94 5.0
45 103 3.0
45 104 64.0
45 124 54.0
45 130 53.0
45 132 84.0
45 169 77.0
45 198 69.0
46 6 47.0
46 25 94.0
46 31 7.0
46 68 53.0
46 86 40.0
46 115 9.0
46 123 89.0
46 142 1.0
46 146 72.0
46 165 91.0
46 128 18.0
47 11 40.0
47 23 72.0
47 85 46.0
47 100 12.0
47 107 17.0
47 110 60.0
47 135 12.0
47 137 87.0
47 179 50.0
48 10 87.0
48 30 99.0
48 84 10.0
48 88 51.0
48 122 55.0
48 154 78.0
48 157 60.0
48 183 84.0
49 10 27.0
49 30 46.0
49 42 10.0
49 84 68.0
49 154 52.0
49 183 96.0
49 196 27.0
50 1 13.0
50 45 59.0
50 66 56.0
50 80 43.0
50 89 81.0
50 92 68.0
50 94 34.0
50 103 75.0
50 104 50.0
50 124 92.0
50 126 57.0
50 130 48.0
50 132 85.0
50 163 58.0
50 164 58.0
50 169 17.0
50 184 77.0
50 198 4.0
51 7 24.0
51 34 23.0
51 58 31.0
51 65 33.0
51 67 63.0
51 69 60.0
51 81 81.0
51 120 10.0
51 139 11.0
51 140 31.0
51 142 81.0
51 156 2.0
51 173 67.0
51 177 96.0
51 186 22.0
51 189 50.0
52 4 67.0
52 36 22.0
52 67 30.0
52 69 45.0
52 97 84.0
52 129 12.0
52 155 68.0
52 156 63.0
52 166 98.0
52 173 16.0
52 189 58.0
52 199 69.0
53 16 1.0
53 24 52.0
53 31 47.0
53 58 67.0
53 59 66.0
53 76 65.0
53 90 81.0
53 111 22.0
53 117 98.0
53 140 98.0
53 168 3.0
53 170 86.0
54 5 37.0
54 40 87.0
54 77 96.0
54 109 66.0
54 138 18.0
54 162 32.0
54 180 67.0
55 37 73.0
55 83 21.0
55 112 33.0
55 136 29.0
55 144 35.0
55 152 37.0
55 195 85.0
55 18 73.0
55 114 32.0
55 129 68.0
56 78 38.0
56 79 54.0
56 113 13.0
56 158 28.0
56 159 28.0
56 161 76.0
56 178 33.0
56 187 3.0
56 194 75.0
57 2 40.0
57 5 22.0
57 21 9.0
57 38 28.0
57 43 56.0
57 63 67.0
57 95 25.0
57 109 93.0
57 190 17.0
57 131 17.0
58 7 90.0
58 24 66.0
58 31 24.0
58 51 7.0
58 53 3.0
58 59 16.0
58 65 89.0
58 81 92.0
58 117 15.0
58 120 27.0
58 139 46.0
58 140 36.0
58 142 27.0
58 168 45.0
59 7 55.0
59 24 82.0
59 53 3.0
59 58 68.0
59 90 65.0
59 140 95.0
59 168 27.0
60 17 75.0
60 25 58.0
60 35 95.0
60 86 74.0
60 146 56.0
60 165 82.0
60 8 46.0
60 32 41.0
60 98 33.0
60 113 36.0
60 119 4.0
60 128 21.0
60 143 20.0
61 20 24.0
61 22 31.0
61 29 99.0
61 33 76.0
61 41 12.0
61 91 2.0
61 96 9.0
61 101 42.0
61 125 14.0
61 127 23.0
61 153 77.0
61 171 34.0
61 176 41.0
61 185 87.0
61 193 74.0
62 12 14.0
62 26 24.0
62 70 55.0
63 2 5.0
63 5 71.0
63 38 24.0
63 43 34.0
63 57 37.0
63 95 19.0
63 109 62.0
63 121 86.0
63 134 52.0
63 150 95.0
63 191 39.0
64 9 59.0
64 42 13.0
64 66 97.0
64 88 42.0
64 94 54.0
64 104 31.0
64 105 51.0
64 116 60.0
64 118 11.0
64 122 39.0
64 157 39.0
64 175 23.0
64 183 99.0
64 184 72.0
64 198 73.0
65 34 59.0
65 51 12.0
65 58 33.0
65 67 89.0
65 69 24.0
65 81 85.0
65 120 67.0
65 139 78.0
65 140 7.0
65 142 53.0
65 148 23.0
65 156 61.0
65 173 57.0
65 177 33.0
65 186 99.0
65 189 28.0
66 28 29.0
66 42 21.0
66 45 55.0
66 50 10.0
66 64 18.0
66 80 47.0
66 89 92.0
66 92 95.0
66 94 74.0
66 103 87.0
66 104 54.0
66 105 83.0
66 116 36.0
66 124 7.0
66 132 39.0
66 169 12.0
66 183 7.0
66 184 10.0
66 198 75.0
67 34 78.0
67 51 79.0
67 52 46.0
67 65 18.0
67 139 67.0
67 148 26.0
67 156 18.0
67 173 1.0
67 186 61.0
68 6 64.0
68 25 46.0
68 31 90.0
68 46 17.0
68 86 76.0
68 102 83.0
68 115 54.0
68 123 20.0
68 142 92.0
68 146 13.0
68 165 30.0
69 4 92.0
69 51 99.0
69 52 1.0
69 65 35.0
69 81 72.0
69 97 56.0
69 102 16.0
69 120 41.0
69 123 24.0
69 139 45.0
69 141 12.0
69 142 1.0
69 155 41.0
69 156 52.0
69 173 9.0
69 189 72.0
70 12 45.0
70 13 43.0
70 26 80.0
70 62 50.0
70 133 64.0
71 14 1.0
71 17 65.0
71 19 14.0
71 145 96.0
71 181 94.0
71 190 77.0
71 195 83.0
71 197 16.0
72 93 75.0
72 15 81.0
72 75 41.0
72 106 92.0
72 108 44.0
72 151 30.0
73 13 39.0
73 29 42.0
73 74 70.0
73 79 52.0
73 91 54.0
73 96 84.0
73 101 40.0
73 127 70.0
73 153 34.0
73 159 42.0
73 176 73.0
73 178 13.0
73 185 16.0
73 200 46.0
74 73 82.0
74 75 55.0
74 79 74.0
74 158 51.0
74 178 20.0
74 200 88.0
75 93 83.0
75 15 77.0
75 72 41.0
75 74 65.0
75 106 80.0
75 108 6.0
75 151 39.0
75 158 21.0
75 159 97.0
75 178 76.0
75 194 63.0
76 6 99.0
76 16 65.0
76 24 91.0
76 31 28.0
76 53 45.0
76 90 74.0
76 111 55.0
76 117 21.0
76 168 20.0
76 170 71.0
76 20 14.0
76 33 7.0
76 174 43.0
77 40 93.0
77 54 67.0
77 85 78.0
77 100 14.0
77 109 17.0
77 110 29.0
77 138 38.0
77 162 91.0
77 180 7.0
78 126 99.0
78 147 41.0
78 160 74.0
78 164 41.0
78 32 40.0
78 56 29.0
78 98 82.0
78 113 95.0
78 119 40.0
78 143 58.0
78 161 31.0
78 187 45.0
78 192 38.0
79 13 31.0
79 29 96.0
79 56 43.0
79 73 3.0
79 74 73.0
79 91 66.0
79 96 48.0
79 101 36.0
79 127 18.0
79 153 35.0
79 159 19.0
79 176 9.0
79 178 38.0
79 185 1.0
79 200 20.0
80 1 43.0
80 3 1.0
80 28 56.0
80 42 77.0
80 45 23.0
80 50 40.0
80 66 43.0
80 82 64.0
80 89 57.0
80 94 10.0
80 103 70.0
80 104 27.0
80 124 8.0
80 130 18.0
80 132 29.0
80 169 52.0
80 198 91.0
81 31 63.0
81 34 84.0
81 51 10.0
81 58 50.0
81 65 48.0
81 69 98.0
81 102 37.0
81 115 50.0
81 120 87.0
81 139 6.0
81 140 13.0
81 141 52.0
81 142 42.0
81 156 82.0
81 173 1.0
81 189 22.0
82 3 65.0
82 28 35.0
82 45 92.0
82 80 21.0
82 89 80.0
82 104 99.0
82 131 3.0
82 188 59.0
82 196 30.0
83 37 27.0
83 40 79.0
83 44 70.0
83 55 68.0
83 99 90.0
83 112 44.0
83 136 63.0
83 138 31.0
83 144 82.0
83 152 5.0
83 180 35.0
83 195 99.0
83 114 35.0
84 10 69.0
84 30 90.0
84 48 29.0
84 49 5.0
84 154 62.0
84 183 63.0
84 196 59.0
85 11 18.0
85 23 52.0
85 47 38.0
85 77 8.0
85 87 35.0
85 100 94.0
85 107 22.0
85 110 97.0
85 135 61.0
85 137 51.0
85 162 1.0
85 179 13.0
86 17 54.0
86 25 61.0
86 35 46.0
86 46 58.0
86 60 33.0
86 68 31.0
86 115 88.0
86 123 42.0
86 146 10.0
86 165 50.0
87 11 12.0
87 23 52.0
87 85 75.0
87 100 79.0
88 9 42.0
88 10 52.0
88 30 96.0
88 42 11.0
88 48 11.0
88 64 93.0
88 116 48.0
88 122 70.0
88 154 4.0
88 157 63.0
88 175 31.0
88 183 40.0
89 1 58.0
89 3 47.0
89 28 65.0
89 42 52.0
89 45 20.0
89 50 71.0
89 66 57.0
89 80 52.0
89 82 68.0
89 94 64.0
89 103 55.0
89 104 58.0
89 124 80.0
89 130 97.0
89 132 2.0
89 169 85.0
89 198 64.0
90 16 84.0
90 24 2.0
90 53 74.0
90 59 26.0
90 76 36.0
90 111 65.0
90 117 62.0
90 168 20.0
90 170 52.0
91 13 25.0
91 29 6.0
91 41 78.0
91 61 81.0
91 73 95.0
91 79 93.0
91 96 52.0
91 101 60.0
91 125 12.0
91 127 28.0
91 153 75.0
91 171 51.0
91 176 4.0
91 185 70.0
91 193 98.0
91 200 22.0
92 27 18.0
92 50 27.0
92 66 10.0
92 94 17.0
92 103 14.0
92 105 27.0
92 116 51.0
92 118 44.0
92 124 82.0
92 149 34.0
92 167 12.0
92 169 33.0
92 184 42.0
92 198 29.0
93 27 46.0
93 149 40.0
93 167 46.0
93 15 41.0
93 72 19.0
93 75 15.0
93 106 67.0
93 108 40.0
93 151 18.0
94 45 12.0
94 50 49.0
94 64 44.0
94 66 26.0
94 80 95.0
94 89 26.0
94 92 80.0
94 103 61.0
94 104 84.0
94 105 51.0
94 116 28.0
94 118 7.0
94 124 86.0
94 132 36.0
94 167 44.0
94 169 75.0
94 184 84.0
94 198 18.0
95 2 27.0
95 5 45.0
95 38 2.0
95 43 59.0
95 57 80.0
95 63 75.0
95 109 78.0
95 134 34.0
95 150 95.0
95 191 36.0
95 131 25.0
96 20 31.0
96 22 36.0
96 29 93.0
96 33 24.0
96 41 69.0
96 61 84.0
96 73 23.0
96 79 37.0
96 91 29.0
96 101 9.0
96 125 9.0
96 127 4.0
96 153 91.0
96 171 12.0
96 174 86.0
96 176 28.0
96 185 49.0
96 192 67.0
96 193 76.0
97 4 30.0
97 18 98.0
97 52 59.0
97 69 12.0
97 102 52.0
97 114 31.0
97 129 38.0
97 141 48.0
97 155 50.0
97 166 24.0
97 173 47.0
97 189 89.0
98 6 19.0
98 25 30.0
98 35 69.0
98 60 99.0
98 146 94.0
98 20 35.0
98 32 69.0
98 33 32.0
98 78 15.0
98 113 36.0
98 119 98.0
98 128 8.0
98 143 36.0
98 161 32.0
98 174 75.0
98 192 7.0
98 193 1.0
99 37 94.0
99 44 17.0
99 83 49.0
99 107 61.0
99 110 98.0
99 135 44.0
99 136 20.0
99 137 35.0
99 138 57.0
99 179 86.0
100 11 10.0
100 23 68.0
100 47 89.0
100 77 89.0
100 85 2.0
100 87 11.0
100 107 1.0
100 110 55.0
100 135 16.0
100 137 42.0
100 162 35.0
101 13 80.0
101 22 80.0
101 29 12.0
101 41 57.0
101 61 82.0
101 73 49.0
101 79 75.0
101 91 10.0
101 96 76.0
101 125 42.0
101 127 19.0
101 153 70.0
101 171 58.0
101 176 87.0
101 185 32.0
102 4 88.0
102 18 98.0
102 68 10.0
102 69 36.0
102 81 56.0
102 97 5.0
102 120 82.0
102 123 71.0
102 141 83.0
102 142 5.0
102 155 99.0
102 173 6.0
102 189 35.0
103 45 56.0
103 50 92.0
103 66 85.0
103 80 55.0
103 89 25.0
103 92 29.0
103 94 25.0
103 104 79.0
103 105 77.0
103 118 90.0
103 124 7.0
103 126 13.0
103 132 73.0
103 149 85.0
103 163 3.0
103 164 58.0
103 167 84.0
103 169 51.0
103 184 99.0
103 198 70.0
104 3 64.0
104 28 86.0
104 42 11.0
104 45 11.0
104 50 32.0
104 64 71.0
104 66 40.0
104 80 12.0
104 82 70.0
104 89 78.0
104 94 8.0
104 103 67.0
104 105 19.0
104 116 73.0
104 124 43.0
104 132 81.0
104 169 14.0
104 183 68.0
104 198 55.0
105 9 81.0
105 27 17.0
105 64 12.0
105 66 94.0
105 92 12.0
105 94 91.0
105 103 82.0
105 104 50.0
105 116 69.0
105 118 16.0
105 124 61.0
105 157 98.0
105 175 46.0
105 184 51.0
105 198 81.0
106 93 33.0
106 15 57.0
106 72 53.0
106 75 81.0
106 108 45.0
106 151 24.0
106 158 79.0
106 178 92.0
106 194 55.0
107 40 78.0
107 44 47.0
107 47 61.0
107 85 57.0
107 99 27.0
107 100 74.0
107 110 41.0
107 135 23.0
107 136 78.0
107 137 89.0
107 138 7.0
107 162 82.0
107 179 16.0
108 27 10.0
108 93 77.0
108 149 34.0
108 167 18.0
108 15 37.0
108 72 20.0
108 75 20.0
108 106 4.0
108 151 11.0
109 2 34.0
109 5 78.0
109 38 83.0
109 43 8.0
109 54 72.0
109 57 13.0
109 63 37.0
109 77 99.0
109 95 70.0
109 121 83.0
109 134 40.0
109 150 92.0
109 162 91.0
109 191 47.0
110 23 83.0
110 40 81.0
110 47 85.0
110 77 9.0
110 85 89.0
110 99 22.0
110 100 95.0
110 107 29.0
110 135 60.0
110 137 76.0
110 138 91.0
110 162 21.0
110 179 21.0
111 16 46.0
111 24 49.0
111 53 27.0
111 76 32.0
111 90 31.0
111 117 1.0
111 168 26.0
111 170 61.0
111 125 32.0
112 14 33.0
112 19 21.0
112 37 77.0
112 55 48.0
112 83 57.0
112 152 9.0
112 180 69.0
112 181 73.0
112 195 42.0
112 18 82.0
112 114 96.0
113 60 16.0
113 29 12.0
113 32 20.0
113 56 28.0
113 78 72.0
113 98 58.0
113 119 62.0
113 143 8.0
113 159 49.0
113 161 33.0
113 187 26.0
113 192 17.0
113 193 39.0
114 37 62.0
114 55 94.0
114 83 59.0
114 112 57.0
114 144 92.0
114 152 85.0
114 195 97.0
114 4 13.0
114 18 76.0
114 97 21.0
114 129 55.0
114 166 89.0
114 199 75.0
115 6 34.0
115 24 17.0
115 25 13.0
115 31 61.0
115 46 81.0
115 68 68.0
115 81 48.0
115 86 93.0
115 117 82.0
115 123 16.0
115 142 56.0
115 146 2.0
115 168 63.0
115 128 85.0
115 174 61.0
116 9 15.0
116 42 77.0
116 64 21.0
116 66 12.0
116 88 60.0
116 92 72.0
116 94 16.0
116 104 37.0
116 105 31.0
116 118 53.0
116 122 19.0
116 157 82.0
116 175 72.0
116 183 75.0
116 184 53.0
116 198 68.0
117 6 21.0
117 16 87.0
117 24 75.0
117 31 14.0
117 53 26.0
117 58 44.0
117 76 81.0
117 90 48.0
117 111 95.0
117 115 58.0
117 140 33.0
117 168 95.0
117 170 42.0
117 20 72.0
117 174 41.0
118 9 7.0
118 27 16.0
118 64 20.0
118 92 89.0
118 94 94.0
118 103 42.0
118 105 67.0
118 116 25.0
118 124 93.0
118 157 31.0
118 175 87.0
118 184 71.0
119 35 21.0
119 60 90.0
119 8 34.0
119 39 54.0
119 147 60.0
119 160 73.0
119 32 85.0
119 78 20.0
119 98 45.0
119 113 25.0
119 143 94.0
119 161 51.0
119 187 15.0
119 192 14.0
120 4 80.0
120 31 75.0
120 34 93.0
120 51 20.0
120 58 21.0
120 65 25.0
120 69 58.0
120 81 54.0
120 102 32.0
120 139 28.0
120 140 2.0
120 141 56.0
120 142 65.0
120 155 16.0
120 156 18.0
120 173 13.0
120 189 17.0
121 63 51.0
121 109 2.0
121 134 76.0
121 150 24.0
121 191 78.0
122 9 44.0
122 30 39.0
122 48 9.0
122 64 61.0
122 88 63.0
122 116 57.0
122 154 60.0
122 157 5.0
122 175 37.0
122 183 51.0
123 25 27.0
123 31 53.0
123 46 30.0
123 68 39.0
123 69 86.0
123 86 97.0
123 102 5.0
123 115 91.0
123 141 78.0
123 142 4.0
123 146 17.0
123 165 66.0
124 45 63.0
124 50 60.0
124 66 91.0
124 80 37.0
124 89 65.0
124 92 60.0
124 94 45.0
124 103 53.0
124 104 69.0
124 105 59.0
124 118 12.0
124 126 17.0
124 130 21.0
124 132 40.0
124 149 52.0
124 163 72.0
124 164 73.0
124 167 77.0
124 169 76.0
124 184 13.0
124 198 7.0
125 16 5.0
125 111 88.0
125 170 24.0
125 20 77.0
125 22 63.0
125 29 20.0
125 33 59.0
125 41 79.0
125 61 3.0
125 91 92.0
125 96 44.0
125 101 32.0
125 127 40.0
125 171 35.0
125 174 60.0
125 176 6.0
125 185 85.0
125 193 10.0
126 39 46.0
126 50 38.0
126 103 35.0
126 124 87.0
126 130 85.0
126 132 98.0
126 147 30.0
126 149 94.0
126 160 18.0
126 163 92.0
126 164 42.0
126 167 76.0
126 172 28.0
126 78 77.0
127 20 39.0
127 22 6.0
127 29 10.0
127 33 37.0
127 41 26.0
127 61 46.0
127 73 14.0
127 79 7.0
127 91 98.0
127 96 86.0
127 101 85.0
127 125 7.0
127 153 33.0
127 171 72.0
127 176 19.0
127 185 42.0
127 192 1.0
127 193 3.0
128 6 30.0
128 25 8.0
128 46 72.0
128 60 86.0
128 115 23.0
128 146 91.0
128 20 77.0
128 33 61.0
128 98 28.0
128 171 58.0
128 174 60.0
128 192 94.0
128 193 95.0
129 55 87.0
129 144 5.0
129 4 43.0
129 18 55.0
129 36 76.0
129 52 72.0
129 97 12.0
129 114 14.0
129 141 11.0
129 155 51.0
129 166 14.0
129 199 59.0
130 197 2.0
130 1 29.0
130 39 33.0
130 45 44.0
130 50 7.0
130 80 97.0
130 89 15.0
130 124 6.0
130 126 62.0
130 132 7.0
130 147 88.0
130 160 44.0
130 163 9.0
130 164 62.0
130 169 31.0
130 172 22.0
131 2 63.0
131 5 58.0
131 21 60.0
131 38 58.0
131 43 40.0
131 57 78.0
131 95 85.0
131 82 79.0
132 1 32.0
132 28 80.0
132 45 72.0
132 50 21.0
132 66 62.0
132 80 30.0
132 89 25.0
132 94 73.0
132 103 40.0
132 104 64.0
132 124 69.0
132 126 88.0
132 130 96.0
132 163 44.0
132 169 81.0
132 172 99.0
132 198 10.0
133 13 15.0
133 70 39.0
133 153 65.0
134 2 29.0
134 38 81.0
134 43 29.0
134 63 42.0
134 95 57.0
134 109 27.0
134 121 59.0
134 150 96.0
134 191 85.0
135 40 82.0
135 44 68.0
135 47 22.0
135 85 45.0
135 99 51.0
135 100 73.0
135 107 31.0
135 110 30.0
135 136 62.0
135 137 17.0
135 138 66.0
135 162 28.0
135 179 91.0
136 37 3.0
136 40 89.0
136 44 21.0
136 55 55.0
136 83 75.0
136 99 87.0
136 107 28.0
136 135 12.0
136 137 78.0
136 138 98.0
136 144 33.0
136 152 60.0
136 179 2.0
136 180 4.0
137 44 71.0
137 47 51.0
137 85 43.0
137 99 51.0
137 100 37.0
137 107 30.0
137 110 24.0
137 135 33.0
137 136 71.0
137 138 67.0
137 162 38.0
137 179 23.0
138 37 73.0
138 40 6.0
138 44 56.0
138 54 27.0
138 77 34.0
138 83 64.0
138 99 94.0
138 107 53.0
138 110 81.0
138 135 5.0
138 136 7.0
138 137 45.0
138 152 32.0
138 162 67.0
138 179 93.0
138 180 61.0
139 34 67.0
139 51 89.0
139 58 4.0
139 65 81.0
139 67 66.0
139 69 56.0
139 81 58.0
139 120 69.0
139 140 13.0
139 142 86.0
139 155 56.0
139 156 82.0
139 173 9.0
139 186 72.0
139 189 84.0
140 7 41.0
140 24 69.0
140 31 49.0
140 34 39.0
140 51 40.0
140 53 6.0
140 58 51.0
140 59 43.0
140 65 62.0
140 81 78.0
140 117 52.0
140 120 71.0
140 139 25.0
140 142 70.0
140 168 51.0
141 4 95.0
141 18 23.0
141 69 24.0
141 81 83.0
141 97 18.0
141 102 11.0
141 120 11.0
141 123 88.0
141 129 9.0
141 155 78.0
141 173 1.0
141 189 68.0
142 31 39.0
142 34 2.0
142 46 60.0
142 51 81.0
142 58 67.0
142 65 94.0
142 68 55.0
142 69 31.0
142 81 70.0
142 102 50.0
142 115 7.0
142 120 75.0
142 123 5.0
142 139 11.0
142 140 36.0
142 156 96.0
142 173 5.0
142 189 49.0
143 17 42.0
143 35 8.0
143 60 19.0
143 146 64.0
143 8 54.0
143 39 69.0
143 147 96.0
143 160 22.0
143 32 79.0
143 78 16.0
143 98 38.0
143 113 77.0
143 119 50.0
143 161 53.0
144 37 41.0
144 44 40.0
144 55 10.0
144 83 14.0
144 136 35.0
144 36 85.0
144 114 5.0
144 129 91.0
144 166 69.0
144 199 61.0
145 14 80.0
145 17 80.0
145 19 35.0
145 21 61.0
145 71 58.0
145 181 56.0
145 190 68.0
145 197 43.0
146 6 42.0
146 25 45.0
146 35 52.0
146 46 73.0
146 60 4.0
146 68 94.0
146 86 30.0
146 115 92.0
146 123 81.0
146 165 53.0
146 20 35.0
146 33 65.0
146 98 87.0
146 128 26.0
146 143 72.0
146 174 57.0
146 192 30.0
146 193 47.0
147 197 26.0
147 8 63.0
147 39 24.0
147 126 45.0
147 130 95.0
147 160 48.0
147 163 38.0
147 164 15.0
147 172 67.0
147 32 33.0
147 78 5.0
147 119 73.0
147 143 67.0
147 161 77.0
148 34 32.0
148 65 58.0
148 67 88.0
148 156 55.0
148 177 69.0
148 182 63.0
148 186 42.0
149 92 34.0
149 93 8.0
149 103 11.0
149 124 71.0
149 126 83.0
149 164 59.0
149 167 43.0
149 184 63.0
149 15 32.0
149 108 18.0
149 151 6.0
149 194 82.0
150 2 2.0
150 38 73.0
150 43 76.0
150 63 12.0
150 95 7.0
150 109 69.0
150 121 48.0
150 134 1.0
150 191 8.0
151 93 97.0
151 149 44.0
151 15 80.0
151 72 49.0
151 75 32.0
151 106 72.0
151 108 1.0
151 158 78.0
151 178 86.0
151 194 96.0
152 37 1.0
152 40 92.0
152 55 8.0
152 83 77.0
152 112 57.0
152 136 86.0
152 138 95.0
152 180 28.0
152 181 59.0
152 195 1.0
152 114 47.0
153 13 61.0
153 22 85.0
153 29 2.0
153 41 14.0
153 61 64.0
153 73 57.0
153 79 17.0
153 91 85.0
153 96 11.0
153 101 26.0
153 127 64.0
153 133 50.0
153 176 70.0
153 185 24.0
153 200 75.0
154 10 39.0
154 30 18.0
154 48 46.0
154 49 33.0
154 84 38.0
154 88 20.0
154 122 68.0
155 4 81.0
155 18 91.0
155 52 16.0
155 69 26.0
155 97 43.0
155 102 2.0
155 120 84.0
155 129 43.0
155 139 20.0
155 141 51.0
155 156 69.0
155 166 26.0
155 173 19.0
155 189 84.0
156 34 34.0
156 51 56.0
156 52 40.0
156 65 76.0
156 67 54.0
156 69 69.0
156 81 38.0
156 120 15.0
156 139 44.0
156 142 38.0
156 148 22.0
156 155 76.0
156 173 16.0
156 186 93.0
156 189 27.0
157 9 87.0
157 27 72.0
157 48 63.0
157 64 37.0
157 88 53.0
157 105 91.0
157 116 39.0
157 118 51.0
157 122 76.0
157 175 41.0
157 183 89.0
158 15 53.0
158 56 32.0
158 74 28.0
158 75 87.0
158 106 17.0
158 151 92.0
158 159 23.0
158 178 47.0
158 194 35.0
159 56 1.0
159 73 45.0
159 75 64.0
159 79 6.0
159 113 69.0
159 158 46.0
159 161 98.0
159 178 53.0
159 187 56.0
159 194 9.0
160 197 73.0
160 1 1.0
160 8 45.0
160 39 43.0
160 126 58.0
160 130 3.0
160 147 21.0
160 163 22.0
160 164 25.0
160 172 92.0
160 32 51.0
160 78 14.0
160 119 36.0
160 143 82.0
161 147 89.0
161 32 57.0
161 56 66.0
161 78 46.0
161 98 40.0
161 113 84.0
161 119 39.0
161 143 2.0
161 159 3.0
161 187 74.0
161 192 47.0
161 193 91.0
162 40 16.0
162 54 79.0
162 77 52.0
162 85 5.0
162 100 79.0
162 107 97.0
162 109 57.0
162 110 65.0
162 135 44.0
162 137 31.0
162 138 93.0
163 1 29.0
163 8 37.0
163 39 56.0
163 50 32.0
163 103 95.0
163 124 57.0
163 126 5.0
163 130 79.0
163 132 46.0
163 147 77.0
163 160 9.0
163 164 9.0
163 172 44.0
164 50 73.0
164 103 11.0
164 124 88.0
164 126 52.0
164 130 44.0
164 147 97.0
164 149 75.0
164 160 7.0
164 163 12.0
164 167 21.0
164 172 81.0
164 78 83.0
165 17 51.0
165 35 17.0
165 46 56.0
165 60 65.0
165 68 57.0
165 86 30.0
165 123 20.0
165 146 9.0
166 144 49.0
166 4 73.0
166 36 16.0
166 52 41.0
166 97 14.0
166 114 13.0
166 129 5.0
166 155 3.0
166 199 88.0
167 92 95.0
167 93 75.0
167 94 65.0
167 103 49.0
167 124 76.0
167 126 9.0
167 149 98.0
167 164 70.0
167 184 99.0
167 15 78.0
167 108 4.0
167 194 20.0
168 16 4.0
168 24 83.0
168 31 93.0
168 53 26.0
168 58 24.0
168 59 52.0
168 76 78.0
168 90 28.0
168 111 41.0
168 115 69.0
168 117 33.0
168 140 48.0
168 170 11.0
169 1 45.0
169 28 74.0
169 42 48.0
169 45 79.0
169 50 31.0
169 66 14.0
169 80 58.0
169 89 53.0
169 92 30.0
169 94 32.0
169 103 38.0
169 104 17.0
169 124 98.0
169 130 79.0
169 132 98.0
169 184 80.0
169 198 23.0
170 16 60.0
170 24 91.0
170 53 19.0
170 76 91.0
170 90 85.0
170 111 78.0
170 117 28.0
170 168 48.0
170 125 20.0
171 6 31.0
171 20 9.0
171 22 46.0
171 29 69.0
171 33 7.0
171 41 12.0
171 61 36.0
171 91 60.0
171 96 37.0
171 101 54.0
171 125 85.0
171 127 62.0
171 128 97.0
171 174 21.0
171 176 57.0
171 185 17.0
171 192 42.0
171 193 25.0
172 197 97.0
172 1 96.0
172 8 31.0
172 39 73.0
172 126 13.0
172 130 94.0
172 132 66.0
172 147 45.0
172 160 4.0
172 163 30.0
172 164 96.0
172 32 24.0
173 4 41.0
173 34 90.0
173 51 60.0
173 52 78.0
173 65 43.0
173 67 72.0
173 69 63.0
173 81 8.0
173 97 9.0
173 102 49.0
173 120 66.0
173 139 85.0
173 141 3.0
173 142 81.0
173 155 51.0
173 156 47.0
173 189 98.0
174 6 40.0
174 16 45.0
174 25 70.0
174 76 62.0
174 115 85.0
174 117 91.0
174 146 80.0
174 20 10.0
174 29 89.0
174 33 5.0
174 96 7.0
174 98 46.0
174 125 19.0
174 128 99.0
174 171 73.0
174 192 34.0
174 193 37.0
175 9 33.0
175 27 84.0
175 64 86.0
175 88 8.0
175 105 18.0
175 116 13.0
175 118 75.0
175 122 76.0
175 157 31.0
176 20 38.0
176 22 48.0
176 29 28.0
176 33 76.0
176 41 25.0
176 61 19.0
176 73 97.0
176 79 85.0
176 91 55.0
176 96 79.0
176 101 10.0
176 125 87.0
176 127 39.0
176 153 74.0
176 171 61.0
176 185 38.0
176 193 48.0
177 7 62.0
177 34 89.0
177 51 85.0
177 65 89.0
177 148 53.0
177 182 47.0
177 186 31.0
178 56 60.0
178 73 2.0
178 74 16.0
178 75 60.0
178 79 56.0
178 106 43.0
178 151 82.0
178 158 45.0
178 159 39.0
178 194 69.0
178 200 58.0
179 44 50.0
179 47 49.0
179 85 95.0
179 99 21.0
179 107 51.0
179 110 78.0
179 135 87.0
179 136 78.0
179 137 2.0
179 138 6.0
180 37 43.0
180 40 37.0
180 54 47.0
180 77 39.0
180 83 21.0
180 112 73.0
180 136 95.0
180 138 67.0
180 152 3.0
180 181 61.0
180 190 54.0
180 195 73.0
181 14 8.0
181 19 87.0
181 40 18.0
181 71 30.0
181 112 48.0
181 145 59.0
181 152 83.0
181 180 36.0
181 190 67.0
181 195 47.0
182 7 6.0
182 34 94.0
182 148 32.0
182 177 46.0
182 186 2.0
183 10 42.0
183 30 40.0
183 42 91.0
183 48 2.0
183 49 74.0
183 64 19.0
183 66 67.0
183 84 69.0
183 88 8.0
183 104 54.0
183 116 74.0
183 122 15.0
183 157 19.0
183 196 48.0
183 198 13.0
184 9 12.0
184 27 89.0
184 50 34.0
184 64 70.0
184 66 34.0
184 92 64.0
184 94 17.0
184 103 24.0
184 105 51.0
184 116 98.0
184 118 95.0
184 124 24.0
184 149 80.0
184 167 31.0
184 169 99.0
184 198 20.0
185 13 20.0
185 22 69.0
185 29 79.0
185 41 5.0
185 61 81.0
185 73 15.0
185 79 98.0
185 91 60.0
185 96 24.0
185 101 91.0
185 125 19.0
185 127 61.0
185 153 83.0
185 171 49.0
185 176 7.0
185 200 96.0
186 7 26.0
186 34 51.0
186 51 63.0
186 65 3.0
186 67 65.0
186 139 32.0
186 148 49.0
186 156 14.0
186 177 71.0
186 182 28.0
187 32 85.0
187 56 35.0
187 78 8.0
187 113 49.0
187 119 1.0
187 159 32.0
187 161 80.0
187 192 53.0
187 194 44.0
188 3 26.0
188 28 20.0
188 82 35.0
188 196 10.0
189 4 36.0
189 34 67.0
189 51 19.0
189 52 82.0
189 65 2.0
189 69 50.0
189 81 51.0
189 97 85.0
189 102 56.0
189 120 71.0
189 139 95.0
189 141 98.0
189 142 68.0
189 155 13.0
189 156 74.0
189 173 23.0
190 5 7.0
190 14 3.0
190 19 4.0
190 21 94.0
190 57 27.0
190 71 15.0
190 145 22.0
190 180 57.0
190 181 60.0
191 2 46.0
191 38 31.0
191 43 98.0
191 63 34.0
191 95 71.0
191 109 70.0
191 121 88.0
191 134 17.0
191 150 71.0
192 6 10.0
192 146 36.0
192 20 5.0
192 29 32.0
192 32 24.0
192 33 28.0
192 78 1.0
192 96 33.0
192 98 86.0
192 113 56.0
192 119 74.0
192 127 63.0
192 128 48.0
192 161 31.0
192 171 69.0
192 174 80.0
192 187 47.0
192 193 78.0
193 6 64.0
193 25 60.0
193 146 84.0
193 20 26.0
193 29 53.0
193 33 95.0
193 61 83.0
193 91 93.0
193 96 19.0
193 98 79.0
193 113 95.0
193 125 73.0
193 127 35.0
193 128 26.0
193 161 10.0
193 171 28.0
193 174 97.0
193 176 17.0
193 192 17.0
194 149 90.0
194 167 44.0
194 15 91.0
194 56 74.0
194 75 85.0
194 106 61.0
194 151 74.0
194 158 9.0
194 159 36.0
194 178 31.0
194 187 82.0
195 14 15.0
195 19 95.0
195 37 65.0
195 55 88.0
195 71 45.0
195 83 40.0
195 112 33.0
195 152 65.0
195 180 54.0
195 181 35.0
195 18 52.0
195 114 13.0
196 3 68.0
196 10 25.0
196 30 62.0
196 42 69.0
196 49 42.0
196 82 27.0
196 84 28.0
196 183 76.0
196 188 2.0
197 14 47.0
197 17 72.0
197 19 34.0
197 71 85.0
197 145 8.0
197 1 33.0
197 8 68.0
197 39 5.0
197 130 58.0
197 147 74.0
197 160 21.0
197 172 16.0
198 28 23.0
198 42 60.0
198 45 12.0
198 50 14.0
198 64 72.0
198 66 20.0
198 80 24.0
198 89 2.0
198 92 2.0
198 94 83.0
198 103 29.0
198 104 88.0
198 105 73.0
198 116 73.0
198 124 40.0
198 132 86.0
198 169 10.0
198 183 84.0
198 184 14.0
199 144 67.0
199 36 15.0
199 52 31.0
199 114 86.0
199 129 27.0
199 166 86.0
200 13 12.0
200 73 60.0
200 74 10.0
200 79 79.0
200 91 61.0
200 153 56.0
200 178 53.0
200 185 12.0
