137 651
139 992
2 620
3 189
141 661
4 707
140 937
6 467
7 706
8 885
129 184
128 488
10 593
130 426
133 593
14 371
135 8
134 192
152 698
19 326
18 835
156 798
21 481
157 572
158 146
24 355
27 776
26 240
147 37
28 346
150 43
151 566
171 135
34 435
170 952
32 346
168 532
38 133
174 860
42 398
163 999
162 976
161 758
40 138
160 421
41 263
167 850
166 348
45 56
51 626
187 349
185 207
55 81
191 586
54 560
53 447
178 821
59 829
179 947
58 498
57 731
176 369
56 863
63 914
60 15
68 957
70 775
64 240
66 726
197 507
77 428
196 858
78 670
193 338
73 44
74 205
194 129
85 680
84 887
87 758
81 391
94 349
89 381
88 761
91 892
103 98
100 87
101 461
98 533
96 96
108 217
116 927
114 802
113 646
112 632
125 907
123 97
122 74
121 198
120 665
