145.20118011846043 135.74880883011326 0.0
197.28955568621376 62.86834604041154 0.0
194.2781479413095 157.58824780725763 0.0
135.85100912121774 197.82013023813997 0.0
92.99439884336248 9.137302030783268 0.0
100.88438807342395 76.92226702451153 0.0
145.6417099703006 83.69536555993089 0.0
77.6105363639904 101.26789752870498 0.0
50.548087663950355 104.14349214258287 0.0
6.272837233306605 98.79067981581872 0.0
74.66768269810935 42.59718473066998 0.0
194.3538635333449 119.18851477833047 0.0
62.84956731317053 59.16949875946431 0.0
57.73664635796174 66.17353622423879 0.0
121.53753171331489 199.45015720104956 0.0
40.03537874467209 151.28294579714333 0.0
162.16094410504044 168.6266869622065 0.0
182.9532115356489 134.93064960381955 0.0
41.23445398966974 134.74395931731894 0.0
150.4076386605323 58.07492880290832 0.0
192.19224302170073 4.418713329118784 0.0
145.29678813744314 61.82268503462072 0.0
8.240194274605251 161.3961076489767 0.0
100.16264357441511 142.48617622840888 0.0
6.017277776340868 61.65551347965952 0.0
171.6402122819473 96.05338145642217 0.0
176.61522343614817 138.34315434787982 0.0
123.46427164720515 68.72848524708257 0.0
113.51338655887426 185.6295156681117 0.0
43.938331091252 49.14434186668393 0.0
96.24342125869865 162.65970080395928 0.0
11.15305595126339 113.04396586175167 0.0
104.10640133487654 187.08529416394376 0.0
192.87443454405806 62.67354664606337 0.0
136.0225678557188 172.2365256630856 0.0
47.9045662081272 90.82468355331406 0.0
20.601989835475475 102.8139424656494 0.0
181.8509288327521 43.40891569309014 0.0
114.78191284965251 141.04900778862714 0.0
2.622690633446445 154.64293674527997 0.0
109.88472469766155 8.603402436436113 0.0
19.60549485651766 185.36813254583245 0.0
190.70799684702305 199.04715960375435 0.0
35.348976957148224 107.72344968974237 0.0
26.266032303752553 141.57598023472423 0.0
189.73397324738954 48.33596527507229 0.0
110.06008823634465 58.69847672800679 0.0
33.96939210743988 127.3886607975313 0.0
13.262341506810227 138.9443521830519 0.0
135.4012717153972 112.37041504599677 0.0
165.9563487420341 180.21487315157626 0.0
143.99965217606186 43.00846003383003 0.0
39.58466674712937 50.21725419544458 0.0
187.52145117308643 177.82880643351703 0.0
68.01211013346746 157.49495405442312 0.0
104.73044788073041 162.9855509316546 0.0
115.12084292858489 29.886132574870405 0.0
174.68837136218394 30.4452204236799 0.0
173.61142171596813 56.81286422123999 0.0
55.013742474154846 95.30768206599829 0.0
62.69168977332467 67.62400791536895 0.0
3.138024130487582 40.99038567639985 0.0
181.59314520462672 90.28496266926393 0.0
121.97148966731122 56.19807404277044 0.0
71.36238411835474 163.0277896873391 0.0
145.02387398698633 19.04539768953777 0.0
39.132868366447916 56.14560167308682 0.0
155.9079112634548 11.395189987783372 0.0
7.090206113795583 1.9353036713867677 0.0
23.286427960607938 90.42040975176032 0.0
62.60185591719632 27.86321162963279 0.0
24.70667461997178 44.593183040497465 0.0
106.49001676251049 41.34827130933401 0.0
131.3983022365342 17.749601249213388 0.0
123.18431352878424 24.12798931896212 0.0
130.9941588083851 197.57422397207466 0.0
129.49860444867844 159.99249270697763 0.0
176.2660269669916 33.793693873313856 0.0
198.03418194345815 41.74239845465109 0.0
65.35009445531821 76.5639783574573 0.0
96.7192623653609 81.54650961010177 0.0
182.56984331941206 106.9812244371447 0.0
37.752753441903295 83.44576368812962 0.0
158.84683318995693 169.3414826146219 0.0
187.22774193921526 27.569936013339436 0.0
146.822705846665 8.719810575087461 0.0
150.96832915163992 62.704207193861784 0.0
148.198437803498 67.63465406805473 0.0
22.62092777112754 107.16277593675466 0.0
79.42983513933906 2.0087119104924778 0.0
156.7991811306239 117.49713896429326 0.0
16.800942923439543 39.33270074087556 0.0
13.089389621729497 0.38694434194705973 0.0
123.02994890815609 20.88392147590494 0.0
5.981057083934815 115.13160507574698 0.0
124.94491621344184 45.04667646346911 0.0
91.29517037161794 142.48123472662806 0.0
85.39950602568211 60.22699907356348 0.0
21.44048717811642 180.1157095245398 0.0
192.48168629289006 143.54943359200632 0.0
9.835937173035326 65.90101344446349 0.0
175.20120343412765 145.46893351475393 0.0
159.09515614302575 127.1223557799726 0.0
147.22441358048778 80.62621445436586 0.0
28.07684727224831 7.213823194371316 0.0
178.85792782806732 101.72028565887001 0.0
139.66256585308574 131.07459964938874 0.0
102.36524955660697 105.86713530695431 0.0
64.131328735074 135.8822725836169 0.0
166.8334839752569 191.85884107623494 0.0
152.25823518652012 16.383801487424577 0.0
176.189920091148 111.93282031121288 0.0
37.772051558867716 11.965300331578765 0.0
67.60126433147622 143.10602574565198 0.0
80.56472344922612 197.37187381499533 0.0
117.37084571130096 40.82444080342511 0.0
180.0532819528417 129.76920740980475 0.0
97.58221608524538 131.6233627845695 0.0
52.35270777058645 151.9088764551334 0.0
149.12019257049005 151.68937117301385 0.0
135.42596828571868 54.47961274045707 0.0
85.33324197613706 144.66016848853263 0.0
163.1353158212579 160.29716435413866 0.0
95.48399530509933 194.69375387584464 0.0
132.1267082692219 108.80562293075371 0.0
178.2673656905588 189.78379399001295 0.0
74.7370739003397 91.43339830968688 0.0
103.05866358387408 185.4932281110916 0.0
146.62192054443153 16.667468523052253 0.0
70.18688311534585 70.72363614526252 0.0
39.558607666965884 68.27960440284615 0.0
121.41108655228685 124.83302081086731 0.0
37.88842835403805 160.95883912365542 0.0
137.91075425711716 99.36014200289713 0.0
151.3184183108223 94.67458788529899 0.0
155.48361568432335 57.80869768454002 0.0
77.31170843206468 162.4151803207969 0.0
125.27747647924414 163.39010347854494 0.0
73.05293551162531 175.51693947278432 0.0
153.2651536550223 117.31881021984307 0.0
149.98310667140467 136.61918326477064 0.0
62.804692374269266 19.199482980542438 0.0
143.15615955125017 112.35083697804458 0.0
42.00959547355423 46.24069018909995 0.0
153.17717386296607 36.17474919217181 0.0
161.2868071962942 129.4749697534665 0.0
10.240071576803867 6.385965170911323 0.0
76.28291356516577 142.8606111713923 0.0
167.7904692603694 135.0806672177932 0.0
67.61181999734298 15.085595601335289 0.0
197.5970901056603 150.98274338776915 0.0
111.12007492724614 24.089653575613724 0.0
28.52302251689336 162.3352086999911 0.0
121.0786538230329 140.7655963462219 0.0
48.04587347015803 45.63414950536049 0.0
63.57307459726189 50.99638985722383 0.0
168.5837287329246 41.80298528154065 0.0
98.49622040399657 4.129807450977974 0.0
149.94160771217895 113.47537897500351 0.0
75.93136743513182 111.18777260724538 0.0
64.70090441350975 45.37521281703416 0.0
186.3454853268789 147.55281741471433 0.0
195.13215562123094 154.35255451649542 0.0
143.89585877815037 102.5693943603832 0.0
58.21928950507793 16.454705937100968 0.0
168.28575869053915 62.443139057529784 0.0
69.64122877799403 15.48181904508894 0.0
22.987808986721213 113.01638408163424 0.0
178.06471884058436 170.79685423897828 0.0
66.28646680046941 5.443668496734455 0.0
27.859843558012365 11.729969316285981 0.0
76.47380796866123 140.48621795674399 0.0
41.35770196854327 31.73773945082261 0.0
123.66569100181997 196.08965467815617 0.0
51.02736451852241 77.54792858916497 0.0
178.08815532882662 48.10466027204681 0.0
157.45720473065802 106.84078612032306 0.0
68.3166710895148 115.45540903164057 0.0
140.78332906787466 82.5883156307662 0.0
32.833809682402084 98.75610157823273 0.0
11.21584623154308 162.99305004070882 0.0
44.403534063873565 75.32109285327546 0.0
148.57131958763642 193.03835620818765 0.0
129.14324724895351 63.70954419624879 0.0
151.22775837164596 6.982529514132341 0.0
50.80755742893168 77.3907240665982 0.0
191.6761380015932 10.699315414760768 0.0
185.68040071616537 149.81148288836792 0.0
158.85039460255334 128.5876260172616 0.0
174.60513690479246 32.092724574039536 0.0
156.6755474716208 71.84384449845503 0.0
6.06495441536985 39.77693224274963 0.0
23.781497822886877 13.2100872149995 0.0
157.85872453783492 56.49424670841099 0.0
41.08779002104577 137.8823534836551 0.0
104.80030239835662 190.10982624278387 0.0
101.97250066292753 181.08267660633658 0.0
86.00206652253593 20.860488236979613 0.0
133.99617307767238 159.86973917946636 0.0
117.68630687677044 181.1841026643029 0.0
81.65959340814808 60.08275224652733 0.0
36.100856217002494 163.39030744362714 0.0
86.43194714813896 48.88367076277591 0.0
59.998212787417415 164.0166485981208 0.0
33.293740260373305 49.18311058830547 0.0
173.2701868002694 42.65934327128937 0.0
172.29673334311116 34.3057580588763 0.0
145.71292300001323 98.2634003694758 0.0
69.15083299314774 179.57122871249578 0.0
33.52996226682499 147.30190883680513 0.0
90.6057810795035 42.036734672421794 0.0
131.06385433012656 125.96984418729298 0.0
188.40331783432697 30.46824757969393 0.0
181.37953646747926 132.46289459280888 0.0
109.83321484145667 174.67703324558843 0.0
195.7056906325601 75.60716162101005 0.0
133.43445632026572 6.678932391382952 0.0
80.37287151237228 102.55096882030641 0.0
5.140644203577693 25.703901387484883 0.0
24.770242707109723 140.92524686637455 0.0
133.17652168194877 134.90377238810802 0.0
64.97540328884983 9.824265532967736 0.0
89.27028556735746 9.676374456924686 0.0
5.094661256486699 29.15390993341298 0.0
59.25420624637816 185.84461263527078 0.0
151.98393372221045 88.33984896689245 0.0
87.8839087195118 140.49931185713538 0.0
98.90326180217508 123.08341970228977 0.0
170.71439687229997 179.13495181195813 0.0
79.79070027914847 92.7982147723396 0.0
60.128814777689364 139.77779365300557 0.0
8.224227169519093 51.555765055250234 0.0
73.12367585997033 178.12618381442618 0.0
13.773015357586882 161.81404704572003 0.0
15.212136280550626 7.293052877007056 0.0
93.32241813560603 112.8977239553721 0.0
167.81471478485653 131.56110047393616 0.0
6.08956496796309 175.1444987689231 0.0
125.76464959638398 35.631292488457134 0.0
158.42953847973 45.82715295299058 0.0
117.06286654090931 169.16578567906782 0.0
148.16473997815257 124.40623416578582 0.0
88.77544256132741 100.99653702028417 0.0
68.0529193026735 92.36361828296 0.0
100.97416327643698 8.19128525743249 0.0
4.142198105570172 66.81250501312441 0.0
34.87859324869093 112.23886638784542 0.0
7.1441673644746295 147.2747139783914 0.0
91.86600613670794 177.93616055516878 0.0
163.58892711062117 81.46148004462712 0.0
36.77314764615205 150.1291774236119 0.0
48.408925915640765 38.58922243670047 0.0
21.921782808518707 19.28130559879586 0.0
1.7309969442296458 97.70710693560854 0.0
117.5576847626538 78.91181018145666 0.0
140.03901214298594 33.70849117581069 0.0
169.9006347058608 66.26820283303185 0.0
185.50236518093183 115.14374239820147 0.0
109.76064518306869 62.16626355051484 0.0
77.14813351145237 115.64711714135369 0.0
142.6836828076132 66.7518825802111 0.0
113.68787133619726 184.7357926220842 0.0
165.84771606280682 65.00921354271489 0.0
70.19249331669373 23.93436743700752 0.0
77.43791461488476 149.1598372108305 0.0
129.44175310702718 170.62362492229278 0.0
170.98754841821102 74.66813478987098 0.0
173.657522002451 104.70740846730547 0.0
140.17898610463624 92.38815070050973 0.0
193.46288122925412 162.1370241216545 0.0
158.85697304504723 21.457755005713054 0.0
88.29193279878997 64.52775001331463 0.0
46.51421416289638 105.86607519138641 0.0
156.10796701443775 55.54736959277393 0.0
81.26706989708782 32.190566952822984 0.0
100.170429132314 172.45202838458064 0.0
180.34700294338927 176.82033460474037 0.0
16.72406293941824 75.08987652256513 0.0
132.39124980651476 98.05271558670381 0.0
169.86624895337613 104.88848003344154 0.0
136.3239185401258 91.77035861066155 0.0
8.481495612481726 52.78708477484146 0.0
78.37665420430866 88.976420841958 0.0
35.014830218037105 77.77028490940332 0.0
161.80570757384135 89.28574339283361 0.0
196.98855893977967 136.60487781919653 0.0
93.12011367873735 96.5402671438461 0.0
39.549849725018206 160.57704600306215 0.0
24.14350239303826 151.0371618857571 0.0
130.96920367350376 46.472258315054574 0.0
50.98987715279435 137.42855438287276 0.0
52.89287037156398 116.73569015550925 0.0
79.04142355289667 188.1719737288841 0.0
133.28495132767907 47.69615238831126 0.0
77.27441957392611 99.48098928160782 0.0
92.37782667672185 164.93198654724625 0.0
165.7868714466441 30.045815729517567 0.0
70.58229695528293 61.302491541185034 0.0
7.139553307943736 62.36396404545263 0.0
112.19166857257204 105.86399327452139 0.0
5.129763946247112 172.3413619841859 0.0
89.84686602545501 180.83478313793862 0.0
53.875060233374825 174.8946431120313 0.0
72.11234115785142 108.96859713467532 0.0
25.591909109003417 91.60559554510692 0.0
60.14554370090681 115.14149738324586 0.0
37.21215168453702 121.04917790660696 0.0
49.3253593197432 103.65250322200687 0.0
193.987842822587 183.23671670645894 0.0
107.8378432444119 126.6834236213344 0.0
172.49297472970605 56.6862033629769 0.0
6.600308400236665 169.55883498539902 0.0
75.93831001431258 29.952073010440294 0.0
83.53776910738814 84.8923402639566 0.0
71.47340487743384 149.01693760736325 0.0
80.10837037040388 170.4006372742225 0.0
2.1577058861262044 157.76826137980913 0.0
49.107419077711675 104.11217352706137 0.0
55.540413732847036 100.85312648160374 0.0
100.16230354654554 125.892527960376 0.0
66.2966543109726 86.5246876391047 0.0
122.96356762872827 85.6539371301549 0.0
132.1252114638468 91.6640544653794 0.0
108.15997382143678 66.31172956821938 0.0
130.12104432239448 131.98185751088008 0.0
71.97849421811196 133.49569519344828 0.0
35.09345706938787 17.47388304529329 0.0
83.01275070568366 164.21978461478759 0.0
61.80872716498784 66.52559047183205 0.0
88.25629420818795 63.158794293180435 0.0
179.89376462196466 161.6305932248337 0.0
140.34006731809748 187.87609519495854 0.0
83.14513672304076 195.50847674875737 0.0
39.06593764648585 73.29159647940156 0.0
34.245755263114795 78.4777291480421 0.0
117.7112951974407 170.87468737151025 0.0
151.39909390950763 56.25974350724769 0.0
128.21229122639832 99.492005410205 0.0
55.14892633743476 121.96025678382318 0.0
109.21623754479964 42.535315572766464 0.0
151.66003846113688 196.79489372641953 0.0
157.1264267812401 19.900015916576752 0.0
192.99354721078362 101.19573017336847 0.0
162.64551544857602 13.580225601379748 0.0
125.41792040969835 141.25623165852699 0.0
23.95635861589238 132.09150017569627 0.0
13.554878490143164 195.0420478951919 0.0
2.562030001946769 161.62781811682083 0.0
11.167031928030745 99.11566071849643 0.0
148.93956730199852 170.8045368027796 0.0
138.65192568092638 107.69304142408183 0.0
92.54481211768673 111.03446413989862 0.0
22.815031192365186 25.170875152810424 0.0
164.33848651356658 186.029521371273 0.0
156.2520076079255 97.33315270649277 0.0
199.8864861635718 151.6156801692083 0.0
41.67834210209753 87.3663209019677 0.0
57.22023155279026 50.994267813939764 0.0
0.8023521258077704 159.88242921763697 0.0
76.02558322733461 190.77799343398644 0.0
47.84526941531655 49.47006041699162 0.0
3.36183405979531 19.575394348945217 0.0
54.57002477732394 99.86311021407622 0.0
115.99496142682901 183.59267060059997 0.0
66.68804741393109 125.63787363084622 0.0
180.5621795997357 2.6672316956887654 0.0
70.77138653386032 70.41904883835099 0.0
110.16763314936824 135.3425972437801 0.0
156.30502605613682 113.89581478185136 0.0
99.64196477501123 83.03950103088809 0.0
69.2723549840614 14.51919759584821 0.0
51.58113891672003 21.07356335621491 0.0
11.674315548077896 65.57246937310475 0.0
41.41288992754042 38.2149860386197 0.0
5.640732160378414 89.37646295520518 0.0
12.121849716110189 16.68118111285095 0.0
11.300088822095278 197.71216523767336 0.0
37.89731020154472 90.89852548097485 0.0
64.33179141288493 6.113092517458019 0.0
150.85033004313667 86.06470357456215 0.0
182.13282262028255 5.5004013650713945 0.0
86.07968173118348 156.48847762734533 0.0
76.78847741729788 66.70393179767065 0.0
167.74910922427526 18.878977998117175 0.0
8.544702002714555 181.73271716634875 0.0
132.47092290548377 107.20196657772078 0.0
15.237347651552092 130.2287602578522 0.0
166.17401859685356 63.415803927219905 0.0
61.1414645087212 0.35829414551369343 0.0
16.767070688271634 22.345170596489126 0.0
162.96161091798282 190.46492591572573 0.0
137.29044956475374 149.145943142599 0.0
71.19190133999173 71.12948434240718 0.0
12.883413040309843 44.259856693876664 0.0
11.83241955767027 96.85161482802611 0.0
129.77565583505103 143.45300247208954 0.0
126.4563052049264 22.388579866494428 0.0
55.64534778124659 109.47743200233265 0.0
187.8797754043496 0.8569047374323624 0.0
18.068489126518838 37.09047677181718 0.0
114.19507474244024 119.02298957448481 0.0
191.4172308949664 74.61177727975577 0.0
155.68415695060798 159.77892279053498 0.0
32.447687184858665 2.8931775497771373 0.0
187.1387577140556 72.62019830600657 0.0
40.95046610606401 6.522110735125497 0.0
102.37028290806889 180.0123385723301 0.0
64.22007806361272 122.27432113187315 0.0
78.20078013539091 150.85359575409345 0.0
112.73209724091642 56.27708939390719 0.0
51.98410026277536 31.811433388486844 0.0
9.299850798054665 24.03948843066297 0.0
139.7140615794957 143.1305846573799 0.0
55.115114967938524 186.4514483528576 0.0
111.03437773480177 17.5809934321568 0.0
63.460228118811045 130.04875554885018 0.0
32.97283981906178 189.53409562389749 0.0
185.51176476247164 71.28642537473569 0.0
195.980065758996 125.72630203924291 0.0
132.53872262494713 52.25819684695623 0.0
43.860936332398516 130.08884823791186 0.0
84.93109004263191 139.24517431499717 0.0
43.444733860423646 52.09345035669024 0.0
170.87727779059847 135.67203735547002 0.0
50.34764129893916 81.38354685445309 0.0
96.14197198959434 177.49445804434495 0.0
153.93928081408663 21.031231196903267 0.0
111.2785065173212 191.73671725567033 0.0
17.632579249268264 197.5802687765928 0.0
13.74289254805836 167.8438794935108 0.0
169.87422995260457 188.10587563598745 0.0
99.75930029403564 116.70806931349627 0.0
146.72071760415966 22.842356899758485 0.0
104.41969553141604 73.6738565475213 0.0
38.642773718992565 56.499862856248505 0.0
198.38306190987126 139.52292414472507 0.0
52.208821153086674 92.21197766059082 0.0
45.672582758181534 147.38363666872644 0.0
161.55594092298415 189.12606130053175 0.0
169.4517766672597 93.70633376501962 0.0
195.0645698409903 87.96864296358918 0.0
21.29360971339014 177.89056442642453 0.0
179.41099566373754 148.48844803011156 0.0
4.339218253950339 157.84570893159548 0.0
46.179596720167496 108.49995378059884 0.0
61.87588636908694 147.7118784408524 0.0
95.47442498609588 46.320683725223134 0.0
110.24651167187638 159.16308606204404 0.0
106.4777364517549 56.71578810046356 0.0
168.63582365353568 19.16027327111587 0.0
86.66072109078759 135.0337291251862 0.0
118.16129722748198 184.71678794462275 0.0
159.35963541542569 5.0372073151733865 0.0
8.829543286416719 19.184492324017242 0.0
3.6882063872609727 123.0038354815083 0.0
125.30178801689506 94.7637640610068 0.0
181.26511662978754 43.99129924948384 0.0
21.044858524869746 42.38617390230943 0.0
10.993165324067666 145.73209333080172 0.0
35.32690977626076 182.8137599968719 0.0
186.13440434849915 171.44325725231 0.0
18.649915225444502 41.74422093968151 0.0
67.18354171630212 174.90681106614107 0.0
109.59380808003934 76.90669563861854 0.0
129.54955534099372 29.49689120512977 0.0
29.679878415072956 126.57795379390897 0.0
196.81339248932136 97.39998360961728 0.0
92.74399371396981 26.644397161258215 0.0
48.33731646176851 146.09484751395848 0.0
161.44283275228042 137.28026151117655 0.0
154.2594414948718 146.2291062734376 0.0
125.89932626888476 170.50800439124393 0.0
61.41464077818695 188.3498188767472 0.0
128.12616435257593 116.35203924521338 0.0
130.48091388803357 15.51554493849574 0.0
110.74911423265765 27.99223580216841 0.0
107.65815487644277 184.63790019336207 0.0
129.68470411794829 145.2691317145964 0.0
3.443918725187989 41.47073104880676 0.0
37.809592721229656 111.08782527653129 0.0
146.57878726389086 122.48547124777647 0.0
20.291838949646767 66.71307485221074 0.0
82.99162136617919 81.44150430943964 0.0
42.13699901146797 199.643344183938 0.0
197.58281025425865 179.28072825696248 0.0
154.63487247428978 61.69680635639043 0.0
150.94150165308105 173.04570022298856 0.0
199.77551148715142 75.13768863626007 0.0
43.60057528940078 92.84121362367559 0.0
150.33586103398926 101.11669541225714 0.0
47.19087835398079 105.42936346674435 0.0
128.22132133466738 157.3944111974491 0.0
74.86418365329787 28.86851218121842 0.0
54.77921104088288 141.26206676312867 0.0
102.61200031453816 84.67681984617414 0.0
104.18404448518648 138.76924992422445 0.0
198.6152965360401 152.3214558167964 0.0
54.6272381147878 182.81349936505703 0.0
169.5179309993309 125.4047598391044 0.0
61.92675953117741 160.3420265647456 0.0
190.52441134011488 159.73899433073916 0.0
116.30498453518065 162.8611388793614 0.0
50.48049557330758 50.5717259086399 0.0
85.46589848553701 124.64419079556725 0.0
113.60279179546278 79.54402524436803 0.0
195.73550883726293 99.47429678563482 0.0
176.28152465593868 31.534131267240184 0.0
57.91226866061774 189.45326428037532 0.0
80.38831172039484 97.3594551527249 0.0
105.60694259319983 158.35355003811594 0.0
33.77862962571643 50.38014117522489 0.0
181.2344191243826 137.18541523720148 0.0
84.18651771400904 13.367709339020717 0.0
178.45248201469263 161.09661255778863 0.0
94.4668106628195 116.57262045205164 0.0
129.72563150108576 164.41745753074972 0.0
75.14806183872287 188.74492499411537 0.0
113.8246794534298 104.6092476173974 0.0
44.517086213993466 119.9324142086448 0.0
50.45577092545068 86.06946176316576 0.0
106.96386769308768 88.20113267473941 0.0
47.84518902453194 111.1924164158191 0.0
167.07345549827613 51.9932235936474 0.0
73.98924860553761 198.77928877115926 0.0
29.95917050268946 175.65763303156194 0.0
133.41124649291712 78.83697213211367 0.0
177.5893723068055 177.75928842757818 0.0
48.650354155014305 98.00022257199697 0.0
56.36776333686295 170.0928242669836 0.0
169.34014940641052 151.2571230679017 0.0
62.98505214615224 189.89718471136553 0.0
61.61718679827985 193.35307128080638 0.0
173.56765713424917 118.58774546828808 0.0
66.73298632308658 177.19388327130753 0.0
125.40681631038895 27.39292653149896 0.0
160.1254689411296 116.76383406555242 0.0
31.059437471091368 193.60256594405624 0.0
190.83882002190632 178.51984600982442 0.0
81.36973085634477 90.70565203606307 0.0
136.0634548191336 67.91831905340435 0.0
176.9685063837899 171.51529912052212 0.0
66.70064954006048 96.676416528955 0.0
117.06482602364363 35.44918284167488 0.0
87.23921920653281 191.564880290314 0.0
169.85254731390748 199.4539636751937 0.0
186.86433357433938 136.97487671688512 0.0
50.6120631768922 176.63258008339722 0.0
118.60154634840619 131.19654988904455 0.0
141.59536721447452 107.45344215221174 0.0
109.43175091610789 80.29240470100025 0.0
2.0404078273052795 185.49113696937653 0.0
196.69569366809964 153.64382436455475 0.0
37.16847027706318 172.9683118908339 0.0
84.73947433452199 181.69443540754764 0.0
21.776177301250854 10.938869957517428 0.0
20.63524892255426 89.10933509837844 0.0
7.0414979469707095 94.7728731795429 0.0
98.94415758164368 125.51445679804625 0.0
178.42092773568703 7.67387242002 0.0
22.871380689499055 181.17568130241312 0.0
78.0228911760965 183.279653937515 0.0
72.79591640443859 156.42266804688362 0.0
56.600160726682056 102.9677761973748 0.0
63.040666586474 191.31762115108742 0.0
78.3119527942208 24.307575602811603 0.0
3.880961351841594 156.01456606149546 0.0
65.6640949394802 84.17049268266243 0.0
28.172818477158845 152.44995756684912 0.0
42.54360783374109 123.33113552495276 0.0
90.61469322641781 84.45088511945049 0.0
10.021689128988953 138.9615697348357 0.0
2.5395114167152677 16.042274094809006 0.0
172.60705309961915 87.24175626856479 0.0
126.26656516240342 56.67998433604304 0.0
21.88926469716259 30.379385235663282 0.0
120.4255417143022 87.33183201950794 0.0
80.01962511203307 150.6525960309994 0.0
101.29791770930545 172.77405856288377 0.0
7.234906785577233 138.65941077100038 0.0
65.10365646503853 193.1658810171899 0.0
85.63706430244247 103.77808233932593 0.0
2.294047689477696 71.91033448631654 0.0
5.699910073285608 51.912782642343224 0.0
27.294209894115617 177.00458273783994 0.0
2.481461377193561 128.91939021390402 0.0
45.771781283844895 29.52856345115842 0.0
115.2785570567234 37.67651650734467 0.0
186.39092479034102 165.61583388304012 0.0
77.46814568575877 102.58712845405447 0.0
35.143765920592514 67.19599811056514 0.0
82.53740408467216 177.36650003723526 0.0
27.734055932846303 101.99327013028936 0.0
17.81272551181572 170.2924924859386 0.0
179.1207707925042 194.71117783856405 0.0
109.1553942174892 195.6645745578537 0.0
59.212116069068 89.02860484950494 0.0
77.89956545623413 51.03810421479651 0.0
159.83320610741544 153.9777114961728 0.0
75.56601837720926 66.87097864302984 0.0
140.4735284029592 138.46967187920362 0.0
32.39293914238179 178.5398256338607 0.0
88.95314344688508 84.17932437311715 0.0
32.48277680250242 130.25335584854713 0.0
88.02931399747673 169.6953128970342 0.0
111.37211410061192 36.21078898383707 0.0
40.098084590456516 177.78744879314985 0.0
61.08918760706785 96.42357124322174 0.0
69.52822424390159 152.83845928065034 0.0
23.2716025919945 92.93885123911605 0.0
95.79767028352633 46.932555169525884 0.0
52.67458998509929 176.77365366426653 0.0
150.48541935145641 140.78854452324688 0.0
41.40784267873481 196.68878575006266 0.0
97.30470296606283 169.67053429107446 0.0
8.49701717460749 18.00203831801921 0.0
6.74604787548172 184.60463733288398 0.0
179.87353883099325 132.96040838673602 0.0
135.53159000357334 35.67531421437869 0.0
110.65435244956574 173.7614072816934 0.0
65.96493701611088 176.87039422701918 0.0
134.58097257114912 105.13394058257416 0.0
71.39356206605288 60.88902105238645 0.0
64.74504474177911 95.45935468129623 0.0
191.38362502606822 117.52221728102322 0.0
115.23543346906868 143.7337961925814 0.0
23.839864093396844 190.66091322856335 0.0
65.09962249541792 74.24312790777132 0.0
71.18603039614864 146.68177097639645 0.0
144.02012122255493 101.64209307443886 0.0
13.85419451685559 160.90630162936353 0.0
183.36425702314185 16.199711879646152 0.0
126.71397276572596 139.0241558906103 0.0
46.77368254758456 142.29311952044205 0.0
2.7056333883810346 36.816785061909506 0.0
31.217621417335927 182.80250920435876 0.0
2.8238029739453996 104.21297215044515 0.0
12.441726161929045 77.8800132353187 0.0
12.731291874076089 98.65297619675322 0.0
198.00232459759098 78.63581023085253 0.0
153.6654123332437 87.93352717738145 0.0
46.58345425479131 164.60487851748317 0.0
68.93196697696399 194.15098630784888 0.0
14.052111413653478 118.42837886130488 0.0
87.16483532748505 118.0554608800511 0.0
94.71476415686779 12.003633611450537 0.0
149.66203245517266 127.07397064948027 0.0
40.4961456378802 155.42736450585477 0.0
81.49173816809802 190.45596682638316 0.0
61.26901373776339 113.3767945174573 0.0
184.6948185083122 101.43991188518933 0.0
136.32155633560987 3.143801973201943 0.0
36.79299101922433 139.03495556614135 0.0
199.95668652599622 154.35748871612833 0.0
188.9447126882572 90.95692403693914 0.0
3.4755778585325636 132.5009052105955 0.0
175.4736356967739 84.45334012660315 0.0
1.3052886593185153 106.64790360412051 0.0
70.12727782047943 53.19733036548051 0.0
160.7884684198166 176.41651056339893 0.0
154.3064362215849 6.125713856156012 0.0
153.1606108425782 163.9554556480021 0.0
98.63857915900675 158.041781258878 0.0
147.49846746061706 123.85078159043404 0.0
1.6513344623956039 31.998685575179508 0.0
199.93070977258952 27.15990144357585 0.0
77.93502997219977 49.92459848493884 0.0
7.160079584737389 135.3505504768011 0.0
143.06595503545907 90.64609899562097 0.0
176.35378244037264 95.74269009894955 0.0
103.69494033184074 13.41167893972608 0.0
152.71689609723603 162.12144831351213 0.0
28.588545771501074 20.212396898285554 0.0
141.5712594580236 172.5097229942662 0.0
50.04309171377177 161.64215765894477 0.0
163.52021063131178 0.6591650129641469 0.0
124.974469604646 78.7353793809898 0.0
189.28726250836897 138.63886056953228 0.0
171.11952069246058 17.16506040637016 0.0
115.07469503355563 64.9709896394731 0.0
86.16761184226895 50.379633057877115 0.0
159.795807198963 106.08337646612674 0.0
56.27380006506 104.70229014736998 0.0
92.29239348201884 8.418967453547289 0.0
165.28784400237305 192.11179558642533 0.0
129.65687406683932 4.362604796114811 0.0
27.16606476233263 25.369048081587664 0.0
187.03621309033454 177.21588554388165 0.0
181.4159215884954 115.34902925999242 0.0
4.802685802207862 8.771053880637968 0.0
115.05601872794304 131.8831035782964 0.0
130.73427775081888 127.60532350797132 0.0
4.4569197358374835 147.11185165115364 0.0
192.8554013543601 67.03723372162045 0.0
6.561183534533455 174.29404796116123 0.0
162.84630111804725 88.75705407101637 0.0
171.36359452943637 165.21261508728898 0.0
180.4374979327479 31.463436275393676 0.0
196.165632368666 135.76379002372656 0.0
185.963260549213 103.40901073250637 0.0
97.00080820074317 152.0108917221514 0.0
91.25604709615058 153.57771132212977 0.0
33.76046568269966 127.92963832873964 0.0
108.32161283938274 28.28711180050487 0.0
192.9323687505224 161.26699489011372 0.0
150.742211077192 148.32930829212432 0.0
5.497273635800393 65.38109257205991 0.0
124.51334995923298 26.33412363035159 0.0
57.411429655018885 42.624892016708536 0.0
33.02711636129037 84.85884323409705 0.0
36.235831191340154 88.78168459391644 0.0
135.17306857815737 32.77890756209929 0.0
149.855795732958 118.25577702506168 0.0
116.03545301904434 10.874376349931559 0.0
51.8672993050894 156.16707625488294 0.0
156.42333816928326 127.07720804142879 0.0
13.08930914253159 56.193517278698856 0.0
120.47796426171867 67.66476209903512 0.0
89.79413485809151 71.95069366457065 0.0
19.85965025776433 192.75529214568826 0.0
156.63063625396163 34.89326535206776 0.0
58.52411660430421 102.78138130081744 0.0
95.8480170412942 73.1681064705253 0.0
113.85614867226894 97.18767697595474 0.0
164.31061595574917 143.54443725820957 0.0
67.9362030226669 37.4196366099792 0.0
195.92700327663934 142.4914480866057 0.0
166.97339802905674 73.34015529898414 0.0
39.49953037333525 12.669375737129208 0.0
157.44613819682186 95.53139976926342 0.0
80.63316724738993 67.54510195960725 0.0
124.24949312657594 35.50945275749522 0.0
51.22544514723675 119.5388719220916 0.0
139.15614011231844 51.69962363123892 0.0
191.19197235553068 116.05387971795071 0.0
17.15566664219308 11.090680839053913 0.0
194.46492511508708 62.93584461588366 0.0
73.74462118676533 104.80647275665848 0.0
44.93465255053055 46.3550220994434 0.0
177.9977499630526 120.40387272840438 0.0
27.887375362657284 151.79841456926266 0.0
4.25848170336629 34.52609468387733 0.0
88.62480765370422 22.805166545547163 0.0
199.54463709209685 186.61088395268615 0.0
102.33422557143612 102.2736268000308 0.0
4.273109346985149 147.67341100884857 0.0
117.91050449396991 55.61361682950856 0.0
90.66509901066355 107.75383616590702 0.0
43.31424786098002 87.71305983507294 0.0
16.20127017403017 171.440078682388 0.0
151.18312227167957 34.63312268077827 0.0
128.75408502764634 172.94640535362075 0.0
0.7962186030308294 36.14159726553876 0.0
5.532199282025418 100.54890678690889 0.0
96.12413362853856 76.6394168562246 0.0
159.72990171000265 154.74919985940474 0.0
29.580209935264158 119.73055132367485 0.0
6.782101842132526 55.35799989872474 0.0
197.22122822341223 155.63080851765145 0.0
146.38338059262063 59.76048928095115 0.0
13.528731882478606 30.80648688717753 0.0
86.93733848782013 57.945849223128 0.0
102.53479296821884 35.678983508577254 0.0
15.860355226871725 69.45344768098013 0.0
196.93900634274067 88.92689538643657 0.0
102.17154893631171 83.20862621706505 0.0
37.99624960102086 175.86239830663692 0.0
107.05874503037569 53.29130776135613 0.0
36.33756553408936 73.55404466879918 0.0
173.61790587962273 192.00093415928606 0.0
27.519298023185712 126.81338695212459 0.0
168.7213504304671 86.15155815317637 0.0
135.97851725407585 126.85819452835938 0.0
57.97786776075864 3.351282813603529 0.0
147.20545729925107 188.41030663427816 0.0
109.00577448306366 52.090462752039876 0.0
80.32663527507209 121.18148756412508 0.0
38.74753157480164 12.783486510840913 0.0
51.925034702751645 148.14596789569373 0.0
147.31261569256077 66.47919071345842 0.0
26.80656805379091 135.6937006047191 0.0
13.84295878080617 113.77531487009847 0.0
62.5548923549019 169.7035574172974 0.0
69.15319373249203 98.54275408123105 0.0
172.09941497503567 136.77117381304774 0.0
105.40566934154639 129.38555327155092 0.0
152.15415823066806 151.27133659716574 0.0
134.8381152152375 26.333055074788824 0.0
55.267934995915205 6.630113139905491 0.0
167.56954435670076 11.080809751983733 0.0
19.35919892505993 123.12738498038296 0.0
42.76785627390027 6.167226597286257 0.0
110.99157879601358 114.74554002658208 0.0
17.970420223368766 11.793244806792579 0.0
87.27908291056299 104.02558681660739 0.0
198.1066676145173 88.562590342188 0.0
136.19267039451137 76.58714512020157 0.0
68.77961925985241 190.24054437837577 0.0
116.17274588029571 85.91413427288397 0.0
187.62101605462786 62.69942649093998 0.0
183.33492784963175 194.20327072802755 0.0
83.04261180974694 53.539316984992034 0.0
168.18921356768362 66.51782157429696 0.0
11.463839894159488 161.44284212657053 0.0
43.67562068920201 123.18431900759954 0.0
32.10415758028582 195.14321291827196 0.0
112.45197889829379 99.31534846570347 0.0
72.68583958523516 108.95493980639124 0.0
133.7525581580518 160.53674952417342 0.0
79.90109888024195 35.13700755821618 0.0
108.7689290977558 180.44288193516795 0.0
175.2550765765133 42.92861961224339 0.0
48.38723126301334 197.9990361880213 0.0
169.90405963401548 19.91787967864369 0.0
158.24899858756802 42.05516462779564 0.0
31.366145012032053 93.47415800693003 0.0
93.4852773692702 35.33071293039254 0.0
140.48936141800866 88.29514020296783 0.0
59.10678981075461 171.6753488551279 0.0
28.82008634215667 50.68990724609299 0.0
161.9155828782397 198.10587068011094 0.0
144.52233439999623 61.03969741755995 0.0
155.93645255811305 27.06490870379019 0.0
59.256432226007675 2.9483108282392756 0.0
165.7492568157286 54.542221588564786 0.0
198.93331505608234 60.91443810665671 0.0
120.73603860504396 66.1447718956528 0.0
58.018481707975035 77.92849677578913 0.0
88.13967910183811 75.89714223889634 0.0
140.06756368024887 120.21686277013437 0.0
53.96360881865765 61.498989630524314 0.0
156.4331488738645 68.42672916646903 0.0
168.1249621296025 134.96179539587047 0.0
110.59037716980846 182.86512905613262 0.0
43.906316995730066 18.99218292118572 0.0
197.28664939193808 174.97590371200013 0.0
181.63399217093396 187.18469881886165 0.0
153.72858986863253 158.05884007973492 0.0
172.64373119992504 70.0319957349341 0.0
14.277169919415321 147.3053990958438 0.0
31.97733112232999 128.9558839078063 0.0
140.62979606599598 132.54577795328763 0.0
6.886651131526067 157.0078307043466 0.0
126.22590649887123 156.67250413962523 0.0
113.10425388739209 77.58299929351442 0.0
106.62046458116652 98.52582234201735 0.0
61.97265994635319 181.43707834992432 0.0
146.82758761289062 181.0966952570942 0.0
158.90714379408374 167.49052449392954 0.0
122.14423581821399 4.223375069933866 0.0
177.29966756699187 134.35016773139125 0.0
60.72186653129932 135.52794999257316 0.0
141.85449005133773 7.173402554131458 0.0
74.16165069732092 184.15943671236323 0.0
191.47868539312535 178.4455645336881 0.0
166.66670010944748 28.980444118441007 0.0
34.233743915611555 191.43629106434108 0.0
183.79256459416712 76.15467557160788 0.0
155.48709094421395 101.54611155966245 0.0
138.59508526082058 80.6628016973262 0.0
95.28532078536882 113.44973302314136 0.0
135.98246142099902 182.09470202730293 0.0
172.10364171282168 10.887830184914527 0.0
105.33628963396333 177.13618150856428 0.0
197.50891995746576 171.1544543907544 0.0
146.97396717455564 79.48877987948974 0.0
199.90645652869932 187.77252559273506 0.0
99.78293728617848 102.5314452405147 0.0
155.42349843725356 112.54507936877593 0.0
145.36476765364975 140.8532636718977 0.0
10.115260964826533 72.11541120214304 0.0
78.28510823572812 23.85667445701598 0.0
70.06208096718815 114.36444491923285 0.0
92.53323414192414 67.95098616287436 0.0
134.55909571401264 196.41897142732122 0.0
161.05275755070267 163.42623554597364 0.0
152.4826964721581 38.73985771342945 0.0
118.21293344637508 197.91784469832007 0.0
93.05077999691129 138.70438695993485 0.0
194.3476709708144 40.44271181242387 0.0
139.57666927992238 162.29249141472545 0.0
196.99735439936953 188.3078628081315 0.0
38.44935724225327 13.931695519030928 0.0
185.24623142784122 113.76289149325542 0.0
65.45554190382377 122.25112294444777 0.0
141.55602572463198 138.08794448807092 0.0
7.691783807715447 73.43998990826184 0.0
9.75423581272028 107.8791114844224 0.0
1.6978353944271163 74.1015918995938 0.0
138.3433350231855 51.613595998450656 0.0
17.075098413042888 31.938875498963192 0.0
45.05500506257829 154.14715896887574 0.0
29.736934478061738 105.30310279537414 0.0
101.58125209192923 2.6168311514327414 0.0
90.07033156372503 191.58246662708703 0.0
26.672070129065006 129.29201434476877 0.0
158.67134372205217 199.60268724602736 0.0
171.29725590002448 5.237572171235816 0.0
155.94940902812132 82.6571186905468 0.0
81.32760686582037 23.222692776461052 0.0
151.77855277078447 96.47904261450186 0.0
131.19866098519012 49.129721865915265 0.0
7.5062862945949105 190.4142126878783 0.0
136.2779754121305 18.187388791721524 0.0
75.01374944181211 40.247062754321746 0.0
172.16462322357057 5.673223665355831 0.0
156.15357850236262 187.57919941558535 0.0
155.90753860071962 11.30022744125494 0.0
30.774670880212263 63.35421627947091 0.0
77.13709077073526 162.323280793795 0.0
72.67592724296851 142.06814108892038 0.0
106.36202704988213 162.47083091430085 0.0
190.21380026795842 98.40007755479922 0.0
153.19190711178123 192.12810328558027 0.0
151.92134339411479 19.44306042148105 0.0
199.00270742428827 99.76796985375829 0.0
87.37918587547495 63.410274621261784 0.0
86.57136033030584 15.446293017717917 0.0
189.71180463566043 49.63727979407633 0.0
13.462602153158066 64.24856637911472 0.0
188.46511528411364 114.89605345025072 0.0
146.45939298480107 60.89523695803236 0.0
10.254342339173373 177.48205309766283 0.0
151.08602156048562 126.28323908447699 0.0
199.45391113590478 113.23077191516222 0.0
13.28073540979744 82.5616649960933 0.0
132.33384730701414 66.56567735115313 0.0
119.53262242333737 55.40973301590573 0.0
25.430088689903773 194.87448860178804 0.0
157.30523494483862 140.50569934236267 0.0
12.56887226570431 175.95642691203196 0.0
199.3272971262738 75.74538466221583 0.0
144.84812216997588 195.97799709857648 0.0
143.3385977150145 1.5896069970147364 0.0
54.01170082269342 79.32047800907252 0.0
93.13707911571247 188.98992771054063 0.0
12.035076574617642 121.89746343777195 0.0
87.28079311439203 67.66246753493999 0.0
18.373849032568067 45.966090419166775 0.0
8.55638223332631 197.04991626069338 0.0
151.20935044354158 107.1510009372008 0.0
140.33341361199373 188.13211821011458 0.0
130.15835421843602 153.34533173673552 0.0
75.18177602357268 6.315941609521003 0.0
55.29678476150621 160.34833862359602 0.0
126.63718191713471 163.95548878806602 0.0
10.980036566038653 50.54457976529325 0.0
46.757550519453986 45.62393271032852 0.0
52.82540584586022 38.624930898273945 0.0
110.12091749527725 0.07868661950023448 0.0
32.35497339738307 142.29499162208592 0.0
89.17336051845636 79.93181923658179 0.0
156.17996650119912 46.1116869777974 0.0
116.34312615900804 13.35802632020766 0.0
125.24052512340774 13.034325587105089 0.0
105.09513281730958 151.74273857648998 0.0
154.49768888817036 0.9715798535870679 0.0
85.1075768793608 152.99325877206908 0.0
134.6070142016739 160.55118656822268 0.0
96.01056069018537 32.30611486150743 0.0
64.4863003741355 65.53445784437906 0.0
179.63400719034797 140.50425788527184 0.0
57.322475074750834 158.7431333678141 0.0
112.4703854702549 14.627777944311205 0.0
102.4457196191253 184.0611799046919 0.0
28.065275138324175 86.28244218829883 0.0
151.63157492517115 19.01973501389138 0.0
193.30671650353247 130.32043701824895 0.0
190.77459294327326 122.66844097656782 0.0
123.09218706589648 89.74810176895001 0.0
156.51007106855994 169.88193834519203 0.0
144.60966235061602 122.3257527897357 0.0
62.24294137161597 155.94547262274506 0.0
55.47725212677879 180.144983628881 0.0
109.1759897574327 124.20892799056051 0.0
59.24352301513562 155.5391992159556 0.0
75.3121765169739 94.79390923260358 0.0
107.25859431142088 5.003307465034346 0.0
99.03877449809283 153.78378877800412 0.0
127.68376094022393 97.369046636199 0.0
103.78374122645317 0.022006529157381216 0.0
180.41532205364234 123.3024770235974 0.0
146.3677033920645 140.58913830271516 0.0
140.95604674541954 50.26065879930708 0.0
114.05757801798524 176.22457270389353 0.0
86.77554000450172 10.364791660196593 0.0
43.96078039112401 24.404091843504983 0.0
136.4585810540399 68.21737154056021 0.0
93.28175722836698 90.47971099087941 0.0
74.94831049421138 131.51131149325315 0.0
50.095356763998296 116.23369010403914 0.0
87.44898689331866 39.34920074477988 0.0
41.674427666083446 110.39377424007432 0.0
120.06078354099978 91.51122995804238 0.0
171.0417606794837 197.10212067588074 0.0
186.9769933888534 166.48065181932833 0.0
192.2994142397945 6.025676494866006 0.0
152.08174481320287 116.855905658265 0.0
21.42114799068584 171.7409784386723 0.0
127.04417990368513 127.84884404110466 0.0
71.5766447272775 10.22187719714982 0.0
48.51285851801435 177.88889689186004 0.0
100.68884467455304 96.70374529273475 0.0
23.771993892974308 49.92320262971235 0.0
63.80871674466238 81.893232198803 0.0
67.22881737027441 107.82315819844825 0.0
174.0244312643077 52.43784321789171 0.0
89.35936675889154 74.37802876844455 0.0
193.00482731388598 66.76499293020063 0.0
45.247660223448946 125.67674379525175 0.0
95.90982631790243 178.84542168228694 0.0
1.6110739214622916 151.24910356771454 0.0
85.28328817135137 100.13124178194195 0.0
139.2125633934941 20.15816383783371 0.0
64.676576046738 43.86418422117164 0.0
171.81819468242207 140.30564960362258 0.0
125.13394309303433 46.144891568472566 0.0
133.3662366176563 101.53274582308467 0.0
146.30366824253096 164.59945842279723 0.0
161.77184939026037 152.66886116058296 0.0
68.82166120519089 18.1746697501066 0.0
190.79932057598563 78.50117538300509 0.0
155.74706421552304 150.5388275524348 0.0
150.6914875271227 114.70829849849625 0.0
28.212227026256453 74.7601780292307 0.0
173.75389158563866 67.12149577102113 0.0
34.082217708087725 188.38048781852234 0.0
2.848971280974788 186.24731406002323 0.0
188.3018205805999 35.69638392220102 0.0
108.76343314284563 188.8058192655378 0.0
109.74084751261637 38.00665100207601 0.0
136.66973865451098 115.10884021111619 0.0
71.73136213612348 12.77873774072762 0.0
22.410482740630442 64.42301340118868 0.0
82.12318656413962 159.13321456789646 0.0
46.09223255968216 60.032767525124584 0.0
13.566993882526113 99.74019558833484 0.0
23.48318101682363 161.53855415772594 0.0
15.866960825521105 38.16694894324808 0.0
174.96689038013827 63.99613740538697 0.0
159.6278822051382 115.91139992022121 0.0
157.31201659707543 1.8228730920026637 0.0
84.05437885020805 34.80143451335482 0.0
95.27595942661497 9.967415309528693 0.0
151.64268886706677 148.13520141455925 0.0
8.0679892170612 85.65938905287511 0.0
48.63834808747267 117.88305315368788 0.0
189.95532398908261 141.1261086035124 0.0
112.51584856095982 85.46689738319687 0.0
74.803450215915 40.98351123134201 0.0
116.36917050292288 110.07823257571698 0.0
91.09966752521615 77.57896997668725 0.0
194.98499071231635 191.19130639480773 0.0
197.01686831705808 153.38384143865113 0.0
58.50299765420921 110.87320211250162 0.0
174.33214525819085 111.60399829181948 0.0
6.9507487938943235 6.688020065781264 0.0
155.5227753181096 84.49682809201957 0.0
132.57324266040993 17.437525276019162 0.0
60.11991307510465 13.453574658897871 0.0
76.76010578839656 131.676042588983 0.0
24.40812023453638 35.72614599429791 0.0
194.50627241838893 112.88265728179316 0.0
122.81666266705768 29.74788749216801 0.0
171.72469340257302 75.36906209812835 0.0
99.85633569256169 64.31802011455368 0.0
39.36254919240223 141.44676754074507 0.0
58.213459628358024 6.489953046750996 0.0
133.1551355553903 23.072634473357965 0.0
81.62028402122836 108.82373914369812 0.0
58.98452853896967 140.1370768039485 0.0
10.379167076218753 18.733482051847638 0.0
141.19280158934254 12.7545013340161 0.0
32.92540919087832 130.98067090944733 0.0
154.8325497485139 146.36097131195118 0.0
8.571633789241883 138.93480505956833 0.0
172.72013572347714 66.11929749224585 0.0
94.5843201624723 31.04294048812266 0.0
94.28995573032519 151.07713320353102 0.0
115.00094581733191 26.020141399060638 0.0
65.63088200360998 68.71892474769949 0.0
179.1040140758385 43.593090548162316 0.0
148.71870087409565 116.99793612450617 0.0
134.2259846363271 67.19945862764558 0.0
52.74139660027628 43.62978918244886 0.0
120.5670706395187 170.86593989714544 0.0
101.54670020585942 131.3743736036717 0.0
184.9655297052309 54.55814329364112 0.0
78.62434435815149 113.22821608929685 0.0
6.067988897396948 60.61589867243953 0.0
164.6681649605368 12.894743804509101 0.0
85.10515296967964 28.457773115951568 0.0
62.6459937992295 93.59522628153047 0.0
64.48596048187689 185.55899638040793 0.0
191.43818831973186 142.22835970985702 0.0
150.68119830382534 169.77721288521758 0.0
121.48837321082142 116.08198344696761 0.0
138.37532056425044 31.42086781324307 0.0
24.54279812477511 135.7455187790022 0.0
59.62301147788356 73.02528991893456 0.0
14.437566095656319 120.56713652747315 0.0
